-5.07758e-7
2.17652e-6
-2.28277e-6
-2.50837e-7
-2.43518e-6
1.82942e-6
-1.67191e-6
2.90796e-6
1.35761e-6
-1.20497e-6
6.68952e-7
3.83495e-7
1.96487e-7
-5.52331e-7
5.2535e-7
1.51726e-7
-3.19031e-7
-6.05405e-8
2.4203e-7
-9.16336e-8
-6.64077e-8
-3.58974e-7
1.43528e-7
2.09962e-7
-1.28411e-7
3.50789e-7
-2.60266e-7
1.78236e-7
-7.91881e-8
-3.75823e-7
2.0118e-7
-3.10731e-7
6.04079e-7
5.67359e-7
1.98575e-7
-5.17013e-7
-3.92172e-7
-1.6281e-7
1.2719e-7
-3.93876e-8
-8.35485e-9
4.35889e-8
7.89323e-8
-3.82605e-8
-9.85578e-9
-2.16331e-7
4.58503e-7
-7.66526e-7
1.10592e-6
-1.31063e-6
2.88369e-7
9.71054e-7
3.39176e-8
-5.51836e-7
-8.7064e-8
-3.70686e-9
1.9402e-8
9.16188e-8
-2.38082e-7
5.60633e-8
-1.55015e-7
3.53327e-7
3.99618e-8
-3.52567e-7
2.43927e-7
-2.99284e-8
-3.73358e-7
9.29082e-7
-1.43641e-6
1.59408e-6
-1.32756e-6
3.0434e-7
7.36435e-7
-1.2454e-7
-4.26141e-7
-2.27381e-8
2.1795e-7
-9.6925e-9
3.37899e-8
2.90097e-7
2.44301e-7
-4.80357e-7
4.5306e-7
-6.48536e-8
-5.88619e-7
1.18023e-6
-1.3791e-6
1.11229e-6
-6.50063e-7
2.97836e-7
-1.07617e-7
2.30388e-6
-2.31702e-6
5.62168e-7
-1.99556e-6
2.6735e-6
-2.15514e-7
-7.90239e-7
-8.76218e-8
7.44728e-7
-9.91531e-7
7.2697e-7
-8.38993e-8
-5.47582e-7
8.30435e-7
-7.42001e-7
4.95589e-7
-1.37047e-7
-2.37209e-7
7.27884e-8
2.11536e-7
2.71095e-8
-6.55603e-8
-2.08376e-10
-2.80771e-8
1.52746e-6
-1.568e-6
7.90284e-7
2.36992e-7
-1.03004e-6
1.44907e-6
-1.27927e-6
6.88158e-7
-6.37359e-8
-2.92711e-7
3.59445e-7
-2.6917e-7
1.49922e-7
-1.47355e-7
6.28989e-8
-6.97658e-10
-4.73521e-7
-2.16486e-7
-4.34862e-7
1.18145e-6
-1.55173e-6
1.41903e-6
-9.14661e-7
3.77852e-7
-3.12406e-8
-1.40857e-7
2.47571e-7
-2.81359e-7
5.02358e-8
2.00541e-8
-7.0612e-9
2.4946e-7
-3.69551e-8
-3.09986e-8
2.62932e-8
3.25232e-7
-8.63226e-7
1.26259e-6
-1.11194e-6
7.77956e-7
-4.0504e-7
1.81054e-7
-1.27582e-8
-3.91579e-8
1.98079e-7
-9.81186e-8
4.78286e-8
-4.78739e-8
-5.26855e-8
-1.83024e-7
4.62987e-7
-6.89021e-7
6.38792e-7
-5.06169e-7
2.93224e-7
-2.88473e-7
7.17465e-8
-2.23485e-8
2.53224e-8
-3.08681e-8
2.8556e-8
6.4471e-8
-6.13195e-8
-9.39076e-9
-2.5484e-7
3.82081e-7
-2.85752e-7
2.38287e-7
-1.59849e-7
3.24992e-7
-2.34048e-7
3.45322e-8
-1.1923e-8
-1.17884e-8
3.50703e-9
-6.92448e-9
-1.11965e-8
1.10316e-7
-1.92671e-7
1.34529e-7
-2.12174e-7
1.50712e-7
-2.25131e-8
-6.04141e-8
1.15829e-7
-2.66598e-10
-2.70967e-8
-2.96041e-8
8.7208e-9
9.53051e-8
-6.83198e-8
6.45637e-8
-6.3122e-8
5.81953e-8
4.87587e-9
-5.81696e-8
2.62303e-8
-3.00132e-10
1.28919e-9
5.15866e-8
-3.72123e-7
3.23333e-7
8.18227e-8
8.9289e-7
-7.60443e-7
1.1767e-6
-8.0867e-7
-2.29632e-6
1.03495e-6
-3.53146e-8
-6.32605e-7
2.66388e-7
5.4206e-7
-9.98693e-7
1.33859e-6
-2.37998e-6
2.72234e-6
-2.7047e-6
3.97109e-6
-3.40841e-6
2.57448e-6
-3.48385e-6
3.01923e-6
1.73147e-6
-1.71071e-6
-1.41686e-6
-1.56077e-6
7.74257e-7
-8.56732e-9
3.12682e-8
-5.62245e-9
-7.14347e-9
-6.4543e-8
-3.75106e-9
-1.36014e-8
2.00908e-8
9.2841e-8
1.18325e-6
-7.84356e-7
8.89107e-7
-5.54338e-7
-2.45556e-7
4.26085e-7
1.01148e-7
1.27819e-7
-6.28811e-9
-3.18349e-9
-7.5636e-10
3.38193e-9
8.6544e-9
1.50668e-9
-1.63111e-9
-2.08555e-7
-3.68743e-9
1.01526e-7
-2.43627e-8
9.32321e-10
1.42046e-8
5.09213e-9
-3.06821e-8
8.82009e-9
6.77466e-9
6.11875e-8
-6.16325e-10
-9.31094e-8
-4.9373e-8
1.30224e-8
2.57593e-8
-8.51472e-9
-1.32274e-8
-1.99376e-9
2.77263e-9
-7.11784e-8
1.36511e-7
-1.58564e-8
6.77844e-9
-1.60903e-7
2.94237e-7
-5.64794e-8
3.33779e-7
-6.7438e-7
3.25555e-9
-4.68642e-8
2.55417e-9
-2.31865e-9
-3.17229e-9
-2.62914e-10
4.69679e-10
4.41588e-10
4.18056e-10
-6.02645e-7
2.00233e-6
-2.74666e-6
1.05501e-8
-3.13656e-9
1.49744e-10
-4.68624e-7
-4.26247e-7
1.79304e-6
-1.55247e-9
8.6827e-10
7.51959e-10
1.58839e-6
-6.27448e-7
-7.77e-7
7.3704e-10
-6.02438e-10
-2.64474e-10
-2.55882e-6
1.56974e-6
-3.72535e-8
2.46897e-9
-4.29818e-10
2.70953e-10
2.25607e-6
-1.56358e-6
1.02325e-6
-1.86137e-7
-1.24628e-8
1.77065e-9
-1.21107e-9
1.62523e-10
-1.15555e-6
-7.53536e-7
1.97111e-7
-8.67324e-9
3.95721e-9
1.83724e-9
1.51149e-9
1.06004e-6
-6.11703e-7
-6.28105e-7
5.12166e-7
-2.76395e-7
4.92965e-8
-3.73672e-9
4.28099e-9
-2.58943e-9
1.76079e-9
-3.44578e-9
1.94053e-7
1.39746e-7
-6.76938e-8
1.65955e-8
1.56588e-9
1.1898e-9
1.83914e-10
-4.62326e-10
5.553e-10
-1.05671e-7
7.57951e-8
1.24601e-8
3.32365e-8
-1.65463e-8
1.31229e-8
-2.44161e-8
1.58729e-8
7.55695e-9
-3.39188e-9
5.96964e-10
-7.87738e-10
-9.4262e-11
8.65134e-11
-5.444e-9
5.922e-9
-6.89583e-9
7.99026e-9
-2.09155e-9
2.71653e-9
-9.85939e-9
1.4871e-9
-7.87774e-10
-1.95311e-9
-2.73297e-9
-2.26799e-9
-4.11708e-9
2.3683e-9
1.2615e-10
-5.03764e-10
1.34559e-9
5.83087e-10
-4.38115e-9
1.55963e-9
-2.64241e-10
2.94431e-9
-7.97118e-10
5.30191e-10
4.45629e-10
1.66096e-9
3.809e-9
-1.77155e-9
-1.86628e-9
-4.60015e-10
-2.764e-10
-2.21154e-10
-7.1684e-10
2.48873e-10
-2.51012e-10
-2.69906e-10
1.31764e-7
2.50383e-6
-4.9889e-6
-2.3483e-6
3.03368e-6
-4.6145e-6
1.00004e-5
8.67766e-7
-1.17995e-6
1.39419e-6
1.15459e-6
-9.87483e-7
5.47167e-7
-3.04865e-6
2.76706e-6
-1.74994e-6
3.77485e-6
-3.37426e-6
1.91548e-6
-2.70028e-6
2.61065e-6
-1.06582e-6
-1.18614e-6
-3.80023e-8
7.54471e-7
5.26642e-7
-3.03666e-8
-4.86773e-8
1.50246e-7
-7.20674e-9
5.15741e-8
2.23002e-7
-3.5716e-7
4.6957e-7
-2.83346e-7
-7.411e-7
-1.05938e-7
7.04731e-7
1.67704e-7
-4.88393e-7
-1.84178e-9
-1.44209e-9
6.6864e-9
-1.80208e-8
-1.27075e-7
2.81035e-7
7.42504e-8
-1.35646e-7
4.10159e-12
-2.39822e-10
2.22139e-10
-5.03928e-10
-3.414e-8
5.63382e-8
1.39618e-8
-2.06506e-8
6.57243e-11
-2.37788e-9
5.138e-10
-1.28901e-9
-1.28599e-10
-4.83779e-9
6.665e-9
1.45537e-9
-1.87617e-9
-2.49795e-9
-6.73359e-9
2.73397e-9
-9.67183e-9
3.49423e-8
-2.30081e-10
-7.64512e-10
-1.57556e-10
4.74403e-10
4.085e-11
6.9977e-11
-2.44618e-10
9.84577e-8
-3.84537e-11
4.46806e-7
-1.60106e-7
-4.17868e-8
5.00793e-8
-4.26246e-8
-2.54498e-8
-8.13865e-8
-2.06337e-10
6.04943e-11
-5.58062e-11
-1.40636e-12
2.1256e-11
-1.18922e-11
-1.09945e-11
-8.85994e-7
6.62861e-7
-2.03381e-7
-1.29054e-10
5.25344e-11
-1.06303e-11
2.1812e-6
-1.78982e-6
1.18907e-6
-1.45812e-10
2.04613e-11
-1.49556e-11
-3.40425e-6
2.88702e-6
-2.14948e-6
5.77844e-11
-3.80604e-12
-1.68053e-12
3.81851e-6
-3.25128e-6
2.44405e-6
-1.03864e-10
2.32466e-11
-2.89644e-12
-3.19534e-6
2.32854e-6
-2.37035e-6
-1.27895e-11
3.1711e-12
-3.40897e-12
2.02429e-6
1.40458e-6
-9.86611e-11
-4.47028e-12
-1.01912e-11
-1.76713e-6
1.58032e-6
1.24063e-6
-7.39074e-7
5.97366e-7
-9.20758e-10
3.145e-10
-1.30648e-10
5.87616e-11
-4.43301e-7
-1.99388e-7
-3.34712e-10
6.14112e-11
-3.24386e-11
2.07116e-7
-1.65232e-7
-7.45951e-8
-1.8346e-8
1.3077e-11
-1.38817e-12
3.25878e-11
4.68187e-11
2.20324e-8
-1.42181e-8
-6.40038e-9
-8.5773e-10
-8.5262e-12
-3.61119e-11
-1.44982e-11
3.00521e-12
1.52558e-9
-6.13022e-11
-5.57389e-10
-9.19534e-10
8.58518e-10
1.02783e-9
1.29741e-11
3.03537e-10
1.41195e-11
-2.8243e-11
6.37987e-11
1.67134e-10
3.58443e-10
-3.14089e-10
1.82393e-10
3.70509e-11
1.52275e-10
1.43344e-10
-5.59087e-11
1.01216e-10
4.75755e-11
7.44409e-12
1.56536e-10
-4.38168e-10
-5.41348e-11
3.43638e-11
-5.80589e-11
1.39846e-12
1.56445e-10
-8.14382e-11
-1.85667e-11
-6.20061e-11
-2.15222e-11
4.27122e-12
-2.92025e-11
-1.74714e-11
-1.00603e-10
2.06652e-11
2.10452e-10
3.39085e-11
1.36825e-11
1.21255e-11
1.89084e-11
2.08226e-12
3.81929e-12
8.89685e-12
-9.01819e-7
-3.51365e-7
4.45888e-6
-1.47832e-5
1.51074e-5
-1.11549e-5
3.08211e-6
-9.25424e-7
-7.02056e-7
-1.26807e-7
-1.03224e-7
-3.65746e-7
3.34686e-7
8.57111e-7
-1.61335e-8
-1.59095e-6
-8.58737e-7
1.95317e-6
1.55632e-6
-2.39572e-6
-1.62441e-6
1.83228e-6
1.60632e-6
-1.63784e-6
4.5645e-8
9.21394e-8
-2.32901e-7
3.5759e-7
-1.07343e-7
3.13609e-7
-1.28677e-6
1.52212e-6
7.79877e-7
-8.67468e-7
-3.89498e-7
3.32362e-7
4.48519e-10
3.51067e-9
-5.41624e-9
1.21131e-9
1.71556e-7
-1.38566e-7
-6.62384e-8
5.35516e-8
-8.64464e-12
9.45509e-11
-2.52341e-11
6.9999e-11
2.25073e-8
-1.87701e-8
-6.77184e-9
6.33708e-9
-4.44926e-10
2.23586e-11
1.20072e-10
6.92595e-12
1.81128e-9
-2.07098e-9
-4.42876e-10
7.52509e-10
-2.42268e-10
-3.79573e-9
1.71782e-9
-1.72161e-8
1.82397e-8
1.08708e-9
7.95022e-11
-1.03558e-10
9.85843e-11
-6.73774e-11
-1.09521e-11
-5.01648e-11
-6.38488e-7
8.41969e-8
1.20217e-7
2.09203e-6
-1.17372e-6
-3.28889e-8
1.14938e-11
5.15683e-11
2.00914e-12
2.21222e-12
-2.08669e-11
-1.19396e-7
1.64011e-7
3.64919e-12
-4.55384e-13
-5.91427e-7
8.30497e-7
4.44132e-12
-1.377e-12
1.90845e-6
-2.24467e-6
3.23701e-12
-1.09022e-12
-3.55922e-6
3.60404e-6
1.5567e-13
-9.28217e-13
4.04988e-6
-3.9878e-6
9.20326e-13
1.78525e-12
-3.23726e-6
3.35511e-6
3.12156e-13
-1.68427e-13
2.1758e-6
-2.26579e-6
8.99241e-12
-1.93249e-12
-1.33547e-6
-1.00124e-6
2.40859e-11
-1.93948e-11
-1.8657e-12
7.28368e-7
-5.14217e-7
-3.12611e-7
4.25825e-7
6.66844e-13
2.23555e-12
6.33411e-12
1.10133e-7
5.50472e-8
-1.24631e-11
1.32241e-12
-1.18794e-11
-3.05577e-8
1.24346e-8
5.64079e-9
2.69938e-9
3.74251e-12
-3.23244e-12
1.00216e-11
1.18945e-12
-1.27369e-10
-8.08319e-10
-4.28024e-10
-2.05525e-10
-9.26794e-13
-3.20194e-12
-4.86964e-13
-1.4347e-13
1.89052e-10
-7.40334e-11
-4.08106e-11
-6.39584e-11
6.86155e-12
1.08254e-11
9.74154e-13
-6.4787e-13
-1.30607e-11
1.17934e-11
1.32422e-11
2.57192e-11
-4.51605e-11
3.60549e-11
-4.49751e-11
-4.12255e-12
-2.93251e-12
-1.37188e-12
-1.4759e-12
-7.28983e-12
-3.98548e-12
4.35097e-12
-1.37299e-11
-3.26629e-12
-6.29182e-12
-4.90858e-12
-5.79017e-13
-2.34963e-12
-2.85022e-12
-1.69871e-11
-1.65782e-12
-2.68635e-12
8.47262e-12
-3.00208e-12
2.51997e-12
3.46478e-12
2.02572e-12
3.00877e-12
2.17996e-12
-3.70996e-13
1.1304e-12
6.6163e-12
1.65319e-6
-1.09114e-6
1.33546e-6
6.15055e-7
-7.26828e-7
1.47013e-6
-2.50026e-6
9.40202e-7
-9.90689e-7
7.66624e-7
-2.60224e-6
2.37694e-6
-2.58503e-6
1.66553e-6
-1.65568e-6
1.26702e-6
1.27246e-6
-6.22682e-7
3.64283e-7
1.98563e-6
-1.51798e-6
4.58826e-7
1.0141e-6
-2.72775e-6
1.00886e-5
-5.09373e-6
2.55882e-6
-7.45421e-6
8.06634e-7
1.09575e-6
1.58121e-6
-4.92502e-7
-9.1963e-7
6.95204e-7
1.344e-7
-4.63283e-8
4.23881e-8
-7.98509e-7
-9.66916e-9
-6.71046e-8
1.25623e-7
-3.03231e-7
2.25248e-7
-1.00812e-7
2.84828e-7
2.66623e-8
-1.98035e-8
-1.66399e-7
-1.11534e-7
1.62823e-7
6.33288e-8
-1.05373e-9
1.95156e-10
3.60914e-9
-1.32894e-8
-4.286e-8
9.11538e-8
2.11258e-8
-3.99134e-8
1.42043e-11
-2.41366e-11
7.42702e-11
4.39163e-10
-1.02879e-8
2.31697e-8
3.66259e-9
-7.89453e-9
3.69612e-11
-1.20938e-10
-2.19792e-11
-8.23519e-11
-9.87616e-10
5.77728e-9
-7.64218e-10
-2.75791e-9
1.31483e-8
-7.32195e-9
-1.69274e-9
-1.34709e-8
1.842e-8
-3.60531e-10
-1.16301e-10
1.56265e-9
4.48508e-9
-4.46594e-9
2.10944e-10
-4.98061e-10
-1.46538e-10
6.73837e-8
-1.22653e-7
1.00247e-7
-1.60573e-6
1.67658e-6
-3.14096e-8
-1.67243e-12
8.56138e-11
6.05874e-10
-1.23683e-10
8.14367e-12
-1.29801e-11
1.91502e-6
-2.49957e-6
-1.98966e-12
-9.78569e-13
-1.66107e-7
1.75964e-14
1.59716e-6
-1.69289e-6
1.80324e-6
-1.68741e-6
1.05576e-6
-3.27201e-6
5.74284e-8
-2.69648e-13
2.44412e-12
-2.52999e-13
-5.52771e-12
6.82021e-12
4.88997e-12
2.14821e-12
-5.50682e-12
-7.8325e-7
1.22984e-6
-1.30823e-6
-6.05406e-13
2.30447e-12
-7.59703e-12
4.89488e-6
-4.34997e-6
2.58637e-6
1.07846e-12
1.16992e-12
-6.85821e-12
-1.16915e-5
6.46233e-6
-5.09704e-6
-6.05752e-12
1.13245e-11
-1.46743e-11
4.24721e-6
3.04273e-6
-3.36077e-13
-3.9937e-12
-2.53504e-6
3.14775e-7
1.31554e-6
-1.87486e-6
-5.57975e-13
-3.48555e-13
3.01007e-12
-3.36886e-12
1.69648e-11
-8.65839e-7
1.07994e-6
5.20763e-12
-2.44194e-12
3.66065e-7
1.97422e-7
-2.59957e-11
-8.43749e-12
-9.2545e-8
-4.29719e-8
9.61959e-9
-5.99135e-8
3.36123e-11
-3.73037e-11
4.27262e-11
-4.02376e-11
-7.04232e-12
2.07365e-9
-4.70828e-10
-1.87521e-11
-1.47e-11
-2.63424e-9
4.8895e-10
1.0528e-9
3.76055e-10
-3.81313e-12
7.99644e-12
5.9717e-11
-4.68774e-11
-7.72529e-11
-1.95881e-11
-2.45674e-10
-2.62327e-10
1.36692e-11
-8.13097e-12
-1.27444e-12
1.2123e-12
1.5499e-11
-1.76029e-12
1.32223e-11
-4.90266e-11
-3.93033e-12
-1.23729e-12
1.1757e-12
8.81832e-13
1.51344e-12
2.18385e-12
-7.29631e-13
-3.2662e-12
3.51844e-13
1.46733e-12
3.37249e-12
8.94969e-13
-1.76859e-12
6.27949e-14
-1.74819e-12
-4.21939e-13
-3.49932e-13
2.59274e-13
-3.40653e-13
1.05535e-12
-1.57681e-12
-1.33633e-12
-1.78058e-12
-3.20896e-12
-2.26117e-12
1.90881e-12
1.38846e-12
-3.05292e-12
-2.30057e-12
1.60703e-12
2.97775e-13
1.18908e-12
4.40212e-13
2.66425e-12
2.24711e-13
5.43767e-14
5.2945e-14
-2.6893e-13
1.63765e-12
4.82994e-12
7.18981e-12
1.29455e-12
-1.10333e-11
3.4961e-12
3.90046e-12
2.79085e-12
-7.14793e-12
-2.959e-12
-1.87476e-12
-6.62418e-12
-1.48299e-11
-1.72175e-11
1.00058e-11
3.1374e-11
-6.88219e-12
6.89888e-7
3.59252e-6
-2.12118e-6
2.16671e-6
-4.61462e-6
-4.03349e-7
6.23977e-7
1.85997e-6
-1.81013e-6
-8.27674e-7
1.18096e-6
-4.26558e-6
2.80632e-7
6.72974e-6
-8.00948e-7
-1.04032e-6
1.61493e-6
-8.91701e-8
1.21391e-7
4.53946e-7
-2.16277e-6
-2.83048e-6
6.02221e-6
1.44903e-6
-2.44815e-6
-4.87514e-7
-2.95641e-7
4.28544e-7
4.27238e-8
-4.60942e-8
1.52468e-7
2.78353e-7
5.01164e-9
-2.05949e-8
2.13082e-7
-6.5398e-8
-5.4194e-8
6.69889e-8
-1.32339e-9
1.6473e-9
2.6206e-9
-8.36799e-9
-3.34105e-9
6.66476e-10
-1.30123e-7
3.06278e-8
1.46042e-8
1.1454e-7
1.03169e-7
-2.72388e-7
-5.91107e-8
-2.1704e-10
-2.45847e-11
1.31607e-12
7.24805e-10
1.90098e-9
5.58477e-8
1.67072e-8
-1.39107e-7
-1.92894e-8
-2.45389e-9
3.53044e-10
4.73398e-10
3.3743e-9
5.20376e-10
-1.00112e-9
2.15024e-8
-4.04265e-9
-4.45829e-8
-7.56057e-9
3.10096e-8
-4.31817e-9
-1.70608e-8
7.40487e-8
6.69814e-9
-4.98083e-10
3.83445e-9
1.08677e-8
-8.99691e-9
-1.08936e-9
8.25716e-7
-4.85301e-7
3.05493e-7
-3.59014e-6
2.34622e-6
-3.05633e-7
-4.4667e-11
1.21427e-10
3.09128e-10
1.17019e-10
1.82154e-12
6.30401e-11
4.32898e-6
-2.87087e-11
3.89575e-6
-4.23069e-6
4.65877e-6
-7.80925e-6
4.21753e-6
-8.23221e-6
1.60044e-11
-2.78654e-11
-9.32334e-13
1.40684e-11
1.88189e-11
-4.693e-11
3.42809e-6
-5.00316e-7
2.3412e-11
-6.28479e-11
2.15618e-6
-5.65666e-6
1.76761e-11
-6.71366e-11
-7.48689e-6
1.15121e-5
1.61922e-11
-5.34745e-11
-4.04647e-7
-1.27108e-7
6.85527e-8
1.76294e-7
-4.25923e-7
1.27253e-12
-6.04731e-12
4.16064e-12
-1.63146e-11
-1.00947e-10
-1.61657e-7
4.58426e-7
6.68781e-12
-8.79925e-12
-7.94961e-8
3.35545e-8
-5.53542e-9
-1.12664e-8
2.75477e-8
4.69769e-11
-2.88893e-11
3.30068e-11
-1.01898e-11
2.5198e-11
-4.14208e-9
1.0568e-9
-1.73885e-10
-4.74156e-10
2.29859e-10
8.13743e-11
-7.89538e-11
9.13972e-11
-6.53811e-11
-8.80966e-12
1.91828e-10
1.3685e-10
-5.43087e-12
-1.62698e-11
-2.5122e-12
-6.36159e-11
-2.37423e-11
1.31337e-11
-3.70396e-12
-5.30107e-12
1.79897e-11
-1.27264e-11
-9.56812e-12
1.53481e-11
2.94142e-12
-7.5237e-12
2.07784e-12
-2.27266e-11
4.03847e-11
-2.98827e-11
-3.15247e-11
2.73367e-12
1.34219e-12
-8.31538e-13
3.1374e-13
-7.25057e-14
-4.16417e-12
-1.4781e-12
2.22876e-13
3.20742e-11
-1.01632e-10
1.27814e-13
4.16107e-14
2.11116e-13
-8.37636e-13
-6.4634e-13
1.27653e-12
-1.46949e-11
1.64694e-11
1.08605e-11
1.52908e-11
4.4109e-12
6.33571e-12
1.9027e-12
1.93777e-12
7.27919e-13
-4.70555e-12
1.82595e-11
2.07594e-11
5.09102e-11
2.47925e-11
-1.32823e-10
-2.29586e-12
1.61893e-11
4.02384e-11
-8.03985e-11
-6.02246e-11
-4.03366e-11
-4.58947e-11
-6.41826e-11
-1.70432e-10
8.25721e-11
4.92267e-10
5.74703e-11
2.87785e-6
2.39344e-6
-1.09386e-6
-9.27403e-7
-1.1721e-6
-1.28285e-6
1.4596e-6
2.63872e-6
-1.44938e-6
-1.83653e-6
-3.25164e-7
-1.3459e-5
-2.05716e-7
1.82367e-6
-2.26525e-6
3.18678e-6
-3.00539e-6
2.33621e-6
-3.43842e-6
-7.38803e-6
1.29046e-5
2.07487e-6
-2.66984e-6
-3.40336e-7
-1.4716e-7
8.15576e-8
4.14431e-8
-3.06603e-7
2.56675e-7
-8.17533e-7
3.50751e-7
-9.48743e-8
5.56776e-8
1.29915e-8
7.08273e-9
-5.19714e-9
-4.86942e-9
3.00525e-8
-3.5751e-8
6.99945e-8
-3.54947e-8
-1.07111e-7
-1.62976e-8
7.96676e-8
1.18036e-7
-2.70128e-7
5.45615e-10
9.27585e-10
-4.61625e-9
2.4378e-7
2.05329e-7
-5.61908e-7
4.50691e-9
-8.05726e-9
5.42774e-9
1.19302e-7
2.53899e-8
-2.70904e-7
2.17204e-8
-8.24272e-11
-2.37586e-8
-4.19336e-9
2.04898e-8
-7.44479e-9
4.45722e-8
-4.92707e-9
-7.24146e-8
-1.3938e-8
-2.04915e-7
2.95561e-8
1.4895e-7
3.47498e-7
-1.48592e-7
4.00623e-10
8.69025e-10
2.73286e-8
2.87875e-9
-4.41953e-10
2.47175e-6
-1.46984e-6
-5.28773e-7
-6.38437e-6
5.39452e-6
6.07725e-7
-5.28307e-10
1.54868e-9
-9.60246e-10
-2.98862e-9
9.0392e-11
5.09998e-11
7.55968e-6
-9.38968e-11
7.66013e-6
-8.34593e-6
4.09887e-6
-6.88872e-6
-1.27542e-5
7.46451e-6
9.90894e-6
-6.72957e-6
1.18821e-10
-4.63663e-11
1.73548e-10
-6.04494e-10
7.41538e-6
-5.53811e-6
-6.09731e-6
1.85536e-10
-3.7026e-10
-2.35612e-6
2.15968e-6
3.63759e-7
1.74671e-10
-7.24654e-10
-1.04393e-6
-1.56618e-7
4.30018e-6
1.72217e-10
-5.5019e-10
2.64345e-7
-8.30418e-8
1.51831e-8
3.45902e-8
-5.99477e-8
3.03819e-11
-8.34908e-11
2.05835e-10
-2.15276e-8
6.0491e-8
4.0839e-12
-5.71325e-11
1.38105e-8
-4.65214e-10
-2.34068e-9
6.64595e-10
-2.40133e-9
1.49464e-11
7.80088e-12
-2.44097e-11
4.23244e-11
-1.24529e-10
2.00018e-9
-4.12575e-10
-1.59342e-10
1.14914e-10
-7.22337e-11
6.91715e-11
-3.49531e-11
4.38032e-11
-7.06071e-12
3.1945e-11
2.17335e-11
1.09603e-11
2.29166e-12
1.41831e-11
6.26732e-11
-4.96043e-11
9.45773e-12
-2.54007e-12
-1.4499e-12
-3.2283e-12
1.64374e-10
-8.30139e-11
-1.33997e-10
6.4458e-14
8.40028e-13
-9.89734e-13
-3.50419e-14
-2.47258e-11
1.47231e-11
1.11672e-10
-4.01673e-10
4.94654e-13
-1.20677e-13
-4.58758e-14
-8.4299e-13
-3.31138e-13
-3.98407e-11
3.98533e-12
-4.20059e-11
6.72559e-11
-1.37097e-10
3.316e-12
-1.41349e-13
1.29133e-13
-9.75559e-12
-3.41461e-12
5.17496e-12
-1.18668e-10
2.5584e-11
2.42357e-10
1.58154e-10
4.23851e-11
4.22227e-11
8.62818e-12
4.74215e-11
-4.599e-11
4.14688e-11
1.31713e-10
-1.5293e-10
1.47876e-10
2.24746e-10
5.37532e-10
-6.68517e-10
-8.6357e-10
5.20246e-10
-1.07105e-10
2.42704e-10
-9.6149e-10
-5.05577e-10
-3.16676e-10
-1.076e-9
5.72411e-10
1.82818e-6
1.51225e-6
-1.12064e-6
-1.61828e-6
-1.30254e-6
9.05484e-7
1.42683e-6
1.78746e-6
-2.04583e-6
2.20469e-6
-6.86479e-7
-1.31139e-6
5.78599e-6
2.69981e-5
-2.71237e-5
-1.71132e-5
7.2155e-6
1.69894e-6
1.19859e-7
-3.94788e-8
-9.98952e-8
-5.27488e-7
4.96655e-7
-1.16311e-6
9.16527e-7
-8.69727e-9
-3.87686e-9
-1.05264e-9
1.89824e-9
1.10503e-9
8.37311e-9
6.49679e-8
-4.55961e-8
1.89613e-7
-7.55795e-8
-1.52367e-8
4.53131e-9
-4.52219e-8
7.31578e-9
-2.65453e-8
5.30274e-10
2.43464e-9
-1.82737e-8
1.92067e-7
2.79968e-7
-6.07321e-7
-4.20839e-9
-6.42748e-9
1.94557e-9
5.21528e-7
4.12831e-7
-1.22109e-6
-1.10754e-8
-2.14054e-8
2.19224e-8
2.04657e-7
3.61617e-8
-4.65689e-7
-2.66448e-8
4.30571e-8
-5.20822e-8
1.71443e-7
5.95871e-8
-2.81459e-8
1.20894e-7
2.0477e-8
-2.06543e-7
-5.57044e-8
1.0825e-7
-2.17406e-7
3.89966e-7
-7.78381e-7
-4.70961e-7
2.18134e-9
-9.38862e-9
-3.25011e-9
2.09971e-8
7.09028e-9
-2.7733e-6
2.94728e-8
-1.90293e-6
4.81061e-6
-1.93521e-7
3.48619e-6
2.62817e-6
-1.51223e-9
7.62503e-9
-6.16747e-10
2.76006e-9
-2.86149e-9
3.98265e-6
7.91042e-10
-8.58468e-10
-1.74226e-9
1.5848e-9
1.24285e-9
1.13449e-9
2.34673e-9
7.74248e-8
-1.75171e-10
1.36116e-9
-4.16304e-8
2.08192e-8
2.27999e-10
-1.37437e-9
4.38538e-9
-5.47248e-9
4.07226e-10
2.79526e-9
-3.68013e-10
5.21454e-10
-1.98377e-9
3.36947e-10
-4.6841e-10
5.25158e-11
4.75196e-10
-2.56659e-11
-1.62753e-11
-1.71855e-11
-2.56054e-10
1.0761e-10
1.04299e-11
-2.32719e-11
1.2252e-10
-1.03904e-11
6.08251e-11
-2.6207e-11
-1.83209e-11
-1.01856e-10
-4.73956e-11
9.30489e-12
4.82895e-12
-5.38271e-12
1.87108e-10
-8.96906e-11
-1.94803e-10
1.76746e-12
1.53379e-12
-2.0258e-13
5.54288e-10
-1.7322e-10
-4.43572e-10
3.97075e-14
6.61938e-13
-4.61464e-13
1.27758e-10
3.68539e-10
-1.37856e-9
-6.99528e-13
1.12259e-12
5.01885e-13
8.81281e-13
1.6126e-10
-2.09141e-10
3.59164e-10
-6.26469e-10
1.42037e-13
-2.97829e-12
-5.15388e-12
-8.05827e-12
4.90227e-12
-3.2563e-10
-3.79617e-11
-2.68456e-10
-3.01579e-10
2.75686e-10
-7.28988e-13
5.17374e-11
-5.92125e-11
1.2078e-11
1.32247e-10
-1.80604e-10
2.56579e-10
1.55244e-9
-2.19944e-9
2.82538e-9
2.97231e-9
1.46303e-9
4.51662e-10
4.41033e-10
-8.52381e-10
6.1826e-10
-3.7948e-10
-3.04301e-10
1.21044e-9
1.02858e-9
1.00951e-9
2.86216e-9
-5.52061e-9
4.38012e-9
-1.00826e-8
3.49588e-6
-3.04788e-6
-4.09779e-6
4.55833e-6
-3.88751e-6
3.75073e-6
-3.89526e-6
-2.2412e-6
1.52127e-6
-5.86012e-7
1.75779e-6
3.89281e-6
-4.73297e-6
-9.17713e-6
6.78879e-6
1.84678e-5
-9.55635e-6
-4.65173e-7
-1.47389e-6
2.79129e-7
3.22815e-7
-4.9202e-7
-6.61582e-7
3.92519e-7
9.00266e-7
7.79783e-8
1.28349e-7
-5.23677e-7
4.88037e-8
-1.27035e-7
2.57275e-9
-5.01243e-9
8.88991e-10
3.25829e-8
2.46704e-8
-1.31062e-8
-1.02457e-8
1.76711e-7
-6.76079e-8
-2.35654e-9
4.91256e-10
-1.60884e-9
4.1263e-9
2.06601e-9
-1.11847e-8
-1.35503e-7
4.66125e-8
-6.68125e-9
-6.92869e-9
-3.44945e-10
-1.23789e-9
4.81026e-7
6.6111e-7
-1.3022e-6
-2.35862e-8
-6.11792e-11
3.51594e-9
1.0783e-6
7.32048e-7
-2.97225e-6
-5.23427e-8
-4.23367e-10
1.00365e-8
6.45316e-7
4.43775e-7
-1.57436e-6
-2.17777e-7
1.44487e-7
-1.88019e-8
7.78952e-8
4.88938e-7
1.95116e-8
1.07743e-7
-4.14633e-7
-1.05604e-7
3.67244e-7
2.92788e-6
-9.99901e-7
7.62641e-8
-1.08433e-6
-5.10883e-6
-1.88422e-7
-1.82101e-8
9.9076e-8
-1.68166e-8
5.00088e-8
-1.07663e-7
-1.0182e-8
7.07695e-6
-4.19781e-6
6.5295e-6
-8.98791e-6
-4.17788e-6
4.21319e-7
-7.29812e-6
-6.04924e-9
1.90534e-8
7.89726e-9
-1.9206e-8
3.21827e-8
6.74686e-7
3.14e-6
-2.02109e-9
-3.39873e-9
1.84763e-6
-5.3784e-6
-5.3929e-9
1.54852e-8
-1.80311e-6
3.65227e-6
-1.47432e-9
1.18296e-8
7.52223e-7
-1.3471e-6
-6.20011e-9
7.24527e-10
-1.40213e-7
8.59668e-8
-7.36303e-9
3.94614e-8
1.09304e-7
-1.00547e-7
-1.31449e-9
-4.26808e-9
9.64584e-9
1.71872e-8
1.37229e-8
-3.46191e-9
-9.44583e-9
-2.25939e-9
-5.35835e-8
-1.81858e-10
2.03243e-10
-6.23449e-11
-1.50129e-9
-1.03588e-9
-6.69389e-11
4.20622e-11
5.88726e-10
-2.85511e-11
1.71091e-10
4.60094e-11
-2.37914e-9
3.53129e-11
-7.22372e-11
8.39072e-13
-2.84778e-11
1.32928e-10
8.62453e-12
1.10621e-11
8.06471e-12
-5.81367e-10
5.8003e-10
6.58537e-13
-8.26073e-12
-4.00341e-12
9.84435e-10
2.46285e-12
-1.55641e-12
-2.82295e-12
1.62084e-9
3.54196e-10
-2.5973e-9
1.40446e-12
3.50877e-12
-1.53107e-12
5.81608e-10
8.4e-10
-4.81044e-9
-1.58259e-12
3.96288e-12
6.95903e-13
-5.01257e-10
1.16789e-9
-1.81885e-9
6.7225e-14
-2.39082e-12
1.43449e-12
5.36531e-13
2.35705e-11
1.06608e-9
-3.98567e-10
-2.66953e-10
3.40325e-10
6.65453e-13
-2.34519e-11
-1.00042e-10
1.11394e-10
3.21412e-10
-2.85122e-10
-4.45048e-9
-7.39912e-9
-3.21869e-9
1.04003e-9
-1.04816e-9
2.44087e-10
8.40942e-10
-1.0687e-9
2.59843e-9
2.21046e-9
-2.29386e-9
-3.77503e-9
-1.52596e-9
-4.80144e-9
-5.09614e-9
2.01565e-8
-4.80813e-9
-4.97268e-8
3.45914e-8
3.06222e-8
5.53656e-9
9.6699e-9
-5.92032e-9
1.79744e-9
1.18648e-8
6.55197e-9
4.56454e-9
2.31883e-8
-2.52514e-8
3.6221e-8
-3.10559e-6
3.37903e-6
2.87311e-6
-1.54485e-6
-3.81895e-7
-7.29306e-7
-2.70259e-6
3.51214e-6
5.08029e-6
-5.19906e-6
-6.32739e-6
4.10916e-6
5.50207e-6
-2.36154e-6
1.704e-7
3.74024e-7
-1.04761e-6
4.00936e-7
2.28702e-6
-3.34275e-6
1.35277e-6
4.18456e-6
-2.53555e-7
-1.53281e-8
6.56185e-8
1.88022e-8
-2.31897e-8
1.25305e-9
-1.92361e-7
8.31611e-8
-1.53124e-7
1.04214e-7
7.99617e-10
-5.51974e-10
-1.62415e-9
4.74642e-9
4.43787e-9
3.38226e-9
2.50155e-9
2.30659e-8
-4.01425e-9
-1.57638e-8
4.63621e-8
-2.27127e-7
-7.75005e-10
7.32287e-10
-3.81189e-9
-4.65138e-7
6.41368e-7
-6.14805e-7
-4.13046e-9
3.67359e-10
-2.52136e-10
1.79155e-6
4.59416e-6
-5.86262e-6
-8.3763e-9
1.09441e-9
1.32756e-9
4.18283e-6
8.12796e-6
-9.25177e-6
-3.04104e-8
1.32407e-9
6.68125e-9
7.52668e-10
1.11483e-6
-2.60587e-6
-1.0751e-6
2.93909e-6
4.23351e-7
1.10049e-7
-1.47454e-7
-4.67838e-8
-3.45226e-7
1.06432e-6
2.72469e-7
-7.40611e-7
-5.52033e-6
5.60093e-6
-3.17643e-6
3.0364e-6
8.69807e-6
1.45861e-6
4.01919e-8
-1.0188e-7
-3.92397e-8
6.9103e-8
-9.13559e-8
-5.67605e-8
-3.84522e-6
5.51667e-6
-7.22352e-6
5.52254e-6
3.67279e-6
-3.32545e-6
-3.13874e-6
9.54347e-6
3.72863e-8
-1.2329e-7
-2.50882e-8
-2.49218e-8
-1.79934e-6
1.75594e-6
7.16023e-7
-6.09913e-8
2.15931e-7
3.58207e-7
-1.84122e-7
3.00068e-7
6.52921e-9
4.10712e-8
2.69609e-7
-7.20314e-7
-3.19082e-7
-4.94266e-8
-9.80589e-9
-3.05652e-7
4.93112e-7
1.44831e-7
-1.33267e-7
4.06884e-7
1.74443e-7
-1.8578e-7
-1.16389e-7
8.13783e-8
-5.50139e-9
1.80802e-10
4.52144e-8
5.42811e-9
6.30015e-9
-4.97418e-8
6.76791e-8
-1.24798e-9
2.899e-10
1.2969e-8
-2.9408e-10
3.33056e-9
-3.36058e-9
-4.74508e-8
-8.07401e-10
1.4038e-10
-1.39343e-9
4.00014e-9
-1.25281e-11
1.43846e-10
9.97026e-10
2.84595e-9
-6.22632e-11
1.79403e-11
1.42909e-9
-1.31014e-9
-1.40639e-12
3.47621e-11
-3.51272e-9
4.60148e-9
9.31423e-12
-1.69168e-11
-3.69805e-12
8.01181e-9
-2.50266e-12
8.51402e-13
-8.0162e-12
3.17736e-9
1.56572e-8
-1.9249e-8
-3.02738e-12
3.52986e-11
-1.71027e-13
-1.5628e-9
8.88668e-9
-1.19272e-8
1.20194e-11
-6.21856e-12
-5.94293e-12
-4.0346e-11
1.00445e-9
-2.86652e-10
-3.59159e-10
-1.68092e-10
6.45751e-11
3.89198e-12
3.0924e-11
-9.03046e-12
-3.73558e-9
1.50631e-8
-3.27253e-9
8.26699e-10
1.76159e-10
-8.67129e-10
1.85574e-10
6.00806e-9
-4.9338e-9
-1.19096e-7
1.84625e-8
-1.60779e-7
-5.28331e-8
1.22301e-8
-1.90063e-8
1.29464e-8
-1.56327e-8
8.98034e-9
-3.38428e-8
-2.60137e-8
-3.56002e-8
3.40692e-9
-4.91991e-8
-4.02925e-8
1.75918e-7
4.57488e-8
-5.41201e-7
6.55336e-7
8.029e-8
1.36045e-8
1.54948e-7
-1.72895e-8
7.02738e-8
2.11391e-7
-2.77168e-7
1.96669e-6
-1.68716e-6
-3.06785e-6
1.5279e-6
-2.54161e-6
1.97255e-6
1.67085e-6
1.28191e-6
-4.59937e-6
7.34367e-6
-3.71556e-6
2.15083e-6
-3.8045e-7
1.00916e-7
-3.00011e-7
6.13711e-7
1.08013e-8
4.06598e-8
-1.03605e-7
-2.81461e-10
-7.06016e-7
2.48002e-7
2.05941e-9
1.8162e-10
-1.28024e-8
8.1275e-9
-3.60641e-8
2.49587e-8
-4.72669e-8
1.65569e-8
-4.03414e-9
-3.60006e-9
6.8588e-9
-2.35777e-8
7.38683e-9
-4.77215e-9
-2.99839e-9
-1.6563e-8
-1.24879e-8
3.99569e-8
1.97825e-7
-1.31822e-6
1.28071e-7
2.21512e-6
-1.81488e-9
1.22125e-9
2.58704e-9
5.85948e-9
-4.36948e-6
1.30188e-5
-3.90787e-11
-1.84671e-9
2.37689e-9
-1.48516e-9
-4.93146e-6
2.31011e-5
-1.71107e-9
6.09465e-10
-1.62745e-10
4.23477e-12
4.76101e-6
-4.59652e-6
-7.24957e-6
1.65744e-5
4.50769e-8
1.81057e-8
-1.25719e-8
-5.7841e-9
-2.8322e-6
6.48246e-6
1.57271e-6
-2.2397e-6
-1.44563e-6
-5.78191e-7
5.78771e-7
1.96022e-7
2.67716e-7
6.82886e-8
3.06464e-8
-1.38918e-6
4.52417e-6
-8.78118e-6
4.25066e-6
-3.33701e-6
-5.98905e-6
2.5163e-6
-2.58806e-6
-4.29961e-8
7.15504e-7
3.66833e-7
-9.48005e-7
9.44683e-8
-3.6592e-7
2.03546e-7
-4.09991e-7
-6.72957e-7
6.78799e-7
-1.31822e-6
-3.17101e-7
-4.31799e-8
-1.47524e-7
-1.70412e-8
-7.33013e-8
7.72037e-8
-4.50438e-9
1.02788e-7
-2.8249e-8
-1.50887e-7
1.26861e-6
-2.33194e-9
-1.87422e-8
2.24434e-9
-2.4454e-8
9.03694e-8
-3.64851e-10
3.52177e-9
-1.21198e-8
9.72894e-8
-1.68013e-9
5.20726e-10
-5.37292e-9
5.26322e-9
-1.27269e-10
4.3178e-10
1.46881e-8
-7.47605e-9
-7.62551e-11
1.90249e-11
6.33849e-9
-1.37717e-8
-8.68108e-12
-1.57345e-10
7.52571e-11
-4.08144e-9
3.94609e-8
-1.25372e-12
1.57185e-11
1.7896e-11
-1.44945e-11
-9.57421e-9
5.67909e-8
-9.16462e-11
-6.04756e-11
-4.57635e-11
3.9752e-10
-9.71536e-9
3.37433e-8
-7.11715e-11
7.063e-10
3.02644e-10
-1.40678e-9
6.19072e-10
3.08354e-10
6.268e-9
6.65413e-11
-2.38689e-10
-1.02738e-10
8.6153e-11
-3.14567e-9
1.22739e-8
-1.70155e-9
2.10929e-9
5.44522e-10
-9.53783e-12
1.18347e-9
-8.75851e-10
-5.47534e-8
2.67186e-7
-4.7478e-8
9.01251e-9
3.20093e-9
-2.16647e-8
-3.67734e-9
1.82512e-7
8.93294e-8
1.5221e-6
5.30067e-7
-1.6032e-6
-1.0728e-6
1.89249e-7
-2.52372e-7
-3.40972e-8
2.13744e-8
7.77463e-8
-3.94275e-7
-2.80125e-7
3.89365e-7
-1.16563e-6
7.8177e-7
-1.49874e-6
1.4464e-6
1.61164e-6
-2.04091e-6
-1.53223e-6
3.14277e-6
-1.68681e-6
1.9665e-6
5.58869e-6
-8.1422e-6
-1.27525e-5
1.41693e-5
5.59306e-6
-2.01669e-6
-4.17632e-6
9.63548e-6
-3.50059e-7
-2.13535e-6
6.87796e-7
-3.83149e-7
1.69006e-6
-5.93023e-7
-2.37522e-6
8.38833e-7
2.69985e-8
-1.36703e-8
-1.23513e-7
1.27505e-7
-1.89183e-8
2.02373e-7
2.69922e-8
-3.48081e-7
-4.05913e-8
8.8492e-9
-5.77858e-9
-1.59548e-8
-1.04949e-8
-1.42238e-7
-7.11565e-8
4.31824e-7
-6.89737e-10
-1.09546e-7
-4.3378e-8
2.87474e-7
-4.81202e-8
2.10985e-6
-3.7488e-6
1.92112e-6
5.95445e-8
-1.46656e-6
-1.33688e-5
2.01154e-5
-2.78593e-8
-1.83021e-5
-4.89999e-5
5.32291e-5
3.45301e-9
-4.13593e-5
-5.71456e-5
7.63323e-5
3.28338e-9
1.69664e-9
-1.00594e-9
-7.53871e-11
-1.26501e-5
2.06813e-5
2.68995e-7
1.08844e-5
-1.99504e-7
-5.64668e-8
5.84029e-8
1.36876e-8
-2.55734e-6
1.18034e-5
5.74659e-6
-1.78561e-5
1.56241e-6
1.20104e-6
-7.46738e-7
-4.81277e-7
1.88129e-6
-5.66004e-6
-3.27475e-6
4.80833e-6
2.55759e-6
2.6929e-6
-4.42425e-6
3.08027e-6
-2.01327e-6
-2.11698e-6
-5.59253e-7
3.79602e-6
-3.41971e-6
-4.68399e-7
-1.16025e-6
-2.17083e-7
7.51304e-6
-3.34012e-8
2.1829e-6
-1.32825e-6
3.82596e-6
-1.54887e-5
1.8699e-6
-4.00718e-6
-6.39896e-7
-2.69369e-6
8.83847e-6
-4.53319e-6
5.61229e-6
2.0235e-6
2.13172e-6
-2.69624e-6
1.47084e-6
8.65282e-8
-9.0248e-7
3.77146e-6
-1.33089e-5
-4.27201e-7
-5.85812e-7
2.69365e-7
-7.83163e-7
-4.72901e-6
1.03857e-7
5.06959e-7
1.3884e-6
-1.73138e-6
4.2288e-8
-5.36576e-7
-2.94861e-9
4.27935e-8
-2.92603e-7
2.1474e-6
-3.87627e-8
1.17126e-8
-9.70272e-9
3.85635e-8
-2.50156e-9
6.38661e-9
-1.53359e-8
9.19638e-8
-7.51349e-10
1.20725e-10
-4.00963e-8
2.50088e-8
4.11667e-12
1.60767e-10
9.60528e-8
-5.5963e-8
8.08907e-11
-1.2244e-7
-1.13506e-10
-4.8465e-8
-1.66057e-7
2.51866e-7
1.12716e-10
-6.30958e-9
-1.44919e-7
1.55599e-7
-2.02079e-9
-7.83812e-9
-2.15055e-8
6.99279e-8
2.97578e-9
1.08205e-9
-4.72103e-9
-2.72214e-9
5.17821e-9
5.22212e-9
-3.59416e-8
3.89051e-8
5.20312e-9
-3.02466e-9
-2.18828e-10
2.37051e-9
-4.59838e-8
2.16408e-7
-2.31024e-8
3.35924e-9
-3.57172e-9
1.01738e-9
3.69161e-8
-1.8389e-8
-9.05408e-7
4.79307e-6
-8.63017e-7
1.36319e-7
4.13555e-8
-4.07291e-7
6.60933e-7
-2.6063e-7
-5.17848e-7
4.25238e-7
2.1451e-6
-2.00604e-6
2.31455e-6
2.29873e-6
-4.89574e-6
-1.21843e-6
1.73389e-5
-1.23733e-5
3.12152e-6
2.6691e-6
-9.75632e-6
7.33269e-6
-3.03249e-6
-1.19968e-5
7.07311e-6
-1.76355e-6
2.40699e-6
1.68025e-6
-2.15272e-6
5.87635e-6
-6.26648e-6
-5.16994e-7
-5.2022e-6
5.73946e-6
-9.72324e-6
-2.35462e-5
1.95229e-5
2.72384e-6
-9.91648e-6
-2.08134e-6
7.80324e-6
-9.11772e-7
2.37755e-6
3.80087e-7
-1.46506e-6
2.29669e-7
2.18956e-6
-7.19261e-7
1.22146e-7
-2.43041e-7
1.12146e-7
-8.83116e-7
2.76282e-6
1.30171e-6
-3.71434e-6
-1.25789e-7
1.92951e-7
5.68979e-7
-1.55404e-6
-9.28826e-8
8.04488e-7
-2.78645e-6
1.2001e-6
-1.66533e-6
4.90051e-6
2.34682e-6
1.07825e-5
-1.11876e-5
-8.92915e-6
1.50835e-7
-3.81653e-7
5.87465e-7
-4.52822e-7
1.25692e-5
-5.89935e-5
-1.0255e-8
3.61397e-8
6.68497e-8
9.73159e-9
3.45602e-5
-0.000139579
-4.6187e-10
-5.94308e-9
2.67807e-8
-5.21856e-9
6.59008e-5
-9.57492e-5
2.11968e-10
-6.88237e-11
5.83264e-9
-1.16071e-9
-2.57031e-5
1.93318e-5
-4.27325e-5
0.000107852
-1.40561e-8
-2.7795e-9
2.53831e-9
6.17649e-10
-3.75978e-5
9.32596e-5
4.72006e-5
-0.000107245
2.90603e-7
1.721e-7
-1.1112e-7
-5.30377e-8
1.443e-5
-3.35717e-5
-8.21978e-6
1.74239e-5
-1.4622e-6
2.28239e-6
-9.06638e-7
7.76054e-7
1.98055e-6
-3.17683e-7
5.24127e-7
1.19394e-6
-4.07217e-7
-7.80962e-6
5.11822e-6
-6.90008e-10
3.47844e-5
6.03986e-7
-1.85434e-5
3.73984e-5
-4.30129e-5
-1.81782e-5
6.83205e-6
-1.74246e-6
2.1654e-6
1.67094e-5
-2.60542e-5
9.18015e-5
-1.99512e-6
4.49882e-6
6.47679e-6
-1.15094e-5
1.26214e-6
-2.85447e-6
-3.94567e-7
-6.95402e-6
7.39163e-6
1.64074e-7
-7.73823e-7
2.55164e-7
-2.8186e-7
8.56189e-7
-4.58718e-8
6.06942e-8
-2.54621e-7
1.84668e-6
-6.52652e-9
1.92299e-9
2.65709e-8
-7.34752e-8
-7.86679e-10
2.7683e-9
-1.00132e-7
2.94927e-7
7.40062e-10
-1.0026e-9
-1.95954e-7
1.22509e-7
5.59009e-10
7.09658e-9
-3.26279e-9
3.29414e-7
-2.16065e-7
-2.88367e-11
-3.40491e-10
-5.81121e-11
1.35087e-10
2.01194e-7
-3.63649e-7
2.98153e-10
-1.17218e-10
-8.18157e-10
-4.57275e-10
1.17921e-7
-4.82523e-7
3.60529e-9
1.02865e-8
4.29343e-9
-3.45489e-8
-2.39032e-8
-3.60265e-7
-1.12963e-8
1.2318e-8
8.14923e-9
1.79894e-8
8.03011e-9
1.00094e-7
-1.39569e-7
-1.09126e-7
8.11877e-9
7.75659e-9
-7.09088e-8
-1.55562e-8
6.00167e-8
-1.55801e-8
-4.73193e-9
1.77064e-7
-3.12524e-8
1.49011e-8
8.74781e-8
-8.38364e-7
4.23167e-6
-2.71094e-7
6.04363e-8
-2.69958e-7
-2.96714e-8
8.86552e-7
-5.04609e-7
-3.3871e-6
-4.72839e-5
-1.90827e-5
6.18565e-5
-9.63959e-6
2.0393e-6
2.37687e-6
1.46732e-5
-6.93935e-6
-2.50754e-5
2.46597e-5
-1.64437e-5
7.62553e-6
1.29306e-6
-1.76559e-5
7.56562e-5
-7.65156e-5
-3.6531e-7
9.61945e-6
-6.91561e-6
1.12178e-6
9.86535e-6
-1.41156e-5
-2.19826e-6
-3.01983e-5
-3.77034e-6
6.51581e-6
-1.31161e-6
9.23439e-7
-1.09992e-5
4.12681e-6
1.24668e-5
3.11199e-5
-1.8485e-5
8.13461e-6
-8.84387e-6
8.12389e-6
2.06457e-6
1.89189e-7
3.8939e-6
-1.19685e-5
-4.06057e-6
1.3313e-5
-2.22555e-7
-1.77185e-7
-6.40083e-7
1.03569e-6
-7.30716e-6
1.75728e-5
-1.16851e-5
8.1242e-6
-2.31329e-5
-2.89346e-6
7.70542e-6
-1.10354e-5
1.10012e-5
5.0343e-6
7.41506e-6
-1.71404e-5
-4.87026e-6
2e-5
9.47934e-5
-0.000122902
1.07065e-6
9.42423e-5
0.000185498
-0.000248591
-1.75548e-7
0.00016049
0.000282936
-0.000298219
-2.29691e-8
-3.43944e-9
-1.09115e-5
-0.000201715
1.18424e-10
-6.84653e-10
4.84767e-9
-3.12877e-9
-0.000196796
0.000369871
0.000183241
-0.000411795
3.63463e-8
1.37099e-8
-1.01493e-8
-3.06136e-9
6.75119e-5
-0.000125556
-2.58478e-5
2.79492e-5
-4.03442e-7
-1.36877e-7
1.59893e-7
-7.94053e-8
5.88156e-8
-2.17758e-6
-8.05766e-6
1.90947e-5
3.74253e-8
-1.23035e-5
-7.3648e-5
6.47606e-5
4.79996e-5
2.47602e-6
-3.08733e-6
1.20441e-6
-1.08971e-6
-3.74967e-6
2.32282e-7
3.75506e-6
-9.74324e-7
-5.79443e-5
0.000183932
0.000156491
-0.000151049
3.10231e-6
2.09378e-6
-4.09949e-6
-0.000177153
9.18161e-5
-9.44102e-7
4.65491e-6
2.13115e-6
-1.80058e-5
-6.01594e-6
6.71076e-6
-1.52942e-5
2.95747e-5
-3.2851e-5
3.15499e-6
-2.83793e-6
-6.76655e-6
6.12153e-6
-8.15628e-7
1.53665e-7
4.84568e-8
8.90687e-8
1.11518e-7
-1.69662e-8
6.88584e-8
-2.13253e-6
1.75755e-6
-6.91035e-9
6.11578e-9
1.80546e-7
-3.34902e-7
-7.30829e-9
-3.9138e-8
1.65494e-8
3.03603e-7
-1.62891e-6
-4.8505e-9
-4.64208e-7
1.73319e-7
2.60646e-9
6.3883e-7
-2.04362e-9
4.38484e-7
9.95396e-7
-1.13176e-6
-1.76634e-8
4.44514e-7
1.16951e-6
-1.14692e-6
4.46272e-8
-1.1912e-7
-2.24858e-7
1.74883e-6
-1.67134e-6
4.19217e-7
3.64215e-7
-1.22341e-6
-4.69267e-8
8.74115e-8
1.66005e-7
-8.23445e-8
2.55262e-6
-7.4738e-7
-3.7646e-7
2.46139e-6
-2.70713e-7
6.4533e-7
-1.64223e-7
-6.6978e-7
-4.69531e-6
6.82644e-7
6.66262e-7
-2.72273e-6
-2.1577e-5
7.23728e-5
4.78223e-6
1.47301e-6
3.76261e-6
-4.8873e-6
2.42394e-5
-3.20672e-5
2.35583e-5
-3.90977e-5
0.000111711
0.000131653
8.048e-5
-0.000156471
-4.3497e-5
1.92844e-6
-0.000164805
0.000150273
-5.98536e-5
-0.000117951
8.4897e-5
1.50062e-5
-2.30358e-5
-1.75364e-5
2.5442e-5
-1.67213e-5
3.38947e-7
2.60866e-5
9.62762e-5
-7.14178e-5
-6.77366e-5
2.46887e-5
1.23531e-5
-4.63073e-7
-1.13253e-5
1.60344e-5
-2.21974e-5
-4.12788e-6
1.38929e-6
-2.92318e-6
-1.57545e-6
-1.58017e-5
2.7228e-5
-5.82257e-6
1.0064e-5
1.58685e-6
-4.4231e-7
-5.7605e-8
1.42345e-5
-2.77953e-5
3.31824e-5
1.25492e-5
1.29448e-6
-7.59389e-8
-4.93828e-6
1.70035e-7
-6.20839e-6
-2.78927e-5
2.39861e-5
1.14172e-5
-1.55671e-5
2.68833e-5
-1.7056e-5
2.15359e-5
-3.54336e-5
-3.10934e-5
-0.000315419
0.000307939
0.000230832
1.85049e-6
-5.73321e-6
5.06737e-6
-1.86128e-6
-0.000305275
0.000286686
2.66946e-7
-6.70593e-7
6.09963e-7
-3.39671e-7
-0.000348613
0.000318942
3.81022e-8
-4.32232e-8
9.13228e-9
-1.35226e-7
2.92625e-5
-3.66032e-5
0.000274352
-0.000325613
-1.35606e-8
1.69359e-9
-0.000470466
0.00049298
2.25111e-9
1.33439e-9
3.21673e-10
-1.75697e-9
4.03361e-9
0.000201756
-0.000228926
7.62307e-5
-8.33762e-6
-5.73718e-8
-1.5472e-8
1.14902e-8
1.80463e-8
-2.24863e-8
1.49658e-5
-5.64131e-5
6.81125e-5
6.91648e-9
-3.08211e-5
-4.72108e-5
1.87332e-5
-4.22495e-7
4.76372e-7
-7.45405e-8
-7.47143e-9
6.86073e-7
4.75491e-7
3.14e-8
0.000107687
-0.000334254
-0.000233584
0.000505374
-1.05378e-6
-0.000353568
2.36719e-6
0.000251656
-5.38228e-6
-0.000102504
-1.5374e-5
1.2054e-5
-5.29672e-5
5.08588e-5
1.04769e-5
-4.77257e-6
-5.23226e-6
5.30336e-5
-2.33547e-5
-4.29156e-7
1.23655e-6
-4.18583e-6
-7.49226e-6
4.41979e-6
-3.87195e-6
8.43998e-6
-7.58356e-6
1.40272e-6
-2.27402e-6
-3.50315e-6
1.52039e-6
-4.45014e-7
4.4257e-7
1.82911e-8
-4.42123e-8
1.19935e-7
2.71676e-6
-2.16506e-6
2.55273e-6
-2.17582e-6
4.22423e-8
-6.81083e-8
1.98696e-8
-2.98062e-7
1.23591e-6
5.25322e-9
-9.65922e-9
6.65133e-7
-2.0399e-7
6.78408e-9
1.46389e-7
-6.3943e-8
-7.27646e-7
2.41619e-7
-7.15605e-9
7.31737e-8
1.28144e-8
-9.14014e-8
-1.1508e-6
1.14424e-6
-5.10655e-8
4.59115e-7
1.41627e-7
-7.41071e-7
-1.83276e-6
1.26949e-6
-2.07856e-7
1.71231e-7
2.09487e-7
1.46743e-7
-7.30541e-7
-6.87421e-6
3.48559e-6
1.03808e-6
-7.57866e-7
2.02576e-6
7.49524e-7
8.3946e-6
-4.05347e-6
-2.04412e-6
5.86594e-6
9.14275e-7
-8.27786e-7
-1.92815e-6
2.44243e-7
-3.37698e-6
8.17274e-6
6.35176e-6
-8.40977e-6
-9.22292e-6
2.83367e-5
9.7033e-6
1.08331e-7
2.42403e-6
-7.22507e-6
1.04353e-6
-2.0438e-5
-1.08514e-5
5.42475e-5
-0.000161038
-0.00012176
1.21423e-5
8.01396e-5
-5.00077e-5
3.62209e-5
-0.000167567
9.49614e-5
-4.67594e-5
0.000259358
-0.000221647
0.000197438
-0.000105818
4.13926e-5
-5.86634e-6
1.18687e-5
-1.62999e-5
3.18332e-5
-4.1225e-5
2.73721e-5
-5.71213e-6
-1.6951e-5
3.0846e-5
-1.11766e-5
-1.43305e-5
6.13897e-6
-1.88104e-6
-1.78603e-5
3.26497e-6
-2.07679e-5
1.20339e-6
2.78886e-7
-1.15291e-5
2.37192e-5
2.13917e-8
2.3649e-5
-4.56636e-5
4.80179e-5
1.48803e-5
-4.39825e-6
4.05761e-5
-6.27583e-5
5.44201e-5
-3.85126e-5
6.3456e-5
1.00626e-5
-0.000112171
0.00034689
-0.00021638
-0.000396912
-4.31477e-5
3.16686e-5
0.000220765
-0.000213606
-3.47766e-6
9.65987e-7
0.000154697
-0.000407773
-4.79571e-7
5.80469e-7
0.000280204
-0.000358222
3.26401e-7
2.46317e-7
5.22477e-5
0.000353566
1.91193e-8
1.73105e-8
-1.36778e-7
-7.7298e-8
0.000517412
-0.000566206
-0.000441247
0.000492576
-9.95788e-9
5.92396e-9
8.61239e-5
-5.61268e-5
0.000281026
-2.44963e-9
-6.10011e-9
3.75986e-9
0.00019894
-0.000173474
-3.42791e-5
8.53893e-5
-4.18811e-8
1.05285e-8
-1.39017e-7
5.51525e-7
7.57582e-9
0.00016438
-0.000413666
0.000773581
-1.19323e-6
-0.000942724
1.94834e-6
0.000656433
-3.03605e-6
-0.000357472
4.41283e-6
0.000129729
-5.49047e-6
-2.76218e-5
2.29923e-6
-4.49757e-6
2.54567e-6
-2.56785e-6
1.10236e-5
1.07552e-5
1.09485e-6
2.7007e-6
7.24329e-6
-1.0636e-6
7.47122e-7
2.12509e-6
-5.75634e-6
2.04966e-6
-3.43358e-7
1.47121e-7
2.67072e-7
3.23594e-8
6.74846e-7
-1.42206e-9
-4.19582e-8
1.59465e-7
-5.77881e-7
-2.50433e-8
-3.73789e-7
3.42467e-7
1.38076e-8
1.5073e-8
-4.11126e-7
-4.29007e-9
6.47137e-7
-2.37337e-7
-2.14866e-7
1.94919e-7
7.38124e-7
-1.1303e-6
-1.62254e-6
2.19924e-6
2.27313e-7
-1.11606e-6
1.01904e-6
-1.72688e-6
5.49992e-6
-1.54468e-6
-1.39099e-6
-3.09754e-6
5.7285e-6
-3.42185e-6
-8.5326e-7
1.53795e-5
-1.34064e-5
-9.87892e-6
5.34372e-6
-1.39988e-5
5.10464e-7
-1.40019e-5
2.0665e-5
-8.59401e-6
7.13833e-6
-6.43156e-6
7.78754e-6
3.47345e-5
-7.9234e-5
3.05784e-5
8.89208e-5
-0.000196253
5.55529e-5
-3.04439e-5
4.31281e-5
-1.80026e-5
1.25905e-5
0.000329794
-0.000461227
0.000408708
-0.000313853
0.000190469
-9.26373e-5
3.57279e-5
-2.15952e-5
3.23162e-6
2.57945e-6
-6.36524e-6
1.65697e-5
-3.82443e-5
4.41093e-5
-3.15772e-5
8.51362e-6
1.06757e-5
-1.49147e-5
-1.20497e-6
2.65733e-5
3.18004e-5
-4.40571e-5
-1.13232e-5
1.19925e-5
-2.15472e-5
3.13472e-5
-2.9712e-5
5.14097e-5
-3.07409e-6
2.39229e-6
-1.38599e-6
1.0549e-5
-2.04312e-5
-7.37923e-6
1.39678e-5
-1.82924e-5
-4.77605e-5
6.83735e-5
-7.95204e-5
-5.05719e-5
-4.61605e-5
3.82863e-5
0.00010104
-5.59321e-5
9.86548e-5
7.98718e-5
-7.34244e-5
-9.69762e-5
0.000162585
7.2694e-5
-2.13427e-5
-5.10281e-5
0.000274003
0.000597799
-0.000700914
5.66489e-6
0.000384048
0.000643745
-0.000703835
-3.02976e-6
-1.59053e-6
-8.67526e-5
-0.000352601
1.14856e-6
-4.29022e-7
0.000520853
-0.00040968
-2.92188e-8
5.37785e-8
1.41335e-7
-3.30639e-8
1.10777e-8
-0.000219609
0.000112476
0.000265233
-0.00054243
2.55454e-9
-2.22923e-9
-3.05677e-9
-8.6442e-11
1.32896e-9
-0.000341013
0.000598002
-0.000472788
9.39989e-10
0.000258864
-0.000163719
2.76731e-8
-7.59397e-9
1.52097e-8
-9.88885e-8
2.91744e-7
0.000131072
-0.000211666
0.000763974
-6.84885e-7
-0.00125417
1.16697e-6
0.00123409
-1.6853e-6
-0.000847578
2.12062e-6
0.000376661
-2.38595e-6
-6.6437e-5
2.13557e-6
-4.8072e-5
-8.24756e-7
5.55257e-5
5.74843e-7
-4.06536e-5
-2.02739e-7
-1.31981e-7
-2.40195e-5
3.14991e-5
-7.93356e-7
-1.91787e-7
3.51139e-7
-4.27651e-8
-2.26285e-6
1.51612e-5
-1.00016e-6
6.28233e-7
-1.8982e-6
-1.32171e-6
6.24117e-7
-3.51258e-7
1.0916e-6
-6.47567e-7
-3.40601e-7
6.17693e-7
2.66966e-7
-1.55282e-7
1.73811e-7
-3.9981e-7
3.4942e-7
-6.25935e-7
7.37806e-7
-6.718e-7
-5.60408e-8
5.8853e-8
1.67848e-6
-4.04515e-7
1.51013e-7
3.60355e-7
8.53197e-7
1.78651e-6
1.50588e-6
1.61774e-6
-1.31555e-6
-4.65715e-6
7.61816e-6
-1.32276e-6
5.18262e-6
-3.68763e-6
1.589e-6
-8.85992e-6
-6.82447e-6
4.97901e-6
1.52047e-5
1.01538e-5
-1.93822e-5
1.18376e-5
-1.24547e-5
-1.50664e-5
1.25859e-5
2.2876e-5
-2.93302e-5
-1.7289e-5
2.04136e-5
-7.35735e-6
1.19835e-5
2.57588e-5
-2.13464e-5
2.20053e-5
1.05843e-5
-4.0068e-5
9.24499e-5
0.000116017
-0.000148366
-2.66053e-5
2.05946e-5
1.2278e-5
6.21146e-6
6.12541e-6
-3.68612e-5
0.000252422
-0.000450975
0.000555607
-0.000540957
0.000420813
-0.000265477
0.000136667
-6.33053e-5
4.88223e-5
-4.66908e-5
-8.40109e-6
-1.95271e-5
2.85485e-5
-3.53297e-5
2.38233e-5
-2.55705e-6
-1.36826e-5
1.48273e-5
-2.20164e-6
-1.21543e-5
1.99889e-5
2.07263e-5
2.55284e-5
7.30242e-6
-3.04892e-5
1.36273e-5
-4.30828e-5
5.65364e-5
-7.99674e-5
-1.71009e-5
1.49278e-6
4.54283e-5
-6.38625e-5
7.70215e-5
-3.49376e-6
1.82201e-5
-5.31319e-5
-8.27178e-5
8.25976e-5
0.000113496
-0.000261052
0.000135374
-8.07368e-5
7.9492e-5
-7.93387e-5
-6.33296e-5
-0.000455456
0.000488082
-0.000380425
0.000421192
8.04836e-5
-0.000128182
8.47455e-5
-5.07006e-5
-0.000412362
0.000348467
2.14899e-5
-4.97599e-5
3.38177e-5
-1.61372e-5
-5.97965e-6
0.000336696
-0.000120381
-0.000229579
0.000423904
1.2972e-6
-1.75058e-7
-0.000419432
0.000225951
-3.84765e-8
4.04412e-8
2.4178e-9
9.11621e-5
-0.000431418
0.000694802
2.19215e-9
-4.56262e-10
-1.43712e-9
-0.00083599
0.000859196
0.000290784
-0.000718598
-1.15176e-8
6.13876e-8
-1.66368e-7
0.00024302
-0.000993833
3.69291e-7
0.00137211
-5.24461e-7
-0.00124387
4.62865e-7
0.00070125
-1.62875e-7
-0.000129963
-2.24766e-7
-0.000188681
5.45005e-7
0.000235375
-6.87175e-7
-0.00015549
1.45165e-7
7.20418e-5
9.08958e-7
-3.27071e-5
9.30906e-7
-2.41861e-5
-7.3538e-6
5.62798e-6
4.67452e-7
-8.73298e-7
-1.13742e-7
-2.23754e-6
7.93099e-7
-8.13038e-7
-2.20845e-8
2.67491e-9
-1.13237e-7
1.74781e-6
-3.1726e-6
4.71435e-6
7.08869e-8
-2.0799e-8
-6.85007e-6
-3.07464e-6
7.8393e-6
5.1598e-7
-1.1189e-7
3.6541e-7
-1.99388e-7
4.41312e-7
-2.45643e-6
6.2081e-7
-3.62128e-6
-7.7197e-6
1.55355e-5
-6.52621e-7
2.74321e-7
2.55501e-5
-2.94273e-5
-1.75217e-5
1.40092e-5
-6.69933e-6
-4.31921e-6
2.01644e-6
-4.11611e-7
-5.39244e-6
1.23801e-5
1.22264e-5
-1.00913e-5
1.0494e-5
-1.93815e-5
2.54297e-5
2.42731e-5
-1.80513e-5
-3.06476e-5
3.61312e-5
-3.5988e-5
-6.03223e-5
3.90304e-5
-3.11259e-5
3.02485e-5
-1.37901e-5
-3.56528e-5
9.0234e-5
6.47565e-7
-0.000114174
0.000102658
-0.000180953
0.000339152
-0.000471436
0.0004932
-0.000402982
0.000255216
-0.00012201
4.28055e-5
-1.63652e-5
1.24378e-5
4.14866e-5
-7.08914e-5
5.5282e-5
2.06904e-5
2.42284e-6
-1.76668e-5
2.02653e-5
-8.95248e-6
-9.79659e-6
2.28714e-5
-2.10037e-5
5.83692e-6
1.50908e-5
-3.40932e-5
-7.90638e-5
9.03187e-5
7.07399e-5
-5.76547e-5
4.45617e-5
-5.18236e-5
1.68433e-5
6.06818e-6
3.17134e-6
-3.23064e-5
5.00376e-5
-2.58688e-5
4.3133e-5
-5.61312e-5
-6.12746e-5
5.93457e-5
-3.63928e-5
6.28568e-5
-6.2713e-5
-9.70929e-6
7.59102e-5
6.24446e-5
-7.29411e-5
6.18266e-5
-9.21488e-5
3.03736e-5
-1.55311e-5
-4.77695e-5
3.39008e-5
2.1237e-6
6.2969e-5
-2.10504e-5
1.07723e-5
5.80132e-6
-0.000196658
0.00028404
-0.000295506
-2.33775e-6
8.09962e-7
0.000221324
-2.51377e-5
-2.11124e-7
3.32431e-8
-1.65904e-8
-0.00024276
0.0005241
-0.000797463
3.82286e-9
-1.3989e-9
-8.43199e-10
0.000959684
-0.00121753
0.000840951
-9.77258e-9
5.04323e-9
1.37314e-9
1.23472e-9
-3.07899e-8
0.000220252
-0.000287303
-0.000426651
4.26943e-8
0.001268
-1.35583e-9
-0.00137088
-2.69604e-7
0.0008979
9.4999e-7
-0.000169173
-1.95817e-6
-0.000432072
2.8245e-6
0.000658047
-2.983e-6
-0.000546918
2.19552e-6
0.000316691
-5.05469e-7
-0.000144051
-1.6929e-6
5.35889e-5
-5.46895e-6
6.2294e-6
4.4573e-5
-4.04419e-5
5.88395e-6
-4.88587e-6
4.60874e-6
-1.25081e-6
2.43911e-7
-2.99842e-7
5.39714e-6
-4.53949e-7
9.37465e-7
3.22498e-8
6.76857e-9
-2.37185e-8
3.65115e-8
-2.59388e-6
6.34148e-6
-9.86973e-6
-3.19548e-8
2.01542e-9
1.25588e-5
-1.39165e-5
-5.50993e-7
-3.46851e-7
1.19387e-7
8.82115e-6
-8.84995e-7
-7.93683e-6
-1.20124e-6
9.28213e-7
1.46292e-5
-1.00655e-5
1.9219e-6
4.12121e-7
1.26091e-6
5.44818e-6
-1.28657e-5
-1.80095e-5
1.23306e-5
-7.55114e-6
2.00421e-5
-2.7024e-5
-3.19041e-5
2.52538e-5
3.50388e-5
-4.69326e-5
5.65222e-5
5.63889e-5
-4.52908e-5
3.81129e-5
-7.91926e-5
5.70012e-5
-4.23173e-6
-6.282e-5
7.45916e-5
-4.73361e-5
-6.17198e-5
8.40758e-5
-6.4335e-5
1.31298e-5
1.84648e-7
-9.67925e-5
0.000206708
-0.000256786
0.000218836
-0.00012089
2.36075e-5
2.85873e-5
-3.29941e-5
3.84122e-6
4.5702e-5
-7.7989e-6
6.10189e-5
-6.2852e-5
-6.28614e-6
1.05188e-5
-7.41496e-6
-4.30539e-6
2.04635e-5
-3.09934e-5
2.7879e-5
-1.20257e-5
-8.38032e-6
3.1595e-5
-5.18593e-5
3.99418e-5
-7.62417e-6
7.61956e-5
-5.64587e-5
1.83105e-5
-5.30096e-5
9.12749e-5
-0.000109452
4.8615e-6
-2.00041e-5
2.9927e-5
0.000141715
-0.000164784
0.00017286
-3.47031e-5
3.83629e-5
-0.000172345
0.00013384
-5.40313e-5
8.14861e-5
-4.53956e-5
-0.000304048
0.000430404
-0.000367102
2.66024e-5
-2.56248e-5
0.000303546
-0.00027528
1.57544e-5
-1.65034e-5
-2.00292e-6
0.000392139
-0.000280562
0.000158327
1.42482e-6
-6.53669e-7
-4.85091e-5
-9.87507e-5
2.31984e-7
-6.00272e-8
1.88189e-9
0.000292083
-0.00049727
0.000845207
-1.28701e-9
4.53211e-9
1.79865e-9
-0.00142265
0.00153308
-0.000885985
-1.72372e-9
2.69665e-8
-5.31989e-8
0.000224019
0.000842542
1.36085e-7
-0.00179956
-2.6968e-7
0.00128774
7.69237e-7
-0.000284316
-1.80214e-6
-0.000607952
3.25287e-6
0.00112327
-4.4858e-6
-0.0011717
4.68277e-6
0.000875952
-3.42757e-6
-0.000480119
1.23463e-6
0.000186683
1.3717e-6
-5.18255e-5
-3.51538e-6
1.00106e-5
3.41723e-6
-1.56635e-6
-2.39956e-6
-4.67764e-7
2.027e-6
-5.36057e-6
4.38548e-6
-4.03901e-6
2.59695e-6
9.75986e-9
-5.19671e-8
1.18632e-7
8.98728e-7
-6.61875e-6
1.30792e-5
-3.97367e-9
1.29251e-9
-1.54026e-5
2.19427e-5
9.28248e-7
1.84916e-7
-2.2916e-8
-1.48638e-5
6.87508e-6
-3.33588e-7
4.20011e-6
-2.24449e-6
-5.05603e-6
5.91518e-6
5.65568e-6
-4.70613e-6
-1.19512e-6
-5.07128e-6
1.18784e-5
2.03024e-5
-1.25178e-5
1.60921e-6
-1.80347e-5
2.54661e-5
3.34824e-5
-2.68088e-5
-3.51878e-5
6.06762e-5
-0.000112993
-5.00097e-5
4.35814e-5
-3.89359e-5
0.000129468
-9.24258e-5
8.84877e-5
4.09323e-5
-5.11113e-5
5.2035e-5
-0.000183908
0.000342812
-0.000219595
0.000114527
-4.99568e-5
3.76607e-5
-7.39957e-5
0.000118213
-0.000122346
8.36447e-5
-3.49353e-5
-1.48955e-5
-1.34261e-5
1.12334e-5
-1.29651e-5
-6.09243e-6
-3.64498e-7
1.06048e-5
-2.32562e-5
3.17011e-5
-2.93777e-5
1.68783e-5
-1.05132e-6
-1.03192e-5
-9.03726e-6
2.258e-6
-1.80426e-5
1.06255e-6
1.85711e-5
-8.81587e-6
9.69541e-5
-0.000146137
0.000135922
-1.54034e-7
8.19542e-6
-1.25236e-5
-0.000188922
0.000236248
-0.000272076
1.4941e-5
-1.24642e-5
0.000323939
-0.000492604
2.12069e-5
-5.81748e-5
3.3967e-5
0.000425886
-0.000824718
0.000524865
-1.99946e-5
1.10348e-5
-0.000396193
0.000319853
-9.48416e-6
1.66216e-5
5.06712e-7
-0.000287549
0.000110781
-7.40291e-6
-5.31671e-7
3.27128e-7
-5.51417e-5
0.000112767
-1.43175e-7
4.99116e-8
5.83822e-9
-0.000240748
0.000280219
-0.000359995
-8.59369e-9
6.73965e-10
-2.1091e-8
0.000479809
-3.4205e-5
-1.68859e-8
6.48884e-5
-1.52657e-7
6.09037e-7
-4.32678e-7
0.00369337
-0.00518408
4.08162e-7
-0.00116877
-8.87985e-7
-0.00063041
1.8675e-6
0.00142712
-3.30111e-6
-0.00161247
4.63052e-6
0.00141332
-4.98636e-6
-0.000985454
3.99178e-6
0.000553538
-1.83755e-6
-0.000221252
1.97777e-7
6.41721e-5
-1.28648e-7
-7.172e-7
-8.71e-7
6.37172e-6
-1.83713e-7
-1.2426e-6
8.97731e-6
-9.39822e-6
7.28613e-6
-6.4592e-6
1.38715e-8
-9.9317e-9
1.54753e-7
4.36046e-6
8.05894e-7
-7.57142e-6
1.84674e-8
-8.0258e-9
1.31651e-5
-1.29383e-5
-7.63046e-7
1.26074e-7
-5.8046e-8
1.33497e-5
-3.5689e-6
4.30394e-6
-7.53744e-6
3.0779e-6
1.01273e-6
-2.5544e-6
-1.64132e-5
1.17421e-5
-5.59865e-8
7.21375e-6
-1.33849e-5
-1.0949e-5
-2.3466e-6
1.4623e-5
1.40742e-5
-2.02168e-5
-2.69425e-5
1.99908e-5
2.02222e-5
-2.71826e-5
4.76527e-5
3.90632e-5
-3.20421e-5
3.02446e-5
-1.86257e-5
1.0406e-5
1.77978e-5
-3.24012e-5
0.0012046
-0.000955974
0.000475122
-0.000350661
0.000269601
-0.000208449
0.000196857
-0.000208162
0.000194231
-0.000119896
6.95172e-5
-2.52013e-5
-1.45382e-6
5.76215e-6
2.46527e-6
-3.96585e-6
9.7728e-6
-2.71164e-6
1.091e-6
4.37591e-6
-1.05265e-5
1.87391e-5
-2.4117e-5
2.40553e-5
-1.39861e-5
3.3014e-6
2.54264e-6
4.17484e-6
7.48237e-6
-1.65146e-5
-5.80781e-7
-7.50929e-6
3.8158e-6
8.56734e-7
6.12612e-5
-9.24781e-5
0.000133506
-0.000147115
-3.4055e-7
-4.16658e-6
7.64221e-6
0.000147292
-0.000219426
0.000255582
-1.27332e-5
1.62246e-5
-0.000282659
0.000311308
1.13819e-5
-1.50565e-5
0.000599808
-0.000313969
-5.69464e-6
5.62568e-6
6.55716e-6
0.000107289
-6.94063e-6
5.22298e-6
-8.67913e-6
1.05217e-5
3.22207e-6
-1.53773e-6
-9.0816e-5
6.77173e-5
7.57331e-7
-3.50474e-7
9.66273e-5
-0.000104786
1.46009e-7
-4.04267e-8
1.3129e-8
0.000133272
-8.71248e-5
5.54762e-5
2.15767e-8
2.06526e-9
1.2827e-8
-4.36269e-5
-0.000689266
-5.95821e-8
9.19149e-8
-0.00115583
0.00154148
0.00159899
-0.00144386
4.19611e-8
-8.89583e-7
8.56123e-7
0.00367047
-0.000279866
-4.55128e-7
-0.000446307
8.31573e-7
0.0023864
-1.43758e-6
-0.00216589
2.48487e-6
0.00161676
-3.4598e-6
-0.00111959
3.98663e-6
0.000715574
-2.8788e-6
-0.000342404
1.46565e-6
7.52392e-5
-4.95677e-7
-1.12702e-5
6.3989e-7
-1.32426e-6
3.97819e-7
5.23944e-6
7.68567e-8
-1.07057e-5
2.86828e-6
-1.996e-6
1.93308e-6
-6.84365e-6
-5.86057e-7
1.03304e-5
-1.15296e-5
7.14015e-6
-2.46095e-10
2.48512e-8
-1.03742e-7
-9.98804e-6
7.24889e-6
-2.42718e-7
4.7394e-9
9.0072e-10
-7.82043e-6
1.31094e-5
-7.43873e-6
-1.15999e-8
4.65782e-10
-1.49781e-5
1.66298e-5
-7.93794e-6
-3.39367e-7
-1.05777e-5
1.0478e-5
-1.4624e-6
5.00989e-9
2.68745e-5
-2.79202e-5
2.10511e-5
6.51066e-6
-1.07627e-6
1.48637e-6
-2.13073e-6
-1.41284e-5
1.27933e-5
1.66806e-5
-1.24214e-5
-8.89955e-6
1.25829e-5
-2.8023e-5
-1.74291e-5
1.44698e-5
-1.47906e-5
3.07222e-5
0.000149099
-0.000153217
0.000449795
-0.000365228
-0.000823636
1.43479e-6
1.87424e-5
-8.24847e-6
9.26663e-6
1.26175e-5
0.000559125
-0.000353248
0.000463258
-0.000341125
0.000201081
-0.000156619
0.000180796
-0.000156863
0.000120834
-6.93273e-5
-5.64656e-6
-4.36379e-7
6.56071e-6
-6.89712e-6
7.34732e-6
-1.18357e-5
1.3715e-5
-1.32774e-5
7.95669e-6
-2.70001e-6
-4.37489e-6
3.59916e-6
1.29229e-5
2.00544e-6
-5.60335e-6
2.77522e-6
-4.39185e-5
-6.93551e-5
6.26294e-5
9.18808e-5
2.51645e-7
-1.12831e-6
0.000144409
-0.000125192
-0.000174552
-1.01085e-7
-3.68947e-6
0.000181071
-0.000163742
2.42387e-6
8.45796e-6
-4.86524e-6
0.000102752
-0.000135423
3.33414e-5
3.40384e-6
-3.69909e-6
2.22726e-5
-2.5488e-5
-7.86676e-5
2.14709e-5
3.99831e-6
-4.16049e-6
4.74817e-5
-2.71578e-5
-6.18436e-5
1.2328e-5
5.92539e-8
4.84796e-7
-1.49564e-5
3.28693e-6
-4.17793e-7
2.37984e-7
1.50682e-5
-1.14988e-7
-5.5068e-6
1.32486e-7
-1.11954e-7
-2.10479e-5
-3.35392e-8
0.000124956
8.53657e-10
-8.38945e-8
2.30043e-7
-0.000568212
0.000411484
5.20935e-7
-0.00142188
3.26403e-7
-1.08713e-6
6.80265e-7
0.00147945
-0.000523833
-9.91952e-7
-0.005472
9.1882e-7
0.00242966
-1.51611e-6
-0.000856555
1.92376e-6
0.000276783
-2.14283e-6
-0.000110818
1.56686e-6
-9.34852e-5
-7.85733e-7
6.49196e-5
4.00511e-7
-4.86797e-7
1.25252e-6
-4.95205e-6
-9.1517e-6
1.32469e-5
1.50993e-6
8.12379e-6
-7.13248e-6
1.27554e-5
-1.9863e-5
1.45735e-5
-7.86277e-8
8.84122e-7
-1.41332e-5
8.47835e-6
5.89878e-9
-2.0904e-8
2.16495e-7
-7.08815e-6
1.68583e-8
-3.84952e-9
1.37092e-5
-1.23065e-5
2.73946e-7
-4.72948e-8
-3.43168e-8
-1.49914e-8
1.09129e-5
-9.74579e-6
5.40379e-7
-3.59866e-7
-2.61095e-7
1.64094e-7
1.29848e-5
-1.42227e-5
-1.66111e-5
-4.93177e-7
-1.1802e-6
5.40831e-7
6.8604e-6
2.7421e-7
-3.59339e-6
1.42167e-6
-1.22272e-7
5.84752e-6
-5.94215e-6
1.14215e-5
2.33767e-6
1.96242e-6
-6.54811e-6
0.000237509
-0.000509617
-8.12144e-5
2.26743e-5
-5.05399e-5
3.39526e-5
-7.13861e-6
-0.000456257
0.000531792
-0.000794908
0.000318968
-4.03135e-6
-2.87624e-5
-5.83198e-5
0.000112904
-8.65047e-5
-4.65938e-5
1.87364e-5
-4.44832e-6
1.2929e-5
-4.76425e-6
7.86817e-6
-5.01396e-6
-3.85207e-6
5.46371e-6
-6.00727e-6
7.09243e-6
-4.51616e-6
-1.54803e-6
5.15008e-7
-3.89999e-6
2.98375e-6
-8.61957e-7
-1.16704e-7
4.09615e-6
-1.75081e-6
6.38394e-7
-1.07075e-5
-1.58363e-5
2.94438e-5
-3.68646e-5
-3.77349e-5
3.73809e-5
2.97165e-7
-3.26329e-7
-1.05429e-7
3.46871e-7
-3.25966e-7
-4.97645e-5
8.6279e-5
0.000118482
-7.25717e-5
8.71466e-7
4.45679e-7
-0.000103939
5.44368e-5
8.03316e-5
-7.94023e-7
8.73482e-7
-5.27175e-5
3.71286e-6
-8.16393e-7
1.05802e-6
3.72095e-6
-4.12708e-6
-1.35957e-6
2.1242e-6
4.15121e-6
-6.89247e-7
-8.10539e-7
-7.95359e-8
5.00885e-7
1.73209e-7
-1.48767e-7
-1.14196e-6
-5.06935e-6
-1.80166e-8
7.63222e-8
2.05475e-5
-6.79358e-6
6.75052e-6
-1.31072e-7
1.50162e-7
-9.11701e-8
9.23074e-8
2.498e-6
-3.9918e-5
7.34933e-7
6.74904e-7
6.81957e-5
-1.09833e-8
1.26033e-7
-1.9818e-7
-0.000240312
0.000336998
4.56701e-7
-7.12092e-7
0.0014239
-0.000803424
-3.69493e-5
4.17714e-7
-0.000122989
1.78545e-7
-8.08572e-7
1.03468e-6
0.00720796
-0.00503934
-4.72034e-7
-0.000646231
6.88649e-7
-0.000790978
-8.44869e-7
0.00124424
1.19159e-6
-0.000696947
-8.39223e-7
0.00039
-2.89331e-9
-8.26206e-8
3.06279e-7
-3.07842e-7
-2.10217e-6
-8.64716e-6
-1.95007e-5
-8.25851e-5
5.91915e-5
-1.15615e-5
3.69096e-6
2.65491e-5
-5.48066e-6
7.42663e-6
-5.69238e-6
-9.62673e-6
9.47705e-9
-4.40528e-6
-4.21772e-7
1.69603e-6
1.45728e-6
1.85452e-5
-1.83126e-5
1.86213e-5
1.538e-5
-1.36051e-5
-2.01927e-8
9.27504e-8
6.8698e-9
4.68079e-8
5.85818e-6
2.15972e-7
-1.90742e-9
1.55079e-9
-5.46081e-6
4.01539e-6
1.09982e-8
3.64065e-9
-3.22308e-6
2.47645e-6
2.08775e-7
-8.46114e-8
-2.20513e-6
1.54179e-6
1.09346e-6
-4.47891e-7
-1.28086e-6
-1.46037e-6
-3.18573e-7
1.86419e-6
-2.51084e-6
2.48342e-6
3.84766e-6
-2.74332e-6
-4.91039e-7
1.45384e-6
-9.79933e-7
1.99066e-6
5.47414e-6
-9.00681e-6
4.86071e-5
-5.91392e-5
-0.000151482
-1.34625e-5
-3.2711e-5
1.11957e-5
-9.45506e-7
0.000337494
0.000734661
-0.000791268
-8.2176e-5
-0.000104834
-2.01181e-5
0.0001058
-0.000161993
9.49786e-5
-0.000618822
0.000920374
2.235e-5
-0.000356112
0.000335721
-1.41521e-5
-6.81168e-5
-0.000163451
0.00012514
-2.99137e-6
1.228e-5
-1.89474e-6
4.95395e-6
-4.83688e-6
3.48958e-6
2.96641e-6
-3.35197e-6
1.63678e-6
1.72042e-6
-5.25909e-7
5.93732e-7
-3.23549e-7
4.26463e-6
-4.63442e-6
-6.98267e-6
-3.80884e-6
7.89605e-6
1.13715e-5
-6.14638e-6
-1.24286e-5
-1.59862e-9
-5.94391e-8
-2.9481e-5
1.33974e-5
2.89671e-5
-3.15813e-7
-5.73924e-8
-7.7323e-8
1.28995e-7
-2.1527e-5
-3.96336e-5
1.43351e-5
1.10493e-7
-6.49268e-8
3.08591e-5
-9.09159e-6
-4.66688e-8
1.38881e-7
3.05857e-7
-1.42391e-6
-3.79138e-7
5.0133e-7
-4.68066e-9
-3.99823e-7
-2.65323e-7
2.7411e-7
3.60916e-7
-1.38164e-7
-1.34622e-7
7.64653e-7
-2.23581e-7
1.713e-7
-2.59602e-6
1.21889e-6
-1.18097e-6
-4.14275e-8
-4.38633e-9
-1.00417e-6
-1.84501e-9
2.50468e-7
3.83102e-9
2.37289e-8
-1.40702e-5
-3.13823e-8
4.22362e-6
-3.00549e-8
1.78398e-7
-1.42238e-7
0.000348228
-0.000378985
1.61138e-7
-5.61977e-7
0.000150092
-0.000539753
0.00114769
3.23365e-7
-1.89355e-7
0.00220866
-7.24551e-8
4.29727e-7
-6.01494e-7
0.0036095
-0.0029977
3.82587e-7
-0.00228143
2.99278e-7
-6.04271e-7
3.45139e-7
8.6575e-8
-4.1784e-8
-5.87618e-7
-5.12847e-5
4.33547e-5
-0.000442089
0.000241788
-0.000342644
1.17592e-6
0.00021148
-1.34227e-6
2.21616e-6
-3.51762e-6
5.6738e-6
-9.1426e-6
-6.34291e-6
-1.30395e-5
1.17774e-5
-1.1878e-5
-7.38444e-8
6.45281e-8
1.06642e-5
-1.01142e-5
-5.2469e-6
3.9364e-6
-1.48872e-9
1.14135e-8
4.82777e-9
-1.16311e-8
9.01222e-7
-3.92608e-7
5.66905e-7
-5.2427e-10
-1.3307e-6
1.15894e-6
-9.66361e-7
5.66892e-9
-4.33653e-7
1.31985e-7
-3.64284e-7
2.39611e-8
3.97365e-7
-3.82383e-7
3.56638e-7
-7.30229e-7
-2.46633e-7
6.73976e-7
3.66239e-7
-2.52174e-7
-2.25769e-8
-1.63592e-7
5.85542e-7
-1.04389e-6
-5.4152e-6
-1.96546e-5
-4.25783e-6
-5.2786e-7
-5.53368e-7
-0.000377604
0.000342015
0.000811102
-0.000568177
-0.000149546
0.000359769
-0.000124683
0.000397135
-0.000530333
0.000295059
2.6338e-5
-6.08043e-6
-0.00029407
-0.00103953
0.00116923
-0.000659334
3.63474e-6
-0.000181348
0.000262802
-1.10653e-6
-4.68267e-7
1.37256e-6
1.43143e-6
-1.46422e-6
-1.35559e-6
1.93517e-7
-4.5368e-7
-4.95902e-7
1.25714e-6
-7.58597e-8
1.15068e-6
2.59582e-6
-1.85851e-6
8.23465e-8
9.62995e-8
3.2401e-7
-1.0462e-6
1.94805e-6
7.72629e-7
-3.58678e-7
4.65959e-6
-1.11936e-6
2.48599e-8
1.16284e-8
6.99636e-9
-3.94528e-7
-4.56896e-6
1.2335e-6
-1.04863e-5
3.16831e-6
-1.62246e-8
-6.40194e-9
6.77169e-6
-1.58645e-6
-3.65927e-6
3.32684e-8
2.60965e-9
-1.56419e-9
8.37716e-7
-3.76228e-6
1.94808e-6
4.65323e-9
1.25031e-8
1.31518e-6
-7.86135e-7
3.43199e-7
-1.02958e-7
8.43227e-8
-1.92856e-7
8.17437e-8
-9.68358e-9
-8.71495e-8
-3.06683e-8
1.28991e-7
-1.08067e-7
-9.66951e-8
7.52034e-8
5.11389e-7
-1.13915e-7
9.96548e-8
-9.00785e-8
2.07465e-7
3.46474e-8
-5.67225e-9
-1.97902e-7
-1.73954e-7
-2.0202e-8
5.81364e-9
2.48322e-6
-5.98606e-7
-4.79736e-9
1.26793e-9
2.28957e-6
-8.45114e-6
-7.64666e-11
1.24896e-8
9.12687e-5
-3.03576e-5
-5.39733e-8
9.84358e-5
1.96098e-8
4.967e-8
-6.36033e-8
0.000134157
-9.67275e-5
6.32977e-8
-2.13732e-7
-0.00146302
0.00058033
6.80044e-9
2.00675e-7
-0.0022846
0.00102185
-0.000107929
0.000690164
-1.75348e-7
1.83008e-7
0.00341285
-2.01519e-7
-7.62957e-8
2.50519e-8
5.90176e-8
-8.84112e-8
-0.000321909
-0.000921995
0.000734195
-9.12727e-5
0.00157406
0.0001962
0.00245961
-1.755e-7
-0.00125321
3.32629e-7
0.000861921
-1.76877e-7
3.53516e-7
-6.90024e-7
1.72653e-6
1.13126e-6
-2.70899e-6
2.2508e-5
3.78361e-5
-6.65292e-5
-0.00021028
3.20846e-6
-6.5805e-6
-3.17466e-6
6.80179e-6
2.38156e-7
-1.18303e-6
-1.2167e-7
6.52081e-6
-6.12368e-6
1.55561e-6
3.56385e-9
6.10236e-8
1.47833e-7
-3.7456e-7
1.91297e-10
-2.01962e-9
5.54802e-10
5.59979e-10
6.41087e-7
-4.65832e-7
-3.88768e-10
-1.33073e-9
-3.06808e-10
6.18044e-10
2.22428e-9
-2.30548e-8
1.13075e-8
-9.74999e-9
-2.74381e-8
7.45572e-9
-8.2978e-8
1.47255e-7
6.4556e-8
2.5871e-8
-4.88482e-8
5.11902e-8
3.39075e-8
3.1384e-7
-4.4087e-7
-3.34857e-7
2.25689e-6
7.68678e-7
1.85383e-6
-3.58064e-6
-1.55942e-6
2.02609e-7
-6.60649e-6
-3.10021e-5
9.55053e-5
9.46533e-5
1.54279e-5
-4.50825e-5
-1.1923e-5
2.10257e-6
-0.000177191
0.000289882
3.8125e-5
-6.89288e-5
2.78699e-5
-5.8922e-5
0.000271425
0.00107828
0.000315601
-0.000561012
0.00155815
-0.000516479
-0.00126538
0.000909826
0.000390519
-0.000225182
-0.000813302
0.000456316
5.56051e-8
-3.52958e-8
5.13426e-7
-3.43672e-7
-1.80018e-8
-7.16227e-7
8.93652e-7
-1.86718e-8
-2.09766e-8
-3.09923e-8
3.44677e-8
-1.86464e-7
4.29485e-8
-3.75667e-8
5.4272e-7
-2.51781e-7
-3.99043e-7
3.40554e-7
-2.87371e-8
6.73436e-8
-7.86956e-9
5.64663e-8
-1.51261e-7
-3.09898e-7
5.38175e-8
-6.8828e-7
8.70173e-8
1.19593e-9
2.89132e-9
1.71785e-9
-1.83421e-8
2.03084e-7
2.65518e-8
4.93139e-7
2.67559e-8
-3.49885e-10
-8.97047e-10
1.28009e-7
-5.81374e-8
-2.1802e-9
3.6139e-9
-2.962e-8
-1.37683e-7
2.16006e-8
-2.96599e-8
-8.44951e-10
1.96551e-8
2.75825e-8
-4.32996e-8
-3.77003e-8
-1.34689e-8
4.82981e-8
-4.55799e-8
-2.78986e-8
3.80457e-8
2.32393e-8
-4.16978e-8
2.3466e-8
-1.82412e-8
1.56943e-7
-2.96947e-8
1.00139e-8
-2.89212e-9
1.42652e-7
-8.51437e-7
-4.59793e-9
1.86271e-9
5.23386e-6
-1.39587e-6
-2.27025e-9
1.38289e-9
4.83146e-6
-4.28442e-6
4.03402e-10
2.01049e-9
-3.76476e-5
2.0231e-6
-2.22277e-8
1.01479e-8
3.41347e-5
-7.94322e-9
-1.15127e-8
-4.86114e-9
-0.00104788
0.000300395
-1.2207e-9
2.85824e-9
-0.00430748
0.00326683
4.20085e-9
-6.07447e-12
-0.00305767
0.00294143
-0.000973538
-2.94515e-8
7.82586e-8
-0.00144137
-0.000601445
1.01529e-8
0.00217488
-1.02072e-8
-0.00234919
-3.77166e-8
8.17489e-8
-2.77211e-8
-8.97219e-8
2.76558e-7
1.47357e-7
-4.30881e-7
0.000211698
0.000390051
-0.00050274
-0.00116541
4.81938e-7
-1.3302e-6
-4.35823e-7
1.27961e-6
-2.54287e-6
-2.64292e-5
1.63818e-5
8.67566e-5
-8.0997e-7
2.25312e-6
-2.12358e-8
1.47999e-8
-5.0443e-8
-3.13182e-7
2.99323e-7
8.92616e-7
2.04682e-7
-5.93527e-7
-1.84262e-7
-1.38363e-9
1.27323e-6
-1.30065e-6
4.42256e-7
-2.41811e-9
4.26999e-7
-3.01362e-7
1.84401e-7
3.75472e-10
5.38625e-8
-4.03518e-8
3.17424e-8
8.16723e-9
-4.08932e-8
-2.93309e-8
1.23761e-7
1.06997e-7
-7.19832e-7
2.06404e-6
8.30124e-7
-1.34484e-7
-7.09973e-7
-1.68804e-6
5.42051e-6
5.47099e-6
6.77633e-6
-9.10988e-6
-1.31895e-5
4.9872e-6
-8.1179e-6
-4.73105e-6
-1.34976e-5
5.41304e-5
0.000167934
-0.000410307
-0.00015314
4.51351e-5
-5.45642e-5
0.000194072
-0.000482214
-0.00140369
0.00116401
5.63396e-6
0.000700521
-0.00115181
5.4533e-5
0.00222749
-0.00217678
-0.00175776
0.00181755
-0.00114227
-3.7416e-7
-3.43145e-8
5.13278e-7
-1.45173e-8
7.84871e-8
1.46202e-8
-1.49118e-8
5.43123e-8
-7.55105e-9
7.3094e-8
1.56796e-8
4.89818e-8
6.74348e-8
4.07368e-10
-4.56074e-9
7.62287e-8
-2.33051e-7
1.72645e-7
-4.23258e-8
-2.09085e-8
1.21961e-9
1.5647e-8
-1.17163e-8
3.47473e-9
-5.91483e-10
3.14678e-9
-7.53208e-9
-2.40451e-8
5.76387e-9
-3.95667e-8
9.27203e-9
-1.22498e-10
1.95007e-10
-9.83053e-10
5.39522e-9
5.19972e-9
-2.57035e-7
5.60272e-8
1.17734e-9
-5.56104e-9
8.77603e-8
-2.15126e-8
6.03748e-8
-2.34064e-8
-2.66743e-9
8.92466e-9
-2.25219e-8
5.23548e-9
5.1491e-9
5.42834e-9
-1.13768e-8
1.50027e-8
2.43643e-9
-1.71298e-9
1.00993e-8
-2.53178e-9
-1.75956e-8
2.05359e-8
-1.97647e-8
4.80152e-9
1.36088e-8
-1.24569e-8
8.33638e-9
5.79338e-9
-5.20844e-8
4.86269e-9
-3.46517e-9
2.9449e-7
-6.4067e-8
1.93092e-9
-4.88304e-10
2.00161e-7
-3.05013e-7
-1.11567e-9
2.37366e-10
-1.02521e-6
1.04004e-7
-1.29007e-9
6.41167e-9
1.9762e-6
-1.77396e-5
1.21462e-10
-2.23825e-9
1.17615e-9
-3.8305e-9
-9.98194e-5
4.71452e-5
4.72663e-5
-5.10771e-6
-0.000149006
4.31789e-9
2.00851e-9
-0.00017667
1.0371e-9
-2.42702e-9
8.93803e-9
-2.55998e-9
1.18504e-8
1.60316e-8
-9.76296e-9
-2.38191e-8
4.99337e-8
-0.00119996
-0.00195506
0.00190691
0.00129711
-0.00162683
0.00267824
0.003481
1.37506e-8
-5.11108e-8
4.13834e-8
-1.51998e-7
-2.39013e-8
1.21865e-7
-6.55728e-5
-0.00025494
0.000206105
0.000625697
-2.14171e-8
2.1205e-7
-1.46349e-7
1.66543e-7
-1.14766e-6
-1.14157e-6
3.16306e-6
-3.25923e-6
-5.61525e-7
2.6514e-6
-2.40171e-9
4.19134e-8
-5.00941e-8
-2.26386e-7
-1.01311e-6
2.83673e-6
-5.74513e-9
1.98702e-8
-1.96135e-9
-2.54486e-8
2.56978e-8
4.64733e-7
-2.73512e-8
2.34979e-8
4.97397e-9
-5.94348e-8
-4.38325e-8
3.60889e-8
-9.2213e-8
9.37339e-8
1.9772e-7
-2.41595e-7
9.92076e-9
1.45872e-8
1.72021e-7
-1.12613e-6
-5.32203e-8
-5.67011e-8
3.26963e-7
3.69416e-7
-6.3056e-6
1.72172e-5
8.88659e-6
-2.88897e-6
-4.76555e-7
-2.64034e-6
2.01432e-6
-1.66382e-6
4.72423e-7
5.20324e-5
-5.65304e-5
2.97556e-5
-2.30905e-5
4.21189e-5
-8.31796e-6
1.18055e-5
-6.9385e-6
-0.000206253
-0.00107707
0.00216717
-0.0012655
0.0011058
-0.000795552
0.000407415
0.000523538
-0.000679934
-0.000294822
0.00168624
-0.0031318
0.00303856
3.81162e-9
-8.40337e-10
3.34041e-9
-1.31363e-8
-1.89572e-9
-1.42915e-8
-2.27121e-8
6.5211e-10
-1.31196e-8
1.23208e-8
-6.85759e-8
2.53376e-10
-7.30208e-10
-1.15342e-9
2.90433e-9
2.02908e-9
1.35994e-9
8.88256e-9
-1.5566e-8
6.99058e-9
1.61036e-8
6.83794e-9
-2.15287e-9
7.25495e-10
-4.42031e-10
2.89063e-9
8.15352e-9
-2.7056e-10
-9.3852e-10
1.05376e-9
-1.3117e-9
3.00579e-10
-5.70397e-10
1.96672e-10
-3.38943e-10
-3.2264e-9
7.33519e-10
-1.20353e-8
2.33861e-9
1.86102e-9
-7.51029e-12
3.46811e-10
7.19021e-10
-7.59285e-10
9.31845e-10
1.19555e-9
5.02567e-9
-2.98222e-9
3.93083e-9
3.13127e-9
-1.25325e-9
-5.76446e-9
5.90826e-9
2.62134e-9
-7.91393e-9
1.22836e-9
-4.56309e-9
-1.89622e-9
4.26947e-9
1.66865e-8
-3.71582e-9
-4.06334e-10
1.1418e-9
7.13104e-9
-6.69379e-9
-3.16721e-9
8.4259e-10
-3.34447e-8
6.91243e-10
1.17002e-9
1.50241e-10
6.85042e-8
-9.21948e-7
-1.04496e-9
-3.49267e-10
1.81236e-6
9.86245e-7
7.81776e-10
3.63646e-10
7.46299e-6
-1.32456e-9
7.00296e-5
5.62549e-11
2.55181e-10
3.11985e-10
-7.25526e-10
0.000561076
-0.000152314
-0.000115199
3.01151e-5
-2.05951e-10
8.5982e-10
1.14204e-5
0.000506602
-0.0011715
4.45137e-10
-2.23535e-9
0.00114515
-0.00157661
-0.000256983
2.68545e-10
6.43393e-11
-0.00252485
0.00294824
0.0019384
-8.1161e-11
-1.90339e-9
0.0032756
-0.00380161
-0.00362918
1.92303e-9
-5.67109e-9
-0.00363696
0.00303853
2.40073e-9
-5.50411e-9
5.01685e-9
-8.13997e-10
-7.48969e-9
2.9536e-9
1.05589e-10
-0.000514203
-0.00115534
0.00109424
0.00277322
1.91439e-8
-2.34987e-8
-4.53071e-8
1.15116e-7
-6.10475e-6
2.67798e-5
6.25826e-6
-0.000103714
-3.51151e-7
3.74201e-7
1.58345e-6
-2.64173e-7
2.43453e-7
8.93141e-7
-7.01515e-7
-2.90075e-6
-2.97955e-6
7.67451e-6
-2.63457e-6
4.9365e-8
-1.99422e-6
7.08195e-6
-2.99381e-6
6.09203e-8
1.16781e-6
5.38993e-7
-1.82133e-7
2.08244e-7
-3.19223e-9
3.12606e-7
-4.07103e-8
-2.17608e-8
3.27237e-6
-1.24171e-5
2.16553e-7
5.78246e-7
-2.38725e-7
-2.93019e-7
-7.17265e-8
3.3893e-6
-4.15757e-5
8.8033e-5
5.00979e-5
-2.23616e-5
1.12491e-5
-6.06673e-5
1.91585e-5
-0.00010049
-0.000205095
0.000551798
-9.70146e-5
8.64676e-5
-5.19855e-5
0.000648075
-0.00205078
0.0021342
-0.00102237
-0.00136016
0.00077487
0.000121176
0.000231923
0.00149576
-0.00161432
-0.00266528
0.00252407
0.00232148
-0.00293412
0.00232453
-0.00252648
0.00202073
2.95314e-8
-1.36236e-9
-1.07171e-8
5.51782e-11
1.78926e-10
3.0365e-10
-4.94527e-10
-9.64816e-10
-1.94224e-10
-3.61764e-9
6.62446e-10
-1.97319e-9
-3.12062e-9
1.76727e-9
-8.01848e-10
-6.64828e-9
-1.75956e-9
1.81112e-9
1.08228e-9
-1.0621e-10
6.66024e-10
4.69476e-10
6.23948e-11
9.08649e-11
-6.90007e-11
1.20676e-10
-2.34206e-10
3.27452e-11
-1.10497e-10
1.3592e-10
-2.03767e-10
-1.34827e-10
1.8385e-10
-3.8168e-11
-7.61624e-10
2.2755e-10
2.36736e-9
-8.07218e-11
3.24522e-11
7.60138e-10
-1.80201e-9
1.98007e-10
-1.31752e-9
-7.84854e-10
8.70421e-10
1.12448e-9
6.43888e-10
-1.45225e-11
5.78753e-10
-1.60067e-9
2.15139e-9
-6.55367e-10
-8.95526e-10
-3.00622e-10
1.26844e-9
7.09475e-10
-5.68229e-10
4.84111e-10
-7.3287e-9
1.59354e-10
4.62133e-9
8.40963e-9
2.12103e-8
-6.70774e-9
-1.1908e-8
8.23894e-9
-6.61433e-9
2.30209e-8
-3.73982e-8
1.00326e-8
1.26538e-8
3.90735e-7
-1.51491e-7
1.53811e-9
1.31505e-9
-5.01574e-10
-1.52205e-6
-7.47777e-6
-1.39614e-10
-2.09412e-5
6.4407e-6
4.5168e-10
5.60932e-11
-7.41188e-6
4.31386e-6
-7.64931e-11
-9.73851e-11
-9.09174e-5
2.31324e-11
-6.33131e-11
-1.53791e-10
1.2949e-10
-9.33666e-10
-6.51492e-10
1.1428e-10
8.97648e-11
2.58194e-10
-5.85397e-10
0.00248021
0.00307978
-0.00338734
-0.00207312
-0.0024376
-0.00364018
-1.05527e-9
-9.13485e-10
-1.02422e-8
2.90884e-8
9.88913e-9
7.72492e-6
0.000285919
-4.90417e-5
-0.0006108
-1.40672e-7
1.41312e-7
5.7169e-7
-6.39276e-8
1.94683e-6
7.57349e-6
-3.89492e-6
-1.69633e-5
-1.60274e-6
4.11465e-6
-4.81561e-7
1.51064e-7
-4.69085e-7
1.00618e-6
-7.18305e-6
1.68992e-5
-6.26601e-6
4.99529e-7
-9.8259e-7
8.58291e-7
-4.47683e-6
1.5628e-5
-7.30456e-6
8.06781e-7
-2.27454e-6
2.08774e-6
3.82286e-6
-3.37622e-7
-7.5525e-7
-3.63816e-9
-4.29291e-6
4.81649e-6
-1.03308e-6
-4.36867e-6
1.42669e-6
-2.24763e-6
2.96259e-5
-7.38472e-5
-1.06319e-5
9.57923e-6
-6.12332e-7
4.04196e-5
-2.82589e-5
0.000147783
-0.000169145
0.000354453
9.98245e-5
-9.0046e-5
0.000241363
-0.000240403
-0.000157043
0.000209937
-7.57089e-5
0.00394835
0.00156722
-0.00164636
-0.000224056
0.000149936
-0.00123227
4.09693e-5
-0.00277095
0.00198584
-0.000712917
-0.00100123
0.00240308
-0.00274397
-2.57919e-10
-6.06288e-11
5.65011e-11
3.37023e-10
1.2657e-10
4.90833e-10
1.42263e-9
1.88978e-9
3.89951e-9
-2.6566e-10
6.20642e-11
-1.60222e-9
1.02625e-10
-4.23943e-11
-1.34558e-10
-1.12349e-10
-6.64367e-11
-5.33727e-10
1.16763e-10
-2.87175e-10
8.8974e-11
-1.42096e-10
2.12743e-10
-1.06615e-10
-4.82661e-10
1.03097e-10
-2.2031e-10
9.07364e-11
3.81715e-12
1.95375e-11
5.73226e-11
-2.18416e-11
9.22858e-11
5.6196e-11
1.08457e-11
6.70035e-11
8.83167e-12
-2.26089e-11
-5.66625e-11
-1.46286e-10
-1.49484e-10
3.21057e-10
-1.80172e-10
1.01028e-10
2.7322e-10
-3.28135e-10
1.17935e-10
4.26551e-10
4.39725e-10
5.83138e-11
-5.72224e-10
-5.86696e-10
6.43035e-10
-7.28171e-10
1.46401e-9
2.11931e-10
1.0207e-9
4.34926e-10
-3.78825e-10
-3.14039e-9
1.23449e-10
-7.09283e-9
-5.65399e-9
5.75661e-9
3.38738e-8
-3.58798e-8
3.31671e-8
-2.75046e-8
1.8915e-8
5.8783e-8
-1.30987e-7
1.47826e-8
4.44982e-8
-3.62639e-8
3.04586e-8
-8.34245e-9
5.02802e-7
1.00585e-6
-4.79393e-9
3.45334e-6
1.63493e-7
9.91708e-9
2.60598e-9
-4.82082e-6
-4.66409e-6
-5.01035e-10
1.53671e-10
-1.87706e-12
1.66295e-5
0.000142065
-2.14697e-11
1.22338e-11
0.000216321
-0.000166053
2.59388e-11
4.97589e-12
1.45687e-5
-0.000519904
-6.2203e-11
6.25235e-11
-0.000246578
0.00131685
-2.68009e-12
-2.68344e-11
0.000969221
-0.00250533
-1.51702e-12
8.12633e-11
-0.00187317
0.00350238
-1.31792e-10
4.20849e-10
0.00241705
3.5864e-11
-9.91623e-10
1.07556e-9
5.05247e-9
-7.30767e-9
1.95703e-9
-4.05214e-5
-0.00108067
0.000999742
9.711e-5
-0.000305394
0.000780486
3.84697e-9
-5.17074e-8
1.4222e-7
-1.36579e-7
7.65291e-8
2.79515e-8
4.14792e-6
3.88182e-5
-7.22589e-5
-6.53104e-7
1.36324e-6
1.09527e-7
-1.25766e-7
-3.12305e-6
6.70404e-6
-3.58483e-6
8.22837e-6
-7.58601e-7
2.59985e-7
-2.53153e-6
3.28674e-6
-1.58668e-5
3.74226e-5
-1.34996e-5
4.15149e-7
-5.15149e-6
5.20558e-6
-1.02976e-5
3.1679e-5
-1.74787e-5
1.15515e-7
-1.15182e-5
1.14124e-5
1.51874e-5
7.34534e-6
-1.10557e-5
4.27992e-6
-2.38349e-5
2.65582e-5
1.21082e-5
2.62304e-5
-6.99037e-5
7.3956e-5
-8.18517e-5
6.04388e-6
0.000153391
-0.000149635
6.49674e-5
-0.000187702
0.000179711
5.23494e-5
-0.000686263
0.000648919
-0.00321647
0.000631449
-0.000919962
-0.00061056
0.000594333
-0.000616735
-0.00031772
-0.00767695
0.0111246
-0.00293971
0.00405188
0.00235625
-0.00248889
-0.00183869
0.00139321
0.000803065
0.000118958
0.000107507
-0.00141798
-0.000210801
0.00184279
0.000100999
6.27774e-10
-1.53416e-10
1.23916e-11
1.71888e-10
1.56015e-10
6.80734e-11
1.16675e-10
1.26751e-10
-7.40683e-11
1.50164e-10
4.17319e-10
-5.85162e-10
-5.35176e-11
-8.40456e-11
-2.55423e-10
-4.77404e-10
-4.20888e-10
-1.81111e-10
-8.56662e-11
-7.75472e-11
3.67745e-11
-3.08512e-12
-1.73701e-11
-1.93369e-11
5.62565e-12
-4.25192e-10
-3.1831e-10
1.01296e-10
3.60315e-10
-1.32891e-9
1.36498e-11
-2.48286e-11
2.23993e-11
-1.76828e-11
-5.46011e-11
2.86952e-10
5.79054e-10
1.39778e-10
1.25219e-9
1.62266e-11
8.03654e-11
-9.33633e-11
8.39728e-11
-1.6641e-9
-2.20629e-10
5.35666e-10
1.31335e-10
-3.95324e-10
-1.58517e-9
-1.16394e-9
-1.86735e-10
1.17418e-10
4.67616e-9
1.94193e-9
-7.27286e-9
-9.37396e-10
-1.14472e-9
-2.40013e-10
1.43064e-8
1.90428e-8
2.32265e-8
-3.05924e-9
1.26791e-8
-2.84271e-8
2.5252e-8
-4.05754e-8
-7.52605e-8
-5.19032e-8
-2.63159e-8
5.46431e-8
-5.94626e-8
7.45143e-9
3.73087e-8
-5.38713e-8
4.8464e-8
-5.08806e-8
4.13294e-8
3.00882e-8
-7.816e-7
-1.95215e-6
3.65331e-6
6.3754e-9
-2.52919e-10
-5.4002e-9
1.48506e-9
-6.21149e-10
-1.46198e-5
6.78968e-6
7.12989e-11
1.89645e-10
-0.000130034
2.15594e-5
-4.72231e-10
0.00102695
-6.43549e-5
2.91106e-9
1.03143e-9
-5.00249e-10
2.09732e-10
-0.00279078
0.00524954
-0.00359718
0.000970995
-1.06305e-10
1.18099e-11
0.00308667
-0.00513765
-0.00133957
-3.84002e-11
2.65013e-11
-0.00268381
0.00515525
0.00123647
-1.06839e-10
5.00311e-11
0.00306394
-0.00399143
-0.000561253
1.67581e-10
-1.79345e-11
-4.67537e-11
-0.00184482
-0.000219931
-1.8519e-10
3.73361e-10
0.000964789
-5.33992e-11
-3.06276e-9
4.87552e-9
-2.03281e-8
1.65493e-8
1.70261e-8
-3.44136e-5
-0.000446043
0.000140681
4.47498e-5
0.00103887
-1.24957e-7
2.93452e-7
-3.40992e-7
2.30781e-7
2.34043e-7
5.42476e-7
2.09885e-5
-1.99856e-5
-4.97934e-6
-5.71458e-5
-1.38768e-6
2.23174e-6
1.2429e-7
-1.52307e-6
-2.43929e-6
5.70631e-6
-6.20284e-6
1.40474e-5
-1.16718e-6
-3.36946e-6
-2.49412e-6
3.05057e-6
-3.26857e-5
8.88678e-5
-2.6937e-5
-7.16462e-6
-6.16386e-6
6.87378e-6
-3.47963e-5
0.000143391
-0.000116171
-1.22782e-5
-1.67117e-5
1.71221e-5
0.000120165
-2.95541e-5
-4.12772e-5
-0.000280942
0.00022481
8.26528e-5
0.000143372
-0.00011764
4.09488e-5
-5.62938e-5
-0.000305686
-0.000107525
0.000520546
-0.00122266
0.00167728
-0.000271304
-0.000767295
0.000762855
-0.000265897
0.000326048
0.00791659
-0.00676535
0.0051876
-0.0111774
0.00192405
-0.00179378
0.00284305
-0.00247198
-0.00179122
0.00206517
0.00103553
-0.00115608
-0.000517499
0.000840284
-0.00069913
0.00189842
-0.00129349
-0.00192313
0.00165441
0.0012581
1.66495e-9
5.41445e-10
-2.64472e-9
8.45745e-10
8.00592e-10
1.18804e-9
7.32236e-10
2.30627e-10
4.41442e-11
7.66273e-11
1.8475e-12
3.3673e-9
-3.67036e-9
1.60618e-9
-1.72371e-9
-1.40138e-9
9.59656e-9
-2.08638e-10
3.2983e-11
-1.3872e-10
8.3493e-11
1.76755e-12
-5.9165e-11
-1.45757e-9
6.11529e-10
-3.27729e-9
-4.10224e-9
-1.36023e-8
1.3772e-10
-1.26889e-10
7.24644e-11
-3.55933e-10
1.9673e-10
6.2128e-9
3.15015e-9
1.16701e-8
1.55102e-9
4.03379e-10
8.44211e-10
-3.40615e-10
1.74444e-9
-1.37766e-8
-2.7611e-9
2.60418e-9
-2.1378e-9
-8.38573e-9
-1.43865e-8
-4.60875e-9
-5.13882e-9
6.21324e-9
1.25313e-8
3.11041e-8
-1.13061e-7
-1.29967e-8
-1.30857e-8
4.47085e-9
-7.35117e-9
-1.43755e-8
2.90231e-7
2.74559e-7
2.50666e-7
-3.82435e-7
-6.01125e-7
-3.52128e-8
-5.51995e-9
-2.115e-8
1.78636e-8
-4.21526e-8
1.57464e-6
9.14309e-7
1.114e-6
-7.03906e-6
8.30573e-6
-1.62504e-8
-6.42362e-9
4.40786e-10
-1.0074e-9
2.4699e-10
2.70997e-5
-0.000118488
4.2644e-5
-3.2385e-5
8.8235e-10
-1.50337e-9
0.000116505
-0.000267709
0.000439983
-1.53821e-8
2.39122e-9
-2.96539e-9
7.23197e-10
0.00401063
5.1077e-10
1.58426e-10
1.86812e-10
-4.74612e-10
1.35181e-10
-3.19098e-10
7.75672e-11
-3.30498e-10
5.35121e-10
-0.00101674
-0.00262711
0.00249851
0.000981771
0.00489292
-0.00166424
1.42982e-9
-0.000601238
-4.67972e-9
-2.22941e-10
-1.20063e-8
3.55709e-8
-1.05734e-8
-4.99235e-5
0.000186454
0.000145569
4.82402e-5
-0.000227989
-3.7348e-8
-8.59015e-8
-8.8213e-7
4.30146e-7
9.39391e-7
7.03773e-6
-1.71557e-5
-7.33885e-6
-5.61353e-6
2.31953e-5
-3.96883e-6
6.75966e-6
-5.7952e-7
-3.19977e-6
1.36261e-6
-6.61909e-7
-2.05174e-5
4.96147e-5
-1.26553e-5
-6.88459e-6
1.19048e-6
-1.41889e-7
-0.000132913
0.000297384
-0.000266369
-1.55968e-5
1.22404e-6
1.05147e-6
0.000192748
-0.000297168
0.000365527
-0.0012681
0.00114037
8.64139e-5
3.80033e-5
-2.93051e-5
4.41021e-6
-1.43224e-6
-0.000864443
0.000459219
-0.000923129
0.00246891
-0.000801233
-0.000442618
-0.000416597
0.000310105
-8.30577e-5
0.000106257
0.000707389
0.00291241
-0.00111136
-0.000526411
-0.000100127
0.000539989
0.000998042
-0.00119448
-0.00168291
0.00145696
-0.00140385
0.00209599
0.00068621
-0.000995198
-0.000604219
0.000169949
9.24305e-5
0.000395276
-3.38288e-9
-2.71474e-9
-9.53057e-10
-2.31306e-10
1.80796e-8
-2.98171e-8
5.65024e-9
-5.32957e-9
9.98593e-9
3.26814e-9
1.77388e-9
1.04979e-10
7.38909e-11
7.89635e-10
-1.63404e-10
7.18798e-11
-4.51481e-8
4.94936e-8
-1.04845e-8
2.45707e-8
1.36736e-7
-2.09245e-9
1.06238e-9
-1.17042e-9
1.10077e-9
-7.11503e-10
-1.17535e-10
-3.04264e-8
-1.03135e-7
1.01197e-8
-1.31236e-7
1.24338e-7
-4.22615e-10
2.54511e-9
-1.99443e-11
-3.24533e-9
-4.17082e-10
7.46156e-8
1.70711e-8
2.77959e-8
7.91257e-8
-1.31709e-8
2.74491e-8
-1.19697e-8
3.07666e-9
3.7106e-8
1.63325e-8
3.63403e-8
-1.5881e-7
-3.44565e-8
1.92167e-8
6.13637e-8
-4.89731e-8
3.91731e-8
-5.6722e-8
-1.22006e-6
-1.00138e-6
-5.62503e-7
5.00938e-6
1.79723e-7
-1.59144e-8
3.59974e-8
-3.67088e-8
1.52792e-8
-3.69198e-6
-3.2715e-5
-3.37648e-7
-1.90913e-5
4.1006e-5
2.96127e-8
-2.57709e-8
2.71125e-8
-2.16126e-8
5.78889e-9
0.000295266
-0.000650591
0.000174932
-0.000343298
4.91132e-9
9.79526e-10
0.000702924
-0.000315777
-0.000316918
7.80456e-8
8.44962e-9
1.35682e-10
2.61102e-9
-1.85669e-9
-0.00526955
0.00484704
-0.00444867
0.00417343
4.32679e-9
-8.63293e-10
-0.00314813
0.0050669
7.62451e-10
-2.59609e-10
0.00245423
-0.00509315
1.3594e-9
-0.00184079
-2.51189e-9
1.20835e-9
9.55439e-10
1.0488e-9
-6.27499e-9
-7.58837e-10
-0.000263409
0.00165699
0.000557746
-0.000807476
-0.0031796
0.000154499
1.4095e-8
0.000568488
-4.65132e-8
7.63117e-8
1.94014e-8
1.53153e-8
-4.43537e-8
-5.63126e-5
0.000378753
-0.000183082
3.72394e-6
-0.00122106
2.22758e-7
-5.09325e-7
1.10199e-7
1.77214e-6
-3.13409e-6
2.8094e-6
-1.86389e-5
4.95673e-6
-8.79925e-7
5.40101e-5
1.15423e-5
-3.01597e-5
3.1166e-7
1.28347e-6
-1.67159e-6
6.90702e-5
-0.000119071
-2.25292e-6
1.22941e-6
-2.92966e-6
7.12851e-5
-0.000705851
0.00170092
-0.00315881
0.00191116
3.71275e-5
-3.01269e-6
-8.73047e-7
-1.84741e-6
6.85155e-6
-0.00190567
0.00296117
-0.00500304
0.00715181
-0.00496681
-0.000229538
-3.24301e-5
1.55252e-5
1.94071e-6
-3.57616e-5
0.00453314
-0.00209197
-0.00269109
0.00215366
-0.00176523
0.0029495
-0.0023443
-0.00045389
-0.00039549
-3.28625e-5
-0.00012145
0.000576982
6.51805e-5
-0.00013011
0.00260156
-0.0012326
-0.00268975
0.00171736
0.00235265
-0.0021595
-0.00109648
0.00102567
-3.63691e-8
-1.10168e-8
-7.62008e-9
-1.76545e-9
2.6252e-7
-2.4322e-7
1.02546e-7
-1.78248e-7
2.03476e-7
4.12293e-8
2.23996e-8
1.49804e-8
4.84971e-10
-1.52911e-9
8.07168e-9
-2.30856e-9
2.99073e-7
-7.16057e-7
1.13473e-6
-2.28075e-6
3.2447e-7
-4.28576e-8
3.67223e-8
7.85665e-9
-3.2416e-10
-6.70219e-9
3.15382e-9
-2.55273e-7
-1.36993e-7
-7.88044e-8
-6.74938e-7
7.2235e-7
1.24636e-8
1.61179e-8
1.04976e-9
1.7246e-8
-4.14685e-8
-1.19297e-7
-1.12202e-7
1.02323e-6
7.01929e-7
-1.04383e-7
1.02171e-7
3.28472e-7
5.31143e-7
-2.41265e-7
-1.45951e-7
5.96575e-7
8.029e-7
-6.0775e-7
-6.30539e-7
3.52596e-7
2.38844e-6
1.19866e-6
6.58287e-8
1.90705e-6
-6.78565e-6
-9.75267e-6
-7.75525e-7
1.37916e-7
8.41472e-8
7.14324e-5
3.72761e-5
9.17548e-5
-0.000108665
-8.99687e-7
-0.000220242
3.10902e-7
-2.04042e-7
6.33943e-8
0.00151789
-0.0021776
0.00078167
-0.00147127
2.3029e-7
-1.27802e-7
0.00142317
-0.00077672
9.60073e-8
-0.00137411
-9.7332e-8
6.10501e-8
-1.849e-8
-0.00320611
0.00157533
-0.00163021
-0.000665424
1.95101e-8
-3.66328e-9
0.00408413
-0.000217607
9.61508e-9
-3.07244e-9
-0.00515532
0.00156624
1.01389e-8
0.00557954
-1.35466e-8
-1.40698e-10
3.89363e-8
-5.94899e-8
1.49808e-8
0.00322402
-0.000251173
-0.0014929
-0.00461423
-0.00753119
0.0024236
5.07007e-8
0.0012753
-1.8189e-7
-1.80371e-7
4.26788e-7
4.85083e-7
0.000184129
-0.000227862
-0.000111414
-7.57237e-5
-0.000522504
-2.64899e-6
2.65077e-6
1.03608e-5
-9.69001e-6
4.94902e-7
8.01565e-6
6.58271e-6
4.22303e-5
-3.54597e-5
3.02509e-5
0.000107466
-9.02093e-5
8.46365e-6
4.7035e-6
-2.52602e-6
-9.48022e-6
-0.000288341
0.000245646
0.000683905
-0.000620295
3.63257e-6
7.75314e-6
-1.48868e-6
-3.13682e-5
-0.00143641
0.00249686
4.02914e-6
3.22124e-6
-9.70858e-6
-0.00340145
0.00376453
0.00384016
-0.00399093
-3.80799e-5
3.54219e-5
-8.30375e-5
1.13552e-5
-1.69318e-5
0.00227021
-0.00527342
0.000372026
0.00312058
-0.00207592
-0.000692314
0.000565251
0.000325533
-0.00128861
0.000727862
-0.00038395
-8.97375e-5
0.000130936
0.000519066
-0.00262953
-0.00158724
0.00291356
0.00326191
-0.00275036
-0.00272833
0.00178563
-1.81466e-7
-5.26466e-8
-6.58054e-8
-1.32365e-8
9.25849e-7
-2.14271e-6
-1.21191e-6
3.85856e-7
1.85923e-7
1.3606e-7
1.56638e-7
-5.91213e-8
-4.01144e-8
1.18751e-7
7.42437e-10
2.95369e-6
1.28666e-6
8.83138e-6
3.5653e-6
-6.91887e-6
1.84069e-6
-2.22806e-7
-7.62535e-7
-2.49138e-7
-4.71271e-7
-2.94664e-7
3.20504e-7
-2.03345e-7
-1.54541e-7
1.10329e-7
-6.64257e-8
-2.8261e-8
-5.13445e-6
-4.25468e-6
-2.06246e-5
-1.69463e-5
9.58743e-6
1.99187e-7
-7.01711e-7
-1.91772e-8
-1.07847e-8
-4.25275e-8
-3.59486e-6
-3.2904e-6
2.61166e-5
1.84401e-5
-4.35053e-7
7.04594e-7
1.48355e-6
2.82736e-6
-5.16847e-6
-4.37433e-6
1.91301e-5
1.86632e-5
-2.61556e-6
-2.55485e-6
-1.31139e-6
2.09499e-6
2.82971e-6
1.85899e-6
2.84894e-5
5.00711e-6
3.8573e-5
-0.000100973
-0.000182793
-0.000273232
-1.71849e-5
-1.02139e-5
3.43621e-6
0.000593264
-0.00100546
0.0010062
-0.00151426
-3.98477e-7
1.78989e-7
1.01732e-6
0.0027783
0.00220838
-4.12024e-6
2.57598e-6
-7.56444e-7
-0.00410047
0.00592502
-0.00259682
0.00609978
-1.93411e-7
2.87875e-7
-0.00896903
0.0030142
-1.13489e-7
-5.95255e-7
1.10615e-7
0.0136366
-0.00916952
0.00447811
-2.28575e-8
-1.35119e-7
8.00255e-8
-0.0115583
0.0096727
-0.00817547
-3.95476e-8
-3.4635e-7
1.087e-7
0.00765674
-0.00865642
0.0110773
-2.21299e-7
-3.82212e-8
-0.00368947
0.00396254
2.38771e-7
-4.84138e-8
0.00804921
-0.00779837
-1.79862e-7
1.63597e-7
-0.00217161
0.00540023
-3.06535e-7
6.17483e-7
7.41723e-7
-1.39015e-6
-1.46441e-6
-1.46057e-6
-0.000436676
0.000527849
0.000105274
0.000219622
-3.55518e-5
-0.000239929
3.06785e-6
7.18058e-6
-9.8848e-6
-1.96072e-5
3.11048e-5
4.13851e-5
-9.50134e-6
-1.12828e-5
-0.000113616
4.94627e-5
-8.77705e-5
-0.000106188
0.000216835
0.000104818
3.77981e-5
-1.99326e-5
-0.000111664
0.000187193
-0.000465456
-0.000244398
0.000852796
3.54322e-5
9.90747e-5
-1.76596e-5
-0.000486108
0.000138502
-0.00128813
0.000396265
0.00147748
1.0527e-5
3.95704e-5
-1.05145e-5
-0.000115112
-0.00187682
-0.000970972
0.00348709
-0.000234196
-0.00544334
0.00250269
0.000114358
-0.000226071
4.78652e-5
0.000404183
-5.57056e-5
9.70503e-5
0.00813282
-0.00534554
-0.00889122
0.00688334
0.00726268
-0.00686325
0.00330684
-0.00343187
0.0031252
-0.00109199
0.000512561
-0.000458231
-0.000946127
0.000620965
-0.000297906
0.000711673
-0.00124698
0.00144943
-9.02596e-5
-0.000315641
-6.0106e-6
2.65122e-5
2.83494e-6
9.00953e-7
8.26614e-7
1.47468e-6
2.56283e-7
-7.95835e-7
4.6086e-7
0.000101758
6.21225e-5
-7.45672e-5
-2.86077e-6
1.02798e-5
-5.05199e-5
-6.71771e-6
-1.30904e-7
-4.19003e-6
-3.35206e-6
1.00908e-6
1.32573e-6
-2.30593e-6
1.47271e-6
1.86427e-7
-0.000117572
-9.99442e-5
0.000195334
-0.000231918
0.000223207
7.99538e-7
1.12614e-5
-2.24709e-6
-8.30032e-7
-7.02324e-7
-9.71993e-5
-9.24379e-5
0.000496494
0.000459667
-2.52553e-6
3.86517e-6
1.04137e-5
1.97012e-5
-0.000109467
-0.000114564
0.000464953
0.00045268
-3.63234e-5
2.6253e-5
0.000165288
0.000352509
6.19184e-5
7.33839e-5
0.000552628
0.000171699
-0.000531453
0.000688698
0.00127951
0.0025688
-0.000183625
0.000161886
-5.45925e-5
-0.00389353
0.00268141
-0.00407718
0.00568619
1.7514e-5
-5.48121e-6
-4.97857e-5
-0.00687007
-0.00959787
1.28786e-5
-2.95585e-6
2.55864e-6
0.0118642
-0.0104043
0.0132237
-0.016
-5.68959e-6
6.12024e-7
0.0171251
-0.0157162
8.86722e-8
6.0981e-7
-0.0140216
0.0134232
-3.50049e-6
1.18614e-6
0.00883536
-0.00852194
-2.83002e-6
1.90751e-7
-0.00485793
0.00526229
8.80139e-7
-6.05902e-7
0.00393094
-0.00619571
1.00332e-6
-3.17727e-6
-1.99192e-6
8.46878e-6
2.86735e-7
3.75524e-6
8.32238e-7
7.29596e-5
-0.000167648
-0.000663173
-0.00281401
0.000664424
-6.59443e-6
1.40456e-5
7.47162e-6
-2.57474e-6
-1.48194e-5
0.000716164
0.000178808
-0.00013155
0.00115234
2.37779e-5
1.67352e-5
-7.91877e-5
1.29567e-5
0.00166377
0.000280363
-0.000237797
-0.00182009
0.000206719
-0.000142657
-0.000471768
0.000508594
0.000271827
0.00160767
-0.000218795
-0.00927489
0.00103509
-0.00111656
-0.00170544
0.00322741
0.000146331
0.000725746
-0.000135999
-0.00187295
0.00218483
-0.00454831
-0.00110677
0.00494461
0.00365682
-0.00728938
5.584e-5
-7.26807e-5
-3.40506e-5
-0.000920424
0.00102373
-0.000493742
-0.00277414
0.00720703
0.000258922
-0.00477247
0.0018555
0.00147651
-0.00259399
0.000623985
0.00222322
-0.0010467
-0.00132555
0.00111559
2.03554e-5
1.33683e-5
-3.24939e-6
1.9177e-5
2.16454e-6
-3.87756e-6
0.000162871
-0.000629658
-0.000165044
-0.000163529
4.94034e-5
-3.33601e-5
-4.8758e-5
7.65757e-6
1.01806e-6
-3.09568e-5
1.56625e-5
-0.00175472
-0.00190603
0.00231109
0.000339695
-0.000377518
0.00144184
0.000288204
-0.000251531
0.000262374
5.39313e-5
-2.28962e-5
-2.52304e-6
8.34012e-5
-2.29542e-5
-6.94709e-6
-0.00223518
-0.00200013
-0.0063454
0.00812723
-0.0109778
-1.98899e-5
-0.000321231
-8.27246e-6
-2.11911e-5
-0.000229025
-0.00218373
-0.00176116
0.0110964
-0.0110458
0.000484991
-0.000734328
-0.000920802
-0.00239284
-0.00013005
0.0083995
-0.00651127
0.00231039
0.00310856
-0.0025204
0.00266093
-0.00560301
-0.00591911
-0.000618439
0.000170745
0.00155109
0.00695988
0.0122632
1.64536e-5
-0.000408353
0.000322144
-0.000154382
-0.0152621
0.0121544
-0.0161014
0.0198093
0.0165379
1.27479e-5
0.000266214
4.65241e-5
-0.0158527
0.0162855
-0.0172361
-3.97838e-6
-0.000233167
-2.85251e-5
0.00987717
-0.0119075
0.0134095
1.72902e-5
0.000235966
-4.53156e-5
-0.00295346
0.005924
-0.00803381
1.5666e-6
5.44592e-5
8.07642e-6
0.000729328
-0.00266133
0.00473205
-2.68836e-5
1.49827e-6
0.000143243
0.000975114
-1.78862e-6
-0.00121612
-2.35674e-5
-5.72555e-5
6.23966e-5
-0.000341242
7.55725e-5
-2.15891e-5
-0.0173852
0.00363395
0.00129884
0.0152135
-0.00166871
-0.00275089
-3.33744e-5
1.57968e-5
5.86125e-5
-4.78611e-5
-9.20814e-5
0.0284653
-0.00526085
-0.00211415
-0.0479074
9.21127e-5
0.000142329
7.48768e-5
-0.000214287
-0.00509986
0.028057
-0.00198592
-0.112032
0.000648248
-9.57428e-5
-0.000767914
-0.00366785
0.00108487
0.00502095
-0.00406816
0.00292401
-0.0173347
0.00137423
0.0755902
-0.0474904
0.015012
-0.00267042
-0.00957909
0.00758599
-0.00318054
0.0113862
-0.00879327
0.0048095
-0.0102176
0.00860033
-0.0054419
0.0104551
-0.00716387
0.00455927
-0.00227295
0.00275391
-0.00244288
-0.00040725
-0.000555508
0.000873542
-0.00158812
-0.000358362
0.0009126
-0.00119618
0.000310325
-8.74582e-5
0.0114074
-0.00420467
0.000943635
0.00974325
0.00249724
-0.0020755
0.00303345
-0.000781175
0.00168774
0.000194473
0.000300987
0.0242091
0.0017373
0.0167384
-0.0292614
-0.0094644
0.0160461
-0.0189993
0.0107942
-0.00462012
-0.00311648
0.00283485
-0.00367452
-0.000482798
-2.30661e-5
0.00146309
0.0115286
0.0103632
0.0102683
-0.0296258
0.0112817
-0.0192595
0.0103186
0.00637629
-0.0145747
0.00264177
-0.000785873
0.000937332
-0.00333143
0.00432949
0.0174118
0.00176695
-0.0044222
-0.0197832
0.0106928
-0.00345578
0.0105595
0.00529393
0.00910264
-0.00826551
-0.00150347
0.0027759
-0.0203053
0.0122488
-0.00955105
-0.012954
0.0145944
-0.0100803
0.0152095
0.00989129
-0.0159914
0.00914554
0.000885891
-0.000329288
0.0101151
-0.00790394
-0.00646632
0.0126076
0.00084744
-0.0177986
0.0149875
-0.00194192
0.00309742
0.0021564
0.000216309
0.00360597
-0.00610218
-0.00109158
-0.00426546
0.00278731
-0.0097987
0.00661549
-0.00228176
0.000266773
-0.00284009
-0.00182857
0.00188932
-0.000687331
0.012515
0.00255034
0.00150952
-0.0132921
0.0058918
-0.003334
-0.0855632
0.00553455
0.0264654
0.112647
0.0176841
-0.0233072
-0.00135768
0.000245249
0.00237535
-0.157809
0.0764866
-0.000500563
-0.0177337
-0.000635439
0.00013645
0.0102753
-0.00364889
-0.0341474
-0.0374993
0.233439
-0.235103
-0.195032
0.100767
0.000857728
-0.0222674
0.00568035
-0.00279681
0.0157061
-0.0145886
-0.0323409
-0.0341436
0.230737
-0.157546
-0.11214
0.100716
0.00939698
-0.0194779
0.0183255
-0.011878
0.00989888
-0.0117297
0.0115243
-0.00628829
0.0128478
0.00793371
-0.0935896
0.0304178
-0.00215808
0.315357
-0.212624
0.119978
-0.0290045
0.00102149
-0.0127109
-0.00204911
-0.00827353
0.011927
0.00645526
0.00333954
-0.0101693
-0.0148986
0.013642
0.00030386
-0.0134473
0.0261313
-0.0285818
0.0319587
-0.0192271
0.00169121
-0.0139892
0.030207
-0.0466341
0.0562023
-0.0585433
0.0395305
-0.0230793
-0.000455517
-0.0134887
0.0319977
-0.0544819
0.0742188
-0.0824034
0.0737119
-0.0527391
0.0267211
-0.0173956
-0.0124849
0.0288346
-0.053182
0.0788203
-0.0940497
0.0894191
-0.0661862
0.0349941
-0.0111729
0.00583738
-0.0138491
0.0242507
-0.04373
0.0705913
-0.0912166
0.0915557
-0.0678161
0.0301326
0.00507962
-0.0239613
0.0137138
-0.015483
-0.0262536
0.0517384
-0.0761876
0.0832386
-0.063938
0.0229682
0.0232378
-0.0619491
0.0925283
-0.0492326
0.0291106
-0.0531226
0.0663335
-0.0581584
0.0233077
0.0274289
-0.0755929
0.115256
-0.234877
0.290261
0.0358183
-0.046772
0.0282312
0.0123184
-0.0696509
0.122714
-0.0888659
0.143169
0.0245169
-0.00850889
-0.0281137
0.101282
-0.253601
0.146727
0.0111828
-0.0514857
