-6.21349e-6
4.22028e-5
-5.39688e-5
-1.11011e-5
-5.50243e-5
6.18708e-5
-8.90634e-5
8.07608e-5
3.84878e-5
-6.84256e-5
2.17156e-5
0.000100527
3.98021e-5
-3.02673e-5
-9.12391e-5
-3.94428e-5
3.93671e-5
2.0382e-6
-7.26916e-6
2.13409e-6
4.01588e-6
1.12416e-5
-9.91378e-7
3.8041e-6
-2.98433e-6
-1.0059e-5
9.02134e-6
-1.66113e-5
2.59659e-5
1.77703e-5
-1.70783e-5
3.19382e-5
-1.54876e-5
-5.32349e-5
-1.38089e-5
1.34399e-5
3.72941e-5
8.062e-6
-8.28994e-6
1.47286e-6
-4.38541e-6
1.4288e-6
3.04891e-6
-3.00511e-6
-2.96181e-6
6.67801e-6
-9.28577e-6
1.38119e-5
-1.56327e-5
1.52138e-5
-6.32128e-6
-9.68573e-6
-2.40273e-6
5.56754e-6
7.2738e-6
8.62103e-7
-9.75158e-7
8.68473e-7
-2.9459e-6
8.56151e-7
-9.01995e-7
4.20358e-6
-2.38814e-6
-4.27391e-6
4.19587e-6
-6.81819e-6
1.00732e-5
-1.34198e-5
1.47594e-5
-1.31877e-5
9.39396e-6
-2.46349e-6
-4.6319e-6
4.69584e-7
2.43367e-6
1.29181e-6
-1.04556e-6
5.28571e-8
-1.97787e-7
-1.37442e-6
2.96494e-6
-4.71962e-6
7.50869e-6
-1.05775e-5
1.28263e-5
-1.29197e-5
1.06572e-5
-6.9083e-6
3.42767e-6
-1.3603e-6
4.74793e-7
-8.04196e-7
1.22041e-6
-1.62508e-7
7.98529e-7
-1.60357e-6
6.47219e-7
1.51617e-6
-3.0964e-6
5.07106e-6
-7.65544e-6
9.99015e-6
-1.09999e-5
1.00685e-5
-7.58188e-6
4.68133e-6
-2.42733e-6
4.67809e-7
9.32462e-7
-2.49349e-7
-6.26946e-7
-1.35953e-7
1.83967e-7
8.5847e-9
9.29602e-8
-7.72369e-7
1.02945e-6
-1.48002e-6
2.74698e-6
-4.69188e-6
6.78551e-6
-8.12639e-6
8.13919e-6
-6.78358e-6
4.70481e-6
-2.72596e-6
1.34763e-6
-5.57671e-7
3.9107e-7
-1.64378e-7
-3.21422e-9
4.54885e-7
1.09326e-6
-2.10258e-6
3.80096e-6
-5.03438e-6
5.56406e-6
-5.08935e-6
3.90786e-6
-2.54572e-6
1.47552e-6
-1.11256e-6
9.1565e-7
-1.25929e-7
3.64293e-9
2.61436e-8
-5.9205e-7
2.58354e-7
4.02548e-7
-6.24927e-7
1.15345e-6
-2.16597e-6
3.09229e-6
-3.09964e-6
2.67383e-6
-1.92447e-6
1.23111e-6
-6.20824e-7
5.40586e-7
-6.09342e-7
2.50489e-7
-9.11793e-8
6.62545e-8
-1.38021e-7
-4.28856e-7
8.80001e-7
-1.36098e-6
1.36999e-6
-1.20965e-6
8.47699e-7
-8.10722e-7
4.90106e-7
-5.53077e-7
1.16015e-7
4.2067e-8
-2.75461e-8
8.65592e-8
-8.79575e-9
2.20118e-8
-3.49206e-7
5.38521e-7
-4.56991e-7
4.18526e-7
-3.20709e-7
6.4886e-7
-4.48402e-7
1.63881e-8
1.2926e-7
-6.62438e-8
2.2584e-8
-3.28553e-8
5.94055e-10
1.34719e-7
-2.20743e-7
1.6968e-7
-2.67761e-7
1.83821e-7
6.40308e-9
-1.01001e-7
1.88424e-7
-6.7039e-8
-1.23644e-8
-2.86528e-8
5.49109e-9
1.01916e-7
-7.05103e-8
7.14456e-8
-7.54965e-8
5.45338e-8
6.67769e-9
-7.02663e-8
2.2525e-8
-3.78895e-10
2.93439e-9
1.35618e-6
-7.77951e-6
4.82431e-6
1.46189e-6
2.43792e-5
-2.186e-5
2.16802e-5
-5.30822e-6
-8.26204e-5
7.13046e-5
-2.66677e-6
-6.60382e-5
0.000117048
-0.000157157
0.000187616
-0.000208671
0.000309589
-0.000393987
0.000302888
-0.000513167
0.000560806
-0.0002775
0.000538889
-0.000949225
-0.000329747
0.000186617
0.000894512
0.000306234
-0.000281689
-2.03992e-8
4.19977e-7
-5.17511e-8
-6.5023e-7
-7.13069e-7
-2.83225e-7
-2.83339e-8
2.15572e-8
1.28547e-6
-0.00015267
0.000102845
-0.000194533
0.000382678
7.8717e-5
-5.27209e-5
-0.000172396
-4.30786e-5
7.75386e-5
-1.26021e-7
5.90679e-7
-1.16153e-7
-6.30553e-7
1.46058e-8
1.94327e-6
2.72554e-5
1.25492e-5
-1.20727e-5
-2.99141e-5
-5.58595e-6
1.10282e-5
-7.61971e-8
2.86109e-7
1.92207e-8
4.49889e-8
-4.94997e-7
9.47965e-9
1.04552e-6
6.23141e-6
3.2479e-7
-2.90835e-6
-3.52739e-6
1.05465e-6
-3.81467e-7
1.53842e-6
4.09526e-7
-9.23411e-7
4.97008e-7
-3.91631e-7
5.07353e-8
-1.19082e-7
-4.45305e-8
-7.9697e-8
1.46483e-7
1.34413e-8
1.86992e-8
-1.17283e-7
1.10663e-7
5.51293e-8
3.09934e-7
-2.85232e-8
-1.27675e-8
-8.42617e-8
2.24871e-7
-5.19127e-7
7.47901e-7
-3.76022e-8
1.36947e-8
8.30036e-9
-1.74968e-7
2.9864e-7
-6.07096e-7
3.1134e-9
-2.5194e-9
-4.32542e-9
1.39801e-7
-2.41209e-7
4.53883e-7
-5.76809e-10
1.2664e-9
9.87671e-10
-9.64805e-8
1.37467e-7
-2.64806e-7
-7.68607e-9
1.25223e-9
-6.41513e-10
4.98193e-8
-4.6225e-8
4.17077e-8
-1.90137e-7
2.14407e-8
-1.6497e-9
9.58778e-10
-2.13461e-10
-1.69782e-8
-5.14156e-10
4.27973e-8
5.45408e-9
-3.36007e-9
-2.80853e-9
-9.75966e-10
4.93236e-9
-6.34601e-10
-1.24718e-9
-4.04651e-9
-1.05015e-9
-3.62368e-9
-2.07437e-9
-1.56013e-9
1.32681e-9
-1.13959e-9
2.83686e-9
1.40511e-9
8.977e-10
1.64328e-10
6.26649e-9
-3.41014e-9
2.57917e-9
-7.39994e-10
5.62296e-10
-2.64374e-10
-6.14489e-10
5.18423e-11
-1.21929e-10
-2.34931e-9
3.73757e-9
8.70355e-9
-2.06378e-8
1.78407e-8
8.74058e-10
3.76681e-10
2.79854e-10
-5.59638e-10
3.21658e-11
1.82879e-10
3.17047e-10
-1.61384e-11
8.21156e-10
-2.63899e-9
-1.08402e-9
1.63663e-9
-7.43011e-9
8.84988e-10
-1.29158e-9
-2.31063e-9
-2.7048e-9
-2.1384e-9
-1.96869e-9
4.33488e-10
1.80288e-11
-6.41885e-11
-9.79602e-11
2.30173e-10
4.35735e-10
1.93502e-11
1.12178e-10
1.96348e-9
-3.88301e-10
5.90762e-10
5.44669e-10
1.21515e-9
1.89854e-9
-7.79978e-10
-6.81236e-10
2.74644e-11
1.07832e-11
-2.41413e-10
-4.29204e-10
8.23111e-11
-2.45648e-10
-2.4486e-10
-1.24021e-6
5.21507e-6
1.24083e-5
-1.66435e-5
-2.14481e-5
9.95136e-5
-4.25757e-5
4.6596e-5
5.72606e-5
-0.000346559
-0.000218625
0.000144463
0.000189071
0.000600967
-0.000749304
0.000646044
-0.0010169
0.00152535
-0.00186552
0.000957559
-0.00193894
0.0028334
0.0017959
-0.00286451
-0.00183171
0.00246268
5.35547e-8
5.80804e-8
-4.06636e-7
-9.49091e-7
1.40352e-6
-8.60836e-7
5.12737e-7
-0.000640363
0.00143251
-0.00183113
-0.000622719
0.000995637
0.000340144
-0.000479909
-2.07131e-9
1.07838e-8
-1.17856e-8
-2.17787e-8
-0.000146045
0.000206484
5.5801e-5
-7.72081e-5
-5.68601e-9
3.49589e-8
-6.39558e-9
-6.53002e-10
-1.94085e-5
2.56779e-5
6.12807e-6
-7.62495e-6
-2.68161e-9
1.05475e-8
-1.89048e-9
6.84829e-9
8.43643e-10
-1.89199e-6
2.03155e-6
4.79518e-7
-4.4262e-7
-4.61517e-10
-1.51389e-9
-1.31791e-10
4.4038e-9
-2.98277e-9
4.18562e-10
-5.98257e-7
7.06131e-8
6.20338e-8
-9.109e-8
1.04777e-8
-4.54045e-8
-2.21427e-8
3.49314e-8
-1.03671e-8
1.6892e-8
7.18828e-10
1.46207e-8
-3.17945e-8
-1.04461e-9
4.45627e-8
2.35523e-8
-1.11567e-8
-3.58091e-9
-9.51147e-9
2.50401e-9
7.61281e-10
5.03752e-9
-2.43418e-8
4.82528e-8
-9.61834e-8
-1.23168e-9
-1.31312e-10
-6.91541e-10
2.74612e-8
-4.94858e-8
9.1702e-8
1.11255e-9
-2.12201e-10
1.43255e-10
-2.57169e-8
4.45159e-8
-7.86473e-8
-2.97866e-10
6.58635e-11
2.08072e-11
1.88227e-8
-3.04105e-8
5.41828e-8
2.35532e-10
-5.0416e-11
-7.96753e-12
-1.08549e-8
1.22726e-8
-2.41412e-8
-1.28172e-11
6.87776e-12
7.62013e-12
6.04793e-9
6.31346e-9
7.57808e-11
1.43462e-11
1.11344e-12
-3.4831e-9
1.78158e-9
2.09679e-9
-2.1314e-9
1.11656e-9
5.2467e-10
-1.63827e-10
5.77761e-11
-2.89093e-11
-4.17234e-10
-4.33102e-10
1.71959e-10
-1.89639e-11
1.61845e-11
1.53248e-10
-6.78787e-11
-1.07211e-11
7.55747e-11
-2.63287e-11
4.10858e-12
-1.75997e-11
-2.20052e-11
-1.02731e-11
-6.37788e-13
-7.27608e-12
-9.69642e-11
-4.37057e-12
-2.38414e-11
7.0093e-12
4.46057e-12
9.79979e-12
-1.21375e-14
2.02373e-11
2.71358e-11
-1.32945e-10
3.59941e-10
1.11936e-11
7.34691e-11
4.67812e-12
-5.99318e-12
6.44221e-12
-2.4442e-12
-2.05229e-11
3.92152e-11
-1.34154e-11
1.92929e-11
1.10909e-10
8.1362e-11
-1.8974e-12
8.3602e-11
3.83869e-11
1.07947e-11
8.51905e-11
-1.37477e-10
-1.35654e-11
9.83129e-12
6.33994e-12
-3.72433e-12
-1.48225e-11
6.24727e-12
-1.77434e-11
-3.68467e-11
-1.42962e-11
-7.87384e-12
-2.06707e-11
-1.2004e-11
-3.13235e-11
5.69049e-12
5.48443e-11
-3.20208e-12
1.26255e-12
9.09051e-12
9.92781e-12
3.03817e-12
4.51344e-12
6.14653e-12
3.61906e-6
-3.33714e-7
-1.68661e-5
0.000107159
-0.000183673
6.30711e-5
-0.000273915
0.00101775
0.000985948
-0.00234292
-0.000903424
0.00207487
-0.000112802
-0.000887569
0.00178703
-0.00139834
-0.00349838
0.00356052
0.00380955
-0.00449905
-0.00293888
0.00289717
0.00208894
-0.00184613
9.64631e-8
-1.92459e-8
-3.56855e-7
-2.17422e-7
-1.65922e-6
1.3058e-6
-0.00124323
0.00130609
0.000596917
-0.000629924
-0.0002416
0.000202894
1.49331e-9
7.61903e-9
-1.21433e-8
-4.79282e-9
8.73073e-5
-6.96249e-5
-2.79124e-5
2.18337e-5
-6.58642e-10
1.84012e-9
3.83396e-10
-5.78016e-9
7.8853e-6
-6.12511e-6
-1.96184e-6
1.56222e-6
-1.47217e-10
5.27019e-10
-4.16686e-11
-2.20532e-10
4.18143e-7
-3.70537e-7
-7.47444e-8
9.87723e-8
6.36962e-11
-1.14427e-10
-5.47484e-11
-8.94885e-11
5.4822e-10
3.67405e-11
1.34426e-8
-2.69958e-8
1.42889e-8
-5.23542e-9
7.82592e-9
-4.67181e-9
9.85395e-10
8.79417e-10
-8.36709e-11
-6.68811e-9
8.03848e-9
2.67988e-11
1.47596e-9
2.42895e-9
-1.69719e-9
3.0912e-10
-1.0385e-9
3.61555e-9
-8.6402e-9
2.09674e-10
2.7539e-10
-6.31689e-9
1.2515e-8
1.13641e-10
-8.34527e-11
8.42447e-9
-1.53269e-8
-4.70274e-11
-9.5424e-12
-8.86129e-9
1.48993e-8
1.70566e-12
1.10539e-11
6.11215e-9
-1.10107e-8
6.85466e-14
-1.36542e-12
-3.59143e-9
6.62807e-9
-1.37206e-12
3.89926e-13
1.85311e-9
-3.39482e-9
-2.28334e-12
7.43105e-13
-8.91327e-10
-9.6478e-10
-9.90385e-12
7.91274e-12
-5.18088e-13
3.98368e-10
-1.59626e-10
-1.09412e-10
2.54394e-10
-1.3817e-12
2.16485e-12
-7.99825e-13
2.31254e-11
8.41788e-12
5.04607e-12
1.02355e-13
-3.09785e-13
-1.25308e-12
-7.39566e-13
-5.27202e-13
2.35258e-12
-1.86738e-12
1.65223e-12
-3.09175e-13
-9.85144e-13
6.6131e-14
-1.06887e-13
-4.24692e-13
-3.04977e-12
-4.52152e-13
-7.14661e-13
1.1997e-13
3.29929e-13
3.24477e-13
3.30022e-14
5.32029e-13
-1.75981e-12
1.59107e-12
2.35354e-12
1.02844e-13
-6.42867e-14
4.46258e-13
-1.02966e-13
3.28358e-14
-2.60281e-12
4.67753e-12
9.19868e-12
-1.03664e-11
-1.22581e-12
-5.93659e-13
-2.66055e-13
-9.02663e-14
4.80222e-13
8.86613e-13
-5.23835e-13
1.11247e-12
-1.58066e-12
-3.55195e-12
-2.42302e-12
-9.7173e-13
-1.83283e-12
-1.54268e-12
-3.7348e-12
-4.90855e-13
-7.4777e-13
1.88962e-12
2.67237e-13
-1.65968e-13
-5.13507e-14
9.50836e-13
1.14075e-12
6.8451e-13
2.35339e-13
6.9115e-13
1.26092e-12
4.46035e-5
-0.00274574
0.00274382
0.00413779
-0.00335996
0.00327457
-0.0027717
-0.00341426
0.00361797
-0.00335491
0.00243807
-0.0025088
0.00275133
-0.000579361
-1.98452e-6
-0.000738017
0.00128869
0.00169617
0.000410455
-0.00128335
-0.00310209
4.80287e-6
-4.06512e-6
-1.77391e-5
5.53437e-6
-3.86705e-5
5.72709e-5
-4.00192e-6
-0.000378115
0.00316162
-0.00207407
-0.00168494
0.000830403
0.000888878
0.000577097
0.000425779
-0.000538044
-0.000777958
4.2711e-8
-1.65013e-7
-4.31993e-7
-1.56943e-6
2.36218e-6
2.15977e-6
0.000263767
-0.00017051
-2.29854e-5
-8.3057e-5
-5.68093e-5
7.2627e-5
3.00573e-5
3.28757e-8
1.94937e-9
-2.51089e-8
3.3555e-7
-1.4907e-5
3.26836e-5
5.6633e-6
-1.05367e-5
3.65081e-10
1.36766e-9
-2.32744e-9
-9.33782e-9
-2.01155e-6
3.88744e-6
6.05796e-7
-9.55851e-7
-1.92882e-11
2.55627e-11
2.27097e-10
-1.0273e-9
-1.63916e-7
3.05689e-7
3.08259e-8
-6.32863e-8
8.76077e-12
6.91577e-12
-2.29243e-11
-2.19464e-12
-3.60983e-11
6.98928e-11
3.38851e-10
-8.64803e-9
2.60415e-8
-4.28631e-9
-1.95874e-9
2.26717e-9
5.57262e-10
-2.92455e-10
1.77973e-10
-1.63789e-11
1.32033e-9
-2.24581e-9
5.70331e-11
-4.06561e-10
-1.44476e-10
-1.26775e-9
3.76657e-10
2.96468e-10
4.62732e-11
-1.44021e-9
4.71394e-9
-1.99685e-10
-7.92146e-12
-1.98976e-9
3.90759e-11
-1.76442e-9
3.24078e-9
-3.48652e-10
2.5071e-9
-4.83195e-9
4.95204e-10
4.30258e-9
-6.98323e-11
1.76397e-11
2.73126e-11
-1.49359e-11
-4.59595e-12
2.39522e-12
-7.87447e-12
-2.93323e-14
-3.07764e-9
4.15332e-9
-5.09387e-9
-2.06119e-12
1.75063e-12
1.40302e-12
3.09764e-9
-3.58942e-9
4.77968e-9
-3.23473e-12
4.15562e-13
-6.59989e-13
-4.21632e-9
2.53864e-9
-3.26595e-9
1.77129e-12
-1.23425e-12
5.85419e-13
1.54371e-9
1.71377e-9
-5.93351e-14
8.51239e-14
-9.22798e-10
2.7749e-11
4.26861e-10
-9.03888e-10
-1.87587e-13
7.82896e-14
-3.08237e-14
-2.93834e-15
3.02823e-14
-2.07192e-10
4.18612e-10
2.71208e-13
-9.10463e-14
7.25128e-11
3.85959e-11
-4.51704e-13
1.37678e-14
-1.07265e-11
-8.85258e-12
-1.48529e-12
-5.5505e-12
3.64805e-13
-2.70788e-13
3.26705e-13
-2.27711e-13
-2.26753e-14
1.32103e-12
4.90042e-13
1.82518e-13
-5.4266e-14
-3.28596e-13
-1.26591e-13
3.43479e-14
6.29761e-14
-7.3372e-14
1.17069e-13
-5.96301e-14
1.28082e-15
4.19163e-14
-2.95791e-14
3.95244e-15
-3.38904e-14
-1.50013e-14
-9.06214e-14
-8.99056e-15
-4.63786e-14
-1.86103e-14
2.07384e-14
1.50102e-15
-6.73707e-16
2.41084e-14
-2.61975e-14
1.95945e-13
2.93341e-14
2.19354e-15
6.83997e-15
1.24143e-14
-7.98107e-15
8.89207e-15
-7.15053e-15
-3.42251e-13
3.4225e-13
-3.4809e-13
1.34635e-14
-5.28504e-14
-2.66233e-15
2.24866e-15
-2.49287e-14
2.80281e-14
-8.32606e-14
7.07792e-14
-1.62607e-13
-3.44871e-13
-3.50588e-13
-1.83457e-13
-2.33992e-14
4.79011e-14
-4.36478e-13
-7.77681e-14
-7.67963e-15
-1.01918e-14
4.18566e-14
-1.53345e-14
1.4966e-14
-1.09204e-14
1.35559e-14
-6.01444e-16
1.19361e-14
6.89874e-14
1.41643e-13
1.01392e-13
3.42675e-14
-2.27525e-14
7.96846e-14
5.65151e-14
1.01856e-14
8.53652e-16
-6.53038e-15
-1.17905e-14
-3.55685e-14
-4.65094e-14
-2.46144e-14
-4.17977e-15
1.15614e-14
-2.77052e-14
0.000736693
0.00213153
-0.00293119
0.00239878
-0.00190863
0.00282341
-0.00226727
-0.00211585
0.00148095
0.000362083
-0.000341034
0.000500979
-0.000137483
-0.000305769
5.66865e-6
-0.000226296
0.000259694
-0.000419878
0.000475564
-9.22765e-5
-0.000226458
0.00120628
-0.000569555
-0.000522167
0.000128897
0.000200136
0.000131501
-0.000139237
-3.21806e-6
1.3217e-5
-2.12412e-5
7.97459e-5
-1.9202e-5
0.00013418
-2.14276e-5
-4.70192e-5
-3.82998e-5
3.70742e-5
6.64178e-8
-1.74982e-7
-5.23916e-8
8.92397e-7
-7.33192e-7
-4.44909e-7
-2.11208e-5
1.23226e-5
2.38284e-6
6.50785e-6
4.42066e-6
-6.32182e-6
-2.21723e-6
2.0205e-9
-3.5104e-10
9.92974e-9
-9.36008e-8
-7.35746e-8
7.99738e-7
-1.2246e-7
-8.47809e-7
-1.28183e-7
-2.69865e-10
-2.6044e-10
3.02021e-9
-1.88647e-11
-1.82223e-8
-3.31589e-8
6.07666e-8
-8.55268e-8
-6.12605e-8
-1.59898e-8
2.73881e-10
-5.96215e-11
3.15802e-11
-1.47799e-10
3.42493e-10
2.47471e-9
1.14395e-9
8.54891e-9
-2.2599e-9
-3.53045e-10
-1.06867e-10
1.4915e-10
3.41112e-12
3.53302e-11
-4.37386e-10
1.39088e-10
4.701e-12
-9.76629e-11
5.55e-11
2.35487e-11
-1.03264e-11
1.7865e-11
-2.95292e-11
6.3185e-13
-4.83803e-10
8.10066e-10
2.70905e-10
1.51362e-9
-1.53945e-9
-8.66667e-10
4.31295e-12
-1.71195e-12
8.86641e-13
-2.99762e-13
-7.39567e-13
-4.1305e-13
-2.02704e-9
2.37242e-9
-1.00392e-13
2.11724e-13
2.4853e-9
-3.33553e-9
1.7152e-13
-4.1073e-14
-3.81482e-9
4.41593e-9
-3.15961e-13
9.52435e-14
4.29659e-11
3.26565e-11
-1.24443e-10
4.19711e-12
-6.55585e-11
-2.35163e-14
1.26274e-14
-1.37531e-14
3.057e-15
-6.72779e-15
-1.19208e-11
6.85696e-11
5.32169e-14
-1.60662e-14
-1.45144e-11
5.63133e-12
-6.61133e-13
-1.65068e-12
5.00762e-12
2.29862e-13
-1.59921e-13
1.82795e-13
-1.172e-13
-8.97676e-15
-7.34815e-13
2.08341e-13
-1.93874e-14
-5.26448e-14
8.76187e-14
-2.29262e-14
1.40713e-14
-1.47287e-14
1.60937e-14
-1.29908e-14
9.51328e-15
1.07249e-14
3.25372e-16
7.47467e-15
3.45541e-15
-4.36254e-15
-3.13073e-15
4.59403e-16
-1.21226e-15
-2.34643e-15
-3.16603e-16
-2.26605e-15
2.9513e-15
5.0011e-16
6.89344e-16
8.11003e-16
1.19501e-15
-2.02916e-15
1.34964e-15
4.41947e-17
3.48946e-16
-1.0239e-16
-2.64706e-16
2.85038e-16
3.54368e-17
4.38386e-15
-1.12269e-15
4.65287e-16
-1.4998e-15
9.26416e-16
-5.81025e-16
2.33228e-16
-9.01703e-16
1.89604e-15
5.54139e-16
-2.83835e-15
-3.8418e-15
-1.1252e-14
-6.11601e-16
1.24859e-15
7.93607e-16
1.4476e-16
2.09714e-16
-2.62688e-16
4.80864e-16
5.02632e-16
3.23042e-15
5.92734e-15
1.64942e-14
1.33778e-14
5.03048e-15
-2.43858e-15
1.80476e-15
5.75788e-15
1.92964e-15
-3.1895e-16
-3.85356e-16
-9.43571e-16
-4.17195e-15
-5.48104e-15
-3.24634e-15
-3.78343e-16
9.96675e-16
-1.01662e-15
0.000122822
0.000789403
0.000706659
-0.00129309
-0.000342511
0.0013697
-0.000136787
-0.00128299
0.000369419
0.00072474
-0.000133344
0.000324184
-0.00012543
-0.00112788
0.00115213
-0.00194263
0.00199761
-0.000608642
0.00132804
0.000316066
-0.000245284
-8.84457e-5
2.14858e-5
1.34476e-5
1.44915e-5
-4.1566e-6
-8.39566e-6
0.000115199
-0.000117076
0.000491884
-0.000131656
2.71864e-5
1.59834e-5
-6.74103e-6
-1.11231e-5
5.56546e-6
9.73435e-7
-5.46851e-6
8.06892e-6
-2.10751e-5
6.71678e-6
-9.11041e-6
-2.10417e-6
2.83789e-6
3.50984e-6
-2.90387e-6
1.5475e-7
-5.83149e-7
9.68426e-7
2.24177e-6
1.60635e-6
-1.9332e-6
3.41696e-8
-1.48065e-7
3.42058e-7
3.13051e-7
-7.22192e-8
-2.78995e-7
5.14727e-9
-1.38755e-9
-3.98953e-8
-3.10074e-10
1.01449e-7
-7.27944e-9
2.31324e-8
-3.42981e-8
-1.90768e-8
-6.61263e-9
-1.64549e-10
-9.99285e-10
3.73124e-9
-8.12965e-11
-8.82571e-9
-4.88859e-11
7.81516e-10
2.861e-9
-8.06542e-10
-1.91658e-10
6.20109e-10
-1.79311e-10
-1.75573e-11
-1.61856e-9
7.64243e-10
4.34582e-10
2.19405e-11
-2.49902e-11
6.95977e-11
2.22541e-11
-8.49253e-12
6.61489e-12
1.41239e-9
3.22315e-12
3.26094e-10
-4.79213e-10
1.35598e-9
-2.06175e-9
2.91323e-10
5.576e-10
-7.84126e-10
-2.94083e-9
1.01703e-12
-2.02349e-12
8.14102e-14
-1.231e-12
-1.22456e-9
3.57348e-10
1.73842e-9
-1.14028e-13
3.88208e-13
2.33253e-9
-9.46087e-10
-2.42709e-9
3.89838e-14
-4.48759e-14
-2.54656e-9
6.17628e-10
3.45455e-9
-3.72552e-14
-6.6135e-15
3.33358e-10
9.59237e-11
-1.99785e-10
-2.41691e-11
2.29409e-11
-5.02089e-15
9.25182e-16
5.32322e-16
2.65288e-12
-3.75479e-12
1.16942e-14
-3.7755e-15
2.23915e-12
-2.02454e-13
-1.55275e-13
1.52994e-13
-4.93081e-13
1.20905e-13
-7.27181e-14
8.20503e-14
-3.93054e-14
4.68076e-15
2.85989e-13
-5.4646e-14
-2.12741e-14
1.68815e-14
-2.57713e-14
-1.39027e-14
7.38034e-15
-6.27024e-15
7.13341e-15
-2.73619e-15
5.69683e-15
8.68812e-17
-6.54143e-17
6.88014e-16
2.15395e-16
-9.9178e-16
1.21943e-15
-2.28858e-16
-1.45661e-17
-9.68738e-17
9.88957e-17
-2.0801e-16
2.44367e-16
3.72638e-17
4.62845e-17
4.31698e-17
2.4755e-17
-1.80341e-17
-1.25343e-16
7.70497e-17
1.35564e-17
-1.25978e-17
5.72179e-17
-1.28761e-16
1.22814e-16
-2.60367e-16
-6.36198e-17
-1.37586e-16
-4.18938e-18
-5.665e-17
4.32158e-18
2.9129e-17
2.73832e-18
1.37494e-16
-9.42905e-18
-1.1627e-16
-1.00897e-15
-1.6089e-15
-1.27233e-16
3.1488e-16
7.05689e-18
-2.68564e-19
8.27268e-17
-2.63853e-17
1.82848e-17
1.29815e-16
3.4449e-16
8.01911e-16
-1.72574e-16
1.82729e-15
1.47108e-15
7.29904e-16
-6.14308e-16
-2.49767e-16
4.62092e-16
2.87999e-16
1.10323e-17
-1.19672e-16
-5.36589e-16
-5.55247e-16
-4.17768e-16
1.09797e-16
-0.00119307
-0.00210527
0.00141475
0.00238059
-0.00248267
0.00206314
-0.00187862
0.00245458
-0.00194512
0.0016153
-0.000885455
0.000405628
-0.000283193
-0.000508122
0.000613675
0.000276059
-0.000113202
-1.97025e-5
-7.04344e-6
-2.45561e-6
3.18942e-5
0.000190501
-0.000214142
0.000627395
-0.000378441
-8.98187e-7
1.79977e-6
1.74947e-6
5.45276e-8
-6.68444e-7
-1.33389e-6
-1.20267e-5
9.37147e-6
-5.45292e-5
1.56473e-5
-3.29369e-7
-1.54561e-6
-4.85536e-7
3.84778e-7
-1.47316e-7
-2.69838e-7
-6.81896e-7
3.08895e-6
7.87503e-7
1.03593e-6
-8.25661e-7
-8.16385e-8
-2.37055e-7
8.5676e-7
6.93534e-7
5.04498e-7
-5.659e-7
-2.36896e-8
-7.16744e-8
2.53227e-7
9.64874e-8
-2.03574e-8
-6.73292e-8
-6.44311e-9
2.70206e-8
-2.16404e-8
7.59444e-9
7.67743e-8
-1.67671e-9
3.23649e-9
-4.54471e-9
1.89857e-9
-1.36753e-9
2.87922e-10
-2.21414e-9
1.88256e-9
-2.32832e-10
-6.17999e-9
-7.08781e-11
1.84799e-10
7.35215e-10
-1.40649e-10
-1.03721e-10
2.61275e-9
-1.23855e-9
6.37299e-10
-1.51255e-9
-4.19719e-9
2.81197e-9
-2.22452e-10
3.81449e-11
-1.1308e-10
-4.17459e-11
1.31346e-10
-2.9388e-10
3.59163e-9
1.35745e-11
-8.77892e-12
-1.19109e-11
6.01404e-12
-9.62738e-13
-1.30242e-13
1.50634e-13
2.27663e-11
6.34951e-15
-2.65009e-14
1.04059e-11
9.12868e-12
-2.96469e-15
5.47166e-15
-2.78096e-12
1.19557e-12
3.27195e-15
-4.0002e-13
5.61465e-13
4.09851e-15
-2.18621e-14
1.29668e-13
-3.31524e-14
-1.19719e-14
4.11074e-14
4.19756e-14
-1.22729e-14
8.56311e-15
-3.19789e-14
1.19487e-14
3.05048e-15
-1.91447e-15
1.38797e-14
-6.3367e-15
2.66515e-15
-2.80356e-15
6.57438e-16
1.99404e-15
-5.39226e-15
8.24233e-16
7.17306e-16
-2.50495e-16
-6.51364e-17
-2.64114e-17
-7.74868e-16
2.16527e-16
5.39325e-17
-1.0841e-16
1.40712e-18
-1.57456e-16
6.22826e-18
2.9958e-17
1.52153e-16
-1.12532e-18
3.59395e-17
-1.45818e-16
1.50114e-16
2.05607e-17
4.17989e-17
2.84179e-17
5.10422e-17
1.9343e-17
2.33369e-17
-3.39034e-17
4.20299e-17
5.97069e-17
-3.52003e-17
2.48374e-17
-5.43585e-17
-2.67608e-18
-2.22047e-17
4.58842e-17
-1.14679e-16
8.52116e-17
3.15072e-17
8.18698e-17
-7.8704e-18
-4.28463e-19
1.58614e-17
-4.48094e-17
-4.37105e-17
-4.71444e-17
5.1502e-17
-1.00241e-16
-9.84236e-17
4.73525e-17
3.27488e-18
7.00129e-17
-5.54528e-18
-3.22735e-17
-1.23542e-17
1.62572e-17
5.3432e-18
1.25354e-16
1.29448e-16
1.2438e-16
5.58604e-17
-5.29915e-17
-3.02345e-17
-2.57248e-17
0.0023073
-0.00189579
-0.00272889
0.00262294
-0.00189432
0.00274142
-0.00310055
-0.00245555
0.00302967
0.00174554
-0.00242365
-0.00104505
0.00165791
0.000654007
-0.000905496
-0.000601989
0.000593794
-4.58046e-5
1.99605e-5
2.99746e-5
8.67351e-6
0.000169571
0.000425687
-0.000182527
-0.000831346
0.000827382
-0.000401747
-0.00144282
5.13875e-6
-4.37298e-6
-1.12116e-6
-1.48595e-7
1.63333e-7
-5.90622e-6
-1.40514e-6
9.52022e-7
-4.27114e-6
-4.70592e-5
1.34091e-5
2.56822e-7
-1.40295e-7
-9.50178e-9
-9.85593e-7
-1.57885e-7
1.80265e-6
-1.35409e-7
4.59388e-8
-4.23113e-8
-3.14827e-7
7.6464e-8
2.54206e-7
2.01183e-7
2.70188e-7
-1.76613e-7
-9.51248e-8
2.85447e-8
8.44309e-8
1.7717e-7
1.33718e-7
-4.54872e-8
-2.8105e-8
8.43316e-9
2.50434e-8
-7.49711e-9
-1.33264e-8
4.81918e-8
-4.79845e-9
1.9691e-8
1.82355e-9
8.82135e-10
4.29159e-9
6.65825e-9
-1.15978e-9
3.81125e-9
3.80573e-10
-4.50013e-9
-2.62835e-10
-1.01398e-9
1.27595e-10
3.9075e-11
8.23063e-10
-1.05794e-9
1.88028e-10
-1.64527e-9
2.7762e-10
-1.02206e-9
2.74342e-9
7.03985e-10
-2.9374e-9
3.74319e-9
-2.77655e-9
2.41997e-9
3.16022e-9
-3.72651e-9
1.8692e-9
-1.74337e-10
7.41144e-10
6.04118e-11
-1.27078e-10
4.08822e-10
-2.51281e-9
2.49529e-9
-1.58776e-11
2.44124e-11
1.54216e-9
-1.36472e-9
3.09298e-14
1.31052e-11
-6.16309e-10
2.94812e-10
1.60153e-12
-8.6347e-12
1.39371e-10
1.63907e-10
-7.86559e-13
2.8944e-12
-6.26046e-11
-4.40947e-11
1.2e-13
-1.38783e-13
5.5518e-11
-5.88063e-11
-8.46254e-14
1.62571e-13
2.49124e-12
3.07985e-12
1.22991e-13
-3.80195e-13
-4.67032e-13
4.31142e-15
-5.69679e-13
-1.20966e-13
-1.7452e-13
-1.92194e-15
-1.96154e-14
-9.5748e-15
5.49796e-14
-3.28664e-14
8.59168e-15
7.83693e-15
-1.32525e-14
-2.07304e-15
-3.0193e-14
-5.50376e-15
4.12866e-15
1.79394e-15
-3.70991e-15
-6.12019e-16
8.04966e-16
9.38258e-16
-3.58327e-16
-4.895e-16
3.11766e-15
-3.68641e-16
8.68798e-17
-2.8181e-16
2.71948e-16
1.48894e-16
5.83177e-17
-2.4748e-16
-1.52508e-17
-8.86537e-17
6.2344e-19
-5.87681e-17
1.73921e-16
-4.5161e-17
3.47276e-17
-1.32246e-16
1.41672e-16
-9.49803e-18
-4.67577e-17
-1.36101e-17
1.00736e-17
-1.05004e-17
6.09193e-17
-5.57729e-17
1.73823e-17
4.29196e-17
-9.33312e-19
1.39183e-17
6.26615e-17
-9.95344e-17
5.70065e-17
2.15404e-18
6.28181e-18
-3.06251e-17
-6.13807e-19
-5.61784e-17
3.78509e-18
9.29022e-17
-1.88568e-17
2.51053e-18
-5.52047e-17
-7.5598e-18
1.0922e-16
-1.5613e-16
2.37491e-17
-4.39819e-18
6.94381e-18
-7.10977e-18
6.49694e-18
-2.97677e-17
-2.66418e-17
-7.53454e-17
5.98959e-18
-3.99821e-17
-2.70625e-18
1.42426e-17
6.87765e-17
-1.29376e-17
-4.81646e-17
-4.37173e-17
-1.37491e-17
-9.77098e-17
-2.38734e-18
1.12093e-17
4.18975e-17
-2.80955e-17
-1.09146e-17
-1.3807e-17
-0.00191474
0.0024251
0.00318638
-0.00363048
-0.00355711
0.00450222
0.00317561
-0.00451692
-0.00250522
0.00404909
0.00155398
-0.00190148
-0.000779602
0.000735619
3.65207e-6
-0.000157176
-0.000712211
0.000335229
0.00136953
-0.00126484
0.000501591
0.00171777
-3.28986e-5
4.29289e-5
4.22175e-6
7.52157e-7
-3.11402e-6
1.00835e-6
6.5582e-5
-2.08697e-5
0.000170203
-6.33906e-5
-3.31089e-7
7.27912e-8
-4.96643e-7
1.93446e-7
-6.82402e-7
-3.56657e-7
1.51085e-7
-3.25846e-6
6.07118e-7
-4.79338e-8
-6.08901e-8
2.6043e-8
-1.02531e-7
5.26279e-8
1.73802e-7
6.14912e-9
-6.47741e-9
-1.26755e-8
-3.45996e-8
2.27452e-8
-2.63368e-9
6.26324e-9
-1.23161e-7
1.69721e-7
-9.98982e-9
7.70087e-9
4.57012e-11
-1.58508e-7
-3.60973e-7
4.8516e-7
-1.28705e-9
1.55257e-9
-1.94557e-10
-1.66071e-10
-1.51809e-8
4.10643e-8
2.63328e-8
-1.1967e-7
1.91826e-10
1.38264e-9
-3.17329e-10
-5.53221e-10
1.02863e-8
-4.88104e-8
-1.29428e-8
5.36919e-8
8.97726e-10
-1.01766e-9
4.36216e-10
-4.07661e-10
-1.73598e-9
-1.58563e-10
-1.95602e-9
1.17403e-8
-1.77793e-9
5.20633e-9
-1.26372e-8
-1.61045e-9
1.17581e-9
-2.25755e-9
1.90277e-9
-1.10245e-9
-1.36913e-9
7.5335e-10
2.04054e-9
-1.8592e-9
3.18167e-11
-5.07569e-10
-8.51785e-11
3.75459e-10
9.80551e-10
-6.10515e-10
-1.35497e-9
3.48863e-11
-1.13308e-10
-5.08858e-10
3.49756e-10
6.43845e-10
-9.56611e-12
2.76024e-11
2.00625e-10
-1.46715e-10
-2.24523e-10
1.26566e-12
-5.41312e-12
-7.58402e-11
4.92627e-11
7.80348e-11
-2.37404e-12
7.87623e-12
3.00344e-11
-1.31189e-11
-3.70206e-11
7.25323e-13
1.08117e-12
-8.0382e-13
2.46231e-12
4.06253e-13
5.85854e-14
-6.77574e-13
6.84787e-13
-7.00345e-14
5.43506e-14
2.05628e-13
-6.4779e-15
-5.94297e-15
-8.3673e-14
-8.01367e-13
2.95684e-15
2.00955e-15
-1.5046e-14
6.04785e-14
-1.4552e-15
-6.33709e-17
-1.25361e-14
8.01418e-14
3.59442e-16
3.20084e-17
-2.3795e-16
1.76292e-15
-3.75111e-17
-5.76694e-17
-3.68063e-16
1.67636e-15
1.67812e-17
2.29584e-17
-1.46403e-16
-7.10458e-17
-1.01818e-16
9.88076e-17
6.35524e-17
-6.1043e-17
-1.25944e-16
4.23558e-16
3.22063e-17
-1.25474e-16
6.82368e-17
5.62234e-17
-1.48539e-16
2.62269e-16
-5.79785e-17
-4.02358e-17
1.01669e-17
7.76707e-17
7.51144e-17
2.04745e-17
1.30581e-17
-5.45845e-17
-2.78484e-17
1.36151e-17
2.66311e-17
1.14821e-17
-8.5038e-18
9.17611e-17
7.33422e-18
-1.95639e-17
2.6068e-18
-9.6112e-18
3.38434e-17
-4.39045e-17
8.26774e-18
-1.00041e-16
2.82009e-17
2.35335e-17
7.24712e-18
-7.8991e-17
2.38302e-17
-3.83358e-17
1.88761e-17
1.31459e-16
-9.2514e-17
6.16618e-17
-8.52153e-17
-4.89317e-17
-4.45032e-17
8.95703e-17
3.46184e-17
-1.21731e-16
-8.63563e-17
1.70275e-16
-1.53569e-17
-1.40045e-16
6.14237e-17
3.93682e-17
5.78705e-17
-2.59465e-17
6.16095e-17
0.000669526
-0.000429605
-0.00123998
0.000373806
-0.00328881
0.00131912
0.0053973
-0.00657112
0.00726317
-0.00829558
0.00299052
-0.00125946
0.000180075
-1.75297e-5
-2.89569e-5
-0.00021405
-2.94928e-6
2.19962e-5
-0.000141842
5.24117e-5
-0.000261047
0.000106075
-4.86138e-6
1.44102e-6
-7.41887e-6
2.50454e-6
5.78094e-6
-1.36149e-6
2.09094e-5
-6.10624e-6
-6.98666e-7
1.79219e-7
-5.28048e-7
1.21335e-7
-6.28677e-8
-5.70578e-8
2.34507e-8
8.88098e-9
-6.51352e-8
2.15073e-11
-3.59259e-8
5.00789e-8
-3.12545e-8
-1.88092e-8
-3.21962e-9
1.66612e-8
-7.05288e-9
3.50611e-9
2.45029e-7
-6.60567e-7
6.61429e-11
3.55348e-11
-4.26135e-10
-9.37289e-11
3.05363e-7
-1.78411e-6
5.89627e-11
7.99566e-11
-1.60192e-10
3.36771e-11
-7.79689e-8
-8.30037e-8
4.60065e-7
-1.55328e-6
1.77354e-10
4.14078e-10
-1.20175e-10
-6.75715e-11
1.9656e-7
-6.88053e-7
-2.01067e-7
6.68673e-7
1.65151e-10
2.24719e-11
-5.4733e-11
4.41613e-11
-4.32073e-8
1.59733e-7
2.94599e-8
-1.13316e-7
-6.43152e-10
1.41153e-9
-5.88276e-10
3.77933e-10
9.37171e-10
-2.88499e-10
3.0851e-10
2.82999e-9
-5.35587e-9
1.49908e-9
-4.65469e-9
1.26932e-9
-5.14248e-9
-1.17812e-9
2.92049e-10
-7.40575e-11
2.35677e-11
-2.42638e-11
-1.12043e-11
-7.42233e-13
-2.58099e-12
-2.50849e-13
-1.94433e-13
1.16838e-13
-4.86823e-13
1.85081e-12
-1.31268e-12
-3.23909e-12
2.94002e-11
1.362e-13
-4.28035e-14
6.71159e-15
-4.61029e-13
1.8688e-12
-1.75146e-15
-1.78793e-15
-3.38089e-13
2.18206e-12
4.84694e-16
-9.2035e-17
-9.56142e-15
5.73775e-14
-6.31972e-17
9.46317e-17
-8.84621e-15
5.85459e-14
1.89638e-17
2.74691e-17
-7.86302e-18
1.19061e-15
2.11318e-17
1.40046e-16
-1.27752e-16
-7.05816e-16
3.51663e-16
-1.03542e-16
1.88652e-17
4.01449e-17
7.35161e-17
-3.74908e-16
-1.45172e-15
1.05039e-16
-6.52721e-18
-1.16334e-17
-8.53952e-17
3.95101e-16
-9.76152e-16
9.18799e-17
-6.37756e-17
-7.57642e-17
7.40684e-19
-3.80921e-17
1.12735e-16
1.13312e-16
-1.99416e-17
7.12753e-18
-6.88901e-18
4.00606e-17
-2.18813e-17
3.89353e-17
3.49413e-17
-6.7947e-17
2.11712e-17
-6.09666e-18
-3.83895e-18
6.20975e-17
-2.78847e-17
-3.60388e-17
1.94547e-17
-9.54528e-18
-1.57622e-17
-1.1445e-17
-3.05782e-17
7.00537e-17
6.86413e-17
3.93957e-17
2.36649e-17
-1.88013e-16
6.11037e-17
4.84832e-17
-7.25918e-17
-5.96923e-17
1.34414e-17
6.14729e-17
-3.2005e-17
-9.92234e-17
-3.9566e-17
-1.51322e-17
-1.67348e-16
6.64697e-17
3.72952e-17
0.00277072
-0.00233832
-0.0065575
0.0109599
0.00987198
-0.0167335
-0.0111888
0.0210766
0.0178891
-0.0249868
-0.00492425
-0.000960222
0.00268533
-0.00580674
0.000340101
-6.79959e-5
0.000169222
-6.48233e-5
0.000335973
-0.000154523
-0.000710584
0.000628796
-0.000103284
1.81755e-5
-7.68952e-5
4.63951e-5
-1.74311e-5
5.08525e-6
-3.84367e-5
1.37748e-5
-1.23296e-5
2.58773e-6
-7.68255e-6
1.46258e-6
2.44453e-7
6.2097e-9
1.60779e-6
-3.80343e-7
-3.23588e-7
7.06051e-8
-2.57636e-7
7.77314e-8
-2.98169e-8
-1.23615e-7
7.62728e-8
1.37609e-7
9.95953e-9
-2.96315e-7
4.54928e-7
-5.28338e-7
-4.91174e-9
1.02278e-6
3.67707e-6
-4.23228e-6
9.53779e-10
5.46421e-6
6.13358e-6
-1.21332e-5
4.23278e-11
-2.03846e-12
-2.06707e-11
2.23174e-11
2.11482e-6
-5.78148e-6
-1.97489e-6
5.16774e-6
8.76407e-12
-3.65552e-11
3.47446e-12
2.51492e-11
-5.25402e-7
1.53703e-6
3.68215e-7
-1.05219e-6
-1.6195e-10
-1.25909e-10
6.92932e-11
4.52465e-11
6.75304e-8
-2.10843e-7
-4.54036e-8
1.17885e-7
2.4419e-8
-3.46156e-10
6.54209e-10
-3.69675e-10
2.2034e-10
3.9612e-10
-1.21581e-10
-6.73427e-10
3.20064e-10
3.49112e-9
-9.95148e-9
-5.19177e-10
-3.27113e-10
-2.94164e-10
1.42228e-10
4.50008e-10
1.83421e-10
-4.86966e-10
1.77351e-10
-1.30536e-10
-2.55225e-10
-6.0163e-11
1.19331e-10
-1.26125e-10
1.19264e-10
1.21049e-10
1.28548e-11
5.04679e-11
3.62503e-11
-4.2265e-12
-3.58863e-11
1.13416e-10
-4.27172e-10
-1.04713e-11
1.41094e-12
6.39457e-12
-1.41127e-11
-1.51893e-10
1.83671e-12
-3.42807e-13
3.99968e-11
-4.68415e-11
-6.13049e-15
-1.21092e-11
7.43919e-15
1.40317e-14
-9.03259e-12
5.11481e-11
-7.03315e-15
2.0228e-15
-3.60684e-13
1.73749e-12
-4.61162e-16
4.23467e-16
-2.27367e-13
2.02051e-12
2.30987e-17
-6.88863e-18
-3.04635e-15
2.74058e-14
-7.16545e-17
1.0557e-16
-1.68345e-14
6.35508e-14
-4.58031e-17
5.7331e-15
9.16438e-17
3.13478e-15
2.57814e-15
-7.22956e-15
9.82128e-18
-7.78069e-16
6.91502e-15
-8.65491e-15
8.36757e-17
-2.1781e-16
5.61315e-16
-6.4497e-16
6.66905e-17
-9.3575e-19
-3.28989e-17
5.95743e-17
-3.92469e-18
9.43744e-17
8.04945e-17
1.53269e-16
1.01298e-17
-1.01353e-18
-4.50358e-17
3.77124e-17
9.99506e-18
-6.62597e-17
-4.32884e-17
-9.0942e-17
-2.10625e-17
-9.81317e-18
-2.98354e-17
8.47489e-18
6.52208e-17
-3.93004e-16
-1.43276e-17
9.13313e-18
3.18743e-17
-7.17472e-17
1.26559e-16
2.87854e-17
-1.60036e-16
-1.76851e-17
1.88421e-16
-2.95467e-17
8.61222e-17
6.60449e-17
1.54696e-16
5.38271e-16
-1.15035e-15
8.78646e-16
-1.97048e-16
1.86782e-16
-7.24159e-16
3.57572e-16
-1.99605e-16
-2.86862e-16
-2.17389e-15
-2.79696e-5
0.000162893
0.000370312
-0.00211162
0.00874228
-0.0113308
0.0271785
-0.0176255
-0.0266362
0.025693
0.0141824
-0.0107174
0.00439648
-0.00838966
-0.00250189
0.00498118
-7.80508e-5
0.000959569
1.66997e-5
-8.07171e-6
7.51721e-5
1.2655e-5
-0.000285661
4.76668e-5
-7.88578e-5
1.76105e-5
-1.45605e-6
2.0985e-6
-4.08831e-6
-3.26238e-6
-4.80317e-6
1.11293e-6
-3.44771e-6
5.60136e-7
4.62559e-8
8.24436e-8
-8.11187e-7
1.98994e-7
-4.50131e-7
2.64699e-6
-1.85322e-7
-2.74385e-7
1.4008e-6
-5.00315e-7
3.6737e-8
-1.0891e-7
1.95842e-7
-1.22591e-7
-8.85605e-7
1.7517e-6
-3.34975e-9
1.06461e-8
1.34554e-8
3.86902e-9
-3.74338e-6
1.58707e-5
-1.89329e-10
-1.20196e-9
5.55115e-9
-8.75318e-10
-6.85088e-6
2.00922e-5
8.05632e-11
-2.66463e-12
9.69831e-10
-5.46127e-10
1.3299e-5
-2.57296e-5
-1.19031e-5
2.39755e-5
-8.15656e-12
-4.86788e-13
1.58477e-11
-5.27413e-11
-4.01052e-6
9.12779e-6
2.72998e-6
-6.31571e-6
-2.50487e-11
-1.40578e-11
8.29843e-12
4.61846e-12
5.60907e-7
-1.44193e-6
-2.44218e-7
8.15612e-7
1.03979e-10
-1.95472e-10
7.46764e-11
-5.0336e-11
-1.61952e-10
3.96083e-11
-3.87909e-11
-7.65352e-8
2.02245e-7
2.96067e-8
-3.60787e-8
-6.40006e-11
-1.37488e-9
5.15168e-11
3.00894e-9
1.72799e-9
-1.70224e-9
-1.84574e-10
-3.41906e-11
4.55526e-12
-3.03689e-12
5.94783e-10
-9.59382e-10
3.34397e-9
-6.44445e-13
1.19337e-12
2.06681e-10
-5.05107e-10
3.83197e-13
-5.78476e-13
-8.67021e-15
-2.19872e-10
3.30481e-10
-2.69881e-14
-9.59349e-14
2.96519e-14
-1.06562e-11
4.44802e-11
-4.49767e-15
8.79387e-15
-7.88089e-12
5.84469e-11
-1.28462e-15
3.98681e-16
-2.42556e-13
5.90075e-13
-1.37423e-16
3.86953e-16
-5.37466e-13
3.72319e-12
-7.24319e-17
4.15294e-17
8.29464e-16
6.73319e-14
-5.04665e-17
-2.60686e-16
2.24124e-16
2.05522e-14
-2.07727e-13
-1.45209e-17
-4.92174e-17
-1.74266e-18
7.45305e-17
3.32207e-15
1.06555e-14
-7.57723e-17
1.33652e-16
3.26405e-19
1.02687e-17
-7.78616e-15
2.97666e-14
2.85413e-17
-7.09023e-17
-3.50701e-17
-2.39226e-18
-1.25357e-15
3.80377e-15
-7.3742e-17
1.40977e-17
1.17763e-17
2.65153e-17
-7.25753e-17
-2.34979e-16
-7.03324e-17
-4.55369e-17
1.66536e-17
-2.47441e-17
9.06515e-18
8.19142e-17
-3.90099e-17
1.57932e-17
1.93408e-16
-1.04222e-16
5.84457e-17
3.6553e-17
-9.27844e-17
1.1294e-16
-3.27005e-16
-1.31489e-17
-3.27584e-17
-3.47495e-17
-4.46142e-17
-7.66254e-18
-2.97364e-17
-2.20433e-16
4.66275e-15
1.46948e-15
-5.43491e-15
7.88981e-16
-2.07331e-16
1.96795e-16
1.32736e-15
-5.30177e-16
-2.65549e-15
2.0418e-15
-1.0619e-15
4.47574e-16
-7.44092e-15
6.63573e-15
-1.0168e-14
8.1188e-15
-0.0343123
0.0504562
0.049725
-0.04438
-0.0363572
0.0323743
0.00483551
0.0152989
-0.000112896
6.55548e-5
0.000137735
0.000545317
-0.0183739
0.00631946
0.0250189
-0.016603
-0.0154699
0.0228286
-0.00462467
0.00500711
0.000976889
-9.95205e-5
1.60656e-5
-2.93245e-5
-4.6952e-5
2.32374e-5
-9.98708e-5
2.2768e-5
-3.98522e-5
-1.01831e-6
-6.71184e-6
2.63505e-5
-1.01808e-5
1.07465e-5
-5.95269e-5
2.57116e-6
-2.12455e-6
5.03092e-6
-1.71142e-5
-1.16462e-6
3.65934e-6
-3.58201e-7
-1.54508e-6
1.96175e-6
6.7948e-6
-4.33657e-6
3.11332e-7
-3.31681e-6
-4.90724e-6
1.43594e-5
-4.57685e-8
-3.87021e-5
-3.78847e-5
6.63236e-5
-4.90337e-9
2.68501e-10
4.3748e-5
-4.09736e-5
-4.43065e-11
2.13756e-10
-1.34116e-10
1.39658e-10
-1.86676e-5
3.41385e-5
1.15205e-5
-2.64713e-5
-1.83387e-12
-4.79111e-12
7.81868e-14
1.41874e-11
3.20153e-6
-7.15747e-6
-1.495e-6
3.77289e-6
2.39579e-11
1.04705e-11
-8.89106e-12
6.04758e-12
-4.0796e-12
-5.12791e-7
1.03779e-6
-1.5225e-7
-7.89382e-12
3.1065e-8
1.16779e-8
-2.63647e-8
-4.15428e-9
5.18824e-11
-9.49242e-11
5.25412e-11
-3.76847e-11
-7.49066e-11
2.73784e-11
8.78121e-11
-4.90602e-11
-5.2678e-9
2.02474e-8
8.29377e-9
-1.17929e-8
5.79939e-11
-1.36189e-11
-7.74524e-11
-7.75656e-9
5.80734e-9
-8.26411e-12
-4.05959e-13
-8.10399e-11
-3.18563e-10
-2.74264e-12
1.72735e-12
-1.01346e-9
1.87238e-9
-2.05864e-9
5.22907e-13
-5.58042e-13
-2.81771e-10
3.19594e-10
-1.17588e-13
2.4348e-14
6.88504e-15
-6.23678e-12
2.29628e-11
-2.08207e-15
7.69749e-15
-2.25088e-11
4.84708e-11
-2.43755e-16
-1.04545e-16
9.2319e-13
-2.8934e-12
2.11896e-16
1.75565e-16
-5.57566e-17
2.36695e-12
-1.11039e-11
6.61811e-17
1.90432e-13
-5.46449e-13
-3.87599e-17
-1.03374e-13
-1.96243e-16
-3.09059e-15
-1.0409e-13
2.12213e-13
3.03541e-17
1.19093e-15
-1.62921e-14
3.57808e-14
6.21775e-17
-1.19478e-16
4.32954e-16
-1.42577e-15
3.64556e-15
3.02066e-17
-4.65829e-17
5.088e-17
-6.17475e-17
6.25295e-17
1.30016e-16
-1.44892e-16
-1.02725e-16
8.22065e-17
7.51543e-17
3.13787e-17
7.07116e-17
-1.36114e-16
-5.49871e-17
-2.89787e-16
-2.83439e-16
2.33189e-17
5.04638e-17
-1.52132e-16
1.73999e-15
-6.7615e-15
-2.74526e-16
-7.1581e-17
3.13286e-16
-5.23928e-16
2.71509e-15
-3.33603e-15
2.39829e-15
-3.87313e-15
1.48622e-14
1.1247e-14
4.49251e-15
-1.20234e-14
1.1426e-14
-3.7111e-15
3.19068e-14
-2.10697e-14
6.58895e-15
-1.51725e-14
1.16251e-14
0.0297345
-0.0543873
-0.0439987
0.0793477
-0.0881169
0.0850082
-0.0652442
-0.0783667
0.0796064
0.0517509
-0.0405082
-0.0127395
-0.0141302
0.000168446
-2.76704e-5
-0.000126703
-0.00171537
0.000443618
-0.00448259
-0.00418784
-0.00857896
0.0222084
-0.0024841
0.00438838
0.000642678
-0.000191671
-0.000186692
6.28517e-5
-0.00018208
9.79378e-5
8.01473e-6
-1.24654e-6
8.6692e-5
1.94003e-5
-8.07671e-5
1.92842e-5
-4.82007e-5
1.4786e-6
4.40274e-6
-9.5094e-6
1.98022e-5
-8.05054e-6
2.26045e-5
-4.65832e-5
-3.19537e-6
-3.34758e-5
4.69104e-5
1.26661e-5
5.0153e-7
-1.80511e-6
2.03785e-6
-6.36842e-7
6.05478e-6
-1.45216e-5
5.23726e-8
-1.50076e-7
1.89862e-7
-9.97686e-8
4.25919e-5
-6.95659e-5
8.34618e-10
1.42268e-9
-8.25051e-9
1.10608e-9
-6.59848e-5
7.72383e-5
5.81076e-5
-6.90405e-5
1.20592e-10
-2.16512e-10
-4.60009e-5
3.40457e-5
-8.81803e-12
-4.11529e-11
9.65237e-11
-4.09175e-11
7.66478e-12
1.19013e-5
-1.70895e-5
5.37605e-6
-6.06933e-6
3.73072e-12
8.75092e-14
-6.71666e-12
2.09254e-12
2.31916e-13
-2.05344e-6
3.13382e-6
-8.14852e-7
-4.48983e-13
1.89667e-7
5.7349e-8
-1.90072e-7
-1.90106e-11
3.781e-11
-1.53362e-11
1.26082e-11
3.02245e-11
-1.472e-11
8.02537e-12
3.13485e-8
-9.74254e-8
-3.28228e-8
7.69078e-8
1.81704e-11
-4.2347e-8
-1.74362e-11
2.64894e-8
8.5742e-12
-1.13197e-8
1.09513e-11
-9.28971e-12
-5.02492e-9
6.434e-9
-7.00631e-12
3.32404e-12
1.90697e-12
4.7519e-9
-4.32095e-9
2.0443e-12
1.16555e-12
-9.47333e-10
-2.00673e-12
9.14878e-13
-3.81406e-10
1.38101e-9
-1.03101e-9
2.4375e-13
-4.21399e-13
-1.75338e-10
1.22201e-10
-6.68938e-14
4.79186e-14
8.27744e-15
-2.34592e-15
-1.35666e-16
2.16576e-11
-1.95762e-11
3.36333e-11
-5.36351e-11
2.92329e-16
2.59458e-15
-7.15016e-16
-2.44156e-12
8.31918e-12
3.96189e-17
1.43596e-17
-3.58308e-13
8.32347e-13
2.29117e-17
-6.06491e-16
3.76826e-16
3.66718e-13
-6.94011e-13
1.90961e-16
-2.03005e-16
5.29422e-18
-2.51832e-17
1.20475e-13
-2.26246e-13
-3.9194e-17
1.01113e-16
7.10719e-17
-1.9815e-16
2.56479e-14
-4.13674e-14
-3.39786e-16
4.36402e-16
2.40776e-16
-3.33613e-16
1.90687e-16
3.91014e-15
-6.74955e-15
1.91315e-16
-1.33438e-16
-1.24528e-18
-1.44205e-16
-2.18712e-15
-6.17445e-18
7.57827e-17
5.30996e-17
2.20906e-16
-5.76708e-17
-2.82919e-16
1.77598e-16
-2.7131e-16
3.64118e-16
3.83969e-16
-3.67981e-16
8.96442e-16
-3.33809e-15
-2.94066e-16
-2.39122e-16
2.70035e-16
-1.29746e-15
9.74834e-17
-2.34405e-15
-1.01591e-15
7.07443e-15
-2.54008e-14
-1.62483e-14
-4.56874e-14
-2.77666e-14
5.37863e-14
-1.41117e-14
2.86645e-14
-1.10757e-14
5.77175e-15
4.47396e-14
-4.28283e-14
4.16445e-14
-3.33517e-14
4.15903e-14
-4.97448e-14
0.0274198
-0.0525075
0.0956264
-0.141518
0.145435
-0.131399
0.100517
-0.0735405
0.0383723
0.0473865
-0.038485
-0.0144858
-0.0108052
0.00743731
-0.00144417
0.00573408
-0.0163946
-0.00515421
0.0123375
0.00044024
0.000520305
-0.00148989
0.000707198
0.000393409
-1.03056e-5
9.16511e-5
-0.000177195
8.92223e-5
-0.000171125
0.000301334
-1.89863e-5
-1.86517e-5
0.000130567
-0.00016122
-9.29659e-5
-3.52166e-5
1.45831e-5
3.21637e-5
-6.91354e-6
-2.22231e-6
5.55597e-7
-7.05026e-6
1.5346e-5
-4.4383e-7
2.87209e-7
-3.03324e-5
6.13094e-5
-7.02459e-8
3.46365e-8
-6.79244e-5
6.59295e-5
2.02908e-9
-2.66359e-9
-1.74588e-8
-6.74738e-10
5.31936e-5
-5.58939e-5
-3.40618e-5
4.00993e-5
-4.53572e-10
2.02935e-10
1.98182e-5
6.82119e-6
-1.19712e-5
2.12645e-11
-8.77532e-12
9.29611e-13
-4.15345e-6
1.2857e-6
3.31918e-7
-8.03007e-7
-5.30745e-12
-2.37833e-12
3.26804e-12
-6.56181e-12
8.85049e-13
1.36936e-7
-3.05523e-7
1.79069e-7
1.12907e-11
-1.4913e-7
-1.23474e-11
8.84966e-8
1.1238e-11
-4.85852e-8
-7.15356e-12
2.26159e-8
5.19994e-12
-9.44825e-9
-2.08161e-12
3.65328e-9
-3.48592e-12
2.2128e-12
4.05627e-9
-3.32308e-9
1.22723e-12
6.12012e-13
-9.39236e-10
-6.4649e-13
2.96658e-13
-1.90412e-11
1.35562e-10
-1.67872e-10
-3.68615e-14
4.53704e-12
-1.50464e-14
2.08731e-12
-1.21233e-12
7.80741e-16
6.69796e-16
1.48696e-12
-3.32029e-12
2.1359e-16
5.20751e-15
-3.49111e-15
-5.64419e-13
6.34084e-13
2.08119e-15
-7.59357e-16
-2.34146e-13
3.60928e-13
2.3479e-16
-1.28107e-16
-8.30101e-14
1.86213e-13
7.14635e-17
-1.10477e-16
-1.56957e-14
4.66185e-14
-3.41851e-16
4.20741e-16
-2.29865e-15
7.31458e-15
-3.29517e-16
-9.77365e-17
1.11084e-16
6.30873e-16
-1.62975e-16
-8.25298e-16
1.84011e-15
2.80212e-17
-4.02479e-17
4.11617e-16
-1.31104e-17
2.90373e-17
-1.22116e-15
1.76167e-16
-1.11419e-15
3.63164e-16
9.71807e-16
6.21306e-15
-1.30424e-14
4.43452e-15
1.17975e-14
-3.54507e-14
-1.91919e-14
5.55901e-14
-1.35699e-14
1.66996e-14
-6.86067e-15
6.83888e-14
-9.99133e-14
1.01824e-13
-9.21282e-14
7.31694e-14
-5.50054e-14
3.905e-14
-4.34857e-14
0.02764
-0.0395904
0.0219044
0.073871
-0.136107
0.180358
-0.198825
0.183123
-0.144308
0.100538
-0.0663922
0.067732
0.0443247
-0.0661955
-0.0141886
0.0136593
-0.00902351
0.00142467
-0.00420746
0.00284526
0.00861183
-0.00954853
-0.000503466
0.00183206
-0.00275864
-0.000809112
0.00156117
-0.000892893
-0.000349245
0.000860016
-0.000518498
-0.00156909
-0.00032982
0.000636672
0.000208363
-0.000294873
0.000172798
0.000292033
-0.000150164
-7.10404e-5
4.30143e-5
6.14257e-5
-8.71749e-6
-1.73513e-5
7.08776e-6
4.22214e-5
-2.76437e-5
3.07408e-6
-2.86357e-5
1.20526e-6
1.80002e-5
-5.93662e-7
-5.97477e-8
4.41526e-5
-4.8571e-5
6.53213e-8
-2.41112e-8
4.69247e-5
-3.76477e-5
-1.12939e-9
1.56216e-9
7.48283e-9
-1.67937e-9
4.4492e-10
-2.09861e-5
2.52316e-5
-1.40339e-5
1.25467e-5
3.18058e-11
-9.5136e-11
-1.08366e-10
4.93502e-12
-6.01405e-12
6.43516e-6
-7.44936e-6
2.38436e-6
2.14399e-12
-1.06694e-6
1.03758e-6
-7.34115e-13
-7.92358e-13
-4.01327e-13
8.17446e-13
-2.35782e-12
4.26681e-7
-6.64831e-7
3.48319e-7
5.13512e-12
-2.87787e-7
-7.81677e-12
2.05958e-7
9.25058e-12
-1.34647e-7
-8.63842e-12
7.63855e-8
6.38208e-12
-3.73175e-8
-4.31681e-12
1.55258e-8
2.52923e-12
-5.5573e-9
-2.60786e-12
2.48827e-9
-1.8815e-12
2.5828e-12
2.43336e-9
-1.96487e-9
5.19557e-13
-5.71518e-13
4.41008e-13
6.26491e-15
4.23031e-11
-2.5614e-10
3.42101e-10
-7.99977e-14
8.83736e-14
7.76056e-12
-7.68664e-12
3.41319e-14
-4.83644e-14
2.87316e-14
1.16506e-14
-2.19844e-14
2.71675e-13
-2.44112e-13
-1.03523e-12
2.51135e-12
-7.36679e-15
1.06704e-14
-5.9666e-15
1.96489e-15
1.46239e-13
-7.9037e-14
-3.03208e-16
8.68193e-14
-1.18361e-13
1.08414e-16
-7.73165e-14
-5.46883e-17
-9.82186e-15
-2.54759e-14
4.70924e-14
3.96699e-16
-8.18001e-16
-8.57072e-16
-7.3479e-15
1.37098e-14
3.5534e-16
-9.97704e-17
7.63429e-17
-5.48121e-16
-2.47792e-16
-1.20984e-16
6.54852e-16
4.78261e-16
-8.72986e-16
-8.66867e-16
3.89024e-16
-1.56803e-15
2.84546e-15
1.23447e-15
-4.38617e-15
-1.73015e-15
3.5491e-15
4.19903e-15
-2.51224e-15
1.83753e-15
8.77638e-15
-8.58324e-15
1.93277e-14
1.93784e-14
-3.48993e-14
-1.79995e-14
5.61829e-14
1.67036e-14
-1.29161e-14
-1.80851e-15
-6.97626e-15
6.70627e-14
-1.21959e-13
1.64134e-13
-1.85975e-13
1.77645e-13
-1.47384e-13
1.09896e-13
-8.26217e-14
8.99948e-14
-8.75733e-14
-0.0776318
0.0430597
0.132603
-0.188537
0.220418
-0.216923
0.180972
-0.130143
0.0833219
-0.051595
0.0241659
0.00271861
-0.0126188
0.00672408
-0.00388232
-0.0147695
0.0214664
0.0100557
-0.0144548
-0.00438582
0.00189318
0.00217504
-0.00122035
0.000693315
-0.000957496
0.000486525
-0.000250915
-0.000388994
0.000217453
0.000128686
-9.04088e-5
2.87529e-5
-2.58872e-5
5.29031e-5
-2.89646e-5
-0.000105048
-5.57514e-5
9.58931e-5
-5.31085e-5
3.35186e-5
9.40838e-6
-2.03895e-5
1.68908e-5
-7.54348e-6
-1.40711e-5
-2.14215e-6
1.79116e-6
-4.65155e-6
3.50205e-6
-1.34756e-6
-4.41921e-7
-2.11125e-5
1.323e-5
-2.04578e-5
3.37446e-5
8.83288e-8
-1.20248e-8
-3.33059e-5
2.74455e-5
-1.21763e-9
1.65038e-9
1.58756e-10
-1.93123e-5
1.19263e-5
-8.68849e-6
7.28426e-11
-3.5636e-11
8.2953e-12
5.68899e-6
-2.83066e-6
-1.07437e-6
1.93453e-6
8.61123e-13
-2.35671e-13
1.36661e-12
8.07025e-7
-4.11835e-7
-3.27343e-12
2.95967e-7
5.42618e-12
-2.24923e-7
-6.89153e-12
1.57191e-7
7.02756e-12
-9.69527e-8
-5.8285e-12
5.10012e-8
4.15514e-12
-2.24366e-8
-2.59467e-12
8.15909e-9
1.67031e-12
-2.5495e-9
-7.75815e-13
7.19246e-10
-1.03215e-13
2.04763e-10
4.33029e-13
-3.06904e-13
-5.76165e-12
3.30946e-12
1.89677e-11
1.37996e-13
-6.34161e-14
3.48081e-14
3.27761e-13
-1.48933e-13
1.18967e-12
-1.86974e-14
9.06775e-15
-3.11049e-15
-7.30037e-15
-8.05622e-14
-1.78405e-16
-3.064e-16
2.0954e-15
-2.63211e-14
-6.44088e-15
-2.01416e-14
3.22808e-14
6.26406e-16
-3.06925e-15
-1.19019e-15
3.64953e-15
1.09602e-15
-3.11622e-15
7.98275e-15
-7.50057e-15
-2.43697e-15
3.56365e-15
1.44506e-15
-1.49472e-15
3.74706e-15
3.68582e-15
-5.78326e-15
3.15337e-16
-1.47449e-16
-1.43482e-16
-1.57988e-16
1.28102e-15
-3.29776e-15
4.92783e-16
-1.22938e-15
1.52653e-15
-6.41762e-16
2.40484e-15
-4.50713e-15
7.88034e-15
-1.17642e-14
5.33871e-15
-2.86249e-15
-1.49701e-14
2.53239e-14
-1.49681e-14
4.77486e-14
7.66788e-15
-3.7065e-14
2.60936e-14
-8.86209e-14
1.5187e-13
-2.2161e-13
2.70512e-13
-2.80286e-13
2.47945e-13
-1.90198e-13
1.30263e-13
-8.24459e-14
4.18008e-14
-0.0277581
0.0389244
-0.0204284
-0.0358218
0.0698849
-0.111249
0.161146
-0.20137
0.213433
-0.191654
0.146372
-0.0970323
0.0590389
-0.0290916
-0.0229248
0.0307359
0.0154507
-0.0154891
0.0117667
0.0155095
-0.00771995
0.00455431
-0.00577123
0.0033768
-0.00177508
-0.00240877
0.00130309
-0.000717723
0.000964589
-0.000539775
0.000302987
0.000390273
-0.000201448
-0.000169022
0.000106808
0.000105344
-6.52675e-5
3.3357e-5
-8.83942e-5
6.40647e-5
-3.99048e-5
-1.40873e-5
6.87744e-6
2.10893e-5
-7.04568e-6
-2.87602e-6
1.10788e-6
3.90685e-7
-2.97821e-6
9.20889e-6
-1.47724e-5
-1.38492e-7
4.31651e-8
1.6923e-5
-1.49154e-5
-1.04099e-8
1.49898e-9
-6.57267e-10
1.09615e-5
-7.26621e-6
5.16337e-6
1.08856e-10
4.37627e-12
1.37626e-12
-3.559e-6
2.6605e-6
-1.80768e-6
1.17582e-13
-1.4995e-12
-3.97729e-12
6.29786e-12
-1.16899e-12
-1.08447e-6
1.5684e-6
-5.84565e-7
-1.61606e-12
3.86742e-7
2.77385e-12
-2.57869e-7
-3.9506e-12
1.96569e-7
5.08383e-12
-1.48005e-7
-5.56847e-12
9.9956e-8
5.09335e-12
-5.76525e-8
-3.93463e-12
2.75082e-8
2.62165e-12
-1.06242e-8
-1.62184e-12
3.40767e-9
8.01513e-13
-8.77882e-10
6.78239e-13
-8.72169e-13
-5.58561e-10
5.03949e-10
-4.53176e-13
4.44914e-13
-3.49651e-13
1.80284e-13
-1.08155e-12
3.77208e-12
-6.27273e-11
-1.12496e-13
6.4394e-14
-3.78435e-14
-3.43469e-14
2.74726e-13
-4.12072e-13
2.1025e-14
-8.99826e-15
9.4597e-16
-1.20919e-14
3.27694e-14
3.54333e-15
-6.56129e-15
8.02739e-15
2.26347e-15
2.78997e-16
6.74967e-15
-5.98805e-15
4.3386e-15
-1.21999e-15
-1.39335e-15
-3.07647e-15
1.56745e-15
-1.84661e-15
1.87686e-15
-3.83805e-16
-8.82605e-17
3.54129e-16
-1.2925e-16
-5.93115e-16
1.51274e-15
-8.07478e-16
1.54529e-15
-1.79538e-15
9.14627e-16
-3.04839e-15
5.74151e-15
-9.88126e-15
9.96031e-15
-5.47041e-15
3.11894e-15
1.99594e-14
-2.62412e-14
-3.33422e-14
5.21325e-14
3.84944e-14
-5.39614e-14
-4.09491e-14
3.18452e-14
-1.63444e-14
-4.92633e-14
9.9741e-14
-1.6277e-13
2.44987e-13
-3.2161e-13
3.60533e-13
-3.43302e-13
2.7822e-13
-1.95114e-13
1.24989e-13
-6.61428e-14
7.5415e-14
0.0233268
-0.0276525
0.0192416
-0.047262
0.0764465
-0.114203
0.151383
-0.173052
0.16815
-0.138234
0.0946365
-0.0548558
0.0294405
-0.020137
0.0151561
-0.00887174
-0.0181074
0.0125746
-0.0055371
0.00466214
-0.00266933
0.00149604
0.00240888
-0.00121861
0.000614514
-0.000850929
0.000497592
-0.000291722
-0.000308903
0.000145586
0.000174878
-9.89258e-5
-8.23497e-5
7.46495e-5
-2.97313e-5
7.51054e-5
-6.33589e-5
4.05233e-5
8.84688e-6
-6.32193e-6
-2.15058e-5
9.07921e-6
2.29974e-6
-1.69525e-6
-1.19457e-7
-1.93066e-6
-2.18865e-6
4.69889e-6
7.36872e-8
-3.22006e-8
-6.096e-6
5.99341e-6
1.15898e-8
-3.10996e-9
2.42227e-10
-4.69919e-6
3.22972e-6
-2.5526e-6
-6.13874e-11
-1.19919e-10
2.5437e-11
2.62458e-6
-2.48138e-6
1.61319e-6
-9.74497e-12
-7.85431e-12
-6.08352e-12
-1.21675e-6
2.90769e-7
6.27083e-12
-1.89393e-7
-4.09448e-12
1.59371e-7
3.47955e-12
-1.37039e-7
-3.76741e-12
1.13766e-7
4.14022e-12
-8.48944e-8
-4.0481e-12
5.41e-8
3.38028e-12
-2.85264e-8
-2.35226e-12
1.19468e-8
1.39479e-12
-3.73872e-9
-7.66615e-13
8.00136e-10
5.5117e-13
-1.20647e-10
-4.25397e-13
2.5985e-13
-1.48165e-13
3.55512e-12
-1.90593e-11
5.97312e-11
9.32486e-14
-5.71536e-14
3.37388e-14
-9.84376e-14
2.9234e-13
-1.20513e-12
-1.62877e-14
2.00827e-15
8.10026e-15
-6.48008e-15
2.72816e-14
-1.02096e-14
1.52921e-14
-2.05428e-15
-8.0721e-16
1.82258e-15
-1.12997e-14
9.08492e-15
-5.36453e-15
9.36565e-17
9.05524e-16
2.70004e-15
-1.81387e-15
1.10992e-15
-7.12901e-16
4.66257e-16
-1.53825e-17
-2.43585e-16
3.7227e-16
9.49105e-17
-7.29928e-16
6.64482e-16
-1.53972e-15
1.71991e-15
-9.7349e-16
3.09876e-15
-7.33167e-15
1.68924e-14
-8.66297e-15
4.99071e-15
-2.89171e-15
-2.44727e-14
2.62589e-14
-3.94111e-14
4.30715e-14
-2.60636e-14
1.45117e-14
4.36706e-14
-9.29822e-14
1.46463e-13
-2.27073e-13
3.15894e-13
-3.80437e-13
3.8944e-13
-3.36326e-13
2.3916e-13
-1.41867e-13
8.14135e-14
-5.39169e-14
0.00344029
0.0507202
-0.0484298
-0.0486205
0.0680639
-0.0938935
0.114923
-0.120974
0.106875
-0.0794303
0.043388
-0.0223772
-0.00913181
0.0120906
0.00526778
-0.000955476
-0.00329462
0.00196929
-0.00263057
0.00179584
-0.00100024
-0.00113694
0.00079597
-0.000362747
0.000559237
-0.000353523
0.000211988
0.000206829
-8.1474e-5
-0.000121005
7.09466e-5
3.81802e-5
-4.80118e-5
2.54171e-5
-3.98621e-5
6.65587e-5
-3.57615e-5
-1.00825e-5
3.62841e-6
1.60658e-5
-7.42782e-6
-2.42152e-6
1.53079e-6
-1.9083e-7
2.47052e-6
-9.79984e-8
-9.26442e-7
2.89421e-8
7.61324e-10
1.7211e-6
-1.87275e-6
-5.54979e-9
5.20717e-9
-6.0422e-10
1.76639e-6
-1.11668e-6
7.74155e-7
6.77781e-10
1.85585e-10
7.76743e-12
-7.61236e-7
8.95019e-8
2.20374e-11
1.73704e-7
4.42718e-12
4.71395e-11
-2.02115e-11
2.0261e-7
-2.38009e-7
7.0813e-12
-1.12368e-7
-3.64275e-12
8.77613e-8
2.86303e-12
-7.56293e-8
-2.84193e-12
6.10289e-8
2.83938e-12
-4.26789e-8
-2.50615e-12
2.46965e-8
1.8871e-12
-1.17252e-8
-1.05113e-12
4.09887e-9
5.57338e-13
-1.00918e-9
-3.10601e-13
2.44506e-13
-1.50315e-13
8.8239e-14
3.21857e-12
6.55639e-12
-1.14956e-10
-6.76623e-14
3.98062e-14
-2.04434e-14
-6.13316e-14
5.7765e-14
-4.47039e-13
5.03385e-15
1.02212e-14
-2.12277e-14
-2.0007e-15
1.14973e-14
2.70236e-14
-1.32418e-14
5.37318e-16
1.63281e-17
1.58569e-16
1.74096e-14
-5.74052e-15
6.10444e-15
-2.21906e-16
-2.63235e-16
-1.93324e-15
1.82837e-15
-1.23318e-15
7.58774e-16
2.35082e-16
8.89573e-17
-1.69705e-16
-2.77389e-16
-3.2866e-16
1.10139e-15
-2.27023e-16
8.83181e-16
-1.30773e-15
7.52859e-16
-1.44465e-15
2.5863e-15
-4.78117e-15
6.59853e-15
-3.69384e-15
2.13639e-15
-6.43795e-16
4.67839e-15
1.79672e-14
-9.44073e-15
-1.29853e-13
1.29548e-13
-1.22334e-13
1.82918e-13
-2.61364e-13
3.3237e-13
-3.62599e-13
3.31157e-13
-2.51962e-13
1.37906e-13
-7.6212e-14
4.36513e-14
-2.95385e-14
0.00881062
-0.00583992
-0.0213704
0.0303256
-0.0100826
0.0205839
-0.0342419
0.0482804
-0.0626305
0.0694955
-0.0673504
0.0462654
-0.0242516
0.0129762
-0.00828304
-0.005244
0.00386389
-0.00278632
0.00160508
-0.000760408
0.00739875
-0.000773273
0.000823815
-0.000897238
0.000423814
0.000424267
-0.000392635
0.000240961
-0.000205565
0.000196007
-0.000125227
-0.000181157
0.000143093
7.16096e-5
-3.97025e-5
1.91012e-6
-9.664e-5
-5.14005e-5
2.95646e-5
-1.02027e-5
5.46448e-6
2.45295e-6
-1.65991e-6
-3.34431e-6
2.10237e-6
1.30632e-7
2.42945e-7
-9.94197e-7
4.97761e-7
7.43242e-7
-5.17307e-7
-1.88723e-7
5.56049e-8
-8.22397e-7
7.37969e-7
-9.54674e-9
-8.03068e-9
9.94079e-10
-6.80797e-7
3.07243e-7
-1.39998e-7
-2.85832e-9
3.62821e-12
-4.3101e-10
2.196e-7
-3.19129e-8
7.3893e-11
-4.0908e-11
-9.7173e-8
6.6198e-8
1.01981e-8
-4.22201e-8
-1.01105e-10
-5.44096e-11
2.51807e-11
1.52047e-7
-7.0869e-8
-8.23834e-12
4.30955e-8
3.96427e-12
-4.79017e-8
-2.31521e-12
4.42075e-8
1.83249e-12
-3.81299e-8
-1.7e-12
2.83026e-8
1.57327e-12
-1.80729e-8
-1.07996e-12
8.23752e-9
5.75233e-13
-2.21876e-9
-3.16602e-13
3.55284e-10
2.10129e-13
-1.02992e-13
1.40765e-13
2.71507e-14
2.32584e-11
1.16948e-10
-7.05605e-12
2.50231e-11
-1.29517e-10
-3.35006e-14
1.2416e-14
3.59084e-14
-1.42574e-14
5.33691e-15
-3.67209e-15
-1.45393e-16
-4.77572e-14
5.97211e-15
-2.26608e-14
3.78699e-14
9.40804e-16
-1.16941e-15
-4.44224e-14
4.04612e-14
-1.91177e-14
1.63234e-16
-3.79384e-16
-2.45525e-14
1.97881e-14
-9.47943e-15
-1.93112e-17
-7.97424e-15
4.81501e-15
-2.29807e-15
8.074e-17
2.26772e-15
-1.81589e-15
1.0025e-15
2.23317e-16
2.32869e-18
-2.27946e-17
-1.26182e-16
-2.88128e-16
-2.8718e-16
8.12698e-16
-4.6682e-16
6.05906e-16
-1.5055e-15
3.46724e-15
-3.59711e-15
1.87386e-15
-9.40032e-16
-1.08306e-14
-1.854e-14
2.54974e-14
-2.83753e-14
2.80211e-14
8.84271e-14
-1.96473e-14
-3.27964e-14
1.53323e-14
-3.3629e-15
3.60097e-15
-7.5897e-14
7.33131e-14
-1.40158e-13
1.88918e-13
-2.46364e-13
2.72916e-13
-2.66552e-13
1.8067e-13
-1.00776e-13
5.40815e-14
-0.00607971
-0.0174691
0.0217861
0.0236536
-0.0221781
0.0289292
-0.031303
0.0300764
-0.0190351
0.00910981
0.00287938
-0.00185139
-0.000864526
6.8877e-5
-0.00180916
0.00117945
-2.6023e-5
0.000302847
-7.00412e-5
-0.000109143
-4.99399e-7
0.000128741
-0.000114171
6.47591e-5
6.49831e-5
-2.44978e-5
-1.82085e-5
-3.67668e-5
1.95681e-5
2.99398e-5
4.29575e-5
-2.48332e-5
-9.71121e-6
6.76639e-6
-1.48867e-6
9.60693e-6
-5.92774e-6
-1.39162e-6
9.29834e-7
1.45193e-6
-2.00341e-7
2.75644e-6
-2.1346e-6
-5.5459e-7
2.27649e-7
3.6026e-7
-4.67788e-8
9.39279e-7
-6.20738e-7
1.03484e-7
-3.35727e-8
2.42901e-7
-8.17377e-8
-8.48719e-8
2.68105e-8
2.46455e-8
-3.00039e-8
1.60308e-8
1.49156e-8
2.44953e-9
-3.61726e-8
4.61677e-9
-1.30888e-9
4.6843e-10
-2.52965e-8
1.41502e-8
1.27265e-10
-4.395e-8
1.03211e-10
-7.22182e-11
1.88835e-11
-4.50392e-8
7.29987e-8
-6.89296e-12
4.76591e-8
2.4052e-12
-2.7861e-8
-1.1897e-12
2.25417e-8
8.61244e-13
-1.6342e-8
-7.18251e-13
1.00252e-8
4.40357e-13
-4.10028e-9
-2.13232e-13
9.02989e-10
4.53465e-14
-7.23404e-14
2.4195e-14
-2.60868e-15
-5.54134e-12
2.40181e-12
1.97325e-10
4.12745e-15
-1.1882e-14
-7.5952e-16
1.32143e-14
-1.05481e-14
3.24285e-15
5.31289e-13
2.62723e-14
-4.14204e-14
-3.30525e-16
1.18082e-15
5.31802e-14
-3.87907e-14
-7.42215e-17
3.03273e-17
2.6444e-14
-1.57426e-14
-2.14705e-16
2.39691e-18
5.14786e-17
5.5646e-18
7.09249e-15
-3.5458e-15
-3.44663e-16
2.75033e-16
1.30708e-16
-1.83694e-16
1.75069e-15
-2.16461e-15
-1.54942e-15
2.62298e-16
3.00026e-17
-1.95243e-16
5.21155e-16
-8.16458e-17
-1.77406e-16
6.30722e-17
3.57951e-18
3.02262e-16
1.32347e-16
1.01206e-15
-7.37396e-16
5.15268e-16
-5.1633e-16
9.60583e-15
-1.90908e-14
-2.29037e-14
-3.60173e-15
2.01718e-16
-4.78192e-16
1.25566e-15
9.62677e-14
-8.08809e-14
1.59355e-13
-1.2741e-13
1.65344e-13
-1.70687e-13
1.53326e-13
-1.06286e-13
5.3988e-14
-7.98334e-15
1.131e-14
-0.00565477
0.00746997
-0.00540644
-0.0194736
0.0142921
0.00860782
-0.0100397
0.0104886
-0.0118675
0.00758316
-0.00042889
0.000677118
0.000185694
8.02424e-5
0.000156546
-0.000109335
0.00100964
-0.000639522
0.000143203
-0.00345433
8.68504e-6
0.000103663
9.09215e-6
5.266e-6
-1.52872e-5
-9.38923e-5
2.02488e-5
9.27462e-6
-2.21351e-5
3.00344e-5
3.6315e-5
-3.72978e-5
-3.36938e-5
1.78395e-5
2.05979e-6
-2.33049e-5
1.73965e-5
-7.70604e-6
-8.5458e-6
-3.29857e-6
4.96683e-6
4.19692e-6
-4.42968e-7
-2.55034e-6
2.12507e-6
5.9775e-8
-6.45579e-8
-1.20993e-6
9.24178e-7
-1.82636e-9
-1.42986e-8
-5.53072e-7
3.21303e-7
-4.70816e-9
-1.62393e-7
6.72346e-8
1.47981e-8
1.17687e-8
1.04061e-7
-4.83769e-8
-5.53707e-8
9.20194e-9
-7.72743e-9
2.84909e-8
-2.10172e-8
1.20656e-8
-1.25657e-8
6.05549e-9
3.29452e-9
-2.36945e-9
7.01434e-9
5.39461e-10
-2.87972e-9
1.38154e-9
-4.5109e-10
-8.28683e-9
1.21587e-8
2.58014e-10
-3.8551e-10
5.81152e-8
-3.62179e-8
-2.44956e-8
3.1466e-11
-2.56774e-8
5.24553e-11
-1.44074e-11
8.16796e-12
-4.70189e-8
3.5091e-8
-1.96268e-12
1.24165e-8
5.54031e-13
-1.05333e-8
-3.16053e-13
8.52212e-9
2.75048e-13
-4.99508e-9
-1.70092e-13
2.23314e-9
-1.52187e-14
9.26051e-15
-1.40064e-15
-5.47296e-15
-1.07024e-15
-3.5662e-11
-5.41981e-11
4.71251e-12
2.42225e-11
-1.49531e-10
-1.02255e-15
-2.12863e-13
-9.80783e-16
-1.6764e-15
2.79265e-16
3.66887e-15
-3.7464e-13
1.75783e-12
2.21016e-14
1.35437e-13
1.3022e-13
-1.14225e-14
1.82486e-14
-2.36992e-14
-2.33159e-14
3.21131e-14
1.03088e-15
-3.00482e-15
2.57347e-15
-1.09923e-14
-3.38809e-14
2.07978e-14
-9.17771e-17
3.95202e-16
-1.04113e-14
6.83065e-15
-1.48118e-16
5.8363e-17
-1.48273e-15
1.16716e-15
-1.53931e-16
1.31474e-16
-1.49263e-16
1.56856e-16
1.35739e-17
1.2246e-16
-8.5963e-17
-1.92052e-16
7.56961e-18
-7.25872e-17
-2.34515e-18
-1.04275e-16
4.20128e-17
-2.68638e-16
-4.72358e-16
2.52737e-16
-1.92799e-16
2.01367e-16
-4.67574e-16
-8.2315e-17
1.47713e-15
-4.3995e-16
-5.55064e-15
2.56341e-16
1.73215e-16
-3.25087e-16
4.05201e-16
1.14076e-14
4.83816e-14
-3.46548e-14
-3.03456e-14
-2.99203e-14
9.20815e-16
-1.01507e-16
7.03058e-16
3.75846e-18
1.06886e-13
-1.60438e-13
6.58724e-14
-9.10206e-14
1.03951e-13
-8.97618e-14
6.06179e-14
1.38137e-14
-9.67489e-15
-0.00111171
0.00460564
0.00305825
-0.00568381
0.00649093
-0.00465225
-0.00399161
0.00477855
-0.00218969
-0.00291038
-2.15976e-5
-0.000123791
1.66186e-5
0.000916051
-0.000886303
-0.000682838
-5.06109e-6
-1.41475e-5
-2.55314e-5
1.10608e-5
7.84802e-6
-2.44001e-6
-3.02663e-5
7.00722e-6
-2.96738e-6
-4.44374e-6
7.37066e-6
-1.76811e-6
2.81162e-6
-2.90751e-6
2.00263e-6
3.40672e-6
-8.39596e-7
3.92628e-7
2.10414e-6
-2.01398e-6
4.54465e-7
4.69331e-8
2.66942e-7
3.61444e-7
9.5546e-9
-3.10995e-7
3.37402e-7
2.45389e-7
1.18265e-8
-2.69903e-7
2.14436e-7
1.77102e-7
-1.70445e-7
4.32581e-9
-2.36346e-9
-1.1919e-7
1.13265e-7
-2.88308e-10
-5.21905e-10
1.35252e-9
-6.0593e-8
2.55894e-8
1.57087e-9
-7.08379e-9
-2.70792e-9
3.99826e-9
-2.47264e-9
4.83114e-11
4.04732e-10
4.7383e-10
-2.83939e-10
3.33558e-10
-1.28468e-10
1.16482e-8
-1.09494e-8
6.20299e-11
-1.63213e-10
4.15365e-8
-1.9088e-8
-1.18265e-8
-1.94643e-11
2.74367e-12
-9.36533e-9
-5.30946e-14
6.75968e-13
-4.83447e-13
1.09965e-8
-8.98492e-9
1.80104e-13
-6.39374e-9
3.70959e-14
-9.62824e-14
6.23815e-14
2.81858e-15
3.91425e-16
-6.52746e-18
-3.18459e-12
4.89131e-10
9.44592e-12
-1.61476e-10
-1.58204e-9
5.84101e-16
-8.16187e-12
-1.31701e-16
4.86528e-16
1.12908e-15
-3.34269e-15
5.69058e-15
-3.42855e-13
-1.02298e-12
-1.05715e-14
1.44633e-14
7.57033e-15
2.64682e-14
-1.63633e-14
2.20554e-14
1.02126e-14
-1.10547e-14
2.45268e-16
-2.52731e-15
-9.42894e-16
2.4035e-15
-8.39472e-15
7.87535e-15
-5.75483e-15
-9.53396e-17
-3.21428e-15
2.33888e-15
-1.97776e-15
-2.21619e-17
-3.75103e-16
1.39498e-16
-1.51597e-16
-5.614e-17
-6.01139e-17
8.37628e-17
-8.82888e-17
9.79401e-17
2.02314e-17
1.7071e-16
1.60558e-16
-1.31749e-16
-2.15289e-17
-9.182e-17
-6.58236e-17
-1.01506e-16
-2.86714e-16
-2.68788e-16
1.81903e-16
-4.5863e-17
1.42317e-16
-1.07521e-14
1.14443e-14
5.03763e-14
-1.91244e-14
-2.7592e-14
-3.44692e-14
1.63781e-15
-6.17888e-15
2.34876e-15
-1.31876e-15
-4.2393e-16
7.24681e-17
3.19154e-14
-8.18295e-14
1.10285e-13
-7.5412e-14
-3.96749e-14
5.4295e-14
-3.981e-14
0.00233288
-5.93486e-5
-0.0018536
-0.00169313
0.0018498
0.0015953
-0.000119464
0.000443832
0.000612688
0.000181406
-1.6972e-5
0.000200238
0.000303462
-0.0002619
-0.000630945
-5.88547e-5
-0.000182965
-8.32598e-5
5.0755e-5
2.42288e-6
-7.07336e-6
-9.52085e-7
-1.40054e-6
4.32039e-6
-5.23917e-7
5.33069e-6
-5.53899e-5
2.3044e-7
2.00445e-7
1.20787e-6
-1.08472e-7
2.12266e-7
-1.20282e-6
-4.09572e-7
9.01395e-9
1.23642e-7
-6.92666e-7
-2.29952e-7
2.28706e-7
-8.13219e-9
2.74997e-7
-1.08451e-7
-6.34271e-8
-3.00691e-8
-6.22619e-8
3.38867e-8
1.41775e-8
2.74071e-9
5.67776e-8
-1.00184e-7
-6.11117e-9
-4.68307e-10
-1.7714e-10
1.79065e-9
7.89244e-8
-7.86504e-8
-5.40258e-10
-3.30537e-10
-9.67458e-10
3.53664e-10
4.95671e-8
-5.01336e-8
-2.06924e-10
2.86313e-8
-1.27942e-8
-3.85347e-11
3.35248e-11
-1.16101e-8
5.61081e-9
8.44933e-10
-1.03014e-10
-1.70896e-9
7.8088e-10
-1.28268e-10
-2.97558e-10
6.6014e-10
-2.26078e-10
2.1513e-9
-6.28511e-10
-2.38433e-11
2.32377e-9
1.0373e-12
2.45495e-11
-5.33349e-12
8.62273e-9
-5.0198e-9
-1.26965e-12
-1.6837e-12
1.2391e-8
-5.77309e-9
3.35738e-13
-1.47888e-13
1.07438e-8
-8.27993e-9
3.59366e-11
1.41807e-9
-3.16337e-13
1.02467e-13
5.65948e-9
-5.20047e-14
-1.00173e-14
3.10969e-15
3.82418e-15
-1.32778e-14
-1.18894e-9
-2.41387e-9
2.65604e-9
8.01138e-10
-2.25774e-10
1.45155e-9
4.76622e-9
1.74541e-15
1.36614e-11
-1.1001e-15
9.93286e-12
1.66849e-16
-1.5113e-16
2.50832e-16
-5.88553e-16
-6.39269e-16
1.56191e-15
1.28437e-12
1.5728e-12
-3.57274e-12
7.17471e-13
-2.47897e-15
5.40098e-15
3.07069e-15
-7.21538e-15
-4.80476e-14
-1.72314e-13
2.4878e-13
6.47913e-13
8.17721e-15
-3.88156e-15
-2.54809e-16
-9.43652e-15
2.85066e-15
-2.30096e-15
1.93604e-17
2.80254e-16
-2.4105e-16
-8.34492e-17
5.28388e-16
-7.4766e-16
-3.68968e-17
5.25335e-17
-6.15743e-18
-1.68347e-16
-1.26702e-16
-7.50171e-17
-2.14148e-17
8.88834e-18
-6.30412e-17
-3.06128e-17
-4.07267e-17
-2.02562e-17
-4.83926e-18
-2.60526e-17
-4.44464e-17
7.1695e-17
-1.51059e-19
6.9857e-17
1.52157e-17
-5.89413e-17
6.55576e-17
9.94957e-17
8.10887e-17
-1.3025e-16
8.67545e-17
-1.68685e-16
-2.09292e-16
-6.64143e-16
2.32454e-15
2.21171e-15
-3.77379e-16
1.01902e-15
5.6746e-16
-1.15043e-16
-5.74225e-15
9.94838e-15
3.08976e-14
-1.28151e-14
-1.83368e-15
-2.36971e-14
1.18167e-14
6.12346e-14
-2.64364e-14
2.83851e-14
-1.22648e-14
2.11105e-14
6.47619e-15
-3.8241e-15
-3.14485e-15
1.72169e-15
-6.30406e-14
6.35971e-14
-9.20235e-5
2.26705e-5
-0.000502717
-7.57146e-5
-5.84581e-6
1.56918e-6
8.50207e-5
3.72974e-5
0.000106005
2.99656e-5
-1.96581e-5
0.000161914
-2.91254e-5
1.82616e-5
5.67452e-5
-8.52632e-6
-1.71931e-5
3.58061e-7
2.19068e-6
8.83447e-6
-1.62647e-6
7.7748e-6
-9.28642e-6
1.30694e-7
-2.34545e-7
-1.57613e-8
-3.90473e-8
1.98894e-7
-3.06017e-8
3.42616e-7
-2.08132e-6
1.12254e-8
3.56329e-9
1.43893e-8
-6.82954e-9
-9.51925e-9
-6.97171e-8
-2.00382e-8
3.85545e-9
8.39803e-9
1.91422e-10
1.21404e-8
9.96691e-9
-2.44995e-9
-7.13063e-9
-6.68445e-9
-8.01109e-11
1.21531e-8
-1.93634e-8
-1.11611e-8
-4.05637e-10
1.46822e-8
-1.46987e-8
-1.08137e-8
1.67494e-8
-9.91428e-11
6.1017e-11
7.09085e-9
-6.24437e-9
9.91848e-12
-1.80803e-11
4.29338e-9
-2.12677e-9
1.05855e-11
2.04544e-11
-1.45478e-9
7.31191e-10
1.49201e-10
-3.65658e-11
-2.38281e-10
8.30642e-11
8.45475e-11
-1.47017e-10
7.51305e-11
-2.47818e-11
-4.30801e-10
-1.65722e-10
-1.32282e-12
-1.56925e-12
1.34583e-9
1.25936e-12
4.37974e-14
1.77878e-14
-1.09294e-9
1.33298e-9
-5.05023e-14
5.49523e-14
-5.25592e-9
3.66298e-9
2.76359e-15
-1.57187e-14
-5.29842e-9
4.09478e-9
-2.04139e-9
-4.11433e-15
1.81153e-14
-2.86675e-9
1.58128e-9
-4.74966e-16
-8.55576e-10
5.52428e-17
3.02172e-10
7.04386e-17
-1.12456e-15
3.84118e-16
-1.14201e-16
-4.84901e-17
-3.30058e-17
1.9904e-16
7.50657e-12
-1.7537e-12
-1.47873e-11
2.53843e-12
-2.9101e-16
9.89654e-16
3.99426e-16
-1.13386e-15
-9.98605e-13
-2.22956e-12
3.45133e-12
6.65244e-12
9.75155e-16
-2.745e-15
-5.55333e-16
5.28619e-16
6.58552e-15
6.16993e-14
-5.32066e-14
-3.17974e-13
1.47754e-15
-1.30735e-15
8.75107e-16
-2.74817e-17
1.20013e-15
-1.04125e-15
8.45024e-16
1.00426e-15
4.3143e-16
-3.28613e-16
2.97547e-16
3.68875e-17
3.3904e-17
-6.35516e-17
3.63979e-17
3.48384e-17
-4.87923e-17
2.11219e-17
-1.63904e-17
5.44061e-18
4.30331e-17
-1.44241e-16
-3.90966e-17
-1.06622e-16
-2.52711e-17
2.63077e-17
6.77293e-17
5.41512e-17
2.44434e-16
-8.1946e-16
-3.74745e-16
5.6816e-17
-1.63959e-16
-3.29221e-16
-1.65177e-16
1.44819e-15
-2.7932e-15
6.29907e-15
5.24182e-15
-1.952e-15
-1.85178e-16
6.71915e-15
-1.32625e-14
-6.28038e-14
4.67031e-14
-3.1399e-14
5.31781e-14
3.12505e-14
-4.27045e-14
-2.65907e-14
1.67606e-14
1.46912e-14
-1.25431e-14
7.67145e-15
-8.31065e-6
7.41766e-5
-2.73101e-5
-1.40252e-5
-4.30561e-5
-1.10077e-5
8.05138e-6
-4.19277e-5
-4.91274e-6
4.80986e-7
-5.34764e-6
2.60608e-6
2.05813e-6
3.35093e-7
-8.64887e-7
2.63764e-6
1.32832e-5
-1.14719e-6
-3.23838e-7
-4.62039e-7
-1.28137e-7
5.64407e-9
7.60722e-8
4.50098e-7
-9.94401e-8
3.63799e-7
-1.5729e-7
5.37576e-9
-9.00344e-9
-7.57631e-11
-1.29726e-9
1.31018e-8
2.26255e-8
-1.04913e-7
5.40344e-10
1.37418e-11
1.28169e-8
-2.85249e-9
-5.79885e-9
1.54886e-9
-4.93748e-9
1.14654e-9
-2.79546e-9
1.11998e-9
-7.34132e-10
1.13631e-9
6.51935e-10
-1.71427e-10
-1.44841e-10
-1.28701e-10
-3.37337e-9
6.33234e-9
1.47123e-10
2.68833e-11
6.72481e-11
-5.87158e-11
-4.8262e-9
5.63425e-9
-1.11416e-12
6.12159e-12
1.33775e-11
-3.18443e-9
2.23963e-9
-2.21627e-12
3.35126e-12
1.16865e-9
-7.49358e-10
-8.6191e-13
-1.69099e-12
4.57083e-10
-2.29595e-10
6.2971e-12
-7.42855e-12
-1.35949e-10
6.73061e-11
2.50942e-11
-7.89578e-12
-2.22756e-11
6.5073e-12
4.34422e-11
-1.31154e-10
1.03221e-11
-3.53159e-12
1.30846e-12
-2.45944e-12
-9.63219e-10
-1.8687e-10
-6.87949e-12
3.99164e-11
7.51188e-10
-5.99245e-13
1.39539e-13
-5.36435e-10
-1.13815e-14
6.81192e-15
-6.98024e-17
5.55995e-16
-4.07549e-17
-9.39803e-17
3.9789e-17
3.3112e-17
-1.99014e-17
-1.23551e-11
9.84797e-11
-2.56837e-11
2.61417e-11
-5.04148e-11
3.33191e-11
-3.23339e-10
5.93342e-17
-7.53373e-17
4.18037e-17
3.26372e-17
1.02571e-16
-1.55234e-16
-1.0416e-11
-1.708e-11
2.74272e-11
3.86243e-11
7.84118e-17
-2.89033e-16
-7.23544e-17
3.02077e-16
2.99136e-13
1.3182e-12
-1.33142e-12
-4.64021e-12
-6.35698e-16
5.73941e-16
-7.09241e-16
-3.53973e-15
1.19835e-14
2.88519e-14
-5.34353e-16
4.48831e-16
-2.16883e-16
-4.612e-15
-1.62489e-15
9.1824e-15
-2.19195e-16
1.17632e-16
-1.62066e-16
1.57689e-16
9.61891e-17
7.55363e-16
-1.49182e-18
3.66662e-17
-6.39975e-17
-6.19169e-17
3.89745e-17
7.43202e-17
4.00094e-17
-1.04413e-16
1.05203e-16
-9.3738e-17
3.49508e-17
6.81512e-17
-6.90069e-17
-4.67202e-17
4.88977e-17
1.05301e-16
-1.29112e-16
7.95762e-17
-4.99007e-17
-2.64342e-17
2.22425e-17
1.03821e-16
2.57973e-15
-7.24425e-15
-3.13301e-15
1.05868e-15
-5.11105e-17
-2.73375e-16
5.47581e-16
-4.5964e-16
5.61239e-16
-3.24244e-15
1.06814e-14
-3.33512e-14
2.33949e-14
-1.41956e-14
2.24227e-14
-1.22623e-14
8.32132e-15
-2.30876e-14
2.3325e-14
-2.67829e-14
3.09263e-14
-2.67048e-14
9.5308e-6
4.95378e-6
-1.93988e-6
9.00913e-6
5.83431e-6
-1.34742e-7
-6.64431e-7
3.16325e-7
-4.19503e-7
-2.76258e-6
6.3186e-7
-1.81137e-6
-1.76664e-6
1.48634e-7
-1.63917e-6
-2.49012e-6
-5.40013e-7
3.17793e-7
-6.53853e-7
2.31776e-7
2.7502e-7
6.19249e-8
1.53259e-8
8.47206e-8
-5.35282e-8
5.43487e-8
-5.34691e-8
-1.54162e-8
-9.49706e-9
2.66172e-10
2.87193e-9
2.8467e-8
-8.44339e-9
2.17361e-8
-8.5627e-9
2.18167e-10
-3.86347e-10
3.93283e-10
-1.19627e-10
1.69286e-9
-7.65509e-9
2.0007e-11
-1.36385e-11
-1.44924e-9
3.94843e-10
6.90422e-10
-2.29914e-10
-8.88132e-10
1.19529e-9
9.19249e-11
2.44962e-11
-1.08987e-9
1.34335e-9
5.61943e-10
-1.71425e-9
1.80212e-11
-4.83341e-12
-3.93289e-10
5.803e-10
1.10386e-12
1.54102e-12
-3.95622e-10
2.37859e-10
-2.41519e-13
-4.31124e-13
1.14018e-10
-7.05308e-11
5.68116e-13
-2.54671e-13
3.98176e-11
-1.95452e-11
1.87714e-12
-5.75654e-12
-1.25602e-11
4.02126e-12
1.83254e-12
1.09668e-12
-2.93603e-12
9.24538e-13
-5.876e-12
-8.87071e-14
1.93255e-10
-2.0692e-13
6.20787e-14
-1.55289e-15
-1.82249e-14
5.35097e-10
-2.88358e-10
2.09378e-10
-1.16634e-10
1.95061e-15
2.35615e-15
6.82659e-10
-3.41054e-10
-1.58379e-9
-2.5163e-16
-1.19379e-15
-6.5795e-10
3.48874e-10
1.22392e-9
1.55792e-16
3.84037e-17
5.53931e-10
-2.8768e-10
-9.57622e-10
8.53714e-17
-1.18994e-16
-3.62659e-10
1.48018e-10
6.44252e-10
-6.41519e-17
5.28688e-17
1.03423e-10
-1.31248e-11
-5.85006e-17
9.54877e-17
-1.3202e-16
3.85718e-17
-5.10997e-17
3.50041e-17
-4.72346e-17
-6.21759e-11
-6.81767e-11
1.25271e-10
1.43085e-10
2.79923e-17
-8.73134e-18
-1.5069e-17
3.80364e-17
4.94309e-12
1.41564e-11
-1.57305e-11
-3.75977e-11
-2.49328e-17
1.95181e-16
1.34764e-16
-4.79546e-17
-4.48666e-14
-1.70503e-13
1.28399e-13
8.38666e-13
-2.1285e-16
2.09021e-16
-7.78013e-17
-2.65956e-14
-2.21136e-16
-1.08807e-17
-8.9278e-17
-2.10506e-15
-2.36783e-17
3.82502e-17
-1.2052e-16
-9.21202e-16
1.2159e-16
-1.39589e-19
-3.47341e-17
-3.12163e-17
-6.53922e-17
1.83473e-16
2.69917e-17
-2.90224e-16
-4.49711e-18
2.99825e-17
-5.7652e-18
-2.32793e-17
-7.36853e-16
2.4509e-15
9.45303e-17
7.41065e-18
-1.14254e-16
2.25714e-16
-1.26643e-16
7.78771e-16
1.69588e-14
-3.52522e-14
-2.09432e-14
8.52023e-15
-5.39183e-16
1.93387e-15
-1.73829e-15
3.90943e-15
-5.42492e-15
-6.73929e-15
1.20167e-14
1.32749e-14
-1.69941e-14
-2.63122e-14
2.37506e-14
3.9395e-14
-2.73621e-14
-3.52538e-14
3.74929e-14
-6.36037e-14
6.55134e-14
-5.15429e-14
8.26411e-9
-4.58664e-7
4.75956e-7
5.70075e-7
5.61077e-7
1.2102e-7
2.63461e-7
7.858e-7
4.33831e-7
-1.08208e-7
7.19343e-8
-7.11471e-8
-7.90163e-8
7.48981e-8
-2.00079e-8
-2.75842e-8
-4.82162e-9
-1.07546e-7
2.07358e-8
-4.78932e-9
5.16758e-9
2.97186e-9
8.55472e-10
6.9335e-9
-4.27243e-9
1.48673e-9
-6.54306e-9
-7.6385e-10
-4.68239e-10
2.20961e-11
1.5231e-10
3.19053e-9
1.20808e-9
-8.38078e-10
2.78816e-11
-3.11283e-11
-1.23039e-10
-5.34802e-10
4.00695e-10
3.03273e-10
7.8778e-11
-3.28997e-12
4.7288e-11
-2.83419e-10
2.8927e-10
1.0057e-10
-1.44246e-11
-2.42402e-12
-3.50579e-12
-2.67402e-10
3.77829e-10
-1.05007e-10
-1.85864e-12
6.86215e-13
-2.95223e-12
-9.53404e-11
1.26355e-10
-1.77084e-11
-1.14132e-10
7.04803e-13
-4.87617e-13
-7.49203e-12
2.76158e-11
2.24016e-13
8.35683e-14
-2.99605e-11
2.18936e-11
1.589e-14
-2.9043e-13
2.18001e-12
-5.80148e-12
4.46481e-13
1.81171e-14
4.87301e-12
-1.52081e-12
4.04951e-13
2.05695e-14
6.61696e-13
-9.2677e-14
-3.39898e-11
8.54639e-12
3.10581e-13
1.50738e-14
-1.08742e-11
-4.55679e-12
3.45884e-14
-1.50285e-14
6.34568e-11
1.70267e-15
-4.14251e-16
6.84143e-17
-5.02496e-17
3.86345e-17
-7.62343e-18
1.49626e-17
-1.85039e-17
1.59589e-17
-2.43227e-17
2.92753e-10
1.47698e-10
-1.7211e-10
-2.216e-10
-3.22928e-10
-1.20679e-10
-1.10973e-17
1.36769e-16
-4.93514e-17
9.85968e-18
9.46488e-17
4.37884e-11
8.69015e-11
-1.01492e-10
-1.74483e-10
1.19553e-16
1.7639e-17
3.24691e-17
-9.11767e-17
-3.59298e-13
-3.38824e-12
6.39537e-13
1.18464e-11
4.43144e-17
1.03034e-16
4.76913e-18
-7.74253e-15
1.33055e-13
-3.97765e-13
-1.32118e-16
1.46413e-16
5.13492e-17
-3.12876e-15
2.24768e-14
-6.09839e-14
-6.0678e-17
5.83307e-17
-2.43605e-19
-1.06448e-15
8.17184e-15
-2.24343e-14
-5.58297e-17
9.81576e-17
-1.74969e-17
-3.34519e-17
2.49505e-15
-7.61694e-15
6.45438e-17
3.43204e-17
-3.33719e-17
-1.83527e-17
-5.72364e-17
7.89927e-17
3.61851e-17
-2.31904e-15
-4.39798e-17
-4.44352e-17
7.25405e-17
-3.31329e-16
-7.16606e-15
2.20305e-14
5.54849e-16
-6.32083e-16
-1.13832e-15
6.72389e-16
2.71338e-16
-3.07853e-17
-1.44064e-17
3.82177e-16
-8.60594e-14
9.86174e-14
1.0104e-13
-7.26589e-14
6.46743e-14
4.34682e-14
-6.35289e-16
-1.46421e-16
-6.53977e-15
2.67834e-14
-5.33487e-14
6.78789e-14
-2.40654e-7
-9.6347e-8
-4.60491e-8
-2.00617e-7
-2.04645e-7
-4.29656e-8
5.33729e-8
-6.25063e-12
-9.95351e-8
2.36012e-8
6.22933e-8
3.70081e-8
5.87438e-8
1.30483e-8
4.50678e-8
7.51877e-8
3.93417e-8
-1.48812e-8
3.43379e-9
-4.32014e-9
1.89171e-9
-7.26502e-10
5.99867e-9
-1.19125e-9
3.60448e-10
-5.16672e-10
6.14284e-9
8.8344e-10
2.85726e-11
-9.0449e-11
1.96819e-10
1.22482e-9
3.16295e-10
-2.43318e-10
-3.60287e-11
2.55419e-10
-4.26528e-11
-5.69735e-11
3.28287e-12
-5.0472e-13
1.2015e-10
1.55351e-11
6.15167e-12
-5.73978e-12
-1.55348e-11
-5.14094e-11
7.65956e-11
3.39867e-11
2.01961e-12
2.91151e-12
2.95162e-12
-6.48382e-11
9.64968e-11
-4.51959e-11
-8.06394e-13
-2.52433e-13
4.37455e-13
-1.84686e-11
3.56941e-11
-2.58054e-11
-2.04515e-13
-8.23127e-14
-3.47271e-14
1.67657e-12
6.90117e-12
-9.21998e-12
3.72251e-12
-1.73327e-12
9.65308e-16
-3.59882e-14
5.26683e-14
5.48598e-13
-1.34503e-12
1.66933e-12
-2.70695e-13
-1.0863e-13
-2.55751e-14
-1.0806e-13
2.24604e-13
-1.28822e-12
3.20925e-13
-2.21075e-13
-1.08124e-13
-3.32357e-13
-1.59622e-13
-8.91935e-14
1.68568e-14
-1.19205e-14
-2.35066e-12
-4.01157e-11
2.53338e-15
3.84845e-15
-9.1008e-11
4.59657e-11
-1.38478e-15
-5.66071e-16
-5.63373e-11
1.58345e-10
2.06134e-16
1.10192e-16
2.60206e-11
-1.57928e-10
2.21032e-17
-7.81351e-17
6.87447e-11
9.09265e-11
3.16937e-17
2.38423e-17
-1.89779e-10
2.41853e-11
1.66716e-17
-4.37831e-17
2.97718e-10
1.97027e-17
3.15502e-17
9.89257e-19
-3.79708e-17
1.22192e-16
-1.19675e-17
-3.3698e-10
-4.18143e-10
2.95957e-10
1.97217e-10
5.12676e-10
4.91123e-10
-1.09528e-16
1.82758e-16
-1.28134e-16
1.53311e-16
-1.1211e-16
-1.42355e-17
5.52189e-13
-4.24443e-11
9.51534e-11
8.14436e-17
-7.19681e-17
-1.49718e-17
3.97427e-14
1.42552e-12
-3.92799e-12
-2.16633e-17
9.98756e-17
-9.46044e-18
-1.19565e-14
2.29493e-13
-7.53284e-13
-1.54658e-16
6.95657e-17
-1.38143e-16
-3.61839e-15
7.27307e-14
-2.08646e-13
-2.89377e-17
-6.05778e-17
-1.10643e-16
-6.59978e-16
2.21925e-14
-6.24316e-14
6.33612e-17
-1.51743e-17
1.5255e-17
-9.11703e-17
6.48084e-15
-1.93672e-14
-2.86635e-19
-3.95065e-17
1.42856e-16
-1.42935e-16
4.26103e-17
3.87901e-17
1.60118e-15
-6.50414e-16
-4.66604e-15
1.64026e-16
4.98189e-17
-7.67952e-17
-2.42781e-17
-2.5107e-16
3.79869e-16
6.37255e-14
-9.83906e-14
-3.06661e-14
2.67408e-14
-4.53655e-14
-8.63029e-15
1.03109e-15
-3.31285e-15
1.00685e-14
-3.09822e-15
-3.80954e-14
1.30037e-14
3.89352e-14
-9.55063e-15
-6.69664e-15
-1.77134e-14
-5.34416e-14
6.05357e-14
1.15157e-13
-9.56168e-14
-1.28834e-13
-1.55376e-8
-2.86725e-8
-4.14576e-9
-1.10274e-8
-2.2464e-8
-2.23836e-8
-2.47718e-9
3.26145e-9
-1.85844e-9
-8.34573e-9
1.60731e-9
2.34704e-9
6.74575e-10
1.06731e-8
2.84521e-9
5.54067e-10
6.1243e-9
7.27621e-9
5.80299e-9
-3.15462e-10
-6.23444e-10
7.77954e-11
4.80345e-11
-1.76014e-10
8.2834e-11
-1.03964e-10
-1.92536e-10
-1.2664e-11
-3.54442e-10
-3.14034e-10
4.98051e-12
4.5076e-11
-2.71672e-12
1.82387e-11
1.48869e-11
2.21309e-11
-2.60281e-11
3.2664e-11
1.7505e-11
-4.76011e-12
-3.70503e-12
-6.35688e-13
-8.96323e-13
-1.10546e-12
1.13142e-11
4.00205e-12
-5.03882e-13
8.66294e-14
-7.23665e-13
-1.08851e-11
2.28545e-11
-1.42201e-11
1.29397e-13
8.90431e-14
2.19654e-13
-2.70235e-12
7.78268e-12
-9.35636e-12
-2.08667e-14
-3.77864e-14
5.33425e-14
1.24923e-12
2.71414e-12
-5.00483e-12
3.89688e-12
-5.22837e-12
-1.24429e-14
-8.78377e-15
-3.60123e-15
1.29913e-15
4.8117e-15
1.56368e-13
-4.98693e-13
5.95729e-13
-5.13598e-13
7.99907e-13
-1.86035e-15
2.3409e-15
1.94943e-14
4.48223e-14
-1.63244e-13
-2.9059e-14
-1.82952e-14
1.35869e-13
-3.86054e-14
4.24723e-14
6.49364e-13
4.27329e-12
2.52862e-15
-1.41618e-14
2.55191e-11
-1.24862e-11
2.53852e-15
-1.91044e-11
-1.18634e-11
1.63743e-15
-1.79264e-15
1.64269e-16
1.48565e-18
6.45546e-11
-1.35803e-10
8.31516e-11
-7.70069e-12
2.15661e-17
-4.31887e-17
-1.13302e-10
1.92894e-10
5.97759e-11
-4.77607e-17
-4.58687e-17
1.86322e-10
-3.02511e-10
-1.84826e-10
7.261e-17
-7.45696e-17
-4.19004e-10
3.37717e-10
3.14949e-10
-5.6475e-18
3.04874e-17
2.31812e-17
5.54527e-10
-4.54553e-10
-3.69223e-17
-2.09766e-17
-6.07408e-10
2.79482e-17
6.42609e-18
2.04643e-17
6.38066e-17
1.32593e-17
-1.01503e-16
5.6259e-11
3.11213e-10
-1.59297e-10
-4.90908e-11
-5.41569e-10
2.22789e-16
-1.18951e-16
1.77904e-16
6.79794e-18
-6.75186e-17
-2.42188e-12
-8.64235e-12
1.42731e-11
3.06136e-12
3.52271e-11
2.21137e-16
-1.14152e-16
9.51851e-18
1.74865e-13
3.19287e-13
-1.73917e-12
2.41026e-17
-7.9115e-17
-3.21363e-18
6.08015e-14
6.22413e-14
-2.40022e-13
1.34148e-17
-2.83796e-16
2.6944e-17
1.86694e-14
1.85979e-14
-8.40867e-14
1.1216e-16
-3.65203e-16
2.23609e-16
5.71746e-15
5.36468e-15
-2.47974e-14
-5.09618e-16
1.79287e-16
4.88818e-16
1.49464e-15
-1.06598e-15
1.46802e-15
-8.99836e-16
1.53865e-15
-6.55454e-15
1.3878e-15
1.81751e-15
-2.25367e-16
-6.03422e-16
-5.31926e-15
1.88607e-15
-3.2691e-16
-1.91383e-14
1.77297e-14
-3.81489e-15
5.4372e-15
-8.82583e-16
-3.40111e-15
2.27761e-15
5.49053e-15
-3.76701e-14
9.81046e-14
-1.53462e-13
8.8802e-14
1.34397e-13
-8.40874e-14
-1.06298e-13
4.42998e-14
3.20584e-14
3.68906e-14
-3.90578e-14
9.95128e-14
-1.15223e-13
-1.04843e-13
1.50581e-13
5.6967e-14
-2.40213e-9
-2.07569e-9
-8.48194e-10
-5.98468e-10
6.96875e-10
-1.61589e-9
-2.43695e-9
-2.44159e-9
1.29331e-10
-4.31304e-11
-2.30189e-13
8.10392e-11
5.1225e-10
5.48302e-11
5.67392e-10
-1.20564e-10
1.18951e-10
1.05722e-11
-1.1106e-10
1.17441e-11
-1.43178e-11
-6.91497e-12
4.0783e-13
-5.38097e-12
-1.86483e-11
-7.83843e-12
-7.90424e-11
-1.21192e-12
9.11558e-13
1.23795e-12
4.03176e-13
1.32586e-12
1.11309e-12
1.56735e-12
-1.16941e-13
6.13616e-12
-1.98416e-13
-3.50355e-13
-1.97605e-13
-2.71141e-13
1.17766e-13
-9.91508e-13
2.27512e-12
-3.70668e-12
-2.95775e-14
-5.33161e-14
-1.98431e-14
5.97037e-13
4.26786e-13
-1.88544e-12
1.33878e-14
-5.65869e-15
9.28198e-15
1.65046e-13
8.22625e-13
-2.29663e-12
2.01075e-12
-2.9817e-12
1.5827e-16
-1.10759e-15
4.89576e-15
-1.65466e-16
-1.49868e-15
1.01838e-13
-1.83107e-13
2.63337e-13
-2.76011e-13
4.55727e-13
-2.22845e-15
1.67371e-15
-1.07113e-14
6.78862e-15
-2.28563e-14
-2.4119e-14
-4.85363e-15
2.10526e-14
-8.086e-15
1.54029e-14
-4.09812e-13
2.45898e-13
-2.89397e-12
8.24223e-13
1.62271e-15
-7.11482e-15
-4.08374e-13
7.71959e-12
-8.18791e-12
2.76966e-16
-8.35367e-16
8.69743e-16
1.3517e-16
-1.1825e-10
-1.80981e-16
5.40501e-17
4.1706e-17
-5.2762e-17
3.4073e-17
-1.14839e-17
-3.18341e-18
-3.27746e-17
4.31175e-17
2.88535e-10
3.56909e-10
-5.54405e-10
-3.78303e-10
-4.66262e-10
5.83009e-10
-1.55526e-18
3.23016e-10
2.18212e-17
-2.35259e-17
7.52112e-18
2.46053e-17
-7.90877e-17
3.11923e-11
3.82883e-11
-1.34208e-10
-3.08548e-11
-1.47405e-10
1.20973e-16
-8.12253e-17
2.0935e-16
-1.26526e-16
-7.7502e-17
-2.11642e-12
2.09804e-12
5.64742e-12
1.42207e-12
5.63714e-12
1.48905e-16
-6.21986e-17
3.9763e-17
1.48528e-13
-2.56204e-13
1.12374e-13
5.50269e-17
-1.66768e-16
1.2633e-16
3.72106e-14
-4.07349e-14
2.60571e-14
3.1644e-16
-9.63035e-16
6.53627e-16
9.91952e-15
-8.97621e-15
5.17175e-15
-5.98001e-16
1.48455e-15
-2.28326e-15
9.55349e-15
-8.27888e-15
-3.5955e-18
1.56467e-16
-1.84952e-16
5.34647e-16
-1.3561e-15
8.51774e-15
-6.36241e-15
1.03561e-14
-3.86157e-14
1.9559e-14
-1.41893e-14
-6.6244e-15
4.52469e-15
-5.65475e-16
8.59258e-16
-2.74116e-14
6.90545e-15
1.4511e-14
7.184e-15
-1.79821e-14
8.32255e-14
-9.11133e-14
-1.15693e-15
-5.28047e-14
3.83958e-14
-3.90123e-14
6.81502e-14
1.7316e-14
-2.78419e-14
1.20492e-13
-1.38747e-13
1.04363e-13
-1.13912e-14
4.25261e-10
7.49481e-10
9.87483e-10
4.44165e-10
-2.33316e-10
-9.03806e-11
-6.3413e-11
1.79172e-11
-2.13742e-10
-3.22653e-10
-2.58624e-10
-1.65733e-11
2.59048e-11
-7.76604e-12
2.31297e-12
9.15738e-13
5.85978e-11
6.19946e-12
6.14066e-11
5.47488e-12
1.7324e-11
-3.89753e-13
-1.37915e-11
1.8955e-12
-1.17053e-12
-1.13891e-13
-2.59366e-13
2.46188e-13
-8.38109e-13
-1.34369e-12
-9.85568e-12
2.38539e-12
3.23341e-14
2.67526e-14
9.04215e-14
4.62184e-14
1.74836e-13
8.30154e-14
8.38852e-15
-4.72295e-13
5.66935e-13
-1.78286e-13
-1.77649e-14
-1.20819e-15
-4.32216e-14
2.54225e-14
-1.50183e-14
-4.12394e-14
-3.39712e-15
-7.8826e-15
-6.86419e-16
-1.83574e-13
3.27311e-13
-1.11111e-12
4.39478e-16
-2.33246e-15
-1.85215e-16
3.623e-17
2.27229e-15
-8.28854e-14
8.75497e-15
4.51543e-14
-7.72227e-14
1.92703e-13
-1.77092e-15
-1.82591e-14
3.06376e-16
-1.50524e-14
1.02836e-14
1.36323e-14
-6.30378e-15
1.40657e-14
-4.27638e-15
3.89388e-15
-4.20423e-13
3.01575e-13
-3.51616e-13
9.72637e-13
7.05004e-16
-2.22995e-15
-3.7938e-12
4.99967e-13
7.00125e-12
-2.93984e-16
-1.96331e-16
3.53583e-16
-7.66205e-17
1.58002e-16
2.0395e-10
-2.69028e-10
1.49197e-10
-1.89488e-10
-1.09436e-16
3.87626e-17
2.17674e-10
-2.27365e-10
1.02964e-16
-1.22554e-16
-2.79611e-10
3.37644e-10
1.50177e-16
3.15984e-10
-4.95164e-17
-5.92583e-17
5.44962e-18
2.19902e-17
-3.64896e-18
3.45295e-17
8.01258e-11
8.8638e-11
-2.467e-10
-1.25111e-10
-2.24247e-10
1.66733e-10
-3.53103e-17
7.70797e-11
9.03359e-17
-5.49528e-17
4.33545e-17
5.74402e-17
-6.39977e-17
6.32386e-12
-1.47038e-12
-2.39113e-11
-3.89102e-12
-2.33091e-11
1.19271e-16
-1.03061e-16
1.3078e-16
-9.05123e-17
-5.89859e-17
-2.66221e-13
9.40019e-13
2.2248e-13
2.3899e-14
-6.08826e-13
4.60049e-17
-5.69077e-17
-2.39875e-15
-2.13774e-14
5.11198e-14
3.81475e-17
4.37683e-17
-9.00962e-16
-5.18585e-16
-5.67759e-17
1.96095e-16
3.99835e-15
-1.256e-14
2.77695e-14
-1.40997e-14
3.65621e-16
-1.98815e-16
1.1662e-16
6.86059e-17
1.1664e-16
1.61596e-14
-3.69701e-14
8.66104e-14
-1.4667e-13
8.60597e-14
-4.35805e-15
-2.48817e-16
2.68796e-17
1.06181e-16
-7.17916e-16
-9.35793e-14
3.88381e-14
6.01661e-14
-2.20813e-14
3.57285e-14
2.39831e-14
-4.80179e-14
-9.19679e-15
-1.41419e-14
7.5462e-15
-9.21046e-15
1.78415e-14
2.66035e-15
-4.08615e-15
8.98292e-14
-1.10294e-13
-1.00961e-13
1.24636e-13
8.33213e-14
-1.1069e-13
-2.09127e-14
3.272e-14
4.90058e-11
9.93557e-11
1.15959e-10
3.66506e-11
-2.30236e-11
-1.81474e-11
-7.76341e-12
-6.13825e-12
3.03392e-12
-2.64307e-11
-3.98792e-11
-2.94775e-11
3.63949e-13
3.27159e-12
-5.4176e-13
-1.17723e-14
-7.65865e-13
8.09232e-12
-1.12434e-12
-1.08259e-13
7.73626e-12
-2.18918e-13
-1.79956e-12
1.52282e-13
-2.222e-14
-2.53637e-15
-2.90614e-14
1.10946e-14
2.25937e-14
3.62459e-13
-2.12325e-13
8.58964e-14
-1.30104e-15
1.31942e-14
9.32023e-15
-1.63746e-15
1.82285e-14
8.23655e-14
-2.22417e-14
-2.31159e-14
-4.6538e-15
1.77571e-15
8.4156e-16
-2.73523e-15
3.42422e-15
3.19939e-14
2.17978e-15
-1.06168e-14
4.44637e-15
1.17145e-15
-3.0718e-16
-4.86796e-17
3.14171e-15
-8.2396e-15
7.70838e-15
1.16555e-15
-7.68526e-15
-1.29163e-14
1.42226e-14
-1.00672e-14
1.12845e-14
7.31883e-14
1.55628e-14
5.57884e-14
-1.38653e-13
-4.66158e-16
-5.21966e-14
-1.90067e-15
1.31188e-15
1.27143e-15
-6.73309e-13
-2.95146e-12
-3.23729e-13
2.83914e-12
-3.55751e-16
-2.53011e-16
-1.10144e-11
-4.76649e-13
-5.5891e-17
3.38191e-11
3.09235e-16
-2.62815e-16
1.57015e-16
3.48611e-10
-3.0434e-10
1.91043e-10
-2.29689e-10
-7.57947e-17
-3.39914e-17
1.68234e-10
-1.89408e-10
1.46232e-16
-1.30437e-16
-1.49685e-10
2.09593e-10
6.29736e-17
1.50032e-10
7.15742e-17
5.91778e-17
-1.27906e-16
4.85169e-17
-4.48083e-17
1.93527e-11
5.72922e-12
-6.06356e-11
-2.9018e-11
-1.01097e-10
4.12329e-11
-3.87026e-17
1.03302e-11
5.98464e-17
1.59671e-18
-5.46745e-17
-1.00599e-17
6.70445e-13
-1.79895e-12
-9.24055e-13
7.09698e-14
-2.30964e-12
5.72215e-17
6.08752e-17
-2.59873e-18
-5.45567e-17
5.53565e-15
-7.96379e-15
-9.26414e-14
7.25223e-14
8.94123e-17
4.04098e-17
-4.95164e-16
1.62785e-16
5.61166e-16
-9.39041e-15
3.21877e-15
-9.46904e-16
1.67467e-15
-1.06464e-15
-4.96415e-15
3.60621e-15
1.35368e-17
-9.74584e-17
2.24387e-16
-3.71997e-16
1.32278e-14
-3.01481e-14
-1.51587e-17
-6.10001e-17
-9.34113e-17
5.78474e-14
-4.56187e-14
-9.70599e-14
1.43929e-13
-4.47753e-16
2.34717e-16
-2.95328e-16
1.03364e-16
-1.68836e-16
-1.62766e-13
1.47648e-13
1.32009e-13
-1.17526e-13
-6.39664e-14
2.53622e-15
8.12371e-15
-8.24934e-15
7.70529e-15
-4.94092e-15
5.72127e-15
3.04815e-16
-2.85678e-16
3.06776e-14
-6.52817e-14
-5.36677e-14
8.06656e-14
6.29917e-14
-6.17535e-14
-3.98548e-14
2.10565e-14
5.94714e-12
1.20229e-11
1.39423e-11
4.0663e-12
-2.8173e-12
8.18819e-13
-2.15108e-12
-1.20308e-12
-2.99661e-12
-4.53211e-12
-3.67153e-12
1.07874e-13
5.34947e-13
-5.65057e-14
-2.67991e-14
-7.01311e-15
4.26699e-14
-2.75242e-13
1.02126e-12
7.60468e-14
-1.18144e-13
3.43464e-13
6.30535e-13
1.23269e-12
1.42692e-12
7.0045e-13
-2.24498e-13
-7.81771e-14
1.8674e-15
3.74305e-15
-7.75375e-15
-2.2204e-15
-2.56804e-14
1.08575e-14
1.52036e-13
-5.6569e-14
7.74489e-15
2.90322e-15
-1.29445e-14
3.3627e-15
-4.24968e-16
-2.10135e-16
-9.90769e-16
1.37371e-15
1.90591e-15
-2.22666e-15
-2.80571e-16
6.02423e-16
9.87281e-16
2.6189e-15
-2.45754e-16
1.16809e-15
4.99773e-16
-2.34895e-16
-1.61163e-15
-2.72669e-15
-2.98552e-15
9.69609e-15
-3.74843e-15
1.05986e-15
-1.41865e-16
2.73747e-16
3.74286e-14
-8.21452e-14
-1.77429e-13
-2.31926e-13
5.20401e-16
-1.29741e-16
-2.65508e-16
6.33147e-13
-8.43197e-13
1.07643e-12
-1.91687e-12
4.79137e-16
-1.35064e-16
2.11137e-17
4.86671e-12
9.54667e-12
-2.1662e-17
3.50743e-17
3.54722e-17
-1.17812e-11
9.32351e-12
-3.34006e-11
2.67815e-11
-5.11892e-17
-4.62575e-17
-5.24023e-11
1.4182e-10
9.96677e-17
1.75956e-17
-9.9123e-17
3.24087e-11
-2.94762e-11
1.29323e-10
-6.60561e-17
-1.82637e-17
8.28637e-17
-3.2432e-11
5.33924e-11
-1.14309e-10
-1.48385e-16
-7.42867e-17
2.37647e-17
2.61686e-11
-6.22924e-11
1.3289e-10
-4.07365e-17
-2.78649e-17
-8.01008e-12
2.72155e-11
8.15885e-17
2.03631e-17
1.56493e-11
-2.36403e-11
1.12841e-17
-1.43969e-17
-5.72435e-12
1.9962e-11
-4.46731e-18
-6.6696e-17
-2.05893e-17
7.4737e-17
-2.3727e-17
2.73169e-17
-4.72772e-13
1.19565e-12
4.73569e-13
3.15507e-13
5.71715e-13
-5.70028e-13
8.03063e-18
-4.81175e-17
2.03762e-19
1.41243e-16
-1.08907e-16
5.99716e-15
-5.76369e-14
3.14611e-15
-9.65092e-14
-4.60146e-16
5.07271e-16
1.29406e-15
-1.6581e-15
-2.08218e-16
-6.90059e-16
1.77578e-15
-3.35318e-15
-3.55583e-15
4.57787e-15
9.08954e-15
-1.1708e-14
-1.92155e-17
4.10393e-17
1.079e-16
-3.82024e-17
-2.05681e-14
2.68307e-14
4.17845e-14
-5.36074e-14
-6.97109e-17
8.77683e-17
5.44466e-18
-8.05365e-17
-7.5571e-14
9.06141e-14
1.00247e-13
-1.26275e-13
-1.13127e-13
1.45736e-13
-3.48017e-16
-1.45884e-16
1.56008e-16
2.05137e-16
-4.41757e-17
1.53234e-16
1.14381e-13
-1.31788e-13
-9.05655e-14
8.61604e-14
5.9129e-14
-4.9165e-14
1.27167e-14
-2.6755e-14
1.20081e-14
1.59223e-14
8.98348e-15
2.58282e-15
-2.74664e-14
-5.53682e-15
1.39657e-15
1.11837e-14
6.0151e-15
-7.95012e-15
-1.13848e-17
1.93243e-15
-2.80049e-13
-1.12502e-14
-1.25984e-13
-2.88359e-13
-4.39732e-13
-3.79769e-13
-1.14485e-13
1.12443e-13
2.41017e-14
-2.54997e-14
1.26188e-14
3.87192e-14
2.76704e-14
8.77217e-14
-3.24161e-14
5.88961e-14
1.14321e-13
1.39053e-13
9.31042e-14
-5.05213e-15
-2.81258e-14
4.00323e-15
5.42754e-15
-1.1531e-15
-4.41209e-15
7.62141e-16
-9.40991e-15
1.1049e-14
-5.37263e-15
-1.32498e-15
-1.83039e-15
-2.16224e-15
9.36749e-16
-1.87142e-16
1.39293e-16
-4.05845e-17
1.78355e-15
-5.15224e-16
-1.64788e-15
1.74358e-15
7.28563e-15
1.85308e-14
3.98018e-17
5.611e-17
1.29184e-16
-9.85103e-17
-2.85324e-14
2.36324e-14
1.00888e-13
2.82847e-13
-2.39909e-16
-4.7627e-16
6.49043e-17
-3.24963e-16
-3.06592e-13
2.27756e-13
7.27535e-13
2.32661e-12
7.00118e-16
-4.80971e-16
4.67589e-16
-2.30377e-12
1.15026e-12
-4.76588e-12
3.96507e-12
-2.98984e-16
-4.1994e-17
-1.1985e-16
-5.80563e-12
-1.78613e-11
2.46931e-16
-9.09728e-17
4.36357e-18
1.11459e-11
-5.87745e-12
2.62162e-11
-1.48615e-11
1.44394e-17
-6.42561e-17
1.32249e-11
-2.13368e-11
3.75625e-17
-3.24555e-17
-1.10001e-11
1.9387e-11
1.2106e-17
3.61571e-18
6.83977e-12
-1.28861e-11
4.72141e-18
1.25641e-17
-3.15731e-12
5.41937e-12
2.34974e-17
-1.59629e-16
3.40749e-12
-8.14485e-12
1.05383e-16
1.45653e-17
-2.25753e-17
-5.24383e-17
1.06579e-17
-5.69258e-17
3.73554e-14
-1.77191e-13
-2.82792e-13
-1.55737e-13
-1.48221e-12
3.90847e-13
5.08277e-17
-1.72274e-17
-7.2433e-17
-2.33531e-16
2.93748e-16
-7.63317e-15
3.08358e-14
1.93151e-14
3.59376e-14
5.75815e-16
-9.2596e-16
-1.36623e-15
2.49808e-15
-2.62119e-16
1.54079e-15
5.50062e-16
3.08352e-15
3.34485e-15
-6.25348e-15
-7.28392e-15
1.43223e-14
1.83077e-17
6.80873e-17
2.86213e-17
-1.15617e-16
1.6022e-14
-2.58449e-14
-2.6481e-14
5.87767e-14
-8.43795e-18
2.98309e-17
-1.40878e-18
-8.79351e-17
3.7496e-14
-7.45466e-14
-4.25582e-14
7.31355e-14
4.39958e-14
-8.34371e-14
-8.63121e-17
1.61137e-16
2.31967e-17
-8.84361e-18
-7.40596e-18
-1.84517e-16
-5.23022e-14
7.59575e-14
3.9506e-14
-5.34181e-14
-2.24969e-14
2.83184e-14
1.03677e-14
-1.21532e-14
-5.0169e-15
5.52086e-15
2.52541e-15
-3.62065e-15
-9.22407e-15
-2.5791e-14
-4.05363e-14
-4.06675e-14
-1.86283e-14
7.90739e-15
8.10204e-15
1.90272e-16
3.61035e-15
4.02084e-15
1.0225e-14
1.30792e-14
1.03205e-14
3.99855e-15
-2.8777e-15
3.65457e-16
2.25678e-16
-2.19809e-16
-6.72569e-17
-1.24281e-15
-4.90188e-16
-2.12656e-15
6.46324e-16
-2.20458e-15
-3.77118e-15
-3.65454e-15
-2.53432e-15
1.56435e-16
9.20981e-16
9.70207e-16
-1.06482e-15
-7.22333e-15
6.32985e-17
-8.30418e-17
6.81531e-16
-3.1609e-16
1.15639e-16
-8.34116e-15
3.86969e-15
4.92357e-15
-1.3398e-14
-8.18999e-14
2.20479e-16
9.04534e-17
3.83233e-17
1.22072e-16
7.15546e-14
-6.63473e-14
-1.48915e-13
-6.8286e-13
2.15943e-16
-3.65656e-16
4.41072e-16
-3.87615e-16
4.81044e-13
-3.1284e-13
6.94786e-13
-9.00372e-13
-2.2832e-12
4.13913e-16
1.04089e-16
1.09952e-16
1.2249e-12
4.29151e-12
8.23585e-18
-4.14388e-16
2.28679e-16
-2.39942e-17
-2.72934e-12
1.54884e-12
-4.16603e-12
3.39081e-12
8.47947e-12
-4.4835e-17
-1.13238e-16
7.25848e-17
-2.79082e-12
4.27086e-12
-7.7967e-12
-1.0614e-16
-8.56979e-17
7.92149e-17
2.01176e-12
-3.30794e-12
6.06807e-12
-1.00296e-17
-5.92985e-17
-4.819e-17
-1.16477e-12
1.88407e-12
-3.64206e-12
-4.9662e-17
6.68291e-17
6.81738e-17
4.27985e-13
-9.06305e-13
2.00064e-12
-2.87666e-17
-6.7397e-17
-1.01072e-13
4.36642e-13
7.16082e-17
-2.74912e-14
8.97773e-17
-1.38589e-17
-1.50305e-16
7.44786e-17
9.06772e-17
1.43179e-16
-8.75829e-16
-6.80446e-15
1.03582e-14
-1.8835e-17
9.26391e-14
-1.3152e-14
-2.41078e-16
-3.97853e-16
5.22727e-16
1.07518e-15
-1.83834e-15
1.23844e-15
-3.54196e-16
-8.76074e-16
-2.84652e-15
-2.15887e-15
3.40972e-15
4.32869e-15
-8.30551e-15
-2.59447e-16
1.01667e-15
-7.17161e-17
-4.68574e-15
-6.73697e-15
1.33388e-14
-1.17756e-14
8.90079e-15
-1.49418e-14
-1.3897e-14
2.59658e-14
4.05951e-16
-4.50903e-16
-1.49194e-16
3.36607e-15
-1.95044e-15
5.86318e-16
-7.72936e-18
1.57598e-14
-2.69773e-14
2.98928e-14
-1.13547e-14
1.83176e-14
-2.51418e-14
6.24841e-15
-1.04903e-14
1.53428e-14
-2.78422e-15
4.46823e-15
-6.96814e-15
7.01295e-16
-1.34004e-15
2.77186e-15
1.65327e-16
6.0363e-18
-8.45908e-16
-1.34434e-16
1.31754e-15
9.98408e-16
9.01011e-16
5.24315e-16
-1.39758e-15
-5.05959e-16
2.46863e-16
-3.93674e-16
2.02686e-15
-6.72243e-16
-4.94534e-16
2.90556e-16
5.94087e-17
2.74486e-16
-5.40927e-15
2.58147e-14
-4.14028e-16
-5.35552e-18
-1.00989e-15
1.17099e-15
-7.01904e-17
4.01441e-15
-4.11583e-15
2.70242e-15
-1.83775e-15
-7.09265e-16
-3.21386e-16
1.05828e-15
6.41179e-15
-2.80662e-14
1.5142e-13
-3.32616e-16
-8.44578e-16
-8.80057e-16
9.34632e-16
-2.73938e-15
2.66819e-15
-2.74364e-15
9.64228e-15
-1.11609e-14
-4.82155e-15
1.25805e-14
4.5619e-14
-1.69754e-13
5.31956e-13
-6.39753e-16
-1.47381e-16
1.15317e-16
3.12296e-15
-2.36662e-15
-4.89046e-14
4.11454e-14
8.65492e-14
3.31646e-13
-9.00967e-13
1.5466e-17
-1.39532e-16
1.91409e-15
-1.79285e-15
5.72145e-16
-2.2775e-13
1.30365e-13
-3.27762e-13
3.14394e-13
6.89537e-13
-1.9773e-12
-2.28311e-16
-8.25499e-17
9.25516e-17
2.76747e-16
-3.31785e-13
-9.05044e-13
1.7402e-12
2.01171e-17
1.68401e-16
-8.87701e-18
2.92623e-18
6.33221e-13
-3.66739e-13
9.36462e-13
-6.24468e-13
-1.26873e-12
1.20344e-17
-6.30853e-17
3.31571e-17
5.82582e-13
-9.34439e-13
1.04149e-12
-1.35211e-16
-5.27872e-17
4.78929e-14
-3.27288e-13
2.44645e-16
4.93002e-16
-7.40059e-17
-2.02324e-16
-6.0888e-16
2.9185e-16
1.00023e-16
3.58409e-15
5.71232e-14
-3.50493e-14
-1.36519e-14
-4.26812e-13
2.2245e-14
-1.26793e-14
7.1675e-17
8.65775e-18
-9.90323e-15
6.48473e-15
-9.44018e-17
-1.16758e-15
9.75573e-18
3.04767e-16
3.26532e-16
9.52209e-17
-8.07155e-15
-1.54191e-14
2.12096e-14
-1.39286e-14
5.12297e-14
4.76836e-15
-3.74294e-16
-1.50876e-15
-2.16345e-16
1.58155e-15
3.80063e-16
5.42305e-16
-4.18972e-15
-8.70223e-15
1.55963e-14
-7.49003e-15
2.3317e-14
4.77247e-15
-2.2013e-15
-1.06412e-15
-5.3423e-16
1.47248e-15
1.97665e-15
8.25271e-16
-4.18749e-15
-6.90063e-16
-1.37182e-15
1.77438e-16
2.78144e-15
-2.25016e-15
-1.03466e-16
-1.32676e-14
1.01022e-14
-2.18254e-15
3.7055e-15
-1.85852e-15
4.23673e-15
1.80807e-15
7.23106e-16
-2.89185e-15
-1.50829e-15
-8.9834e-17
1.51101e-15
-4.81464e-15
7.13904e-15
3.22543e-15
-4.8802e-15
1.02807e-14
-1.52674e-14
2.6181e-14
-3.08615e-14
2.07021e-15
-4.36004e-15
9.45646e-15
-1.87698e-14
3.20409e-14
-5.12719e-14
5.91572e-14
-9.45345e-14
1.91986e-15
-3.07784e-15
7.17857e-15
-1.56422e-14
2.96798e-14
-4.909e-14
7.16833e-14
-9.66384e-14
1.13566e-13
-2.0895e-13
-1.68644e-15
4.37722e-15
-1.0378e-14
2.13941e-14
-3.77428e-14
5.77104e-14
-7.90744e-14
1.0114e-13
-1.38252e-13
2.66668e-13
-4.01024e-16
1.96024e-15
-5.44171e-15
1.24917e-14
-2.3936e-14
3.88249e-14
-5.43873e-14
6.94159e-14
-8.88512e-14
1.32059e-13
-2.00385e-13
5.41328e-13
-2.06713e-15
5.884e-15
-1.26396e-14
2.21325e-14
-3.26159e-14
4.16182e-14
-4.83121e-14
5.49666e-14
-6.484e-14
1.0098e-13
2.18602e-15
-5.64853e-15
1.07075e-14
-1.7039e-14
2.29987e-14
-2.71306e-14
3.04014e-14
-3.82246e-14
6.85419e-14
-8.06659e-14
3.78157e-15
-7.47174e-15
1.08048e-14
-1.37901e-14
1.51146e-14
-1.5676e-14
1.4124e-14
-2.3054e-14
3.68093e-15
-5.66491e-15
7.56725e-15
-8.76496e-15
1.41085e-14
-1.39268e-14
-3.04606e-15
3.68767e-15
