5.50083e-7
-3.17921e-6
2.70872e-6
1.89702e-6
4.0785e-6
-2.68027e-6
2.50932e-6
-3.07364e-6
-2.66317e-6
2.53889e-6
-2.66708e-6
-1.87677e-6
-1.36865e-6
2.93825e-6
1.10773e-6
1.61991e-6
-9.07848e-7
-8.60747e-7
3.12534e-6
-1.08519e-6
-1.60536e-6
-4.66981e-6
9.95634e-7
-8.49699e-7
1.02398e-6
4.22875e-6
-3.15552e-6
3.98506e-6
-2.25367e-6
-3.88056e-6
1.37479e-6
-1.11327e-6
3.18269e-6
6.72431e-7
3.79261e-7
-1.99551e-6
-1.9067e-7
-2.41477e-7
5.51072e-8
-5.33465e-7
1.54365e-6
-4.94844e-7
-7.36926e-7
1.07837e-6
1.15734e-6
-2.98419e-6
4.0308e-6
-5.20627e-6
5.51121e-6
-4.99686e-6
8.31898e-7
3.05315e-6
-2.71231e-8
-1.40383e-6
-7.16249e-9
4.5003e-8
3.29001e-9
2.615e-7
-7.83897e-7
2.28067e-7
2.27486e-7
1.42001e-6
5.05725e-7
-7.40371e-7
-8.08044e-7
2.80946e-6
-4.75646e-6
6.30807e-6
-6.74109e-6
5.77139e-6
-3.95668e-6
6.19424e-7
1.88669e-6
-2.42244e-7
-8.68978e-7
-1.28706e-8
3.91818e-7
-1.00193e-8
5.38362e-8
-3.39126e-6
1.23078e-6
3.7743e-7
-2.59578e-6
4.90764e-6
-6.53157e-6
6.73477e-6
-5.50881e-6
3.51135e-6
-1.72081e-6
6.45345e-7
-1.83553e-7
-1.91219e-5
1.59024e-5
-2.68522e-6
1.92845e-5
-1.97363e-5
1.27574e-6
7.36609e-6
-4.0751e-6
1.03135e-6
1.6687e-6
-4.08496e-6
5.52919e-6
-5.51019e-6
4.28432e-6
-2.6689e-6
1.38685e-6
-2.52073e-7
-5.37106e-7
1.18399e-7
3.82369e-7
3.83871e-8
-1.08813e-7
-9.33992e-10
-4.00633e-8
-1.83687e-5
1.29468e-5
-9.44823e-6
4.49966e-6
-1.95321e-6
-4.80309e-7
2.60576e-6
-3.74734e-6
3.66432e-6
-2.7523e-6
1.66967e-6
-8.63911e-7
3.70578e-7
-2.58282e-7
1.07946e-7
-2.12317e-9
9.21421e-6
7.06798e-6
-3.75647e-6
2.40096e-6
-4.49759e-7
-1.1654e-6
1.99139e-6
-1.97947e-6
1.4807e-6
-9.49709e-7
8.00192e-7
-7.12277e-7
1.12856e-7
6.38749e-9
-1.19382e-8
-9.05897e-6
7.95147e-6
6.26651e-6
-4.4007e-6
3.27819e-6
-1.64095e-6
7.40866e-7
2.92891e-7
-8.16133e-7
8.76646e-7
-6.88068e-7
4.05601e-7
-4.06322e-7
4.96948e-7
-2.14642e-7
8.73761e-8
-7.25966e-8
-2.24763e-6
-1.5291e-6
1.12791e-6
-4.99984e-7
1.11736e-8
2.57643e-7
-3.55065e-7
4.53837e-7
-3.44786e-7
4.32695e-7
-9.62589e-8
-4.17478e-8
2.04642e-8
1.29886e-6
-8.71238e-7
-2.48936e-7
-5.35317e-7
4.2778e-7
-8.73213e-8
-5.36411e-8
1.22311e-7
-3.84363e-7
2.88694e-7
-8.69876e-9
-1.13502e-7
6.48616e-8
-2.72288e-8
8.97756e-8
-8.86315e-8
1.43247e-7
-2.30699e-7
1.41497e-8
2.57577e-8
-3.90447e-8
-8.82855e-11
7.35156e-8
-1.28022e-7
6.69183e-8
-1.304e-9
-4.05915e-8
6.88132e-9
1.06387e-7
-3.52224e-8
1.81192e-9
1.24277e-8
-4.90402e-8
7.47659e-9
5.48862e-8
1.4281e-8
5.53067e-9
-5.4728e-9
-5.86696e-9
3.38357e-7
-1.75595e-7
-4.30367e-7
-7.33151e-7
4.79052e-7
-3.49599e-7
1.30064e-7
2.41049e-6
-1.2485e-6
-3.61786e-8
7.06828e-7
-1.55435e-6
1.17026e-6
-8.38506e-7
1.38284e-6
-1.10532e-6
8.5863e-7
-9.87447e-7
9.76897e-7
-7.03295e-7
5.27848e-7
-6.31072e-7
4.28604e-7
2.48909e-7
-3.58013e-7
-1.58997e-7
-1.57726e-7
6.45748e-8
5.23849e-9
-1.3428e-7
3.19034e-8
2.00727e-7
2.40152e-7
1.70653e-8
-1.62081e-8
1.34646e-10
-3.78419e-7
1.22547e-7
-5.26621e-8
7.56203e-8
-4.79865e-8
-2.17768e-8
3.6162e-8
9.76603e-9
1.00547e-8
-1.50589e-9
4.86899e-8
-1.93581e-7
3.99935e-8
1.91616e-7
-4.2274e-9
-5.68751e-7
-1.56952e-8
-1.10007e-10
6.34196e-9
-1.10192e-9
-5.7378e-10
5.79683e-10
3.80301e-8
-2.69229e-8
-2.71031e-8
-1.10965e-7
2.57874e-8
-7.99685e-10
-2.01225e-7
1.80041e-9
-1.0511e-9
-5.895e-9
-1.05051e-10
4.73196e-9
-5.11526e-10
2.74602e-10
4.00178e-7
-7.2873e-7
-1.7178e-8
-8.24339e-10
2.81588e-6
-2.97648e-6
3.95602e-7
-9.75152e-6
9.01919e-6
-8.72662e-8
-9.7703e-7
2.66655e-9
-1.57521e-10
-3.63482e-9
2.85135e-10
-2.25923e-12
-2.20143e-11
-3.9901e-11
2.31449e-5
-2.70967e-5
2.77617e-5
1.38686e-8
-3.78832e-9
4.13843e-10
-3.20642e-5
2.50193e-5
-2.46297e-5
-1.62921e-9
8.77362e-10
8.30576e-10
3.91961e-5
-2.92458e-5
2.07044e-5
1.39313e-9
-8.83951e-10
-2.3081e-10
-4.26772e-5
2.89931e-5
-1.39299e-5
3.98221e-9
-7.93124e-10
3.84407e-10
3.16471e-5
-2.10965e-5
1.26467e-5
-6.86123e-6
-2.23331e-8
3.07802e-9
-1.53061e-9
2.84428e-10
-1.37385e-5
-6.97752e-6
2.99723e-6
-3.06626e-9
3.15772e-9
2.81964e-9
1.20363e-9
1.01878e-5
-6.31986e-6
-5.4458e-6
4.07716e-6
-2.10338e-6
4.57474e-7
4.21931e-9
3.41968e-10
-9.74101e-10
1.15587e-9
-2.95114e-9
1.5962e-6
9.52327e-7
-4.33356e-7
6.75054e-8
6.17181e-9
-5.07657e-9
1.36507e-9
-6.67629e-10
2.01686e-10
-7.87862e-7
6.82025e-7
1.04092e-7
2.02063e-7
-1.02392e-7
2.80265e-8
-2.23362e-8
-1.56195e-8
3.55393e-9
-2.54814e-9
-2.74011e-10
1.11313e-9
-5.67129e-11
-3.6087e-10
-4.20199e-8
5.44388e-8
-3.65342e-8
4.92341e-8
-5.97176e-9
4.79448e-9
-5.92342e-9
-1.0695e-10
1.27473e-9
-1.59077e-9
3.60667e-9
1.74558e-9
8.35015e-10
5.01981e-10
-2.98093e-11
-1.18639e-10
8.89729e-9
1.2651e-9
-2.12721e-8
6.69847e-9
-1.87963e-9
1.9814e-9
-3.83281e-10
-3.84321e-11
-1.60011e-11
-1.50672e-9
-1.25534e-9
6.81084e-10
3.14792e-10
-1.98224e-9
-1.20504e-9
4.84519e-10
-5.52395e-10
1.71347e-10
-3.13824e-11
2.79587e-10
5.02479e-9
-1.6679e-7
1.33108e-7
3.22357e-7
-1.98654e-7
1.35655e-7
-1.24551e-7
-4.99086e-7
3.4053e-7
-1.80346e-7
6.4246e-7
-4.72116e-7
2.6428e-7
-7.05677e-7
5.39441e-7
-3.09972e-7
5.99708e-7
-4.77299e-7
2.58249e-7
-3.31415e-7
3.11182e-7
-1.23887e-7
-1.3949e-7
2.1434e-9
8.52646e-8
3.66931e-8
-9.12254e-10
-4.66105e-9
9.45782e-9
3.20783e-8
-2.93316e-8
5.8283e-9
-7.9652e-9
5.05223e-8
-4.00446e-8
-4.57949e-8
5.62413e-11
4.15213e-8
6.34612e-9
-2.66556e-8
1.07335e-9
-7.03657e-9
1.46512e-9
-2.16988e-10
-5.4414e-9
1.42407e-8
3.17163e-9
-6.4078e-9
-7.52681e-10
-1.35582e-8
3.08086e-9
-8.50929e-11
-1.3437e-9
2.48409e-9
4.95992e-10
-8.59652e-10
-1.51627e-8
-6.78868e-9
8.21532e-9
3.93157e-8
7.67275e-9
-2.11018e-10
2.72445e-10
4.17603e-11
-6.81812e-11
5.61847e-8
-9.41482e-8
-1.15633e-8
3.37849e-7
3.96051e-8
1.02874e-7
-9.04603e-11
4.01948e-11
1.87277e-11
-8.51097e-11
9.52912e-12
-1.96637e-11
-9.1748e-6
3.01685e-11
-6.71607e-5
3.0008e-5
2.88826e-6
5.02178e-5
-3.52601e-5
3.43725e-6
1.73568e-5
1.96347e-11
-1.11166e-11
-2.81239e-11
-9.19583e-12
2.95743e-11
-1.94057e-12
5.86329e-12
-7.49104e-5
4.71949e-5
-2.91348e-5
-2.02558e-10
6.65212e-11
-1.53368e-11
0.000105089
-6.7168e-5
4.35276e-5
-1.48229e-10
2.06524e-11
-1.6555e-11
-0.000115485
7.79983e-5
-5.10922e-5
3.28855e-11
5.52422e-12
-2.67917e-12
0.00010002
-7.06857e-5
4.46574e-5
-1.32704e-10
2.884e-11
-5.18737e-12
-6.92516e-5
4.44949e-5
-3.73187e-5
-3.26987e-11
8.17957e-12
-5.74573e-12
3.56557e-5
1.84107e-5
-1.07799e-10
-9.91778e-12
-6.32216e-12
-2.57655e-5
2.64228e-5
1.58779e-5
-8.84697e-6
5.97564e-6
-6.06516e-10
1.99553e-10
-7.17981e-11
3.81395e-11
-5.13077e-6
-1.90759e-6
-1.70281e-10
2.63499e-11
-1.9532e-11
2.21492e-6
-1.92794e-6
-7.4765e-7
-1.75433e-7
4.95554e-11
3.27543e-12
1.73432e-11
2.22342e-11
2.1382e-7
-1.47357e-7
-5.77181e-8
-1.0316e-8
1.16575e-11
4.72891e-11
-1.03001e-11
-1.01403e-11
1.26952e-8
-1.33346e-9
-3.57674e-9
-4.69015e-9
4.28885e-9
-2.49197e-10
-7.75565e-12
-3.86511e-12
-6.63015e-12
-7.27194e-13
2.89343e-10
1.04752e-9
1.67155e-9
-1.44574e-9
7.63296e-10
4.83862e-11
-7.10852e-11
1.29883e-10
-5.3591e-11
8.73035e-12
-7.45245e-11
-7.9327e-12
-9.45874e-11
1.05205e-10
3.25782e-12
-6.35586e-12
-1.91443e-10
-1.22107e-11
6.58345e-10
-3.21288e-10
3.20196e-11
-2.36134e-12
-2.48467e-11
1.32147e-11
7.31683e-12
2.48363e-11
2.96377e-11
-8.40662e-12
-4.18787e-11
1.24391e-10
4.04309e-11
-1.37731e-11
5.93242e-12
3.33043e-12
-3.79521e-12
-7.57204e-12
2.45015e-9
-1.37084e-8
-1.24042e-8
1.00068e-7
-5.07499e-8
1.76824e-8
-3.3973e-8
-1.00557e-7
-1.03465e-8
2.49455e-7
-2.15468e-8
-2.17218e-7
4.55292e-8
1.592e-7
-5.18275e-9
-2.03155e-7
-1.12592e-7
2.85434e-7
1.83079e-7
-3.54358e-7
-1.57736e-7
2.25255e-7
1.27343e-7
-1.52827e-7
3.7167e-10
1.11441e-9
-1.59303e-9
2.94711e-9
-1.75102e-9
2.03668e-9
-8.86762e-8
1.18932e-7
4.83368e-8
-6.0719e-8
-2.20992e-8
2.16556e-8
5.54338e-10
-4.10975e-10
-1.83301e-10
-5.06419e-10
9.01218e-9
-8.34118e-9
-3.25334e-9
2.96877e-9
2.49445e-9
-1.9241e-9
-1.52248e-9
-2.48569e-9
1.04525e-9
-9.54389e-10
-2.99104e-10
2.80143e-10
1.07579e-7
-3.28171e-8
-1.84763e-8
-1.01057e-8
7.38618e-11
-7.55644e-11
-1.64454e-11
2.19144e-11
1.59279e-6
7.92235e-9
-6.05779e-7
-6.49479e-8
-8.73888e-7
-1.52308e-7
2.74698e-12
-6.20631e-12
6.53798e-12
-1.80167e-12
2.02511e-12
-2.07262e-12
8.26602e-5
-8.26612e-6
-1.51907e-5
-0.000281928
0.000158086
9.55743e-6
8.9594e-13
9.87537e-13
-1.98046e-12
3.88179e-13
-5.62567e-13
7.32307e-5
-8.00443e-5
2.54258e-12
8.05922e-14
-0.000206924
0.000119824
5.73031e-12
-1.50134e-12
0.00024361
-0.000162134
3.35942e-12
-1.67927e-12
-0.000232364
0.000165776
7.43221e-13
-7.15002e-13
0.000167675
-0.000131039
1.77587e-12
-2.01398e-13
-9.82544e-5
8.58801e-5
1.14739e-12
-5.03086e-13
5.12757e-5
-4.67553e-5
4.29922e-12
-1.268e-12
-2.49516e-5
-1.42112e-5
1.25657e-11
-1.05149e-11
4.80572e-13
1.13001e-5
-7.85716e-6
-4.24377e-6
5.43997e-6
1.46864e-12
-2.84876e-12
1.17537e-12
1.3426e-6
5.97351e-7
-5.34955e-12
3.52569e-13
5.25552e-13
-3.40615e-7
1.16584e-7
5.83248e-8
2.70968e-8
2.94627e-12
-1.50008e-12
1.82855e-13
1.11155e-12
-1.00962e-9
-1.01592e-8
-4.00761e-9
-1.40362e-9
9.43829e-13
1.51148e-12
-2.54656e-13
-5.5659e-13
1.72039e-9
-7.93955e-10
-3.90472e-10
-3.88443e-10
-7.27963e-14
-4.81415e-13
-2.00298e-13
-8.58718e-14
-3.71367e-11
9.00745e-11
6.50739e-11
7.1887e-11
-1.71602e-10
-8.53455e-12
7.89653e-12
2.49838e-13
9.64441e-14
1.61016e-13
4.58732e-13
-2.41757e-11
-1.03113e-12
1.27139e-11
-4.66642e-11
-1.66203e-12
2.80238e-12
-2.28426e-12
-1.74071e-13
2.19398e-12
2.3029e-12
4.14304e-12
6.0757e-13
6.10971e-13
-1.28262e-12
-7.09096e-12
8.00122e-12
9.85381e-12
-4.129e-13
-3.22123e-13
6.46111e-13
-1.3455e-13
-1.02221e-12
-1.48655e-12
-3.16991e-8
3.53393e-7
-3.42124e-7
-4.94856e-7
3.52992e-7
-2.44491e-7
3.1818e-7
4.07405e-7
-3.62821e-7
1.87857e-7
-3.92068e-7
3.05398e-7
-1.29609e-7
2.14946e-7
-1.92806e-7
2.2745e-8
1.44109e-7
2.15947e-7
4.67721e-8
-1.6319e-7
-3.09923e-7
2.02541e-9
1.54888e-10
-7.51611e-9
4.27446e-9
-4.20745e-8
2.74598e-8
1.55159e-8
9.32451e-8
2.96423e-7
-2.36599e-7
-1.6622e-7
1.00233e-7
8.89657e-8
6.59528e-8
4.41628e-8
-6.24378e-8
-7.91713e-8
5.45672e-10
-5.17513e-10
8.93995e-10
-1.53747e-9
1.56546e-9
-7.69341e-10
2.99329e-8
-2.18002e-8
-4.6174e-9
-1.06201e-8
-6.89939e-9
9.626e-9
4.79468e-9
-6.45788e-9
1.376e-9
1.08393e-9
-2.83739e-9
-2.44884e-9
4.44695e-9
9.82737e-10
-1.54293e-9
-6.33483e-8
1.06698e-8
9.82796e-9
2.40328e-8
-3.60957e-10
5.92544e-10
1.11057e-10
-1.50685e-10
-2.54433e-7
3.30601e-8
1.06089e-7
3.01367e-7
-3.03524e-11
4.90949e-11
5.41209e-12
-9.79506e-12
-4.39152e-6
2.05755e-6
1.20884e-7
3.83008e-6
-5.61654e-6
1.77484e-6
2.99908e-13
-1.65876e-12
4.22024e-12
-6.32632e-13
-4.38805e-13
4.28606e-13
1.21868e-13
1.44827e-5
1.31953e-5
-3.6948e-5
0.000287322
-0.000243342
1.44642e-5
-1.38284e-13
-1.76896e-14
-2.53247e-13
7.46848e-14
1.35533e-13
1.86469e-15
-0.000337869
0.000368735
-1.41287e-13
1.37456e-14
-0.000120897
-2.64311e-14
-0.000691798
0.000869257
-0.000515568
0.000696514
-0.000940362
0.000873389
0.00045706
2.90779e-13
-1.66988e-13
5.29402e-13
5.10681e-14
5.15843e-15
-1.08019e-14
-1.67115e-13
5.25789e-14
-0.000635683
0.000609706
-0.000380172
4.28706e-13
-1.03633e-13
4.65849e-14
0.000509185
-0.000442328
0.000259407
1.70702e-13
-2.40501e-14
2.14778e-14
-0.000608899
0.000345613
-0.000238232
2.02222e-14
-5.36971e-15
3.40857e-15
0.000191798
0.000103879
3.39839e-13
2.75042e-15
-8.74678e-5
-4.54391e-6
3.16472e-5
-4.75865e-5
3.03372e-13
-1.03435e-13
-1.10992e-13
5.39066e-14
-5.39923e-16
-1.13245e-5
2.02843e-5
-3.11777e-13
1.02652e-13
4.29297e-6
2.55404e-6
7.267e-13
-1.15873e-14
-9.1622e-7
-2.84237e-7
6.99644e-8
-6.76084e-7
-6.84205e-13
5.8888e-13
-6.75136e-13
5.73768e-13
6.27451e-14
3.89003e-8
2.76903e-9
-1.65498e-13
1.30241e-13
-2.91976e-8
7.57719e-10
9.59325e-9
4.046e-9
1.23198e-13
-1.44822e-13
1.12382e-14
2.63488e-14
-1.68503e-14
8.6887e-14
-1.64897e-9
-2.83896e-9
-1.72552e-10
-3.29585e-11
1.93157e-14
8.29895e-14
1.2438e-14
-3.18692e-14
2.23296e-10
-3.46753e-10
-7.29411e-11
-2.38052e-11
-5.57939e-14
1.37225e-14
-7.84166e-15
-5.00325e-15
4.44193e-12
2.96399e-12
1.99738e-12
1.48498e-12
6.76407e-12
-3.51844e-13
2.53544e-13
-2.71116e-14
1.60729e-14
-6.28573e-13
-7.74817e-13
2.357e-12
-8.18317e-13
2.34919e-12
-4.79905e-12
-2.47669e-12
6.12909e-13
-7.00008e-14
-1.95438e-13
1.133e-13
-1.3655e-13
6.04316e-13
1.52455e-13
1.09735e-14
3.4118e-14
-3.25349e-14
1.63712e-14
-6.46137e-15
3.51137e-13
-4.63911e-13
6.23017e-13
4.45568e-13
5.02266e-13
-1.96768e-13
7.41395e-14
2.11865e-15
1.19178e-14
-8.77175e-14
-9.77096e-14
-2.54886e-14
-1.46438e-15
-3.55289e-15
-1.15246e-13
-3.6618e-14
1.93946e-14
-2.96209e-14
1.18762e-14
2.07183e-14
3.9973e-14
-1.46372e-7
-1.5158e-7
5.92989e-8
1.56382e-7
6.15564e-8
3.28572e-8
-3.43666e-7
-2.85506e-8
3.89337e-7
1.29642e-7
-3.85139e-7
4.36901e-8
-9.62632e-8
-6.19841e-9
1.24371e-9
-9.35927e-8
1.38227e-7
-1.78679e-7
1.71757e-7
-7.59787e-8
2.05011e-7
1.43533e-7
-5.87776e-8
-6.20963e-8
1.18773e-8
2.71939e-8
1.72226e-8
-1.93843e-8
2.47492e-9
9.11816e-9
-9.83219e-9
3.37499e-8
-1.08514e-8
1.73893e-8
-4.51007e-9
-6.90316e-9
-5.01049e-9
5.47552e-9
-8.61869e-9
6.35491e-10
-1.20899e-8
8.13648e-9
-2.2697e-8
6.32596e-9
-3.14128e-9
2.06807e-9
4.23613e-10
1.01394e-9
6.55556e-10
-1.04172e-9
-3.79051e-10
9.29351e-8
-2.85282e-8
-1.1657e-7
1.10056e-7
-4.08371e-12
1.43925e-10
-1.97234e-12
-1.62647e-10
-2.69147e-11
4.52785e-6
-8.50752e-7
-1.21395e-6
-4.3351e-6
4.89806e-7
-4.8299e-12
1.31632e-11
-1.40104e-11
-1.42263e-11
-3.65456e-12
-3.65544e-5
9.92906e-7
2.93906e-5
-3.64825e-5
-1.67016e-5
4.69452e-13
1.91732e-13
1.94857e-12
-4.97173e-13
-6.16268e-14
-0.000295762
0.000181372
-0.000284442
0.00125941
-0.000660555
0.000328527
-1.60106e-16
-2.05405e-14
9.98123e-15
5.58851e-15
-3.96921e-15
4.49986e-15
-0.00135963
-8.72619e-16
-0.000742618
0.00111436
-0.00142561
0.000994863
-0.000726941
0.00301314
-2.33168e-14
9.14393e-15
3.43906e-15
-2.51925e-15
-1.58962e-14
5.0994e-15
-0.000569685
0.000607773
-1.15122e-14
4.46637e-15
0.000373665
-0.000569506
-4.25075e-15
2.67307e-15
-0.00034188
0.000602531
1.50478e-16
2.84324e-16
-2.28253e-5
2.23691e-5
-3.88245e-5
-1.04758e-5
2.18755e-6
2.94467e-14
-1.34324e-14
-1.80585e-14
7.11227e-15
-1.24989e-15
7.21796e-6
-9.33855e-7
-7.83723e-14
2.25226e-14
-1.80304e-6
2.77985e-7
5.4914e-7
-4.60377e-8
2.05266e-7
-5.96515e-13
4.7772e-13
-5.4005e-13
3.94346e-13
4.16261e-14
-4.10036e-8
1.25981e-8
-9.24156e-9
-5.09918e-9
3.91098e-9
-8.18855e-15
2.18949e-14
-3.5902e-14
1.03611e-14
5.79506e-14
1.69955e-9
1.20958e-9
3.45002e-15
-3.22907e-15
1.18126e-10
-6.2465e-10
-2.62444e-10
5.85353e-11
3.07872e-15
3.803e-15
-2.5661e-15
2.21948e-15
7.03009e-16
1.15986e-10
1.16519e-10
-5.17062e-11
2.21438e-12
3.66686e-15
-5.43736e-15
1.90713e-15
2.58402e-15
3.45982e-11
4.9256e-12
-1.38175e-12
5.36098e-13
-2.6891e-13
-3.31727e-15
-1.94348e-15
-1.84337e-15
-4.61887e-15
1.15643e-14
4.05991e-13
-2.38902e-13
1.24439e-14
2.14316e-14
1.05807e-14
-2.23007e-13
3.0838e-14
1.66097e-14
5.94738e-15
1.18143e-14
6.86933e-15
3.53721e-15
-1.36477e-13
-6.2039e-14
5.15163e-15
6.32176e-14
7.34023e-14
4.0202e-14
3.9157e-14
1.20355e-14
-1.29017e-13
-2.65879e-14
-4.43722e-14
-1.37931e-14
-5.86726e-14
-4.49486e-14
-1.56133e-13
-1.27798e-13
-9.50886e-14
-1.19441e-13
1.00923e-13
4.91144e-13
1.76774e-13
-1.34564e-7
5.48014e-8
-6.00331e-8
-3.28167e-7
4.07914e-7
5.76788e-7
-5.37416e-7
-8.20406e-7
5.43187e-7
6.23219e-7
-2.28017e-7
2.92601e-8
-5.27487e-8
-3.29271e-7
3.4961e-7
-4.71611e-7
5.13911e-7
-2.38642e-7
3.42627e-7
2.2786e-8
1.13707e-9
-7.59548e-9
-3.50712e-9
1.58036e-9
1.44733e-9
-5.95327e-10
-8.00573e-9
5.66528e-8
-4.3841e-8
1.56972e-7
-5.82084e-8
4.15126e-9
2.34869e-9
-1.29267e-9
-1.79707e-9
1.03715e-9
8.50646e-8
-2.03199e-7
8.44678e-8
-5.63839e-8
1.7566e-7
-1.51601e-9
-1.8124e-10
5.14095e-10
5.70733e-10
-5.24814e-10
4.15072e-7
-8.98176e-7
6.56897e-7
3.89104e-10
2.73837e-10
-3.54224e-10
1.19711e-6
-3.01475e-6
2.48503e-6
6.32312e-11
-5.58112e-12
-5.94225e-11
3.76763e-6
1.30165e-6
-9.26909e-6
2.0804e-5
8.10425e-6
-1.58064e-12
5.65812e-12
-6.28802e-12
-4.80945e-12
-1.6716e-12
7.43048e-5
-7.06573e-5
8.61309e-5
-0.000465641
-9.16744e-5
-2.59879e-15
1.89391e-13
7.0781e-13
-2.18292e-13
-4.83189e-14
-0.00168609
0.00108469
-0.000777674
0.00391048
-0.0024983
0.00108494
5.98848e-15
-1.03198e-14
2.03654e-14
1.24466e-14
-3.20952e-15
3.2179e-15
-0.00341124
9.65182e-16
-0.000843077
0.00195541
-0.00205648
0.00174496
0.000517228
0.000599049
-0.000730724
0.00472516
-2.14113e-15
-1.36314e-16
-1.475e-15
2.82544e-16
0.00018852
-0.000937466
0.000292664
-1.21773e-15
5.61154e-16
-0.000346456
0.000645852
-9.88372e-5
-7.59478e-16
3.182e-16
0.000165554
-0.00022826
8.87068e-5
7.28084e-16
-8.83644e-17
1.58411e-5
7.21942e-5
-0.000139538
-3.83395e-5
1.84007e-5
8.84259e-15
-3.98058e-15
-4.35015e-16
1.79343e-5
-1.12766e-5
-3.13703e-14
1.35227e-14
-2.18825e-6
2.24114e-7
1.38415e-7
-2.39123e-8
-1.71203e-7
-4.14018e-13
2.71844e-13
-3.0742e-13
1.56527e-13
-2.36892e-14
5.31143e-8
-8.09698e-9
-7.94008e-9
1.49989e-9
9.15613e-10
-1.85018e-14
2.25954e-14
-3.58271e-14
1.11154e-14
1.77243e-14
-1.44191e-10
8.80488e-10
-1.13611e-9
-1.9876e-10
-4.85712e-15
4.15997e-15
3.54583e-16
-2.71576e-11
3.42702e-10
-7.09379e-11
-1.45703e-14
7.72387e-15
9.53717e-15
-2.55207e-11
9.5764e-11
2.01511e-13
-1.1305e-12
1.97076e-14
-1.3166e-14
-7.90081e-15
3.75907e-14
-1.29213e-11
4.28478e-12
-1.38545e-12
4.7998e-13
3.96256e-14
-3.84978e-14
-3.60165e-15
-3.69799e-14
-2.4103e-14
4.60008e-14
-1.14796e-12
-2.99305e-13
1.26472e-13
5.00562e-13
7.15248e-14
8.50963e-15
6.78465e-14
6.62662e-14
1.86662e-13
1.34564e-13
6.03486e-14
6.62038e-14
-1.78675e-12
-1.62801e-13
-4.42048e-13
2.22267e-13
4.30013e-13
-5.68388e-13
3.81708e-13
1.58665e-13
4.18945e-13
-6.93421e-13
-1.09071e-12
-1.65581e-14
-3.60315e-13
1.48698e-13
-8.3936e-13
-1.71593e-12
-3.29561e-13
-8.50299e-13
9.02022e-13
-3.17675e-7
-4.25961e-7
3.16241e-7
4.08123e-7
-2.2737e-7
2.80537e-7
-2.25579e-7
3.46433e-8
2.42148e-7
-5.0137e-7
4.84751e-7
-3.43575e-7
1.07553e-7
6.05512e-8
-7.37662e-8
-2.76715e-8
1.31563e-8
2.7798e-9
-7.13771e-11
-2.05731e-10
1.87336e-8
7.52938e-8
-7.66501e-8
1.8541e-7
-1.27822e-7
-7.37128e-11
1.96813e-10
2.63384e-10
5.10359e-12
-1.10713e-10
-1.58317e-7
-1.49235e-7
4.69036e-8
-4.6959e-8
1.06069e-7
-9.48123e-11
-2.76224e-10
-6.34782e-11
7.79935e-11
-3.60489e-11
-6.38536e-7
-4.83526e-7
4.65485e-7
1.54564e-10
1.90952e-10
-1.62737e-10
-2.2708e-6
-1.45983e-6
1.72142e-6
1.32276e-10
9.56398e-11
-1.10974e-10
-7.7528e-6
-4.25263e-6
5.23439e-6
2.10445e-11
-1.37109e-12
-1.44495e-11
-3.18192e-5
2.40761e-5
-1.08834e-5
0.000114835
1.60225e-5
-3.76588e-13
7.10927e-13
-6.80299e-13
8.01991e-13
-3.00206e-13
0.00036783
-0.000298926
0.000125352
-0.00114727
-0.000166791
-2.16212e-14
7.11694e-14
2.26804e-13
-8.94704e-14
-4.43543e-14
-0.00409342
0.00287077
-0.00160356
0.00288469
0.00612523
-0.00488577
0.00144998
1.49539e-14
-4.62767e-14
-1.67272e-14
5.04499e-14
-1.09451e-13
-0.00440817
5.65978e-15
-4.066e-15
-4.41307e-15
2.005e-15
-5.09218e-16
-1.59875e-16
9.63491e-17
0.000427165
1.12465e-15
-2.06121e-16
-0.000172519
8.73969e-5
-2.10964e-15
1.38804e-16
1.84816e-5
-2.78662e-5
2.07699e-15
1.09777e-6
1.30505e-6
5.81205e-15
-6.81595e-16
-5.73928e-7
1.19655e-6
2.23799e-7
-1.27971e-7
-1.70372e-13
5.21207e-14
-3.69801e-14
-2.8171e-9
1.42337e-8
-5.81216e-8
-6.54912e-9
4.53584e-9
-1.30116e-14
4.25771e-15
-1.51764e-14
1.04918e-14
-1.99235e-14
8.229e-10
3.33676e-9
-5.87971e-9
-1.24244e-9
-1.65518e-14
1.08039e-14
1.8732e-14
1.96069e-10
7.85134e-10
-2.32483e-10
-5.14454e-14
2.41255e-14
4.18802e-14
-5.35341e-11
2.80971e-10
6.98539e-12
-3.15741e-14
-2.93161e-14
1.34472e-13
4.88771e-11
-7.377e-11
-1.27243e-11
2.04489e-12
1.87668e-13
-9.09659e-14
-3.83053e-14
1.0453e-13
2.44502e-11
-8.69962e-12
1.62192e-13
3.41257e-12
-4.71857e-13
-3.13732e-13
-1.11456e-13
-3.6726e-13
-4.11813e-13
2.75272e-13
-1.02847e-11
-7.13177e-12
6.71123e-12
-2.16212e-12
-1.42062e-11
3.55522e-12
-4.08498e-13
2.60036e-12
-6.10806e-13
2.60749e-12
2.60875e-12
1.66991e-12
2.37112e-14
7.45828e-13
3.94815e-11
-1.20619e-11
-3.31373e-14
-4.0531e-13
5.7592e-12
1.42558e-12
1.18933e-12
1.96691e-12
-7.37514e-12
-1.8716e-12
-8.34503e-12
6.2016e-8
-1.35353e-7
1.19328e-7
-1.97515e-7
3.2453e-8
-3.35464e-7
3.50637e-7
4.82158e-7
-4.20119e-7
-4.3388e-7
3.52694e-7
2.64409e-7
-2.09576e-7
-1.03793e-7
8.80488e-8
6.36223e-8
-4.62353e-8
2.59798e-9
-2.86487e-9
6.18915e-11
4.96494e-10
6.36723e-8
1.20912e-7
-5.80458e-8
-2.09332e-7
1.63593e-7
-9.24204e-8
-2.39423e-7
2.37234e-10
-2.17107e-10
-7.3955e-11
-3.25971e-12
1.67793e-11
-1.12633e-7
-2.44306e-8
3.11209e-8
1.42817e-9
-1.97309e-8
1.01881e-8
5.1751e-11
-1.91926e-11
-4.94349e-12
-6.16296e-7
5.1833e-9
3.70741e-8
-2.1894e-11
8.36246e-12
-9.38055e-12
-1.94755e-6
6.06802e-8
2.21537e-7
4.2334e-11
5.30515e-11
-3.48787e-11
-5.83506e-6
2.25217e-7
7.30391e-7
3.32856e-11
2.45354e-11
1.31582e-12
-1.5921e-5
3.96806e-7
2.05972e-6
-3.8128e-12
-3.61181e-12
1.6571e-11
-7.39119e-5
5.06375e-5
-5.70309e-6
2.35005e-5
0.000183263
5.16614e-6
-5.66985e-13
2.12514e-12
3.45147e-13
-2.133e-12
0.00113868
-0.000535117
7.38679e-5
-0.000393254
-0.00224986
-7.87764e-5
9.43346e-14
-6.79536e-13
1.12717e-13
-4.06409e-13
1.00472e-12
2.57912e-13
0.00138722
-0.00385263
0.00339757
-0.0018314
0.000337616
0.00243276
-0.00274125
-6.20607e-14
2.61465e-13
2.11729e-14
-4.0638e-14
1.27884e-13
-0.00264316
0.000253221
-5.41867e-15
7.54266e-15
0.00393756
-0.00201438
-1.73518e-17
4.34442e-15
-0.00351022
0.0020049
5.30752e-16
-2.32468e-15
0.00218212
-0.00120587
-3.39702e-16
8.12119e-16
-0.00110717
0.000492704
-7.66171e-17
6.28344e-16
0.000792736
-0.00063576
-1.53557e-16
3.21832e-16
9.02479e-5
7.65306e-5
5.76117e-16
-1.49545e-5
-7.04468e-5
-3.17664e-16
-1.7249e-15
-9.80218e-6
-3.48215e-6
6.57006e-15
-2.89618e-15
-1.3865e-15
4.52865e-7
-2.84138e-7
-3.19483e-15
-7.49573e-8
6.27355e-7
-7.52618e-15
8.73148e-15
1.76477e-7
-3.16295e-7
-1.69673e-8
1.60224e-8
-2.01192e-14
1.43255e-14
-2.07598e-9
8.89579e-8
5.99985e-14
-4.44565e-14
2.09351e-8
-5.18134e-8
-4.59304e-9
-1.10731e-13
2.63576e-9
-4.35601e-9
-1.04536e-9
-1.87298e-13
-2.42252e-14
3.22991e-13
1.93196e-10
9.75792e-11
-6.78666e-11
-8.42545e-14
-4.03555e-14
6.17308e-13
2.96878e-10
-3.01188e-10
-1.05038e-10
-5.73701e-14
-1.71538e-13
2.10424e-13
-1.62754e-11
3.19373e-10
3.01374e-11
-2.17724e-10
4.99324e-12
1.55058e-12
-6.19054e-13
-2.9066e-13
1.636e-13
6.92163e-11
-8.51809e-11
4.27235e-11
-2.28387e-11
-5.75829e-11
5.47253e-11
-4.91509e-12
-7.90342e-12
-4.832e-12
1.69781e-12
2.60044e-10
-1.00325e-10
-7.03754e-11
-2.27789e-13
-9.72897e-11
1.249e-11
-1.91946e-11
-7.96221e-12
-1.01294e-12
-6.71232e-12
2.53777e-12
2.52391e-11
-4.19725e-12
-1.65921e-11
2.83931e-11
3.33767e-11
9.46618e-12
1.93503e-10
-5.49273e-11
5.05725e-11
4.0012e-11
4.19139e-12
9.49234e-12
2.3994e-11
-8.728e-11
4.04669e-12
1.75119e-7
-1.44478e-7
-2.96357e-7
2.11349e-7
3.30036e-7
-2.40622e-7
-2.64845e-7
1.9421e-7
1.5748e-7
-1.16079e-7
-7.82534e-8
5.07776e-8
3.71963e-8
-1.65512e-8
-1.62364e-9
3.31931e-9
-9.74396e-8
5.67211e-8
1.38272e-7
-5.53857e-8
4.0092e-8
3.0726e-8
2.81391e-11
-5.90532e-10
4.05135e-11
5.09497e-11
-2.99367e-11
-4.15278e-12
2.30664e-8
-8.53939e-9
4.50086e-8
-1.90581e-8
-3.17155e-13
-6.83182e-12
5.93852e-13
4.12682e-12
-3.88724e-8
-1.54341e-8
1.11814e-8
-8.04981e-9
4.3138e-9
1.45246e-12
-1.85759e-12
1.68704e-12
-2.664e-7
1.40696e-8
5.28877e-9
4.16617e-12
-5.105e-13
-2.85325e-12
-7.86575e-7
1.13369e-7
3.12605e-8
-7.36264e-13
-3.89371e-11
5.2796e-11
-1.91454e-6
2.80443e-7
8.58615e-8
-5.2603e-11
-1.17197e-10
1.46852e-10
-8.3166e-6
3.26137e-7
1.66415e-6
1.75212e-7
-7.02781e-12
1.82776e-11
9.81378e-12
-3.90638e-11
0.000144341
3.89689e-5
-4.81309e-5
-1.46733e-5
3.65463e-12
-1.57967e-11
-4.26556e-12
1.65204e-11
-0.00114387
0.00184231
-0.000968034
0.000639538
0.00168266
0.000422634
-6.41923e-13
3.69306e-12
-6.16419e-13
1.70673e-12
-3.89183e-12
-5.06664e-13
0.00328711
-0.00267276
0.000614995
-0.00434717
-0.00635931
0.00782761
0.00488997
0.000159858
1.05558e-14
-1.50941e-13
-2.55254e-14
1.04227e-13
0.00773832
-0.00983382
-0.0059262
8.50241e-15
-2.55974e-14
-0.0070424
0.00977429
0.00517098
-2.60987e-15
9.58857e-15
0.00535657
-0.00843172
-0.0034846
-3.92615e-16
-3.37086e-15
-0.00312899
0.00384122
0.00171196
-3.68373e-15
1.20391e-14
0.001515
-0.00160406
-0.000988652
6.75293e-16
4.26084e-15
3.82278e-6
0.000338154
5.42882e-5
3.50501e-15
-4.89212e-15
3.32561e-15
-1.22662e-5
5.82067e-6
-4.66601e-15
-1.37008e-6
1.65795e-5
2.04961e-14
-1.29661e-14
-5.00264e-6
1.16777e-6
4.54331e-14
-3.57351e-14
-2.15011e-7
1.37667e-6
-1.87006e-13
1.35316e-13
-4.00593e-7
9.59571e-8
-1.70654e-13
1.71497e-13
-4.10127e-9
1.75332e-7
4.71624e-13
-6.32043e-13
2.0954e-8
-8.806e-8
-1.70189e-9
-1.13387e-12
1.93617e-9
-9.82631e-9
-3.91266e-10
-5.59619e-13
-2.17598e-12
3.02968e-12
1.41579e-9
-8.45774e-10
-6.93249e-10
2.93338e-13
-1.1463e-12
2.08577e-12
-9.67419e-10
4.42483e-9
5.72705e-10
-1.40556e-9
1.6171e-12
-8.41749e-13
1.00811e-12
-3.99633e-13
-1.36224e-9
3.44853e-10
3.74462e-10
-9.42291e-10
-6.13501e-12
2.43626e-11
-5.76745e-12
1.6798e-12
-6.88668e-10
-3.72972e-10
5.93063e-11
-7.89682e-10
4.26665e-10
-9.6093e-11
1.86125e-11
-2.12135e-10
-8.64781e-11
2.26791e-11
1.1449e-9
-8.2862e-10
-5.44014e-10
-7.97115e-11
-1.45173e-10
-1.79942e-10
-1.89172e-11
-3.42475e-11
-2.61578e-11
-4.93267e-11
9.08172e-11
3.03688e-10
-3.82178e-10
6.95473e-10
1.55994e-10
6.9897e-10
1.00032e-10
1.29159e-10
5.57823e-11
1.33072e-10
-9.19644e-10
9.32508e-9
-1.19719e-10
3.13409e-8
-1.5699e-8
1.53868e-7
-5.99354e-8
-2.16177e-7
1.98482e-7
-1.58013e-7
1.10392e-7
-4.00869e-8
9.84083e-9
-1.6338e-9
-1.13696e-10
9.03554e-11
-1.32279e-10
1.03892e-10
-2.85938e-11
-2.87855e-8
1.25633e-8
-2.81646e-8
1.48878e-8
1.05951e-11
-8.2006e-13
-1.99456e-12
4.68802e-13
3.42612e-9
-1.33e-9
7.11282e-9
-2.43109e-9
-7.91729e-13
-5.33893e-13
5.78086e-14
7.84772e-13
-2.90752e-9
-3.80583e-9
1.24308e-9
7.80338e-10
-2.75261e-9
1.30237e-9
-1.83666e-12
8.67322e-12
2.97552e-12
-9.26284e-12
-1.80774e-8
-3.74855e-9
2.37926e-9
3.69914e-9
6.43615e-11
-1.79274e-10
-5.23352e-8
-8.55849e-9
1.10264e-8
-7.113e-9
9.89083e-11
-4.77849e-10
-3.67538e-7
3.09086e-8
4.57652e-8
-3.64247e-8
-3.42936e-11
-5.32021e-12
1.35969e-10
-4.23331e-10
1.42015e-5
5.02598e-6
-3.76006e-6
-1.43187e-6
5.89447e-11
-1.92608e-10
-5.79603e-11
1.80823e-10
-0.000307795
-0.000162457
0.00012548
5.43267e-5
-1.28474e-11
4.44663e-11
8.49531e-12
-3.03213e-11
-0.000124461
-0.000498568
0.000434559
0.000232979
0.0012044
-0.000493099
-0.000317316
7.93016e-13
-1.33879e-12
4.21701e-13
-1.25583e-12
3.7823e-13
-1.41352e-12
-3.06267e-13
6.47767e-14
-3.99817e-14
2.38816e-14
-3.07967e-14
-2.87138e-14
-0.00029951
-1.00876e-14
-5.77428e-5
0.000694949
0.000299361
-6.00346e-5
1.75527e-14
-2.01033e-14
4.52186e-15
5.0321e-14
1.04846e-5
-0.000134549
2.40844e-5
-7.28749e-14
3.10161e-14
-5.06367e-6
3.07775e-5
2.2983e-13
-6.30602e-14
-1.06183e-5
2.83093e-6
6.79757e-13
-4.6398e-13
-6.63767e-7
2.56182e-6
-2.2184e-12
1.44581e-12
-3.99054e-7
6.42746e-8
-9.93778e-13
2.13028e-12
4.42767e-8
5.76613e-7
-3.51137e-7
9.86236e-13
-6.71084e-12
-7.0785e-9
1.06859e-8
7.27768e-9
-1.28772e-8
1.11307e-12
-1.1766e-11
-2.30863e-9
-4.08521e-8
-4.18116e-9
4.80903e-8
1.18749e-12
-8.50945e-12
-1.50827e-8
5.20684e-8
4.29495e-9
-1.16436e-8
9.52513e-13
-2.51635e-12
-5.15912e-13
6.73603e-9
1.21664e-9
-9.07692e-12
9.24493e-9
-5.59628e-12
2.24245e-11
-3.97308e-12
5.02368e-12
-2.08215e-8
6.50801e-9
3.62761e-9
-8.62475e-9
-1.0053e-10
4.74175e-10
-9.34558e-11
1.81286e-11
-5.92588e-9
-1.98486e-9
1.65277e-9
-3.84596e-9
2.03855e-9
1.63993e-9
7.05186e-10
-2.02926e-9
-1.917e-9
3.96314e-10
-6.27023e-9
-1.51991e-9
-9.24279e-10
-2.30728e-9
-6.3406e-11
-1.29218e-9
1.167e-9
-2.3623e-9
3.72433e-9
-3.06221e-9
2.54292e-9
-1.1078e-7
6.60643e-8
1.54698e-7
-8.04441e-8
-1.5689e-7
1.17924e-7
1.32984e-7
-1.38935e-7
-1.44935e-7
1.5531e-7
4.57162e-8
-3.55746e-9
-1.54937e-8
2.98606e-9
2.76739e-9
-7.5393e-10
6.59416e-9
-4.7389e-9
-1.82222e-8
2.91535e-9
3.99286e-8
5.67177e-11
5.90783e-13
1.15795e-12
1.40557e-11
-4.64788e-13
-4.83117e-9
1.66733e-9
-6.82054e-9
2.71963e-9
1.13547e-13
1.09792e-13
-9.44671e-13
2.77196e-13
6.10486e-10
-2.72185e-10
7.58819e-10
-2.30257e-10
-1.5589e-13
-1.67973e-13
1.40835e-14
4.32175e-14
-6.17085e-10
-2.80923e-11
-1.07756e-12
1.31615e-11
-6.28417e-10
-5.35823e-11
1.20248e-10
-1.76965e-10
-2.99145e-9
2.48854e-10
8.91395e-10
-1.00854e-9
-8.22962e-9
1.38827e-9
1.55237e-9
-2.91233e-9
8.89446e-7
3.8689e-7
-2.27135e-7
-2.24595e-8
5.54022e-10
-1.41558e-9
-5.0057e-10
1.22383e-9
-4.39774e-5
-1.57349e-5
1.33342e-5
3.89831e-6
-1.37328e-10
3.77025e-10
9.29155e-11
-2.50144e-10
2.85471e-5
0.000167113
-4.46121e-5
-7.46354e-5
1.73528e-11
-5.16984e-11
-1.21266e-11
2.9081e-11
6.29274e-12
-0.00585301
0.00692442
-0.00256891
0.00381142
0.011594
-0.0134249
-0.0111604
0.00146196
8.10103e-13
-2.20571e-12
-1.31279e-13
1.73886e-13
-0.0174785
0.0250706
0.0132839
1.64912e-13
-6.30034e-13
0.0205947
-0.0349947
-0.0146365
-9.02661e-14
2.90581e-13
-0.0335
0.0439363
0.0163758
5.49209e-14
-6.04369e-14
0.0101914
0.000126594
-0.00599633
1.00932e-13
-4.03319e-13
-0.00689483
0.0191063
0.00310081
5.47267e-14
-3.78426e-13
-0.00185453
0.00205154
1.48154e-13
-1.69471e-13
0.000552456
-2.02069e-14
-7.6272e-5
0.000376045
-1.08801e-13
1.84846e-13
-0.000256567
7.04981e-5
-6.94435e-13
2.15357e-13
-1.43608e-5
4.44328e-5
1.87999e-12
-5.28157e-13
-6.59809e-6
1.02214e-6
6.50136e-12
-4.04371e-12
-2.73165e-7
1.5345e-6
-1.71443e-11
1.00409e-11
-9.32543e-7
2.27376e-11
4.77179e-7
1.29278e-11
3.72868e-11
-5.15019e-11
1.44738e-7
3.66867e-12
4.11676e-11
-4.23205e-11
-1.99874e-7
3.38538e-12
-2.00898e-12
-2.64655e-11
-1.56777e-8
-3.65199e-8
3.77575e-8
-2.37001e-12
1.11595e-11
-6.73369e-12
-1.96817e-11
-1.29876e-11
1.94709e-7
1.97288e-8
9.27228e-10
1.08085e-7
-8.83215e-11
4.28793e-10
-5.53119e-11
1.07903e-11
-2.8265e-7
5.73218e-8
1.90643e-8
-8.44017e-8
-1.86532e-9
9.80488e-9
-1.85449e-9
2.98128e-10
5.40354e-8
5.57516e-9
2.60853e-8
1.10235e-8
-3.98378e-8
-1.00676e-9
6.48837e-9
-3.58539e-9
1.47181e-9
8.14757e-9
-5.35036e-9
-1.5741e-8
3.45902e-8
-2.67575e-8
6.95748e-9
5.36232e-9
-2.53876e-8
8.92504e-9
1.36489e-9
-2.8044e-8
4.52073e-8
1.84069e-8
-9.85479e-9
-3.30123e-8
1.73562e-8
-4.18154e-8
4.93753e-8
-1.0924e-7
5.65602e-8
1.13164e-7
-1.11132e-7
-6.34971e-9
8.85401e-9
-6.12379e-10
4.50708e-10
3.44135e-10
1.07744e-10
-1.32862e-10
6.46216e-11
2.72549e-9
-1.13866e-9
-8.89091e-10
-9.02875e-10
-1.40059e-11
2.72741e-12
-5.91867e-12
3.5619e-12
-5.2237e-10
1.48513e-10
-9.70117e-10
3.33299e-10
-7.18747e-13
-6.66427e-14
-5.76036e-13
1.66704e-12
2.69774e-10
9.55576e-11
-2.1606e-11
-6.30193e-11
7.26182e-11
-3.7994e-11
-2.59113e-12
-1.76626e-11
1.81248e-11
2.72061e-11
5.1758e-10
-6.53726e-11
1.42696e-11
-1.18956e-10
-1.66351e-10
6.10126e-10
1.87121e-9
8.34513e-11
-1.23084e-10
-1.20504e-10
-8.29128e-10
3.29664e-9
6.7415e-9
-2.53546e-10
-8.75817e-10
9.32755e-10
-1.68488e-9
4.32253e-9
4.67621e-8
-6.70156e-9
-2.36539e-9
5.18315e-10
3.02725e-9
-5.3466e-9
-2.61859e-9
4.8498e-9
-3.4394e-6
-8.03409e-7
7.1136e-7
1.42082e-7
-9.20355e-10
1.95007e-9
6.08437e-10
-1.31336e-9
3.4146e-5
2.75767e-5
-1.4262e-5
-8.77022e-6
1.29827e-10
-3.10745e-10
-5.58724e-11
1.67605e-10
0.000450079
-0.000637774
0.000158164
-0.00031199
-0.00114491
0.00177589
-6.41975e-5
-1.64513e-11
4.00532e-11
5.88563e-12
-6.5376e-12
-0.0069718
9.764e-13
0.0100501
2.28542e-14
1.74668e-12
-2.1579e-12
-6.03622e-13
1.54134e-13
0.0301343
-0.0412915
1.30007e-12
-1.73517e-12
3.34315e-12
-0.0230935
0.0464615
6.56947e-13
-1.48613e-12
0.0134102
-0.0272323
-0.00360855
-7.90135e-13
1.20848e-12
0.000651374
-0.00573476
0.00176564
1.52758e-13
1.98997e-13
-0.000302867
0.000483057
-7.0688e-13
4.70583e-13
-7.8158e-5
2.03294e-5
-4.60075e-12
1.29779e-12
-4.83558e-6
2.58507e-5
9.72612e-12
-2.81776e-12
-6.74266e-6
2.93823e-6
3.83301e-11
-2.18888e-11
-7.67243e-7
-1.69551e-5
6.10749e-6
-7.3211e-11
4.21275e-11
-6.63349e-7
-5.78854e-7
-2.27792e-7
3.53208e-6
-5.58916e-11
8.74524e-11
-2.56895e-7
4.86945e-7
-6.20272e-8
7.00138e-7
-4.00643e-11
1.67325e-10
6.30898e-7
-1.04273e-6
1.21885e-8
-1.3701e-6
3.2292e-11
2.057e-10
-7.27193e-8
8.99225e-7
3.14741e-7
-2.59391e-6
3.52684e-11
4.18187e-11
1.19521e-10
6.37697e-6
-1.43239e-6
-7.1551e-7
2.97224e-6
-3.72679e-11
1.70969e-10
-4.2342e-11
-2.71182e-10
-4.09824e-6
1.21039e-6
3.02808e-7
-1.28389e-6
-1.74935e-9
9.41041e-9
-7.89074e-10
1.32661e-10
1.49118e-6
-1.99683e-7
-2.14419e-7
6.73033e-7
1.0012e-7
-1.25206e-7
-4.15826e-8
1.50838e-7
-2.41853e-8
4.68354e-9
-1.45262e-7
4.12059e-8
-4.22485e-9
-8.27996e-8
6.92466e-8
-1.66132e-8
2.3895e-9
1.09083e-7
-1.26826e-7
2.54877e-7
-2.16955e-7
8.01012e-8
-6.25906e-8
-1.20945e-7
4.82265e-8
9.66337e-8
-2.30514e-8
-1.70021e-8
-3.45704e-10
4.35162e-9
-2.22432e-9
2.72455e-9
-5.54785e-9
4.15703e-8
-1.5036e-8
-5.88491e-8
3.34384e-9
-4.70821e-10
-8.24925e-10
-1.3596e-10
1.54501e-10
1.1344e-11
5.62199e-11
3.7484e-10
3.49739e-12
5.76038e-10
-5.89136e-10
-2.03992e-11
2.26112e-12
1.72336e-11
-4.54283e-12
-1.65654e-11
-1.7883e-11
5.32064e-11
-1.46478e-10
3.8362e-11
5.75893e-12
-1.0967e-11
1.62629e-11
-3.66141e-11
-1.6796e-11
-4.3786e-11
3.84481e-11
4.53847e-11
1.08856e-11
-1.66242e-10
4.72938e-10
1.98822e-11
-9.81703e-10
-1.58761e-9
3.15933e-9
1.28577e-10
-7.25979e-9
-6.69203e-9
1.12927e-8
2.15312e-10
-1.41437e-10
8.13326e-9
-7.49552e-9
-1.03747e-7
-3.73705e-8
3.42553e-8
-3.14275e-8
-3.67887e-9
6.11049e-9
2.21886e-9
-4.62448e-9
4.70651e-6
2.39902e-6
-1.44515e-6
-5.02735e-7
6.40036e-10
-1.29469e-9
-2.86657e-10
6.49453e-10
0.000136719
-9.12842e-6
-5.87559e-5
-2.00112e-5
8.52406e-6
-9.79103e-11
1.82061e-10
-2.29456e-11
-0.000312694
3.7455e-12
-9.82643e-13
-1.33865e-12
1.1773e-12
0.0386365
-0.0350096
0.0170657
-0.0412602
-0.0633661
0.0445601
0.0386136
-0.0180336
-3.43766e-12
1.28965e-11
7.56114e-12
-9.84736e-12
0.0515814
-0.0426004
-0.0403685
-7.66645e-12
5.6553e-12
-0.0100438
-0.0356622
-5.16602e-13
1.13371e-12
-0.0998793
0.0778932
-3.24978e-12
5.06984e-12
-4.58754e-12
0.026694
-0.0273582
-1.32791e-12
1.5441e-12
-0.00611417
0.000814689
0.000509625
2.12851e-12
-2.45506e-13
-0.000141833
0.000380053
-1.11469e-11
3.05205e-12
8.04923e-6
-2.61682e-5
-1.82494e-11
4.83062e-12
2.12869e-5
0.000148079
-4.75359e-5
3.35796e-11
-2.20245e-11
1.15751e-5
1.29373e-10
-7.14149e-11
7.51008e-7
-1.85059e-10
-4.25269e-6
-2.14627e-10
-3.74644e-10
3.68788e-10
1.69008e-6
-3.49764e-10
-7.20495e-10
5.76854e-10
-4.11429e-6
1.11059e-5
8.58631e-11
-1.53461e-9
1.31752e-9
-2.20141e-5
-1.0104e-5
3.15465e-5
3.72407e-10
-3.64021e-10
-9.40129e-10
2.80966e-10
-3.65545e-5
1.04714e-5
3.81379e-6
-1.26203e-5
-6.78372e-10
2.61789e-9
1.00144e-10
2.91642e-9
1.07832e-5
-3.10506e-6
-1.68422e-6
3.87042e-6
-4.90746e-8
1.86459e-7
7.91257e-9
1.84045e-9
-7.92681e-7
1.73796e-7
-8.55776e-8
-6.34309e-8
3.77847e-8
-1.52163e-7
5.45202e-7
2.881e-7
1.5166e-7
-2.9172e-7
-2.93925e-7
7.99438e-8
-7.2942e-7
5.35739e-7
-1.75732e-7
-3.50829e-7
1.61623e-7
-3.24227e-8
2.88454e-8
4.96812e-8
-3.25546e-8
3.62769e-8
-3.22323e-8
1.28736e-8
1.65163e-8
-1.16846e-8
-1.0283e-8
-1.10186e-9
3.3294e-9
-1.49224e-9
1.02792e-9
-5.89516e-10
4.86535e-10
8.92915e-10
-7.66569e-10
9.17293e-9
-5.9048e-10
-4.21533e-10
2.80232e-9
-2.73827e-10
5.20575e-10
4.59713e-11
1.94867e-10
-8.18348e-11
2.96173e-11
4.49367e-11
-5.94272e-13
-1.28962e-10
-2.72312e-11
1.4404e-10
4.19272e-11
-1.16333e-10
2.42181e-11
2.03597e-11
1.32369e-11
-1.10007e-10
1.50067e-10
-3.74698e-10
3.4649e-10
-9.74051e-11
1.58627e-10
-1.87975e-13
1.61113e-10
1.9799e-10
-4.51313e-10
-2.13049e-13
-1.93829e-11
7.94368e-11
-2.9361e-12
1.74881e-9
-2.6341e-9
4.2795e-11
-4.01336e-11
9.38099e-12
6.90602e-11
6.12766e-9
-9.39103e-9
9.80182e-10
-3.20722e-10
-8.06805e-12
2.77507e-12
-1.08401e-8
1.02363e-8
9.33857e-9
-8.98423e-9
-6.05811e-9
-1.08669e-8
-7.27687e-9
5.31835e-9
3.11552e-8
1.38434e-7
1.60868e-8
-3.06291e-7
2.67219e-6
2.05502e-9
-2.56491e-9
8.57967e-10
-9.49953e-10
1.0152e-5
-3.0936e-6
-9.38652e-6
2.19839e-5
-2.97019e-7
-3.39085e-10
4.70904e-10
-1.13219e-10
0.000124201
2.25229e-11
6.8675e-12
-2.86111e-11
-0.0131575
0.011217
-0.0034195
0.0184382
0.0260314
-0.0387494
0.00143559
1.08974e-11
-3.54151e-11
-1.7411e-11
4.25131e-11
0.0584154
-3.02597e-11
-0.0737023
2.27814e-11
0.0802762
-1.20214e-11
0.148653
-0.134132
-8.84914e-12
9.26771e-12
-0.10752
0.0838109
0.0320054
9.48114e-12
-8.29946e-12
0.0403619
0.0497247
-2.51277e-12
-0.102523
0.0470878
-1.70471e-12
4.41603e-12
-2.56437e-12
0.0139029
-0.0241729
-2.1293e-12
1.82861e-12
-0.00381395
0.00199592
0.00069825
-5.08813e-5
-0.000623123
1.8281e-11
-1.38034e-11
1.18561e-11
-4.76178e-12
-0.000141083
0.00069393
-0.000177168
-4.32757e-11
2.1438e-11
-1.37261e-5
1.08635e-5
-2.13919e-10
1.04009e-10
-3.11994e-5
-0.000386809
0.000244563
2.69965e-10
-1.24537e-10
4.23646e-5
-0.000112288
-9.05816e-6
-5.42108e-6
4.94813e-10
-4.33929e-10
-6.46528e-6
7.17836e-5
1.42102e-5
-0.000105422
1.26478e-9
-7.25334e-10
2.68785e-6
-1.11615e-5
-3.62574e-5
0.000125519
7.30994e-10
6.95434e-9
-3.1299e-9
-0.000152328
5.95003e-5
-6.69004e-5
-6.64726e-10
-9.52169e-9
6.44141e-5
2.01435e-5
-4.30943e-5
-3.48922e-9
1.64674e-9
1.15101e-8
-2.46076e-9
1.38362e-5
-2.0489e-5
-7.7962e-6
1.33159e-5
-2.36883e-8
8.86167e-8
4.57032e-9
5.86022e-9
-1.3948e-8
-4.96122e-6
1.41182e-6
-1.87675e-6
3.88069e-7
5.93416e-7
-1.86699e-6
-8.11615e-7
6.38551e-7
5.29528e-7
-8.80176e-7
3.08949e-7
-7.26518e-7
2.95759e-7
-1.54621e-7
1.81742e-6
-1.06483e-6
6.34664e-7
-9.99107e-8
-3.7908e-7
7.70533e-7
-1.49239e-8
1.51414e-8
-2.11598e-8
2.89732e-8
-2.41239e-8
1.57145e-8
-4.14963e-9
-1.72379e-10
4.76607e-9
4.94553e-9
-7.07882e-9
-1.10613e-9
-3.96457e-9
-2.19349e-9
5.99919e-10
-7.51359e-10
4.39804e-9
-1.92058e-9
4.82699e-9
-4.41034e-11
-2.76099e-10
3.37889e-10
8.744e-12
5.13052e-10
1.04648e-11
2.67292e-11
-2.59107e-10
-1.40591e-10
-7.23805e-11
3.65884e-10
-5.61382e-11
-6.51933e-11
6.31879e-10
-5.37013e-10
-7.73484e-10
8.43063e-10
-1.10924e-9
7.32393e-11
-1.25848e-9
-2.94911e-10
1.0749e-11
-5.15059e-10
-1.17435e-9
-1.22991e-10
-1.01758e-10
-2.71029e-9
4.50972e-9
1.71748e-10
-8.18716e-10
-5.26087e-9
5.48794e-9
4.0569e-9
1.5001e-10
1.88233e-9
-5.63898e-9
6.85323e-9
-4.83779e-9
-4.40289e-9
3.42495e-9
-1.20313e-8
2.8459e-8
2.09382e-9
8.99625e-10
-1.232e-9
-2.28042e-6
3.41695e-5
-0.000116707
-4.93166e-10
1.54385e-10
4.95189e-11
-1.16926e-10
-0.0050824
0.000241503
0.00916059
-0.030081
-0.000812057
3.24856e-11
-7.79103e-11
7.85369e-11
0.0611459
-8.7382e-11
-0.0857195
6.65407e-11
0.10279
-4.47522e-11
-0.104648
2.50682e-11
0.101666
-1.26863e-11
-0.0671162
6.2487e-12
-0.124142
0.0883671
8.99463e-12
-7.1878e-12
0.0498093
0.0452743
-2.8605e-12
-0.048215
0.0219772
3.14447e-13
3.61875e-13
-2.37815e-13
-0.00157633
-2.33975e-12
-0.00347366
-2.43031e-13
2.40605e-12
8.62739e-6
0.000343023
4.69079e-11
-1.73477e-11
8.55206e-5
0.00246556
-0.00187687
-3.85533e-11
8.62093e-12
0.00133181
-0.000459755
-2.95228e-10
1.17027e-10
1.23988e-5
0.000149899
-3.71844e-10
5.37292e-10
-0.000324362
0.000399832
-3.1757e-11
8.40276e-10
0.000143946
-0.000395375
-6.53884e-9
1.51789e-9
0.000355977
0.000135495
-0.000275907
3.83926e-9
3.76237e-9
-2.55792e-8
1.84603e-8
0.000198457
-9.66214e-5
8.77619e-5
-6.06e-10
3.05225e-8
-6.3639e-5
2.81427e-5
-2.33862e-5
2.15282e-9
-5.09354e-8
1.04823e-5
-8.68132e-6
3.23222e-6
2.1051e-6
-4.84887e-6
4.02614e-7
-1.01965e-6
3.71237e-7
-4.46869e-7
1.86219e-7
3.67487e-6
-3.41532e-6
2.03379e-6
-9.26931e-7
1.19292e-7
3.25393e-7
-4.89532e-7
7.70672e-7
-8.3461e-9
8.26782e-9
-5.36671e-9
-1.10121e-8
1.71298e-8
-1.66321e-8
9.53565e-9
7.8986e-10
-9.59299e-9
1.31734e-8
-1.56212e-8
2.23971e-8
1.6087e-8
-2.45737e-8
-5.80302e-9
5.09996e-9
-4.08548e-9
-4.18497e-10
1.0031e-9
-4.95683e-10
-2.1575e-9
2.61116e-9
-3.56537e-10
1.49974e-9
-3.23917e-9
-7.544e-10
2.03108e-9
-1.37594e-9
-2.50987e-10
4.81853e-10
-7.98529e-10
2.35222e-11
-6.13778e-10
1.22302e-9
5.11616e-10
-8.41377e-10
8.07643e-10
8.39791e-10
-3.26618e-10
-9.65548e-10
3.16472e-9
-1.80083e-9
-3.5437e-12
2.95218e-9
2.62966e-9
9.8336e-9
-1.1061e-8
8.5175e-10
2.68346e-9
1.07463e-8
-1.20583e-8
3.66638e-10
3.58113e-10
-2.49589e-9
-2.35267e-10
-9.79336e-10
1.18816e-8
1.528e-9
-1.72025e-9
2.65326e-8
6.38726e-9
-6.3961e-8
3.23728e-7
-3.57639e-7
-1.58946e-9
1.3296e-9
-9.47032e-10
1.03535e-9
-1.64006e-6
4.58008e-7
2.31143e-6
-1.45182e-5
-2.23721e-5
6.51459e-10
-6.76094e-10
2.41887e-10
-0.000108874
-1.18822e-10
1.50947e-10
-0.00170412
0.000580843
-0.000450478
0.00414151
-0.0149662
8.12958e-11
-1.30868e-10
1.10255e-10
0.039134
-1.33515e-10
-0.0736256
1.31092e-10
0.111562
-1.10551e-10
-0.136793
7.7392e-11
0.140564
-4.52364e-11
-0.127769
2.21344e-11
0.114765
-9.40313e-12
-0.16006
5.22558e-12
-0.126638
0.178537
6.0154e-12
-4.74368e-12
0.0390896
-0.0411199
0.0365702
0.00068291
1.36776e-13
-7.42659e-13
8.21464e-13
-0.0108417
0.0198685
1.62185e-13
-2.5483e-13
0.00529015
-0.0125768
0.00892746
0.00398068
-0.00800221
3.91614e-12
-2.22999e-12
8.03125e-14
-5.05349e-13
-0.00297568
0.00481932
-0.0032637
0.00144279
1.30501e-11
-4.26317e-13
-0.00114911
2.79901e-10
-6.20801e-11
0.000259455
-5.7206e-10
0.000379936
-1.51607e-9
-2.09603e-9
1.71132e-9
-0.000598843
0.00129111
1.8417e-9
-6.3191e-9
4.405e-9
-0.00068186
0.000426639
1.39386e-8
-7.7694e-9
-0.000277442
-0.000116261
0.000172182
-3.6854e-8
5.40934e-8
5.32187e-8
-3.3144e-8
-9.13804e-5
7.95115e-5
3.92559e-5
-5.00307e-5
7.89485e-8
-1.54738e-7
-2.16219e-7
1.36701e-7
-1.05714e-7
2.01066e-5
-1.09041e-5
1.2034e-5
5.90198e-6
-9.39334e-6
4.10948e-7
-1.2705e-6
-3.70353e-7
3.71852e-7
5.18562e-8
3.46358e-7
6.1205e-6
-5.86714e-6
4.45725e-6
-2.65733e-6
9.15387e-7
2.91795e-7
-8.95167e-7
1.18347e-6
-1.78235e-6
1.92532e-6
6.45938e-9
-5.87899e-9
-6.8856e-9
2.67534e-9
7.09155e-9
-1.83096e-8
2.56445e-8
-2.64022e-8
2.28721e-8
-1.76826e-8
1.04256e-8
2.76494e-9
2.60491e-9
-1.38891e-9
5.90375e-10
3.20868e-9
-3.98884e-9
1.10644e-8
-1.46111e-8
-5.40125e-9
2.84942e-9
8.43838e-11
-7.67813e-10
1.42366e-9
-2.05891e-9
1.88655e-9
-2.27332e-9
-2.04118e-9
2.54315e-9
3.62313e-9
-7.42875e-9
-1.07487e-8
4.29682e-9
-2.08753e-10
4.80431e-9
-2.44274e-9
-8.84597e-9
1.33182e-8
-1.18982e-8
1.30813e-8
-1.35278e-8
1.39668e-8
-1.25845e-8
1.53783e-8
-1.37129e-8
1.36061e-8
-7.63181e-9
1.28071e-8
-2.18284e-8
1.81753e-8
4.19601e-9
7.29913e-9
-1.05377e-8
4.8876e-9
-2.88899e-9
-1.06692e-8
3.44856e-8
9.37734e-10
7.99009e-11
-1.3907e-7
4.82162e-7
-1.44718e-6
-4.30732e-10
4.85354e-10
-5.45639e-10
5.69136e-6
-1.65883e-5
8.07257e-5
4.54921e-10
-2.90609e-10
-1.46274e-10
2.63123e-10
0.000451248
-0.00306015
0.0123616
1.69844e-10
-1.39798e-10
-0.0356507
1.53056e-10
0.0751774
-1.61349e-10
-0.122824
1.45931e-10
0.16136
-1.10803e-10
-0.173822
6.9323e-11
0.158739
-3.54489e-11
-0.129888
1.48191e-11
0.103851
-5.30905e-12
-0.0598523
1.74974e-12
-0.0170341
6.69475e-13
0.0841728
-0.0655309
7.70474e-14
-4.2423e-15
3.86057e-14
0.0335106
-0.0187138
0.0132299
2.33363e-12
-2.7316e-13
1.23353e-13
-0.00962692
0.00678674
-0.00459517
1.77338e-11
-7.26529e-12
0.00388117
0.00135795
-0.00392478
-9.08066e-10
6.98135e-10
5.47866e-11
-3.56007e-11
-0.00115756
0.00312276
0.00129703
-0.00351212
-0.00163973
0.00358089
2.45212e-9
-1.38345e-9
0.00383815
-0.00505821
-0.00245244
0.00249282
8.72056e-9
7.64708e-9
-4.51854e-9
-0.000882638
0.000686958
-0.000435573
-2.58004e-8
1.63418e-8
-1.54809e-8
0.000270959
-0.000162936
-8.86037e-8
4.94859e-8
9.29767e-5
-6.46907e-5
4.40275e-5
5.75984e-7
-2.76463e-7
1.56855e-7
-2.66989e-5
2.22009e-5
-1.18447e-5
1.20081e-5
-3.22756e-7
1.62481e-6
-1.21187e-6
-7.37698e-6
5.93572e-6
-4.41626e-6
2.29312e-6
-1.42162e-7
-1.38469e-6
2.01161e-6
-1.95011e-6
1.56213e-6
-9.94395e-7
4.13486e-9
-4.9144e-9
3.42386e-9
2.6794e-9
-2.18483e-9
-7.90498e-10
7.89763e-9
-1.93699e-8
3.14908e-8
-3.87031e-8
3.78935e-8
-3.11917e-8
2.33842e-8
-1.49724e-8
-1.65809e-8
2.15496e-8
1.34841e-8
-1.33683e-8
1.18269e-8
-2.90776e-9
1.4643e-9
-6.45794e-10
-6.74115e-9
4.68281e-9
-3.21019e-9
-1.56958e-10
9.72608e-10
-1.90072e-9
2.72439e-9
-2.89354e-9
3.60836e-9
3.05803e-9
-4.56371e-9
-4.92655e-9
7.44037e-9
7.05113e-9
-9.04287e-9
7.67692e-10
-1.19999e-8
1.38056e-8
-1.35495e-8
1.22826e-8
-2.73715e-8
1.29467e-8
-1.21171e-8
5.9955e-8
-8.53821e-8
-6.06864e-9
9.8106e-9
-5.69018e-9
3.20715e-9
-7.08157e-10
6.05657e-8
-1.59479e-9
5.68853e-10
-1.62836e-7
1.8432e-7
-1.29732e-6
-5.32744e-11
-1.65507e-10
2.68712e-10
1.86846e-6
5.19716e-6
-1.02506e-5
-2.79737e-10
3.0195e-10
-2.59086e-10
0.00052076
-0.000249938
0.000235789
-0.00194804
0.00308356
-1.97207e-10
2.98969e-10
-1.42439e-10
-0.0104782
1.47969e-10
0.0286179
-1.53636e-10
-0.064358
1.64624e-10
0.114444
-1.59713e-10
-0.16259
1.31556e-10
0.187508
-8.93606e-11
-0.178981
4.90602e-11
0.14725
-2.15021e-11
-0.113208
7.81285e-12
0.074629
-2.29054e-12
0.0900913
-0.11345
-1.58806e-12
1.43892e-12
-0.0748878
0.073319
-0.0682563
0.0418383
-2.49441e-14
9.42543e-15
-1.72876e-13
-0.0312359
0.0223921
-0.0176493
-6.19762e-13
4.4175e-13
-6.37349e-14
0.0143192
-0.0109946
0.00772639
-2.17341e-11
5.20782e-12
-0.00566379
0.00466133
-5.56997e-10
-1.97945e-10
6.90058e-11
-0.00378408
0.00343356
-0.00318661
-3.23726e-9
1.5421e-9
0.00325865
-0.00225752
-1.04039e-8
5.89544e-9
0.00105977
-0.000586994
0.000337624
3.71438e-8
-2.11267e-8
1.52209e-8
-0.000190114
0.000105924
1.07049e-7
-6.48383e-8
-6.07164e-5
4.14513e-5
-3.05745e-5
-4.91528e-7
2.88451e-7
-1.74217e-7
2.75218e-5
-2.17317e-5
-1.5293e-5
2.27752e-5
-1.51618e-6
1.85396e-6
1.56459e-6
-1.35882e-6
7.53832e-7
-9.3543e-6
7.09062e-6
-5.00685e-6
3.22094e-6
-1.00058e-6
-1.36146e-6
3.08904e-6
-3.67597e-6
3.29611e-6
-2.58624e-6
1.70868e-6
-2.48423e-6
-1.40593e-10
3.39149e-9
-2.99049e-9
-1.80375e-9
4.90312e-9
-1.20102e-8
2.3035e-8
-3.50191e-8
4.27574e-8
-4.24612e-8
3.4198e-8
-2.33906e-8
1.66237e-8
-1.42065e-8
1.27735e-8
-8.7831e-9
3.21e-9
-2.27936e-9
8.25056e-10
5.71314e-9
-4.1527e-9
3.17283e-9
1.54115e-10
-1.06819e-9
2.06496e-9
-3.03022e-9
3.40302e-9
-4.19217e-9
-3.39697e-9
5.60145e-9
5.45611e-9
-6.1941e-9
-1.30822e-8
3.04364e-8
-1.39686e-8
1.11286e-8
-1.39687e-8
1.24998e-8
-6.23747e-9
1.96935e-8
-1.0454e-8
8.58226e-9
-1.36721e-7
3.79569e-7
7.22134e-8
-8.56172e-9
4.80819e-9
-2.10505e-9
-1.51571e-7
3.68118e-8
9.489e-10
-3.74781e-10
3.57864e-7
-1.45409e-6
5.81279e-7
7.38981e-11
7.06169e-11
-1.68138e-10
-4.90625e-6
2.29303e-5
-2.01992e-5
2.81439e-10
-3.2278e-10
2.47667e-10
-4.61373e-5
0.00215041
-0.0023475
-2.3703e-10
9.14775e-11
0.00715525
-1.16177e-10
-0.0199564
1.29007e-10
0.0471869
-1.4357e-10
-0.0898382
1.47489e-10
0.137784
-1.31041e-10
-0.170987
9.6732e-11
0.173471
-5.79702e-11
-0.143842
2.71214e-11
0.103011
-9.32346e-12
-0.0785286
2.30233e-12
0.0725835
-3.88423e-13
-0.0686947
0.0505848
-0.0369626
4.45305e-14
-7.24556e-14
1.91119e-13
0.0294153
-0.0229945
0.0194571
-1.30051e-12
6.5444e-14
-8.9392e-14
-0.0161582
0.0120295
-0.00783966
-7.69143e-13
2.41723e-12
0.00452928
-0.00318413
7.22262e-10
1.29575e-10
-1.8911e-11
0.00226304
-0.00203704
0.00182101
4.84703e-9
-2.138e-9
-0.00150855
0.00146559
1.4838e-8
-8.2038e-9
-0.000820312
0.000336445
-0.00013396
-4.14039e-8
2.12627e-8
-1.53835e-8
5.95882e-5
-2.80764e-5
-1.06498e-7
6.62226e-8
1.80152e-5
-1.8038e-5
2.45837e-5
4.29474e-7
-2.68129e-7
1.6847e-7
-2.70589e-5
2.01479e-5
-1.79337e-5
-1.58132e-6
1.06505e-6
-6.55412e-7
4.8715e-6
-3.87813e-6
3.00374e-6
-1.52584e-6
-5.55695e-7
2.91366e-6
-4.72168e-6
5.27734e-6
-4.46079e-6
3.07354e-6
-2.20475e-6
1.74019e-6
-7.58829e-10
4.40057e-9
-4.30987e-9
-5.38955e-9
1.06751e-8
-1.91175e-8
2.89894e-8
-3.64751e-8
3.74572e-8
-3.17374e-8
1.9617e-8
-1.30157e-8
-7.08038e-9
8.72311e-9
5.14404e-9
2.12767e-10
5.72083e-10
-2.04874e-10
-3.72479e-9
3.38253e-9
-2.48655e-9
-3.96467e-10
1.4144e-9
-2.35334e-9
2.6245e-9
-3.12692e-9
3.79385e-9
4.07295e-9
-2.86598e-9
-4.87528e-9
7.51502e-9
7.53842e-10
-4.27821e-8
4.68767e-8
-7.90192e-9
1.49032e-8
-1.00419e-8
-9.5925e-8
7.86187e-8
7.54485e-9
-5.75833e-9
-2.90506e-7
-4.4821e-7
-5.5724e-7
4.95586e-9
-1.78565e-9
2.36493e-10
6.09909e-7
-6.85807e-7
-5.45239e-11
2.20633e-11
4.19922e-7
6.28255e-7
4.67458e-6
2.6227e-11
-4.53932e-11
6.32348e-11
-1.14771e-5
3.27818e-5
-0.000156479
-8.69269e-11
3.69656e-12
-0.000918017
4.30836e-11
-0.000944753
0.00571223
-0.00670786
1.72248e-10
-1.97305e-10
0.012542
-1.13342e-10
-0.0299679
1.14833e-10
0.0595394
-1.1914e-10
-0.0972669
1.11441e-10
0.129639
-8.84143e-11
-0.139626
5.72387e-11
0.123654
-3.00406e-11
-0.0804803
1.14066e-11
0.0579703
-3.1499e-12
-0.0419277
0.0361854
-0.0293272
0.0260517
2.01657e-14
2.05253e-14
-3.45816e-13
-0.0256658
0.0185164
-0.0159175
4.47926e-13
-2.05974e-13
3.08494e-14
0.0128454
-0.0074727
0.00147101
1.0591e-11
-2.82101e-12
0.00372751
-0.000403797
-6.0541e-10
7.65912e-11
-3.5203e-11
0.00361049
-0.000363027
0.00144347
-7.21379e-9
2.70166e-9
-0.000309324
-0.000321199
-2.21753e-8
1.29759e-8
0.000426654
2.11102e-5
-0.000115212
3.02136e-8
-1.95919e-8
2.25242e-8
6.11408e-5
-3.71556e-5
8.36477e-8
-5.16038e-8
1.15416e-5
3.36341e-7
-5.63589e-6
-3.37402e-7
2.02527e-7
-1.25561e-7
-1.54339e-7
3.25512e-6
-6.95894e-7
4.30976e-7
-5.79073e-6
4.70094e-6
-2.05844e-6
2.92174e-7
1.57367e-6
-3.70816e-6
5.42873e-6
-5.95749e-6
5.15383e-6
-3.13075e-6
2.08564e-6
-1.38194e-6
9.95432e-7
1.34885e-9
-4.56889e-10
-3.21918e-9
3.01012e-9
-1.09212e-9
3.53342e-9
-7.48102e-9
1.22925e-8
-1.8747e-8
2.38564e-8
-2.61652e-8
1.96969e-8
-1.22982e-8
8.00281e-9
-6.03856e-9
-4.52374e-9
3.3302e-9
-3.60942e-10
-1.41825e-10
1.77662e-11
7.963e-10
-1.25393e-9
1.7283e-9
-2.08948e-9
1.62496e-9
3.88965e-10
-1.63948e-9
4.20346e-9
-1.52105e-9
2.21708e-9
-2.64113e-9
-1.04384e-8
1.93039e-8
3.09265e-9
-3.61139e-9
3.81195e-8
-2.65753e-8
-9.06191e-9
3.86607e-9
-8.27625e-8
1.52008e-7
1.73836e-7
-1.83711e-9
-4.19537e-7
6.25964e-7
1.04875e-6
-9.62344e-11
-1.55461e-6
1.5454e-6
2.23865e-10
-8.67248e-11
-1.84859e-6
2.38708e-6
-1.39509e-10
6.59483e-11
-2.39512e-6
-1.00292e-6
-6.80366e-6
-3.8744e-11
2.02934e-11
-2.04187e-11
6.95273e-6
-4.44335e-5
8.86608e-5
3.44932e-11
-2.65597e-11
-0.000425621
0.000924215
-4.94795e-11
5.75019e-11
4.04539e-11
-4.26367e-11
0.000436792
-0.00675454
0.00785987
1.38717e-10
-8.84022e-11
-0.00731067
6.30435e-11
0.017609
-8.96211e-11
-0.03355
8.85724e-11
0.0571869
-8.38811e-11
-0.0788529
6.81746e-11
0.0920291
-4.7727e-11
-0.0730338
2.3199e-11
0.0490013
-6.9756e-12
-0.0345914
1.28343e-12
0.0284638
-0.0173627
0.0236486
0.00923634
8.16593e-14
3.50755e-13
-2.78677e-14
8.96972e-14
-4.44658e-13
-0.0137642
-1.20364e-14
0.0162016
-0.0102322
0.00818416
6.81727e-13
-1.51806e-13
5.90119e-14
-0.00642567
0.000141053
0.00741558
2.92336e-12
-1.62424e-12
-0.0127758
0.0134417
-0.00537569
-1.85604e-11
4.19845e-12
-0.00941761
0.00805543
-0.00334576
-2.12534e-10
-0.00353977
0.00222223
-0.000694641
-1.59516e-10
0.000984516
-0.000755914
0.000414993
-1.79968e-8
7.96744e-9
-7.71101e-10
-4.60924e-10
-0.000163311
6.10053e-5
-5.20119e-8
3.29427e-8
-1.51687e-5
1.77885e-6
1.80744e-6
1.94469e-7
-1.01934e-7
5.74084e-8
-6.60118e-7
-1.96973e-6
1.80001e-6
-1.20569e-6
6.98981e-7
3.88253e-6
6.95646e-7
1.03906e-6
-5.36337e-7
1.52317e-7
-1.83137e-7
-1.38152e-6
4.4053e-7
7.15721e-7
-1.90048e-6
3.57537e-6
-4.80767e-6
5.3741e-6
-3.95687e-6
2.53982e-6
-1.53292e-6
-5.60052e-10
-3.77824e-9
4.26335e-9
6.71719e-9
-6.66069e-9
9.95045e-9
-1.18848e-8
1.26151e-8
-9.08433e-9
5.14225e-9
2.05771e-9
-1.34606e-9
-8.65669e-10
1.02863e-10
-5.50908e-10
3.06773e-10
3.02561e-10
8.03589e-10
-4.51679e-10
-6.84085e-10
-2.11303e-10
-4.61112e-11
-1.17759e-9
8.25664e-10
1.43614e-9
5.05652e-10
-5.37584e-9
-1.5639e-9
1.47574e-9
3.02428e-8
1.62059e-8
-2.13554e-8
-8.93445e-10
2.47358e-9
-6.81031e-10
6.23017e-8
-1.38274e-7
-3.56159e-10
4.09109e-10
1.19024e-9
-2.43113e-10
3.7325e-7
-7.10266e-7
-4.70639e-10
2.23251e-10
4.21747e-10
-1.34053e-11
1.36326e-6
-2.23456e-6
-3.46996e-11
-4.84552e-13
3.13762e-6
-5.71542e-6
-1.5491e-11
1.16378e-5
7.12798e-13
-2.75659e-5
5.85311e-5
3.26082e-12
-1.23771e-6
-2.42211e-12
0.000129227
-0.000303203
0.000822977
-4.96783e-11
2.58512e-11
0.00276498
-4.97696e-11
0.00192214
-0.00846359
0.00696587
-7.90516e-11
1.22055e-10
-0.0137829
1.18724e-10
0.0164043
-6.86386e-11
-0.0287449
6.00156e-11
0.0374854
-4.6345e-11
-0.0428019
3.01647e-11
0.0327563
-1.4045e-11
-0.0199829
3.8007e-12
0.00591554
-0.00956029
0.00487804
-0.00299185
6.6791e-15
-2.20909e-14
6.34493e-13
0.00358676
-0.00608258
0.00243252
0.00165542
0.000585682
2.6603e-14
-2.10205e-14
0.00509186
-0.0120711
-8.77186e-13
3.57327e-13
0.018473
-0.0144484
5.95587e-12
8.82969e-13
0.0112527
-0.00705602
1.71726e-11
1.26579e-11
-8.36895e-13
-6.37628e-12
0.00349898
-0.00183072
-2.25789e-10
1.09776e-10
1.48198e-10
-6.45959e-11
0.000839586
-0.00109154
-0.000661998
5.69784e-10
1.28472e-9
-5.81099e-10
0.000222793
-2.33232e-5
9.95169e-9
-4.36665e-9
9.42681e-6
-1.77855e-8
1.1605e-6
-7.71769e-7
3.14726e-8
-1.90435e-8
2.92572e-8
4.3796e-7
-8.55234e-7
-1.33836e-6
1.38243e-7
-2.49436e-8
3.41775e-8
-7.13586e-8
1.37746e-6
-3.12517e-7
-1.38132e-6
1.61888e-6
-3.00867e-6
3.52338e-6
-3.44243e-6
2.70068e-6
-1.50148e-6
2.46777e-7
-3.56539e-7
-1.36524e-9
1.48504e-9
-1.00423e-9
-6.19232e-9
4.5067e-9
2.92364e-9
-3.87729e-9
4.47348e-9
-5.77891e-9
4.02595e-9
-2.11168e-10
3.05984e-10
2.41657e-10
3.09494e-13
-2.83129e-11
-1.57529e-11
2.5023e-10
-1.60644e-10
4.4537e-11
-7.60598e-10
9.19586e-11
-8.46116e-11
2.07831e-10
2.12589e-10
-1.98612e-10
1.25112e-11
-1.88764e-10
1.78445e-14
2.86904e-12
3.04738e-11
2.99461e-10
-4.95479e-10
-7.92393e-10
4.12857e-10
8.31429e-10
-4.46586e-11
7.22796e-10
-3.10729e-10
-5.63771e-10
3.60758e-11
-4.22565e-9
2.80988e-10
1.20441e-10
-1.45336e-8
1.54255e-8
-7.73304e-11
3.95145e-11
-1.41568e-7
2.16426e-7
-1.75909e-11
-1.79599e-11
-5.95086e-7
1.65078e-6
9.62125e-12
-3.42068e-6
8.88936e-6
-5.29516e-13
2.45194e-12
2.30359e-6
-8.53203e-6
-4.38545e-12
1.36342e-12
-2.01327e-12
3.66104e-5
-6.70576e-5
6.29513e-5
-9.456e-5
-9.20096e-14
-6.56335e-13
-4.0864e-13
-9.75552e-13
3.86695e-12
-0.000105138
0.000377058
-0.000559745
-1.48602e-11
2.82539e-11
0.0015024
-0.00303047
1.06856e-10
-8.02375e-11
-4.98288e-11
0.00237934
-4.99473e-11
0.000708092
-0.00795846
0.0117367
-1.32062e-10
9.68731e-11
-0.00683968
3.57012e-11
0.01098
-3.52749e-11
-0.013843
3.17139e-11
0.0195191
-1.96183e-11
-0.0141743
9.75264e-12
-0.00108458
0.000661517
0.000186573
-0.00138649
-0.000852342
-1.08404e-13
-2.04364e-13
2.85716e-13
-2.51055e-14
-9.88105e-13
0.00121161
-1.0922e-13
-0.0015791
0.000336076
-0.00112552
0.000170833
1.07857e-14
3.72358e-14
1.79093e-14
-4.47433e-14
-6.48467e-14
-0.00238907
0.0057947
-0.00639508
-0.0087909
0.010794
4.12702e-14
-5.67283e-14
2.24359e-14
-1.50231e-16
-0.0125555
0.00864531
-1.30207e-12
1.11998e-13
-0.00487529
0.00315055
-9.38438e-12
4.66477e-12
-0.000820474
0.000515917
-1.55937e-10
5.65433e-11
3.09077e-5
3.50864e-5
-1.41211e-9
4.74697e-10
-4.10511e-5
2.94226e-9
9.57656e-6
-2.60667e-6
6.01896e-7
-1.26641e-6
-1.84777e-7
1.02406e-8
1.19213e-8
-5.80931e-9
2.54825e-9
-5.39896e-9
-1.33665e-7
4.68751e-8
6.31284e-8
1.71976e-7
-2.84083e-7
-8.95595e-9
-1.51362e-8
8.85349e-9
-1.11167e-8
4.71505e-7
1.91489e-6
-1.29839e-6
-6.17152e-7
-7.07667e-7
-4.22227e-8
1.05928e-8
-1.95608e-8
4.41669e-9
-8.0864e-7
1.5159e-6
-1.18738e-6
2.20785e-6
-2.8092e-6
2.51528e-6
-1.77359e-6
-4.55635e-7
3.09126e-7
-5.6462e-10
1.06172e-9
9.96388e-10
-1.8818e-9
2.78862e-9
-1.94558e-9
-1.7934e-9
2.57314e-9
-1.20105e-9
-1.58617e-9
1.20287e-11
-7.87283e-11
3.59824e-12
2.0283e-10
-2.203e-10
-1.8957e-11
1.22131e-11
-4.20355e-11
-7.30366e-11
3.34064e-11
5.92712e-11
-8.99743e-12
-1.00463e-11
1.4555e-10
-5.84527e-11
-1.43267e-10
1.42075e-10
-8.17267e-10
3.73108e-11
-2.73271e-10
1.05062e-10
2.11023e-10
-6.45331e-11
3.10332e-9
7.20994e-10
-1.32834e-10
3.79865e-11
5.85012e-11
1.7114e-10
3.73101e-8
2.9503e-12
-3.21762e-8
4.37807e-8
1.41527e-7
-3.83047e-12
-1.42054e-7
1.42037e-7
1.96696e-7
-8.48727e-7
2.92126e-12
-2.0113e-12
-7.12378e-8
6.34629e-8
1.22046e-12
-5.60163e-13
1.09283e-12
4.66014e-7
-2.74666e-6
3.63798e-13
9.02475e-6
-2.45378e-13
-1.15955e-5
1.75609e-5
-5.51714e-13
-7.62825e-5
-6.4968e-13
-6.57886e-5
0.000433906
-0.000361906
2.80592e-11
-2.75199e-11
8.0189e-5
-0.00202165
1.00671e-10
-4.76517e-11
-3.83867e-11
0.00331437
-0.00178721
-2.79602e-11
-4.486e-5
0.00500397
-0.0076713
4.83671e-11
-3.9755e-11
0.00520082
-2.90871e-11
0.00417395
-0.00888471
0.00551217
0.000304344
-8.52348e-5
-0.000141601
1.46189e-13
2.44966e-12
1.27866e-12
-1.46848e-12
-7.98017e-12
0.000352525
-7.27443e-13
-0.000147507
0.000374574
0.000215005
-0.00115343
0.00166306
1.58303e-13
2.0808e-13
-0.00385361
0.00592768
-3.99466e-15
-1.89392e-14
-0.0071013
0.00901154
0.00452688
-0.00494546
2.73373e-13
-8.4483e-14
-1.20909e-13
3.16979e-14
-0.00351504
0.00331921
-0.00239022
-6.45673e-13
-0.00138262
0.000975821
-0.000843685
-3.35769e-12
-0.000104458
4.09353e-5
-0.00010293
-3.91456e-11
2.65797e-5
-1.5533e-5
4.40715e-6
-2.82511e-7
3.96207e-8
-1.22462e-9
-7.47721e-10
2.42355e-10
1.41558e-10
2.47485e-10
-1.15891e-7
1.68786e-9
-1.74862e-8
5.84157e-9
-2.05628e-9
9.73492e-10
-2.90095e-9
-4.56993e-7
4.62413e-7
1.31133e-6
-7.6543e-7
-4.17504e-8
4.0432e-7
-6.59325e-8
2.18508e-7
-4.40371e-8
2.44247e-8
-3.19748e-9
6.85839e-9
-1.87623e-7
2.68916e-6
-3.55608e-6
2.44868e-6
1.40279e-6
-1.8122e-6
1.32813e-6
8.16671e-10
8.74764e-11
-6.95542e-10
-7.7859e-10
7.92639e-10
8.11958e-10
-6.84883e-11
2.53786e-10
3.52338e-10
4.6147e-11
-3.57667e-12
5.43637e-11
3.73672e-11
-4.78127e-11
-2.21239e-10
-5.30177e-11
-1.10034e-10
-4.63817e-11
2.49914e-11
-1.35872e-12
-3.39008e-12
-1.82103e-11
2.53607e-12
6.05316e-12
-1.82253e-11
1.24901e-13
-1.52111e-11
1.73424e-11
-4.04275e-12
4.57568e-11
-1.22404e-11
7.99985e-11
3.95576e-12
-2.87557e-11
5.85127e-12
1.42918e-11
-6.95783e-10
-2.04902e-10
3.01836e-10
-3.70898e-12
-1.37993e-12
-4.8117e-12
-4.18817e-10
5.23259e-9
-8.19545e-13
1.6177e-12
-9.5797e-13
-2.00782e-13
5.17326e-9
4.06845e-10
7.13269e-13
4.65521e-14
3.1309e-12
-4.7661e-13
3.03511e-8
-5.44144e-8
-1.26849e-12
1.24807e-13
-4.55383e-13
3.45285e-13
3.83688e-8
-4.34884e-8
-2.42935e-13
-1.86261e-7
1.78167e-6
1.38723e-13
-8.02424e-14
-1.99948e-7
4.78646e-7
2.12171e-13
-1.25291e-14
1.62452e-7
1.09115e-5
6.95996e-14
-4.97206e-13
-4.64327e-6
2.46722e-5
6.20918e-12
-1.81299e-12
-0.000122747
5.98454e-12
4.82033e-5
8.45045e-5
-6.50656e-5
2.34724e-11
-1.36542e-11
0.000349158
-0.00140067
3.85399e-11
-1.81055e-11
0.000308421
0.00108998
3.22268e-11
-2.76189e-11
-1.31198e-13
8.24988e-12
-0.00213804
0.00222316
2.9414e-11
-0.00254572
-0.000869488
0.000232382
0.000391979
-0.00123218
-6.51505e-12
-1.21015e-11
1.28554e-11
4.71539e-12
-3.44639e-12
8.45693e-12
2.49594e-11
0.000135962
3.09885e-12
-4.71039e-5
-2.26089e-12
3.15099e-5
-3.58852e-5
0.000125351
-0.000190919
-0.000269628
0.000598643
-4.76291e-13
-4.68091e-13
1.24961e-12
1.43243e-12
-0.00104259
0.0021461
0.00138996
-0.00313504
2.7695e-14
7.98202e-14
-1.20925e-13
-2.94494e-13
0.00362566
-0.00168287
4.73495e-14
-2.393e-15
0.00112907
-0.000922647
6.84237e-13
3.44066e-14
1.08514e-13
-1.45568e-13
0.000213515
-0.000213247
4.82151e-12
-8.96218e-13
-1.03421e-12
-1.01233e-13
-0.000109324
2.70872e-6
1.62274e-11
1.76497e-12
5.45355e-12
-1.80814e-12
-1.22675e-5
1.04845e-5
5.73464e-6
-9.9728e-11
-8.75603e-11
3.3854e-11
-1.6932e-6
5.48706e-12
2.98128e-7
-9.62227e-8
-1.91538e-8
2.06164e-8
-3.65913e-10
-1.65701e-10
-7.0325e-11
1.68565e-10
-1.08846e-8
-2.94094e-8
9.59697e-8
1.0553e-7
-2.06108e-10
1.46291e-9
1.12944e-9
-4.98143e-10
-1.98832e-7
3.35489e-7
-1.01491e-7
-8.58744e-9
5.71108e-8
2.024e-7
-4.44258e-7
-2.39204e-6
9.99704e-7
-1.12795e-6
3.68933e-7
-7.67062e-7
-1.25645e-7
5.59991e-8
2.34092e-8
-1.12329e-8
2.43242e-6
-2.39308e-6
-2.32778e-11
-1.04127e-12
-2.72646e-10
-2.16662e-11
-1.8487e-12
1.63865e-11
1.23277e-11
2.2015e-11
3.57494e-11
1.01777e-11
-1.10495e-11
9.33432e-11
-2.12322e-11
1.45475e-11
3.41602e-11
-5.86534e-12
-9.90258e-12
-6.80092e-13
1.46947e-12
2.68432e-12
-1.29135e-12
2.19496e-12
-2.45475e-13
1.08112e-12
-3.33708e-13
2.38997e-12
-3.14034e-13
-1.05799e-11
-7.1789e-13
1.41069e-12
-4.42066e-13
-6.07319e-13
-1.10436e-13
-1.5508e-12
-1.75088e-13
5.65315e-11
-7.94484e-13
-3.33753e-13
1.85011e-13
-1.98918e-10
5.46162e-10
-2.82188e-9
4.03596e-13
1.16602e-9
-1.0796e-9
-1.0166e-8
5.13871e-14
8.88774e-9
-1.07539e-8
-4.44954e-10
1.18661e-13
5.84072e-9
-7.35768e-9
-2.38498e-8
7.48056e-8
-9.72787e-14
5.24406e-14
8.38e-9
-1.12597e-8
-2.60436e-14
-7.14738e-15
-1.30027e-8
3.98318e-7
1.35102e-14
-4.56082e-14
-1.6173e-7
8.73101e-7
3.09149e-13
-7.20366e-14
-2.84524e-6
4.07373e-6
2.67337e-13
-3.95672e-13
-1.07331e-8
-1.34026e-7
-7.63364e-13
-5.46913e-13
-2.58275e-5
-2.11082e-5
3.72032e-12
-4.60913e-5
-3.81664e-5
-9.48373e-5
-6.82083e-12
5.60587e-12
-2.61701e-5
2.0505e-5
-3.05743e-11
2.2172e-11
3.41232e-5
3.7436e-5
-2.77893e-11
2.36635e-11
-1.1705e-11
-0.00030517
0.000873835
-1.63655e-11
8.89511e-12
8.6954e-5
-5.92114e-12
-6.2829e-5
3.65626e-12
1.87557e-5
-0.000107651
1.92563e-5
1.65718e-5
-5.30527e-5
-3.62491e-5
0.000104262
-3.04343e-12
-2.47712e-12
6.28185e-12
5.21351e-12
-0.000160038
0.00043558
0.000192521
-0.000549622
4.56125e-13
9.33111e-13
-1.47813e-12
-2.59648e-12
0.000480404
-0.00127174
-0.000258397
0.000229799
-3.39982e-14
-3.66999e-14
7.37613e-14
1.66093e-13
0.000601215
-0.000545723
0.000403639
2.91976e-14
0.000369315
-0.000293707
0.000272249
1.97633e-14
6.54386e-5
-5.17943e-5
8.88445e-5
6.67269e-13
-1.27968e-5
5.31774e-6
2.34899e-7
-4.32271e-12
-3.96525e-7
9.34689e-8
2.94535e-7
-5.02454e-8
-3.13655e-11
5.73209e-11
2.3323e-11
8.27917e-12
2.24966e-8
-5.21579e-9
-1.48315e-9
6.8169e-9
7.49761e-10
-2.20308e-9
-9.00865e-10
2.43621e-10
-7.9441e-9
-6.81773e-9
-2.20691e-8
6.07693e-8
1.644e-9
-1.04365e-8
4.79357e-9
-2.8841e-9
-7.91613e-8
-2.30749e-7
6.46455e-7
2.75107e-6
-2.16881e-6
1.43742e-6
-2.29369e-6
-1.31679e-6
1.77733e-6
9.71954e-7
-5.22789e-7
-2.46983e-7
1.59481e-7
-7.82768e-8
3.81372e-12
2.74472e-11
-1.98803e-11
-6.01158e-12
-1.63468e-11
-5.33708e-12
5.67224e-12
-2.53876e-11
-1.3928e-12
-2.71234e-13
-3.3449e-12
1.80508e-12
1.21457e-12
-1.56455e-14
-3.00461e-13
-3.66954e-13
8.90749e-12
-3.27692e-12
-2.37113e-13
-2.5162e-13
-8.42538e-14
-4.04722e-14
8.72248e-14
-6.98494e-14
9.61402e-13
1.84681e-13
1.08992e-13
8.31933e-14
-2.46903e-14
1.38132e-13
-2.81413e-14
2.64484e-11
-1.09788e-11
-6.42112e-13
-1.311e-14
-1.66571e-14
6.66525e-13
-1.42698e-13
7.09275e-11
-3.99011e-10
-2.37736e-13
5.70652e-14
-1.01486e-13
5.1742e-14
4.55861e-12
-8.26012e-10
5.97163e-15
-5.55797e-15
3.01948e-15
-5.9203e-16
-2.02805e-9
4.00409e-9
-2.84919e-14
1.22503e-15
-7.64325e-14
1.87373e-14
-2.44325e-9
3.15867e-9
7.33304e-14
-2.02583e-14
-1.51087e-14
-5.78998e-9
2.6777e-8
8.07841e-15
-2.93234e-15
-4.7188e-9
2.49909e-8
1.2848e-14
-2.24553e-15
-9.45865e-8
1.86855e-7
1.13938e-14
-3.2465e-14
1.46718e-8
-1.15924e-7
7.56562e-14
-2.34251e-14
5.13029e-7
-3.77684e-6
1.36943e-13
-3.30361e-13
-3.07213e-7
3.73302e-6
-1.10137e-5
2.89181e-5
-2.33657e-12
-6.47683e-13
1.74969e-13
6.91144e-14
2.02423e-12
1.8862e-5
1.7027e-5
-2.44159e-12
1.96e-5
-1.94425e-5
8.38296e-5
-2.09222e-6
4.14737e-6
-7.65644e-6
1.34544e-5
4.49897e-6
-1.24022e-5
7.16863e-12
6.46665e-12
-7.20135e-12
-1.22306e-11
2.01972e-11
-2.29147e-11
-6.91511e-12
-3.13087e-6
1.29168e-5
-1.56869e-5
5.26143e-5
1.66164e-5
-5.9953e-5
4.18693e-12
6.43212e-12
-1.03818e-11
-1.3952e-11
5.26221e-5
-0.000167308
-5.35491e-5
0.000133155
-2.09976e-13
-6.29806e-13
7.30722e-13
2.05189e-12
-0.000251138
0.000174743
-9.51086e-15
5.26686e-14
-5.01715e-14
-2.00054e-13
-0.000106995
8.08115e-5
-1.53963e-13
-3.64503e-15
7.46798e-14
1.58805e-13
1.13248e-5
4.72785e-6
-4.40976e-13
8.8309e-14
1.57887e-13
-4.56962e-13
1.37085e-5
-2.56523e-6
-3.97684e-12
3.2268e-12
9.66417e-12
-5.05661e-12
-7.5375e-7
3.08343e-7
4.40354e-12
-4.18668e-11
-2.65993e-8
3.41725e-8
5.64761e-9
-4.83926e-9
-2.07797e-10
7.67055e-10
2.70609e-10
-8.20833e-11
4.00609e-10
-6.06263e-10
7.67498e-10
2.41395e-9
5.75583e-9
-1.27929e-8
-8.06883e-9
2.87259e-9
-9.52151e-9
7.59014e-9
-3.21772e-8
1.98112e-9
6.2485e-8
1.30383e-7
-6.47441e-8
1.56228e-7
-5.10436e-8
4.92346e-8
-1.93287e-9
-5.04615e-9
-4.35848e-7
1.13567e-6
-1.08941e-6
1.05216e-6
-9.47832e-7
6.17179e-7
3.47225e-12
2.4925e-12
-1.57979e-12
5.61945e-12
3.24004e-12
-1.60487e-13
-3.579e-13
8.10121e-14
4.82545e-14
-1.26243e-12
1.28296e-12
-9.2566e-13
-6.00803e-13
2.53357e-13
-1.02527e-12
-1.51446e-12
-2.75255e-13
1.83018e-13
-4.96063e-13
1.74164e-13
2.10651e-13
2.32668e-14
1.70155e-14
-2.67572e-14
2.58166e-13
-1.34522e-14
-1.40696e-13
-9.8695e-15
-4.6029e-15
-3.70138e-15
5.99337e-15
4.07859e-12
-1.90254e-11
-1.25647e-12
-6.58263e-14
9.11796e-15
-2.04196e-15
2.93161e-14
-4.97618e-15
8.04201e-11
4.44551e-12
-1.37919e-15
-1.71233e-15
-1.024e-12
-1.95998e-10
9.01752e-10
-1.17278e-14
-6.20248e-10
8.10556e-10
-1.32234e-10
-3.05185e-16
-6.32195e-10
8.90175e-10
-2.39427e-10
4.49007e-10
-4.64579e-15
4.20486e-15
-2.25053e-10
7.48229e-10
-1.98539e-15
-1.01888e-15
-2.25467e-9
3.26001e-9
1.19974e-15
-1.75872e-15
1.41016e-9
-6.23342e-9
5.00533e-15
-8.56853e-16
1.76527e-8
-1.60603e-8
4.92032e-15
-1.91473e-14
-1.35629e-8
1.30395e-7
-2.00403e-15
1.10018e-14
-1.29315e-6
1.44078e-6
2.62678e-14
-4.44972e-6
8.55142e-13
2.07182e-7
2.70705e-7
2.90309e-6
-8.58562e-6
3.46375e-12
-1.1801e-12
-6.30242e-13
-1.64596e-13
-7.04665e-7
5.0974e-6
1.27699e-12
4.75889e-12
-8.93085e-12
3.30429e-6
-1.8429e-5
2.1672e-12
-1.10294e-11
5.08075e-12
4.36387e-6
-8.62431e-6
-2.95286e-12
1.16526e-11
-3.41126e-12
5.56228e-7
5.48677e-7
-1.12394e-12
-3.02779e-12
4.6362e-12
-4.60565e-7
1.06523e-6
1.31586e-11
-5.0316e-12
-8.28955e-7
2.32239e-6
-1.16373e-6
-8.44034e-7
3.83668e-6
8.48311e-7
-4.00799e-6
2.20829e-11
2.34292e-11
-4.13897e-11
-4.74437e-11
4.05883e-6
-1.51697e-5
-6.13256e-6
1.97829e-5
-2.30734e-12
-5.86561e-12
6.77864e-12
1.45748e-11
-3.34504e-5
8.69533e-5
2.10989e-5
-2.32601e-5
5.98275e-13
3.27417e-13
-7.39223e-13
-8.60745e-13
-5.65752e-5
5.82869e-5
-3.83363e-5
-4.64618e-13
-2.6961e-5
2.8288e-5
-3.09526e-5
-2.12509e-14
3.62929e-6
1.82844e-6
-3.88221e-6
2.15514e-12
9.61925e-7
-6.93776e-8
-2.01878e-7
2.57758e-8
1.24192e-10
-5.00499e-10
2.22203e-11
8.90802e-12
-6.63842e-9
4.62876e-9
1.29787e-9
-6.05073e-10
-2.52373e-9
7.33396e-9
1.98114e-9
-7.61851e-10
-3.88234e-10
-9.86047e-10
1.06201e-9
-9.69607e-9
2.38195e-8
-3.67012e-8
-4.37239e-8
1.99237e-8
2.58541e-8
-1.11059e-7
1.51084e-7
-2.9606e-7
3.21681e-7
4.6013e-7
-6.49439e-7
-5.98869e-7
7.83489e-7
6.64184e-7
-8.14383e-7
-5.68877e-7
6.75998e-7
3.15586e-7
-4.14554e-7
1.34869e-7
-8.52849e-8
4.22772e-8
-4.07313e-13
-1.50252e-13
3.30348e-13
2.65259e-13
1.92496e-13
2.33081e-14
1.50086e-13
5.01487e-13
2.57186e-13
-7.5076e-14
5.73432e-14
-5.59309e-14
-6.59567e-14
-2.22931e-15
2.27192e-14
7.57915e-14
2.53977e-14
-6.20257e-14
1.8797e-14
-4.91867e-15
3.03243e-15
8.60656e-16
4.89338e-16
2.4336e-13
-5.63973e-13
-1.02973e-13
-4.25035e-15
-7.21796e-16
-5.67502e-17
-5.45839e-16
6.37487e-16
-1.38648e-11
1.83008e-12
3.59147e-13
1.58957e-15
-4.35563e-16
-5.26793e-15
5.33971e-12
-6.24851e-11
2.50304e-10
4.15471e-15
-4.51907e-16
2.01563e-15
-1.53885e-10
2.05195e-10
4.49681e-11
-3.3247e-17
-2.97207e-16
-7.64556e-16
-1.71763e-10
2.43644e-10
-9.70005e-11
1.01991e-15
-1.85853e-16
2.85248e-16
-6.81724e-11
1.11948e-10
-9.24977e-11
-4.94423e-11
-9.93308e-18
3.87021e-17
-8.67372e-11
-4.71914e-10
3.71971e-17
1.11103e-16
-2.73497e-10
2.55119e-9
1.1596e-16
-1.14463e-15
-9.56037e-10
-2.64928e-9
3.69254e-15
-1.664e-15
-9.59363e-9
-6.31256e-8
3.98481e-7
-1.19855e-14
-4.75507e-14
-3.42812e-7
-1.81222e-13
6.40408e-14
8.44483e-8
3.42891e-8
-7.28203e-14
5.08482e-14
-4.34163e-8
-5.70569e-7
-3.01156e-13
-1.3228e-7
-4.68168e-7
-1.449e-6
-6.27371e-7
2.82186e-7
2.53678e-7
-2.86103e-7
8.06611e-8
-2.38839e-7
7.20938e-7
-7.81538e-11
-3.97383e-11
5.25005e-11
6.73921e-11
6.85658e-11
1.98357e-11
-1.47078e-7
3.41854e-7
-1.18189e-6
-3.06612e-7
1.68992e-6
-1.76246e-11
-3.13202e-11
3.78744e-11
5.78353e-11
-2.79872e-6
8.53979e-6
1.49362e-6
2.80193e-7
1.96451e-12
1.90899e-12
-1.66528e-12
-5.41985e-12
-8.04126e-6
9.11539e-6
1.03751e-7
2.53163e-12
-1.84766e-12
1.15247e-12
-2.18198e-5
2.00036e-5
-1.57145e-5
1.03058e-11
-1.44629e-11
9.0793e-12
-8.22254e-6
9.01347e-6
-1.04187e-5
2.2715e-11
-4.60581e-11
3.47143e-11
1.30324e-6
4.51318e-7
-4.2432e-7
2.37147e-7
-1.16008e-10
1.10097e-10
8.61939e-8
5.73991e-9
-2.2525e-8
3.37672e-9
1.30644e-9
-3.88395e-9
-3.0874e-10
2.91371e-10
-1.76849e-9
-9.64696e-10
6.59768e-10
7.36011e-10
-1.94183e-8
5.50444e-8
3.81246e-9
-3.97866e-9
7.74999e-9
-2.7835e-9
-4.96242e-9
1.28667e-8
-5.88324e-9
-1.20509e-7
-3.06609e-8
-4.28668e-9
1.44463e-7
-1.15706e-7
3.92173e-8
8.03373e-8
1.81819e-7
-3.12045e-7
4.35362e-7
-5.01217e-7
4.46994e-7
-2.93868e-7
-9.61418e-14
-4.12167e-14
-1.93903e-14
-1.30516e-13
-1.30793e-13
-2.45478e-14
3.94174e-14
-2.35467e-14
-8.86271e-14
1.22333e-14
2.54487e-14
3.21313e-14
2.47677e-14
4.9006e-15
2.85245e-14
5.02441e-14
2.55961e-14
-1.2077e-14
3.38922e-15
-3.89282e-15
1.91883e-15
-1.88995e-16
2.43052e-14
-4.41323e-15
6.70857e-15
-9.94009e-15
6.46851e-15
8.1596e-16
3.75728e-18
-1.87377e-16
4.55131e-17
-9.96981e-13
-1.32703e-13
-9.96713e-13
8.11201e-15
6.43105e-15
-6.2565e-17
3.10653e-17
1.03215e-16
1.41517e-12
-1.77412e-11
6.52196e-11
3.82127e-16
-1.9662e-16
-7.88065e-16
-3.32944e-11
4.71728e-11
1.17175e-11
1.91019e-16
1.46098e-16
1.15802e-18
-4.1312e-11
6.50386e-11
-2.79126e-11
1.1565e-16
-3.39982e-17
-2.02946e-16
-1.88561e-11
2.5512e-11
4.45411e-12
1.93681e-17
1.53616e-16
1.79632e-17
-5.44717e-11
-4.10944e-10
4.74077e-10
-4.16216e-10
7.38293e-10
-1.51439e-16
-8.10523e-16
1.67936e-15
-2.73966e-10
-1.86388e-9
2.74791e-9
-2.40147e-9
1.68155e-8
-4.27162e-15
7.39579e-15
-1.22647e-8
3.49857e-14
-1.53962e-14
1.20933e-9
-3.73592e-9
-1.04833e-13
3.18316e-13
-2.93967e-8
-1.62072e-8
9.16441e-8
1.55063e-13
4.07277e-13
-3.30527e-8
1.08592e-7
2.51627e-12
-3.85703e-12
-1.75346e-8
6.48534e-8
2.29615e-11
-1.21641e-11
-7.49221e-8
3.63329e-7
-4.20079e-11
2.35963e-11
-1.24376e-7
3.308e-7
4.15453e-11
-2.35921e-11
-5.52445e-8
3.6984e-8
-9.543e-12
5.29703e-12
5.20958e-8
-1.51954e-7
-3.64035e-11
-3.03962e-8
-3.99705e-8
7.69853e-8
-8.06609e-9
2.83392e-8
-1.08442e-7
1.01868e-10
1.08775e-10
-8.85825e-11
-6.69485e-11
-1.35902e-10
-1.00277e-10
-1.64743e-8
9.33842e-8
3.88451e-8
-2.45261e-7
5.6733e-7
2.80953e-7
7.17587e-14
1.80207e-11
-3.78834e-11
-7.38097e-7
8.04417e-7
7.85897e-7
2.70253e-12
-6.68126e-12
6.955e-12
-3.56682e-6
3.41498e-6
3.16523e-7
9.51528e-12
-3.49321e-11
2.41044e-11
-7.62415e-6
6.8279e-6
-5.62745e-6
2.45887e-11
-1.10758e-10
9.07311e-11
-2.40158e-6
2.46761e-6
-3.21024e-6
4.0041e-11
-3.31086e-10
2.80954e-10
2.5116e-7
5.19442e-8
-5.90979e-8
-4.05103e-8
-8.91807e-10
8.63166e-10
-1.25068e-8
3.29733e-8
1.56518e-8
-6.36786e-9
3.42326e-9
2.40814e-9
9.3605e-9
-8.41248e-9
2.71376e-9
-8.67292e-11
-7.79126e-10
1.55265e-9
-2.92922e-10
-2.15887e-9
1.0165e-8
1.39715e-7
-2.07752e-7
-8.11175e-8
7.18718e-8
-1.08065e-7
-2.68871e-8
1.11703e-7
-8.76322e-8
2.71441e-8
-1.22292e-7
2.28381e-8
1.59783e-7
2.85107e-9
-2.35312e-7
-2.59138e-8
2.79182e-7
-3.97881e-9
-2.35963e-7
1.07677e-7
1.15058e-7
-1.6955e-7
-1.14392e-14
-1.17175e-14
-1.55357e-15
-6.39821e-15
-1.53046e-14
-1.53256e-14
-1.19555e-15
2.67722e-15
-1.89565e-15
-5.89497e-15
-1.65515e-15
1.68692e-15
5.8554e-16
5.36094e-15
1.62972e-15
1.54756e-16
4.17613e-15
5.16034e-15
3.97064e-15
-5.34104e-16
-3.84853e-16
2.3136e-16
7.45111e-17
-1.61136e-16
2.41572e-17
1.725e-13
5.85859e-15
-4.23766e-14
-4.27368e-16
5.58769e-17
-2.26568e-17
5.00683e-17
1.40266e-17
4.82687e-17
1.33192e-16
-1.51916e-12
1.32601e-11
1.74893e-14
1.78369e-13
-2.09554e-17
7.3269e-18
4.94263e-17
-1.00066e-16
-6.5866e-12
8.76814e-12
2.95943e-12
5.17754e-19
2.85448e-17
-5.3169e-17
-8.017e-12
1.54346e-11
-8.99176e-12
4.66163e-17
-2.13183e-17
-6.52664e-18
-1.65553e-12
8.71909e-12
1.32409e-11
-1.46592e-16
-6.33643e-17
-1.92056e-16
-3.55309e-11
-2.94205e-10
3.68863e-10
-3.28583e-10
5.03466e-10
7.03838e-16
4.0713e-16
2.85179e-16
-6.62025e-16
8.34173e-16
-2.16946e-10
-1.58317e-9
1.92915e-9
-1.86594e-9
1.81141e-9
-2.17228e-15
-2.37969e-16
6.31177e-15
2.35826e-14
-5.88967e-14
-3.42967e-10
-7.0765e-10
1.65895e-9
-1.4278e-9
8.40883e-9
4.50705e-14
-1.83918e-12
-4.94698e-9
1.11896e-8
-8.50695e-13
3.71188e-12
3.47589e-9
-4.03546e-11
7.34639e-12
-2.27738e-10
6.46294e-11
-3.94827e-9
1.63705e-8
1.013e-10
-2.0199e-10
1.50362e-10
-4.43953e-11
-9.49395e-9
3.67556e-8
-1.08825e-10
1.80952e-10
6.75016e-11
-1.16125e-8
3.26364e-8
8.74775e-11
-1.52921e-10
-6.79928e-11
-5.73513e-9
-3.45445e-9
-3.72143e-11
8.68808e-11
1.95797e-11
2.77265e-10
4.38994e-9
-1.01311e-8
-6.25026e-11
5.13426e-11
-5.34668e-9
2.01659e-8
1.26882e-10
6.33844e-9
1.83034e-9
-4.5767e-9
1.48002e-8
-2.49935e-8
-2.66184e-8
-2.33068e-11
-9.57397e-11
5.64254e-11
2.10716e-11
1.5123e-10
-1.2429e-8
3.13016e-8
-1.12219e-7
2.0533e-7
9.04477e-8
3.15019e-12
4.05547e-12
-7.63905e-12
-8.60071e-12
-1.48518e-11
-3.29613e-7
2.93821e-7
3.55751e-7
-2.34002e-11
-9.65834e-12
1.0462e-11
-1.26052e-6
1.02832e-6
8.5228e-8
-7.19094e-11
-3.87201e-11
3.66209e-11
-2.49372e-6
1.86974e-6
-1.91159e-6
-2.1124e-10
-1.36208e-10
1.38834e-10
-6.18296e-7
6.66884e-7
-7.53031e-7
-5.21238e-10
-4.59277e-10
4.51626e-10
2.9861e-7
-8.54862e-8
-1.61017e-8
-5.20284e-10
6.35925e-9
6.00689e-9
6.16656e-9
-4.88937e-9
1.3345e-9
-1.86992e-9
4.16362e-9
7.80426e-10
-3.18379e-9
-2.57383e-8
7.2175e-9
-1.98755e-9
-6.015e-8
5.69427e-8
-1.57181e-8
1.98784e-8
-1.28513e-8
-7.10097e-9
-1.24535e-8
4.14066e-8
1.03259e-7
-3.51879e-7
4.94252e-7
-2.55047e-7
-4.0585e-7
2.25592e-7
3.8596e-7
-1.66169e-7
-2.08883e-7
1.97754e-7
-1.34559e-7
2.88263e-7
-2.68011e-7
-2.74135e-7
3.28584e-7
1.52604e-7
-1.32941e-15
-1.29594e-15
-6.06979e-16
-3.61278e-16
5.2723e-16
-1.12845e-15
-1.83101e-15
-1.80762e-15
1.76104e-16
-1.24494e-16
2.17088e-17
-6.15788e-15
6.64896e-17
1.27889e-15
5.33921e-16
-1.06331e-16
5.81916e-16
6.29543e-17
-1.35576e-16
8.07119e-17
-5.36403e-17
2.80023e-17
2.16303e-17
6.73661e-13
2.24982e-14
-2.26891e-13
-1.13693e-16
-3.15651e-15
2.4246e-17
3.56544e-17
1.99207e-17
1.11081e-17
-1.44739e-17
5.93696e-13
1.45608e-12
1.19181e-13
-3.47446e-13
-1.28287e-17
-3.5533e-17
-1.68548e-17
-6.85705e-18
-1.04853e-12
1.65401e-12
-2.96529e-12
2.54539e-17
3.09303e-17
-9.25766e-18
2.01211e-12
-5.71469e-12
-4.35101e-12
-1.21945e-16
-3.68875e-17
1.064e-15
3.34869e-11
-1.16687e-10
2.22868e-10
-2.06368e-10
3.67617e-10
-2.60489e-15
-3.19217e-15
-2.42812e-15
3.9887e-15
6.4588e-15
-7.40477e-11
-9.05663e-10
1.38544e-9
-1.31077e-9
1.82308e-9
-1.37407e-14
-1.84635e-14
-8.03544e-15
5.88443e-14
-8.3042e-14
-1.23856e-10
-1.35597e-10
4.43247e-10
-3.43432e-11
4.14388e-10
-1.40757e-13
1.17588e-12
-3.09728e-13
2.39982e-13
-8.55988e-10
2.07655e-9
-1.75161e-12
6.58902e-12
-9.82392e-12
2.11148e-11
7.34252e-11
-1.41094e-10
5.22526e-10
-2.41549e-10
2.32843e-9
3.70156e-9
3.45316e-9
-9.80625e-10
2.19603e-10
-1.13209e-10
-1.37652e-10
1.90719e-10
-4.97206e-10
-4.72162e-11
1.86822e-11
6.73055e-11
9.32358e-11
-1.22205e-10
-1.27637e-10
-1.04916e-10
-9.64817e-11
1.2415e-9
-3.26444e-10
-5.47046e-10
3.79113e-9
4.2936e-11
-1.20129e-11
-2.00447e-11
4.74994e-11
1.35468e-11
5.94508e-11
-1.09459e-8
1.05413e-8
-5.05774e-8
9.71405e-8
3.48503e-8
5.30769e-12
-8.39876e-13
-5.09999e-12
-1.1707e-11
-3.36961e-12
-1.01654e-7
7.56492e-8
4.03408e-8
-4.93036e-11
4.35795e-12
5.02364e-13
-2.00605e-7
1.68875e-7
1.51234e-8
-1.648e-10
2.09049e-11
6.76576e-12
-4.62779e-7
4.09158e-7
-5.7544e-7
-5.00258e-10
5.78056e-11
3.00218e-11
1.71208e-7
-1.79396e-7
1.52042e-8
-4.3866e-9
2.35878e-8
4.50832e-9
1.15035e-9
-9.30076e-10
8.11297e-11
1.658e-10
9.32485e-9
-2.13993e-8
5.19962e-8
-1.6495e-7
8.89311e-8
-4.03947e-8
-2.47027e-8
1.76317e-8
-3.74173e-9
4.04957e-9
-1.33921e-7
4.18882e-8
7.34918e-8
-9.15905e-8
1.43493e-7
-3.09367e-7
3.36923e-7
3.04673e-8
-1.97763e-7
1.46054e-7
-1.30134e-7
2.16623e-7
5.64138e-8
-9.14484e-8
-3.46451e-7
3.53966e-7
-2.95102e-7
1.79652e-7
4.47945e-16
7.00787e-16
8.68804e-16
3.3861e-16
1.70923e-17
-2.27375e-15
-4.37508e-16
-3.57359e-16
-4.81078e-16
-7.70063e-16
-4.46023e-16
1.58645e-17
1.46847e-17
-1.4351e-16
2.46287e-17
-6.50786e-15
-1.66445e-15
3.96427e-15
2.23716e-15
2.60202e-15
8.27794e-15
3.22801e-16
-1.36677e-16
2.1722e-16
-8.51193e-17
5.46533e-17
4.32608e-18
6.85559e-14
-2.92208e-14
4.1563e-14
-5.50627e-15
7.95436e-15
8.67142e-17
-2.86101e-16
7.83038e-18
1.0714e-16
3.00864e-17
5.03858e-14
3.25524e-13
-1.37437e-12
-2.73027e-15
1.56387e-15
-1.31816e-16
-3.29454e-16
-1.31511e-16
-1.57909e-16
3.06273e-12
-9.39339e-12
8.67802e-16
-5.99508e-16
-5.70011e-16
2.23774e-11
-4.90597e-11
1.56739e-10
2.81595e-15
1.059e-14
1.00482e-14
6.93172e-15
-5.46847e-14
6.56471e-11
-1.76472e-10
5.76223e-10
-5.24893e-10
1.0207e-9
6.95959e-14
3.43925e-13
2.37564e-14
1.40821e-13
-4.15887e-13
7.86578e-11
-5.30473e-11
1.17859e-10
-1.26754e-11
3.26071e-11
-3.48469e-12
7.62664e-12
-2.16635e-12
5.15215e-12
-1.26348e-10
3.48464e-10
-1.39682e-11
4.70172e-12
1.06828e-11
1.71917e-11
2.14567e-11
-7.47614e-11
9.72267e-11
-4.95686e-10
4.51174e-10
-6.15274e-10
2.29742e-10
-3.30533e-10
2.60072e-10
-1.04092e-9
2.32095e-10
-2.21433e-10
3.53259e-10
-1.13632e-9
-1.58382e-10
1.8038e-10
4.67652e-10
8.46409e-11
-1.85114e-10
5.49337e-11
-8.25954e-11
2.87921e-11
9.1864e-11
-2.53043e-10
-1.52045e-11
-1.41249e-11
1.6655e-11
6.19852e-11
-1.94917e-11
-5.79022e-11
-2.09225e-10
-4.25043e-11
3.57167e-11
2.15695e-10
-1.14832e-9
2.77772e-9
1.33902e-9
-1.69697e-12
-8.75176e-12
1.42479e-11
1.94006e-12
4.023e-11
-2.98892e-9
2.0206e-9
-1.00463e-8
4.16416e-8
-1.36133e-8
5.15979e-13
-7.07242e-14
-1.40278e-12
-7.88331e-13
-4.14321e-13
5.00386e-8
-6.83171e-8
-7.03569e-12
-5.83689e-13
1.19032e-13
1.34325e-7
-1.01414e-7
-6.9302e-11
4.78049e-12
-1.26542e-12
9.63636e-9
-8.95318e-8
-3.13473e-8
9.06519e-8
-2.72449e-8
1.6306e-9
-2.42305e-10
1.01834e-10
-4.68733e-11
2.50016e-10
6.08518e-8
-1.32788e-7
3.0217e-7
-4.97156e-7
3.15563e-7
-1.57549e-8
-1.37608e-9
5.05296e-10
7.32007e-11
-2.16358e-9
-3.40177e-7
1.73045e-7
2.33604e-7
-1.99138e-7
1.29769e-7
-5.05079e-8
1.41254e-7
-3.82084e-8
-3.54571e-8
8.74307e-10
-1.93233e-8
5.18044e-8
6.70414e-9
-1.02405e-8
-4.6783e-8
2.33603e-7
-4.57644e-8
-1.74802e-7
4.08499e-8
1.13866e-7
-1.38831e-7
-1.44494e-8
6.38034e-16
1.48217e-15
1.26532e-15
2.23479e-16
7.54616e-15
-1.93162e-14
-6.95929e-16
-1.24144e-14
2.65354e-14
-3.39046e-15
-3.70512e-15
-2.27858e-15
1.12537e-16
9.06685e-17
-1.14253e-15
2.9079e-17
2.93817e-14
-2.48348e-14
4.20975e-14
-1.17705e-13
3.15945e-14
7.27549e-15
-5.53334e-15
-1.50734e-15
1.11804e-15
-1.80012e-16
-2.01872e-16
-1.09679e-13
1.62794e-13
-2.39431e-14
-4.67365e-14
7.59122e-14
-2.67373e-15
3.60289e-15
1.48675e-15
3.53486e-16
7.0635e-16
-2.59579e-13
2.5581e-13
1.24691e-13
2.6863e-15
4.12311e-16
-2.32306e-15
-2.6705e-15
-2.32852e-15
1.73666e-12
-1.25828e-11
4.20046e-13
-1.241e-12
7.22783e-15
1.20274e-15
-1.62474e-14
-3.45821e-14
4.31171e-12
-1.10242e-11
1.68964e-14
7.2998e-14
1.14376e-13
1.81128e-11
-2.43913e-11
1.25478e-10
-8.39714e-13
8.18435e-14
-1.05511e-12
1.30756e-12
-1.84787e-11
2.96322e-12
-6.04645e-12
6.55451e-12
2.32284e-11
-2.10387e-11
2.8195e-11
-9.49102e-12
2.68405e-11
-9.21549e-12
1.59978e-11
-4.5891e-11
7.18038e-12
2.36752e-12
9.44686e-11
-2.09971e-11
1.67712e-11
-6.48755e-11
7.94034e-10
-6.86597e-10
3.39439e-10
-4.01652e-10
2.71473e-11
-1.00823e-10
1.26034e-10
-1.96124e-10
3.3035e-11
-1.08741e-10
-1.48229e-11
9.79261e-11
4.92877e-11
-3.65115e-11
-1.71159e-11
-3.83851e-12
5.04775e-12
9.93194e-13
-9.71091e-13
-1.32899e-10
2.91777e-11
3.00846e-11
1.58809e-10
9.11865e-11
-8.22031e-11
-1.655e-11
-3.93618e-11
-5.81763e-11
6.99923e-10
-1.83765e-10
6.69911e-10
-6.82297e-13
3.89205e-12
3.42553e-12
1.02974e-13
1.61942e-11
-2.54919e-9
7.7154e-9
3.45769e-9
-1.66606e-8
-1.38192e-13
-2.59775e-13
-1.65068e-14
4.16266e-13
-4.01431e-9
2.13437e-8
3.75829e-9
-3.11812e-8
9.12089e-16
-6.93829e-13
1.56611e-12
9.56173e-13
3.44094e-9
1.77007e-8
-1.79205e-8
6.54561e-9
6.04713e-12
-4.15337e-12
1.71522e-11
2.61387e-12
4.7005e-8
-1.06912e-7
-6.85568e-12
-1.5693e-11
1.02113e-12
1.97128e-7
-1.64458e-7
-3.06932e-7
4.18292e-7
-1.23748e-9
1.86934e-10
-2.1611e-10
6.45905e-11
-1.7271e-10
-4.05175e-7
4.61811e-7
2.2772e-7
-3.37192e-7
5.57216e-8
-5.87657e-8
1.00409e-7
-2.83902e-8
-5.9222e-8
2.72631e-8
-1.66954e-9
-2.68743e-9
3.14936e-9
3.31737e-7
-1.67143e-7
-5.81202e-7
3.54196e-7
8.27167e-7
-3.9814e-7
-6.29398e-7
3.9023e-7
9.87832e-15
7.68645e-15
1.09786e-14
1.58753e-15
2.03792e-14
-6.14278e-14
-1.10467e-13
-4.04628e-14
-1.51787e-14
-2.64146e-14
-2.56769e-14
1.12463e-14
5.66866e-15
-2.14337e-14
-2.62506e-15
2.41797e-13
9.28492e-14
4.34751e-13
2.64402e-13
-3.33639e-13
-1.27216e-13
2.13128e-13
7.25381e-14
3.13535e-14
1.00361e-13
4.09673e-14
-5.65368e-14
3.99849e-14
3.15594e-14
-2.36266e-14
6.33249e-16
-3.82916e-15
-5.50265e-13
-4.89656e-13
-1.10084e-12
-1.57658e-12
1.1374e-12
-2.82357e-14
1.63459e-13
2.13454e-14
1.07049e-14
2.7628e-15
-5.6949e-13
-9.96174e-14
3.02829e-12
2.52231e-12
8.28658e-15
-2.5534e-14
-2.11657e-14
-1.1535e-14
-1.3982e-12
1.17849e-12
2.40673e-12
2.61705e-12
2.46358e-14
9.5554e-14
-9.03356e-14
-2.01895e-13
-2.26593e-12
4.46459e-12
3.01988e-12
7.20586e-13
-1.15384e-14
7.03519e-13
1.41023e-12
2.28262e-12
-1.07425e-12
-1.91723e-12
2.37641e-12
-7.41097e-12
1.91771e-11
-1.20222e-11
2.6398e-11
2.5341e-12
1.79345e-13
-3.93037e-13
-5.42381e-11
-2.5132e-11
-5.41147e-13
-1.44721e-13
1.70258e-12
9.34515e-11
-2.06612e-10
-5.12729e-12
-1.59009e-10
-1.57411e-13
8.14229e-13
2.62423e-10
1.97752e-10
-8.45739e-12
-4.95943e-13
2.9524e-12
-5.42868e-10
2.86607e-10
1.0672e-10
-9.53844e-12
-1.00956e-12
3.56767e-12
5.15199e-10
-2.7033e-10
6.83437e-11
-1.45137e-11
-1.25702e-12
5.05837e-12
-3.77849e-10
2.14356e-10
-1.45554e-10
-1.07124e-12
1.27501e-12
2.26826e-10
-1.11704e-10
-1.28019e-13
-3.16244e-12
-4.57384e-10
3.47656e-10
3.05787e-12
5.0928e-12
8.05305e-11
-1.99156e-10
-7.15794e-12
-1.16954e-11
8.6212e-11
8.53958e-12
-6.17936e-12
-2.75566e-10
-1.08581e-11
-1.25632e-11
3.07333e-12
4.81602e-12
5.2759e-11
-2.81473e-12
6.06137e-10
-1.32505e-10
-4.1683e-10
4.3838e-10
3.41186e-11
-3.10468e-12
-1.59263e-12
7.48428e-13
-6.20158e-12
-1.52366e-9
1.39116e-9
4.62814e-9
-6.16765e-9
-6.90361e-12
-3.75111e-12
1.26245e-12
1.22058e-11
-1.2094e-8
1.72516e-8
2.80721e-8
-4.14228e-8
-2.67646e-12
-7.01613e-12
7.33035e-13
3.20664e-11
-5.63119e-8
8.79602e-8
9.83861e-8
-1.59665e-7
-4.85833e-11
5.89648e-13
4.63586e-12
2.29039e-12
-1.42836e-7
2.377e-7
1.43798e-7
-2.82099e-7
-7.5585e-8
2.34262e-7
2.77175e-9
-5.01285e-10
3.97614e-11
6.53117e-11
-5.11469e-11
2.14211e-10
-9.75697e-8
-4.80941e-8
3.08621e-7
-2.24385e-7
-4.55665e-7
4.81461e-7
-3.99464e-7
4.15157e-7
-4.72148e-7
5.32901e-7
-2.54467e-7
3.37754e-7
-5.42902e-7
9.88147e-8
-1.04877e-7
2.2754e-7
-6.01509e-8
7.08404e-8
-2.29232e-9
-1.27924e-8
-8.67252e-13
1.63641e-12
-5.86272e-13
2.31512e-14
-2.25557e-13
-2.87171e-13
-7.30996e-15
1.40695e-13
-1.04234e-13
7.16658e-12
5.46107e-12
-4.0928e-12
2.54539e-12
1.44005e-12
-8.38613e-12
6.67717e-13
-2.1019e-13
1.19607e-12
4.93834e-13
-2.44912e-13
-2.44792e-13
5.11371e-13
-3.7557e-13
-1.2313e-13
-1.34074e-11
-1.35236e-11
1.47044e-11
-1.89449e-11
2.33359e-11
-3.15012e-14
-2.86587e-12
5.90153e-13
3.90335e-13
-1.5356e-14
-1.31903e-11
-1.26678e-11
6.72768e-11
6.39508e-11
1.14882e-13
-6.74922e-13
-1.32803e-13
-2.11046e-14
-1.42934e-11
-1.28171e-11
6.70307e-11
6.26976e-11
-5.51243e-13
2.83324e-12
-1.22788e-12
-4.72047e-12
5.25162e-12
5.26663e-12
7.22705e-11
1.83491e-11
1.00175e-11
-2.60956e-11
-3.43111e-11
-6.73785e-11
-1.48261e-11
1.13561e-11
-2.59306e-12
1.4495e-10
-1.36308e-10
1.18367e-10
-2.34155e-10
1.04864e-12
-5.88689e-13
-7.86182e-12
3.66012e-10
3.9243e-10
1.57623e-12
1.85529e-12
-2.76174e-13
-6.65778e-10
7.42879e-10
-6.40233e-10
1.09965e-9
4.3415e-13
2.64384e-13
-1.45784e-9
8.9882e-10
-3.29489e-13
2.59966e-13
1.52001e-9
-9.18769e-10
5.72816e-13
1.94601e-13
-1.30645e-9
7.33703e-10
3.62258e-13
1.65649e-13
8.08386e-10
-5.20598e-10
-4.81702e-13
5.31629e-13
-5.88437e-10
5.11443e-10
-2.89538e-12
3.31427e-12
1.49274e-11
-4.61415e-12
-2.32557e-11
-4.98693e-11
1.93057e-10
7.48052e-12
-4.31531e-11
-4.40297e-11
8.50834e-10
3.99277e-11
1.31764e-10
3.70578e-11
-2.83506e-10
-4.59668e-10
9.44957e-10
-6.06016e-11
2.55444e-13
9.92071e-12
-9.643e-12
1.26521e-9
-2.72298e-9
-2.88671e-9
6.84889e-9
-1.22333e-10
-4.11706e-11
1.96576e-11
2.36865e-10
5.33252e-9
-1.51767e-8
-8.1171e-9
2.92981e-8
-4.11646e-11
-1.16048e-10
1.99529e-11
7.13328e-10
4.64609e-9
-4.27778e-8
-1.4881e-8
6.37525e-8
-9.34359e-11
-3.29376e-11
3.77664e-11
2.33025e-10
-2.05878e-8
-4.30103e-8
1.24552e-7
-1.77172e-8
-1.56507e-7
1.73278e-7
1.47271e-9
-2.77441e-9
-1.4987e-10
1.16524e-9
1.26744e-10
4.57113e-10
2.68575e-7
-3.20577e-7
-3.02428e-7
3.91311e-7
2.43725e-7
-3.31562e-7
-1.44096e-7
1.97329e-7
7.07561e-8
-8.22159e-8
-3.35262e-8
4.29194e-8
-8.66044e-12
1.85248e-12
-1.29428e-12
-4.0634e-12
6.15601e-14
7.44392e-13
4.13637e-11
-6.76399e-11
-1.51837e-11
1.1013e-11
-9.93104e-12
1.22361e-11
9.14654e-12
-2.64345e-12
3.56863e-13
8.50266e-12
-5.17404e-12
-2.44864e-10
-2.72083e-10
2.96183e-10
-3.28874e-11
-1.18064e-10
5.01686e-10
-3.45325e-11
4.59259e-11
-7.2168e-11
-3.59169e-12
5.55703e-12
-3.00163e-13
-2.37996e-11
1.01758e-11
-7.36425e-13
-3.30205e-10
-3.00635e-10
-1.07818e-9
1.26946e-9
-1.93718e-9
-2.04582e-11
1.24855e-10
2.66091e-12
-2.18335e-12
5.12613e-12
-3.02493e-10
-2.41856e-10
1.76765e-9
-1.93719e-9
-3.35095e-11
6.21267e-11
6.79777e-11
1.07389e-10
-1.29124e-11
1.28827e-9
-1.07995e-9
2.91719e-10
-1.76086e-10
4.65654e-11
-1.13422e-10
4.20369e-10
3.95546e-10
-5.99658e-11
3.98695e-11
4.93026e-10
-8.72418e-10
-1.30265e-9
-6.78128e-12
-1.26721e-10
-1.24238e-11
5.04192e-12
2.45423e-9
-2.2564e-9
2.64027e-9
-4.32656e-9
-1.6572e-9
1.5844e-12
-2.77743e-11
-5.89214e-12
5.8121e-9
-3.64618e-9
2.30155e-9
-6.55004e-13
3.1952e-11
6.89643e-12
-7.06933e-9
4.11473e-9
-2.47529e-9
-2.48685e-12
-4.48908e-11
6.40551e-12
8.70555e-9
-4.11678e-9
2.31755e-9
-4.2006e-13
-4.96751e-12
-1.48738e-12
-3.2986e-9
2.0405e-9
-1.59166e-9
1.94646e-11
-1.29884e-11
1.6457e-9
-8.90454e-10
3.26096e-11
-1.90769e-10
1.58375e-11
-4.59085e-11
-1.03113e-10
2.68283e-10
-2.5591e-10
3.54459e-10
7.76058e-10
-7.42479e-10
2.94554e-10
-1.50352e-9
-3.52759e-9
1.32215e-10
-6.15236e-10
1.01145e-9
8.92967e-10
-2.47389e-9
-7.69509e-11
-2.33235e-9
2.2834e-10
1.90905e-10
5.51886e-9
6.74249e-9
-1.27187e-9
-1.38127e-8
1.30237e-8
3.34937e-10
-2.33296e-9
1.68123e-10
1.04797e-8
2.60859e-8
-3.1163e-8
1.12222e-8
-5.41879e-8
4.95693e-8
9.38065e-8
-1.3186e-7
-2.99925e-9
1.41568e-9
3.88367e-10
-8.71783e-9
5.0738e-9
-1.50392e-9
4.29473e-11
-1.29237e-7
1.8689e-7
-1.87236e-7
1.27817e-7
-1.70912e-7
2.14928e-7
-1.04429e-7
1.3343e-7
-1.72881e-7
1.05219e-7
-8.80532e-8
1.01114e-7
-3.35254e-8
3.17302e-8
-4.38509e-8
9.74306e-9
-6.84547e-9
1.40765e-8
1.46619e-10
5.92004e-11
-1.69366e-10
3.16223e-10
-1.20117e-10
3.14877e-11
2.38119e-9
-1.61836e-9
-1.16335e-10
-1.62285e-9
1.8575e-9
3.65055e-10
-8.40375e-10
2.92233e-10
-6.38514e-10
-8.80227e-11
-1.90912e-11
5.25065e-9
8.407e-10
6.03538e-9
-7.57856e-9
-2.4415e-9
-3.81962e-9
3.96845e-9
-3.18096e-9
1.48516e-9
1.06325e-9
-1.03555e-9
1.5168e-9
2.05644e-10
-1.11222e-10
-9.93253e-11
2.36636e-9
3.78579e-9
3.7805e-9
-7.52566e-9
9.93467e-9
-1.16661e-8
1.04062e-8
-3.1384e-9
6.64403e-9
-1.26251e-9
5.46054e-10
-2.29892e-10
1.19022e-9
-3.09344e-10
5.92152e-9
8.55066e-10
-1.56454e-9
-1.25515e-8
1.02522e-8
1.53353e-9
-6.14032e-9
-2.84535e-9
-4.85005e-9
1.67676e-9
7.56706e-11
1.7496e-9
-1.13719e-8
9.54387e-9
-2.57666e-9
8.72549e-9
-1.12721e-8
6.76516e-9
-1.30766e-8
-7.94347e-9
5.3268e-9
-1.11206e-9
-1.02383e-10
5.59191e-11
-2.44676e-9
1.11393e-8
1.43055e-8
-8.81599e-9
-1.29812e-10
2.86076e-9
-2.70935e-9
2.93744e-10
-2.11641e-8
2.41039e-8
-1.98005e-8
2.27119e-8
1.08954e-8
2.08248e-10
9.02419e-10
-5.56132e-10
-2.33488e-8
2.4824e-8
-1.85573e-8
-8.38119e-11
7.09724e-10
3.27176e-10
5.61756e-9
2.23172e-10
-3.3958e-9
-8.03466e-10
-4.13859e-10
3.46101e-9
-8.83424e-10
1.06717e-9
-1.67891e-8
-5.68235e-9
1.42271e-8
1.57828e-8
3.01947e-8
-1.90313e-8
8.66679e-9
-3.6675e-10
-1.28462e-9
1.84601e-8
-9.54465e-9
6.35125e-10
3.50679e-9
1.57733e-9
-2.02171e-9
1.87982e-9
-4.74022e-9
1.92963e-8
1.81353e-8
-4.02448e-8
3.02946e-8
-5.09557e-8
-1.07151e-8
3.93176e-9
-2.05087e-9
8.16277e-9
-1.22263e-8
1.15296e-8
-2.24417e-8
1.40566e-8
1.93662e-8
-3.80253e-8
1.76977e-8
-4.82372e-8
-1.06565e-8
2.82603e-8
-1.76413e-8
3.22719e-8
-3.25548e-8
2.28369e-8
-3.44015e-8
5.91514e-8
-4.14377e-8
6.91203e-8
8.03021e-9
-1.41968e-8
5.72824e-9
3.72584e-9
4.91725e-8
-3.62803e-8
1.07626e-8
-1.21734e-8
5.5112e-9
-8.53067e-8
6.19848e-8
-7.15663e-8
9.76733e-8
-5.01107e-8
6.96645e-8
-1.06329e-7
4.92941e-9
-5.54333e-9
-8.76868e-9
7.96265e-9
-1.21411e-8
1.41921e-8
-1.69665e-8
1.07956e-8
-7.05635e-9
1.03923e-8
-1.63732e-8
2.48103e-8
-3.20647e-8
3.61586e-8
-2.73412e-8
1.69107e-8
-8.23889e-9
9.86692e-9
-1.76753e-8
3.01201e-8
-4.44325e-8
5.52622e-8
-5.65223e-8
4.77993e-8
-2.98633e-8
1.96877e-8
6.79714e-9
-1.44768e-8
2.81811e-8
-4.69734e-8
6.54654e-8
-7.56913e-8
7.26932e-8
-5.76146e-8
3.93651e-8
-2.74861e-8
3.52281e-9
-9.26647e-9
2.00945e-8
-3.83452e-8
6.05824e-8
-7.88322e-8
8.50489e-8
-7.69952e-8
6.0551e-8
-4.4356e-8
2.7178e-8
-3.80683e-8
9.7874e-9
-2.32943e-8
4.29601e-8
-6.35898e-8
7.76117e-8
-7.90792e-8
6.89579e-8
-5.43537e-8
4.20762e-8
-2.30121e-8
-9.69291e-9
2.21537e-8
-3.76183e-8
5.3136e-8
-6.20608e-8
6.18347e-8
-5.43049e-8
4.76848e-8
-6.49063e-8
7.20369e-8
-1.25074e-8
2.35813e-8
-3.24464e-8
3.8966e-8
-4.16313e-8
3.98508e-8
-2.71315e-8
3.50381e-8
-4.89155e-9
8.31225e-9
-1.40041e-8
2.58929e-8
-4.64715e-8
3.18249e-8
-1.35089e-8
-1.81575e-9
