0.0170139
-0.0239778
0.014976
0.0226378
0.0200363
-0.0116959
0.0120755
-0.0177633
-0.00772522
0.00777171
-0.00632674
-0.00655496
-0.000357502
-0.00189633
0.0015402
-0.00330184
0.000727236
-0.122132
0.148576
-0.023583
-0.0932736
-0.173766
0.0526963
-0.0681669
0.101141
0.126095
-0.0396673
0.00163602
0.00785445
0.0148574
-0.00644646
0.00335266
-0.0202358
-0.00104053
-0.00154808
0.0143708
0.000233979
0.0013333
-9.75096e-5
-0.137905
0.217477
-0.138903
-0.0956858
0.371945
0.0482426
-0.0502507
0.0140226
0.0184459
-0.0373082
0.0422489
-0.00646594
-0.0288565
0.000294833
0.0138584
-7.9586e-5
-0.000482747
9.31026e-6
-0.0272109
0.158919
-0.125221
0.0553599
-0.189347
0.372444
0.138914
-0.0560381
0.0204379
0.0150841
-0.0460474
0.0623101
-0.0592734
0.0430902
-0.0064678
-0.0213712
0.00268208
0.00992489
0.000125535
-0.00447179
0.000144092
-0.000619773
0.0314889
-0.0498496
0.0234006
0.00919993
-0.0439614
0.0704948
-0.0783131
0.0664883
-0.0434135
0.0217655
-0.00829689
0.00212718
0.036692
-0.0473368
0.0214823
-0.0330314
0.0494244
-0.0715052
-0.0213109
0.0174644
0.00347906
-0.0335787
0.0634954
-0.0808354
0.0784968
-0.0602504
0.0373763
-0.0195363
0.00356565
0.00769209
-0.00157887
-0.0058359
-0.000482435
0.00162835
-2.43892e-5
0.000547309
0.0277026
-0.0268533
0.0157251
-0.00148529
-0.0194164
0.0453901
-0.0663155
0.0731322
-0.0638404
0.0452632
-0.0267708
0.0141693
-0.00624916
0.00425229
-0.0017057
7.36086e-5
-0.0105877
-0.00555867
-0.00641504
0.024418
-0.0423525
0.0537311
-0.053155
0.0427788
-0.0289046
0.0176373
-0.0154314
0.0144712
-0.00257982
-0.000354911
2.84059e-5
0.00818192
-0.00634461
-0.0045341
0.00195108
0.00461678
-0.0173899
0.0301964
-0.033862
0.0315604
-0.0241622
0.0167253
-0.00902557
0.00951647
-0.0106972
0.00476801
-0.00218221
0.00197272
0.00112309
-0.00209038
0.00791474
-0.0147591
0.0165605
-0.0159385
0.0124456
-0.0141597
0.00928292
-0.0114279
0.00292191
0.000905567
-0.000124386
-0.000341931
0.000385356
0.000255769
-0.00364904
0.00638651
-0.00609272
0.00612013
-0.0053844
0.0132159
-0.00987755
0.000758097
0.00301499
-0.00216421
0.00104623
-0.000344839
4.14208e-5
0.00159178
-0.00274223
0.00270543
-0.00462204
0.00347591
-0.000315548
-0.00241507
0.00443053
-0.00217988
-3.34584e-5
-0.000373273
0.000103762
0.00130924
-0.00110843
0.00125516
-0.00136841
0.00186282
-3.76182e-5
-0.00205357
0.0003818
-3.73337e-5
7.96197e-5
0.00865433
0.0116162
-0.00490115
-0.0545004
-0.00601992
0.00246863
-0.0012865
0.00169855
0.0141222
-0.00647922
0.00248992
0.00272266
-0.00698581
0.00441472
-0.00189386
0.00440605
-0.00267349
0.000817243
-0.00187037
0.00133904
-0.000167185
0.000828258
-0.000635975
-0.000279321
0.000247731
-0.000381442
-0.00017947
-0.000250491
8.86345e-5
-0.00377816
-0.0593849
0.0172326
0.118929
0.100266
-0.0142562
-0.00138491
-0.00213509
-0.200231
0.000292085
-0.000210029
0.000171992
-0.000226969
-5.2231e-5
9.78734e-5
0.0001347
3.541e-5
-7.73319e-5
0.0278177
-0.121244
0.0282856
0.118747
-0.0022334
-0.315995
-4.04252e-5
-1.30767e-5
3.3405e-5
3.66885e-5
1.35873e-5
-1.59802e-5
0.0169887
-0.0591507
-0.00348201
-0.0135685
0.0995879
-0.00212218
-0.199356
-7.38e-5
2.40102e-5
9.98037e-5
3.26438e-6
-7.25639e-5
5.88913e-6
-5.93896e-6
-0.0556559
0.104348
0.000197609
1.6379e-5
-0.00614319
0.0139839
0.00815153
0.00646089
-0.012132
-0.00157827
0.00207195
-2.59184e-5
-1.32292e-6
3.91985e-5
-4.81208e-6
3.66765e-6
6.84396e-7
1.31862e-6
-0.0169556
0.0344455
-0.0434344
-0.000189105
5.17817e-5
-6.81496e-6
0.0142788
-0.0200446
0.0329517
2.73285e-5
-1.26523e-5
-1.1435e-5
-0.0121636
0.0160491
-0.0220148
-2.41635e-5
9.92916e-6
3.70306e-6
0.00985082
-0.0102877
0.0105531
-3.05622e-5
1.25131e-5
-4.78794e-6
-0.00616299
0.00546907
-0.00349406
0.00419584
0.000602125
-0.000110216
5.05592e-5
-9.43803e-6
0.00235435
0.00139852
-0.00133394
-7.05143e-5
-5.24071e-5
-7.37531e-5
-3.0102e-5
-0.00155564
0.000558517
0.000777654
-0.000699201
0.000425441
-0.000185589
-0.000240632
7.33888e-5
-7.01728e-6
-2.02233e-5
6.3764e-5
-0.000196155
-0.000176972
9.57216e-5
6.36652e-5
-0.000251171
0.000248761
-6.01978e-5
1.9214e-5
1.49701e-6
9.37682e-5
-2.66121e-5
-4.20827e-7
-7.90626e-5
7.93514e-5
0.000115728
-0.000312756
0.000577963
-9.90079e-5
8.62728e-5
2.02033e-5
-6.2943e-5
1.49335e-6
1.83546e-5
3.75451e-6
1.30179e-6
2.46755e-5
-5.38897e-5
-1.05813e-5
2.03175e-5
-0.000130021
2.07551e-5
-2.20555e-5
-1.06828e-5
-0.000113653
-7.12793e-5
-4.03165e-5
-1.53346e-5
2.30396e-6
2.43036e-6
-2.67927e-6
2.629e-6
1.33856e-5
-2.98586e-6
4.9851e-6
3.55162e-5
-8.33505e-6
6.43881e-6
1.04887e-5
5.14664e-5
5.5611e-5
-2.75372e-5
-1.54816e-5
1.27236e-6
6.58636e-7
-5.48848e-6
-8.01763e-6
2.52518e-6
-3.4059e-6
-1.03746e-5
-0.000168773
-0.00085485
0.000519144
0.000953024
-0.000121168
-0.000236189
-0.00049011
-0.000819943
-0.00071321
0.00183994
-0.000267994
0.00225687
-0.00385789
0.00133801
-0.00336106
0.00486856
-0.00170278
0.00308429
-0.00365222
0.00123933
-0.00174195
0.0013661
5.39911e-5
0.000620928
0.000623934
-0.00143219
8.34762e-5
0.000756391
-0.000279631
-0.00055168
-0.000239007
6.40649e-5
0.000189506
0.000310727
-0.000847135
0.00155785
0.000539943
-0.00111821
-0.000365851
0.000657332
0.000424091
-0.00249372
0.000739846
-0.000127349
0.000190904
-0.000334551
-8.6802e-5
0.000146117
0.00147337
-0.0087594
0.00152305
-0.000234366
3.53457e-5
-5.64574e-5
-1.29092e-5
1.95371e-5
0.000733916
-0.00256424
0.000425011
-0.00197546
-0.000220063
5.33445e-6
-6.19391e-6
-1.279e-6
1.54854e-6
-0.000136957
0.000637712
5.07802e-5
-0.000499721
-0.000175182
-0.000119432
2.62498e-6
-8.42668e-7
-3.67873e-7
1.41153e-6
-1.48628e-7
4.01135e-7
0.00265999
-5.4493e-7
0.00159294
-0.00216566
-9.70653e-5
-0.00208789
0.00367154
0.000116225
-0.00415244
-6.09027e-7
2.61291e-7
5.04417e-7
1.62712e-7
-5.02005e-7
2.45651e-8
-1.17477e-7
0.00348909
-0.0054747
0.00869521
3.13555e-6
-1.01061e-6
2.52715e-7
-0.00440256
0.00629292
-0.00924066
1.9903e-6
-2.37301e-7
2.45579e-7
0.00456964
-0.00626225
0.00861583
-6.85002e-7
-4.61576e-9
9.64351e-9
-0.00376708
0.00490462
-0.00662396
1.90399e-6
-6.27309e-7
8.63708e-8
0.00248611
-0.00251346
0.00374443
1.85737e-6
-5.27565e-7
2.17315e-7
-0.00136723
-0.00136949
3.36605e-6
2.13278e-7
2.36161e-7
0.000983842
-0.000586399
-0.000628933
0.000511884
-0.000471427
1.31524e-5
-4.65788e-6
1.6516e-6
-1.02008e-6
0.00017661
0.000103961
2.09303e-6
-4.74156e-7
4.18357e-7
-5.70289e-5
3.29285e-5
1.32224e-5
-2.83035e-6
-2.20603e-6
-4.07785e-7
-2.3262e-7
-2.63134e-7
-1.08812e-6
1.19073e-6
6.64472e-7
-2.76231e-6
-3.18038e-7
-2.7132e-6
3.05383e-7
5.59064e-7
-3.03426e-7
4.67091e-8
8.13129e-7
1.43201e-6
-3.2732e-6
1.11497e-5
3.04483e-7
9.27895e-7
3.82684e-7
-9.7031e-8
3.33107e-8
-1.22024e-7
-7.33716e-7
1.0073e-6
-6.07679e-7
4.52105e-7
2.45987e-6
1.45886e-6
-4.72417e-7
1.46807e-6
2.34562e-6
3.67196e-7
3.63921e-6
-4.77023e-6
-2.37731e-7
3.02167e-7
2.02229e-7
-7.46788e-8
-4.44275e-7
2.51063e-7
-4.38192e-7
-8.19784e-7
-1.95086e-7
-4.28741e-9
-6.43718e-7
-7.89166e-7
-1.30715e-6
3.16544e-7
2.01515e-6
-1.13417e-7
1.85958e-8
2.28078e-7
2.15537e-7
1.13859e-8
9.19294e-8
3.23244e-7
4.14619e-5
1.23997e-5
-0.000235435
0.000621628
-0.000710306
0.0006912
0.000543527
-0.00128581
-0.00272624
0.00377569
0.00473324
-0.00508869
-0.00555506
0.00472809
0.00310851
-0.00153473
-1.18094e-5
-0.00173794
-0.00210194
0.00397678
0.0024588
-0.00303512
-0.00236539
0.00255638
1.33113e-5
-1.41037e-5
4.50897e-5
-0.000116974
4.38545e-5
-5.34023e-5
0.00175412
-0.00221987
-0.000984303
0.00118005
0.000459841
-0.000438242
4.2997e-5
-0.000137994
3.91429e-5
-9.95991e-6
-0.000191413
0.000176624
7.078e-5
-6.59714e-5
8.54375e-5
-0.000419371
8.95537e-5
-1.78921e-5
-2.33583e-5
2.2373e-5
6.91464e-6
-6.99278e-6
3.78611e-5
-0.000141371
4.13417e-5
-1.64549e-5
-1.79188e-6
2.02996e-6
4.19076e-7
-6.36937e-7
1.38004e-5
7.25048e-6
1.42432e-5
-5.72501e-5
6.40483e-5
-8.62961e-6
-8.06049e-8
1.96433e-7
-1.36738e-7
4.52853e-8
-6.45447e-8
4.19978e-8
-0.000266252
-0.000111978
4.88385e-5
0.0014778
-0.00153119
1.27895e-5
-1.55928e-8
-2.31606e-8
4.08052e-8
-8.7476e-9
1.22149e-8
-0.000776262
0.00152319
-4.28797e-8
-2.68941e-9
0.00138954
-0.00224212
-9.29197e-8
2.556e-8
-0.00197278
0.00303568
-4.51925e-8
2.63685e-8
0.00220509
-0.00323162
-2.30988e-9
7.3445e-9
-0.0015232
0.00259465
-5.15417e-8
3.55846e-9
0.000985934
-0.00173288
-5.39257e-8
1.9962e-8
-0.00056928
0.000959284
-1.23191e-7
3.90228e-8
0.000317253
0.000343696
-2.84457e-7
2.71407e-7
-1.16865e-8
-0.000158801
6.83454e-5
5.34945e-5
-0.00011431
-2.53644e-8
7.06057e-8
-3.09111e-8
-1.33192e-5
-7.71395e-6
7.58308e-8
-2.14611e-8
-2.17207e-8
1.91232e-6
3.90915e-8
2.18357e-7
-3.22147e-7
-9.75822e-8
6.26305e-9
5.83214e-9
-1.76247e-8
-2.23853e-7
1.07834e-7
1.23751e-7
-3.06198e-8
-4.02538e-8
-1.0683e-7
9.76941e-9
2.25402e-8
-4.86349e-8
-1.28635e-8
2.90909e-8
-5.99381e-9
1.25969e-8
5.38408e-8
1.76946e-8
-9.66304e-10
1.43662e-8
-1.01709e-8
-4.34688e-9
-9.14145e-8
1.41059e-7
3.98343e-7
-3.94712e-7
-1.29175e-8
-1.05899e-8
-8.38411e-9
-3.83612e-9
1.90502e-8
2.71352e-8
-1.50359e-8
4.27711e-8
-4.095e-8
-8.99257e-8
-4.51496e-8
-2.81118e-9
-7.92452e-8
-9.32775e-8
-1.83515e-7
-2.59315e-8
-3.09284e-8
6.4286e-8
9.94661e-9
-7.74476e-9
-4.3119e-9
2.60834e-8
2.79718e-8
8.92477e-9
3.71326e-9
3.91315e-8
6.72517e-8
-0.000175329
0.0021929
1.60265e-7
-0.00434088
0.00104569
0.00186935
-0.00227291
0.00469821
-0.00212657
-0.000967509
-0.00455637
0.00216683
0.000926346
0.00181117
0.000476452
-0.00100141
-0.000843994
-0.00267932
-0.00129418
0.00274594
0.0027179
-7.04186e-5
-7.28705e-5
0.000324855
-0.000959249
0.000960022
-0.000563929
0.000773986
-0.000742389
-0.00348905
0.00339969
0.00248324
-0.00162055
-0.00154912
-0.00117885
-0.000745709
0.00112486
0.00147782
3.21448e-6
6.43314e-6
-9.85269e-6
4.03058e-5
-3.21129e-5
-3.00567e-6
-0.000589592
0.000401492
0.000100348
0.000233538
0.000155933
-0.000217996
-0.000109078
3.80398e-6
-1.03691e-5
2.39212e-6
-2.15428e-6
5.8244e-5
-0.000101909
-2.44977e-5
3.72466e-5
6.3829e-6
-2.5415e-5
6.83473e-6
-1.81322e-6
9.38197e-6
-1.47949e-5
-2.99563e-6
3.89499e-6
2.85255e-6
-1.045e-5
3.6481e-6
-1.55305e-6
8.44883e-7
-1.3036e-6
-1.50902e-7
2.61096e-7
-4.51301e-6
9.0416e-7
2.29244e-6
5.57082e-6
-1.28379e-5
-3.11394e-7
-1.35455e-8
4.8643e-8
-1.17815e-7
1.85901e-8
1.79314e-8
-1.32606e-8
-5.29544e-9
0.000103896
-5.59945e-5
-2.51194e-5
-0.000273768
0.000564169
1.14543e-5
3.71202e-9
1.25737e-9
8.22875e-9
-2.65689e-9
-3.11569e-9
-2.93064e-10
0.000236497
-0.00110272
3.55707e-9
-3.68853e-10
0.000543591
2.35984e-10
0.000381031
-0.000788936
-9.03158e-5
-0.000375765
0.00117331
0.000268289
-0.00109508
-4.65493e-9
2.82822e-9
-8.97104e-9
-8.29148e-10
-1.63961e-11
1.73198e-10
2.75265e-9
-9.09114e-10
0.000258569
-0.000860538
0.00128852
-6.22368e-9
1.34637e-9
-7.21835e-10
0.000100865
0.000436998
-0.00121161
-1.54043e-9
2.17919e-10
-2.24529e-10
-0.00079486
0.000159711
0.000495191
-1.00282e-9
5.27041e-10
-2.83992e-10
8.62608e-5
-0.000375659
-1.16565e-8
1.25162e-10
0.000110002
-0.000105294
-0.000112982
0.000260413
-1.03765e-8
3.81408e-9
3.70034e-9
-1.77112e-9
4.6919e-11
9.47102e-5
-0.000152752
1.10705e-8
-3.32297e-9
-3.74772e-5
-2.06036e-5
-3.60487e-8
-4.88953e-9
7.39374e-6
4.74845e-6
2.62782e-7
3.90398e-6
3.9668e-8
-4.62605e-8
5.20872e-8
-5.52343e-8
-6.52384e-9
-6.11488e-7
-3.26227e-7
-1.71579e-9
-8.00687e-9
2.19454e-7
4.28245e-8
-2.81428e-8
-1.26184e-8
-4.38593e-9
3.7953e-9
1.0385e-8
-7.70949e-9
-1.15558e-8
-1.05172e-8
-9.11986e-9
2.27856e-8
6.86237e-9
1.12513e-8
-2.45197e-9
-4.25125e-9
2.03413e-9
5.77553e-10
-8.73684e-10
6.75511e-10
-1.06138e-9
1.74347e-9
4.09614e-9
1.25529e-9
9.69304e-10
4.51664e-10
1.94702e-9
-3.35621e-11
-4.98458e-10
8.04129e-11
-1.26109e-8
1.66324e-8
-1.2972e-8
1.3023e-9
-1.74533e-9
1.71736e-10
1.26388e-10
-1.33137e-9
1.19712e-9
-3.31601e-9
3.86543e-9
-3.93034e-9
-9.71226e-9
-7.7697e-9
-1.98136e-9
-1.98876e-9
5.57446e-9
-2.57568e-8
-6.37663e-9
-3.92849e-10
-1.44577e-9
1.71089e-9
-8.45698e-10
5.3122e-10
-5.121e-10
5.95049e-10
-2.48326e-10
8.63265e-11
1.93999e-9
3.92106e-9
1.91132e-9
8.92844e-10
-1.60178e-9
4.11821e-9
4.08402e-9
9.56065e-10
-1.23047e-10
9.1939e-12
-3.54117e-10
-1.05604e-9
-1.18453e-9
-5.19634e-10
-6.67369e-11
7.52576e-10
-1.69012e-9
0.000826594
0.0050407
-0.00451454
0.00579954
-0.00722011
0.00312051
-0.0044425
-0.00191491
0.00330948
0.00215563
-0.00262149
-0.00153051
-0.00128096
0.00101762
2.55197e-5
0.00138992
-0.00220904
0.00251329
-0.00229144
0.0013242
-0.00324316
-0.00234888
0.00128281
0.00108416
-0.000330437
-0.000520458
-0.000285613
0.000367357
2.041e-5
-9.68812e-5
0.000121393
-0.000456207
0.00014132
-0.000342799
0.000101898
0.000151426
0.000102978
-0.000121034
-2.54994e-7
3.03004e-7
2.35393e-6
-7.70592e-6
1.09597e-5
-7.35791e-7
7.48077e-5
-4.68638e-5
-1.10639e-5
-2.51272e-5
-1.71449e-5
2.70685e-5
9.98541e-6
9.37231e-7
-2.32994e-6
5.46125e-7
9.50399e-8
4.29088e-9
-3.96788e-6
-3.14209e-7
4.71463e-6
8.08089e-7
3.69843e-6
-1.34096e-6
-7.2265e-7
-2.39954e-6
3.35798e-8
1.23165e-7
-4.14707e-7
3.59201e-7
4.7384e-7
1.19516e-7
-2.63523e-5
4.00955e-7
2.25987e-5
-2.11818e-5
-1.43423e-5
-1.38976e-8
-6.95902e-9
-6.71538e-8
1.94647e-8
2.06404e-9
-0.000137294
6.22653e-5
-0.000182305
0.000617181
-0.000194052
0.00022549
-1.25798e-10
7.57549e-10
-3.1738e-10
-2.07628e-10
1.6457e-10
-1.5682e-10
-0.000638227
-5.91645e-12
-0.00028719
0.000248485
-0.000687566
0.000478023
-0.000225411
0.00160963
3.99718e-10
-1.59163e-10
-5.64141e-11
4.56753e-11
2.69179e-10
-8.93625e-11
-0.000527482
0.000297483
1.58886e-10
-7.14551e-11
0.000751644
-0.000715643
4.70533e-11
-3.16473e-11
-0.00139662
0.00121872
9.79676e-11
-4.45938e-11
0.000148291
7.80209e-5
-0.000125107
-4.99294e-5
7.96084e-5
-1.86048e-9
1.06307e-9
3.46273e-10
-1.32528e-10
4.66408e-11
3.30887e-5
-6.63706e-5
4.84511e-9
-1.36029e-9
7.17425e-6
-3.27918e-6
9.037e-7
1.0885e-6
-2.93357e-6
5.8826e-8
-5.4285e-8
6.10123e-8
-5.03638e-8
-6.72509e-9
4.32311e-7
-1.23149e-7
9.26459e-9
3.77591e-8
-4.95144e-8
1.27774e-8
-1.47845e-8
1.84114e-8
-1.42624e-8
-9.71908e-9
-9.32043e-9
-6.35545e-9
-3.7082e-10
-2.3192e-9
-1.9707e-9
3.93978e-9
2.02869e-9
8.96219e-11
-4.25048e-10
-5.85406e-11
3.11852e-10
1.08703e-9
-2.72999e-9
-6.09214e-10
-4.48285e-10
2.13266e-10
-3.23736e-10
1.05189e-11
1.1019e-10
7.37363e-11
-3.82741e-10
-1.00651e-10
-1.08732e-11
7.20427e-11
-9.65615e-11
2.5512e-10
-3.01634e-11
9.7568e-11
-8.9228e-11
3.18137e-11
-6.75505e-11
3.82381e-11
-3.32001e-11
7.88017e-11
3.02521e-11
-9.67571e-11
-1.11663e-11
-9.58994e-10
-1.50385e-11
2.98194e-11
-9.82727e-12
7.39747e-12
-6.4898e-12
-1.04933e-11
1.62109e-11
9.26473e-12
7.48361e-11
1.91071e-10
4.80266e-10
3.25967e-10
1.16367e-10
-1.01393e-10
9.67577e-11
4.53207e-10
1.66256e-10
-1.01457e-11
2.20394e-11
-3.62965e-11
-1.29714e-10
-1.5567e-10
-4.7895e-11
-6.47506e-11
-1.98953e-10
-1.59284e-10
0.00405192
0.0041442
-0.00139111
-0.00382866
-0.00135622
0.00338719
0.000188003
-0.00430227
0.00117045
0.00362594
-0.000448568
0.000300375
0.000763931
0.00376795
-0.00421771
0.00514794
-0.00531942
0.00304249
-0.00474218
-0.000567956
-0.000232109
0.000149291
0.000147521
-4.50676e-5
-4.59767e-5
2.26613e-5
1.59177e-5
-0.000517453
0.000438588
-0.00179456
0.000579012
-8.82381e-5
-3.86609e-5
3.11172e-5
3.67187e-5
-2.39821e-5
-4.84178e-6
3.41507e-5
-4.09561e-5
0.000114284
-4.3056e-5
3.62561e-5
2.66055e-6
-1.26584e-5
-1.37996e-5
1.35975e-5
-4.391e-7
3.3347e-6
-7.00548e-6
-1.0532e-5
-7.64285e-6
1.00908e-5
8.20266e-7
-1.4413e-6
-6.96637e-7
-1.92145e-6
-3.1911e-9
1.925e-6
2.28885e-6
1.268e-6
-7.60314e-6
1.79953e-5
6.30684e-6
5.20542e-8
-2.04292e-7
1.76314e-7
1.8856e-7
6.16481e-8
5.74314e-5
-5.26454e-5
6.43999e-5
-0.000318364
-7.30896e-5
-7.35489e-11
-7.03348e-9
-3.42792e-8
6.79656e-9
1.82988e-9
-0.00100569
0.00065034
-0.000483588
0.00220004
-0.00140418
0.000719133
-1.12748e-10
-3.63471e-11
-7.81096e-10
2.59806e-10
6.19098e-11
-7.53908e-12
-0.00182772
-5.64887e-12
-0.000328843
0.000939251
-0.000921231
0.000439812
0.000236688
0.000642367
-0.000455121
0.00229891
4.14841e-11
-1.35279e-11
2.50643e-11
-4.92231e-12
-0.000262549
-0.000453082
0.000578733
1.76725e-11
-1.09785e-11
0.00076466
-4.31122e-5
-0.000888166
1.9194e-11
-1.32894e-11
-0.000992716
0.000159273
0.00138777
-1.78931e-11
9.44836e-12
0.000134434
0.000120423
-0.000186558
-4.6006e-5
4.01024e-5
-1.28293e-9
4.69699e-10
-5.6234e-11
1.7117e-5
-2.18478e-5
4.22414e-9
-1.88255e-9
-2.88199e-6
1.93082e-7
3.71616e-7
-9.0996e-8
1.40349e-7
5.37668e-8
-3.78156e-8
4.29144e-8
-2.29245e-8
3.53154e-9
-1.56571e-7
3.30019e-8
8.87028e-9
-1.0331e-8
1.50919e-8
1.60442e-8
-1.42892e-8
1.77688e-8
-1.10686e-8
-4.09429e-9
-3.92866e-9
-2.9671e-10
2.60971e-10
-7.25746e-10
3.35493e-11
1.09636e-9
-2.26051e-9
2.17136e-10
6.606e-11
1.7718e-10
4.15963e-11
1.70788e-10
-3.76303e-10
-7.4608e-12
-3.88118e-11
3.26943e-11
-2.39722e-11
-2.38039e-12
-1.90975e-13
3.59803e-11
-7.57477e-11
-8.29534e-12
-2.02123e-12
-3.27976e-12
-2.61372e-12
-1.20443e-11
1.78971e-11
-6.18764e-13
1.77486e-11
6.52931e-12
-1.96361e-11
6.98032e-13
1.12822e-12
5.91772e-12
-1.54736e-12
-2.44371e-12
-2.44516e-11
-1.34803e-10
-2.06143e-11
-8.27632e-11
-6.99196e-11
-2.71449e-11
-2.83928e-11
1.38692e-12
1.77043e-12
-1.72165e-13
1.41655e-11
2.95869e-11
-1.08293e-11
5.61129e-11
2.64232e-11
-1.04016e-10
3.61692e-10
5.67798e-10
-2.26888e-11
1.17225e-10
-1.07669e-10
4.08937e-10
-2.63694e-11
-6.15986e-13
1.15579e-10
-6.31363e-10
0.00321269
0.00326721
-0.00247944
-0.00308305
-0.000799735
-0.000285714
0.00206346
0.00273829
-0.00446669
0.00561487
-0.00354645
0.00146396
-0.000870241
-0.00107871
0.00156121
0.000543464
-0.000286494
-6.1243e-5
2.92387e-6
4.8663e-6
-0.000161785
-0.000792298
0.000887521
-0.00191347
0.00135052
-4.0143e-7
-6.06373e-6
-4.82056e-6
3.86038e-7
2.21773e-6
1.02304e-5
7.22553e-5
-5.22802e-5
0.000259952
-8.74938e-5
2.79014e-6
6.07688e-6
1.32883e-6
-1.96562e-6
1.10797e-6
1.8074e-6
4.52729e-6
-2.09678e-5
-4.14217e-6
-5.11811e-6
4.69672e-6
-1.31581e-6
6.66648e-7
-5.29584e-6
-3.99496e-6
-2.98373e-6
3.753e-6
-6.68018e-6
-3.14235e-6
2.49873e-6
-7.34441e-7
-1.65374e-8
6.31185e-7
-2.67897e-5
2.03404e-5
-8.98146e-6
9.06563e-5
1.32844e-5
2.38114e-8
-7.39343e-8
1.33305e-8
6.2178e-8
3.08872e-8
0.000256539
-0.000213094
9.22758e-5
-0.000755926
-0.000128057
8.92307e-10
-1.92387e-9
-7.08502e-9
1.01729e-9
2.88639e-10
-0.00209024
0.0016477
-0.000979804
0.00162756
0.00297635
-0.00253834
0.00092466
4.89424e-11
-3.65977e-10
4.54548e-11
-1.772e-10
2.13753e-10
-0.00187191
-1.47269e-11
-6.20455e-12
4.73707e-11
-3.42191e-11
1.80131e-11
8.20184e-12
2.0164e-11
0.000236263
-1.36119e-10
9.03469e-11
-8.70198e-5
5.22931e-5
3.38511e-10
-1.27135e-11
9.4186e-6
-1.50609e-5
-3.60111e-10
-1.55743e-7
9.1375e-7
-7.99312e-10
1.42038e-10
-1.44057e-7
2.20725e-7
3.70786e-8
-1.12022e-7
2.56479e-8
-8.14597e-9
5.68615e-9
3.42037e-8
-1.01575e-8
-1.69954e-9
2.28461e-9
-8.17127e-9
1.1986e-8
-6.55538e-9
8.79612e-9
-2.71643e-9
3.27316e-9
3.14315e-9
-6.67975e-10
-2.55879e-10
1.69954e-10
2.44898e-10
-1.70759e-10
1.9467e-9
-4.63405e-11
-6.14917e-11
-2.81148e-11
2.94143e-11
9.10189e-11
2.64514e-12
3.76749e-11
-4.55402e-11
-1.75821e-13
5.83582e-12
2.61066e-11
-2.3329e-11
-1.90647e-12
8.04286e-12
1.81328e-12
8.93133e-13
-8.78832e-11
5.19404e-11
-3.89549e-12
-1.28628e-11
1.20279e-12
1.23669e-12
-5.41857e-13
-1.5891e-12
-1.46568e-12
1.57893e-10
4.34623e-11
1.64994e-10
1.85745e-10
-1.31985e-10
3.30445e-12
5.66305e-12
-4.27566e-12
1.66866e-12
8.70685e-12
-6.43719e-12
7.05789e-12
-1.20648e-9
5.31302e-10
-1.02473e-9
-1.24249e-9
-7.86535e-10
-7.77062e-11
-3.186e-10
-4.02632e-11
1.96007e-11
-6.06529e-12
-8.10468e-12
3.72979e-11
-7.55914e-13
-1.44787e-10
-3.74369e-12
3.73326e-9
-2.7278e-10
4.00168e-9
0.00393485
-0.00242649
-0.00672707
0.0083639
-0.00494563
0.00866551
-0.0104202
-0.00872273
0.0099099
0.00616382
-0.00710534
-0.00322957
0.00394537
0.00177397
-0.00189473
-0.00150093
0.00114733
-7.31853e-5
6.63349e-5
-4.95655e-6
-5.94399e-6
-0.000670943
-0.0011205
0.000580813
0.00177679
-0.000760062
0.000578471
0.000670216
-5.67627e-6
3.93667e-6
2.28274e-6
5.29625e-7
-5.69149e-7
3.58378e-5
2.37883e-5
-1.26845e-5
-7.49873e-6
0.000218728
-7.52097e-5
-1.10333e-6
6.19754e-7
1.96438e-8
6.75698e-6
1.80237e-6
-1.18887e-5
5.66755e-7
-2.9175e-7
3.09017e-7
9.03875e-7
-3.99666e-7
-2.00344e-6
-1.32039e-6
-1.73029e-6
1.42989e-6
-4.34367e-6
-4.70355e-8
-1.45082e-7
-1.43165e-6
-1.09721e-6
1.20025e-6
-1.31967e-5
1.36203e-7
1.6824e-6
-1.50819e-7
-2.73624e-8
1.74908e-7
-5.77391e-5
4.13451e-5
-5.24102e-6
1.92937e-5
0.000137439
4.55549e-6
-1.29552e-8
4.691e-8
8.95754e-9
-2.59542e-8
0.000723982
-0.000365422
6.23663e-5
-0.000265023
-0.00137608
-6.43697e-5
1.14085e-9
-6.04925e-9
5.26465e-10
-2.25005e-9
5.67292e-9
5.77085e-10
1.14153e-5
-0.00148123
0.00151874
-0.000497421
0.00123702
0.000440282
-0.00138935
5.0127e-10
-1.47669e-9
-2.68016e-10
7.40716e-10
-2.29006e-9
-0.00249127
0.00101654
1.43848e-10
-3.84662e-10
0.00286879
-0.00176923
-3.47746e-11
-5.72655e-11
-0.00214377
0.00128976
-2.15763e-11
1.89439e-10
0.0011218
-0.000573493
-2.63542e-11
-9.2007e-11
-0.000519432
0.00022261
-1.80323e-10
4.29837e-10
0.000361799
-0.000332328
-1.39739e-10
7.87615e-10
3.24892e-5
4.24855e-5
-2.16499e-11
-1.15309e-5
-1.19594e-5
2.233e-10
-4.20294e-10
-1.8449e-6
-8.38322e-7
-1.11479e-9
8.86262e-11
-1.62884e-11
1.44314e-7
-6.32137e-8
8.62072e-10
1.45769e-9
-4.66211e-8
-5.44839e-10
-3.23e-10
-4.90582e-9
1.24296e-8
2.02745e-10
2.6912e-9
1.23828e-9
-6.36682e-10
-1.13734e-9
1.11422e-9
-5.28646e-10
1.16481e-10
2.10345e-10
-1.02955e-10
2.0244e-10
-3.90468e-10
-1.00539e-10
-6.94971e-11
8.88953e-11
-3.14421e-11
-4.05547e-11
1.62628e-10
8.36576e-11
-1.54756e-10
-3.2625e-11
-5.69026e-12
1.83779e-12
9.74461e-11
-1.90965e-12
4.16626e-11
6.32306e-12
6.31737e-11
-1.7359e-11
2.52162e-11
-2.65378e-12
-3.36941e-11
-1.21793e-11
4.33422e-11
5.27228e-13
-6.83282e-10
2.63071e-10
1.44286e-10
-1.02732e-10
1.99973e-11
2.36379e-11
-1.921e-11
1.22048e-11
3.86156e-11
-3.44602e-11
2.2626e-9
3.75548e-9
2.10369e-9
-7.25844e-10
-1.42483e-10
5.43721e-11
6.52071e-11
-2.46732e-11
1.06846e-10
3.31561e-11
-2.56061e-11
-1.41051e-10
3.03474e-10
3.06735e-10
-3.31736e-9
-1.11859e-8
1.30464e-9
1.50063e-8
-1.3243e-8
-1.53602e-8
-3.96764e-9
3.40564e-11
-1.68546e-11
-1.45062e-10
4.46587e-10
-2.17193e-11
-1.7573e-9
3.29904e-9
3.2126e-8
-6.44941e-9
-0.00659049
0.0066661
0.00955963
-0.00746689
-0.00915937
0.00744781
0.00658503
-0.00544439
-0.00372233
0.00298904
0.00198395
-0.00134683
-0.000984296
0.000351506
6.81725e-5
-8.05193e-5
-0.000344495
-3.5676e-6
0.00135729
-0.00278066
0.000893361
0.00413626
-1.32113e-5
3.48077e-5
-6.22286e-7
-2.45492e-6
9.56228e-6
-2.63555e-6
-0.000251611
9.64054e-5
-0.000348126
0.000175011
7.97493e-7
-1.28008e-7
1.2034e-6
-5.77124e-7
4.66558e-6
4.85217e-6
-1.80182e-6
2.30103e-5
-5.92183e-6
1.45072e-7
1.95702e-7
-7.14883e-8
6.76811e-7
-2.93958e-7
-1.21721e-6
1.40323e-7
-7.21575e-8
5.78127e-8
-3.97314e-7
-9.02654e-8
4.80259e-10
-4.66101e-7
-6.95953e-7
7.18038e-7
-1.65825e-6
1.74588e-7
7.80694e-8
-4.57816e-7
-6.82602e-7
6.78885e-7
-7.02101e-6
2.27769e-7
1.44017e-6
1.83678e-7
-8.89722e-8
1.98935e-7
6.46197e-8
-1.71665e-7
0.000103855
3.28828e-5
-3.71412e-5
-1.28942e-5
1.92256e-8
-5.86043e-8
-1.51343e-8
3.82828e-8
-0.000538403
0.00103064
-0.000579827
0.000339932
0.0006366
0.000269339
-3.10848e-9
5.85134e-9
2.35898e-9
-4.53789e-9
1.48251e-8
6.7674e-9
0.00228587
-0.00236596
0.000935219
-0.00249803
-0.00372171
0.00355217
0.00350277
-0.000456228
4.17849e-10
2.87071e-9
1.06994e-9
-6.26952e-9
0.0039014
-0.0039038
-0.00363697
-1.1162e-9
4.16108e-9
-0.00302993
0.00326774
0.00273454
5.99325e-10
-9.52445e-10
0.00188783
-0.00225937
-0.00155553
-7.30754e-10
-8.02674e-10
-0.0010044
0.00101491
0.000692016
-1.75301e-9
6.77299e-9
0.000456435
-0.000325669
-0.000365173
-2.06509e-9
8.15778e-9
-1.69164e-5
7.27907e-5
1.39381e-5
2.08544e-10
-3.96824e-9
1.33361e-9
-2.07842e-6
1.01085e-6
1.39143e-9
6.06707e-8
2.79923e-10
-5.91854e-10
-4.96947e-9
-2.26383e-8
1.5142e-8
1.11646e-10
4.93127e-10
-6.05833e-9
-3.51613e-9
-1.73575e-10
4.66137e-10
2.65317e-9
-8.54842e-10
1.58318e-10
4.2112e-11
2.50221e-10
-4.46584e-10
-8.89452e-12
-8.69776e-11
-2.58221e-10
-4.9126e-10
3.57632e-10
-1.71798e-10
1.67996e-10
-8.82108e-10
-1.5029e-10
-7.94706e-11
-3.03102e-10
4.14144e-10
3.60027e-11
5.6539e-10
-4.81854e-11
5.31169e-11
-1.89774e-10
2.77068e-10
1.20771e-10
2.31558e-10
3.27857e-11
-8.8453e-10
-6.7675e-10
2.42386e-10
-1.06807e-11
-2.82578e-12
9.32505e-10
-2.90289e-10
-1.55803e-10
3.30529e-10
2.61206e-9
-1.03753e-8
2.39639e-9
-6.36179e-10
3.42417e-10
1.09528e-10
-4.28991e-11
5.45692e-10
-3.68678e-10
4.63525e-8
-9.12732e-9
9.38488e-8
3.65699e-8
-9.31098e-9
-8.7953e-10
7.64152e-10
1.18939e-10
1.38403e-10
-5.90818e-10
3.55512e-10
-3.07167e-9
5.5033e-9
-2.94043e-10
-3.36448e-8
-6.54307e-8
-7.81303e-8
2.06773e-7
-3.15411e-7
-6.24717e-8
-1.67056e-10
1.65406e-10
1.4467e-8
-5.26404e-8
1.09645e-7
3.29637e-7
0.00180903
-0.00144694
-0.00368139
0.00155723
-0.00653017
0.00312599
0.0080749
-0.00646342
0.00447881
-0.0025405
0.000944547
0.000107627
7.90069e-5
-4.51035e-5
0.000138483
0.0001382
-7.29848e-6
-5.29752e-5
8.19576e-5
-6.71238e-5
-0.00037335
0.000104507
1.01706e-5
-3.0521e-6
1.63143e-5
-6.29461e-6
-3.22743e-5
9.24734e-6
-7.53666e-5
2.83018e-5
1.88474e-6
-4.89427e-7
1.30051e-6
-3.02977e-7
4.49472e-7
5.81749e-7
-1.84969e-7
-8.3562e-8
1.23567e-6
-2.18803e-7
6.90051e-8
9.96096e-8
3.77042e-8
-1.23719e-7
1.75581e-8
-1.17003e-7
5.55734e-8
-2.0428e-8
4.74116e-7
-8.97113e-7
-5.06312e-8
-1.17306e-8
1.81677e-8
-5.82658e-9
2.42056e-7
-1.42383e-6
-3.13601e-7
1.52125e-8
5.1727e-8
-5.43002e-8
-3.02287e-7
2.91086e-7
4.06564e-7
-9.18668e-7
1.17975e-5
4.55318e-6
-3.37041e-6
-1.33105e-6
1.49887e-7
-2.94907e-7
-4.85331e-8
-1.15349e-7
-0.000179035
-0.000109994
7.88785e-5
3.91257e-5
-2.7428e-9
-1.05113e-7
-4.2564e-8
2.61817e-7
-0.00025943
9.6119e-5
0.000114859
0.00026694
0.000945933
-0.000414357
-0.00012536
-1.48079e-8
2.78652e-8
-1.90877e-8
5.46995e-8
2.69184e-9
2.56378e-8
2.2856e-8
-1.21105e-8
2.04762e-10
2.97399e-9
-4.24966e-9
-4.08283e-8
-7.3628e-5
-8.1018e-9
6.8579e-6
-3.68142e-6
5.75883e-7
-1.9586e-5
1.24535e-8
-1.58223e-8
9.99796e-9
4.49844e-8
2.33877e-6
-5.4884e-7
1.08861e-7
-2.92066e-9
1.18388e-8
-1.09379e-8
-7.95007e-8
-1.80554e-9
1.22325e-8
3.38305e-8
-9.16595e-9
5.42222e-11
3.05315e-10
2.1433e-9
-9.10749e-9
-4.15599e-10
6.83136e-10
7.15179e-10
1.86738e-9
-9.18164e-11
3.16211e-10
1.40859e-9
7.31688e-10
-1.07444e-8
5.55995e-11
-9.588e-10
9.75594e-10
-4.22694e-9
5.8076e-10
-7.29704e-10
1.50852e-10
-1.4755e-9
-1.70674e-9
-4.51484e-9
-1.0416e-9
1.10968e-8
2.10261e-10
-9.28046e-10
-1.58611e-9
1.15266e-8
4.09165e-9
-1.85199e-8
-3.95716e-10
7.39798e-11
-3.587e-11
-2.40932e-9
-1.15412e-9
2.20888e-10
-3.88313e-9
2.2139e-9
-9.07243e-9
1.50122e-9
1.69863e-10
6.63461e-9
-2.50471e-9
-1.42925e-9
2.94434e-9
4.12769e-8
-1.96083e-7
3.74092e-8
-6.78082e-9
3.46219e-9
-2.87866e-10
-1.45887e-9
7.77982e-9
5.52481e-10
-7.59511e-7
-3.10511e-7
8.72895e-7
7.81904e-7
-1.56166e-7
-1.55083e-9
-3.75432e-10
1.49558e-9
1.9326e-9
-3.49208e-9
-5.13044e-9
-4.54112e-8
2.97075e-7
-1.40912e-6
1.0719e-6
-9.72276e-7
0.00457325
-0.00287774
-0.00560205
0.00191754
0.0047129
-0.00222989
-0.00323268
0.00202928
0.0023737
-0.00174457
-0.000745101
9.31845e-5
-0.000519614
0.00432905
-0.000742652
0.000992478
0.000465882
-0.000166813
0.00152237
-0.000463736
-0.00266678
-0.00125502
0.000191699
-3.19436e-5
0.000155863
-0.000108064
3.67287e-5
-1.6652e-5
-1.475e-5
-2.17527e-6
3.07402e-5
-6.55046e-6
1.70633e-5
-3.10226e-6
-2.1567e-6
3.8049e-7
-9.26961e-6
2.4215e-6
7.52826e-7
-1.85746e-7
6.85885e-7
-1.2795e-7
9.76689e-8
-2.93729e-7
2.58177e-7
3.38126e-7
1.18683e-8
-1.56185e-7
9.9477e-7
-9.23575e-7
1.73109e-9
1.42459e-6
3.67207e-6
-4.14485e-6
-1.31864e-8
2.24384e-6
3.51804e-6
-4.36145e-6
8.56937e-7
3.72631e-7
-2.31556e-7
-1.64903e-8
3.7461e-7
8.15351e-8
1.01547e-6
-4.12355e-6
-2.9704e-5
-1.20902e-5
9.65716e-6
3.21503e-6
6.39951e-7
-2.53389e-6
-1.0335e-6
3.33962e-6
-3.10641e-5
8.03709e-5
-7.70839e-6
-4.08936e-5
-2.55478e-7
8.95527e-7
8.13098e-8
-6.16914e-7
-2.2451e-7
-0.00242285
0.00311801
-0.00128875
0.00149357
0.00367088
-0.00259068
-0.00437303
0.000905656
-9.59595e-8
2.83537e-7
2.17223e-8
5.0547e-8
-0.00428529
0.00436323
0.00423082
2.00629e-8
-1.32363e-7
0.0042683
-0.00574581
-0.00380581
-2.93801e-8
1.45871e-7
-0.00587921
0.00694229
0.00340628
3.67301e-8
-8.18224e-8
0.00184432
-4.25618e-5
-0.00127621
-1.39167e-9
-4.6704e-8
-0.000679369
0.000173897
0.000370769
1.41122e-7
-4.84055e-7
0.000125217
-4.74211e-5
2.18553e-7
-2.5403e-7
-2.19176e-7
-6.55635e-8
-3.27292e-9
3.58329e-8
-5.18461e-8
2.67233e-7
6.58767e-7
-1.95394e-7
-2.75797e-9
1.04472e-8
4.4269e-8
-1.75311e-7
-7.91201e-10
1.38972e-8
3.05794e-8
-3.2805e-9
1.01781e-9
-6.21824e-10
2.44355e-9
-1.18052e-8
-2.80049e-9
2.20268e-9
-5.22519e-9
3.27931e-9
3.58901e-8
1.48919e-9
4.59069e-9
-7.16487e-9
1.37191e-8
1.48399e-10
4.54432e-9
-4.87314e-9
-4.68048e-8
-1.09677e-10
1.76574e-10
-2.19337e-9
1.31775e-8
1.17526e-8
8.68259e-9
8.94596e-10
-4.17198e-9
6.12463e-10
-3.56672e-9
1.0693e-10
-1.12426e-7
9.09423e-10
1.95232e-9
-4.95867e-8
3.45331e-8
-1.69288e-7
1.90818e-8
-3.27125e-9
1.13314e-7
-2.46214e-8
-6.06068e-9
3.06012e-8
7.43695e-7
-3.90733e-6
7.13867e-7
-1.08658e-7
-8.49783e-9
-2.23665e-8
-1.46735e-9
-1.20489e-8
1.56981e-8
1.00806e-8
1.18759e-8
4.33487e-8
1.46148e-8
-7.47695e-7
2.78865e-6
4.50888e-6
-1.33612e-5
1.0262e-5
-2.66912e-6
4.79028e-8
-1.56891e-7
1.89934e-7
-4.9951e-7
2.41613e-6
-1.6587e-5
-0.00122061
0.000656887
0.00189458
-0.000617361
0.000907905
-0.00079751
0.000701512
-0.000385388
-0.000540572
0.000276944
-0.00833109
0.00565382
-0.00735435
0.0146095
0.00436147
-0.00870494
0.00024887
-0.00203809
3.61606e-5
-8.49771e-6
0.000244518
-3.02106e-5
0.000642904
-0.000111648
0.000162011
-3.01067e-5
7.11187e-6
-4.96504e-6
2.61644e-6
2.50745e-6
9.84661e-6
-2.78783e-6
9.19331e-6
-1.03092e-6
-3.44421e-8
-3.9191e-7
1.76873e-6
-5.91588e-7
5.84116e-7
-4.26117e-6
-3.19183e-7
-6.79061e-7
3.75751e-6
-1.68908e-6
-9.60834e-8
2.29371e-7
-3.74339e-7
2.6768e-7
-1.90239e-6
1.42775e-6
9.64582e-9
-1.67203e-8
-3.68984e-8
-7.23733e-9
-3.03439e-6
1.41581e-5
7.16441e-9
3.29326e-9
-1.55196e-8
4.0455e-9
-4.58266e-6
7.60686e-6
4.93676e-8
-9.23513e-9
-4.93888e-9
1.13035e-9
-1.91298e-6
5.23619e-6
1.2133e-5
-2.83116e-5
-2.66592e-6
-7.21782e-7
6.03165e-7
1.40295e-7
8.13236e-6
-2.12377e-5
-9.98971e-6
2.55285e-5
1.42341e-5
1.6717e-5
-7.0205e-6
-5.85082e-6
-2.59824e-6
8.60177e-6
1.66243e-6
-9.69058e-6
0.000373081
-0.000448227
0.000107741
-0.000191788
-0.000701948
0.000438858
-4.57573e-5
1.55355e-6
-4.51244e-6
-8.05983e-7
1.05204e-6
-0.00125466
1.02636e-7
0.00165767
-1.85229e-7
3.53952e-7
-4.56751e-7
-3.6794e-7
1.42916e-7
0.000527436
-0.000410491
1.51783e-6
-1.74189e-6
9.32536e-7
2.20207e-6
-6.81475e-5
9.41923e-7
-2.02928e-6
-4.37131e-6
6.84493e-5
9.83479e-6
-1.11881e-6
1.59821e-6
-1.16101e-5
1.87989e-5
-5.45944e-6
-6.40948e-8
2.63511e-7
9.34803e-7
-1.46749e-6
-4.79739e-8
3.27479e-7
4.75171e-7
-8.03012e-8
-2.20679e-9
-6.23704e-10
1.18079e-8
-9.17583e-8
-3.85918e-9
3.47283e-8
5.93749e-8
1.51742e-8
5.80583e-9
-2.85084e-9
1.99234e-8
-2.62164e-8
-8.85532e-8
-1.08124e-8
4.72445e-9
-1.11991e-7
8.75638e-8
-1.07534e-8
3.15003e-7
-5.95082e-9
1.18951e-8
-2.07767e-8
5.79367e-8
-2.08851e-8
3.8275e-8
-4.25719e-9
1.77298e-8
9.7941e-8
2.20748e-7
9.3661e-8
-8.57216e-7
1.22689e-9
1.49037e-8
-1.92266e-8
-3.80283e-7
-2.43304e-7
1.55645e-6
3.27662e-9
8.38377e-9
7.74204e-9
-2.72415e-6
6.71535e-7
3.04179e-7
-1.21115e-6
1.42292e-8
-5.63458e-8
3.9589e-9
-3.00291e-8
1.67465e-6
-4.97409e-7
-1.12862e-7
5.66682e-7
6.74631e-7
-3.5694e-6
2.44171e-7
-4.50094e-8
-8.14692e-7
7.37957e-8
1.56517e-7
-4.50643e-7
-1.3188e-7
4.63296e-5
1.63142e-5
-5.63471e-5
8.65749e-6
-1.70587e-6
1.44422e-7
2.6397e-7
-1.27839e-7
-4.36251e-7
3.87894e-7
-2.50786e-7
2.34354e-7
-4.51582e-5
4.68065e-5
-8.7358e-5
7.59254e-5
0.000949671
-0.00172347
-0.00189813
0.00216933
0.00188559
-0.00312945
-0.00129486
-0.00506106
-0.00031951
0.000139568
-0.000139475
0.000194589
-8.622e-5
0.000125451
8.45036e-5
0.00298581
0.0231827
-0.0276785
0.00888919
-0.00871909
-0.00207803
0.0002943
-5.90509e-6
2.53788e-5
2.05584e-5
-2.50946e-5
0.000178231
-5.34977e-5
0.000159543
-7.58398e-6
9.34419e-6
-2.62794e-5
1.26778e-5
-1.13886e-5
4.62471e-5
3.22886e-6
-4.74038e-6
1.3593e-5
-3.26224e-5
-4.24396e-6
-5.81014e-6
-6.36334e-7
3.03944e-6
5.99852e-6
1.82022e-5
-1.33839e-5
-6.52422e-7
-4.85598e-6
-8.0047e-6
2.1266e-5
1.04147e-7
-2.11106e-5
-4.26133e-5
5.09386e-5
1.28879e-8
7.70758e-10
-6.79332e-6
5.24123e-5
-9.01896e-8
-3.91297e-8
3.03505e-8
-2.45809e-8
4.83352e-5
-9.95579e-5
-5.01798e-5
0.000130372
2.78122e-6
1.71399e-6
-7.69306e-7
-4.38216e-7
-2.13849e-5
5.94866e-5
1.8425e-5
-5.78096e-5
7.58559e-5
-1.49601e-6
-2.92752e-5
4.53444e-5
2.95745e-6
1.06312e-5
-2.33653e-5
5.6662e-6
-0.000120991
-1.2836e-6
-4.40944e-7
1.57242e-6
8.40111e-7
0.00389649
-0.00475824
0.00225766
-0.00288118
-0.00610466
0.0024318
0.00519822
-0.00217965
-2.57977e-7
1.04238e-6
2.22782e-6
-2.86417e-6
0.00497807
-0.00121513
-0.00532843
-2.49398e-6
2.21878e-6
-0.000964071
-9.72985e-5
-8.75108e-7
2.69181e-6
0.000117135
-0.000194737
-4.31941e-6
6.7243e-6
-5.59405e-6
-7.19631e-5
7.1888e-5
-1.50822e-6
1.60456e-6
1.56431e-5
1.83856e-6
-2.94295e-6
-2.99371e-8
1.41741e-7
3.22281e-7
7.90232e-7
-2.29911e-7
3.23679e-7
5.81566e-7
-3.23983e-7
6.82538e-9
-3.11236e-8
-3.21132e-8
1.57514e-6
3.04822e-7
4.0045e-8
-1.4782e-7
2.9159e-7
2.21801e-8
-2.03283e-8
2.52255e-7
-2.60875e-8
-4.49836e-7
-1.66391e-8
-4.24478e-8
5.0672e-8
-2.73663e-7
-2.1557e-8
-5.14501e-8
4.73125e-8
3.98921e-6
-6.08944e-6
2.93451e-10
-9.10193e-8
8.24142e-8
8.61051e-6
3.96173e-6
-1.18301e-5
3.74484e-8
-3.06233e-8
-9.87033e-8
2.92905e-8
1.45536e-5
-4.26045e-6
-1.71025e-6
5.9574e-6
2.45265e-7
-6.93022e-7
7.91677e-8
2.32624e-7
-6.14968e-6
1.67879e-6
1.07778e-6
-2.51382e-6
1.86216e-5
-6.72112e-5
-3.95681e-6
-1.14446e-6
6.65365e-7
-2.24029e-7
6.82227e-7
-6.40104e-7
4.34099e-7
-6.23657e-7
2.10095e-6
1.80977e-6
-1.12209e-6
-2.20425e-6
7.52281e-5
-1.84436e-5
0.000237203
-0.000172624
6.05603e-5
-1.90596e-6
5.49804e-6
-0.000884511
0.00185732
0.0012591
-0.00259275
0.00322826
-0.0041455
0.00609926
0.0177305
-0.01355
-0.0142256
0.00792746
0.00984791
0.0101948
-5.5523e-5
-4.95356e-5
8.43724e-5
0.00019157
-4.09758e-5
-6.89187e-5
0.000401196
0.0146223
-0.0270296
0.00429785
-0.00724743
-0.00125779
0.00110272
9.13732e-5
-3.76956e-5
9.94026e-5
-7.29901e-5
-2.79552e-5
-7.03425e-5
0.000127173
4.4317e-5
-5.22949e-5
8.57114e-6
4.48498e-5
8.30095e-6
-7.6926e-6
1.33363e-5
-2.45769e-5
1.20376e-5
-2.55335e-5
4.64294e-5
-8.53628e-6
-7.74591e-5
0.000100865
2.75042e-5
-1.1324e-6
3.67917e-6
-3.68353e-6
1.3254e-6
2.38026e-5
-3.61503e-5
-1.41007e-7
3.76595e-7
-4.21325e-7
2.31595e-7
7.23943e-5
-8.41255e-5
-7.03861e-9
8.27537e-9
2.69799e-9
1.94806e-8
-1.45901e-6
2.25111e-5
-7.08609e-5
8.16373e-5
-4.72953e-9
-4.72709e-9
0.000135214
-0.000174915
1.46653e-7
1.08189e-7
-2.10877e-8
-2.01762e-7
7.63346e-7
-7.72283e-5
0.00014431
-5.89009e-5
0.000102624
7.55053e-6
-2.07069e-6
-9.38842e-7
-2.55756e-6
5.85729e-6
4.33049e-5
-7.27423e-5
3.86304e-5
-6.75523e-6
-1.16389e-5
-3.95615e-6
2.05313e-5
-0.00112925
0.00141307
-0.000454931
0.000860829
0.00194849
-0.0011926
0.000233743
-3.80533e-6
1.11647e-5
1.23218e-6
4.79368e-7
0.00159153
-6.87526e-6
-0.00158418
8.57581e-6
0.000728106
-6.86279e-6
0.0011055
-0.000784206
-9.26282e-6
8.04238e-6
-0.000695375
-7.4202e-5
0.000268376
1.08181e-5
-9.14507e-6
0.000180874
-0.000161456
-3.36885e-6
0.000396638
-0.000135159
-1.78412e-6
5.73659e-6
-3.15067e-6
-5.12315e-5
9.23763e-5
-9.9993e-7
6.81005e-7
1.35057e-5
2.53768e-6
-8.76186e-6
-1.90322e-6
-1.4658e-6
2.5791e-7
-2.16663e-7
3.13875e-7
-3.74651e-7
-1.9617e-6
1.22544e-5
-2.29469e-6
-4.2734e-8
1.12191e-7
-4.03635e-6
1.65262e-6
-3.6564e-8
2.95204e-8
-2.89382e-6
-3.50273e-5
2.08543e-5
4.51749e-8
-3.0741e-8
3.92234e-6
-9.78567e-6
-5.89656e-7
-1.17806e-6
5.73051e-8
-6.09788e-8
-2.08884e-7
8.35825e-7
2.25048e-6
-2.42039e-6
8.90837e-8
-5.99711e-8
-1.49843e-5
2.79009e-5
1.73366e-5
-3.90245e-5
4.39089e-8
4.01095e-7
-1.91172e-7
4.45734e-5
-2.06454e-5
2.32453e-5
-4.2806e-8
-5.32684e-7
-2.4564e-5
-8.59717e-6
1.91374e-5
-3.11914e-7
4.90078e-7
3.54535e-7
-6.1138e-8
-6.72544e-6
1.17048e-5
4.92663e-6
-8.49947e-6
8.45136e-6
-2.80351e-5
-7.57708e-6
-5.61895e-7
-8.65343e-7
3.60791e-6
-1.13132e-6
1.27503e-6
-6.64814e-7
7.76605e-7
-2.93697e-6
-2.05783e-6
-0.000207199
-0.000182444
0.000271022
-7.29066e-5
0.000200775
-0.000100393
4.78503e-5
6.13568e-6
-7.94395e-6
1.40084e-5
-3.73373e-5
0.000122174
-0.000173009
-0.00114058
0.00203336
-0.00280178
0.00385155
-0.00387937
0.00409318
-0.00474124
0.00610876
-0.00394864
-0.0164288
0.00669974
0.0103512
0.00833087
-0.000738033
0.000310906
-0.000480814
0.00123852
0.00359774
-0.00647668
-0.00074105
-0.000178922
0.00049175
-0.000291688
0.000175017
1.88668e-5
-7.40624e-5
0.000132908
-8.03605e-5
0.000104218
-0.000188853
-2.37008e-5
-4.11428e-5
0.000223171
-0.00023164
-0.000171735
4.00935e-5
-2.06475e-5
6.41215e-5
3.19062e-5
3.36152e-6
-1.09362e-6
-3.50742e-5
0.000133246
7.92577e-7
-5.62604e-7
-8.49581e-5
0.000142827
1.09285e-7
-1.0673e-7
-6.15526e-5
-8.69169e-5
-4.79121e-9
3.97714e-9
5.39413e-8
7.30132e-9
-0.000164024
0.000213843
0.000186284
-0.000271333
4.15894e-10
3.23892e-8
-0.000248389
-0.000126163
0.000271461
-6.59748e-9
1.54628e-6
-3.03216e-6
0.000129802
-9.63113e-5
-3.57809e-5
0.000102285
-0.000337416
-2.36639e-5
0.000250783
-0.000541152
-6.56459e-6
-2.29269e-5
4.937e-5
-1.18327e-5
0.000937623
-7.66825e-6
-0.000973917
2.00653e-5
0.000770456
-2.10206e-5
-0.000291604
1.56102e-5
8.08985e-5
-9.93481e-6
0.000267866
6.16066e-6
0.000405604
-0.000483195
1.08286e-5
-8.47604e-6
-0.000144724
-0.000352428
-3.8636e-6
0.000404135
-0.000168248
-8.37724e-8
5.69819e-7
-3.92649e-7
2.40544e-5
1.06936e-8
-6.35938e-5
1.6878e-8
1.22775e-8
-7.49049e-6
1.91845e-5
3.0772e-8
-5.08097e-8
9.29214e-6
0.00016348
-0.000139825
-1.43192e-8
8.21074e-9
0.000110156
-3.04857e-5
-4.70747e-8
2.35344e-8
2.56292e-6
1.11288e-5
-4.95773e-8
7.69748e-8
8.14464e-6
-1.91267e-5
-9.18779e-9
9.34288e-8
-5.88753e-5
9.28099e-5
-3.54354e-7
1.17179e-7
-9.27939e-5
-4.33054e-5
8.51478e-5
2.11684e-7
1.62673e-7
-1.26406e-6
9.77779e-7
-7.22649e-5
3.53502e-5
-4.10972e-5
-1.32092e-7
1.37907e-6
3.73421e-5
-1.59929e-5
1.55872e-5
4.98415e-6
-1.18033e-6
-7.75303e-6
5.65703e-6
-2.18819e-6
5.5053e-7
-2.09336e-6
-0.000108727
0.000208483
-5.06493e-5
4.55555e-5
-2.39537e-5
7.65771e-6
-1.15617e-5
1.26611e-5
-1.68164e-5
2.93699e-5
-5.38616e-5
6.25752e-5
-9.2429e-5
-0.00147368
0.00199516
-0.00164986
-0.00222424
0.00320022
-0.00333781
0.00289946
-0.00230615
0.00211775
-0.00244958
0.00293751
-0.00680943
-0.00885526
0.00961362
0.000967682
-0.00332249
0.00402977
-0.000445073
0.000881599
-0.000794445
-0.00109641
0.000970375
-0.000247889
-9.9022e-5
-0.0014141
-4.82981e-5
0.00101033
-0.000709944
0.000192015
-0.000375961
0.00028434
0.000521563
-0.000292951
0.000588283
0.000233704
-0.000330249
0.000229897
-0.000195997
0.000121753
-0.00010121
1.84091e-5
-6.50798e-5
-1.92076e-5
2.62777e-5
-6.88888e-5
-0.000158325
0.000245308
-4.28022e-6
-0.000191881
-0.000319764
0.000409732
1.15636e-6
3.11388e-7
0.0001281
8.15004e-5
-2.54949e-7
9.50503e-8
-0.000235414
0.000318515
4.86369e-9
-7.64916e-9
-3.2333e-8
1.60211e-8
-3.32186e-8
0.000218616
-0.00032226
0.000294856
-0.00035604
-3.57036e-7
7.88696e-8
7.17583e-8
-9.74486e-8
1.43849e-7
-0.000202498
0.000289121
-0.000187311
-2.56663e-6
0.000119921
-0.000150725
-6.41644e-5
1.12282e-5
-3.807e-7
7.43165e-5
-0.000192332
-7.48349e-5
0.000120439
-4.96729e-5
0.00038411
1.15876e-5
-0.000489924
2.5546e-5
0.000388208
-4.52815e-5
-6.80207e-5
4.45792e-5
-0.000329128
-3.20182e-5
0.000591334
1.81031e-5
-0.000887485
-8.75796e-6
0.00148688
5.72533e-6
0.00119145
-0.00174641
7.61533e-6
-5.77865e-6
-0.000435416
0.000429693
-0.000309549
-4.87473e-5
1.75952e-7
-1.0016e-6
1.10627e-6
6.85958e-6
9.40432e-5
3.45998e-8
-3.46679e-8
1.05674e-5
-0.000132747
0.000218996
0.00015053
-0.00033602
1.20031e-8
-7.30448e-9
-3.1666e-9
6.52865e-9
-0.000156806
0.000319037
-0.000278628
0.000159632
2.43364e-9
9.47723e-10
-0.000166663
4.18286e-8
-8.87744e-9
1.15472e-5
-7.62392e-8
-1.43732e-5
-1.41355e-7
-2.67293e-7
2.4861e-7
0.000126426
-0.000237686
9.06359e-8
-5.64866e-7
4.49689e-7
0.000167426
-0.000133784
6.9611e-7
-4.89384e-7
0.000105852
4.81523e-5
-7.7322e-5
-1.48213e-6
1.94539e-6
2.19185e-6
-1.48989e-6
5.08261e-5
-5.01922e-5
-2.5983e-5
3.50883e-5
3.42638e-7
6.37139e-7
-6.90424e-6
4.8203e-6
-3.96521e-6
-1.61364e-5
8.74305e-6
-8.01926e-6
-1.68539e-6
2.05703e-6
-1.15477e-5
7.14251e-5
2.62833e-5
-2.81899e-5
1.58792e-6
9.69725e-6
6.13449e-6
-1.24585e-5
1.42762e-5
-1.28766e-5
1.17337e-5
-1.52372e-5
2.39105e-5
-3.37009e-5
6.15673e-5
-7.74281e-5
0.00187093
-0.00208483
-0.00196716
0.00150337
-0.000319619
-0.000988634
0.00169201
-0.00148739
0.000606117
0.000809752
0.00044896
4.71352e-5
0.00174022
-0.00125082
0.000934447
0.001299
-0.00225747
0.00491387
-0.0061576
-0.00253153
0.00134378
-0.000654538
0.000469289
-0.000337751
-0.000851872
0.000535026
-0.00032041
0.000236337
-0.000161872
0.000154357
-3.0973e-5
-5.48978e-5
4.09997e-5
-6.18532e-5
4.30928e-5
9.15553e-5
8.28068e-5
-8.17906e-5
0.000158852
-0.000252105
-2.44796e-5
4.51567e-5
-3.32145e-5
1.7223e-5
0.000325322
-0.000350666
-5.58236e-6
1.36644e-5
-9.66584e-6
4.18325e-6
1.47234e-6
-0.00024965
0.000251908
-3.55487e-5
-9.6749e-5
-3.06718e-7
4.21401e-8
0.000221116
-0.000296198
4.49878e-9
-2.9171e-9
-1.92952e-8
0.000315963
-0.000308185
0.000325215
5.1955e-8
-2.17803e-7
6.17436e-7
-0.000315675
0.000299345
0.000152254
-0.00031041
3.69538e-6
-3.51133e-5
7.23637e-5
-0.000164245
5.40046e-5
-0.000129235
8.09964e-6
8.46044e-5
-5.53467e-5
0.000166172
7.98218e-5
-0.000581756
-7.68234e-5
0.000975884
5.53881e-5
-0.0011612
-3.10174e-5
0.0011521
1.38242e-5
-0.000993862
-5.27217e-6
0.000525711
1.82006e-6
0.000102884
7.86683e-7
7.8746e-5
-0.000253437
-2.42177e-8
1.39139e-8
4.42582e-8
0.000387881
-0.000537147
0.000720859
2.77683e-9
-1.34305e-9
5.83878e-9
-0.000817551
0.000776265
-0.000653999
6.15923e-9
-3.04236e-9
0.000608517
0.000221654
-0.000570553
-1.46161e-7
1.22829e-7
2.5704e-8
-1.44375e-8
-0.000102419
0.000254857
5.67608e-5
-4.98094e-5
0.000126683
-0.000332098
3.72113e-7
-2.32798e-7
-0.000549459
0.000715544
0.000375217
-0.00046251
7.08979e-7
7.94216e-7
-5.70012e-7
0.000246144
-0.000222943
0.00016622
-1.38433e-6
1.0794e-6
-1.25166e-6
-0.000121166
8.53671e-5
-3.68671e-6
2.30659e-6
-5.83377e-5
4.62316e-5
-3.48915e-5
1.73555e-5
-9.20318e-6
5.82678e-6
2.32235e-5
-1.74303e-5
8.93858e-6
-1.29203e-6
-8.71015e-7
4.2568e-5
-3.37184e-5
-9.74688e-6
1.48875e-5
-1.37887e-5
6.59295e-6
2.02388e-6
-6.37166e-6
4.26928e-6
1.99509e-6
-1.00959e-5
-2.04e-6
0.00209954
-0.00301924
0.00231101
0.0014109
-0.00114924
0.000547094
0.000623841
-0.00249432
0.00449757
-0.00571186
0.00560646
-0.00455
0.00362232
-0.00341684
-0.00468703
0.00657057
0.00507925
-0.0051269
0.00503774
-0.00227439
0.00140895
-0.00101728
-0.00309833
0.00222815
-0.00145283
0.000666239
-0.000454154
0.000315477
0.00098462
-0.000671901
0.000431481
-0.000214515
0.000137499
-0.000234892
8.56622e-5
-9.01401e-5
7.03698e-5
-4.34615e-5
4.385e-5
-0.000146335
0.00021205
2.32904e-5
-1.35273e-5
-0.000249815
0.000249602
6.80393e-6
-3.00657e-6
-1.37645e-6
-0.00017839
4.62451e-5
6.03627e-5
5.20418e-7
-1.721e-7
-0.000154689
0.000214611
4.38218e-8
-5.37433e-9
-1.01968e-8
-0.000238995
0.000250696
-0.000280021
3.11686e-8
1.13207e-8
4.18495e-7
0.000299929
-0.000383462
0.000333813
7.35445e-6
-2.37972e-6
-1.43864e-7
-8.05368e-6
1.37555e-5
0.000236011
-0.000360314
0.000121196
-1.82839e-5
-3.00837e-5
-1.71154e-5
-3.96214e-5
0.000173877
8.76388e-5
-0.000528149
-0.000112127
0.00102773
0.000106542
-0.0014613
-7.82821e-5
0.00160758
4.47065e-5
-0.00144395
-1.98772e-5
0.00110924
7.21464e-6
-0.000609944
-2.0859e-6
-0.000483829
0.000630416
-1.70462e-6
1.43301e-6
0.000157771
-0.000124728
-0.0001718
0.000495974
-5.11565e-9
1.964e-8
-2.13403e-7
-0.000792624
0.00104859
-0.00134809
-1.75113e-10
1.24209e-9
-9.46687e-10
0.00155284
-0.00153218
0.00128081
-5.8924e-9
1.52461e-9
-0.00100214
0.000746331
-1.28593e-7
-5.41712e-8
1.88544e-8
-0.00038526
3.16277e-5
0.000274039
-6.11055e-7
3.21778e-7
-0.000580127
0.000617737
-1.36501e-6
9.44158e-7
-0.000376545
0.000240922
-0.000162471
2.10199e-6
-1.37621e-6
1.39823e-6
0.000108722
-7.24267e-5
4.75102e-6
-3.23444e-6
4.91769e-5
-3.75622e-5
2.93174e-5
-1.57647e-5
1.02395e-5
-6.90169e-6
-2.68537e-5
1.78251e-5
7.08697e-6
-8.01358e-6
-3.54341e-5
3.30475e-5
3.67696e-5
-3.57234e-5
2.19674e-5
-3.77261e-6
1.6514e-5
-1.85002e-5
1.16281e-5
3.15864e-6
-2.0939e-5
3.36531e-5
-3.61955e-5
3.07988e-5
-2.57371e-5
2.48994e-5
-4.71531e-5
-0.000457033
0.00232672
-0.00228154
-3.25306e-5
0.000602339
-0.00194535
0.00407128
-0.00647253
0.00815638
-0.00833082
0.00692501
-0.00510835
0.0047696
-0.00464468
0.00493249
-0.00376646
0.00275005
-0.00218633
0.00111837
0.00265957
-0.00196152
0.00136908
-0.000592533
0.000377316
-0.000240564
-0.000979403
0.000697412
-0.000465922
0.000151905
-9.18143e-5
0.000279251
-0.000115786
7.19065e-5
-8.15457e-5
3.70875e-5
-2.9134e-5
0.000118351
-0.000156904
-1.41483e-5
1.16206e-5
0.00016687
-0.000149406
-5.20301e-6
4.34727e-6
4.63066e-7
0.000133531
-4.88981e-5
-2.51882e-5
-2.96085e-7
1.34255e-7
8.23082e-5
-0.000123635
-5.40347e-8
2.24751e-8
-4.7275e-9
0.000149327
-0.000170112
0.000240456
5.03983e-10
-3.8095e-8
-3.11185e-7
-0.000395931
0.000456692
-0.000338127
7.87949e-7
4.78587e-6
1.633e-6
0.000288959
-2.65817e-5
-1.87006e-5
-5.71871e-5
7.67914e-5
8.29473e-5
-0.000258502
-0.000112082
0.000624566
0.000128099
-0.00113676
-0.000118943
0.00159645
8.83129e-5
-0.001761
-5.16901e-5
0.00151835
2.31817e-5
-0.00104651
-7.61449e-6
0.000608388
1.47763e-6
-0.000398669
-2.24021e-7
9.62287e-5
0.000257725
-0.000793098
1.02482e-8
-5.92922e-8
1.64029e-7
0.00118394
-0.00144413
0.00185685
-8.35609e-10
9.76549e-10
-4.81946e-9
-0.00209684
0.00200458
-0.00163034
-3.91988e-10
8.01902e-10
0.00103022
-0.000694586
1.80854e-7
3.34531e-8
-4.68274e-9
0.000306284
9.78142e-5
-0.000219764
1.07831e-6
-5.05003e-7
0.000514061
-0.000843032
2.64502e-6
-1.62252e-6
0.000444546
-0.000204522
0.000116502
-2.49735e-6
1.33153e-6
-1.93553e-6
-7.38448e-5
4.84267e-5
-5.01494e-6
3.5219e-6
-3.17303e-5
2.64185e-5
-3.03598e-5
1.44805e-5
-1.00054e-5
7.055e-6
2.94001e-5
-1.68838e-5
4.05739e-6
-3.66385e-5
2.77873e-5
-1.96534e-5
1.42268e-5
-3.27435e-5
2.53266e-5
-1.14921e-5
-1.00733e-5
3.5789e-5
-5.63302e-5
6.33477e-5
-5.49234e-5
4.07989e-5
-3.75681e-5
3.4375e-5
-0.000463068
0.000687875
-0.000654982
-0.000976358
0.00213094
-0.00395466
0.00617686
-0.00800536
0.00849732
-0.00750651
0.00495815
-0.00407055
-0.0027312
0.00326477
0.00225434
4.76489e-5
0.000663107
-0.000435934
-0.00178877
0.00159297
-0.00104467
0.000298786
-0.00025117
0.000140633
0.000750273
-0.000567883
0.00037815
-9.82002e-5
4.74155e-5
-0.000205236
5.59368e-5
-3.14779e-5
5.58501e-5
-3.14266e-5
3.80942e-5
-0.000101133
9.99405e-5
1.49216e-5
-6.23499e-6
-0.000108375
9.00891e-5
4.88967e-6
-4.00064e-6
4.36607e-7
-7.61932e-5
2.01446e-5
1.6546e-5
-6.09859e-8
-7.49076e-9
-4.31191e-5
5.86243e-5
2.85024e-8
-6.04657e-8
-4.26322e-9
-8.33397e-5
7.91463e-5
-9.14099e-5
1.90656e-8
-1.97044e-7
9.07079e-7
0.000124349
-3.23982e-6
-3.33141e-6
-4.70911e-5
1.10498e-5
-4.26715e-5
4.20076e-5
0.000163446
-0.000196759
-7.97158e-5
-0.000109556
0.000228046
0.000119494
-0.000518113
-0.000122163
0.000941822
0.000105955
-0.00135818
-7.63321e-5
0.00153831
4.36433e-5
-0.00138066
-1.97571e-5
0.000851643
6.24966e-6
-0.000461939
-1.13435e-6
0.000152758
-6.64633e-5
-0.000255234
0.000976276
1.32399e-8
2.39895e-8
-3.26048e-7
-0.00146136
0.00139452
-0.00183129
2.64617e-10
-1.69536e-9
1.08998e-9
0.00198845
-0.00165323
0.000932483
2.90448e-9
-7.73289e-10
-6.73113e-5
0.000155129
-1.5092e-7
2.11354e-8
-9.63386e-9
0.0004235
-0.000215224
0.000514627
-1.69981e-6
6.53886e-7
-0.000527761
0.000716626
-4.65443e-6
2.9136e-6
-0.00015755
6.91644e-5
-6.53816e-5
2.30197e-6
-2.74438e-6
4.5136e-6
4.30068e-5
-3.2448e-5
4.23278e-6
-3.02699e-6
1.74961e-5
-1.08628e-5
9.7397e-6
-1.22812e-5
7.96014e-6
-5.6265e-6
-5.34445e-7
5.16554e-6
-1.7862e-5
1.38698e-5
-0.000103477
7.85852e-5
-3.54388e-5
1.4991e-5
9.58795e-6
-3.84351e-5
6.32005e-5
-7.3819e-5
6.76194e-5
-4.43832e-5
3.58746e-5
-2.83014e-5
2.19279e-5
0.000307339
2.00949e-5
-0.000750431
0.00051277
-0.000188108
0.000810932
-0.00175733
0.00285045
-0.00440951
0.00573405
-0.00649254
0.00503894
-0.00355803
0.00265971
-0.00229203
-0.0019018
0.00140013
-5.38102e-5
-0.000229339
0.00013077
0.000103792
-0.000615962
0.000874133
-0.000969091
0.000563472
-0.000103747
0.000129123
-9.69664e-5
-0.000360756
0.000366475
-0.000252708
9.23186e-5
-8.78206e-5
0.00014028
-5.57203e-5
-6.42083e-6
6.74217e-5
2.20988e-5
2.15492e-5
1.00829e-5
-6.68845e-6
-4.37938e-6
3.44101e-5
5.63238e-6
-4.1092e-6
1.62027e-7
3.99384e-6
2.01747e-6
-1.18098e-6
-3.06179e-5
2.13692e-5
5.25455e-7
-2.04218e-7
3.40211e-5
-3.47893e-5
6.19428e-8
9.86915e-8
7.49064e-8
4.00329e-5
-2.54048e-5
2.23609e-5
9.89743e-8
9.41368e-8
-2.00137e-7
-3.61286e-5
-4.13415e-5
2.03274e-6
-3.12937e-6
-3.88109e-5
7.87851e-5
6.81716e-5
-3.50588e-5
-4.48684e-6
5.89525e-5
-7.15686e-5
0.000161888
-0.000126141
6.26772e-5
8.72849e-5
-0.000167241
-0.000124987
0.00033814
0.000104168
-0.000617024
-7.17409e-5
0.000892869
4.26969e-5
-0.00107415
-1.99064e-5
0.000846095
6.4103e-6
-0.000509434
1.82645e-6
0.000279844
-1.06578e-6
-9.87689e-5
-9.43076e-5
5.63775e-5
0.000477607
2.74238e-8
5.24814e-7
5.36837e-8
-1.24857e-9
-2.69766e-7
-0.000801691
-1.86745e-8
0.00112832
-0.00107451
0.00116631
-9.96377e-11
3.33122e-9
4.56898e-9
-0.0012955
0.000764368
0.000161508
9.41067e-10
-5.02173e-10
-0.00104415
0.00137568
-0.000485522
-4.08582e-9
7.47897e-10
-0.00120159
0.00114532
-0.000509534
-5.88148e-8
-0.000588912
0.000417233
-0.000281732
-1.93434e-8
0.000236957
-0.000190285
0.000111626
-1.4107e-6
9.18518e-7
2.25975e-8
-2.73311e-7
-5.10916e-5
2.50045e-5
-2.82135e-6
2.06212e-6
-7.76219e-6
9.91043e-7
1.46092e-6
7.60862e-6
-4.44019e-6
2.85713e-6
-2.69439e-5
-3.37465e-5
5.11841e-5
-1.62008e-5
3.04353e-5
8.47899e-5
1.61855e-5
2.09703e-5
-1.23394e-5
5.05558e-6
-6.93822e-6
-4.97081e-5
2.51963e-5
-2.17185e-5
-1.8359e-6
2.88799e-5
-5.05659e-5
6.35417e-5
-5.06158e-5
3.66559e-5
-2.58436e-5
-0.00010316
-0.00100334
0.00114331
0.00182723
-0.00170417
0.00252991
-0.00305192
0.00332746
-0.00256676
0.00160925
0.000794481
-0.000521991
-0.000392282
6.16559e-5
-0.000188152
9.74719e-5
0.000170505
0.000362959
-0.000208287
-0.000198826
-4.45932e-6
-3.08543e-5
-0.000206973
0.000144705
0.000140241
9.29899e-6
1.47813e-5
-8.21502e-5
3.96417e-5
-2.16444e-5
-3.39507e-5
2.07616e-5
-1.95656e-5
-3.27517e-5
1.23929e-5
-9.24624e-6
6.7281e-6
3.65963e-6
-7.4927e-6
-2.12079e-5
6.04173e-6
-4.24833e-6
3.98783e-6
1.1447e-5
-6.71213e-6
-1.5742e-5
3.55976e-6
-2.05248e-6
1.57136e-6
-5.10285e-6
1.48019e-6
-7.34044e-7
3.75433e-7
4.39088e-6
-3.47677e-7
-1.23963e-6
6.76977e-7
-1.15939e-6
-5.48978e-6
6.12102e-8
1.62789e-5
-1.92934e-6
3.59029e-6
-9.42672e-6
-0.000164998
8.14874e-5
-2.58265e-5
-0.000106187
-2.19911e-5
8.6265e-5
-7.2393e-5
-0.000133168
0.000245262
0.000155178
0.000202048
-0.000183453
-8.64761e-5
0.000335997
1.89689e-5
-0.000449006
6.00534e-6
0.00052049
-1.23451e-5
-0.000390738
2.05746e-5
0.000213007
-1.03876e-5
-2.08039e-5
2.41431e-5
8.07096e-5
-0.000285869
-2.52028e-7
4.54356e-7
9.20493e-7
0.000370273
-0.000486133
0.000381439
-0.000115039
0.00041886
-1.73292e-8
3.26778e-9
7.91888e-5
-0.000933366
-6.8602e-11
3.66949e-10
0.00186161
-0.00161154
2.00793e-9
1.69023e-10
0.00147978
-0.000999192
2.00574e-8
-4.27287e-10
-1.92351e-9
-2.15059e-9
0.000559599
-0.000316102
1.56015e-9
-5.68531e-9
6.79551e-9
-6.77027e-10
0.000160193
-0.000170006
-0.000153418
5.40374e-8
8.75368e-8
-4.98826e-8
5.36436e-5
-4.32682e-6
7.92463e-7
-4.32477e-7
1.57654e-6
-1.1617e-6
-4.24713e-7
4.95651e-6
1.55231e-6
-1.11945e-6
1.5834e-6
4.79988e-5
-9.60893e-5
-6.25663e-5
3.38595e-6
-1.23896e-6
1.59752e-6
-2.86955e-6
0.000107448
-4.50428e-5
5.33712e-5
-1.10305e-5
-1.4494e-5
2.85125e-5
-3.50941e-5
3.02628e-5
-1.9505e-5
5.49967e-6
-7.58143e-6
-0.000409148
0.00045168
-0.000282554
-0.00181124
0.00135428
0.000806635
-0.00105285
0.00123674
-0.00167907
0.00121849
-3.87187e-5
7.50451e-5
0.00012091
-1.4369e-5
-2.31802e-5
-5.03349e-6
8.98956e-5
-5.18912e-5
1.7009e-5
-0.000258436
4.97301e-5
-5.56965e-5
9.46678e-5
7.19639e-5
-6.00805e-5
2.49033e-5
-4.52448e-6
-1.15716e-6
5.2505e-6
-8.49592e-6
7.0998e-5
-8.89708e-5
-8.48514e-5
4.89295e-5
-3.1506e-6
6.6977e-6
4.59047e-5
-2.31621e-5
-2.26023e-5
3.06464e-6
-4.32674e-6
1.4175e-5
-6.78327e-6
2.52312e-6
-2.38305e-6
3.08214e-6
-1.8043e-6
1.77648e-6
-1.75796e-6
1.11738e-6
-3.11406e-7
1.21474e-6
-8.77712e-7
2.45879e-7
5.53661e-7
-4.1111e-7
-5.15039e-7
-1.2831e-6
-3.84837e-7
3.5342e-7
5.43081e-6
-1.79154e-6
1.5882e-6
-8.52612e-7
1.37457e-6
-1.17068e-6
1.62514e-6
1.04964e-6
-1.69975e-6
-1.69798e-6
-1.36238e-5
1.43789e-5
1.51906e-6
-4.78478e-6
6.94492e-6
-4.79621e-5
9.9359e-5
-1.76794e-5
3.30873e-5
0.000320851
-0.000267362
-0.000133253
-2.45478e-5
-0.00013188
-1.09151e-5
9.75158e-5
-0.000141734
-0.000246177
0.000194794
8.29752e-5
8.545e-6
-0.000136886
5.67505e-5
0.000175762
-8.76569e-5
-0.000252118
6.47185e-5
0.000179044
-4.04685e-5
2.02321e-5
-2.42046e-5
2.13486e-5
-2.57397e-5
-8.71107e-5
-6.86432e-7
-2.17562e-6
-2.28963e-6
3.38347e-6
1.13068e-5
0.000173233
6.02583e-7
-0.000189549
9.32262e-5
-0.000178983
-7.05938e-5
6.11773e-8
-5.7791e-8
1.89047e-8
-8.15984e-8
-1.70325e-7
-7.5582e-5
0.000499801
-0.000414883
-0.000949428
0.00101066
-6.8334e-10
-3.9213e-9
-2.61562e-9
1.38349e-8
-0.00134703
0.00108697
-2.31325e-10
-6.69534e-10
-0.000686769
0.00046435
-1.01758e-9
9.8751e-10
-0.000146424
8.94268e-5
-1.19175e-8
4.19532e-9
8.28322e-7
1.04664e-5
-1.20328e-7
4.15734e-8
-1.05822e-5
2.74121e-7
2.36291e-6
-9.59594e-7
5.11429e-8
5.69255e-7
1.95566e-7
7.03421e-7
7.14483e-7
-4.07755e-7
2.12608e-7
-4.39886e-7
-9.17998e-7
-8.80887e-7
8.24497e-6
-6.67551e-6
-2.8534e-5
-5.30601e-7
-6.82484e-7
4.82218e-7
-5.90096e-7
5.75697e-5
0.000181384
-0.000153413
-6.70527e-5
-6.82821e-5
-9.14739e-7
-6.57493e-7
2.94191e-7
1.06942e-7
6.63894e-5
-7.53692e-5
7.95676e-6
1.89809e-6
-9.16778e-6
1.58911e-5
-1.4259e-5
-1.27457e-6
1.24207e-6
-0.000205597
0.000356112
0.000309167
-0.000578139
0.00081808
-0.00058367
-0.000521972
0.000789337
-0.000373968
-0.000487484
6.84589e-6
-2.55377e-5
-1.08441e-6
7.43591e-5
-8.3262e-5
-2.05774e-5
8.25106e-6
-2.09687e-5
-2.93113e-5
1.32619e-5
1.40597e-5
3.94015e-7
-3.11276e-6
2.38218e-5
-7.8535e-6
-1.52912e-5
-2.09671e-6
9.0382e-7
-8.07696e-7
9.53753e-7
7.37821e-6
1.13179e-5
-3.42691e-6
-2.81539e-7
-8.65077e-7
-8.07514e-6
1.95293e-6
1.35188e-8
-3.19932e-7
-4.62443e-7
-9.31872e-8
4.83631e-7
-5.77654e-7
-3.89337e-7
4.08866e-8
5.41073e-7
-4.85032e-7
-4.40561e-7
5.08966e-7
-1.48037e-9
1.56743e-7
3.26054e-7
-3.55519e-7
-5.0693e-7
2.16354e-7
-1.9429e-7
2.00863e-7
-4.72213e-8
-2.49927e-7
-1.34108e-7
3.04597e-7
1.73135e-7
-1.8963e-7
-1.72592e-6
9.44415e-7
-4.23421e-6
8.78327e-7
-5.55354e-6
4.42285e-6
9.9122e-5
-0.00010105
-4.20705e-7
2.38039e-5
0.000325097
-0.000165408
-0.000116028
-4.17539e-5
2.22469e-5
-4.70439e-5
2.90413e-6
-6.74653e-5
0.000102489
-0.00020955
0.000166346
-6.92558e-5
0.000139506
-5.75099e-5
0.000120253
-7.51568e-5
-1.30429e-6
-3.37123e-6
-1.81379e-5
-7.40516e-6
-2.10613e-5
-1.50873e-5
2.62431e-5
6.1959e-5
3.83246e-5
6.03881e-6
-1.91557e-5
4.3116e-5
3.16824e-6
-0.000108183
0.000126599
2.71914e-7
2.24852e-7
-0.000398221
0.000709567
-1.37139e-8
-5.57149e-8
-0.000932839
0.00108545
0.000626158
-0.000658483
-3.33708e-10
4.14454e-9
2.13839e-9
-5.56489e-9
-0.000511202
0.000488815
-0.000328034
6.20577e-11
-0.000223718
0.000159899
-0.0001283
-2.36803e-10
-2.11701e-5
8.82479e-6
-1.86177e-5
-3.78805e-9
5.09445e-6
-2.68393e-6
5.59778e-7
5.7261e-7
1.36754e-7
-1.17014e-7
-7.07754e-8
2.7022e-8
1.32875e-8
2.26483e-8
-6.87928e-9
1.37894e-7
-1.24443e-6
-1.74179e-6
-1.31732e-7
4.7848e-8
-1.86379e-7
-5.88387e-5
5.77727e-5
0.000180399
-9.7687e-5
-5.75709e-5
-9.31215e-6
8.52533e-7
-2.7475e-6
3.07229e-6
-1.32274e-6
-1.52227e-7
2.44912e-7
2.36304e-5
-1.71384e-5
1.44758e-5
-5.23247e-6
-2.836e-6
-3.65534e-6
4.21164e-6
0.000276422
5.76314e-5
-0.000250557
-0.000234327
0.000234787
0.000250438
-2.26348e-5
8.21757e-5
0.000112161
1.88358e-5
-1.3064e-6
2.09391e-5
1.91636e-5
-2.02044e-5
-7.80562e-5
-7.95429e-6
-3.60955e-5
-1.43341e-5
6.48663e-6
2.43113e-7
-1.44504e-6
-3.27045e-6
-6.35957e-7
6.37933e-7
-2.73828e-8
4.63982e-7
-6.15505e-6
1.67018e-6
-7.424e-8
4.1592e-6
-8.2438e-7
-7.53878e-8
-1.56895e-7
-1.69081e-6
1.97325e-7
6.12668e-7
2.86312e-7
1.33735e-7
-1.15849e-7
-2.57976e-8
1.82995e-6
-6.00371e-7
3.13092e-8
2.85903e-8
-4.0476e-7
2.04231e-7
1.80245e-7
1.65463e-8
-1.00763e-7
1.76342e-7
-4.03132e-8
-9.54692e-9
-3.54287e-8
1.53835e-8
-1.70654e-7
1.82758e-7
-1.06141e-8
6.30634e-9
7.26424e-8
-1.51898e-8
-1.37992e-7
1.68371e-7
2.9918e-8
-1.01774e-7
2.06182e-8
-1.45659e-8
-7.41349e-8
4.79496e-8
-2.9052e-8
4.64945e-7
-6.3606e-8
-9.63873e-9
-1.46734e-7
2.49167e-7
-1.7425e-6
6.44658e-8
-3.33452e-7
2.40895e-5
-7.16418e-6
1.62105e-6
2.27926e-5
-6.33636e-7
-1.03518e-6
7.46959e-7
8.20515e-5
-4.84896e-5
-4.84593e-6
1.90032e-5
9.40898e-5
-4.80079e-5
-4.24545e-6
-1.56826e-5
7.61472e-5
-5.53842e-5
-3.39606e-6
-2.28674e-5
2.91003e-5
-3.06049e-5
-0.000213528
3.54545e-5
1.23574e-5
-3.2248e-6
-4.83653e-6
1.69048e-5
8.03446e-5
9.74984e-5
-9.24625e-5
-6.56495e-5
0.000105141
-0.000135094
-0.000200348
-7.08097e-6
-5.43325e-5
9.96591e-6
3.03296e-5
8.53364e-7
-1.67456e-6
1.16987e-5
-1.34233e-5
-3.2023e-5
6.4207e-5
-6.48098e-7
-6.90679e-8
1.23038e-6
-3.84911e-6
-0.000130506
0.00024712
0.000190008
-0.000402276
8.7221e-8
2.04609e-7
-3.65816e-7
-6.59067e-7
0.000495588
-0.000251137
1.66026e-9
2.0354e-8
0.000175346
-0.000147834
1.05831e-10
-1.05027e-9
3.59828e-10
6.13453e-10
4.28448e-5
-3.80582e-5
5.21122e-10
-2.97977e-10
-2.24237e-10
3.69152e-10
-1.6449e-5
-8.98881e-8
1.63839e-9
1.41873e-10
6.34083e-10
-9.01792e-11
-2.32117e-6
1.5408e-6
1.07308e-6
-9.44884e-9
-8.15314e-9
2.93807e-9
-2.76512e-7
-2.52483e-9
-2.38702e-8
-8.22491e-8
3.47562e-7
2.08713e-7
-5.07156e-8
4.21096e-8
6.6035e-9
1.66295e-8
-1.0245e-6
-4.25269e-6
1.35217e-5
1.37126e-5
4.05752e-8
1.17991e-8
-1.03665e-7
3.16824e-8
-2.89118e-5
4.88506e-5
4.79795e-5
-2.62427e-5
2.81721e-6
-3.26829e-5
9.03631e-6
2.0079e-5
-3.2555e-6
1.20582e-5
-1.48487e-5
3.21659e-6
9.38622e-6
-5.91613e-6
-1.90207e-6
9.72045e-7
-1.78377e-5
1.39467e-5
-6.28739e-6
-7.26621e-7
-8.76169e-5
-7.82064e-6
-7.06645e-7
4.5941e-6
5.81303e-6
5.0876e-6
1.38016e-5
2.32736e-6
-3.67972e-6
3.08928e-5
-7.44486e-6
5.21296e-6
1.10914e-5
-1.98636e-6
-2.87965e-6
2.38541e-7
3.53649e-7
9.48645e-7
-1.55512e-7
9.35853e-7
-4.03317e-7
9.55307e-8
-8.62102e-8
6.94101e-8
-2.2594e-8
4.01295e-8
-1.0839e-8
3.68705e-8
-2.51251e-7
3.17825e-8
-1.60451e-8
1.20803e-8
-3.52345e-8
6.81093e-9
-1.04067e-8
-9.75963e-8
2.4731e-8
-7.22284e-9
1.51022e-10
7.05928e-9
5.38128e-8
-9.47812e-9
2.17158e-8
2.31022e-8
1.27883e-9
-3.81662e-8
5.39199e-8
3.10986e-8
-6.51502e-9
-4.6713e-8
4.80372e-8
2.93827e-8
-5.95009e-8
3.18403e-9
-7.7024e-9
-2.28825e-8
2.30249e-8
2.14985e-8
-3.27404e-9
-1.76164e-8
4.78886e-9
2.13338e-8
-1.69601e-7
8.54198e-9
-1.62065e-8
1.21544e-6
-2.94764e-7
3.93041e-8
-5.48881e-8
1.06641e-6
-1.44819e-6
1.32066e-10
6.79797e-9
-3.18643e-6
-2.06025e-6
3.02934e-7
3.41595e-7
1.40469e-5
6.63606e-7
5.32329e-7
1.34205e-6
8.4277e-5
-2.05433e-5
3.34968e-7
-1.78162e-7
0.000300649
-0.000269181
-5.35434e-7
-5.22872e-7
0.000213582
-0.000259458
0.000222284
4.5131e-6
-1.25911e-5
0.000209662
-0.000249621
-1.25044e-6
0.000240544
8.36427e-7
-0.00017247
-1.52817e-6
4.41626e-6
-3.19173e-6
2.77954e-6
-5.67912e-6
-5.20834e-6
1.35955e-5
-5.15867e-7
9.03054e-6
-3.3694e-6
-3.69455e-5
-2.31647e-5
5.87236e-5
2.98618e-5
-7.9964e-5
1.25442e-6
1.7909e-6
-3.65179e-6
-4.16864e-6
7.49283e-5
-0.000184925
-4.68437e-5
4.37906e-5
-1.86104e-8
-1.16766e-7
1.14801e-7
5.17868e-7
9.91943e-5
-9.24556e-5
6.54109e-5
-1.43756e-9
6.53193e-5
-5.23079e-5
4.47567e-5
-2.38457e-9
1.33193e-5
-1.0256e-5
1.57268e-5
1.93527e-11
-2.06758e-6
9.28397e-7
1.32377e-7
-7.3532e-10
-1.05117e-7
1.56037e-8
7.64356e-8
8.47249e-9
1.45565e-9
-8.50389e-9
-3.94176e-9
1.97327e-9
-1.02532e-7
-2.0426e-7
7.13235e-7
7.39983e-7
-9.73241e-8
2.53377e-7
1.23743e-7
-3.70475e-8
-1.08453e-6
-1.2134e-6
-1.80997e-6
8.37053e-6
-4.01952e-7
1.41196e-6
-1.91198e-7
1.99097e-7
-6.9039e-6
8.3616e-6
-1.10583e-5
-3.14738e-5
3.03865e-5
-2.61387e-5
2.61471e-5
3.04215e-5
-2.02709e-5
-3.1284e-5
2.42714e-5
1.51123e-5
-1.24104e-5
6.86166e-6
1.00422e-6
9.8127e-6
-6.70686e-6
-1.8414e-6
-6.34973e-6
-1.26699e-6
2.02826e-6
-8.64082e-6
-3.06294e-7
-1.62873e-7
-1.18327e-6
6.44247e-7
4.25065e-7
-5.99196e-10
-1.13178e-7
-2.72668e-8
3.24564e-6
-1.12072e-6
-8.62823e-8
-7.46782e-8
-3.47388e-8
-5.94252e-10
2.06328e-8
5.01488e-8
-1.06414e-8
4.91171e-8
2.71505e-8
8.2627e-9
-4.1691e-9
7.38281e-9
-6.02829e-10
4.12903e-9
2.45296e-9
-1.34973e-8
1.28778e-9
-1.77816e-9
7.13681e-8
-1.72557e-8
-2.61417e-11
1.71641e-9
-2.8523e-8
7.37729e-9
-1.71119e-8
6.7282e-9
1.32039e-9
-3.4147e-9
3.58254e-9
-9.58317e-10
-5.31023e-10
-7.50576e-10
1.14461e-8
-1.86981e-8
1.96075e-9
8.61464e-11
2.53465e-9
-1.08579e-9
1.67357e-8
-1.99553e-8
-3.13276e-9
8.07492e-10
1.98906e-9
1.13657e-8
-8.95574e-9
9.52961e-10
-9.72796e-9
-4.4321e-9
2.63483e-9
5.91205e-8
-1.25e-8
-6.08519e-10
-1.3776e-9
4.62674e-8
-1.28228e-7
3.20468e-10
1.82431e-9
2.76037e-7
-8.32917e-8
-1.19647e-8
8.55806e-8
4.95463e-7
-1.25601e-6
5.00618e-9
-6.93093e-8
1.80579e-7
-4.59108e-7
-1.1767e-5
-2.28504e-6
-3.64272e-6
6.50687e-7
1.39314e-5
-2.79263e-7
-2.42641e-7
1.33703e-5
-2.79113e-7
3.11066e-7
-1.26156e-6
-2.39966e-8
2.95347e-7
5.82807e-8
2.75775e-7
3.45103e-7
-9.62979e-7
-3.71323e-5
-0.000100041
7.30634e-5
2.49057e-5
-2.72443e-5
8.78498e-5
0.000234672
-5.30012e-7
1.7777e-6
-2.57208e-6
8.15853e-6
2.96162e-6
-9.94359e-6
9.1788e-6
7.81575e-6
-1.97398e-5
-1.13254e-5
9.58202e-6
-2.81341e-5
-1.0486e-5
2.49561e-5
-5.40073e-7
-1.87403e-6
2.08131e-6
5.74416e-6
-4.33115e-5
3.19083e-5
8.24009e-10
1.71614e-8
-3.08044e-8
-8.89472e-8
-2.0399e-5
1.56325e-5
1.81989e-10
1.17091e-8
3.60646e-9
-2.04749e-8
1.21057e-6
1.18246e-6
6.30724e-10
-5.11982e-10
-3.08559e-10
-2.54074e-9
2.60744e-6
-4.99635e-7
8.27165e-10
-1.57115e-10
-1.56128e-9
6.2544e-11
-1.29578e-7
5.55537e-8
-1.49417e-9
6.75718e-9
-1.16725e-8
-4.86736e-9
4.25709e-8
4.21959e-8
3.46976e-8
-1.17784e-7
-4.6428e-8
1.40619e-8
-1.13115e-7
-6.90226e-8
2.0512e-7
3.67129e-7
-5.90931e-7
1.16578e-6
9.4482e-7
-3.6365e-7
-1.06364e-6
3.80689e-7
6.03972e-8
-6.07322e-7
3.61481e-6
-4.23116e-6
6.54405e-6
-1.46455e-5
6.04127e-6
-5.37298e-6
1.59641e-6
-2.35847e-7
8.42202e-6
-2.20017e-5
2.95787e-5
-3.72693e-5
4.29893e-5
-3.31971e-5
1.3551e-6
6.83764e-7
-6.50242e-7
1.96079e-6
1.08035e-6
-6.27777e-8
-1.17473e-7
3.06003e-8
2.87362e-9
-4.91799e-7
4.59645e-7
-2.77445e-7
-2.66703e-7
1.3969e-7
-3.56745e-7
-5.2922e-7
-8.88805e-8
6.18944e-8
-1.85546e-7
6.58378e-8
8.05594e-8
9.18121e-9
7.53394e-9
7.31855e-9
-7.57332e-9
-7.54759e-9
-4.89256e-8
-3.04511e-9
-2.16339e-9
-7.1716e-10
1.15854e-9
3.46919e-9
-9.81834e-10
3.12112e-9
1.19021e-9
6.95828e-10
-1.76091e-10
3.16571e-9
-5.07772e-10
-5.58849e-10
-1.0697e-9
-2.12431e-10
-1.41253e-10
8.33302e-11
9.18121e-11
-2.76165e-9
-1.5028e-9
3.03302e-9
-4.11453e-9
-1.43039e-9
1.60977e-10
4.64742e-9
-5.14934e-9
-2.12204e-9
6.62847e-9
4.30907e-10
-8.3785e-10
1.65024e-9
-2.43421e-9
2.97344e-9
-4.92548e-10
1.68876e-9
-1.05511e-9
1.84712e-9
-5.79264e-9
-5.41332e-10
4.47373e-10
1.83006e-8
-3.32193e-9
-5.73837e-10
8.50506e-10
1.9359e-8
-7.54623e-8
2.6681e-10
-2.41006e-9
1.52162e-7
-9.73201e-8
2.42739e-8
-2.20231e-8
-1.13196e-6
6.45159e-8
-1.7315e-5
-3.05504e-9
-3.43585e-9
-4.42983e-8
1.26801e-7
-6.43965e-5
5.94983e-5
-6.74882e-5
2.91629e-5
1.33911e-8
-8.55505e-8
-0.000138654
0.000138977
0.000175271
-4.86861e-8
2.78256e-7
0.000226503
-0.000246204
-0.000226938
-7.67659e-8
1.60331e-7
-0.000291681
0.000336731
0.000280716
8.78699e-10
-8.81982e-8
0.00027693
-0.000337105
-0.000314036
3.22531e-8
-5.29357e-8
-0.000215576
0.000218956
8.45397e-9
-1.59347e-8
3.82803e-8
-1.73011e-7
7.11011e-7
1.79085e-7
-7.84882e-7
3.54076e-5
8.6718e-6
-5.2491e-5
1.79072e-5
8.72859e-7
-3.00149e-6
-1.27778e-6
4.00893e-6
-6.77886e-6
-1.51694e-5
1.90028e-5
3.45216e-5
-6.28859e-6
1.58376e-5
4.25805e-6
-4.73131e-6
1.21064e-7
3.86786e-7
-3.50238e-7
-1.52421e-6
-1.07097e-5
1.15288e-5
-7.21226e-6
5.40607e-8
-5.48456e-6
5.85513e-6
-5.96573e-6
7.18254e-9
5.88644e-7
4.56259e-7
-8.28036e-7
3.08671e-9
2.07949e-7
-1.0708e-8
-4.07847e-8
7.55704e-9
-1.94276e-8
7.65548e-8
-2.67346e-9
-4.83752e-10
-9.89448e-9
-4.00927e-9
2.12505e-8
1.95419e-8
3.54142e-7
-9.45619e-7
-3.16904e-7
1.27463e-7
-5.81069e-8
-6.7649e-9
1.97508e-8
-6.09016e-9
-1.85408e-6
2.12856e-6
4.392e-6
-2.16303e-6
-7.40501e-7
3.82765e-6
-6.7578e-6
1.2455e-5
-9.32968e-6
-2.12935e-5
1.98131e-5
3.43437e-5
-3.14754e-5
-4.50816e-5
3.98617e-5
4.4828e-5
-3.80574e-5
-2.93501e-5
3.05571e-5
-1.69992e-5
1.26124e-5
-7.42365e-6
-1.46968e-7
-5.48954e-8
1.28097e-7
9.53651e-8
8.81254e-8
-1.11485e-8
4.65983e-8
1.7993e-7
8.96835e-8
-2.78032e-8
2.19779e-8
-2.16962e-8
-2.64082e-8
3.93156e-9
5.04462e-10
2.74825e-8
7.22218e-9
-2.77625e-8
7.90618e-9
-2.10519e-9
1.13101e-9
5.28364e-10
2.12553e-10
7.79668e-10
-6.20813e-10
-4.84916e-10
-1.27836e-10
-2.33964e-10
-7.02778e-11
-2.77948e-11
7.4115e-11
5.41147e-10
1.08739e-10
1.93898e-12
1.53231e-10
-4.97958e-11
-7.07313e-10
-6.35706e-11
2.23844e-10
-9.75675e-10
5.44222e-10
-5.28881e-11
2.99293e-10
7.29105e-10
-9.45892e-10
-6.69939e-10
-1.08271e-10
-5.9009e-12
1.16997e-11
1.26688e-9
-1.72127e-9
3.28494e-10
-1.51215e-10
4.77794e-11
1.43055e-10
5.03443e-10
-5.94427e-10
8.58557e-11
5.1359e-10
3.79417e-11
-1.77938e-10
3.46626e-11
-1.29069e-10
5.08179e-10
-1.86303e-10
1.4654e-10
-1.57338e-10
1.53891e-9
-6.32681e-9
2.15424e-11
1.25368e-10
1.31327e-8
9.22958e-9
1.30518e-10
1.39274e-9
-8.21248e-9
4.02934e-8
7.5601e-7
6.02308e-9
3.8355e-6
-5.59196e-7
-1.5863e-9
-6.3909e-10
-1.34142e-6
2.25567e-6
4.57251e-10
8.87626e-9
-2.54027e-5
1.54327e-9
6.15611e-9
2.51223e-8
9.00658e-9
-1.04515e-8
1.07651e-9
-2.05133e-8
1.29174e-8
-2.89846e-8
8.49414e-8
-2.83695e-5
0.000111267
-5.93219e-5
5.48485e-5
-4.46305e-5
-0.000258656
-3.02912e-8
8.27416e-8
-2.70545e-7
-6.40518e-8
3.59058e-7
-4.64997e-5
-6.72565e-5
9.39602e-5
0.00011059
-5.53157e-7
1.65445e-6
3.4487e-7
-5.31963e-10
9.29548e-7
5.1855e-6
-1.72999e-6
-1.56983e-5
-1.69082e-6
2.00828e-6
-1.3288e-7
1.2586e-8
-2.61912e-7
7.4049e-7
-4.48582e-6
4.29727e-6
-3.23779e-6
5.80296e-9
-5.54154e-8
1.43094e-7
-1.78956e-6
2.01248e-6
-2.204e-6
-6.70593e-10
-1.71768e-8
5.82425e-8
2.51962e-7
1.19901e-7
-1.05722e-7
3.65254e-8
1.06115e-8
6.05196e-9
2.02296e-8
-5.08781e-11
-3.11882e-9
1.11732e-9
-1.97153e-7
5.57645e-7
5.36229e-8
-4.06406e-8
-5.35021e-9
8.3076e-9
5.38611e-10
4.5852e-8
2.31488e-6
-6.1208e-6
-6.32657e-7
6.17139e-7
4.67218e-8
-1.05018e-7
4.08732e-8
-4.39539e-7
2.30676e-7
7.3643e-6
-2.58339e-6
8.12997e-6
-9.64104e-6
9.27783e-6
-3.49874e-7
-7.39398e-6
-1.07374e-5
2.01872e-5
-3.36261e-5
4.47108e-5
-4.50267e-5
3.34454e-5
-4.0877e-8
-1.06969e-8
-2.33974e-9
-4.70964e-8
-4.74769e-8
-8.47468e-9
1.51396e-8
-8.41141e-9
-3.46615e-8
5.10859e-9
1.14013e-8
1.34493e-8
9.57774e-9
-5.70634e-11
9.73671e-9
1.86843e-8
9.4386e-9
-4.81442e-9
1.41892e-9
-1.6697e-9
8.33039e-10
-5.414e-11
1.21158e-10
1.42598e-10
1.95597e-9
-4.22245e-10
2.4451e-9
2.93674e-10
7.90793e-12
-6.88271e-11
4.34161e-11
1.92485e-10
-7.98843e-12
-6.27924e-11
-1.78983e-10
-1.68756e-11
-1.25792e-11
-1.32528e-11
1.70207e-11
1.78271e-11
8.35095e-11
-2.86592e-10
5.43315e-11
-2.52745e-11
-1.14991e-10
1.60006e-10
-1.97656e-10
-2.1003e-10
1.33404e-11
2.61644e-11
1.35594e-11
3.24027e-10
-4.89488e-10
1.97845e-10
-2.426e-11
6.09086e-12
1.58321e-11
1.12823e-10
-2.02152e-10
1.27155e-10
-4.49242e-11
1.43769e-11
8.59727e-11
-8.2016e-12
-4.0769e-11
5.23761e-11
-2.72775e-11
-1.23093e-12
-7.98834e-11
-2.65371e-10
-1.13726e-10
2.86788e-11
1.83307e-10
-1.66856e-10
1.42369e-10
-3.63113e-10
-2.29527e-9
-4.83738e-8
2.05847e-10
-7.82778e-8
9.12151e-8
7.68579e-12
7.85376e-11
-8.55129e-7
6.62081e-7
5.79815e-10
2.39287e-10
-1.38968e-9
2.87502e-6
2.56846e-5
5.33772e-10
-1.67882e-9
5.40904e-5
-4.50975e-5
1.9195e-10
-6.30301e-10
0.000120162
-0.000136401
1.21734e-9
-6.18835e-9
-0.000245729
0.000260166
2.22045e-9
-5.63123e-9
0.00034371
-0.000362481
5.32724e-10
8.08633e-10
-0.000313055
0.000362059
-3.72129e-10
1.98746e-9
0.000189185
-2.92251e-9
-6.66953e-9
1.32361e-8
-2.59658e-9
8.88528e-9
-2.689e-8
0.000217909
0.000150952
-0.000146339
-0.000154519
-0.000274582
-8.81216e-5
-5.95126e-9
2.07928e-8
7.80629e-9
-4.9919e-8
1.10693e-7
5.19877e-8
4.74242e-7
4.96506e-5
-0.000101171
-1.76742e-7
2.01843e-7
1.5298e-7
-1.1629e-7
-2.41876e-6
6.12509e-6
-8.18254e-7
8.1921e-7
-1.58501e-9
1.3842e-8
-4.64519e-7
1.41643e-6
-1.69972e-6
1.59299e-6
-1.26511e-6
1.14615e-9
-1.59496e-7
4.54964e-7
-5.62912e-7
5.97414e-7
-7.36224e-7
-4.56963e-9
-8.13116e-9
1.18296e-7
5.50128e-8
2.03241e-8
-2.17182e-8
-9.79102e-9
1.1988e-7
-8.15962e-8
-1.34921e-10
1.94171e-8
-2.3836e-8
3.02003e-8
-2.73695e-8
5.0354e-9
-1.29248e-6
1.19558e-6
-4.01484e-7
-5.08465e-8
6.4581e-8
-1.11863e-8
-3.54351e-7
4.4908e-7
-2.10173e-6
-1.36563e-5
1.82952e-5
9.11336e-6
-8.29239e-6
1.15483e-5
3.38067e-6
-9.33432e-6
9.81643e-6
-3.65287e-6
9.42532e-6
3.46337e-6
-1.44394e-5
-1.02246e-5
2.54933e-5
1.6479e-5
-3.45695e-5
-1.22426e-5
3.29629e-5
4.50234e-7
-2.14313e-5
8.96334e-6
-5.00634e-9
-4.96403e-9
-2.5305e-10
-1.78078e-9
-5.69183e-9
-5.83309e-9
-3.95581e-10
1.07387e-9
-7.74162e-10
-2.43483e-9
2.65376e-10
8.35485e-10
7.93411e-11
2.33833e-9
4.03081e-10
6.91234e-11
1.47765e-9
1.98959e-9
1.54015e-9
-2.09972e-10
-1.74534e-10
9.06744e-11
8.98602e-12
-5.52088e-11
2.49054e-11
-7.59963e-12
-1.54993e-11
4.89495e-11
-1.02024e-10
-4.9541e-11
1.85408e-12
1.48666e-11
-2.00725e-12
4.50984e-12
1.66908e-11
5.33216e-12
-7.11088e-11
-1.17529e-11
3.55237e-12
-4.31749e-12
-3.96427e-13
8.70257e-12
-1.68734e-11
3.56019e-11
-3.23761e-11
-6.44389e-11
-3.59408e-12
5.91346e-12
-7.54576e-12
7.07245e-11
-1.26593e-10
7.46062e-11
-5.55036e-12
1.3515e-12
1.13098e-11
1.87198e-11
-5.06702e-11
5.63902e-11
-2.88691e-11
-1.54526e-11
1.31816e-11
-9.20577e-12
-1.93274e-11
3.50529e-11
-3.18822e-11
2.63816e-11
1.56349e-11
1.73858e-12
1.73552e-10
9.93728e-11
-2.77706e-10
2.84821e-11
2.06328e-10
-2.21994e-10
2.10215e-10
-1.99137e-10
2.10497e-9
5.09163e-10
5.19952e-9
-3.31757e-9
1.2081e-9
2.61624e-11
1.81217e-11
-5.20317e-11
3.75369e-11
-1.69081e-10
-6.52785e-7
-6.42481e-6
8.2762e-11
-1.74657e-10
-2.23951e-5
1.57171e-5
-4.74909e-11
-2.63162e-5
2.64469e-5
2.74133e-12
-2.12519e-12
5.63194e-11
-2.4258e-10
8.77391e-5
-9.307e-5
4.85457e-5
-9.56087e-5
1.69871e-10
-6.65154e-10
-0.000147166
0.000114442
0.000197612
1.90193e-10
-4.74383e-10
0.000175158
-0.000110389
-0.000284758
1.10925e-10
-1.27914e-11
-6.23101e-5
3.93256e-5
0.000203151
-5.06405e-11
1.37231e-10
2.91006e-11
-9.8615e-5
-5.39497e-5
-8.34832e-10
2.5335e-9
0.000235136
1.34662e-9
7.39394e-10
-1.23782e-9
3.70116e-9
-5.93435e-9
-5.93893e-9
-6.21326e-5
-0.000227663
0.000142218
5.72347e-5
0.000352684
-2.90246e-9
8.24231e-9
-2.85669e-8
5.09506e-8
2.21647e-8
4.07914e-6
1.00534e-5
-1.84734e-5
-5.19205e-6
-3.85212e-5
-8.69325e-8
8.0094e-8
7.50289e-8
-3.81814e-7
-5.34705e-7
2.77283e-6
-3.12003e-7
2.66494e-7
-7.21012e-9
-1.4093e-7
-1.19355e-7
4.5794e-7
-6.03403e-7
4.90509e-7
-4.66684e-7
-2.07539e-8
-1.93387e-8
1.61916e-7
-1.67681e-7
2.24645e-7
-2.32288e-7
6.0781e-8
6.48881e-8
-1.24416e-8
1.25051e-7
-3.21777e-8
-3.22322e-8
-1.17844e-7
9.35837e-8
-8.14122e-7
-9.32815e-7
7.4046e-7
-2.00977e-7
3.03194e-7
-1.40839e-7
-5.59729e-8
2.3309e-7
-4.62242e-7
8.42179e-7
-1.12491e-7
7.54517e-6
-7.29135e-6
2.19742e-6
-2.68764e-6
4.64773e-6
-3.73335e-6
3.5355e-6
-7.44e-6
-4.91822e-6
1.97269e-5
-2.76631e-5
1.18964e-5
2.27789e-5
-7.42483e-6
-2.32153e-5
2.65912e-6
1.36358e-5
-9.42261e-6
1.12801e-5
-2.6296e-5
1.92184e-5
2.67273e-5
-2.78137e-5
-1.66171e-5
-6.44534e-10
-6.41591e-10
-1.55081e-10
-9.12832e-11
2.20111e-10
-3.59794e-10
-6.75965e-10
-6.95824e-10
5.71398e-11
-3.0803e-11
2.7067e-12
1.29589e-11
1.48377e-10
6.35192e-12
1.52625e-10
-5.42504e-11
1.61399e-11
5.79777e-12
-4.14723e-11
7.73946e-12
-6.45468e-12
-2.12814e-12
3.26473e-13
-5.39231e-12
-1.82707e-12
3.51595e-12
-2.14989e-11
1.26051e-12
3.38402e-13
4.43388e-13
-2.71425e-13
1.16696e-12
-3.05114e-12
-1.34286e-12
-1.97576e-11
-6.17848e-13
2.13129e-12
8.93869e-14
-9.31412e-13
-6.96783e-14
-3.21779e-12
1.00904e-11
-1.63217e-11
1.85037e-11
3.05043e-12
7.86993e-12
1.00891e-11
-1.67261e-12
-4.27877e-12
1.31136e-11
-1.11962e-11
-2.23594e-11
1.23674e-10
-8.93354e-13
-6.90084e-12
1.97807e-11
-1.95137e-11
1.53408e-11
-3.14594e-10
-2.52254e-10
-8.72752e-11
5.71497e-10
-3.95548e-10
9.08141e-12
1.40912e-10
-1.99017e-10
1.88112e-10
-2.31199e-10
2.52991e-9
-1.72777e-9
-3.91956e-9
-8.62858e-9
3.73268e-8
2.45981e-11
5.90421e-12
-2.07767e-11
5.74904e-12
-1.32502e-11
4.65822e-7
-3.09791e-7
2.51415e-6
-1.0703e-6
1.4175e-11
-3.29362e-11
2.66836e-6
-6.81029e-7
-7.72074e-6
-9.02057e-13
-1.85128e-12
2.97026e-12
-6.65311e-12
-1.79536e-5
-4.07192e-11
-6.36851e-11
-6.1618e-11
2.67114e-11
8.19759e-12
-5.21895e-11
1.62832e-10
5.64856e-11
-2.56299e-10
-0.000130733
-5.24072e-5
0.00018394
0.000224911
-2.93519e-6
-0.000295135
-7.77532e-11
-0.000230242
3.61529e-10
-1.08611e-10
-8.60726e-11
8.26121e-10
-4.47959e-11
-2.98141e-5
-4.30982e-5
0.000117098
3.43974e-5
0.000127626
-2.97803e-9
2.89354e-9
-1.45085e-8
2.62282e-8
1.00647e-8
2.8022e-6
-1.51013e-6
-7.49856e-6
-2.25108e-6
-8.30952e-6
-3.11053e-8
2.57325e-8
5.73899e-9
-2.63481e-7
3.58125e-7
-6.77575e-9
-6.10894e-8
6.55676e-8
-8.85736e-9
-5.66552e-8
6.79943e-8
-3.27662e-8
-1.67992e-7
2.25375e-7
-2.51122e-7
5.36694e-8
1.11013e-8
-1.06503e-8
1.2419e-7
-1.71315e-7
1.60795e-7
-6.2387e-7
5.54784e-7
-6.25262e-7
-2.09624e-7
1.62714e-7
-1.70714e-8
-6.82753e-9
-4.66048e-7
2.78916e-7
-5.61609e-7
1.68767e-6
-6.6097e-7
4.79581e-6
3.66861e-6
-2.6649e-6
6.12928e-7
-7.76462e-7
8.25782e-7
1.07473e-6
-6.18777e-7
3.12478e-6
-6.24689e-6
1.53816e-5
-1.83026e-5
-2.08143e-6
2.32312e-5
-2.10138e-5
1.79902e-5
-2.62708e-5
-7.93554e-6
1.18988e-5
2.07337e-5
-2.30935e-5
2.10831e-5
-1.70922e-5
8.93647e-11
2.03127e-10
2.96314e-10
1.31667e-10
-6.91173e-11
-2.43092e-11
-1.07489e-11
1.36455e-11
-5.58043e-11
-9.86805e-11
-8.27262e-11
-1.81253e-12
9.25753e-12
-4.26196e-12
7.85008e-13
-1.45434e-13
1.76195e-11
1.54038e-12
1.92677e-11
-9.88489e-13
8.09915e-12
3.59501e-13
-5.13994e-12
1.12034e-12
-7.41837e-13
8.44555e-14
-1.40223e-13
-1.38624e-12
-2.3052e-12
-5.80034e-14
-4.60891e-12
3.25032e-12
8.90848e-13
-1.08807e-12
9.66006e-13
1.81236e-12
1.20434e-13
9.0057e-13
1.60303e-13
4.48316e-12
2.50584e-12
-7.31519e-13
-2.9212e-11
1.78509e-11
-7.57697e-13
-3.87214e-11
1.30734e-13
2.0012e-12
1.58327e-10
4.00311e-11
-5.29507e-11
2.10809e-12
-2.29413e-12
7.23886e-12
1.59548e-10
1.2789e-9
9.83106e-10
3.69503e-10
-5.13904e-9
-4.69214e-12
2.85187e-11
-9.19491e-11
8.37451e-11
-1.5928e-10
7.99916e-9
2.8404e-8
-8.54088e-10
4.23373e-9
1.26199e-8
-1.28902e-11
6.29411e-12
-1.54355e-11
4.32592e-12
-3.67267e-12
5.53395e-8
3.28009e-7
6.89462e-7
-7.247e-8
1.86021e-12
-4.55947e-12
-5.71188e-7
-1.61773e-6
4.24787e-6
1.0472e-12
-4.89168e-13
1.7599e-12
-1.60737e-12
8.27881e-12
-1.69656e-5
5.65119e-5
4.00924e-5
-4.20444e-6
-4.49984e-12
1.84337e-11
2.11281e-5
-6.56242e-5
-5.85247e-12
1.91543e-11
-1.71989e-5
5.84403e-5
-1.11696e-11
-1.44773e-5
6.81775e-13
2.73583e-12
-1.14648e-11
1.51737e-11
2.13387e-11
-6.90207e-11
-4.66661e-5
-3.08479e-5
8.90821e-5
9.80895e-5
3.36597e-5
-0.000122142
-5.90757e-11
-7.21375e-5
4.25886e-12
7.63285e-11
-3.25312e-10
7.65418e-10
3.83333e-10
-7.09093e-6
-1.28223e-6
2.63466e-5
5.64581e-6
2.76417e-5
-8.5285e-10
5.40301e-10
-2.98256e-9
1.29463e-8
-4.93698e-9
4.70909e-7
-1.24028e-6
-6.18365e-7
-1.21803e-7
3.40678e-7
1.69505e-8
-2.76276e-8
-1.35056e-9
5.79458e-8
-8.44785e-8
5.54682e-8
-6.13401e-8
1.34081e-8
5.37695e-10
2.29544e-9
9.119e-9
-3.46241e-7
8.81571e-7
-1.77146e-6
9.8616e-7
-2.53472e-7
3.41805e-8
-1.50469e-8
8.08556e-9
-4.22119e-8
-1.04023e-6
1.8244e-6
-3.6787e-6
5.35992e-6
-3.45403e-6
2.19261e-6
3.74564e-7
-1.39707e-7
-1.37667e-9
2.70105e-7
3.29098e-6
-1.65183e-6
-2.4156e-6
3.25047e-6
1.69583e-6
-5.14408e-6
-3.18086e-6
7.97169e-6
9.39039e-6
-6.12807e-6
6.14588e-6
-1.01577e-5
-1.76596e-6
2.6601e-6
2.37462e-6
-1.4195e-5
-1.06812e-6
1.41704e-5
3.09794e-6
-1.35379e-5
2.20444e-6
4.91153e-6
1.25408e-11
3.0821e-11
3.9212e-11
1.14907e-11
-3.85255e-12
-1.28652e-11
-2.46334e-12
-5.72475e-12
1.13945e-11
-9.82864e-12
-1.56596e-11
-1.16628e-11
6.2709e-13
1.26298e-12
-1.23302e-12
7.41227e-13
7.2322e-12
-8.63348e-12
1.50389e-11
-4.28732e-11
1.32022e-11
4.60122e-12
-4.49776e-12
-7.83661e-13
-1.19182e-12
4.15939e-12
-5.85273e-12
-7.66077e-12
-5.18774e-12
-6.66628e-12
-1.67665e-11
2.27272e-11
-5.85421e-12
-1.03435e-11
1.94316e-12
-3.57769e-11
3.73001e-11
-4.78976e-12
-3.8318e-12
3.56101e-11
2.5453e-11
1.26057e-10
-5.26301e-11
-3.42811e-10
-5.40252e-10
-7.809e-12
-1.78114e-12
2.20539e-11
2.76001e-11
5.98843e-10
8.81417e-10
-2.69365e-10
-2.74155e-9
3.41144e-11
4.65851e-12
-2.25216e-9
7.35019e-9
1.2194e-8
-2.15524e-11
6.51329e-12
-1.88338e-11
-7.84196e-8
-3.94287e-8
-8.77303e-8
1.31194e-7
-1.47855e-11
2.14208e-7
9.21397e-12
-3.71249e-12
-1.22266e-12
-1.01097e-6
2.91981e-6
-5.65424e-7
5.47864e-7
6.06756e-12
-2.34069e-12
1.2702e-6
9.73376e-7
9.78774e-13
-5.60235e-6
-1.09193e-12
1.11539e-12
7.19655e-13
-0.000104626
0.000101687
-2.89325e-5
5.87605e-5
5.60713e-13
1.30903e-12
-3.02358e-5
1.12318e-5
4.45588e-13
2.50569e-12
2.29608e-5
-1.10036e-5
2.63264e-14
-3.10482e-5
-1.79017e-12
-3.27512e-13
7.84156e-12
-1.58684e-11
3.24881e-12
-2.04301e-5
-3.74776e-6
3.01906e-5
3.66468e-5
2.66627e-5
-4.18972e-5
7.6366e-12
-1.42304e-5
-5.90679e-11
1.73967e-10
4.6798e-11
3.16447e-10
-1.28859e-6
2.51412e-6
1.80348e-6
1.59937e-7
3.45038e-6
-1.4607e-9
2.87985e-9
4.12825e-9
-7.24033e-9
2.31811e-9
-1.92249e-8
1.08803e-7
-2.01718e-7
-1.33903e-8
1.50326e-8
4.36202e-8
-3.95754e-8
-3.80222e-10
1.58301e-8
-1.13966e-8
-6.33564e-10
-1.30487e-7
1.03213e-7
3.5427e-7
-2.84183e-7
-6.89037e-10
2.27713e-10
-3.85303e-9
8.26151e-10
-8.60512e-7
1.74132e-6
-1.85575e-9
2.01652e-9
-3.36361e-10
-2.85774e-6
2.42716e-6
3.92622e-6
-4.5309e-6
3.03799e-7
-3.17315e-8
6.78286e-8
-2.1304e-8
4.02181e-8
2.88814e-6
-3.76678e-6
1.33852e-6
9.1339e-7
-8.15088e-6
8.09084e-6
-3.16019e-6
6.98133e-6
-6.72024e-6
4.35144e-6
-4.69255e-6
-3.46638e-7
4.21296e-7
-1.79688e-5
1.053e-5
2.76992e-5
-1.63573e-5
-3.96959e-5
1.7764e-5
3.03694e-5
-1.84772e-5
7.3988e-12
8.91889e-12
1.15883e-11
2.04516e-12
1.52044e-11
-2.13631e-11
-4.13478e-11
-1.9834e-11
-1.12239e-11
-1.71977e-11
-1.62028e-11
8.66908e-12
3.6868e-12
-1.32702e-11
1.86102e-12
8.2743e-11
3.38073e-11
1.57417e-10
9.01916e-11
-1.68716e-10
-8.33618e-12
8.57273e-11
4.19177e-11
2.22722e-11
5.59425e-11
2.27152e-11
-3.99895e-11
2.89126e-11
1.62283e-11
-2.5609e-12
2.43339e-11
2.98323e-11
-1.74093e-10
-1.58475e-10
-4.00109e-10
-5.23831e-10
3.51189e-10
-7.01995e-11
5.56504e-11
-1.24526e-11
-6.24712e-11
-8.17143e-11
-1.31293e-10
-1.23828e-10
9.46053e-10
7.16842e-10
4.29153e-10
-4.41899e-10
-1.25379e-9
-3.28456e-9
-1.67091e-10
-1.30363e-10
7.0882e-10
6.92275e-10
1.68585e-9
3.73801e-9
4.63807e-9
-2.41444e-9
7.0524e-11
4.35816e-11
8.98808e-10
1.83057e-10
-4.6508e-8
9.85098e-8
2.02377e-7
3.03466e-7
-4.61582e-10
-1.94852e-10
6.94616e-11
-6.63315e-7
9.31496e-7
-1.20602e-6
1.80296e-6
-1.51521e-11
-6.2826e-12
-2.8166e-11
-3.90499e-6
-5.73665e-6
-9.01741e-12
5.8904e-11
-1.48648e-11
7.62172e-6
-7.33075e-6
1.522e-5
-1.45388e-5
-1.22016e-11
9.85461e-12
2.47402e-5
-5.32057e-5
-3.65819e-12
-2.90883e-11
7.11183e-12
-1.74559e-5
1.19543e-5
-3.93642e-5
-2.53892e-12
-1.76878e-11
9.89905e-12
1.49489e-5
-1.69604e-5
2.86925e-5
-3.90107e-12
-3.94104e-11
1.16169e-11
-1.13326e-5
1.82422e-5
-3.29419e-5
-2.13271e-11
-8.37931e-12
6.78964e-6
-8.0528e-6
4.36009e-11
-7.39634e-12
-2.46082e-5
3.00094e-5
-6.46296e-11
5.01922e-11
9.14629e-6
-2.78548e-5
-9.92091e-11
2.35304e-10
2.39769e-10
-4.88728e-10
-4.56172e-10
-4.64578e-10
8.78794e-7
-1.98514e-6
-7.23436e-7
-6.75251e-7
-8.25861e-7
1.16484e-6
1.05058e-9
2.62328e-9
-3.4094e-9
-8.76587e-9
1.19692e-8
-1.70485e-8
1.36229e-7
3.09682e-9
2.06579e-7
2.90445e-8
-3.94174e-8
-8.60221e-8
1.16592e-7
-9.61167e-10
1.44895e-9
-2.73833e-9
1.18946e-8
2.27148e-7
-3.07594e-7
-5.4138e-7
7.17998e-7
1.59526e-10
-1.13374e-9
1.39909e-10
5.3724e-9
1.12232e-6
-1.46075e-6
-2.07154e-6
2.5429e-6
6.33848e-9
-1.25802e-9
1.84545e-9
2.19576e-10
3.3711e-6
-3.59242e-6
-3.51041e-6
3.70644e-6
2.31193e-6
-1.98583e-6
3.30345e-7
4.19049e-8
-1.13089e-7
-1.75182e-7
2.07026e-8
-3.39846e-8
1.47622e-7
-2.04827e-6
-3.58571e-6
7.95703e-6
6.90832e-6
-1.4968e-5
1.65065e-5
-6.58959e-6
1.52415e-5
-2.27353e-5
3.09448e-6
-1.15372e-5
2.47777e-5
2.05615e-6
1.62686e-6
-1.07839e-5
-5.29673e-6
6.71668e-6
-1.60562e-7
-1.68235e-6
-2.37207e-10
7.29564e-10
-2.94294e-10
1.7413e-12
-1.33494e-10
-1.49131e-10
-2.93316e-12
9.84908e-11
-6.38731e-11
2.44561e-9
1.8246e-9
-1.63856e-9
1.18048e-9
9.21476e-11
-2.24546e-9
3.12293e-10
-4.13693e-11
6.33034e-10
2.40641e-10
-1.38159e-10
-1.87444e-10
4.51794e-10
-1.33001e-10
1.29394e-10
-4.16735e-9
-4.00381e-9
5.14902e-9
-6.13093e-9
6.70533e-9
-4.7505e-10
-2.02062e-9
3.5078e-10
-1.88346e-10
1.48367e-10
-3.70748e-9
-3.57416e-9
2.03469e-8
1.80608e-8
2.30891e-9
-2.31156e-9
-9.71777e-9
-2.26325e-8
-3.85536e-9
-3.68006e-9
1.85836e-8
1.7229e-8
3.45292e-8
-2.44253e-8
-1.29946e-7
-3.27574e-7
1.67561e-9
1.7351e-9
1.91786e-8
6.00957e-9
3.98608e-7
-3.98001e-7
-9.46661e-7
-2.42719e-6
-4.96558e-9
3.7327e-9
-8.95796e-10
2.94179e-6
-1.79895e-6
4.34835e-6
-4.60354e-6
1.25704e-10
-2.31723e-10
-2.25572e-9
6.12233e-6
1.26473e-5
9.70013e-10
-5.14766e-10
1.71844e-10
-1.08615e-5
7.82681e-6
-1.73388e-5
1.45479e-5
-1.96875e-10
9.75003e-12
-1.4639e-5
1.58841e-5
-4.29052e-11
1.06752e-10
1.27686e-5
-1.37403e-5
-4.85933e-10
1.14438e-10
-9.5912e-6
1.00015e-5
-2.18343e-10
1.33454e-11
6.92564e-6
-8.60847e-6
9.94444e-11
-1.04158e-10
-7.8289e-6
1.52648e-5
2.44406e-10
-3.74613e-10
-7.74073e-10
2.12511e-9
1.07214e-9
1.34903e-9
3.82951e-7
2.43915e-7
4.10497e-7
2.08428e-7
5.12222e-6
-7.08705e-7
-3.05186e-9
1.30578e-12
6.03252e-9
9.84996e-9
-1.99001e-8
5.40237e-9
-6.29396e-8
-4.45955e-8
-5.26384e-9
-2.92267e-8
5.81404e-8
7.71281e-8
-1.52091e-7
-1.90067e-8
-1.51435e-8
2.20787e-9
5.43343e-8
-2.70724e-7
3.87707e-7
6.69231e-7
-8.74921e-7
1.42889e-9
-1.71645e-8
1.62618e-9
1.08846e-7
-1.94636e-6
1.56965e-6
2.24311e-6
-3.58655e-6
-1.60071e-8
-3.02655e-9
-5.26317e-10
-3.81426e-10
-4.52832e-6
4.1948e-6
9.21717e-6
-3.59029e-6
-4.67495e-6
3.10012e-6
1.02589e-7
-7.65348e-7
8.25303e-8
9.00202e-7
-1.51154e-7
2.51818e-7
8.84985e-6
-2.80551e-6
-1.07785e-5
2.28351e-6
1.08989e-5
-2.57672e-6
-1.00905e-5
3.64043e-6
7.75024e-6
-3.93763e-6
-4.49151e-6
4.05969e-6
-3.79573e-9
7.18151e-10
-7.76068e-10
-2.05823e-9
8.60105e-11
4.04713e-10
1.18328e-8
-2.44219e-8
-3.82945e-9
7.8477e-9
-5.80501e-9
7.15714e-9
3.96466e-9
-1.23963e-9
5.94876e-10
5.87903e-9
-1.6307e-9
-7.0078e-8
-8.13821e-8
8.62739e-8
-2.52111e-8
-2.41124e-8
1.40228e-7
-1.51967e-8
2.30676e-8
-3.88356e-8
1.68268e-9
5.33473e-10
-9.59394e-11
-1.76788e-8
1.33976e-9
7.21556e-9
-8.77906e-8
-8.46758e-8
-3.01503e-7
3.55164e-7
-5.06842e-7
2.68793e-8
5.25727e-8
5.40578e-10
1.59708e-8
1.33407e-7
-7.82078e-8
-6.57479e-8
4.72014e-7
-4.94659e-7
-2.23509e-7
3.14965e-7
4.56628e-7
1.34841e-6
-5.52767e-9
3.33589e-7
-2.64836e-7
8.21823e-8
-1.55568e-6
1.16291e-6
-1.43702e-6
3.01852e-6
3.91413e-6
-1.29283e-8
7.93187e-9
8.1236e-8
-4.39573e-6
-8.64542e-6
1.65389e-9
-3.61319e-8
3.23651e-8
-1.05096e-8
1.07976e-5
-8.8112e-6
1.23261e-5
-1.61246e-5
-1.2834e-5
-9.72886e-12
1.21532e-8
5.83274e-9
1.78532e-5
-1.47032e-5
1.40749e-5
5.5125e-10
-2.06802e-8
-6.55627e-9
-1.88592e-5
1.43134e-5
-1.27033e-5
1.72574e-9
3.51942e-8
-3.16577e-9
2.02151e-5
-1.22247e-5
1.01586e-5
1.82476e-11
-2.5962e-9
6.61541e-10
-8.0957e-6
6.62214e-6
-7.58481e-6
1.71322e-9
-6.08916e-10
2.81253e-6
-2.75505e-6
-5.41848e-10
-4.76322e-7
-6.2482e-9
-3.0012e-8
2.10608e-8
-3.42596e-8
-5.59787e-8
-3.21351e-9
-2.344e-7
5.07094e-7
8.97116e-8
-2.52244e-7
-5.04626e-6
3.32277e-8
1.15436e-8
2.16315e-7
-4.49004e-8
-4.95719e-7
3.78054e-7
-3.11744e-7
-7.51264e-8
3.91463e-8
1.13335e-6
1.1318e-6
-7.35299e-7
-1.8681e-6
2.41685e-6
1.87557e-7
-3.83127e-7
1.25206e-8
1.48964e-6
3.71801e-6
-4.59313e-6
1.96959e-6
-8.93744e-6
6.42621e-6
1.35174e-5
-1.54788e-5
-1.27466e-6
7.04495e-7
-4.69562e-8
-3.4088e-7
2.57738e-7
-1.78563e-7
4.43997e-8
-2.38843e-5
2.33975e-5
-1.52443e-5
3.30925e-5
-2.64283e-5
1.84876e-5
-3.77067e-5
2.86396e-5
-1.89113e-5
5.86897e-5
-3.1127e-5
1.70079e-5
-1.87333e-5
1.24376e-5
-8.94233e-6
7.37757e-6
-4.12188e-6
3.33581e-6
9.57728e-8
1.9539e-8
-7.51443e-8
1.58724e-7
-7.14718e-8
2.58114e-8
6.20781e-7
-4.50849e-7
-4.4981e-8
-8.08037e-7
5.42571e-7
1.49812e-7
-4.0358e-7
1.73851e-7
-3.73829e-7
-1.76236e-8
-1.33059e-7
1.27284e-6
1.56849e-7
1.54295e-6
-1.87093e-6
-4.3277e-7
-1.66131e-6
1.7469e-6
-1.13594e-6
7.21244e-7
4.98451e-7
-4.91461e-7
8.47808e-7
6.86134e-8
1.44869e-7
-7.10715e-7
5.48919e-7
7.62225e-7
8.22866e-7
-1.60703e-6
2.33058e-6
-2.71435e-6
2.00984e-6
-1.91876e-6
3.40446e-6
-6.45181e-7
1.52326e-7
-7.05295e-7
2.53176e-6
-2.33848e-6
9.73505e-7
1.92874e-7
-2.2997e-7
-2.3176e-6
1.49391e-6
2.15839e-6
-5.07219e-6
-3.85796e-6
-8.27341e-6
5.79317e-6
-1.19579e-7
1.43603e-7
-1.58459e-6
1.02536e-6
-7.4784e-7
1.17506e-5
-1.17266e-5
1.13272e-5
-1.76423e-5
-1.54002e-5
1.55027e-5
7.52541e-7
3.12917e-8
-7.16833e-9
8.77128e-7
1.668e-5
2.72514e-5
-2.13548e-5
6.01631e-8
-1.4984e-6
1.42363e-6
-1.16959e-7
-3.39833e-5
3.16488e-5
-3.7508e-5
3.71319e-5
2.42165e-5
-1.40527e-7
-6.63966e-7
3.57016e-7
-3.8345e-5
4.67585e-5
-3.78718e-5
6.53574e-8
-4.40837e-7
1.198e-7
1.20004e-5
-1.59459e-7
2.32871e-6
4.21129e-7
3.54343e-7
-3.30611e-6
2.05209e-6
-8.04272e-7
-6.13804e-6
-7.97504e-6
7.89148e-6
7.10679e-6
3.99921e-5
-8.49019e-6
3.71482e-6
-4.47672e-9
5.60228e-7
2.98591e-6
-2.00822e-6
-3.29672e-8
-6.60203e-6
2.20167e-8
-3.08359e-7
6.17232e-6
-3.11426e-6
1.80701e-6
6.51355e-6
-7.28809e-6
3.90191e-6
-1.99659e-5
-1.48643e-6
1.15064e-6
-1.48249e-5
5.5355e-6
-3.89933e-6
1.55287e-5
-1.67285e-5
-3.40445e-6
2.13692e-6
-2.10843e-6
1.77539e-6
-3.7404e-6
-1.42845e-6
1.23473e-5
-2.58329e-5
2.52308e-5
-1.70188e-5
3.62939e-5
-2.44638e-5
2.36081e-5
-4.46524e-5
5.03561e-5
1.09962e-5
3.81908e-6
-7.41714e-6
6.64334e-8
-2.34336e-5
1.5051e-5
-6.00525e-6
6.57676e-6
-2.70593e-6
-4.17231e-5
6.97113e-5
-5.52083e-5
5.74619e-5
-5.64608e-5
5.70226e-5
-7.15779e-5
1.94219e-6
-2.54626e-6
-1.9115e-6
2.05928e-6
-4.00106e-6
5.44762e-6
-7.8413e-6
6.24028e-6
-9.08749e-7
1.57664e-6
-3.31263e-6
6.71977e-6
-1.09463e-5
1.52774e-5
-1.37943e-5
1.24672e-5
-3.88956e-7
1.8863e-7
-1.1516e-6
3.99871e-6
-9.22914e-6
1.58483e-5
-2.10624e-5
2.26955e-5
-1.85756e-5
1.95829e-5
-9.4603e-7
1.42766e-6
-7.56499e-7
-2.48099e-6
8.84612e-6
-1.66694e-5
2.26953e-5
-2.43354e-5
2.34254e-5
-2.73807e-5
-1.62909e-6
2.99259e-6
-4.55776e-6
5.17787e-6
-2.58768e-6
-3.88573e-6
1.21139e-5
-1.86376e-5
2.20065e-5
-2.40307e-5
2.40334e-5
-4.95041e-5
-4.60928e-6
8.87371e-6
-1.18423e-5
1.05129e-5
-4.50937e-6
-3.77559e-6
1.08287e-5
-1.54337e-5
1.69291e-5
-1.46925e-5
7.38221e-6
-1.39908e-5
1.84628e-5
-1.84377e-5
1.30843e-5
-4.83941e-6
-2.64394e-6
1.11667e-5
-2.37417e-5
2.94396e-5
1.38963e-5
-2.25552e-5
2.32843e-5
-1.97365e-5
1.16364e-5
-6.8842e-6
-1.54647e-6
5.82023e-6
2.09186e-5
-2.62153e-5
2.59786e-5
-1.50814e-5
1.8429e-5
-1.77413e-6
-3.09298e-5
1.68432e-5
