1.42875e-14
-1.00159e-13
6.94222e-14
1.00928e-13
1.31321e-13
-6.87844e-14
5.38624e-14
-6.71913e-14
-8.48892e-14
6.61379e-14
-1.16519e-13
-3.90126e-14
-3.84403e-14
1.16831e-13
2.16879e-14
4.98243e-14
-2.2467e-14
-6.00472e-14
2.07411e-13
-6.2987e-14
-1.93916e-13
-2.98768e-13
6.42785e-14
-4.69845e-14
6.54983e-14
2.97945e-13
-2.09948e-13
2.2699e-13
-8.76754e-14
-2.05534e-13
5.10796e-14
-3.38381e-14
1.60059e-13
1.53001e-14
1.14898e-14
-9.03757e-14
-2.34546e-15
-7.30182e-15
6.29559e-16
-8.83428e-14
2.69099e-13
-9.14413e-14
-2.33183e-13
1.52089e-13
1.82819e-13
-2.78247e-13
3.23175e-13
-3.58874e-13
3.40952e-13
-2.8276e-13
3.46526e-14
1.63711e-13
-1.79989e-15
-6.84589e-14
5.52743e-16
2.54429e-15
7.67001e-17
-1.14092e-13
3.82233e-13
-1.08228e-13
7.25702e-14
-5.81735e-13
1.7548e-13
5.30044e-13
-3.77811e-13
4.21082e-13
-4.91461e-13
5.22979e-13
-4.79426e-13
3.65678e-13
-2.29816e-13
2.80541e-14
1.03002e-13
-1.09067e-14
-4.23094e-14
-5.68134e-16
1.77858e-14
-4.91528e-16
2.49897e-15
4.69361e-13
-4.45665e-13
5.02365e-13
-5.9243e-13
6.63665e-13
-6.58632e-13
5.57212e-13
-3.9401e-13
2.25367e-13
-1.01852e-13
3.49109e-14
-8.19302e-15
2.06946e-12
-1.6364e-12
2.38131e-13
-2.24109e-12
2.09214e-12
-1.68934e-13
-8.62281e-13
7.33379e-13
-6.92989e-13
7.4669e-13
-7.69707e-13
6.98771e-13
-5.40743e-13
3.50784e-13
-1.90215e-13
8.85357e-14
-1.31636e-14
-3.14244e-14
5.55974e-15
2.06927e-14
1.66025e-15
-5.5185e-15
1.64594e-17
-1.70367e-15
2.29956e-12
-1.42086e-12
1.11827e-12
-7.51075e-13
7.50018e-13
-7.8442e-13
7.43521e-13
-6.1645e-13
4.36427e-13
-2.61961e-13
1.33785e-13
-6.08684e-14
2.3666e-14
-1.41938e-14
5.76905e-15
-2.10675e-16
-1.22969e-12
-8.91846e-13
6.24332e-13
-6.96991e-13
6.71928e-13
-5.89855e-13
4.48112e-13
-2.93384e-13
1.66106e-13
-8.41258e-14
5.81464e-14
-4.77605e-14
7.52421e-15
-5.6809e-17
-3.93523e-16
1.21267e-12
-1.20153e-12
-8.82785e-13
5.61648e-13
-4.83315e-13
4.29182e-13
-4.62182e-13
3.70201e-13
-2.6799e-13
1.65214e-13
-9.37191e-14
4.13951e-14
-3.40224e-14
3.3121e-14
-1.39961e-14
5.49055e-15
-4.52664e-15
3.35411e-13
2.14413e-13
-2.22534e-13
2.21222e-13
-1.79155e-13
1.35242e-13
-8.02559e-14
6.97648e-14
-3.59493e-14
3.80875e-14
-8.81334e-15
-1.75725e-15
8.3863e-16
-1.94346e-13
1.66768e-13
4.35096e-14
9.62643e-14
-1.08291e-13
6.7853e-14
-5.08605e-14
3.26629e-14
-5.78531e-14
3.919e-14
-2.66502e-15
-8.47734e-15
5.13968e-15
-2.11522e-15
-1.37577e-14
1.89073e-14
-2.72393e-14
4.7866e-14
-2.40569e-14
3.40782e-14
-2.16757e-14
2.96118e-17
8.54807e-15
-1.62809e-14
5.27492e-15
1.29018e-15
8.05792e-15
-1.88157e-15
-2.18285e-14
1.20551e-14
-9.96825e-15
8.5789e-15
-5.09487e-15
-4.63151e-16
6.26797e-15
-3.72667e-15
1.09634e-16
1.19551e-15
2.8636e-15
9.6004e-15
-4.2669e-15
-2.88558e-14
-1.36502e-14
7.91008e-15
-5.1475e-15
2.32867e-15
4.77036e-14
-2.12654e-14
-1.68664e-15
1.02628e-14
-2.5911e-14
1.40826e-14
-6.48926e-15
1.66239e-14
-3.91065e-15
-4.23048e-15
-1.87448e-15
-1.08176e-14
1.71239e-14
-6.94523e-15
1.9244e-14
-4.38366e-14
-1.46285e-14
4.34092e-15
4.71786e-14
1.56194e-14
-1.50868e-14
-1.05617e-15
-1.85456e-14
4.90807e-15
3.89995e-14
3.234e-14
-2.75272e-15
-8.52978e-16
-4.88402e-16
-6.60256e-14
-7.60229e-15
5.84966e-15
-1.04813e-14
2.12202e-14
4.29192e-15
-2.75178e-15
-9.72544e-15
-2.39499e-15
4.43999e-15
7.36403e-15
-3.66481e-14
7.9178e-15
3.95054e-14
-7.05202e-16
-1.18395e-13
1.4654e-15
7.12589e-16
-7.27198e-16
-1.7353e-15
-3.5806e-16
6.17461e-16
3.60727e-15
-2.28932e-14
4.70087e-16
7.87912e-15
3.97303e-14
-7.52098e-16
-7.34597e-14
6.23943e-16
-1.10337e-16
-5.337e-16
-1.399e-16
3.25699e-16
1.7702e-17
3.85212e-17
-6.58206e-14
1.42432e-13
-7.37673e-16
-5.01556e-17
-2.09577e-13
2.95494e-13
-4.46879e-14
1.06753e-12
-9.91164e-13
4.70365e-15
1.17814e-13
1.13506e-16
5.20146e-18
-1.26155e-16
-3.21325e-17
5.23085e-17
4.43165e-18
7.24894e-17
-3.38606e-12
3.32874e-12
-3.14631e-12
5.20927e-16
-1.2219e-16
-4.13527e-17
6.2658e-12
-4.12923e-12
3.19714e-12
-4.51795e-17
1.05947e-17
5.87626e-17
-9.16115e-12
5.84391e-12
-3.1396e-12
1.16314e-16
-5.3604e-17
7.31307e-18
1.1265e-11
-6.70578e-12
2.41993e-12
1.05757e-16
1.79198e-17
4.51858e-17
-9.09245e-12
5.26887e-12
-3.11353e-12
1.2043e-12
-1.42456e-15
2.51379e-16
-1.83978e-16
1.70232e-17
4.15492e-12
1.87408e-12
-6.14962e-13
-6.56695e-17
1.28482e-16
2.22097e-16
1.46256e-16
-3.13113e-12
2.37664e-12
1.70227e-12
-1.12027e-12
5.54786e-13
-1.02009e-13
4.63026e-16
-8.59443e-17
2.6343e-17
2.4827e-17
-2.3068e-16
-5.36207e-13
-2.53584e-13
1.10729e-13
-1.58913e-14
4.10572e-16
-5.42435e-16
1.87254e-16
-1.35241e-16
-1.46961e-16
2.63164e-13
-3.05968e-13
-4.87894e-14
-5.11679e-14
2.47441e-14
-6.11004e-15
4.83156e-15
-1.48843e-15
-1.03053e-16
-3.80009e-17
-3.96668e-17
1.43161e-16
2.72125e-16
-4.37685e-16
1.97246e-14
-2.84785e-14
6.14935e-15
-1.09546e-14
1.38778e-15
-1.58747e-15
1.88983e-16
-2.1425e-15
-2.42225e-15
-1.01798e-15
7.68715e-17
4.63046e-16
-1.13677e-16
5.06475e-17
6.10147e-16
-1.11857e-15
-3.52549e-15
5.25934e-16
4.56156e-15
-1.12375e-15
3.39175e-15
4.25112e-15
7.21219e-15
7.6099e-15
3.76234e-15
-8.96053e-16
4.29338e-16
-2.86763e-15
1.34065e-15
2.83052e-15
-3.92373e-15
-1.18283e-14
-1.67469e-14
-2.56177e-14
-2.41405e-14
2.82001e-15
-3.76032e-18
-2.55103e-15
2.73214e-15
5.16316e-15
-5.67628e-15
9.38212e-15
-3.44755e-15
-8.4546e-15
1.37185e-14
-2.98712e-14
3.85895e-15
-9.51593e-15
2.98751e-14
1.45896e-14
-1.99061e-14
1.14228e-14
-3.9994e-14
6.52068e-14
-8.27194e-14
4.36561e-14
-9.48013e-14
1.44029e-13
9.47048e-14
-1.53752e-13
-9.98658e-14
1.359e-13
4.01833e-18
8.06526e-17
1.20509e-16
3.27989e-16
-5.0383e-16
1.53466e-16
-1.69653e-16
-3.52728e-14
7.97454e-14
-1.02905e-13
-3.53425e-14
5.68205e-14
1.958e-14
-2.77142e-14
1.2721e-16
-6.68423e-16
1.42882e-16
-1.51398e-17
-8.54913e-15
1.20292e-14
3.35126e-15
-4.54021e-15
4.14426e-16
-2.23642e-15
4.14743e-16
-1.03649e-16
-1.20907e-15
1.54135e-15
3.66931e-16
-4.02244e-16
1.84058e-15
-5.65167e-16
-2.37327e-16
-3.32726e-15
-2.02671e-16
-7.02769e-17
6.98e-17
-2.29012e-17
1.87409e-18
1.97708e-14
8.13596e-15
-4.7098e-15
-8.3027e-14
1.61789e-14
-3.15497e-15
5.58609e-17
4.06254e-17
5.94907e-18
-3.88849e-17
2.38249e-17
-6.67145e-19
5.98285e-13
4.61941e-17
2.9483e-12
-1.70424e-12
-2.26689e-14
-4.99673e-12
3.51124e-12
-7.66713e-14
-1.81745e-12
-6.02807e-17
8.16257e-18
6.02532e-17
-1.80616e-17
-6.34851e-17
1.90966e-17
9.21034e-18
1.61619e-11
-8.99409e-12
4.96296e-12
-5.85434e-18
1.94162e-17
5.19747e-17
-3.10206e-11
1.7574e-11
-9.88228e-12
-5.33678e-17
3.85601e-17
-6.2199e-17
4.2074e-11
-2.47556e-11
1.37406e-11
2.73513e-17
-3.33714e-17
-3.08262e-17
-4.43195e-11
2.63528e-11
-1.34764e-11
-4.81477e-17
3.58741e-17
-2.81674e-18
3.37505e-11
-1.82162e-11
1.37958e-11
3.47573e-17
-8.2936e-17
2.79172e-17
-1.84599e-11
-7.63645e-12
5.76163e-17
4.02675e-17
6.61837e-17
1.3268e-11
-1.64476e-11
-8.02842e-12
3.98016e-12
-2.40149e-12
-1.747e-16
5.37064e-17
-5.44467e-16
-9.45549e-17
2.64606e-12
8.26076e-13
1.02257e-16
5.22206e-16
3.1259e-16
-1.16009e-12
1.17152e-12
4.00134e-13
9.07885e-14
-1.14163e-15
2.65576e-16
-3.50887e-15
1.41869e-15
-1.20094e-13
9.62015e-14
3.29709e-14
6.60812e-15
-3.75183e-15
2.17534e-15
-2.07829e-15
6.09331e-15
-7.8051e-15
1.43493e-15
2.13464e-15
1.61513e-15
-1.99984e-15
-6.13336e-15
-4.47158e-15
6.30612e-15
-1.22661e-14
2.11884e-14
-3.86494e-16
-2.95169e-15
-1.76186e-16
1.1744e-15
-5.82938e-15
2.8878e-14
4.14882e-14
6.20083e-14
8.51956e-14
4.62862e-14
-1.6451e-14
-2.62519e-14
2.50679e-14
8.56766e-15
-4.36772e-14
6.48058e-14
7.27511e-16
-4.6621e-15
-1.03145e-15
-4.12269e-15
-1.16871e-13
-1.43869e-13
-2.24814e-13
-2.57552e-13
-4.69715e-14
6.5656e-14
-1.109e-13
2.08423e-13
-4.49743e-14
-6.86831e-14
1.53261e-13
4.32573e-13
4.69462e-13
8.39237e-13
6.77303e-13
-3.21679e-13
-8.3072e-18
-4.39253e-16
1.15783e-16
5.30769e-15
-7.45221e-15
-1.62802e-16
-1.79983e-14
6.03842e-14
6.56445e-14
-1.42266e-13
-7.00546e-14
1.35069e-13
1.95129e-14
-7.11577e-14
7.97649e-14
-6.21643e-14
-1.82515e-13
1.89396e-13
2.07286e-13
-2.47428e-13
-1.63295e-13
1.61609e-13
1.18335e-13
-1.05259e-13
-5.4264e-18
3.24701e-17
-8.49859e-17
9.77342e-17
-1.98459e-16
2.00362e-16
-7.15208e-14
7.584e-14
3.47741e-14
-3.69511e-14
-1.42372e-14
1.19421e-14
2.44929e-17
1.23394e-17
1.35388e-17
4.47761e-17
5.18218e-15
-4.07023e-15
-1.63091e-15
1.19525e-15
-1.10561e-16
-3.71263e-17
7.2176e-17
4.76246e-17
4.09439e-16
-2.46874e-16
-2.5044e-17
-8.76497e-18
-3.34215e-15
7.24754e-16
5.94065e-16
1.48956e-16
-8.01805e-17
4.63047e-17
8.3177e-17
1.7289e-18
-5.92571e-14
5.60686e-15
1.85889e-14
2.31432e-14
-2.58217e-15
5.41816e-15
-3.16614e-17
-6.8949e-17
8.00838e-18
6.50626e-17
7.91146e-17
1.87899e-17
-2.41733e-12
9.4953e-14
4.12181e-13
9.79834e-12
-5.70013e-12
-3.05676e-13
2.53909e-17
-5.1706e-17
2.43523e-17
-5.3706e-17
1.85535e-17
-1.05588e-11
7.22222e-12
-2.84324e-17
7.21762e-19
5.75088e-11
-2.91214e-11
-1.45148e-17
5.34806e-17
-8.79426e-11
5.32899e-11
5.41034e-17
1.5493e-17
1.12024e-10
-6.93357e-11
3.37906e-17
-6.47597e-17
-1.25311e-10
7.24459e-11
-8.07296e-18
2.72503e-17
7.85558e-11
-5.25141e-11
2.57968e-17
7.75856e-17
-4.05661e-11
2.97382e-11
-9.50075e-17
-1.70533e-16
1.8817e-11
8.53391e-12
2.82826e-15
-1.18389e-16
9.64983e-16
-8.10629e-12
6.31661e-12
2.98798e-12
-3.2868e-12
-2.71194e-15
-1.56135e-14
-2.83902e-15
-9.44694e-13
-3.70325e-13
1.55232e-14
5.88814e-15
4.26521e-14
2.47504e-13
-8.75221e-14
-4.7973e-14
-1.9332e-14
1.52701e-14
-1.46742e-14
-7.85909e-14
-2.71884e-14
4.17648e-15
7.09697e-15
1.08614e-15
1.9784e-15
6.06143e-14
-3.06325e-14
6.82888e-14
-8.04968e-14
1.02786e-15
6.11824e-16
-5.49973e-15
1.70939e-15
2.07553e-13
-9.29877e-14
1.35939e-13
-2.75356e-13
1.42886e-14
1.03709e-14
-2.07663e-14
3.94571e-15
1.10994e-14
3.06049e-13
2.97113e-13
-5.77593e-13
3.55361e-13
-2.96515e-13
1.34318e-13
-2.3533e-14
1.45999e-14
6.45821e-14
8.55111e-14
-8.42669e-13
-1.51964e-12
-1.49402e-12
-3.37007e-12
-5.18342e-13
1.42683e-12
-2.20439e-12
-2.57296e-12
4.88289e-12
1.17535e-12
6.24468e-13
-9.29394e-13
1.03865e-12
3.21171e-12
5.05332e-12
4.58116e-12
1.63258e-11
-5.97224e-12
3.58981e-12
2.05807e-15
-1.54599e-13
1.41725e-13
2.411e-13
-1.85479e-13
1.66478e-13
-1.27481e-13
-2.08217e-13
2.10577e-13
-1.85044e-13
1.59803e-13
-1.54655e-13
1.59947e-13
-4.4895e-14
8.71473e-15
-4.42485e-14
6.68291e-14
9.16106e-14
2.01216e-14
-6.87613e-14
-1.66816e-13
7.39656e-16
2.28061e-16
-3.42286e-15
6.82631e-15
-1.13288e-14
8.57967e-15
-4.6711e-15
-1.10355e-14
1.74287e-13
-1.1491e-13
-9.48768e-14
4.66659e-14
5.11793e-14
3.31417e-14
2.42746e-14
-3.09225e-14
-4.52522e-14
-9.75158e-17
-1.71858e-17
6.31543e-17
-2.98252e-16
3.0106e-16
1.97139e-16
1.52765e-14
-9.68767e-15
-1.1676e-15
-4.66517e-15
-3.246e-15
4.10231e-15
1.555e-15
8.41509e-17
-2.60503e-17
1.46291e-18
5.71213e-17
-6.96844e-16
1.78466e-15
1.97042e-16
-5.38204e-16
9.66815e-16
-1.50554e-16
-1.84396e-16
-3.15566e-16
-2.84374e-17
1.38467e-16
-6.21961e-18
-5.55836e-17
4.25615e-15
-8.02218e-16
-1.68568e-15
-4.96617e-15
-4.65272e-17
-3.52936e-17
1.72468e-16
1.35774e-17
1.22017e-13
-6.03772e-14
-7.03492e-15
-1.4694e-13
1.87658e-13
-2.99334e-14
5.6669e-17
-1.94399e-16
-1.76695e-16
1.2852e-16
-1.34945e-16
1.17606e-16
6.80863e-17
-1.86237e-12
-1.74475e-13
1.18757e-12
-6.5933e-12
7.59268e-12
-3.32142e-13
2.91001e-18
-7.70896e-17
-8.14689e-17
6.01945e-17
2.10893e-18
6.46409e-17
5.26234e-12
-1.41197e-11
8.59676e-17
-9.56326e-17
4.29046e-11
-2.08866e-17
1.06271e-10
-1.81015e-10
6.84723e-11
-2.76755e-10
2.7817e-10
-4.97768e-11
-1.34664e-10
-6.66651e-18
6.88606e-17
-2.14598e-17
-5.36535e-17
1.47444e-16
-1.22644e-17
2.8382e-17
-8.86486e-18
4.2613e-10
-2.97762e-10
1.4869e-10
-2.07385e-17
9.55475e-18
-4.05452e-17
-5.59817e-10
3.81839e-10
-1.38533e-10
9.59362e-17
-3.6395e-17
2.54165e-17
1.01382e-9
-4.75174e-10
2.69568e-10
-6.90594e-17
6.81175e-18
4.93087e-17
-2.77281e-10
-1.10549e-10
-9.19909e-17
1.38465e-16
1.06598e-10
3.29091e-11
-3.24612e-11
4.60638e-11
3.96531e-16
4.75914e-16
-9.14196e-17
-1.73908e-16
-8.86374e-16
8.52526e-12
-1.76376e-11
-1.6044e-15
-1.56201e-15
-2.96526e-12
-1.95292e-12
4.05594e-14
4.89277e-15
5.49871e-13
3.21231e-13
7.2107e-15
5.03556e-13
-8.69998e-14
2.80907e-14
-4.42734e-14
5.3551e-14
1.23143e-15
-5.049e-14
-8.10404e-16
2.84744e-13
1.35136e-13
2.75324e-14
3.2429e-15
-9.65447e-15
-2.82386e-15
-2.31497e-13
-3.40594e-14
-1.13394e-12
9.42619e-13
1.93662e-12
2.39947e-13
3.68043e-15
6.04492e-15
-3.60675e-15
-1.73516e-15
-5.07444e-13
3.41735e-13
-4.21941e-13
1.17078e-12
5.16233e-15
1.47417e-14
-7.79625e-15
-5.00699e-14
-1.40136e-12
1.07604e-12
-1.62833e-12
1.96838e-12
2.22664e-14
7.76133e-15
-3.85491e-14
-2.3689e-13
-1.32352e-13
4.57832e-12
-2.93847e-13
5.69159e-12
-2.36078e-12
1.0641e-13
2.77876e-13
3.81876e-13
-8.25772e-13
-9.00976e-13
2.51958e-12
-2.87381e-12
-1.41013e-11
-1.34095e-11
-1.16103e-11
-5.53644e-11
-1.94211e-11
7.69672e-12
-1.92868e-11
-1.81851e-11
-6.93575e-13
-9.77877e-12
-1.1021e-11
2.03288e-12
1.06641e-12
3.57991e-12
-1.09141e-12
-7.37886e-12
2.63455e-11
4.79033e-11
2.99006e-11
9.35132e-11
2.16998e-10
-2.76626e-11
4.66575e-11
4.60979e-11
4.60175e-11
2.40545e-11
-3.14228e-11
-1.33948e-10
-1.00067e-10
-1.14577e-10
-3.71909e-10
-6.15865e-10
-8.96378e-11
2.78987e-14
7.08565e-14
-1.32183e-13
9.24658e-14
-3.24124e-14
1.46645e-13
-1.12649e-13
-1.18961e-13
8.32912e-14
2.3621e-14
-2.32302e-14
2.59603e-14
-8.39106e-15
-1.38886e-14
5.63004e-16
-2.98171e-14
4.20312e-14
-5.9063e-14
5.85679e-14
-2.22017e-14
3.36731e-14
6.64567e-14
-3.0136e-14
-2.93324e-14
6.75751e-15
1.16083e-14
7.51748e-15
-8.10972e-15
-3.7807e-16
1.45788e-15
-2.46375e-15
9.67642e-15
-2.19465e-15
7.72512e-15
-1.2391e-15
-2.60443e-15
-2.13437e-15
2.00498e-15
6.27931e-17
-2.2898e-17
6.18299e-17
2.28399e-17
1.63599e-16
-7.45897e-17
-1.21272e-15
6.88973e-16
1.44169e-16
3.66575e-16
3.03542e-16
-2.9399e-16
-1.66258e-16
-1.85881e-15
5.7612e-16
1.615e-15
-1.22304e-15
6.98631e-17
5.5053e-18
5.64696e-17
1.17396e-17
-4.21959e-18
-8.1219e-14
1.41525e-14
2.07374e-14
8.73453e-14
-7.06725e-15
7.30385e-17
-1.23266e-16
2.97098e-17
1.00221e-16
7.73721e-17
8.36756e-13
-4.33355e-14
-5.76554e-13
7.27354e-13
2.98603e-13
6.32355e-17
2.63691e-17
-6.86082e-17
-5.15906e-17
-3.76117e-17
8.37238e-12
-4.71568e-12
6.96036e-12
-4.57793e-11
2.36608e-11
-7.20662e-12
1.78686e-17
-3.78104e-17
3.93552e-17
-1.7352e-18
1.40104e-17
4.6171e-17
7.37694e-11
-1.01721e-16
2.17426e-10
-1.75369e-10
1.06621e-10
-5.8811e-10
4.1556e-10
-1.54605e-10
9.83326e-17
-7.56389e-17
9.09509e-17
2.93176e-17
9.87457e-18
1.76039e-17
6.96954e-10
-5.83248e-10
1.19292e-16
3.61406e-18
-8.06747e-10
8.84271e-10
-1.24774e-17
-4.47298e-16
1.28048e-9
-1.24521e-9
2.88572e-16
6.04122e-17
-7.89188e-11
-2.87096e-11
6.6439e-11
1.27879e-11
-1.22092e-11
-1.53027e-15
6.41966e-15
-9.81919e-16
-2.18532e-15
7.38583e-15
-5.80601e-12
5.10036e-12
4.4479e-15
-1.09329e-14
7.08748e-13
-2.27742e-13
-2.1785e-14
6.32188e-14
-1.90039e-13
-1.02961e-13
-2.79311e-14
-2.07397e-14
2.9837e-14
-6.3213e-14
2.96951e-14
-7.92693e-15
1.53131e-15
2.08662e-15
-5.52085e-15
-1.92317e-12
2.80997e-12
-3.14289e-12
4.20211e-12
3.85305e-13
8.85146e-16
-8.45473e-15
-2.06564e-13
1.16606e-13
-9.14152e-15
1.42739e-15
2.19837e-14
-2.02339e-14
3.41177e-12
-5.34721e-12
4.57056e-12
-3.18369e-12
1.61894e-12
-5.42421e-14
-2.39776e-14
1.22299e-13
-5.95814e-14
-2.72885e-11
2.22176e-11
-4.72897e-12
-1.06403e-11
-2.12529e-13
-2.20795e-13
1.77009e-13
-8.0963e-13
-8.05267e-13
5.52816e-11
-4.98417e-12
4.01626e-11
3.44251e-11
-6.80785e-11
2.47214e-12
9.32491e-13
2.12867e-12
-9.63978e-12
-1.00488e-11
1.71015e-11
-1.57517e-10
-1.67598e-10
-8.51028e-11
-1.43406e-10
-9.89732e-11
-5.81008e-11
2.36496e-11
2.61211e-11
1.69679e-11
-6.39315e-11
3.27118e-10
4.34014e-10
1.5458e-10
6.04446e-10
2.48508e-9
5.87738e-10
6.68062e-10
1.00371e-10
6.45479e-10
5.66221e-10
-7.47986e-10
-1.00399e-9
-1.12156e-9
6.42267e-12
-3.4117e-9
-8.50115e-9
-3.90926e-9
-5.50579e-14
-6.86796e-15
9.73207e-14
-4.02803e-14
-2.17649e-14
7.08828e-14
-1.8099e-14
-7.99683e-14
3.36079e-14
4.78681e-14
-1.40761e-14
1.08271e-14
-1.57339e-14
-1.29629e-13
1.41242e-13
-2.22143e-13
2.20227e-13
-9.08652e-14
1.77269e-13
1.49462e-14
-7.33816e-15
-4.41094e-15
-3.55685e-17
7.42526e-16
8.84255e-16
-3.33394e-16
-8.35119e-16
1.26289e-14
-1.28743e-14
5.54914e-14
-1.45098e-14
1.5162e-15
9.96291e-16
-1.69535e-16
-5.79081e-16
1.73657e-16
-8.63534e-16
1.53057e-15
-7.88297e-17
-1.80511e-15
-1.13326e-15
-4.34077e-16
-2.41074e-16
9.85039e-17
2.37961e-16
-5.17912e-17
-4.12718e-15
9.23462e-15
-6.47919e-15
4.03373e-17
1.13514e-16
5.10829e-17
-1.15645e-14
3.3658e-14
-2.68898e-14
-7.14567e-17
-2.10403e-18
1.05576e-16
-2.22505e-14
-2.14247e-14
1.09942e-13
-3.64075e-13
-9.63577e-14
6.80804e-17
-8.54692e-17
2.99445e-17
4.30856e-17
4.64051e-17
-2.00657e-12
1.36108e-12
-1.15513e-12
1.01899e-11
1.25777e-12
-2.66145e-17
9.53727e-17
1.06718e-16
-8.61396e-17
-1.45126e-17
4.99586e-11
-2.99125e-11
1.32181e-11
-1.2954e-10
9.0416e-11
-1.88412e-11
5.13107e-17
-6.66997e-17
6.05822e-17
8.87556e-17
-1.73091e-17
5.05733e-17
1.61655e-10
-6.63664e-17
3.18756e-10
-3.03516e-10
1.16013e-10
-2.22257e-10
-6.5874e-10
3.06679e-10
6.02871e-10
-1.85855e-10
5.19956e-17
-3.65171e-17
-8.09566e-17
-1.15652e-16
7.5342e-10
-4.16259e-10
-8.11946e-10
1.0558e-16
4.20523e-16
-1.04513e-9
4.79724e-10
9.63481e-10
2.26948e-15
-2.36345e-15
1.03781e-9
-2.66009e-10
-1.29483e-9
-5.75968e-15
5.97536e-15
-1.26834e-10
-5.55761e-11
1.01211e-10
1.59312e-11
-1.56628e-11
-1.74705e-14
4.12291e-14
-1.65319e-14
-3.48429e-12
5.74273e-12
5.67599e-14
-6.85236e-14
6.41999e-14
1.13964e-14
-5.81857e-14
-1.12023e-14
3.3789e-14
-3.97469e-14
-2.85943e-13
2.78056e-14
2.22529e-13
1.38148e-13
-1.34006e-14
1.94739e-15
2.73909e-15
-2.50309e-16
-8.36075e-16
-4.85744e-12
5.93828e-12
-5.95899e-12
6.79163e-12
1.97837e-12
6.3914e-15
-1.75644e-14
-2.00098e-14
1.58536e-14
1.23204e-11
-1.18962e-11
5.70073e-12
-5.71514e-14
2.9681e-14
1.68159e-13
5.72149e-11
-1.82961e-11
-2.56967e-11
-7.15803e-13
2.56691e-13
1.5268e-12
1.9782e-13
-2.40061e-10
1.48866e-10
2.95691e-11
-1.47898e-10
-1.75014e-12
-3.85651e-12
-1.60994e-12
-9.85233e-12
-2.24694e-12
5.04638e-10
7.89137e-11
5.57077e-10
2.61228e-10
-4.70815e-10
4.28081e-11
-4.63062e-12
-4.63718e-12
-1.27528e-10
-6.14755e-11
3.79943e-11
-9.97686e-10
-3.89105e-10
-2.36961e-9
-1.65616e-9
-9.1172e-10
-1.04768e-9
1.49365e-10
6.40329e-10
-4.95008e-10
7.72669e-10
2.94021e-9
-3.70819e-9
3.37946e-9
2.44916e-9
-6.34537e-10
1.42441e-8
2.15872e-8
2.56408e-9
3.42169e-9
-3.04617e-9
1.06278e-8
-1.22784e-8
-6.5433e-9
-7.07983e-9
-2.93959e-8
-1.29645e-13
-2.15345e-13
1.44803e-13
2.43853e-13
-2.16677e-13
1.87789e-13
-1.98079e-13
1.95576e-13
-1.2781e-13
7.35838e-14
-1.97416e-14
-1.81417e-15
-1.42325e-15
-8.19011e-15
7.89493e-15
5.39083e-15
-1.97719e-15
-3.27563e-16
-3.19523e-16
-1.55813e-16
3.45487e-15
2.08151e-14
-2.38456e-14
6.77366e-14
-4.09043e-14
-5.84518e-17
1.24024e-16
6.33621e-17
-3.93201e-17
5.30705e-17
1.5002e-15
6.92112e-17
5.93734e-16
-5.65692e-15
6.70099e-16
-3.20082e-17
4.45388e-17
-5.1291e-18
-1.47674e-17
-4.29311e-17
7.09106e-15
3.77601e-15
-3.59511e-15
-4.52295e-17
-4.21807e-17
1.18378e-16
2.76503e-14
1.23099e-14
-1.51262e-14
-4.80102e-17
-4.57873e-17
1.74452e-16
1.05107e-13
3.80963e-14
-5.0582e-14
-8.37397e-17
-6.82838e-17
1.18907e-16
4.83314e-13
-3.21012e-13
9.60186e-14
-1.64018e-12
-1.69192e-13
-4.6753e-17
9.74081e-17
-3.07066e-17
-1.60191e-17
-7.23147e-17
-6.59895e-12
4.96311e-12
-1.35016e-12
1.98845e-11
1.94496e-12
-8.24761e-17
1.86772e-16
9.93614e-17
-1.76817e-16
-7.4641e-17
7.30183e-11
-6.26622e-11
2.63964e-11
-3.88055e-11
-1.40381e-10
1.36779e-10
-1.99913e-11
2.655e-17
-7.46479e-17
-2.82659e-17
-5.21304e-17
7.6407e-17
1.59129e-10
7.36158e-17
-1.79112e-17
-5.87623e-17
-1.22619e-17
1.98717e-16
-8.56544e-16
6.49252e-15
-3.89054e-11
1.78501e-14
-3.58148e-14
5.5857e-12
-8.99926e-12
-1.11714e-13
9.54489e-14
2.95408e-13
9.33367e-13
3.10103e-13
2.0765e-13
-2.47194e-14
-1.10833e-12
-4.78495e-13
1.8585e-14
-1.37321e-13
-1.40124e-14
1.65943e-14
-1.78567e-13
-1.58367e-12
-3.13189e-13
-1.51452e-15
-9.14105e-15
2.04734e-14
9.79364e-15
-7.43581e-16
-1.20172e-11
1.74725e-11
-5.58123e-12
-1.0696e-11
7.37754e-12
-1.05925e-14
3.66321e-14
3.58369e-14
8.92215e-14
4.14133e-11
-2.90611e-11
-5.71188e-11
-1.82099e-13
-3.46901e-13
5.63967e-14
1.51025e-10
-7.04286e-11
-1.08172e-10
-1.33446e-12
1.14753e-12
1.46755e-12
2.47518e-10
9.57344e-11
-3.79718e-10
-8.93549e-13
-2.39685e-12
9.7537e-12
1.56451e-11
-2.82595e-9
1.50023e-9
1.12773e-10
-6.54396e-10
-6.27418e-13
-5.66282e-11
-7.82199e-11
-1.0778e-10
9.24015e-11
4.12537e-9
1.95722e-9
5.625e-9
6.42221e-9
-4.35206e-9
5.76349e-11
5.74515e-10
-9.03179e-10
7.52966e-11
2.4756e-9
-2.69094e-9
3.37941e-9
-4.92118e-8
2.73682e-9
-2.12467e-8
-3.18618e-8
-2.37574e-8
2.66498e-9
-1.21075e-8
-1.3762e-8
1.02541e-8
-5.32025e-9
-3.15504e-9
3.1071e-8
2.82734e-8
8.82839e-9
4.10937e-8
1.4667e-7
4.62671e-8
9.83686e-8
1.66457e-13
-1.4773e-13
-1.673e-13
1.20001e-13
-1.0625e-13
1.31466e-13
-1.0773e-13
-8.52612e-14
7.4342e-14
3.82864e-14
-3.81026e-14
-1.21865e-14
1.48869e-14
6.01488e-15
-5.72145e-15
-5.75247e-15
3.17775e-15
4.82748e-17
4.35238e-16
-1.56642e-16
1.30392e-16
1.83962e-14
4.44783e-14
-1.93679e-14
-8.58056e-14
7.93475e-14
-3.95774e-14
-1.34431e-13
2.79667e-16
-1.93715e-16
-7.28798e-17
1.88784e-17
-1.38882e-17
3.59312e-16
1.49575e-16
-2.35182e-16
-5.32525e-16
-5.16735e-15
1.44969e-15
-2.94581e-17
-9.21502e-19
9.91333e-17
5.1761e-15
-1.56486e-16
-4.2106e-17
3.36456e-17
2.497e-17
-1.51053e-17
1.79552e-14
-7.66652e-16
-1.63833e-15
-8.93404e-17
-5.68197e-17
1.59893e-16
5.90815e-14
-2.89453e-15
-6.16906e-15
-8.81086e-17
-6.94423e-17
1.82799e-16
1.77281e-13
-6.28568e-15
-1.94663e-14
-4.94438e-17
-6.7382e-17
9.38099e-17
8.5548e-13
-5.93866e-13
6.34123e-14
-2.59542e-13
-2.20182e-12
-5.46491e-14
-5.03141e-17
5.53014e-17
6.25742e-17
-5.28552e-17
-1.28763e-11
7.29944e-12
-1.27996e-12
4.50229e-12
2.65361e-11
1.05614e-12
-5.48393e-17
3.07734e-17
1.72418e-16
-1.58937e-16
1.62978e-16
1.4504e-17
7.01473e-11
4.04817e-11
-2.53926e-11
-4.48519e-11
-1.31489e-10
-3.69364e-11
1.67731e-11
1.96197e-17
-7.48016e-17
1.92569e-17
5.22685e-17
4.09839e-17
1.84078e-10
4.08401e-11
3.31173e-17
-3.39644e-17
-1.85539e-10
-9.37775e-11
1.43538e-16
2.20859e-18
1.51316e-10
1.18517e-10
-1.01661e-15
-2.81208e-16
-1.11633e-10
-1.11885e-10
3.19554e-15
5.08524e-15
9.69269e-11
2.00097e-12
-5.79678e-15
-2.62813e-14
-9.08939e-11
7.05311e-11
8.94345e-14
-2.69377e-14
-9.967e-12
-5.4387e-12
-3.52758e-13
-1.35704e-13
1.34447e-11
1.16182e-12
1.03798e-12
-1.25105e-13
2.85146e-13
2.24295e-12
3.93601e-12
1.54054e-12
-2.55278e-14
2.80388e-14
-6.60445e-12
2.86988e-14
-3.00031e-13
2.89057e-11
-2.13135e-11
-6.78544e-14
1.35755e-13
-2.79565e-15
7.55509e-15
4.55734e-11
-2.97637e-11
-4.44351e-14
2.86313e-14
-1.64881e-10
1.26312e-10
7.33983e-14
1.32289e-13
-3.01333e-13
3.05127e-10
8.47061e-13
9.31081e-13
1.16851e-12
5.29109e-10
4.11574e-11
-9.22427e-10
-5.70929e-12
-3.01231e-12
2.82653e-12
3.24753e-10
4.5755e-11
-1.77602e-9
6.8322e-12
-7.61783e-12
-1.86031e-12
1.53551e-9
6.27808e-10
-5.7329e-10
-1.33928e-11
2.18673e-11
8.74832e-11
-1.65697e-11
3.92856e-10
-2.43081e-8
9.66555e-9
5.05966e-9
-3.02918e-9
-1.06822e-10
-6.72313e-10
-1.73327e-9
1.90575e-9
6.39932e-9
-3.91388e-9
6.77647e-8
1.09308e-7
7.67251e-8
-2.72938e-8
-2.24055e-8
4.68041e-9
8.55901e-9
-2.43751e-8
5.43578e-8
3.96261e-8
-6.1693e-8
-1.16988e-7
-2.65202e-8
-5.43264e-8
-2.94751e-7
-3.88355e-7
5.18913e-9
1.64941e-7
-3.10099e-7
-4.59212e-7
-1.56419e-7
2.29183e-7
-1.17897e-7
5.53151e-8
3.72454e-7
2.42569e-7
-6.42419e-8
6.51944e-7
1.66142e-6
2.32438e-7
-6.1874e-14
5.90402e-14
7.1771e-14
-3.76985e-14
-5.21434e-14
2.92385e-14
2.76582e-14
-1.49407e-14
-1.06553e-14
3.49588e-15
3.90921e-15
-7.36104e-16
-1.71979e-15
-9.7285e-17
1.10866e-16
9.13452e-17
-6.13945e-14
3.01455e-14
1.1127e-13
-8.58899e-14
3.765e-14
1.08945e-13
-2.57556e-17
5.23169e-19
6.37882e-17
3.8041e-17
-3.81826e-18
-1.37715e-17
7.06155e-15
-2.31365e-15
1.72336e-14
-6.59525e-15
2.05559e-17
1.45585e-17
-2.50241e-17
7.65014e-17
1.67396e-16
1.09643e-16
-7.17147e-17
-3.54358e-16
1.07677e-16
-6.68656e-17
-6.53131e-17
1.03373e-16
2.10502e-15
-1.0106e-16
-1.1666e-17
-2.02135e-17
-1.40349e-16
1.94297e-16
7.01217e-15
-9.88774e-16
-1.68172e-16
-1.63082e-16
-2.74184e-16
2.89286e-16
1.89946e-14
-2.71902e-15
-7.45925e-16
-8.73864e-17
-6.79572e-17
5.77397e-17
8.80589e-14
-3.29468e-15
-1.68315e-14
-1.69282e-15
-5.4563e-17
2.23011e-17
-7.65053e-18
7.47865e-18
-1.67605e-12
-4.85451e-13
5.67899e-13
1.73168e-13
-7.31587e-18
4.04072e-17
-6.54683e-17
3.63127e-17
-6.67889e-12
-1.28342e-11
7.60377e-12
4.01861e-13
2.75147e-11
-3.69781e-12
3.76239e-17
-6.97942e-17
1.19081e-16
-8.3869e-17
9.67524e-17
4.47932e-17
-3.00395e-10
2.79682e-10
-1.61273e-10
4.64783e-10
6.03059e-10
-8.71916e-10
-4.10749e-10
1.19675e-10
-4.27662e-17
-5.02821e-17
3.61323e-16
3.0052e-16
-7.71007e-10
1.17733e-9
4.69788e-10
-4.52799e-16
-2.15362e-15
7.63685e-10
-1.28118e-9
-4.29654e-10
-8.08512e-16
7.75418e-15
-6.61803e-10
1.24245e-9
3.34142e-10
-1.08091e-14
-2.14256e-15
3.98468e-10
-5.37669e-10
-1.84956e-10
1.7682e-13
-7.43051e-14
-2.09168e-10
3.01036e-10
1.22337e-10
-3.30059e-13
-3.89479e-13
-1.1982e-11
-5.69402e-11
-3.88634e-12
-6.65936e-12
4.19896e-12
-3.44396e-12
2.11508e-12
-5.18646e-13
1.3145e-11
4.90063e-13
-6.56399e-12
-5.18416e-11
2.40445e-11
2.05234e-12
-3.54601e-13
-1.28843e-10
9.38899e-11
1.95205e-14
-6.0439e-13
5.23325e-10
-3.60093e-10
3.36155e-13
-5.44739e-13
5.04409e-10
-5.05076e-10
-2.22379e-13
1.82467e-12
-1.47243e-9
1.89198e-9
2.34181e-13
-6.62838e-13
-6.06239e-12
3.41233e-9
3.70393e-12
2.70383e-11
2.67712e-11
1.74519e-9
6.4837e-9
-9.49195e-9
5.7331e-12
-1.35843e-10
-1.9227e-11
-8.01677e-10
2.51786e-9
-6.59362e-9
-1.19152e-11
9.75771e-11
-7.07223e-11
3.41477e-12
-2.6042e-8
1.02531e-8
-6.59349e-9
2.89228e-9
2.23632e-10
2.47552e-10
1.91743e-9
-6.10513e-10
9.98015e-8
-3.97509e-7
9.52158e-8
-2.51971e-8
-1.72034e-9
-2.06888e-8
1.06195e-8
1.40366e-7
-6.93082e-8
1.03329e-6
-2.47806e-7
3.19064e-6
1.41948e-6
-3.8262e-7
-5.19734e-7
2.48134e-7
-4.73833e-7
1.65763e-7
-7.60227e-7
-7.5424e-7
-1.4588e-6
4.03787e-7
-8.08013e-7
-3.39735e-6
-1.31777e-6
-4.27317e-6
3.72084e-6
-9.12734e-6
-2.67099e-6
5.33336e-7
5.15776e-6
1.61736e-6
-3.29997e-6
1.30297e-5
1.79031e-5
3.85055e-14
-2.33074e-14
-5.40975e-14
1.74562e-14
-3.27806e-14
2.01981e-14
3.05683e-14
-1.6086e-14
3.85315e-15
6.0558e-15
-2.52781e-15
1.79998e-15
-3.12553e-16
1.11876e-16
2.95868e-17
4.29254e-16
-5.13245e-17
3.20615e-18
-1.33168e-14
5.1429e-15
-2.06986e-14
9.006e-15
4.26312e-17
-4.06991e-18
-4.69857e-18
7.55481e-17
6.98887e-16
-2.86654e-16
2.17806e-15
-6.34846e-16
-2.77637e-17
5.2061e-17
-1.73783e-17
2.63758e-19
3.64705e-17
-5.82917e-18
4.84186e-17
-7.09725e-17
-3.34015e-17
-3.81662e-18
3.35626e-17
3.22347e-17
-6.19093e-18
-9.67996e-17
3.6222e-17
1.01448e-16
2.6468e-17
1.19885e-17
1.21076e-16
3.13207e-17
4.03914e-16
1.74772e-16
-1.8452e-16
1.11585e-16
-2.86848e-17
2.90817e-16
3.56809e-15
-2.579e-16
-4.5697e-16
3.85431e-16
-4.38503e-17
1.97694e-17
-9.78196e-17
2.99648e-16
-1.69844e-13
-5.56819e-14
4.47114e-14
1.47926e-14
-3.62404e-17
1.10826e-16
4.74307e-17
-1.60767e-16
9.17145e-13
1.55608e-12
-7.15389e-13
-5.56672e-13
1.6173e-16
-1.22414e-16
1.81538e-18
-3.72069e-17
6.16004e-11
-7.59524e-11
2.05616e-11
-4.52987e-11
-1.66122e-10
5.02711e-11
-7.5483e-12
3.18701e-17
7.14354e-17
7.07268e-17
-8.13195e-17
7.98255e-17
6.22675e-17
-2.23936e-17
-2.24603e-16
8.56838e-15
-6.40635e-14
1.90829e-13
3.38343e-13
1.81132e-11
8.74511e-12
4.05168e-11
-2.54379e-10
-1.41904e-10
-4.05253e-13
-2.23685e-11
2.65496e-11
-8.17885e-12
-7.5056e-12
-5.62519e-14
5.25617e-11
-9.48383e-12
1.79914e-10
-6.0404e-11
1.39549e-12
-1.05775e-11
-5.95831e-10
1.83499e-10
5.7094e-12
-1.38888e-12
-1.92596e-9
1.25761e-9
6.92986e-14
8.48218e-13
6.39571e-9
-3.98648e-9
-1.2763e-12
-8.13191e-12
3.32179e-9
-6.48924e-9
6.01676e-12
-4.35613e-11
6.20839e-11
-4.05661e-9
2.08608e-8
-4.8096e-11
-6.62962e-11
-8.00752e-11
2.59674e-10
-3.07464e-9
4.05725e-8
3.89956e-10
2.62853e-10
2.17731e-10
-1.8698e-9
-2.00755e-9
3.19872e-8
-1.07866e-10
-2.20844e-9
-9.76756e-10
6.32451e-9
-1.41141e-8
1.80958e-8
-2.49573e-9
-1.41627e-9
1.07798e-9
-1.19758e-9
-2.24852e-9
8.97384e-8
-3.73083e-7
6.13857e-8
-4.3452e-8
8.15221e-9
5.01968e-9
4.79053e-8
-8.50435e-9
1.70979e-6
-8.04001e-6
1.6034e-6
-2.9269e-7
-5.68935e-8
-5.57912e-7
1.69874e-7
5.27591e-6
2.71776e-6
-2.17015e-5
-1.07039e-5
2.8838e-5
3.24429e-5
-6.98902e-6
-8.86704e-6
6.4176e-7
-9.87423e-8
2.19153e-6
-1.36368e-5
-1.35949e-5
9.96601e-6
-5.6666e-6
-8.97018e-5
4.49158e-5
-3.97987e-5
1.60098e-14
-9.62543e-15
-1.24446e-14
-1.15375e-14
9.72406e-16
2.03044e-14
8.08813e-15
-2.84169e-14
-2.26737e-14
3.56935e-14
6.09237e-15
2.00791e-15
-4.11961e-15
1.06848e-14
-7.35414e-16
8.79531e-17
1.04604e-14
-4.81693e-15
1.22547e-14
-4.6914e-15
-1.93552e-14
-1.09264e-15
1.58041e-16
-4.547e-17
1.35247e-16
-5.28536e-17
-1.74364e-15
4.88022e-16
-3.50954e-15
1.23892e-15
4.5136e-18
4.37575e-18
4.40846e-17
1.22432e-17
1.35568e-16
-6.23544e-17
1.93694e-16
-8.73249e-17
3.5984e-17
-2.4526e-17
3.1925e-17
2.15189e-17
-2.02754e-17
7.74976e-17
2.43793e-17
-8.42299e-17
5.27324e-17
8.66166e-17
4.8778e-17
-3.43994e-17
3.97214e-17
-1.16151e-16
-5.92963e-16
6.73954e-16
1.07584e-16
-9.39636e-16
-1.02318e-15
2.0649e-15
-9.93526e-15
-3.74594e-15
2.31679e-15
2.3518e-16
-3.55054e-16
9.15267e-16
3.88335e-16
-8.28079e-16
3.11564e-13
1.72804e-13
-1.12657e-13
-4.62183e-14
1.32383e-16
-1.94667e-16
6.56228e-17
1.72052e-17
1.27074e-11
1.67435e-12
-3.49961e-12
-2.87269e-14
4.2599e-17
-1.0646e-17
-8.48591e-17
1.25148e-16
8.55107e-17
6.6854e-10
-7.81613e-10
2.83152e-10
-4.77861e-10
-1.65009e-9
2.52257e-9
1.37172e-9
-1.37007e-10
-4.84612e-16
-9.87447e-17
6.87516e-16
3.04681e-15
2.84443e-9
-4.87086e-9
-1.84615e-9
-6.58346e-15
-9.71759e-16
-3.56103e-9
6.87675e-9
2.23076e-9
4.44148e-15
3.70758e-14
6.20174e-9
-8.73535e-9
-2.75971e-9
2.53796e-13
-1.84634e-13
-1.83329e-9
-7.64064e-12
9.5303e-10
-1.56148e-12
7.0565e-13
1.86725e-9
-7.37184e-9
-7.67201e-10
7.32998e-13
1.06005e-11
8.99388e-10
-1.0501e-9
-2.23388e-11
2.70656e-11
-2.09852e-10
-4.87738e-11
3.04198e-11
-1.66856e-10
1.86216e-10
-5.05212e-11
1.03082e-10
-3.62144e-11
1.82583e-9
-5.57418e-10
2.89751e-12
1.31553e-12
-5.07537e-9
1.48746e-9
7.28853e-12
-7.84352e-12
-1.91418e-8
1.13813e-8
1.38161e-11
1.43141e-11
5.16984e-8
-2.89024e-8
-2.46092e-12
-7.21335e-8
-1.04636e-10
-4.85183e-8
-1.32006e-7
1.68939e-7
-1.21169e-9
-1.72742e-8
-1.61448e-7
1.60663e-7
8.31287e-9
-9.86309e-9
2.69664e-8
1.15925e-7
-1.11293e-8
-2.43903e-9
2.32655e-8
3.73029e-8
-1.74386e-7
5.04315e-8
1.98324e-7
3.8179e-8
-4.1313e-8
1.37084e-8
-4.11954e-8
-5.43927e-8
1.47839e-6
-7.37187e-6
8.94587e-7
-1.36002e-7
3.51217e-7
1.10959e-7
1.16196e-6
1.47192e-7
3.32853e-5
-0.000176002
3.28219e-5
-5.04837e-6
-2.23487e-6
-1.18459e-5
2.64716e-5
-6.89663e-6
-3.67745e-5
1.45817e-5
8.96534e-5
-6.13904e-5
5.8965e-5
3.70354e-6
9.34118e-5
0.000332243
-0.000596523
0.000481803
-0.000126005
0.000125969
-0.000429425
0.000262599
-0.000124541
-0.000124775
-0.0012118
-7.21092e-15
3.40952e-15
1.02302e-14
8.25854e-16
-1.12348e-14
1.65657e-14
-4.17389e-14
2.76204e-14
4.12003e-14
-4.01252e-14
-2.59971e-14
1.94971e-14
-7.8696e-15
1.49816e-14
4.42881e-15
-8.89106e-15
1.69153e-16
-1.70114e-15
2.0322e-15
-8.2987e-16
2.57274e-15
-9.37969e-16
4.8138e-16
-9.70668e-17
1.41832e-16
-1.43422e-17
-9.98749e-17
-1.27471e-19
-3.82208e-16
1.63725e-16
2.83884e-17
-2.03588e-17
1.05959e-17
2.02244e-17
1.65779e-18
6.76943e-17
-5.60379e-17
8.23243e-17
6.05969e-17
-3.8263e-17
1.90963e-17
3.19562e-17
2.46993e-17
3.27945e-17
4.14884e-17
-3.78124e-17
-5.18972e-18
-3.77401e-18
8.28632e-17
-3.44289e-16
-1.44872e-17
-3.87252e-17
8.2345e-18
4.78406e-17
6.51266e-16
-2.75595e-15
-1.7619e-17
-5.92358e-17
-2.7509e-17
-1.31412e-17
1.13117e-15
-3.30019e-15
-2.75021e-16
-3.23186e-17
9.15997e-17
-2.58024e-16
-2.06302e-15
4.09395e-15
1.86437e-15
-3.66617e-15
3.79467e-14
9.31217e-15
-6.16543e-15
-2.17173e-15
5.77357e-16
-1.30909e-15
-3.55377e-16
8.60685e-16
-1.75858e-13
-2.83111e-14
1.2683e-13
4.25298e-15
-7.68464e-17
1.91113e-16
-5.25686e-17
1.13027e-16
-1.5402e-11
5.80432e-11
-2.19399e-11
3.09706e-11
8.03803e-11
-2.98242e-10
1.08424e-11
-7.86476e-18
-1.31738e-16
1.90118e-16
-4.74404e-16
1.39412e-9
-3.17634e-16
-2.0463e-9
-4.53151e-16
-1.85331e-14
-1.05408e-14
2.07383e-14
-3.9528e-14
-1.09508e-8
1.60095e-8
-4.56759e-11
3.32485e-11
-1.33357e-12
1.01713e-8
-2.20323e-8
-7.1367e-11
1.54437e-10
-5.90927e-9
1.32988e-8
1.57693e-9
1.57343e-10
-3.23196e-10
-4.38101e-10
2.65694e-9
-7.47834e-10
-4.84561e-10
-3.70075e-11
1.54613e-10
-3.04349e-10
1.62488e-9
-5.96803e-10
-5.07268e-11
-6.73798e-11
1.27193e-8
-3.70568e-9
8.19923e-12
4.91313e-12
-2.75861e-8
8.35374e-9
-1.14207e-12
-9.99101e-11
-1.18761e-7
6.45549e-8
1.22602e-10
1.27528e-9
-1.12097e-9
2.33479e-7
-1.27391e-7
1.73005e-10
7.10336e-11
1.52038e-10
-8.93731e-10
2.17196e-7
-2.98747e-7
-2.91217e-11
1.97009e-9
5.58735e-9
-6.08346e-9
1.69539e-7
-6.81863e-7
-1.48358e-8
-8.38908e-8
-2.57151e-8
2.19594e-7
-1.81663e-7
-1.01997e-6
4.07777e-8
1.0812e-8
-9.17787e-9
-2.74746e-7
-2.69014e-7
-4.968e-7
-6.58956e-7
9.02779e-7
-1.18647e-7
3.50681e-8
6.18101e-7
5.55216e-7
-2.68189e-6
4.34796e-7
2.18741e-6
-2.0392e-6
8.57103e-9
-1.74895e-6
-1.18515e-6
3.04704e-5
-0.000168742
1.32097e-5
-1.8184e-6
1.49535e-5
2.63559e-6
2.73298e-5
5.64321e-6
-0.000148106
0.00249695
0.000767749
-0.0028689
0.000439212
-8.16118e-5
0.000122489
0.000742864
-0.00030948
-0.0015251
0.00120447
-0.000608487
0.000233276
-0.00420122
0.00368539
-0.00546859
0.00428465
5.74536e-14
-8.69615e-14
-8.32912e-14
7.70755e-14
6.07038e-14
-5.6973e-14
-8.10504e-15
-2.81335e-14
-1.55339e-15
7.61452e-16
-9.09723e-16
-1.25943e-16
2.9966e-14
-1.01872e-14
-4.08636e-14
3.03172e-14
2.77338e-14
-4.0919e-14
8.17519e-15
-8.97724e-15
-1.68147e-15
1.25509e-16
2.06825e-16
3.35306e-17
6.63221e-16
-2.30597e-16
2.20536e-16
-5.41055e-17
5.91631e-17
5.861e-18
4.78536e-17
-1.41854e-16
6.09279e-18
-1.56784e-16
3.37377e-16
7.77397e-19
-1.23578e-17
3.56934e-17
4.27203e-18
6.41676e-18
6.94202e-17
-8.98777e-17
-9.29746e-17
-1.0192e-16
1.99624e-16
-3.30173e-16
4.51765e-17
5.42608e-16
1.49962e-15
-2.91707e-15
-1.95886e-17
6.80538e-15
7.26405e-15
-1.22081e-14
-3.09778e-17
1.69318e-16
-7.23362e-15
6.28626e-15
3.14546e-15
5.52711e-16
-1.25658e-15
1.68372e-15
2.63378e-15
-4.26542e-15
-1.29179e-15
1.97929e-15
3.92351e-14
-1.78429e-14
6.4391e-14
-1.24623e-14
-2.89889e-16
-1.06413e-16
-3.30096e-16
1.27226e-15
-2.00112e-11
1.64016e-13
1.01164e-11
3.49015e-11
-7.34273e-13
-4.93594e-17
7.68308e-16
-1.44087e-15
9.1915e-12
2.86395e-15
1.51781e-15
-1.21483e-14
7.51304e-15
-1.01277e-8
7.82718e-9
-3.97834e-9
1.31229e-8
1.70977e-8
-1.56239e-8
-8.63106e-9
4.39457e-9
1.12586e-13
-8.47379e-15
-3.72803e-13
-4.09773e-13
-1.38113e-8
1.72684e-8
9.11476e-9
1.04592e-12
-5.1221e-13
2.16134e-9
1.43987e-8
-1.36512e-12
-4.46837e-11
4.83291e-8
-4.07011e-8
5.82304e-10
-4.10444e-10
1.91853e-10
-1.25917e-8
1.37437e-8
7.16296e-10
-9.43797e-10
2.57952e-9
3.16446e-10
-1.31562e-10
-5.01981e-9
8.18174e-10
5.51532e-10
-1.42576e-9
2.40356e-8
-5.83465e-9
-1.69741e-9
1.04319e-9
5.30129e-8
-1.43425e-8
-4.60329e-10
-5.2408e-9
-1.78686e-10
-9.70106e-8
5.56007e-8
-2.03614e-9
-4.24282e-7
2.20692e-7
3.5254e-9
6.518e-7
3.42813e-9
1.00686e-6
1.51441e-6
-1.34e-6
1.49237e-7
1.8869e-6
3.65379e-6
-2.71274e-6
-9.15798e-7
1.83149e-6
-3.11695e-7
8.6845e-6
-7.19214e-6
-4.65173e-6
-2.51882e-6
1.23228e-5
-3.12857e-6
3.1226e-6
8.18495e-6
-2.0393e-6
-2.89046e-5
4.63536e-6
6.9475e-6
-1.23043e-5
1.02982e-5
-4.28144e-5
-1.35076e-7
-2.62181e-5
8.5745e-6
-2.49299e-5
-3.30391e-5
8.73755e-6
0.000900374
-0.0035314
-0.000168337
-2.90487e-5
0.000188205
-0.000278391
0.00157165
-0.00187038
0.00139402
-0.00223029
0.00856225
0.00635203
0.0024722
-0.0067225
0.0065457
-0.0021456
0.0175603
-0.0113073
0.00346366
-0.00864088
0.00656188
-5.1216e-14
9.52654e-14
7.57999e-14
-1.39603e-13
1.55146e-13
-1.50059e-13
1.16191e-13
1.41448e-13
-1.43026e-13
-9.36047e-14
7.27433e-14
2.30061e-14
2.52669e-14
-7.5927e-16
2.37297e-16
4.47848e-16
2.93751e-15
-6.27674e-16
7.30668e-15
7.49269e-15
1.54846e-14
-3.98299e-14
4.50691e-15
-7.96601e-15
-1.17073e-15
3.10134e-16
3.65974e-16
-2.16731e-16
6.67871e-16
-5.15285e-16
-1.13678e-16
3.77403e-17
-1.9659e-16
-4.65831e-17
2.08683e-16
-9.61427e-17
2.262e-16
5.00224e-17
9.93538e-17
-3.79914e-17
-5.27054e-17
-9.95692e-18
-5.91554e-17
1.85507e-16
-6.24274e-17
-7.44926e-16
6.62445e-16
9.28098e-16
-1.8532e-17
-7.14618e-17
1.47233e-17
-3.29605e-17
-2.87239e-15
3.84769e-15
2.96486e-17
-2.04007e-17
1.78767e-17
-2.10845e-17
-9.13398e-15
1.40484e-14
-2.99057e-17
-7.24808e-18
9.50046e-17
-1.86471e-16
1.1425e-14
-1.40795e-14
-8.85558e-15
1.03579e-14
-1.64566e-17
1.80241e-15
5.30682e-15
-1.68864e-15
6.9575e-14
-7.04292e-15
-1.25849e-14
-7.77428e-16
-5.5264e-13
-1.63033e-16
-1.86839e-15
6.1503e-16
-3.20458e-15
-1.16539e-12
-2.15736e-14
3.01282e-12
-8.70747e-12
3.67764e-12
-9.02086e-16
2.77229e-15
-5.34545e-15
-5.56129e-11
1.26046e-15
5.09378e-16
-5.11014e-16
3.64976e-9
-2.65454e-9
8.207e-10
-6.44572e-9
-7.91099e-9
1.52322e-8
-2.7377e-10
1.17612e-14
1.03277e-13
-4.0575e-14
-4.21857e-13
-2.41203e-8
1.3758e-12
3.2147e-8
-4.07579e-12
-3.77214e-8
1.62137e-11
-6.28746e-8
6.25182e-8
1.23316e-10
-6.62993e-11
4.60376e-8
-5.25535e-8
-1.28568e-8
-1.87944e-10
1.23681e-10
-1.52783e-8
-2.90763e-8
7.95795e-11
6.29994e-8
-2.7469e-8
9.84281e-10
-8.48646e-10
2.48236e-10
-8.89828e-9
1.5434e-8
2.85375e-9
-2.71707e-9
1.18278e-9
5.1289e-9
1.61079e-9
3.14326e-9
1.26343e-8
-4.12909e-8
3.13256e-8
-2.50322e-8
9.37742e-9
6.41886e-9
-3.64153e-8
7.41313e-9
1.28531e-7
-5.62719e-8
1.11113e-8
-5.8583e-9
7.20289e-7
-3.29345e-7
-7.23127e-9
2.49136e-9
4.53945e-8
-9.15648e-7
4.00727e-7
3.57939e-9
2.35816e-8
-1.70908e-8
-3.07052e-8
-2.01326e-6
1.57523e-6
-1.0511e-7
1.806e-7
-5.28414e-7
8.25185e-7
-6.64265e-6
3.50149e-6
3.577e-6
-6.81062e-6
-5.43076e-6
1.25059e-5
-4.13132e-6
-4.14998e-5
1.78592e-5
-2.5776e-5
1.13053e-5
-2.39954e-5
2.71369e-6
5.89592e-5
5.06234e-5
3.10307e-5
-9.49349e-5
3.15006e-5
-1.31719e-5
-0.000114203
2.55795e-5
1.11564e-6
-6.32038e-5
9.34966e-5
-2.88882e-5
0.000427947
-0.00161777
-8.68148e-5
-0.000124831
0.000139942
-0.000748498
6.46079e-5
-0.00130391
-0.000633518
0.00407609
-0.0146137
-0.00936588
-0.0260164
-0.0155954
0.0305463
-0.00792469
0.0154568
-0.00563901
0.0028351
0.0257343
-0.0245551
0.0237575
-0.0189803
0.0237001
-0.0283357
-4.78601e-14
9.2333e-14
-1.68935e-13
2.50237e-13
-2.57389e-13
2.32952e-13
-1.78779e-13
1.31325e-13
-6.8599e-14
-8.50137e-14
6.8921e-14
2.60281e-14
1.9268e-14
-1.29139e-14
2.53463e-15
-1.00898e-14
2.86056e-14
9.29615e-15
-2.22619e-14
-7.76458e-16
-1.21975e-15
3.04483e-15
-1.81926e-15
-7.40745e-16
3.84464e-17
-3.9014e-16
8.3169e-16
-4.76697e-16
7.02269e-16
-1.19005e-15
7.0271e-17
-2.28516e-16
6.19109e-16
-1.81049e-16
-9.76321e-16
2.31223e-16
-9.19756e-17
5.95797e-16
-2.1682e-15
-1.32976e-17
3.97657e-17
2.19863e-15
-7.75231e-15
-2.60351e-17
3.41178e-17
7.77332e-15
-1.47797e-14
-4.04625e-17
2.77994e-16
1.37768e-14
-9.34187e-15
-7.22821e-16
2.63026e-16
-6.73531e-16
1.68592e-15
-5.29114e-15
3.48393e-15
3.47913e-16
2.3091e-15
3.3453e-15
3.91527e-16
9.50259e-15
6.56402e-15
-1.90005e-14
8.0135e-13
-1.14485e-11
4.0116e-11
-1.11214e-14
2.19429e-14
6.44124e-15
-3.23996e-14
1.48856e-9
-8.64062e-11
-3.49767e-9
1.26343e-8
3.10158e-10
-1.21237e-14
1.08223e-14
-1.94142e-13
-2.70766e-8
7.02944e-13
4.09709e-8
-1.8565e-12
-5.30121e-8
4.57856e-12
5.85114e-8
-1.13669e-11
-6.02549e-8
2.5906e-11
4.95861e-8
-3.97632e-11
8.20931e-8
-7.55065e-8
-2.22767e-10
9.01792e-11
-2.81394e-8
-4.33449e-8
2.79282e-10
6.37365e-8
-3.06118e-8
-8.11762e-10
1.25997e-10
-2.02811e-10
-2.54693e-8
4.81513e-9
1.98511e-7
3.66056e-10
-5.17737e-9
1.56873e-8
-5.39737e-8
-1.43305e-7
4.79267e-8
-2.70517e-8
-5.05162e-7
4.70848e-7
1.24605e-7
-2.87434e-8
-1.19103e-7
1.35625e-7
1.01185e-6
-3.873e-7
-7.22174e-7
1.03359e-6
1.40333e-6
-1.93792e-6
-2.9052e-6
3.41303e-6
-6.00864e-8
-3.63268e-6
1.29866e-5
-2.65436e-5
4.15415e-5
-8.12356e-6
5.35472e-5
4.98704e-5
-9.98579e-5
-2.35404e-5
-3.15905e-5
0.000180566
-0.000122122
0.000165492
-9.68924e-5
0.000395906
-2.98464e-6
-0.000234129
-0.00086448
0.00028594
-0.000724235
0.000168101
0.000528432
0.00351695
-0.00738066
0.00248781
0.00683804
-0.020411
-0.0106505
0.0315766
-0.00752867
0.00902314
-0.00360389
0.0392856
-0.0573413
0.0582648
-0.0526022
0.0417145
-0.0313596
0.0222721
-0.0248183
-4.83626e-14
6.93246e-14
-3.80981e-14
-1.30347e-13
2.40735e-13
-3.19438e-13
3.52572e-13
-3.25217e-13
2.56675e-13
-1.79116e-13
1.18466e-13
-1.21001e-13
-7.91423e-14
1.18261e-13
2.53499e-14
-2.4368e-14
1.63825e-14
-2.57813e-15
7.31773e-15
-5.25756e-15
-1.46753e-14
1.65391e-14
9.11101e-16
-3.47229e-15
5.43215e-15
1.57289e-15
-3.06103e-15
1.72476e-15
1.21365e-15
-2.18909e-15
1.74963e-15
3.13649e-15
5.66888e-16
-1.15644e-15
-1.93733e-16
3.98894e-16
2.00968e-17
-1.34277e-15
9.64365e-16
-4.17458e-16
1.91523e-15
-5.51422e-16
1.29996e-16
1.57169e-16
3.45535e-15
7.83381e-15
-1.03412e-14
-1.67877e-16
1.13761e-14
1.30379e-14
-1.77924e-14
-3.70232e-17
-4.69373e-17
-1.19006e-14
5.91719e-15
3.26822e-16
-3.49162e-15
2.26582e-16
-6.86069e-15
-6.19631e-15
-2.33711e-15
1.95951e-14
-1.03644e-13
9.66921e-14
-5.10916e-15
1.30974e-14
-2.13347e-14
3.44239e-14
9.77254e-14
-7.29341e-14
-7.55874e-13
5.32126e-12
1.00456e-11
1.68524e-14
-4.09744e-14
5.77154e-14
3.8039e-11
-3.5921e-14
6.83138e-14
5.78333e-10
-2.07578e-10
1.82789e-10
-1.60386e-9
6.37986e-9
2.41247e-14
-1.08126e-13
1.39556e-13
-1.78597e-8
-5.83329e-14
3.64835e-8
-3.2072e-13
-6.06348e-8
1.28696e-12
8.25486e-8
-3.20884e-12
-9.60994e-8
6.6805e-12
1.02796e-7
-1.22112e-11
-1.18691e-7
2.07902e-11
1.98682e-7
-5.10358e-11
1.4878e-7
-2.28937e-7
-1.38614e-10
1.10983e-10
-4.3742e-8
1.95901e-8
-8.24746e-8
5.75656e-8
-1.52404e-11
-5.79451e-11
3.624e-12
1.59699e-7
-5.25027e-7
-1.74794e-10
4.56309e-10
-1.02601e-7
5.10469e-7
-6.86048e-7
-4.22245e-7
1.01951e-6
-7.66879e-9
3.59603e-9
1.69028e-10
9.99455e-10
4.4914e-7
-1.00473e-6
8.99222e-7
-4.11307e-7
-5.51081e-8
7.0771e-9
-1.5019e-6
-9.94155e-7
2.32411e-7
1.29161e-6
2.20486e-6
4.53081e-6
7.33552e-6
8.69516e-6
-6.44353e-6
-2.19251e-5
5.65049e-5
-1.23906e-5
3.22785e-5
-2.0797e-5
-9.82493e-5
0.000178452
-0.000101555
4.93508e-5
-0.000312298
-0.000179891
0.000518117
0.000311322
-0.000496016
-0.000458216
0.000262588
-0.000965276
0.00175406
0.000795641
-0.00257288
-0.000934697
0.00195492
0.00234645
-0.0013811
0.000989198
0.00508937
-0.00487036
0.0110654
0.0111554
-0.0201761
-0.0102878
0.0320351
0.00944888
-0.00696503
-0.00101695
-0.00389868
0.0386307
-0.0699893
0.093991
-0.106247
0.101261
-0.0839042
0.0625232
-0.0469809
0.0512486
-0.0499027
1.36899e-13
-7.50719e-14
-2.34694e-13
3.34287e-13
-3.91477e-13
3.85793e-13
-3.22098e-13
2.31963e-13
-1.48794e-13
9.23278e-14
-4.34468e-14
-5.22941e-15
2.1128e-14
-1.13041e-14
6.79057e-15
2.54742e-14
-3.6394e-14
-1.96435e-14
2.79693e-14
8.59421e-15
-3.62511e-15
-4.08026e-15
2.75268e-15
-2.1234e-15
1.64067e-15
-4.23873e-16
-5.44624e-16
1.80858e-15
-1.6249e-15
1.81543e-15
-4.34906e-15
-2.00449e-16
3.64347e-16
-1.07516e-15
4.24786e-16
1.28016e-15
-6.02571e-15
8.36288e-15
-8.13641e-15
1.0171e-14
8.59501e-16
-2.98029e-16
5.76798e-16
-1.44202e-15
-1.23211e-14
1.37435e-14
9.93913e-16
-1.22445e-15
2.77077e-15
-2.67761e-15
-9.3047e-16
1.21677e-14
-1.1124e-14
4.63828e-15
-1.93522e-15
2.93016e-15
-1.08383e-14
-3.99102e-15
1.11546e-14
4.47937e-14
-1.59272e-13
4.8937e-13
-1.95329e-14
3.11319e-14
-4.9666e-14
-1.9916e-12
5.81256e-12
-3.09142e-11
7.72726e-14
-1.33432e-13
-8.51068e-14
2.11279e-13
-1.81956e-10
1.27231e-9
-5.792e-9
2.98215e-13
-5.0132e-13
1.80361e-8
7.03517e-13
-4.16499e-8
-7.8235e-13
7.56184e-8
4.2783e-13
-1.12315e-7
6.41048e-13
1.40516e-7
-2.53224e-12
-1.555e-7
5.0524e-12
1.63817e-7
-8.30046e-12
-1.75971e-7
1.40447e-11
2.32165e-7
-1.29585e-11
1.35845e-7
3.40258e-11
-1.72849e-6
1.76674e-6
-1.78997e-10
3.49264e-11
-1.06663e-11
-1.59579e-6
1.83849e-6
-2.40439e-6
-5.16657e-9
4.04888e-10
-2.50076e-10
2.60228e-6
-1.75975e-6
-6.68444e-7
-2.71681e-8
1.39868e-8
5.85858e-6
2.72806e-6
-1.34158e-5
3.17382e-6
-2.33145e-6
-1.1696e-8
3.16801e-8
-7.40672e-6
2.47149e-5
1.20392e-5
-4.2294e-5
-2.6186e-5
6.85001e-5
-9.41889e-6
4.84992e-6
8.37787e-5
-0.000117832
-5.50607e-5
8.50142e-5
-4.72139e-5
-3.74856e-5
1.97056e-5
-8.79168e-5
0.000151133
-0.000256888
0.000183281
-0.000101574
8.56981e-5
0.00045612
-0.000812484
0.000764482
-0.000388608
0.00147334
-0.0026705
0.00469108
-0.00654098
0.00289244
-0.00149111
-0.00892253
0.0150792
-0.0086954
0.0278532
0.00414136
-0.0208832
0.0146676
-0.0509632
0.086933
-0.12654
0.154117
-0.159391
0.140795
-0.107894
0.0738479
-0.0467853
0.0237522
4.76087e-14
-6.63814e-14
3.4224e-14
6.24677e-14
-1.23339e-13
1.97221e-13
-2.86173e-13
3.58131e-13
-3.79902e-13
3.41496e-13
-2.61217e-13
1.73541e-13
-1.05934e-13
5.2736e-14
4.25531e-14
-5.68914e-14
-2.92842e-14
2.93954e-14
-2.2783e-14
-2.55488e-14
1.27153e-14
-7.65302e-15
1.14254e-14
-6.72507e-15
3.42824e-15
4.32483e-15
-2.71592e-15
2.00883e-15
-1.44138e-15
8.15391e-17
1.13648e-15
-1.74684e-15
1.72777e-15
-2.34197e-15
4.08192e-15
-2.01235e-15
2.43837e-15
-1.1611e-15
-6.93038e-15
8.30115e-15
-8.85506e-15
-8.75919e-16
3.30351e-15
9.29643e-15
-9.21708e-15
-8.82688e-15
1.46505e-14
8.91822e-16
7.10532e-15
-2.85621e-15
-8.02118e-16
2.39245e-15
-1.9541e-14
5.85797e-15
-1.25502e-14
5.18615e-14
-6.31702e-14
4.39473e-13
2.16733e-14
-3.65599e-14
6.44235e-14
-6.37511e-13
-1.88649e-12
6.08311e-12
-1.04423e-13
2.05294e-13
-2.55586e-13
-1.97985e-10
9.66612e-11
-1.01665e-10
8.20325e-10
-1.39481e-9
-2.75889e-13
5.35184e-13
-4.75499e-13
5.2793e-9
9.94938e-13
-1.5964e-8
-1.56413e-12
3.98382e-8
2.36152e-12
-7.95784e-8
-2.99809e-12
1.29781e-7
2.99733e-12
-1.77943e-7
-1.98515e-12
2.1463e-7
2.74785e-13
-2.50144e-7
1.34855e-12
3.30494e-7
-1.77521e-12
-4.53336e-7
-2.00343e-12
-9.06548e-7
1.16202e-6
-1.18109e-11
8.83777e-12
1.15331e-6
-1.26749e-6
1.78685e-6
-2.23021e-6
3.42819e-11
-1.30338e-12
-4.97139e-12
3.05307e-6
-3.9876e-6
5.46749e-6
1.93374e-9
-9.73062e-10
1.65702e-10
-6.43143e-6
5.36077e-6
-1.06794e-6
4.95824e-8
-1.26862e-8
-6.89774e-6
1.8838e-5
1.51785e-6
4.37499e-7
-1.53413e-7
-3.15845e-5
4.87233e-5
-6.59712e-5
1.07988e-5
-4.6511e-6
9.77504e-5
-0.000109536
4.61484e-5
-2.2644e-5
0.00010479
-0.000153381
0.000276974
-0.000253078
0.000131003
-8.12963e-5
-0.000509629
0.00094321
-0.000880961
0.000484788
-0.00178317
0.0034482
-0.0059284
0.00538492
-0.00288693
0.00158181
0.0120867
-0.0157232
-0.0198251
0.0309343
0.0216972
-0.0303317
-0.0229613
0.0178171
-0.00900451
-0.0285126
0.0570815
-0.0928185
0.139474
-0.182837
0.204597
-0.19457
0.15745
-0.110313
0.0706847
-0.0373444
0.0423886
-4.1084e-14
4.68702e-14
-3.20059e-14
8.40522e-14
-1.35963e-13
2.03216e-13
-2.69495e-13
3.08406e-13
-2.99964e-13
2.46997e-13
-1.69496e-13
9.86138e-14
-5.36788e-14
3.73438e-14
-2.87028e-14
1.72962e-14
2.95808e-14
-2.04275e-14
9.16407e-15
-9.51003e-15
5.59189e-15
-2.96318e-15
-4.2466e-15
2.46828e-15
-1.63974e-15
1.10453e-15
3.38222e-16
-1.48261e-15
1.31492e-15
-1.46288e-15
2.55622e-15
-3.19568e-15
2.75994e-15
-5.68959e-15
2.89555e-15
5.92992e-15
-7.55151e-15
7.07699e-15
-2.04081e-17
-1.55615e-15
-6.28817e-15
5.3684e-15
1.90988e-14
-5.68278e-14
-1.77125e-14
-4.75225e-15
1.84061e-15
1.26926e-15
3.41444e-14
-4.69313e-15
-5.16958e-15
1.09079e-14
-1.14446e-13
5.06718e-13
-1.98748e-13
-2.05743e-14
3.80107e-14
-8.53147e-14
1.815e-12
-8.99995e-12
5.85082e-12
1.96147e-13
-2.76813e-13
2.91827e-13
2.97822e-11
-9.13418e-10
1.14587e-9
-4.82147e-13
7.4164e-13
-3.94541e-9
-1.6495e-12
1.22329e-8
2.3988e-12
-3.24406e-8
-4.03168e-12
7.00261e-8
5.88701e-12
-1.2463e-7
-7.38441e-12
1.86235e-7
7.26873e-12
-2.4174e-7
-5.47409e-12
2.84045e-7
2.89934e-12
-3.48451e-7
-9.80564e-13
6.10534e-7
7.61186e-13
-7.95536e-7
1.72093e-13
1.33421e-6
-1.84335e-6
3.49162e-6
-6.85723e-11
2.22095e-11
-4.75833e-12
-5.10635e-6
6.61994e-6
-1.00129e-5
2.7156e-9
-9.73338e-11
1.69701e-10
1.29479e-5
-1.31608e-5
8.70997e-6
1.2464e-11
-4.72396e-9
1.74394e-6
-1.89001e-5
-1.78176e-6
-3.07377e-7
4.68772e-8
2.65182e-5
-4.67939e-5
4.82038e-5
-1.37595e-5
5.65178e-6
-7.42393e-5
0.000125361
-5.3359e-5
2.65266e-5
-9.69758e-5
0.00012231
-0.000237581
0.000269579
-0.000131337
7.18362e-5
0.000472418
-0.000959116
0.000839714
-0.000473045
0.00194025
-0.00455813
0.0104989
-0.00459582
0.00260394
-0.00147252
-0.0150319
0.0159185
-0.0234921
0.0240417
-0.0144384
0.00783972
0.0248725
-0.0526636
0.0831283
-0.128917
0.179185
-0.215551
0.220387
-0.190077
0.13498
-0.0800075
0.0457271
-0.0302314
-5.63226e-15
-9.08029e-14
8.6935e-14
8.68259e-14
-1.21371e-13
1.67407e-13
-2.04968e-13
2.16105e-13
-1.91227e-13
1.42412e-13
-7.806e-14
4.08197e-14
1.71628e-14
-2.24899e-14
-1.03255e-14
1.61596e-15
5.34589e-15
-3.3273e-15
5.68102e-15
-4.01202e-15
2.07058e-15
2.13027e-15
-1.72186e-15
1.01065e-15
-4.36479e-16
-6.29616e-16
1.50701e-15
-9.14725e-16
5.27874e-16
-2.27459e-15
3.73705e-15
-4.07012e-16
7.00331e-15
-7.28153e-15
-3.9999e-15
7.44276e-15
-5.10327e-15
1.486e-14
-1.29853e-14
4.0659e-15
-3.12609e-15
4.91871e-14
6.13757e-14
1.08493e-13
2.63014e-15
-6.19208e-16
-1.14479e-15
-1.38764e-13
1.82087e-13
3.65759e-15
-6.28421e-15
-1.67979e-13
-1.99347e-14
-1.80974e-12
1.29386e-14
-1.55602e-14
2.84871e-14
4.63565e-12
-1.31709e-11
6.60069e-11
-6.53368e-14
1.42219e-14
3.43295e-10
1.12694e-13
4.96279e-10
-2.95842e-9
3.79174e-9
3.30459e-12
-3.38001e-12
-8.25735e-9
-3.11175e-12
2.26358e-8
5.74322e-12
-5.14107e-8
-8.70803e-12
9.82372e-8
1.22878e-11
-1.58742e-7
-1.34254e-11
2.19731e-7
1.14525e-11
-2.7591e-7
-7.55042e-12
2.9585e-7
3.52837e-12
-5.00666e-7
-1.30429e-12
7.29524e-7
-7.38659e-7
1.53158e-6
-4.55757e-6
-1.69702e-11
-5.18037e-12
1.67007e-12
7.46397e-6
-8.02963e-6
1.37836e-5
-1.04265e-9
4.188e-10
-7.19958e-11
-1.9641e-5
2.26911e-5
-2.01555e-5
-2.32393e-8
6.21015e-9
1.28066e-5
5.74597e-6
1.49699e-6
-1.6596e-7
7.73864e-8
-8.63048e-6
1.90542e-5
-3.00228e-5
1.89953e-5
-6.91182e-6
5.0065e-5
-8.50728e-5
6.69974e-5
-3.62302e-5
4.37886e-5
-7.06384e-5
0.000169073
-0.0001814
8.71428e-5
-7.17753e-5
-0.000289722
0.000641147
-0.000623489
0.000348858
-0.000913095
0.00162812
-0.00293528
0.00339169
-0.00188424
0.00103654
-0.000439577
0.00299928
0.00983941
-0.00493621
-0.0725401
0.0727253
-0.0691143
0.103587
-0.147997
0.188
-0.204908
0.186945
-0.142013
0.0776335
-0.0426389
0.0242388
-0.0164296
-1.59524e-14
1.04078e-14
3.8599e-14
-5.46128e-14
1.80353e-14
-3.69619e-14
6.13836e-14
-8.63355e-14
1.11923e-13
-1.24269e-13
1.20583e-13
-8.30027e-14
4.37425e-14
-2.36872e-14
1.54136e-14
1.00577e-14
-7.39434e-15
5.11055e-15
-2.67216e-15
1.30504e-15
-1.33824e-14
1.80808e-15
-2.0638e-15
2.04288e-15
-5.91191e-16
-8.26972e-16
9.23191e-16
-9.1059e-16
-1.33519e-16
6.74527e-16
-1.11515e-15
1.40679e-15
-2.31999e-15
1.4653e-15
-1.79155e-15
-5.74496e-15
3.24667e-15
-4.36043e-15
1.88371e-15
1.2034e-14
-2.29844e-14
-2.74929e-14
-1.02698e-15
6.63769e-14
-1.03927e-13
-1.69532e-13
-2.4362e-16
2.68011e-13
-2.94115e-13
3.25515e-15
-2.35654e-15
3.99833e-13
-5.7743e-13
-4.04194e-15
5.36991e-15
6.80049e-13
-1.19338e-14
2.23565e-12
-8.49255e-15
1.51857e-14
-4.39792e-14
-3.34019e-12
1.66237e-11
-3.4261e-11
1.09059e-13
-5.15657e-13
1.76801e-10
-3.88457e-10
-6.99749e-13
1.06494e-12
8.21146e-13
-6.48672e-13
-2.46697e-10
3.47843e-9
-4.51466e-9
2.64404e-12
-3.54444e-12
4.97735e-9
3.2169e-12
-1.43354e-8
-8.57355e-12
3.14852e-8
1.16415e-11
-6.32475e-8
-1.86819e-11
1.05467e-7
2.05672e-11
-1.58094e-7
-1.87943e-11
1.73981e-7
1.08642e-11
-2.5098e-7
-5.6413e-12
3.21944e-7
1.74023e-12
-5.59357e-7
8.4128e-7
-7.19411e-7
-2.57258e-6
1.87481e-12
-8.70921e-13
-1.00509e-11
1.18803e-12
-2.69635e-13
3.94473e-6
3.11388e-11
-7.17037e-6
1.14651e-5
-1.18168e-5
-1.35409e-9
2.98175e-10
-1.10792e-10
2.20556e-5
-2.9668e-5
3.31722e-5
-5.4316e-9
3.11498e-9
-2.96484e-5
2.16266e-5
-8.06117e-6
4.76434e-8
-1.15969e-8
-5.66318e-6
-2.11082e-6
5.69444e-6
4.44806e-7
9.60465e-6
-1.66986e-5
1.30406e-5
7.73297e-7
-0.000100227
0.000138371
-0.000163393
0.000103073
-3.7679e-5
4.80395e-6
-1.71899e-6
0.000208596
-0.000336502
0.000361857
-0.000210124
0.000419862
-0.000905416
0.00207936
-0.00179383
0.000854383
-0.000421803
-0.00620124
-0.0105704
0.0145235
-0.0156524
0.0155047
0.0493438
-0.0107994
-0.018219
0.00840674
-0.00169473
0.00171798
-0.0428317
0.0414939
-0.0793632
0.10683
-0.139158
0.154012
-0.150301
0.101735
-0.0565915
0.0301867
1.13675e-14
3.18255e-14
-3.9991e-14
-4.30409e-14
3.98971e-14
-5.18075e-14
5.60494e-14
-5.38848e-14
3.42293e-14
-1.64772e-14
-5.38666e-15
3.46101e-15
1.73131e-15
-1.88959e-16
4.04443e-15
-2.47903e-15
-2.19026e-16
-6.7332e-16
3.56076e-16
2.72319e-18
2.9959e-17
-1.66993e-16
-3.84039e-16
3.87169e-16
6.17389e-16
-5.31835e-17
6.48219e-16
-7.47481e-16
8.02002e-16
-3.96292e-15
-1.92961e-15
2.76736e-15
-5.34981e-16
1.22505e-15
-3.01958e-16
-8.99803e-15
2.08141e-14
-2.46729e-16
2.49145e-16
8.6505e-16
-2.38495e-16
-5.94466e-14
1.18737e-13
-7.13549e-16
3.95393e-16
1.37023e-15
-3.63156e-16
-2.47811e-13
4.41657e-13
6.42619e-16
-1.8845e-16
-6.94208e-13
1.37568e-12
-3.28633e-16
-2.95179e-12
-1.30327e-15
7.35479e-12
-1.70596e-11
-3.90659e-15
1.71356e-12
7.46076e-14
-4.67524e-11
1.20936e-10
-3.56432e-10
-1.88229e-12
8.5777e-13
-1.26547e-9
-1.06192e-12
-1.07672e-9
4.9018e-9
-4.6488e-9
-5.80932e-12
6.13492e-12
1.14364e-8
1.67984e-11
-1.60768e-8
-1.5177e-11
3.40496e-8
3.09383e-11
-5.31741e-8
-3.19116e-11
7.8309e-8
2.54632e-11
-9.99116e-8
-2.15326e-11
1.1593e-7
9.1139e-12
-1.3268e-7
2.28354e-7
-5.25297e-7
1.94944e-6
4.83025e-12
-2.86138e-12
-8.17778e-13
-3.69694e-6
4.10068e-6
-9.88533e-6
1.90917e-5
-1.90415e-5
-6.36776e-11
2.75829e-11
2.84407e-5
-3.49384e-5
2.29253e-9
-7.54953e-10
3.75029e-5
-2.33169e-5
-8.13649e-9
-3.78694e-9
9.57331e-6
-1.43039e-6
1.05626e-7
-5.99086e-8
-8.26586e-9
7.508e-9
-7.53389e-6
1.28154e-5
1.14594e-6
-6.06162e-7
-6.57964e-7
3.01546e-7
-2.90358e-5
3.25367e-5
4.77214e-5
-2.27716e-6
-6.04921e-6
2.44184e-6
-2.00482e-5
-1.844e-5
-5.4472e-5
2.09429e-5
-1.12367e-5
0.000109276
9.00384e-5
0.000567418
-0.000221083
0.000118172
-0.000206225
0.00579748
-0.0114653
-0.0129701
-0.00196579
-6.73013e-6
-0.00016748
0.000627156
0.0547619
-0.0458594
0.0903539
-0.0720128
0.0930289
-0.0960159
0.0862326
-0.0596621
0.0302902
-0.00466392
0.00639733
1.08827e-14
-1.49681e-14
1.00858e-14
3.58262e-14
-2.64733e-14
-1.55879e-14
1.7994e-14
-1.88454e-14
2.13829e-14
-1.37478e-14
6.90219e-16
-1.16282e-15
-4.20209e-16
-1.29874e-16
-2.45442e-16
2.35134e-16
-2.33434e-15
1.43048e-15
-3.48484e-16
7.4156e-15
-1.57558e-16
4.46489e-17
-1.91318e-16
-6.04604e-17
5.39372e-18
1.73415e-16
-1.28053e-17
-6.92447e-18
2.45997e-17
-8.28622e-17
1.3083e-16
-2.75583e-16
-3.61576e-16
1.84884e-16
-5.97552e-17
2.07991e-16
3.42791e-16
-1.29075e-16
-2.84181e-16
-8.41065e-17
7.69283e-16
2.07724e-16
4.7157e-17
1.92768e-15
-1.8968e-15
-3.11449e-17
1.44595e-18
2.17476e-14
-3.3864e-14
-4.75089e-17
1.56462e-17
1.05712e-13
-3.37585e-13
-5.15693e-17
7.84136e-13
-2.2246e-12
1.00011e-16
6.30101e-16
-5.14502e-13
2.13085e-12
-2.04956e-15
-1.89246e-15
1.08317e-15
-9.75759e-12
1.87488e-11
-1.87573e-11
2.99488e-11
5.66849e-15
-1.34763e-14
-1.67287e-14
-1.10125e-13
1.38578e-13
3.72796e-11
-1.44056e-10
2.22148e-10
-4.98993e-13
1.14807e-12
-6.38959e-10
1.39858e-9
3.94366e-12
-3.49753e-12
-2.30441e-12
-1.19396e-9
-2.19454e-12
-5.11764e-10
5.94672e-9
-9.37216e-9
-2.02489e-11
1.30754e-11
6.9034e-9
2.45907e-11
-1.35271e-8
-4.9236e-11
2.18098e-8
6.6301e-11
-4.2528e-8
-5.19585e-11
4.4056e-8
3.23357e-11
-1.28981e-8
3.6147e-8
-9.83731e-8
1.2541e-7
6.59146e-7
1.62068e-12
3.23995e-12
1.2245e-11
-9.14735e-12
-1.26287e-11
-1.28512e-6
-2.96725e-12
2.29397e-6
-4.17204e-6
3.20289e-6
6.82243e-6
1.36797e-11
-7.75173e-12
-1.6994e-11
3.67956e-13
-3.63499e-12
-1.48235e-5
1.80257e-5
-2.42344e-5
-1.94569e-5
2.71224e-5
-2.05632e-10
1.37117e-10
4.24665e-11
-1.54875e-11
-2.48471e-5
1.25173e-5
2.78109e-9
1.18167e-10
-3.55821e-6
1.13827e-6
3.08176e-8
-1.09163e-8
2.99702e-6
-3.12824e-6
6.30758e-7
-2.24345e-7
5.70202e-6
-3.66433e-6
6.12274e-6
-1.95223e-6
1.56644e-6
-1.33249e-5
2.0641e-5
-1.75631e-5
1.96883e-5
-8.75378e-5
3.25911e-6
-5.77742e-5
-7.22515e-5
3.16645e-5
-1.24076e-5
2.75403e-5
-0.000225299
-5.76474e-5
0.000861656
-0.000330094
-0.00330306
1.44061e-5
4.01614e-5
-3.61698e-5
7.55904e-5
0.00667866
0.028236
-0.0202869
-0.0175571
-0.0171701
0.00052107
0.000133513
6.71195e-5
0.000187906
0.06078
-0.0910832
0.0369048
-0.0505953
0.0576041
-0.0498755
0.033704
0.00736476
-0.00514848
2.47536e-15
-9.4559e-15
-5.67452e-15
1.03932e-14
-1.17362e-14
8.41714e-15
7.28605e-15
-8.59661e-15
3.96669e-15
5.26123e-15
9.87218e-17
1.33995e-16
-2.69313e-17
-2.10811e-15
2.18125e-15
1.69261e-15
2.6588e-17
7.47303e-17
8.5996e-17
-2.25571e-17
5.43606e-17
4.87958e-17
8.57428e-17
1.41863e-16
-7.88809e-17
-6.9182e-17
-1.91524e-16
2.13042e-16
-8.94934e-17
2.55232e-16
8.81785e-17
1.31148e-16
-3.72506e-17
-4.73524e-16
-3.38599e-16
-7.63703e-17
4.85152e-17
-5.07534e-17
1.23969e-16
-5.37048e-15
-3.17127e-17
4.09786e-15
-5.57178e-15
-2.34758e-14
-1.00978e-17
2.07791e-14
-1.99461e-14
-2.81849e-14
1.63026e-13
-3.19174e-17
1.14163e-16
-9.91832e-16
1.93789e-14
-5.13984e-16
9.99541e-17
-1.15491e-16
-1.73014e-13
8.30669e-13
-7.10428e-17
-2.65395e-12
8.26295e-16
3.68991e-12
-7.02717e-12
-1.40267e-14
2.95035e-11
-5.14382e-14
2.19079e-11
-1.59105e-10
1.29306e-10
1.19005e-12
-1.08782e-12
1.54875e-10
9.26857e-10
5.46748e-12
-2.46269e-12
-3.97546e-12
-2.39058e-9
1.1667e-9
-3.63379e-12
-1.59311e-11
-5.50048e-9
9.2384e-9
1.34116e-10
-1.04819e-10
-7.25775e-9
-9.17174e-11
-8.62168e-9
1.8974e-8
-9.42483e-9
-1.68822e-8
1.44403e-8
1.48808e-7
1.21102e-11
2.43097e-11
7.18975e-11
-5.87601e-11
-6.1446e-11
-3.34258e-7
-3.39596e-11
4.87553e-7
-8.96054e-7
1.83911e-6
-3.46757e-6
6.37016e-6
3.70294e-12
6.02093e-12
-9.75207e-6
1.16243e-5
-1.54552e-11
8.67261e-12
-1.16746e-5
1.62542e-5
6.62229e-6
-7.19938e-6
-5.80723e-10
6.75045e-11
1.70577e-10
3.11252e-12
-4.35714e-6
3.8812e-6
-3.10496e-6
1.11005e-9
-7.74205e-7
4.21257e-7
-3.69174e-7
1.29716e-8
3.39303e-7
4.63087e-8
3.08956e-7
1.59787e-7
-1.15621e-6
1.68599e-6
-2.35179e-6
4.90083e-6
2.87627e-6
5.30672e-6
3.15393e-6
-8.7262e-7
-6.20828e-7
-1.0618e-6
-1.09215e-6
-7.87319e-6
-0.000137306
-0.0001281
1.15935e-5
-7.84464e-6
1.45956e-5
-0.00624701
0.00666344
0.0293181
-0.0113067
-0.0159052
-0.0195331
0.000679846
-0.00256254
0.000131191
-9.43098e-5
4.3229e-5
-6.9005e-5
0.0182438
-0.0444396
0.0599855
-0.0410492
-0.0212135
0.0294607
-0.0215421
-4.41166e-15
7.24232e-17
3.50778e-15
3.11163e-15
-3.37968e-15
-2.93622e-15
2.08679e-16
-8.24495e-16
-1.05158e-15
-4.28139e-16
5.29201e-18
-5.22233e-16
-6.414e-16
5.85433e-16
1.20986e-15
6.28436e-17
3.06161e-16
3.01498e-16
-1.94108e-16
-4.42387e-17
3.40101e-17
-5.94953e-17
1.00808e-16
-5.10516e-17
4.67147e-17
1.234e-17
1.82173e-16
4.66335e-17
2.14918e-17
4.41144e-17
1.43079e-17
-8.38618e-17
-1.81708e-17
-3.10978e-17
8.11473e-18
2.83438e-17
2.17899e-16
1.05231e-16
-5.02551e-17
5.98193e-17
2.35927e-17
-3.42582e-17
9.29123e-17
-7.64723e-16
2.59383e-17
-2.41665e-18
4.36473e-17
-2.12287e-17
-4.5072e-16
-3.91953e-16
-6.43407e-17
-1.87691e-17
3.85049e-17
2.7787e-17
-4.00908e-15
8.9034e-15
-9.77153e-17
5.35154e-17
6.68797e-17
-3.81333e-17
-3.81272e-15
-3.50041e-15
7.79107e-18
6.96695e-14
-5.53994e-13
1.17043e-16
-7.82675e-16
6.05576e-14
-1.84212e-13
4.27436e-15
-6.67117e-16
1.57687e-13
-3.78294e-12
2.46919e-15
-1.79209e-14
1.50826e-12
-8.56693e-12
2.45767e-13
-6.30524e-14
4.52294e-11
2.04471e-13
-2.03197e-11
-1.15381e-11
-2.75887e-11
1.35154e-12
-7.95402e-13
-1.97211e-10
8.97258e-10
6.01286e-12
-2.82252e-12
-4.57421e-10
-5.84154e-10
9.28781e-13
-8.66197e-12
7.14876e-12
1.54766e-11
2.3658e-9
-2.83637e-9
1.37325e-10
4.24276e-9
2.26039e-9
-9.05913e-10
-6.43495e-9
3.49534e-9
-8.40591e-11
-8.71712e-11
8.16537e-11
9.85595e-11
-3.19582e-10
1.90207e-10
1.60709e-10
3.59541e-8
2.30864e-10
-7.5905e-8
-1.47815e-10
6.04804e-8
-1.35672e-7
3.11997e-7
-8.20066e-7
-5.63487e-7
1.48249e-6
-1.18777e-11
-1.4363e-11
3.39002e-11
5.38606e-11
-2.01408e-6
4.6912e-6
2.26609e-6
-5.59606e-6
-3.2908e-12
-1.58305e-12
3.88148e-12
-4.26021e-12
5.68543e-6
-2.21511e-6
-1.30277e-10
-2.05175e-11
1.21468e-6
-9.34032e-7
-2.15723e-9
9.96513e-11
-4.42683e-10
4.30724e-10
-1.12106e-7
-8.4789e-8
-1.84355e-8
3.12015e-9
3.76373e-9
7.41484e-10
-1.63072e-7
-5.01105e-8
-6.34076e-8
-8.47368e-9
-2.10279e-8
9.04792e-9
1.91442e-7
-6.03182e-7
-2.30639e-7
4.18262e-7
3.6336e-7
-1.45086e-7
6.80773e-7
-9.41855e-8
-4.59114e-6
-6.6964e-6
3.15479e-5
2.36308e-5
1.24852e-6
3.15204e-6
6.33765e-7
-6.84343e-7
-0.000102554
-0.000392879
0.00131319
0.00133292
1.56733e-5
-4.83007e-5
-2.88329e-5
9.10816e-6
-0.00338129
0.00593385
0.0176963
-0.00738642
-0.00106066
-0.0134731
0.00641522
0.0325267
-0.0137978
0.0137213
-0.00281299
0.0105439
0.00030576
9.47388e-5
-3.48244e-5
5.14648e-6
-0.0334093
0.0336507
2.26164e-16
-9.65988e-17
1.05018e-15
2.19665e-16
5.18043e-17
-9.8913e-17
-8.36568e-17
-7.33777e-18
-2.25441e-16
-1.48993e-16
9.56301e-17
-3.63431e-16
4.48086e-17
2.66263e-17
-2.08302e-16
9.28084e-17
3.96644e-17
-7.45804e-17
1.42446e-17
-3.23825e-17
-1.94255e-17
-3.86703e-17
-2.35027e-17
-1.58054e-17
6.93956e-17
-5.75092e-17
4.82592e-17
7.93566e-18
4.8591e-17
1.52839e-17
5.12266e-17
-3.22083e-17
3.11178e-17
3.27217e-17
-2.97508e-18
-3.19259e-17
-4.97844e-17
-4.29646e-17
1.11339e-17
5.59788e-17
-7.93407e-17
3.01771e-16
2.62058e-17
-2.56203e-17
-8.19209e-17
1.10687e-15
5.55606e-17
-6.57604e-16
8.92682e-16
-8.30667e-16
-3.8974e-17
2.5389e-16
-3.04597e-16
6.30065e-15
-1.76945e-14
3.65106e-17
-1.02872e-16
-1.09372e-15
-4.43889e-17
2.40683e-16
2.99819e-17
1.19426e-14
-1.42388e-13
2.17978e-18
-1.00973e-15
4.77303e-14
-2.81458e-13
9.78097e-15
-3.92317e-15
1.03602e-12
-1.62294e-12
1.36863e-14
-2.85037e-14
-5.98273e-14
2.12031e-12
5.21483e-14
5.05299e-15
-7.39368e-13
2.5324e-11
4.48351e-14
2.97402e-11
-2.63022e-12
1.29699e-10
-6.32476e-11
1.86878e-11
-4.62999e-12
1.06512e-10
-2.09006e-10
2.17275e-10
-4.50401e-11
-1.93249e-10
-1.5225e-10
2.20754e-10
-2.8715e-10
6.24716e-10
-1.59088e-9
-2.30725e-10
4.53659e-10
-7.43666e-10
-5.87627e-10
1.45895e-9
5.03459e-10
5.21507e-9
-1.3686e-8
-1.42066e-9
3.6122e-8
-1.14592e-7
-6.12691e-8
1.95206e-7
-9.4757e-11
-1.0352e-10
2.2147e-10
2.72145e-10
-2.48218e-7
7.50319e-7
2.59805e-7
-8.17135e-7
-5.41688e-13
1.92884e-11
-2.38951e-11
-5.87146e-11
6.24986e-7
-1.82915e-6
-2.44475e-7
1.47926e-7
1.54174e-10
4.58587e-11
-3.02205e-10
-5.18655e-11
7.20523e-7
-6.30552e-7
4.96538e-7
-2.74023e-11
3.6608e-7
-3.01475e-7
3.23887e-7
-2.64751e-10
3.09045e-8
-3.94611e-8
8.07651e-8
-3.6502e-9
8.50724e-9
-3.51627e-8
5.09087e-8
9.45691e-9
-3.06481e-7
-4.48669e-7
1.52375e-6
1.9373e-6
2.08198e-7
-5.02889e-7
-2.59558e-7
3.85989e-9
-1.00071e-5
-1.71672e-5
6.38158e-5
6.61826e-5
-1.2192e-5
4.05709e-5
1.2853e-5
-3.13545e-6
-0.000110173
-0.000138117
-0.000120098
0.000867736
9.3248e-5
-0.000167483
-0.000206055
8.34322e-5
-0.000166979
0.00360663
-0.00672756
-0.032673
0.0238422
-0.0148661
0.0273215
0.0128999
-0.0213791
-0.0083527
0.0034266
0.00119237
-0.000397156
7.86126e-5
-3.13986e-17
-1.46427e-16
1.75123e-16
7.95196e-18
1.05043e-16
6.90345e-17
-1.07602e-17
8.27309e-17
2.70706e-17
-5.03112e-17
2.53693e-17
8.65915e-17
6.11032e-17
4.5889e-17
-2.71861e-17
-7.09416e-18
-3.58842e-17
2.52676e-17
-1.30909e-16
-1.19324e-17
-1.56065e-17
3.62496e-18
3.32192e-17
-3.43368e-17
2.60046e-17
-1.50775e-17
-6.00141e-18
-4.1386e-17
2.76491e-17
-7.04754e-18
-4.92385e-17
-1.9904e-17
3.95722e-17
3.2165e-17
-2.28982e-17
4.84475e-17
-2.98035e-17
3.6529e-17
-1.2378e-17
1.16759e-17
3.5734e-17
-4.56392e-17
-1.39426e-17
3.17988e-17
7.70792e-18
1.57104e-16
-1.47101e-17
3.24351e-17
-7.84668e-18
-1.4175e-17
9.13002e-17
-2.86658e-16
5.89199e-17
5.58611e-17
1.48648e-17
-3.49336e-17
1.72339e-17
9.49428e-17
-3.0703e-17
8.2123e-18
-9.0569e-18
1.01089e-15
-6.85324e-15
-4.28608e-18
-1.44906e-16
1.79835e-15
-9.39146e-15
8.90682e-16
-2.71404e-17
3.96333e-14
-9.77524e-14
-4.59771e-16
2.92178e-15
-1.5901e-14
1.74247e-13
-9.89712e-15
-1.30932e-14
-1.20096e-12
7.42561e-12
6.62469e-14
-1.99493e-13
1.69724e-13
-3.44787e-12
6.34221e-12
-2.37405e-11
6.2236e-13
3.19494e-13
1.40104e-12
3.93494e-13
-3.28097e-12
-2.83248e-12
-1.94045e-11
-1.1193e-11
-1.84558e-11
4.08344e-11
-2.16622e-10
3.74655e-10
-1.48804e-9
-3.41769e-9
3.88187e-9
6.32181e-9
-1.60439e-8
3.91627e-10
5.1547e-10
-4.46064e-10
-5.14226e-10
8.64008e-10
-1.25684e-9
-9.24159e-10
-4.75752e-9
1.89127e-8
-1.92427e-8
7.3087e-8
1.7793e-8
-7.26582e-8
6.71651e-11
1.69269e-10
-2.07364e-10
-4.21375e-10
5.36713e-8
-1.9421e-7
-4.83423e-8
1.25386e-7
3.66769e-10
6.78841e-11
-5.75153e-10
5.94195e-12
-2.90158e-7
2.09443e-7
-2.11928e-11
-3.61475e-10
1.61417e-10
1.38111e-9
-9.48622e-8
1.07193e-7
1.32241e-9
3.24235e-10
-6.55797e-10
-2.06565e-9
3.1854e-8
-3.33788e-9
7.95846e-9
-1.87345e-9
-4.35535e-9
2.73885e-9
1.06844e-8
-2.97795e-8
5.74469e-8
-2.84481e-8
-1.26662e-7
4.86977e-8
1.12172e-7
1.49718e-7
-9.36743e-8
5.53909e-7
-6.84932e-7
-9.7422e-7
3.46186e-6
3.6382e-6
2.28143e-6
-9.62539e-6
-3.03556e-6
9.04132e-7
-1.07627e-5
-6.70971e-6
2.46917e-5
3.14106e-5
-0.00012017
0.000312439
0.00014081
-4.54449e-5
-4.99975e-5
-2.12025e-5
0.000247999
-0.000264965
0.0004195
-0.00172859
-8.38632e-5
0.000247453
-0.000530127
0.000263996
-0.000770284
0.000449549
0.00414553
-0.0112833
0.00981336
-0.00858497
0.0066208
-0.00361753
2.19257e-17
2.74529e-17
-5.36852e-17
3.24784e-17
-1.14317e-17
5.91322e-17
1.82879e-17
3.87318e-17
3.32491e-17
-7.61928e-18
-3.92676e-17
-6.94182e-17
-6.65937e-17
1.80148e-17
2.74011e-17
1.76844e-17
-5.28071e-17
-1.80765e-17
-1.71649e-16
1.18569e-16
1.76959e-16
-2.98844e-17
1.34633e-16
3.21143e-17
-1.35559e-17
-3.61936e-17
-4.77658e-17
-8.46581e-18
-3.18303e-18
6.04774e-17
-3.41095e-17
-5.08621e-17
1.46582e-17
1.15613e-17
-2.2025e-17
4.03525e-18
-2.95057e-17
-3.76091e-17
-8.4014e-18
-5.82594e-18
5.49544e-17
7.92303e-17
5.22608e-17
6.62144e-17
9.47802e-18
-1.33904e-16
4.32063e-17
1.06541e-16
1.61999e-18
7.66891e-18
6.39763e-17
6.05287e-17
-9.41527e-17
1.94025e-16
-4.82738e-16
2.83545e-17
-3.83785e-17
-8.46983e-17
-5.70639e-17
6.09146e-17
3.99188e-17
1.09975e-15
-1.31179e-15
-1.09972e-16
2.23187e-16
-1.56817e-15
7.85741e-15
1.4027e-15
-1.8597e-15
-3.49972e-14
1.08406e-13
2.5283e-15
1.83762e-14
1.67524e-15
-1.06567e-13
-2.01595e-13
6.81962e-14
1.06725e-12
-4.80948e-13
7.3623e-13
1.6061e-12
2.17357e-11
-2.0918e-13
6.10161e-13
-3.64511e-12
9.99948e-12
6.13436e-11
-8.34674e-11
1.28926e-10
-4.7117e-11
4.64877e-12
-1.58415e-11
2.47367e-10
-3.50457e-10
-2.03487e-10
-1.64355e-11
6.54925e-11
-5.59543e-10
8.2607e-10
4.07366e-10
1.66677e-11
-1.08919e-10
9.21145e-10
-1.46411e-9
-6.82829e-10
3.49201e-11
1.9341e-10
-1.08242e-9
1.91268e-9
9.79906e-10
-2.804e-10
9.6925e-10
1.49614e-9
-1.58507e-9
-3.96642e-10
1.02193e-9
-8.39097e-10
-4.95167e-10
4.06815e-9
6.40846e-10
-3.6908e-9
5.53244e-10
7.98288e-10
-1.2277e-9
-1.89069e-9
3.16483e-9
-1.34871e-8
-5.42594e-9
1.77944e-8
2.33062e-10
-3.44486e-11
-1.16974e-10
1.30112e-10
-3.71617e-8
9.46266e-8
3.5685e-8
-2.01081e-8
-4.58327e-9
-1.67738e-9
4.9241e-9
3.30594e-9
-9.69499e-8
1.73726e-7
-7.73835e-8
5.1093e-9
-5.08641e-8
1.58265e-7
-8.33597e-8
2.97718e-9
5.15321e-8
-3.4771e-8
1.4587e-8
-1.30112e-8
-6.97535e-8
-8.02695e-8
2.43462e-7
2.56342e-7
-1.61184e-6
6.5697e-6
-3.404e-7
-7.15121e-8
-7.57566e-7
-4.49344e-7
2.06152e-6
1.54042e-6
3.54725e-5
-0.000114098
-2.38872e-5
8.76901e-6
-4.78192e-6
6.25375e-6
-3.63968e-6
6.08908e-5
-0.000702231
0.00140118
0.000929766
-0.000383557
-0.00022516
0.00105741
-0.00116078
0.00227178
-0.00271348
-0.00352235
0.00562836
0.00408139
-0.0060915
-0.0037887
0.00564811
0.00236706
-0.00406051
-0.000660597
0.00142707
0.00142062
-0.00180729
0.00156258
1.19079e-16
7.5251e-17
-7.43774e-17
4.40151e-17
-2.53558e-17
3.18268e-18
-8.21676e-19
-3.75149e-17
9.08344e-17
-3.44971e-18
6.30851e-17
-6.44461e-17
-2.49856e-16
-1.80862e-17
3.21834e-17
-3.65594e-17
3.79826e-17
1.935e-17
1.89278e-16
-8.04242e-17
-2.4193e-17
1.27119e-17
-1.3189e-17
-1.04118e-17
1.6917e-17
3.90724e-17
-8.90776e-18
1.06703e-17
5.46823e-18
5.46982e-17
1.21363e-17
-5.47338e-17
-1.56351e-17
-1.39239e-17
-1.68176e-17
-1.93084e-17
-7.0429e-17
-8.14905e-18
-1.47352e-17
-6.22822e-17
1.68008e-17
7.23231e-17
-1.15133e-17
-1.08971e-17
-8.78651e-19
-6.55456e-17
-7.96016e-17
1.1584e-16
3.2426e-17
-8.53277e-17
-5.80139e-17
1.42784e-16
-1.75021e-17
5.02227e-19
-2.97529e-17
-2.12149e-16
1.84756e-16
4.21719e-17
-7.25679e-16
1.62643e-16
-1.56862e-16
1.05745e-15
3.17993e-15
5.66147e-16
5.11872e-16
5.14167e-17
6.19622e-16
-1.1213e-15
6.55657e-15
1.29998e-15
3.83678e-15
-2.25359e-14
-1.4677e-14
7.96797e-15
6.66225e-14
-3.86513e-13
4.79304e-14
-3.8899e-13
2.04532e-13
-4.12254e-12
4.44882e-13
-5.80849e-14
4.03219e-14
1.76563e-12
-3.31168e-12
-2.23391e-13
7.27265e-13
5.06975e-11
-1.00225e-12
3.15897e-12
1.2663e-12
-2.79305e-11
1.30961e-10
1.04793e-10
-9.51295e-11
4.27506e-11
-1.36075e-10
4.2373e-10
-3.23217e-9
-2.48797e-9
2.46137e-9
2.34906e-9
3.79798e-9
2.97076e-9
-1.21768e-10
1.98722e-10
-8.58635e-10
2.1143e-11
1.45659e-9
2.9967e-10
-5.50567e-10
9.60003e-11
1.40687e-9
-3.77878e-9
9.30809e-9
6.50467e-9
9.14678e-10
-1.46989e-8
-1.85298e-9
9.5967e-9
5.55389e-10
-2.62377e-8
6.38075e-8
1.82943e-9
-2.47269e-8
1.48432e-8
-5.70272e-9
-1.52397e-7
3.83792e-7
-1.26727e-7
-1.07558e-7
1.36836e-7
-8.09194e-8
-1.05569e-7
4.41678e-7
-1.9694e-7
-2.63324e-7
4.76896e-7
-3.37438e-7
1.93265e-7
-1.1902e-7
2.65381e-8
3.36331e-8
1.32362e-6
-1.18404e-6
-9.35548e-8
-2.6268e-7
2.13298e-7
5.31869e-8
-1.76065e-5
5.5158e-5
3.49163e-6
-3.44736e-6
-3.78267e-7
-5.69998e-7
9.0466e-7
-5.50544e-6
0.000331149
-0.00101805
-3.93574e-5
4.92135e-5
-4.84557e-5
1.281e-5
4.48839e-5
-7.98593e-5
7.94471e-6
0.000895124
0.00314542
-0.00339245
-0.00426935
0.00310203
-0.00243729
-0.00189542
-0.0013495
0.0023748
-0.0028879
0.00240757
-0.000915073
-0.000643368
1.0884e-17
-6.94246e-18
-1.12658e-17
4.2926e-17
2.33575e-17
-6.01745e-17
6.97486e-17
-4.59106e-17
4.2733e-17
-2.42196e-17
8.49535e-18
-2.22975e-17
-2.10296e-17
1.42603e-17
-4.57293e-17
-1.25098e-16
1.94984e-17
-4.15182e-17
1.76191e-17
-9.55341e-18
7.23513e-17
5.13801e-17
-6.43634e-17
3.82354e-17
3.84682e-17
7.07982e-17
-1.27987e-17
3.58375e-17
-1.52259e-17
-3.18818e-17
1.10834e-17
-2.50214e-17
-1.07027e-16
2.10897e-17
-5.90549e-17
-1.1019e-16
3.75761e-18
-4.01929e-17
-1.14634e-17
1.51033e-16
1.41618e-16
-6.98083e-18
1.15574e-17
-5.07446e-17
-7.66034e-17
8.7749e-18
1.67372e-16
6.30254e-17
-4.68687e-17
4.42505e-17
6.88258e-18
-3.32922e-16
3.79788e-16
1.73288e-16
7.48858e-17
6.12034e-17
8.52939e-17
-6.79892e-16
1.11976e-15
-9.72899e-16
3.99411e-17
-5.73921e-16
-6.73609e-16
2.29786e-15
9.13555e-15
-6.60927e-15
6.28302e-15
-3.65943e-15
1.75759e-15
-2.63047e-16
7.68184e-16
2.92996e-15
1.06636e-14
-7.88512e-15
7.86792e-15
-1.53466e-14
1.88413e-15
2.62615e-14
4.95635e-15
-1.90277e-13
-2.12937e-13
1.5811e-15
6.05752e-15
1.6437e-12
-1.81163e-13
6.63443e-15
1.26475e-14
-8.54024e-14
-6.85191e-12
-6.01298e-11
-1.0662e-14
1.27772e-13
-1.38483e-10
1.31776e-10
-6.90989e-15
-3.50736e-13
-4.36979e-10
4.39766e-10
5.78787e-13
-1.70467e-12
1.23094e-9
-1.10432e-9
-1.33548e-12
7.9564e-12
-2.44903e-9
2.0477e-9
-2.25509e-12
-9.50029e-12
3.44681e-9
-2.8099e-9
1.93112e-11
-5.74991e-11
-4.05519e-9
-1.43823e-11
-2.89755e-11
5.44033e-11
3.78881e-11
-4.36359e-11
-4.64399e-11
2.56962e-9
3.91877e-9
-2.65099e-9
-1.12993e-9
-4.20578e-9
-4.78447e-9
3.77521e-11
-4.40319e-10
1.64707e-9
-1.47308e-9
1.13536e-9
6.58299e-10
-1.70067e-10
-1.85008e-9
1.52826e-9
-7.53588e-9
1.78684e-8
4.57349e-9
-3.0941e-8
5.36581e-8
-4.25036e-8
-6.08614e-8
1.61812e-7
9.18067e-9
-1.14305e-7
3.47955e-7
-2.27357e-7
-4.20122e-7
1.16221e-6
-3.48684e-7
-3.26084e-7
1.19361e-6
-9.33951e-7
-3.20813e-7
1.19483e-6
-7.11346e-7
-6.26915e-7
3.88029e-6
-3.14653e-6
1.13604e-6
-4.32675e-7
-1.43966e-7
1.30397e-7
1.13762e-5
-1.05403e-5
3.45185e-7
1.21077e-6
-4.12041e-6
3.27422e-6
-7.45604e-7
2.59826e-7
-0.000139382
0.00012176
-3.59154e-5
4.74253e-6
-8.70787e-7
-6.90267e-6
-2.59607e-5
2.6731e-5
-0.000143834
-0.00291493
0.00453549
0.00147463
-0.00128013
0.00209209
0.000439134
-0.000874076
0.000862272
-0.000689673
0.00103621
0.00164869
-0.00177802
-0.00180726
0.00213265
0.000619498
-0.00128663
0.00184077
-0.000651823
-0.00462127
0.0026597
0.00540812
1.43812e-16
1.17724e-16
2.10669e-16
2.12162e-16
2.86589e-16
1.85551e-16
6.16897e-17
7.43681e-17
-4.83679e-17
1.61285e-17
-2.52912e-16
-2.23883e-16
1.24288e-16
-5.82386e-16
-6.10199e-16
2.12516e-16
-7.78726e-16
-5.99889e-16
-3.02769e-16
-6.55846e-17
1.17115e-16
2.10479e-18
5.10078e-18
4.50309e-17
3.15074e-17
6.12408e-16
5.75885e-16
5.37948e-17
-1.14246e-16
5.99384e-16
-7.5236e-17
2.38416e-17
2.9404e-17
1.16738e-18
6.88479e-17
-7.04323e-16
-6.91869e-16
-9.67265e-16
-1.77194e-15
1.13774e-17
1.4568e-17
-4.85257e-17
6.44383e-17
3.13105e-15
1.0377e-15
-5.17693e-16
-2.37024e-17
-1.53939e-16
-4.63734e-17
1.43512e-15
2.17612e-15
-6.85227e-16
3.13511e-16
-5.10158e-17
-6.79229e-16
9.53481e-16
4.58015e-15
-3.1888e-15
1.56796e-15
1.95172e-15
1.83012e-15
5.52491e-15
1.64737e-14
-1.34699e-14
1.28471e-14
-1.08166e-14
-6.87762e-15
-4.68549e-15
-2.29734e-15
3.34216e-15
6.17955e-15
2.37637e-15
1.99313e-14
-1.65e-14
1.61133e-14
-1.24134e-14
-2.58812e-14
6.07544e-15
4.51138e-14
-2.92101e-14
-1.25196e-13
-4.59304e-16
2.36287e-15
-4.20477e-15
1.86414e-15
-3.47549e-15
8.09609e-13
7.85236e-12
-2.64299e-15
-2.3739e-15
5.23602e-11
-2.13282e-11
2.01104e-14
-7.63355e-11
-6.89574e-11
5.8805e-16
-4.127e-14
5.11669e-14
-1.40657e-13
-1.67402e-11
-4.87597e-10
5.7177e-10
3.01961e-10
1.52594e-14
1.10673e-13
5.88171e-10
-9.29083e-11
-1.04304e-9
-3.13341e-13
9.7658e-13
-1.47217e-9
9.94063e-10
2.45248e-9
5.35319e-13
-3.01985e-12
3.15129e-9
-1.57817e-9
-3.5131e-9
5.34025e-13
1.82333e-12
-3.87946e-12
-4.6775e-9
4.66804e-9
-3.7958e-12
1.23192e-11
5.16324e-9
2.82376e-12
-2.23285e-11
2.76067e-11
-1.86206e-10
1.24852e-10
1.80072e-10
3.69917e-10
-1.90887e-9
2.27032e-10
-2.83893e-9
3.89031e-9
-1.64925e-9
4.96862e-9
-4.25035e-9
2.37058e-9
3.46572e-9
-1.55182e-8
-3.42324e-9
1.00967e-8
6.10495e-8
4.84992e-9
-2.22477e-8
4.1083e-8
9.08514e-9
2.33025e-7
8.58785e-8
-8.38438e-8
-1.47738e-7
3.96871e-7
3.03723e-8
7.7638e-7
3.83831e-7
-3.57697e-7
-1.22186e-6
3.89115e-6
-9.51347e-7
2.50984e-6
1.45271e-6
-1.45946e-6
-1.51947e-6
8.01684e-6
-6.52702e-6
6.92565e-6
5.24185e-6
-5.13004e-6
9.37453e-6
-9.92228e-7
-9.13102e-6
-2.2694e-5
1.62279e-5
-9.32302e-5
-8.2709e-5
6.50123e-5
-1.62416e-5
2.27186e-5
-2.65023e-5
-1.30264e-6
1.89102e-5
2.63931e-5
2.91392e-5
1.20215e-6
0.000982047
-0.000919439
0.000233872
-0.000297892
0.000359256
-0.000211182
0.000194538
-0.000729065
0.00105556
-0.00232984
0.00351937
-0.00233557
-0.0026116
0.00207948
0.00114361
-0.000696645
0.000354467
-0.00253762
0.00235483
-0.00531532
0.00561193
0.0052607
-0.00708072
-0.00281706
1.18939e-15
-8.62352e-16
4.94414e-15
1.405e-15
-6.09548e-16
2.13772e-15
2.09469e-15
1.34012e-15
1.50247e-16
2.09695e-16
5.11173e-17
-3.65917e-15
-9.35017e-16
3.36548e-16
-7.34229e-15
-1.36546e-15
-1.52535e-14
-7.54186e-16
1.36067e-16
-4.91746e-16
3.47845e-17
6.62355e-17
7.43503e-17
3.53453e-15
3.92966e-15
4.67378e-15
1.644e-15
1.19519e-14
7.21086e-18
-9.58037e-17
-1.12735e-16
-1.34465e-16
3.75003e-17
-1.23352e-14
-8.13755e-15
-2.29777e-14
-5.62658e-15
1.90048e-16
5.79378e-16
-9.02884e-18
2.94517e-16
3.75113e-14
1.4398e-14
-8.65098e-15
-1.20107e-16
-9.51396e-16
-5.12855e-16
1.6449e-14
2.14708e-14
-1.61803e-14
-9.65029e-17
7.3108e-16
-1.19948e-14
3.38939e-14
2.2436e-14
-2.40236e-14
2.65627e-14
-1.98178e-14
3.08238e-14
3.79944e-14
2.69482e-14
-4.57437e-14
-6.99024e-14
4.24644e-14
2.96695e-14
-2.73472e-14
3.00696e-14
-2.29116e-14
1.22955e-13
2.44253e-13
1.35776e-13
-6.06802e-13
2.44347e-13
3.22436e-14
7.89745e-15
-5.12834e-15
5.01476e-15
-2.00496e-15
5.22187e-13
-6.55109e-12
-5.63091e-12
1.72547e-12
-1.19963e-14
5.64591e-15
-3.57343e-12
1.78473e-11
2.51369e-12
-4.62216e-14
-6.60659e-14
5.50809e-14
-2.40988e-14
-1.47578e-9
-2.52196e-14
1.49222e-13
-2.31878e-14
-3.2086e-13
-4.5249e-13
-4.52598e-12
1.70522e-12
-4.60981e-12
2.00343e-12
-2.01258e-9
-2.04711e-9
4.13475e-9
2.67293e-9
1.50361e-9
-4.4907e-9
2.28392e-11
-2.02982e-9
-8.18541e-11
8.838e-11
-7.54349e-11
4.26905e-10
-3.19711e-10
2.56699e-9
-3.93698e-10
-4.62692e-10
-6.42521e-9
8.42559e-10
-3.23623e-10
-3.11798e-9
-1.81223e-8
5.66821e-9
2.43357e-8
-3.89986e-8
3.48359e-9
2.07953e-8
9.984e-8
2.26727e-10
-1.1096e-7
2.24826e-7
1.16513e-8
5.05615e-7
-4.86855e-8
-8.12759e-10
-8.01067e-7
2.18495e-6
-3.1631e-7
1.83134e-6
-2.53178e-7
-5.51342e-8
-7.12299e-6
1.87939e-5
-1.48988e-5
6.13601e-6
-8.21559e-7
-2.63756e-7
1.18018e-5
-2.45682e-5
3.63639e-5
-0.000148915
0.000130409
-6.53226e-5
-1.30581e-5
1.07414e-5
-6.92222e-7
-3.20682e-6
-0.000129533
8.70919e-5
-0.000143745
0.000535764
-0.00024976
0.00070694
0.000366607
-0.000255863
5.04724e-5
-4.72494e-5
0.000314057
3.35576e-5
-0.00017124
-0.000275797
0.000515021
-0.00194643
0.00214139
-2.87844e-5
0.00333277
-0.00275973
0.00230493
-0.00377306
-0.000955
0.00152887
-0.00250766
0.00241752
-0.0011605
-0.00139586
-6.05597e-15
-6.07703e-15
-5.44172e-15
-9.85326e-16
6.89735e-15
6.32352e-14
1.5237e-14
1.10004e-14
1.48787e-14
1.80188e-14
9.28323e-15
2.03842e-16
6.28991e-16
3.14403e-15
1.75071e-16
-1.67397e-14
2.19906e-14
-3.49563e-14
-8.11821e-14
-7.82134e-14
-2.29026e-13
-8.70808e-15
3.37057e-15
-5.99175e-15
1.34903e-15
-1.14102e-15
7.19864e-16
5.58228e-14
1.98701e-13
-3.55205e-15
1.27772e-13
-1.69566e-13
-4.58165e-15
7.80173e-15
-7.23742e-16
-2.67502e-15
-2.51597e-16
-1.93563e-13
-8.045e-14
-9.87092e-14
-2.10101e-13
1.13229e-13
9.272e-16
1.08492e-14
2.40188e-15
2.29615e-15
-7.82655e-14
-1.34629e-13
-1.28949e-14
5.98127e-15
1.24363e-14
-1.44166e-13
6.74917e-14
-5.4177e-14
-5.17034e-14
-1.45505e-13
-1.24371e-13
-4.92612e-14
6.48851e-13
-3.17215e-13
-4.01269e-14
-3.55007e-14
6.97491e-14
-5.55911e-14
-7.8726e-13
-4.31027e-12
-2.42114e-13
-2.28776e-12
5.56496e-12
-1.22053e-13
3.85023e-14
-3.41848e-14
1.82753e-14
-1.19327e-14
1.75578e-11
-6.27073e-11
6.59359e-12
-1.27959e-11
-6.20516e-14
4.56194e-14
4.17257e-12
-1.04827e-11
6.43119e-11
5.59346e-14
-2.11472e-13
1.49925e-13
-9.68404e-14
9.09294e-14
3.35733e-9
-5.25756e-9
1.14214e-9
-2.39322e-9
-2.26134e-13
-1.02785e-13
1.53021e-9
-6.18468e-10
8.51401e-13
-3.44089e-13
-6.57321e-10
-3.08199e-10
1.3734e-12
-2.89246e-10
-1.92025e-12
-8.63871e-12
3.85859e-12
1.91292e-11
-1.08805e-10
-9.81444e-12
-4.63206e-10
2.53443e-10
1.13447e-9
4.23417e-10
-1.13223e-9
-9.27093e-10
2.30485e-10
-2.17801e-10
-8.72984e-10
1.43959e-9
-1.82143e-10
7.55361e-11
6.13086e-10
2.48706e-10
2.81691e-10
-7.00803e-10
-9.25736e-10
-3.21892e-10
3.53511e-10
-2.03389e-9
5.06194e-9
4.25689e-8
-7.64803e-8
-3.15788e-9
-1.81808e-9
9.90873e-9
4.79998e-9
6.28202e-10
2.8295e-7
-7.76995e-7
6.23944e-8
3.94854e-9
-1.78717e-10
2.00429e-6
-3.43928e-6
7.36116e-7
-6.25524e-8
1.91193e-8
-2.30517e-6
-6.41715e-5
0.000192263
-0.00042193
0.000217162
-2.09261e-5
3.22397e-6
-1.20948e-6
5.31959e-7
-2.95932e-6
-0.000243062
0.000543502
-0.00127468
0.00213347
-0.00123907
0.000237987
2.45327e-5
-9.06444e-6
-1.38626e-6
2.95597e-5
0.00130539
-0.000507131
-0.000780989
0.000106448
-0.000308234
-0.000802248
0.00118912
0.00119923
0.00116685
-0.000720497
0.00056925
-0.00110364
-0.000148904
0.000240188
-0.00170949
0.00217606
0.0015352
-0.00199292
-0.00091763
0.0011615
-0.000496524
5.14951e-5
-3.11193e-14
-5.11938e-14
-4.37844e-14
-8.38782e-15
-1.42301e-13
5.77856e-13
5.85794e-14
3.56144e-13
-8.44151e-13
1.27793e-13
1.38801e-13
8.83383e-14
4.53856e-16
-9.17379e-16
3.54756e-14
1.0918e-15
-6.40175e-13
5.45663e-13
-1.03046e-12
3.20036e-12
-1.01416e-12
-2.28344e-13
1.73744e-13
4.7115e-14
-4.08503e-14
1.17741e-14
9.23253e-15
7.61334e-13
5.7173e-13
7.42141e-13
1.31717e-12
-2.17994e-12
9.13016e-14
-1.54321e-13
-6.45552e-14
-3.87869e-15
-9.02426e-15
4.7942e-13
5.23283e-13
-3.75696e-12
-3.01345e-12
-6.81195e-15
2.86711e-14
4.25053e-14
3.378e-14
7.97498e-13
4.17157e-13
-2.67395e-12
-3.44383e-12
-9.0891e-14
-7.72265e-14
2.00831e-13
4.90566e-13
-3.97382e-12
-4.35849e-13
-1.85392e-13
-1.02228e-12
-1.79131e-12
1.67602e-12
-7.41842e-14
-1.11247e-13
1.22142e-11
-9.51104e-13
1.35971e-11
-2.09684e-11
1.25765e-12
-3.34607e-11
1.90102e-14
-2.5014e-14
-1.39138e-14
1.87212e-10
-4.61172e-10
8.27928e-11
-1.58618e-10
-2.45009e-13
2.32728e-13
6.29439e-12
-9.75749e-11
-1.02624e-12
4.40528e-10
-6.67364e-14
1.04851e-12
4.75493e-13
7.849e-9
-7.37355e-9
3.4069e-9
-5.2656e-9
-3.28485e-12
2.51642e-13
3.60904e-9
-2.46348e-9
4.34307e-12
-4.936e-12
-2.54239e-9
1.65664e-9
2.39551e-11
1.86201e-9
-7.7533e-11
1.02044e-10
5.31616e-10
-1.6014e-9
2.68851e-10
1.6523e-9
-4.18388e-10
-2.95144e-10
-1.78394e-9
-2.54153e-9
6.62248e-10
1.41868e-9
4.24325e-10
-4.50228e-9
-2.52872e-9
1.03293e-8
9.2555e-9
1.91094e-10
-6.13442e-11
-1.81263e-10
-3.63727e-10
-1.77684e-10
-7e-8
3.66261e-8
3.96211e-7
-2.22467e-7
-5.57989e-10
-1.82182e-10
1.23175e-9
9.22771e-11
-1.81315e-6
1.05991e-6
7.15404e-6
-4.52643e-6
-6.18344e-9
3.46572e-9
-1.27745e-8
-7.96279e-10
-2.4644e-5
1.67725e-5
7.47089e-5
-5.54868e-5
-6.82079e-8
3.68401e-8
-1.78009e-7
-6.19922e-9
-0.000201466
0.000456645
-2.69423e-8
1.70268e-7
-2.20145e-8
-0.000867097
0.000682338
0.00144019
-0.00211297
2.86014e-5
-3.204e-6
4.26929e-6
-1.48773e-6
3.10357e-6
0.00235253
-0.00209674
-0.00184916
0.00157353
0.00080628
0.000183361
0.000239472
0.00035129
-0.00035493
0.000223842
-0.0002662
-1.11368e-5
-9.39186e-6
-0.000543132
0.00121152
0.000557556
-0.00108575
-0.000311198
0.000522016
-3.80541e-5
0.000219289
-4.01433e-13
-2.97663e-13
-4.32728e-13
-7.45867e-14
-1.16423e-13
1.28403e-12
3.46834e-12
1.58388e-12
5.90723e-13
1.06592e-12
1.04573e-12
-3.37166e-13
-1.80264e-13
6.97337e-13
9.98825e-14
-7.35683e-12
-2.53421e-12
-1.18314e-11
-8.13622e-12
7.63935e-12
6.93761e-12
-8.01039e-12
-2.79063e-12
-1.32699e-12
-4.13196e-12
-1.8413e-12
1.9398e-12
-1.40403e-12
-1.03239e-12
7.63494e-13
5.83332e-14
1.80354e-13
1.76883e-11
1.83938e-11
3.03691e-11
4.97166e-11
-3.86815e-11
9.01482e-13
-5.52091e-12
-8.44239e-13
-5.07518e-13
-3.38226e-14
1.60896e-11
1.57518e-11
-1.03667e-10
-9.05633e-11
-7.2724e-14
1.07914e-12
3.5933e-13
2.02036e-13
2.10766e-11
1.51639e-11
-8.87004e-11
-9.2799e-11
-5.40997e-14
-2.27864e-12
7.81354e-13
2.79177e-12
-6.85019e-12
-4.34543e-12
-1.13106e-10
-2.3134e-11
8.25076e-13
-7.93975e-12
-2.16515e-11
-3.25518e-11
4.81972e-11
1.2497e-11
-3.68371e-12
1.06323e-10
-2.47648e-10
1.81428e-10
-3.96363e-10
-1.4567e-12
3.74755e-13
5.37994e-12
8.93419e-10
8.09657e-10
9.45347e-12
-7.77224e-12
1.02807e-12
-1.80805e-9
3.27282e-9
-1.7477e-9
3.52886e-9
-2.65038e-12
7.31436e-12
-6.35814e-9
5.1189e-9
-2.08047e-12
-3.33756e-11
-4.24716e-12
8.81058e-9
-4.60862e-9
4.4044e-9
1.40299e-11
5.9694e-11
-3.61388e-11
-8.48563e-9
5.02437e-9
-4.28035e-9
-4.50261e-11
-3.907e-12
2.31083e-10
6.37575e-9
-4.19459e-9
4.41261e-9
-6.0701e-10
-4.53252e-10
-3.6254e-9
2.05399e-9
2.28477e-9
-3.52818e-10
6.85829e-9
-4.84687e-9
-6.56618e-9
5.02262e-9
-1.04915e-9
2.51064e-9
-1.11542e-8
2.78057e-8
2.67722e-8
-6.64299e-8
-7.209e-8
-4.00072e-8
-1.20498e-10
8.38192e-11
4.05286e-11
5.26516e-11
-8.85749e-10
-1.4503e-10
1.05205e-7
4.29157e-7
-4.79785e-7
-1.56245e-6
1.95783e-6
3.39688e-10
6.28402e-12
1.83849e-10
8.23924e-11
5.71183e-6
-7.23379e-6
-1.85906e-5
2.37598e-5
1.56843e-9
-7.23345e-11
1.38668e-9
-7.44292e-10
5.38128e-5
-6.93261e-5
-0.000138884
0.000179138
1.35031e-8
-1.63973e-9
6.78256e-9
-1.90186e-9
0.000312428
-0.000407039
-0.000630753
0.000807273
4.18568e-7
-7.36595e-8
1.01998e-7
1.43561e-8
0.00113702
-0.00135421
-0.00150222
0.00187379
0.00168875
-0.00214392
1.39523e-5
-2.38719e-7
-7.49186e-6
5.89888e-7
-1.23825e-8
-1.10731e-6
-0.00171137
0.00192216
0.00138028
-0.00126512
-0.000959969
0.000809064
-0.000243199
0.00050664
-0.000329394
-2.82747e-5
-0.000224553
0.000118388
8.18307e-5
0.000136198
-7.60668e-5
-7.02518e-5
-0.000189307
0.000298565
4.57874e-6
-7.87998e-5
3.146e-11
-4.37003e-11
2.25737e-11
-6.69505e-13
9.31924e-12
1.2381e-11
9.80185e-13
-5.0832e-12
3.57394e-12
-2.15496e-10
-1.71878e-10
1.0505e-10
-9.78889e-11
-5.88052e-11
3.17842e-10
-2.76792e-11
8.33096e-12
-5.06e-11
-2.35001e-11
8.39399e-12
9.18523e-12
-1.9266e-11
1.34702e-11
5.02029e-12
4.58042e-10
4.8505e-10
-4.40884e-10
6.01542e-10
-8.17824e-10
1.43809e-12
1.11768e-10
-2.22069e-11
-1.81521e-11
-7.79236e-14
4.8625e-10
4.65695e-10
-2.39786e-9
-2.36961e-9
-2.13138e-12
3.50321e-11
4.94246e-12
-4.34092e-14
5.3632e-10
4.57136e-10
-2.51635e-9
-2.35353e-9
1.37567e-11
-7.85436e-11
1.04194e-11
6.39727e-11
-1.81135e-10
-1.53669e-10
-2.75191e-9
-5.64027e-10
-1.39981e-10
4.06319e-10
4.12439e-10
9.34014e-10
4.69002e-10
-4.17157e-10
8.905e-11
-2.01671e-9
2.03791e-9
-1.72564e-9
3.34378e-9
-5.38299e-11
2.7629e-11
2.85e-10
-5.77358e-9
-6.37018e-9
2.66233e-12
-2.09605e-10
2.13105e-11
1.03688e-8
-1.16896e-8
1.06405e-8
-1.79969e-8
1.79478e-11
1.09597e-10
2.48231e-8
-1.45019e-8
-3.57716e-10
-3.15629e-10
-2.70487e-8
1.5282e-8
1.24783e-9
5.14674e-10
2.44925e-8
-1.26994e-8
-3.24966e-9
9.2697e-10
-1.49645e-8
8.87685e-9
1.17336e-9
-4.75228e-9
1.1062e-8
-8.49622e-9
1.51908e-8
-1.88311e-8
-5.9563e-8
5.60139e-8
1.02615e-7
1.92293e-7
-4.53649e-9
-1.10385e-9
1.14601e-9
-2.16222e-10
-1.77757e-8
-1.43598e-10
-4.61367e-7
-1.8944e-7
1.06227e-6
2.40729e-6
-4.04243e-6
3.99503e-9
3.94941e-10
-6.78311e-10
3.20708e-9
-7.46753e-6
1.30205e-5
1.97033e-5
-3.68677e-5
8.0994e-9
2.8097e-9
-1.4532e-9
-1.46955e-8
-5.03232e-5
9.47819e-5
0.000110801
-0.000217129
-6.43191e-9
1.19041e-8
-4.88438e-9
-5.18765e-8
-0.000246005
0.00039182
0.000403222
-0.00089015
-9.40869e-8
4.24131e-8
-5.47275e-8
-6.92199e-9
-0.000575229
0.00112865
0.000661044
-0.00110615
-0.000680155
0.00127059
-8.52144e-7
-2.8009e-6
-2.69258e-6
7.36862e-7
2.85034e-7
3.90615e-7
0.000821189
-0.00117722
-0.000641302
0.000863522
0.000386003
-0.000496171
-0.000191131
0.000236841
9.8287e-5
-0.00011573
-5.67399e-5
9.62205e-5
3.51822e-10
-7.23546e-11
5.18676e-11
1.8074e-10
5.95212e-12
-2.88282e-11
-1.6478e-9
2.22715e-9
5.19805e-10
-4.98989e-10
4.33439e-10
-5.26904e-10
-4.37096e-10
9.97066e-11
-1.43196e-11
-3.45726e-10
2.11707e-10
9.06116e-9
9.85712e-9
-1.07193e-8
1.37188e-9
5.12946e-9
-2.12933e-8
1.6284e-9
-2.11452e-9
3.25899e-9
3.00071e-10
-2.38123e-10
2.67495e-11
9.96412e-10
-4.44789e-10
1.0879e-11
1.27531e-8
1.13139e-8
4.19966e-8
-4.85928e-8
7.86261e-8
1.00064e-9
-5.52301e-9
-8.81474e-11
1.09222e-10
-7.00307e-11
1.17587e-8
9.21017e-9
-6.94542e-8
7.95226e-8
7.18806e-10
-1.55986e-9
-1.29375e-9
-1.19828e-9
1.44269e-10
-5.11691e-8
4.48991e-8
-1.08674e-8
1.62912e-9
2.48126e-9
8.46297e-10
-5.20839e-9
-6.04596e-9
3.31791e-9
-1.88718e-9
-2.54406e-8
1.58142e-8
2.2806e-8
7.36714e-10
3.20476e-9
7.5613e-9
-1.87167e-9
-4.66049e-8
4.2993e-8
-5.09702e-8
8.96138e-8
2.89083e-8
-3.0299e-10
2.42822e-9
1.65158e-9
-1.31083e-7
7.46718e-8
-4.26826e-8
1.13765e-9
-5.4133e-9
-3.719e-9
1.66895e-7
-8.83955e-8
4.82348e-8
-3.99487e-9
1.22738e-8
1.02877e-8
-2.17545e-7
9.40433e-8
-4.79154e-8
1.41082e-8
-1.89184e-8
-4.38527e-8
7.76277e-8
-4.37057e-8
3.2104e-8
1.30284e-7
4.59959e-8
-5.81313e-8
2.43809e-8
-1.86807e-7
1.16686e-9
-1.72262e-7
-3.73329e-7
8.88259e-7
1.08628e-6
-2.79443e-6
-1.62372e-6
-7.64588e-8
6.26423e-8
-1.54591e-8
1.1191e-7
1.37502e-7
-1.16045e-8
4.2001e-6
7.36165e-6
-8.63959e-6
-1.85283e-5
2.88936e-5
1.87439e-7
-3.08465e-8
-1.43693e-8
-4.10522e-7
3.73833e-5
-5.25806e-5
-7.33818e-5
0.000132555
2.86962e-8
1.67642e-7
-2.09162e-8
-8.54305e-7
0.00011172
-0.000212519
0.000184239
-0.000148847
0.000236793
0.000229572
-0.000415552
-1.67305e-6
3.20567e-7
1.55311e-7
1.03369e-6
-5.95978e-7
7.1907e-8
-1.22651e-7
-0.00026923
0.000441506
-0.000479289
0.000212489
-0.000313794
0.000415832
-0.000140773
0.000196986
-0.000267589
0.000114625
-0.000107664
0.000133422
-3.52109e-5
3.68796e-5
-5.6962e-5
1.08355e-5
-8.12183e-6
2.05272e-5
-6.66976e-9
-2.89985e-9
8.16569e-9
-1.4892e-8
5.12751e-9
-1.42462e-9
-9.97603e-8
7.0788e-8
5.78896e-9
7.63548e-8
-8.41679e-8
-1.85028e-8
4.12083e-8
-1.23407e-8
2.83172e-8
4.35732e-9
3.15755e-10
-2.29882e-7
-4.36567e-8
-2.7731e-7
3.38906e-7
1.19378e-7
1.98884e-7
-2.02964e-7
1.88385e-7
-7.48309e-8
-5.40076e-8
5.10943e-8
-7.03739e-8
-1.02488e-8
6.9396e-9
1.17108e-9
-1.04979e-7
-1.96983e-7
-1.87039e-7
3.61035e-7
-5.31422e-7
6.00909e-7
-6.11248e-7
1.50906e-7
-3.40027e-7
6.03267e-8
-2.5369e-8
3.05521e-9
-3.26173e-8
1.5339e-9
-3.32485e-7
-3.5358e-8
8.82793e-8
7.18652e-7
-6.68416e-7
-5.11585e-8
2.64953e-7
1.01215e-7
1.49887e-7
-3.6339e-8
-2.97969e-8
-1.1956e-7
7.14341e-7
-6.74888e-7
7.01749e-8
-3.05934e-7
4.51722e-7
-2.08774e-7
4.65037e-7
2.27409e-7
-1.24157e-7
2.50012e-7
4.64619e-9
-5.2312e-10
4.5751e-7
-3.77969e-7
-4.10563e-7
2.2238e-7
1.51292e-8
-5.88305e-7
6.04126e-7
-2.92517e-8
6.82795e-7
-8.93598e-7
5.65377e-7
-7.26561e-7
-2.81602e-7
-4.17758e-8
-3.27567e-7
1.29618e-7
7.49056e-7
-7.10096e-7
4.98716e-7
-5.28917e-9
-1.46486e-7
-8.00369e-9
-1.46579e-7
9.54624e-8
1.24822e-6
-8.621e-8
-5.30669e-9
-1.87035e-6
1.54994e-6
3.12465e-7
9.98671e-7
1.79472e-7
-7.72438e-7
-9.01732e-7
-1.13253e-6
1.11944e-6
-5.15852e-7
-1.32293e-6
-9.01761e-7
-1.49917e-6
7.07711e-7
1.13383e-6
-4.8993e-6
2.15388e-6
-5.58559e-6
6.18875e-6
-7.60667e-6
-1.90033e-6
-1.07463e-6
3.26084e-6
-2.73472e-6
3.20461e-6
9.03736e-7
7.12622e-6
-1.41076e-5
1.32732e-5
-3.01029e-5
1.86568e-5
-3.2759e-5
-2.73934e-6
-1.8407e-6
4.14043e-6
-1.84232e-6
5.28814e-6
9.27342e-7
4.90583e-5
-2.94742e-5
4.32632e-5
-4.28073e-5
3.67851e-5
-4.45374e-5
9.15389e-5
-4.87598e-5
8.1837e-5
8.26111e-6
1.25734e-6
-5.20837e-6
4.33794e-6
-1.41165e-5
9.20097e-6
-2.67118e-6
3.96225e-6
-1.98616e-6
-0.000113
7.16456e-5
-7.87734e-5
0.000112094
-5.61666e-5
7.24078e-5
-0.000110247
-2.8137e-7
2.96869e-7
5.4125e-7
-5.32028e-7
7.68997e-7
-8.49913e-7
9.38619e-7
-5.48546e-7
5.33763e-7
-8.31325e-7
1.26937e-6
-1.76335e-6
2.08073e-6
-2.13727e-6
1.50859e-6
-8.05336e-7
7.36586e-7
-1.02822e-6
1.77076e-6
-2.73202e-6
3.58899e-6
-3.97426e-6
3.6436e-6
-2.78283e-6
1.57108e-6
-8.37165e-7
-9.78599e-7
2.00672e-6
-3.49462e-6
5.09036e-6
-6.16107e-6
6.19868e-6
-5.21841e-6
3.65087e-6
-2.18418e-6
1.21094e-6
-8.33372e-7
1.93164e-6
-3.6856e-6
6.07789e-6
-8.16825e-6
8.98405e-6
-8.19093e-6
6.31113e-6
-4.21984e-6
2.62862e-6
-1.30917e-6
1.44023e-6
-2.76568e-6
5.90046e-6
-9.30242e-6
1.14033e-5
-1.13853e-5
9.39837e-6
-6.70471e-6
4.24972e-6
-2.77943e-6
1.29972e-6
4.45648e-6
-8.82708e-6
1.25393e-5
-1.42427e-5
1.30734e-5
-9.80485e-6
6.70561e-6
-4.11592e-6
4.37944e-6
-4.42605e-6
9.54873e-6
-1.56066e-5
1.65432e-5
-1.49235e-5
1.00007e-5
-7.39815e-6
3.19592e-6
-3.43522e-6
1.70303e-5
-2.05662e-5
1.98149e-5
-1.06826e-5
1.22291e-5
-4.75433e-6
-2.76365e-5
1.42477e-5
