-0.000438044
0.00206019
-0.00159499
-0.0010351
-0.00259118
0.00149692
-0.00107246
0.00156827
0.00166377
-0.00133278
0.00156139
0.000544331
0.000675487
-0.00174221
-0.000112697
-0.000836548
0.000305528
0.000520206
-0.00169769
0.000633228
0.000423705
0.00251836
-0.000571652
0.000559916
-0.000647653
-0.0020416
0.00146674
-0.0019978
0.0013156
0.0020206
-0.000818199
0.000553476
-0.00170755
-0.000118456
-0.000168287
0.00113727
-6.12058e-5
0.000112938
1.72165e-5
0.000106739
-0.000136315
5.44063e-5
-0.000295137
-0.000422488
-4.91628e-5
0.000943609
-0.00141551
0.00210883
-0.00247024
0.00243539
-0.000504642
-0.00156408
3.67734e-5
0.000787323
-3.18542e-5
-3.37679e-5
3.92339e-6
-0.000607398
0.00154909
-0.000395336
0.000486623
-0.0023545
1.65103e-5
0.00189982
-0.000817903
-8.29248e-5
0.000956263
-0.00188428
0.00249157
-0.00245749
0.0018601
-0.000377312
-0.000951527
0.000155589
0.000501461
3.28344e-6
-0.000246648
6.19327e-6
-3.52664e-5
0.0011755
-0.00144997
0.00131882
-0.000766569
-0.000130088
0.0011606
-0.0018692
0.00194176
-0.00143821
0.000780942
-0.000328725
0.000118095
0.0024796
-0.00287119
0.000586661
-0.0023837
0.0036022
-0.000551606
-0.00193565
0.00216794
-0.00209416
0.00172031
-0.000891679
-0.000147821
0.000919554
-0.00113701
0.000911138
-0.000558669
0.000132376
0.000244467
-7.10898e-5
-0.000192007
-2.52513e-5
5.87374e-5
1.59473e-6
2.54074e-5
0.00217444
-0.00232553
0.00222851
-0.00222875
0.00251388
-0.00238472
0.00165438
-0.000674326
-0.000102149
0.00044078
-0.00043137
0.000281792
-0.000141341
0.000125469
-5.44888e-5
-3.1545e-7
-0.00109846
-0.00167885
0.00188681
-0.0025163
0.00241405
-0.00180984
0.000978899
-0.000307983
-4.38303e-5
0.000167029
-0.000223884
0.000225141
-3.33427e-5
-7.63504e-6
9.09039e-6
0.00127108
-0.000650249
-0.000857045
0.00104833
-0.00130509
0.0016256
-0.00185595
0.00137671
-0.000830119
0.00036087
-0.000116694
-1.35081e-5
5.20982e-5
-0.000151491
6.75711e-5
-2.86528e-5
2.46052e-5
0.000275434
0.000586078
-0.000840272
0.000959346
-0.000759222
0.000524177
-0.000247736
0.000182429
-2.43974e-5
-1.72188e-5
-6.45584e-6
2.26265e-5
-1.53056e-5
-0.000175464
1.98533e-5
-2.75288e-5
0.00040448
-0.000519953
0.000326175
-0.00023357
0.000127739
-0.000186542
0.000122366
-1.98804e-5
1.577e-5
-1.81853e-6
2.02368e-6
3.08426e-5
4.83269e-7
-0.000163979
0.000259288
-0.00012971
0.000184647
-0.000118719
6.80596e-6
2.6005e-5
-5.48736e-5
-5.87009e-6
1.58737e-5
3.80263e-5
-6.72951e-6
-0.000124479
7.25726e-5
-5.74473e-5
5.22243e-5
-1.89144e-5
-9.73562e-6
2.27117e-5
-2.6303e-5
-2.10522e-6
7.4938e-7
-1.30994e-6
-0.000169902
6.76663e-5
0.000269074
0.000280702
-5.58082e-5
-0.000201603
5.70901e-5
-0.000968608
7.60616e-5
8.69699e-5
0.000513025
5.22243e-5
0.000659428
-0.00127792
0.00058625
-0.00139677
0.00195426
-0.0011627
0.00201787
-0.0020356
0.00112959
-0.00170112
0.00182932
0.000810687
-0.000677187
-0.000910459
-0.000687205
0.000397275
-6.40981e-6
6.04379e-5
-1.3386e-5
-6.50808e-5
-0.000108051
-1.96947e-5
1.26191e-5
-2.68117e-6
0.000129108
0.000485604
-0.000318172
0.000383552
-0.000324698
-0.000108325
0.00015933
8.5317e-5
5.51414e-5
-2.33162e-5
-1.81378e-5
6.73498e-5
-1.35607e-5
-6.54083e-5
1.92712e-6
0.000171971
-7.51996e-5
-5.60614e-6
3.5753e-5
1.61142e-8
2.72437e-6
1.74904e-6
-6.14516e-6
2.11222e-6
1.15435e-5
4.1585e-5
2.74132e-6
3.51514e-7
8.34198e-5
-2.09355e-5
5.19711e-6
1.47318e-5
-2.02875e-6
-8.95452e-6
-6.13478e-8
3.4425e-7
-0.000226424
0.000576136
1.01836e-5
3.0809e-6
-0.000116894
0.000272464
-3.41733e-5
0.000254542
-0.000587142
-1.07427e-5
-8.35665e-5
-1.894e-6
-5.43885e-7
2.70415e-6
-4.41754e-7
-8.39925e-9
1.65184e-7
1.75161e-7
-0.000645693
0.00195369
-0.0027248
-9.24864e-6
2.62138e-6
-3.15832e-7
6.57376e-5
-0.000841196
0.00207037
1.03156e-6
-6.52014e-7
-5.84668e-7
0.000443631
0.00032577
-0.00135936
-4.86177e-7
5.36379e-7
1.86238e-7
-0.000868282
0.000240832
0.000652338
-2.76007e-6
4.28142e-7
-2.4413e-7
0.000797282
-0.000440561
0.000233306
0.000413216
6.87135e-6
-4.63001e-7
3.97149e-7
-6.67314e-8
-0.000399352
-0.000233124
-6.30442e-5
4.41484e-6
-1.88148e-6
-1.01849e-6
-5.85416e-7
0.000353481
-0.000237474
-0.000204552
0.000165729
-7.68183e-5
1.26407e-5
8.79153e-7
-1.91157e-6
1.09826e-6
-7.35129e-7
1.54085e-6
6.03586e-5
3.74614e-5
-1.80122e-5
-6.95305e-6
-1.91909e-6
5.28625e-7
-3.83656e-7
3.6838e-7
-2.50512e-7
-3.16548e-5
2.8981e-5
4.8822e-6
1.26221e-5
-1.02666e-5
-1.18069e-5
2.68399e-5
-5.21806e-6
-4.9961e-6
2.32206e-6
-2.6779e-7
1.12343e-7
4.01441e-8
4.53467e-8
-2.54048e-6
2.55279e-6
-3.06393e-6
6.71979e-6
2.27357e-6
-3.11279e-6
9.74251e-6
-9.78268e-7
3.90115e-7
2.90059e-6
1.13092e-7
8.3383e-7
1.84965e-6
-1.23074e-6
-4.28916e-8
2.68914e-7
6.16428e-7
-3.22808e-7
-2.04462e-6
1.83427e-7
1.49395e-7
-2.83325e-6
6.68878e-7
-5.37918e-7
-4.41556e-7
-2.51149e-7
-1.45069e-6
5.45828e-7
7.39859e-7
-1.45174e-7
-9.94535e-8
2.95221e-7
6.61346e-7
-1.98983e-7
2.571e-7
4.62206e-8
1.59265e-5
-0.000249047
0.000345387
0.000478432
-0.000546834
0.000539818
-0.000490444
-0.000954383
0.00114668
-0.000963353
0.00184605
-0.00212218
0.00184959
-0.00267127
0.00298755
-0.00259275
0.00281843
-0.00309672
0.00248755
-0.00193514
0.00233328
-0.00162761
-0.00116158
0.000613045
0.000840044
-0.00016772
-4.69378e-7
7.63153e-6
-3.27726e-6
-1.7965e-5
-7.91693e-6
-6.15817e-6
7.09601e-6
0.000381533
-0.000474388
-6.74572e-5
8.88209e-5
0.00018911
-2.49449e-6
-0.000157613
-8.02545e-7
4.02097e-6
-3.14498e-7
4.26558e-7
-2.1012e-5
9.79761e-5
1.78014e-5
-4.96102e-5
-8.18444e-7
5.0157e-6
-8.9364e-7
2.38588e-7
-9.425e-6
2.14315e-5
4.23786e-6
-8.17334e-6
-2.8299e-7
-1.34804e-6
3.92386e-7
5.44267e-6
1.12452e-7
-1.49836e-6
2.75635e-6
4.98302e-7
-8.37035e-7
1.59482e-5
-1.24578e-5
-1.45666e-6
-1.23284e-5
3.85492e-5
3.97022e-7
-4.4606e-8
-1.50313e-7
2.36958e-7
1.39855e-7
2.2328e-8
-9.49671e-8
-7.38814e-5
-5.92986e-8
-0.00105304
0.000457619
3.33798e-5
0.000944871
-0.000567746
5.60109e-5
0.000110967
-7.99117e-8
3.22097e-8
3.40605e-9
1.12773e-8
-2.12693e-8
-2.06515e-9
-1.07631e-8
-0.00165039
0.000907613
-0.000195817
1.56041e-7
-5.16425e-8
1.24069e-8
0.00258
-0.00157473
0.000709082
1.03134e-7
-1.27997e-8
1.2767e-8
-0.00308759
0.00206203
-0.00111577
-3.25141e-8
-1.67506e-9
9.2688e-10
0.00287303
-0.00204406
0.00113821
8.50404e-8
-1.50248e-8
3.59113e-9
-0.002114
0.00138156
-0.00113219
-8.10585e-9
2.74254e-9
-1.07906e-10
0.00115484
0.000632666
3.74998e-8
5.62483e-9
4.49516e-9
-0.00089639
0.000884812
0.000580578
-0.000323898
0.000229518
3.5297e-7
-1.09927e-7
3.84452e-8
-2.90011e-8
-0.000196756
-7.67868e-5
1.35919e-7
-2.21579e-8
-8.76893e-10
8.87305e-5
-7.50673e-5
-3.11577e-5
-8.0118e-6
-1.63821e-8
6.975e-9
-7.09544e-9
-2.40534e-8
9.20188e-6
-6.0903e-6
-2.50906e-6
-3.19509e-7
-3.29923e-9
4.03334e-9
8.2765e-9
4.89869e-10
5.35815e-7
-3.93033e-8
-1.9784e-7
-3.19694e-7
5.20212e-7
-3.48757e-7
-4.22107e-9
-1.30183e-7
-3.41411e-9
1.2658e-8
-2.43529e-9
5.41904e-8
1.4857e-7
-1.81591e-7
5.97356e-8
-1.03032e-8
-1.64436e-7
-1.27035e-7
3.65732e-8
-9.15e-8
1.33264e-8
-3.64445e-9
-3.63514e-8
1.36761e-7
2.13984e-8
-1.17275e-8
-3.3298e-8
1.03764e-8
7.67856e-8
-3.20597e-8
2.46907e-8
5.98353e-8
1.9288e-8
1.07222e-9
1.67973e-8
-4.85567e-9
2.7008e-8
-3.2396e-9
-6.28295e-8
1.56759e-8
1.38572e-9
-1.51475e-8
-1.67075e-8
-2.67114e-9
-3.13886e-9
-1.03357e-9
2.52339e-5
-1.64416e-5
-0.000114751
0.000530162
-0.000396148
0.000244045
-0.000241455
-0.000236623
0.000386931
0.000496134
-0.00101008
-6.92497e-5
0.00155921
-0.000263368
-0.00116115
-0.000368886
0.000205443
0.00123273
0.000584766
-0.00197486
-0.000706274
0.00134504
0.000724768
-0.00105929
-5.48062e-7
-1.37125e-6
3.14481e-6
-6.78678e-6
-9.02857e-7
-2.92338e-6
-0.000593478
0.000925575
0.000357338
-0.000496759
-0.000178402
0.000192565
-3.91986e-8
7.7209e-8
3.63722e-9
1.06845e-8
7.92458e-5
-8.14829e-5
-3.1216e-5
3.2042e-5
-9.79744e-9
2.23007e-7
-8.81771e-8
-1.44123e-8
1.09646e-5
-1.1426e-5
-3.44415e-6
3.73339e-6
1.10315e-6
-2.62684e-7
-2.20244e-7
-8.07319e-8
9.67333e-7
-1.12369e-6
-2.32198e-7
3.54007e-7
6.72048e-6
5.03928e-6
-4.99437e-6
2.05025e-5
-3.42661e-5
-2.02119e-6
3.76129e-8
-1.09018e-7
3.27609e-8
-1.62528e-8
3.58402e-8
-1.66017e-8
0.00112449
-0.00010628
-0.00022146
-0.00392474
0.00234675
9.60519e-5
3.09379e-9
8.3435e-9
3.25763e-9
-5.83426e-10
-2.91926e-9
0.00145735
-0.00147272
-1.55749e-9
-3.9783e-10
-0.00402196
0.00254672
-4.75563e-9
1.14967e-9
0.00511244
-0.00376024
-2.4843e-9
1.43534e-9
-0.00537062
0.00418164
2.91889e-10
2.1662e-10
0.00417797
-0.00355483
-4.29842e-9
5.2791e-10
-0.00266442
0.00249708
7.38736e-9
9.48254e-9
0.00151183
-0.00145349
-2.54503e-8
-2.8481e-8
-0.000803244
-0.000506237
4.5843e-8
2.91374e-8
1.21002e-7
0.000391944
-0.00028036
-0.000156081
0.000203045
6.91781e-8
-3.67445e-7
-2.28115e-7
5.18942e-5
2.41011e-5
4.14259e-8
-4.94706e-8
5.36529e-7
-1.37775e-5
5.35865e-6
2.48079e-6
1.11772e-6
2.95679e-9
-1.31773e-8
-2.36054e-7
4.08587e-8
-7.14104e-8
-3.68201e-7
-1.6138e-7
-6.29052e-8
1.23622e-10
-4.01383e-10
-3.10276e-9
-2.87186e-9
6.98862e-8
-3.31894e-8
-1.6056e-8
-1.14369e-8
-2.89377e-9
-4.23517e-9
1.72926e-9
-5.06018e-10
-4.05113e-9
3.80969e-9
2.91271e-9
1.47702e-8
-2.34689e-8
-9.53073e-9
1.30825e-8
1.94307e-9
1.37483e-9
2.87572e-10
2.85348e-10
-3.40002e-9
-4.12568e-9
2.81676e-9
-6.07763e-9
2.47079e-9
6.39262e-9
3.9052e-9
7.57274e-10
7.02353e-10
7.3322e-11
3.8337e-9
3.79522e-10
8.42631e-10
-2.62753e-9
-1.65934e-9
9.83834e-10
1.02286e-9
-1.74963e-9
-2.13102e-9
-9.62569e-10
-1.49289e-10
-1.89211e-11
-1.25823e-9
-0.000113526
0.00111224
-0.00116693
-0.00145973
0.00124169
-0.00102091
0.00112074
0.00107661
-0.00128891
0.000946061
-0.0010631
0.00113449
-0.000891979
0.000678431
-0.00109598
0.000369357
0.000736637
0.0017125
0.000615778
-0.0016028
-0.00182415
-4.83307e-6
-1.80887e-5
3.87343e-5
-0.00018215
2.83962e-5
-9.69543e-6
0.000169217
0.000231692
0.0019419
-0.00199091
-0.00127023
0.000922633
0.000718811
0.000607975
0.000380826
-0.000589005
-0.000668678
1.63287e-7
5.36396e-7
-1.61934e-6
3.26943e-6
-2.36467e-6
2.01783e-6
0.000281031
-0.000219398
-5.78383e-5
-0.000113624
-7.22068e-5
0.000106823
5.73367e-5
-6.26217e-8
2.55484e-8
-4.31278e-8
2.50364e-7
-3.06154e-5
5.03886e-5
1.30169e-5
-1.87793e-5
-8.02414e-7
1.51694e-7
9.01819e-8
3.38671e-7
-5.00985e-6
7.51336e-6
1.60259e-6
-1.98749e-6
-2.4812e-6
4.05241e-7
1.05694e-6
3.78766e-6
-4.50162e-7
6.64096e-7
7.87411e-8
-1.29888e-7
-4.39952e-5
2.01988e-5
2.71645e-6
2.69149e-5
-4.80777e-5
1.74792e-5
8.84764e-9
-2.64086e-8
5.89852e-8
-8.46646e-9
-1.23784e-8
7.64401e-9
3.62647e-9
-4.17355e-5
0.000226023
-0.00034904
0.00314192
-0.00309711
0.000170986
-1.774e-9
-1.05347e-9
-4.87763e-9
1.65262e-9
1.01552e-9
3.79715e-10
-0.00325628
0.00471893
1.00141e-10
-2.8576e-10
-0.00276338
2.28622e-11
-0.00911491
0.0127851
-0.00534813
0.00939966
-0.0148877
0.00776341
0.00797055
-1.16593e-10
9.76851e-11
-4.6173e-10
-2.40998e-11
1.03709e-10
-1.98811e-11
1.697e-10
-3.78914e-11
-0.00961849
0.0103832
-0.0071092
-3.45686e-10
6.45606e-11
-1.2622e-10
0.0091122
-0.00848368
0.00539875
1.50143e-10
-8.66212e-10
5.9983e-10
-0.0124838
0.00727876
-0.00542037
-2.34078e-10
3.77049e-9
-1.5395e-9
0.00419984
0.00262711
-1.4334e-8
-7.8312e-9
-0.00217121
0.000166436
0.000932409
-0.00135058
8.41535e-8
-5.60524e-8
3.54064e-8
-2.00822e-8
-8.26286e-9
-0.000477918
0.000659842
-2.66486e-7
5.93919e-8
0.000186712
9.85237e-5
1.4714e-6
4.46506e-7
-4.31516e-5
-2.08867e-5
3.64093e-6
-2.78577e-5
-1.66133e-6
2.37104e-6
-2.70172e-6
3.08231e-6
3.60378e-7
1.30757e-6
-1.11998e-7
2.50114e-7
3.0371e-7
-1.21912e-6
1.60754e-7
4.46522e-7
1.61444e-7
4.84702e-8
-1.14691e-7
-8.11018e-7
6.14727e-7
1.06822e-6
6.62112e-7
-9.53297e-8
-1.1476e-7
2.51489e-9
-9.70501e-10
5.46611e-9
-1.57816e-8
-1.79684e-7
3.37751e-8
6.5459e-9
-1.82931e-8
-2.31474e-9
-6.38616e-10
3.40989e-11
-1.84821e-9
-9.6295e-9
6.00166e-10
6.4712e-11
-7.66063e-10
2.65322e-11
1.9693e-10
2.05557e-9
-3.75943e-10
5.59848e-10
-2.65421e-10
5.48818e-10
-8.28724e-11
-5.32118e-11
1.96035e-10
-1.89699e-10
5.84774e-10
-6.12179e-10
5.85646e-11
7.30544e-10
6.44307e-10
2.51756e-10
-4.29244e-11
-2.09966e-11
2.56764e-10
7.2774e-11
1.25897e-11
-3.99323e-11
-3.40361e-11
1.32219e-10
-2.12543e-10
8.24996e-11
-1.06322e-10
2.36455e-11
3.40217e-11
-8.696e-11
-3.08009e-10
-1.89046e-10
-2.81868e-12
1.12173e-10
-7.10544e-11
-3.70845e-11
-8.87408e-12
2.3679e-11
3.42281e-11
1.04179e-11
5.7964e-11
1.12858e-10
4.5406e-11
-1.35023e-10
-2.63146e-10
1.76869e-11
-0.000438208
-0.000508011
0.000443238
0.000283456
0.000108324
-0.000268113
-0.000736873
0.00031121
0.000910396
-1.51631e-5
-0.000997908
0.0007683
-0.000106326
-0.000526935
1.30117e-5
-7.95545e-5
0.000122761
-0.000174493
0.000160728
-8.70932e-5
0.000344292
0.00138955
-0.000814977
-0.000626965
0.000221117
0.000299385
0.000174196
-0.000217563
-2.1817e-6
8.07557e-6
-1.1609e-5
2.84905e-5
-1.07148e-5
0.00018315
-6.54283e-5
-8.17786e-5
-5.36314e-5
6.5375e-5
-5.91637e-8
-1.05984e-7
-5.06384e-7
9.17808e-7
-1.17723e-6
2.99957e-7
-3.85e-5
2.69465e-5
5.95375e-6
1.29954e-5
8.28748e-6
-1.41196e-5
-5.27081e-6
8.39412e-7
-2.39627e-7
-1.76251e-6
1.80476e-6
3.45114e-8
2.10626e-6
2.14904e-7
-2.52419e-6
-4.42839e-7
4.86777e-5
-9.4647e-6
-1.49184e-5
-3.84376e-5
7.42682e-6
-5.9484e-8
2.26802e-7
-1.85193e-7
-2.59773e-7
-6.58057e-8
-0.000294585
-3.02316e-6
0.000288492
-0.00041102
-0.000187777
7.49166e-9
3.11549e-9
3.62557e-8
-9.75182e-9
-8.70576e-10
-0.00279814
0.00170338
-0.00231508
0.0103876
-0.00594662
0.00292768
1.22113e-10
-5.06999e-10
3.98886e-11
1.61752e-10
-8.0684e-11
9.06897e-11
-0.0109109
-2.57931e-11
-0.00503567
0.0099541
-0.00981565
0.00615309
-0.00636989
0.0210677
1.0235e-11
3.07552e-12
2.27262e-11
-6.39402e-12
4.04113e-11
-1.07186e-11
-0.00430666
0.00727395
-4.69575e-12
-4.12865e-11
0.00486039
-0.00934213
-1.10239e-9
3.86255e-10
-0.00640961
0.0118568
4.42486e-9
-1.48421e-9
-0.000593824
1.46909e-5
8.66866e-6
4.33074e-5
-0.000190903
7.87902e-8
-5.44011e-8
3.44834e-8
-1.35713e-8
2.09185e-9
-3.91445e-5
0.000191725
-2.08173e-7
5.81453e-8
-4.07499e-5
1.48823e-5
7.07537e-7
-4.54865e-6
1.27677e-5
-3.3077e-6
3.17949e-6
-3.57111e-6
3.06014e-6
4.33924e-7
-2.01987e-6
5.12534e-7
-1.02257e-7
-2.06981e-7
1.23896e-7
-1.13919e-6
1.31667e-6
-1.5914e-6
1.34306e-6
6.59222e-7
7.57436e-8
5.51024e-8
1.15506e-8
2.16474e-7
1.07092e-10
-2.24709e-8
-9.63276e-9
4.31912e-9
3.02443e-9
5.24204e-10
-1.88101e-8
-1.07839e-7
2.65624e-7
5.57578e-9
1.13433e-9
-2.50635e-9
4.79376e-10
-1.22989e-9
1.53118e-9
-8.97103e-9
3.45463e-8
5.96687e-10
5.14684e-10
-2.29952e-10
8.78948e-11
-3.42343e-11
4.87355e-13
-4.32724e-11
4.38228e-10
-4.71309e-10
3.10792e-9
-7.15532e-12
-1.37502e-11
-1.08106e-11
-4.6037e-12
2.32899e-11
-9.49016e-12
1.10573e-11
-8.02967e-11
-5.51634e-11
-8.05672e-11
-1.00047e-11
-1.41155e-10
9.15152e-13
-3.58044e-12
-3.36243e-12
-6.14065e-12
1.93689e-11
1.14891e-11
-1.17603e-10
1.11851e-10
1.0357e-9
1.51988e-10
1.10221e-10
-1.01981e-10
3.74437e-10
3.09562e-10
-6.6519e-11
-8.21782e-11
-8.29827e-11
4.40203e-10
-1.15757e-9
-3.55314e-9
-1.11745e-9
-9.29238e-5
0.000248948
-0.000412784
-0.000850368
0.00102693
0.00149614
-0.00136921
-0.00221927
0.00145606
0.00168394
-0.000643276
0.000511283
-5.41447e-5
-0.000288326
0.00030464
-0.000335585
0.000415932
-0.000242658
0.000201605
0.000497864
-0.000364116
-0.000143266
3.02568e-5
3.22054e-5
2.56343e-5
-1.24823e-5
-1.82493e-6
4.35432e-5
-3.62171e-5
0.000145999
-4.90465e-5
5.18679e-5
2.12941e-5
-1.85989e-5
-2.13126e-5
1.42635e-5
1.43759e-6
-6.17631e-6
4.91446e-6
-1.05243e-5
6.59844e-6
-2.01263e-5
-6.44801e-7
7.26694e-6
7.47813e-6
-7.55431e-6
4.72396e-6
-1.24564e-5
1.00201e-5
5.53339e-6
3.89351e-6
-5.32277e-6
1.10149e-5
-3.71546e-5
3.28129e-5
1.0319e-6
2.57789e-8
-1.02622e-6
2.14132e-5
1.98449e-5
-0.000101938
0.000241803
9.71349e-5
-2.80556e-8
1.10329e-7
-9.22136e-8
-9.84844e-8
-3.35177e-8
0.000820181
-0.000699088
0.000782648
-0.00408169
-0.000916353
6.15618e-11
3.83166e-9
1.61606e-8
-4.30178e-9
-9.75127e-10
-0.0123211
0.00839767
-0.00566332
0.0262944
-0.0181005
0.00859067
1.35503e-10
-1.97539e-10
4.6808e-10
2.2498e-10
-4.98412e-11
3.87004e-11
-0.0216045
9.53406e-12
0.000651099
0.00951522
-0.00902584
-0.000165645
-0.00629216
0.0139076
0.000294015
0.0238344
5.88512e-12
-1.16909e-11
2.84479e-11
-2.79397e-11
0.00755886
-0.0128085
-0.0013591
-1.17366e-10
1.51145e-11
-0.00586517
0.00728812
0.000113068
2.80216e-10
9.13275e-12
0.00230007
-0.00216898
0.00176043
-2.67513e-11
-1.67e-9
2.26634e-5
7.16197e-5
-0.000240401
-0.000104225
1.68119e-5
8.18702e-8
-2.68614e-8
6.5003e-9
7.00476e-5
-1.58077e-5
-2.61491e-7
1.17251e-7
-5.91194e-6
1.24489e-6
-1.10376e-6
-6.00941e-8
-1.86103e-6
-3.28803e-6
2.34967e-6
-2.67059e-6
1.44771e-6
-2.23619e-7
1.07636e-6
-2.12391e-7
-7.11213e-8
6.49135e-8
-3.59753e-8
-1.48558e-6
1.30858e-6
-1.58348e-6
1.05757e-6
3.04088e-7
5.09964e-9
-1.27373e-9
1.20958e-8
6.66979e-9
-1.55906e-9
-1.08297e-7
2.22312e-7
-2.01273e-9
-1.38146e-9
-3.57212e-10
-2.28185e-9
-1.62105e-8
3.68802e-8
3.42283e-10
-1.21259e-9
-2.81357e-10
-4.9965e-11
1.21694e-10
-1.12677e-11
-2.50907e-9
7.49868e-9
-1.08231e-10
1.03104e-10
-1.42879e-11
1.326e-11
6.00262e-12
2.3228e-10
2.33798e-11
2.81131e-10
-3.26817e-10
9.99718e-10
-2.25242e-11
-1.24795e-11
-1.54634e-12
1.65801e-12
-1.59163e-12
9.37425e-12
1.56765e-10
-1.39186e-10
-1.24466e-9
-8.54608e-10
-3.5121e-10
-3.74873e-10
-4.275e-11
6.84616e-11
-8.25368e-11
6.80925e-11
2.48018e-10
-2.7532e-10
2.82934e-10
6.89234e-12
-1.5457e-9
5.47841e-9
7.63849e-9
-9.99353e-10
8.96393e-10
-1.37241e-9
5.20884e-9
-1.0074e-9
-3.81355e-10
9.61684e-10
-8.70287e-9
-0.000272123
-0.000289716
0.000248962
0.000191475
-1.33478e-6
0.000141982
5.10285e-5
-0.00028089
0.000656863
-0.0011103
0.00104954
-0.000747401
0.000106337
-0.000518402
0.000489623
0.00034118
-0.000129466
-2.73839e-5
-9.06388e-6
-2.40413e-6
1.31428e-5
7.30114e-5
-7.92397e-5
0.000175071
-0.000127605
2.02119e-7
3.38959e-6
2.72757e-6
-2.26826e-7
-1.2234e-6
-3.30588e-6
-9.32441e-6
6.00123e-6
-2.41466e-5
9.96714e-6
-1.73104e-6
-3.59058e-6
-6.27647e-7
1.16829e-6
-6.49159e-7
-9.0795e-6
-7.39917e-6
8.92081e-6
2.36902e-6
2.81484e-6
-2.56828e-6
-2.90621e-5
-1.9314e-5
2.42239e-5
2.08294e-6
1.52196e-6
-1.86461e-6
-9.12732e-5
-5.02543e-5
6.5408e-5
3.79892e-7
1.8189e-8
-2.86268e-7
-0.000346046
0.0002658
-0.000115098
0.00113641
0.000180914
-9.65964e-9
2.51003e-8
-6.66035e-9
-3.5196e-9
-1.03557e-8
0.00310874
-0.00261796
0.00111063
-0.00894014
-0.00156402
-5.80132e-10
1.76906e-9
4.65569e-9
-2.32782e-9
-9.24694e-10
-0.0218689
0.0186149
-0.0111567
0.0177619
0.0303793
-0.0273595
0.0106046
2.30035e-10
-8.07645e-10
-1.75263e-10
4.71597e-10
-1.09187e-9
-0.017103
6.8328e-11
-6.98833e-11
-4.10952e-11
4.54142e-11
5.79507e-11
-3.06685e-11
5.69196e-10
0.00178354
6.38567e-9
-1.49545e-9
-0.000816347
0.000400844
-2.17058e-8
2.45302e-9
9.84759e-5
-0.00014262
2.24643e-8
8.16627e-6
7.68412e-6
5.39582e-8
-9.38253e-9
-8.87099e-7
-1.02187e-6
2.34047e-7
-4.75487e-8
-1.63939e-6
5.30449e-7
-3.64639e-7
-9.90303e-8
-3.65332e-8
3.96893e-7
3.801e-8
4.79164e-8
-1.13108e-6
6.12063e-7
-8.04362e-7
2.44601e-7
-2.34592e-7
-3.70706e-8
-1.51925e-8
3.80565e-8
4.07399e-9
-2.40003e-8
1.482e-8
-1.83129e-7
-4.31757e-9
-3.30383e-10
3.67671e-9
-4.63074e-9
-8.09408e-9
2.04649e-9
5.89369e-10
-4.79141e-9
2.31341e-10
-7.61676e-10
-3.38989e-9
7.81789e-9
4.77743e-10
-1.04613e-9
-8.76716e-11
6.98105e-12
-1.11171e-9
1.02842e-9
-1.53345e-9
2.77909e-9
4.94988e-11
-9.93024e-11
1.36656e-11
8.48309e-11
1.09569e-11
2.01256e-9
5.41869e-10
2.07099e-9
2.35254e-9
-1.83135e-9
-1.84691e-10
-2.89766e-10
1.37716e-10
-1.11981e-10
-1.4296e-10
-1.43983e-10
3.7234e-10
-1.53983e-8
7.3823e-9
-1.2264e-8
-1.56207e-8
-9.93546e-9
-1.11686e-9
-3.96794e-9
2.93388e-10
5.2663e-10
-4.96497e-10
-6.05563e-10
2.52087e-9
1.93611e-9
-5.72137e-10
2.12483e-9
4.80343e-8
-5.39446e-9
5.01223e-8
-6.86281e-5
-5.46754e-5
0.000298498
-0.00012878
-8.66068e-6
-0.000546934
0.000198954
0.000732734
-0.000196964
-0.000611781
7.26131e-5
0.000285224
0.000107407
0.000103276
-0.000204278
-0.000357281
0.000249684
-5.00406e-6
2.5379e-5
2.86333e-6
2.72534e-6
6.38285e-5
0.000115756
-5.87915e-5
-0.000184822
0.000132249
-8.23227e-5
-0.000166895
5.23646e-6
-2.36461e-6
-1.72302e-6
2.44128e-7
1.40497e-7
-5.18954e-6
-2.5058e-6
1.67721e-6
3.22814e-7
-2.06555e-5
7.11612e-6
6.96013e-7
-2.77697e-7
-5.82195e-8
-9.43194e-6
-2.4898e-7
1.81844e-6
-2.82787e-7
1.4343e-7
-1.72847e-7
-2.56364e-5
4.57512e-7
3.62325e-6
7.07224e-7
8.7235e-7
-6.22433e-7
-6.91693e-5
1.7759e-6
1.04504e-5
6.10084e-7
4.65446e-7
-1.45882e-7
-0.000170769
2.05504e-6
2.6435e-5
-2.45359e-8
-4.18712e-8
1.84105e-7
-0.000707669
0.000520026
-6.75845e-5
0.000239986
0.00166302
5.97123e-5
-7.01272e-9
3.00121e-8
6.77789e-9
-3.57269e-8
0.00820614
-0.00429936
0.000788649
-0.00305929
-0.0154351
-0.000799629
1.67271e-9
-1.10127e-8
1.95474e-9
-6.42418e-9
1.51074e-8
3.23793e-9
-0.00191806
-0.0133907
0.0150822
-0.00412247
0.0162413
0.000676059
-0.0146189
-3.74779e-10
1.86207e-9
1.62994e-10
-2.19317e-10
2.73219e-10
-0.0298929
0.0160965
-2.1349e-11
-2.17953e-10
0.0334777
-0.0252853
-2.25589e-10
5.34216e-10
-0.0242092
0.0186866
-5.98841e-11
6.5279e-10
0.0118536
-0.0091359
-2.86416e-10
-6.04618e-11
-0.00447379
0.00266861
1.81476e-11
1.23063e-9
0.00254518
-0.00245466
-7.17159e-10
3.92589e-10
0.000181008
0.000377257
1.94045e-9
-0.000114194
2.95083e-5
9.49112e-10
-2.37366e-9
-2.15936e-5
-3.18534e-6
6.89905e-8
-1.30748e-8
-6.07212e-9
5.78503e-7
1.40723e-7
-4.85036e-8
3.33726e-7
-3.98944e-6
3.5948e-8
6.20278e-9
-1.078e-6
1.87799e-6
1.37408e-7
-1.31305e-7
-1.1133e-7
4.44516e-8
1.57544e-8
-4.169e-7
4.93356e-8
-6.83965e-9
-1.14705e-7
2.62691e-7
2.35364e-8
3.33543e-8
-2.75662e-8
3.44387e-8
1.37445e-8
-4.66033e-9
2.72197e-9
-2.84856e-9
-2.71335e-10
-1.30034e-8
2.11005e-9
-2.20014e-9
-2.81955e-9
1.51533e-8
1.4028e-9
-4.70103e-9
-6.57077e-10
2.19228e-9
-4.53543e-9
6.35977e-9
7.58759e-12
2.30809e-9
6.32357e-10
-2.20373e-9
2.62903e-12
-8.53722e-9
3.23899e-9
2.10881e-9
-2.05695e-9
-1.0358e-9
-1.23794e-9
8.93675e-10
-4.17377e-10
-1.70152e-9
1.68908e-9
2.82837e-8
4.74531e-8
2.62328e-8
-8.9729e-9
5.74137e-9
-3.09307e-9
-2.92949e-9
-2.2808e-9
1.68724e-9
4.1285e-9
-4.23919e-9
-9.12471e-9
9.16316e-10
-1.64152e-9
-4.84404e-8
-1.39196e-7
1.42633e-8
2.00339e-7
-1.64266e-7
-1.91859e-7
-4.90981e-8
2.48111e-8
-1.09877e-8
2.03418e-9
2.64579e-8
1.70753e-8
-2.13279e-8
7.82014e-8
3.89027e-7
-8.48862e-8
-6.12712e-5
0.000352363
0.000228899
-0.000718006
-0.000369469
0.000911548
0.000464693
-0.000990959
-0.000508943
0.000939384
0.000430339
-0.000511329
-0.000260286
0.000183238
5.64975e-6
-4.29438e-5
-7.56696e-5
4.74739e-5
9.56346e-5
-7.99585e-5
4.27092e-5
6.51501e-5
-1.10577e-5
1.70038e-5
1.12179e-6
3.57739e-7
1.07029e-6
-4.61889e-7
2.48597e-5
-9.32023e-6
4.32221e-5
-1.96354e-5
7.33846e-8
-1.06697e-7
1.70965e-7
-4.70648e-9
-1.10664e-6
-7.3212e-7
3.69077e-7
-2.24893e-6
6.20579e-7
3.78773e-8
-1.40589e-8
2.93788e-8
-4.02657e-6
2.02743e-7
2.32876e-7
3.91529e-8
-2.49044e-8
-1.25215e-8
-1.06552e-5
1.53342e-6
5.24042e-7
1.70688e-8
-4.32114e-7
6.24221e-7
-2.32987e-5
3.39494e-6
1.3057e-6
-5.80255e-7
-1.30711e-6
1.63554e-6
-8.82545e-5
2.94723e-6
1.81252e-5
2.5338e-6
-1.08344e-7
2.85513e-7
1.44196e-7
-5.03523e-7
0.00122435
0.00041213
-0.000448091
-0.000163618
5.1928e-8
-1.99935e-7
-5.44468e-8
1.86098e-7
-0.00564066
0.0112163
-0.00643599
0.00366764
0.00627524
0.00304234
-8.63523e-9
4.01318e-8
-4.80252e-9
1.42446e-8
-2.75558e-8
-1.87879e-9
0.0227676
-0.0257618
0.0103689
-0.0220515
-0.0347698
0.0276871
0.0368452
-0.00526426
9.53305e-10
-6.96661e-10
-2.67156e-10
-4.45299e-9
0.0340244
-0.0279621
-0.036773
-3.27163e-9
1.11587e-8
-0.023848
0.0199292
0.0259783
3.84485e-10
2.77127e-9
0.0123538
-0.0101759
-0.0131824
-1.39892e-9
-2.75688e-9
-0.00558262
0.00428529
0.00506897
-5.02318e-9
1.6496e-8
0.00211544
-0.000167454
-0.00219686
1.00483e-9
5.54954e-9
-0.000239827
9.21428e-5
9.94065e-5
4.59754e-9
-5.286e-9
3.16013e-9
6.86352e-6
2.8608e-6
1.5895e-10
7.37487e-6
-8.17799e-5
1.9302e-10
-4.76854e-9
2.3764e-5
-5.19471e-6
-1.35237e-8
-5.47553e-9
8.22857e-7
-6.21815e-6
-4.21639e-10
7.28831e-9
2.00934e-6
-5.04018e-7
-2.03889e-8
2.78209e-9
3.07708e-8
-9.03788e-7
1.6293e-8
-1.48778e-8
-1.61832e-7
4.64154e-7
3.93534e-8
-2.75195e-8
-6.70077e-9
1.66679e-8
1.16215e-8
-1.22476e-8
-5.49131e-8
7.40226e-8
2.20598e-9
-3.52031e-8
1.27115e-9
7.16161e-9
-3.42212e-8
4.74335e-8
-7.45046e-9
-6.26872e-9
-1.45263e-9
4.41273e-8
-8.42398e-9
1.77733e-9
4.7061e-9
-2.65723e-9
-4.58986e-8
1.41256e-8
8.02347e-9
-1.59358e-8
3.23027e-8
-1.28541e-7
2.94678e-8
-7.07183e-9
-1.90826e-8
-5.95519e-9
5.89599e-9
-2.03185e-8
1.29209e-8
5.76611e-7
-1.15882e-7
1.16778e-6
4.52612e-7
-1.13978e-7
-1.68681e-8
-1.59545e-8
-6.85337e-8
9.9658e-9
-3.88785e-8
-3.58339e-8
-1.18827e-7
6.89096e-8
-4.43322e-8
-5.50947e-7
-8.57768e-7
-8.60672e-7
2.60521e-6
-3.90592e-6
-7.64251e-7
1.5174e-8
2.83019e-7
2.61016e-7
-6.8562e-7
1.76686e-6
3.96944e-6
6.02832e-5
-6.83561e-5
-0.000144002
7.52066e-5
-0.000780156
0.000314784
0.00121562
-0.0014217
0.00158983
-0.00176345
0.000716792
-0.000199185
5.87486e-5
-1.5607e-5
2.05139e-5
1.53483e-5
-1.2971e-6
-7.16419e-6
-2.57055e-5
1.19809e-5
-2.59344e-5
1.28908e-5
1.38406e-6
-3.87523e-7
2.20261e-6
-8.79492e-7
3.07638e-6
-8.90332e-7
7.83586e-6
-2.75521e-6
2.5346e-7
-7.6893e-8
1.84154e-7
-2.76124e-8
-1.07793e-7
-1.23029e-7
3.77673e-8
3.8399e-8
-1.59978e-7
1.99098e-8
-1.95076e-8
1.4956e-7
4.20162e-8
-1.66737e-7
-2.94868e-7
-5.34368e-8
2.93237e-8
6.91427e-8
7.11476e-7
-2.12741e-6
-7.36276e-7
-1.40674e-7
1.45753e-7
-2.59363e-8
1.0423e-6
-5.0879e-6
-3.91428e-6
1.20053e-7
6.90567e-7
-7.89653e-7
-5.73995e-7
3.14576e-7
1.55444e-6
-4.34023e-6
0.000145909
5.83877e-5
-4.28015e-5
-1.7197e-5
6.62098e-7
-1.91816e-6
-5.58286e-7
1.45646e-6
-0.00197347
-0.00126424
0.000885963
0.000458162
-1.20364e-7
3.10076e-7
4.61313e-8
-6.54581e-8
-0.00259558
0.00126637
0.00112884
0.00251626
0.00890573
-0.00389909
-0.00129482
-1.60189e-9
1.52966e-8
-1.20116e-9
2.76593e-9
1.46589e-9
8.09581e-9
1.96174e-8
-2.28543e-8
-3.25881e-8
2.87976e-8
-4.19405e-8
-3.76866e-8
-0.000539285
-1.0113e-8
0.000558321
-0.00183589
-0.00161061
-0.00021178
1.23226e-8
-1.25151e-8
2.48058e-9
6.89242e-8
1.52213e-5
0.000613601
-0.00010352
-4.80348e-9
1.12905e-8
2.12511e-5
-0.000137409
6.21233e-9
8.64966e-9
5.16523e-5
-1.44629e-5
1.82855e-8
-1.559e-8
3.41152e-6
-1.24618e-5
-6.43379e-8
4.66453e-8
2.04118e-6
-4.5527e-7
-2.14972e-8
5.47726e-8
-6.56959e-8
2.29891e-7
2.9265e-7
9.60544e-9
-1.74817e-7
-9.7708e-9
5.32408e-8
-2.5223e-8
4.54402e-8
2.93915e-8
-2.57849e-7
1.00288e-7
1.21287e-7
4.56716e-8
-5.00144e-7
4.20651e-8
-1.54452e-7
6.73193e-8
-5.54675e-7
-2.09825e-7
9.72975e-7
-5.24244e-9
-7.46241e-9
-1.70784e-8
1.08153e-7
6.18261e-8
-9.66887e-9
1.79475e-7
2.66383e-8
-1.1065e-7
1.67049e-8
1.54084e-8
-3.12651e-7
1.20402e-7
7.30651e-8
-1.27187e-7
5.06212e-7
-2.41177e-6
4.54596e-7
-7.91563e-8
-2.33443e-7
2.12295e-8
1.29511e-7
-1.83238e-8
2.70226e-7
-9.3766e-6
-3.85459e-6
1.0718e-5
9.58394e-6
-1.89236e-6
-8.37807e-7
6.92643e-8
-1.24963e-7
1.0038e-7
-5.9271e-7
-1.03402e-6
3.3497e-7
2.08398e-6
-1.72324e-5
1.2721e-5
-1.1667e-5
0.000730487
-0.000489027
-0.00130456
0.00130829
0.0018377
-0.00231894
-0.00212165
0.00321008
0.00331828
-0.0040054
-0.00106149
-1.85386e-6
0.000324154
0.000407398
-0.000163676
0.000164185
1.9914e-5
-7.38767e-6
0.000116685
-3.18935e-5
-0.000224199
-0.000170492
2.47535e-5
-4.01811e-6
2.07517e-5
-1.50245e-5
-4.97692e-6
1.73519e-6
-5.75064e-6
2.69985e-6
4.3178e-6
-9.21563e-7
2.3763e-6
-4.30342e-7
2.40317e-7
-2.42338e-8
8.64804e-7
-4.48324e-7
1.03347e-7
-2.88964e-8
9.30983e-8
-9.41371e-9
4.19324e-8
-4.43976e-7
3.88775e-8
2.41713e-7
-5.67153e-8
-3.61611e-7
1.81699e-6
-2.47731e-6
-2.89511e-8
3.04518e-6
9.72851e-6
-1.09056e-5
-1.45475e-7
1.29229e-5
1.51638e-5
-2.57169e-5
1.11607e-5
4.86606e-6
-3.08092e-6
-1.89004e-7
4.8882e-6
-1.10421e-5
-3.29079e-6
6.31374e-6
-0.000340159
-0.000144502
0.000112764
3.93529e-5
-6.66304e-7
1.11372e-6
-5.43856e-9
4.97097e-7
-0.000299202
0.00085431
-8.0642e-5
-0.000443323
-5.04305e-8
2.5901e-7
-2.5292e-8
-2.5218e-7
-3.00523e-8
-0.0167953
0.0233933
-0.0101788
0.0102114
0.021395
-0.00863765
-0.0302104
0.00762226
-6.14906e-8
5.89944e-8
-1.8697e-9
3.72271e-7
-0.0182331
0.00930846
0.0245285
1.85629e-7
-7.71524e-7
0.0120461
-0.00737525
-0.0166113
-1.17019e-7
3.88181e-7
-0.00735943
0.00473736
0.00869051
8.06656e-8
-1.04867e-7
0.00139656
0.00113207
-0.00320456
1.24252e-7
-4.88898e-7
0.00847547
-0.0507184
-0.00314154
6.89928e-8
-4.72644e-7
0.0083767
-0.0122779
1.90974e-7
-2.2454e-7
-0.00228064
-5.86908e-8
0.000294497
-0.00162818
-4.72931e-8
2.42476e-7
0.00120953
-0.000345124
-2.60263e-8
1.53975e-8
7.14268e-5
-0.000203687
6.28478e-8
-4.43589e-9
2.74705e-5
-4.49658e-6
1.88201e-7
-1.27363e-7
8.45071e-7
-6.25183e-6
-4.91022e-7
3.1325e-7
1.38748e-6
5.91032e-7
-5.906e-7
2.46176e-7
8.05468e-7
-1.29717e-6
-3.29299e-7
1.5095e-8
7.52e-7
-8.15848e-7
2.2094e-6
2.4312e-8
6.8055e-8
-3.32271e-7
-7.41673e-7
-5.70726e-7
-2.9529e-7
1.40933e-8
-4.78892e-8
-2.71067e-8
-2.84791e-8
-1.38848e-7
5.10254e-6
1.60019e-8
-1.13196e-7
2.22412e-6
4.16022e-7
-2.04846e-6
2.12535e-7
-2.7152e-8
-4.95611e-6
1.17228e-6
2.42819e-7
-9.40786e-7
9.06019e-6
-4.76728e-5
8.58432e-6
-1.27231e-6
-7.63545e-7
7.95673e-7
2.76493e-6
1.87349e-7
-4.60033e-6
-4.18896e-8
5.45042e-6
-2.74479e-6
2.27832e-6
-4.01986e-6
3.4796e-5
5.24921e-5
-0.000160838
0.000123484
-3.20958e-5
9.70446e-6
-2.33865e-5
1.22942e-5
-7.88972e-6
1.0672e-5
-0.000201946
-0.000103001
6.16892e-5
0.000204355
-0.000222443
0.000672983
-0.000929561
0.00272169
-0.00130076
-0.0029998
0.0030995
-0.000704995
0.000318803
-0.000951914
0.00192951
0.000569711
-0.00117434
4.13459e-5
-0.000282539
1.3868e-6
1.44338e-6
1.60293e-5
-6.7252e-6
8.94516e-5
-1.55786e-5
2.22e-5
-4.11205e-6
7.04726e-8
-2.60808e-6
-2.16109e-6
5.05994e-6
1.36007e-6
-3.91172e-7
1.24671e-6
-8.72064e-8
-1.25101e-8
-4.04394e-7
1.95017e-6
-6.73412e-7
1.28811e-6
-4.66147e-6
-1.2508e-7
-3.33828e-7
1.08041e-6
-1.35417e-7
-8.33939e-8
2.58606e-7
-4.11127e-7
2.90968e-7
-2.48987e-6
7.05349e-6
3.72504e-8
-2.4556e-8
-3.96924e-8
-1.19785e-8
-8.19509e-6
3.27737e-5
8.60704e-8
8.82465e-9
-3.16136e-8
2.68739e-8
-1.66486e-5
3.57009e-5
6.66333e-7
-1.33786e-7
-2.89747e-8
-5.34883e-9
2.08651e-5
-3.2296e-5
-9.96519e-6
1.19755e-5
-3.17792e-5
-9.09771e-6
7.3396e-6
1.84323e-6
-1.00095e-6
-1.36918e-6
-2.61507e-6
8.58494e-6
0.000141825
0.000185957
-7.2807e-5
-6.67467e-5
-9.11389e-7
3.5951e-6
7.42397e-7
-4.62758e-6
0.00324204
-0.00388622
0.00094019
-0.00159327
-0.00562846
0.00225611
-0.000403493
8.27929e-7
-2.16881e-6
-7.63927e-7
7.48277e-7
-0.00489216
1.85444e-6
0.00507588
-9.506e-7
1.94883e-6
-2.43699e-6
-7.93626e-7
2.39945e-7
-0.0637422
0.0948274
1.56407e-6
-2.04905e-6
3.91875e-6
0.0911851
-0.18441
8.37711e-7
-1.75615e-6
-0.0543354
0.110709
0.0155048
-9.75202e-7
1.33918e-6
-0.00347757
0.0257826
-0.00819353
-4.60309e-8
2.14409e-7
0.00143321
-0.00209292
-6.91808e-8
2.93318e-7
0.000279203
-7.90139e-5
-1.54392e-7
3.6759e-8
2.43237e-5
-0.00011115
3.14028e-7
-5.04583e-8
6.26702e-6
6.16844e-6
1.08175e-6
-6.7386e-7
-5.19768e-6
-6.46544e-5
3.21413e-5
-2.04653e-6
1.28559e-6
4.96417e-6
-6.06879e-6
-5.90376e-8
-8.86679e-6
-1.01718e-6
2.15438e-6
3.70681e-7
-1.95261e-6
9.60857e-7
1.83629e-7
-6.96721e-7
2.92817e-6
-4.31123e-6
-1.33591e-5
-4.88e-6
4.37875e-5
1.53796e-7
2.06209e-6
1.58644e-6
1.63447e-5
1.10828e-5
-7.23087e-5
1.52306e-7
-2.34575e-8
9.21724e-7
0.000127558
-3.12302e-5
-1.42108e-5
5.76586e-5
1.56095e-7
-5.88203e-7
-3.02839e-8
-1.26323e-6
-8.2529e-5
2.36827e-5
3.9785e-6
-2.90996e-5
8.09979e-6
-4.27692e-5
2.61132e-6
-4.58513e-7
5.4109e-5
-2.89537e-6
-8.38062e-6
3.37883e-5
-5.2591e-6
0.000555537
0.000198543
-0.000675294
0.000101164
-1.99441e-5
-6.96507e-7
5.3938e-5
-2.38955e-5
-7.01471e-5
5.93003e-5
-2.29584e-5
9.02994e-6
-0.000564232
0.000568677
-0.00102687
0.000891632
-0.0022681
0.00163638
0.00351936
-0.00131803
-0.0028293
0.000471413
0.00045121
-0.000447889
-1.71581e-5
-1.5765e-5
-1.37227e-5
6.83587e-5
-0.000852178
0.000293404
0.00129308
5.92625e-5
0.00308647
-0.00356852
0.00121302
-0.00117817
-0.000285973
4.07509e-5
-7.89912e-6
3.45364e-5
1.45435e-5
-5.41283e-5
2.4557e-5
-7.38783e-6
2.21792e-5
-1.29568e-6
9.24294e-6
-2.70951e-5
1.33281e-5
-1.38604e-5
4.79002e-5
8.94516e-7
-1.21361e-6
3.06963e-6
-7.7997e-6
-1.17758e-6
-6.24404e-6
2.04287e-7
3.33477e-6
1.83284e-6
2.92855e-6
2.21531e-6
-7.18547e-7
-1.25216e-5
-2.08988e-5
3.87651e-5
1.17545e-7
-5.90503e-5
-6.88408e-5
9.76634e-5
1.4129e-8
1.31203e-8
4.4134e-5
-8.29735e-6
-1.1282e-6
-5.16438e-7
3.88519e-7
-2.98909e-7
9.60497e-6
-3.13959e-5
-1.95246e-5
5.83748e-5
2.99494e-5
2.01181e-5
-8.89779e-6
-5.26268e-6
-9.64955e-6
2.87966e-5
8.85308e-6
-2.84466e-5
0.000651581
-1.2011e-5
-0.00024935
0.000304199
2.64749e-5
5.14843e-6
-1.12177e-5
2.64252e-6
-0.000609594
-1.12119e-6
-4.32233e-6
3.97812e-6
2.66076e-6
-0.00224143
-0.00429874
0.00414441
0.000228982
0.00974721
-0.00685584
0.00207959
-0.00505034
-3.26874e-6
1.16447e-5
7.98645e-6
-9.37886e-6
-0.0141814
0.0217424
0.000620593
-8.44305e-6
5.49195e-6
0.0146942
0.0505976
-5.12042e-7
1.14359e-6
0.345921
-0.293522
-3.4953e-6
5.64785e-6
-5.08877e-6
-0.114133
0.111297
-1.27047e-6
1.32979e-6
0.0275657
-0.00465511
-0.0019301
7.70211e-8
8.89875e-8
0.000622702
-0.00224433
-7.61653e-7
4.27653e-7
0.000117171
-4.54094e-5
-5.83208e-7
1.16058e-7
7.22604e-5
0.000409238
-0.000220035
1.17787e-6
-1.05593e-6
4.29742e-5
3.60764e-6
-2.19625e-6
-2.48003e-5
-4.56374e-6
1.55697e-5
-2.399e-6
-7.26828e-6
8.92209e-6
1.85021e-5
-2.72887e-6
-7.19025e-6
7.11157e-6
-0.000185336
0.000282224
9.08867e-7
-1.16144e-5
1.06767e-5
-0.000402322
-0.000190828
0.00057326
1.73408e-6
-1.70146e-6
-4.38324e-6
1.55328e-6
-0.000745645
0.000215893
9.29226e-5
-0.000343342
2.60859e-6
-6.51316e-6
1.89134e-6
1.29647e-5
0.00040817
-0.000112685
-7.9129e-5
0.000184141
0.000223918
-0.000793584
-5.36083e-5
-1.50284e-5
-4.68799e-5
-4.9243e-6
8.34345e-5
-0.000121925
6.52777e-5
-0.000110275
0.00037099
0.000254986
0.000116349
-0.000278858
0.000844559
-0.000202198
0.00276304
-0.00197908
0.000704508
-0.000274764
0.000206437
0.000642858
-0.000325604
-0.00111819
0.000474713
-0.000697645
0.000638726
6.91145e-5
0.00103982
-0.000749823
-0.00100511
0.000681052
0.00110698
0.00128593
4.01443e-5
-9.51058e-5
0.00010989
0.000123478
-3.42577e-5
-0.000176152
0.000134797
0.00196625
-0.00360068
0.000583314
-0.000980006
-0.000172911
0.00015734
1.25711e-5
-3.81559e-5
9.89534e-5
-7.38282e-5
-4.0309e-5
-1.18457e-5
3.013e-5
9.97207e-6
-1.79516e-5
3.30515e-6
4.5699e-5
2.49149e-6
-8.33453e-6
1.41115e-5
-2.55557e-5
1.2802e-5
-2.64156e-5
4.69955e-5
-2.13226e-6
-1.79669e-5
2.84831e-5
-1.25427e-6
-1.25754e-6
4.04485e-6
-3.99179e-6
1.45654e-6
3.36827e-5
-4.328e-5
-1.58338e-7
4.21992e-7
-4.65746e-7
2.56674e-7
7.85982e-5
-9.57904e-5
1.1301e-9
7.27991e-9
3.99168e-9
1.79529e-8
-5.78226e-5
5.46922e-5
-3.79528e-7
2.09415e-5
-8.15928e-8
-4.57409e-8
5.28959e-5
-8.49459e-5
1.90981e-6
1.31024e-6
-3.80188e-7
-1.87453e-6
7.27143e-6
-3.68958e-5
7.2503e-5
-3.01799e-5
4.96837e-5
6.5013e-5
-1.89058e-5
-8.60043e-6
-1.9446e-5
3.8743e-5
2.18874e-5
-3.40666e-5
8.84904e-6
-1.59524e-5
-2.86329e-6
-2.86138e-6
-4.30357e-7
-0.00246337
0.00393359
-0.00160615
0.00333797
0.00314633
-0.00463503
0.00084692
7.19504e-6
-2.39969e-5
-1.4902e-5
3.54293e-5
0.00115153
-2.62495e-5
0.0102622
1.98095e-5
-0.0406322
-1.00326e-5
-0.166971
0.119228
-8.63923e-6
7.95829e-6
0.141824
-0.0774562
-0.0230868
9.5708e-6
-7.26916e-6
-0.117865
-0.124372
-2.43114e-6
0.342352
-0.186726
-1.37701e-6
4.2428e-6
-2.48842e-6
-0.054814
0.0927233
-8.83755e-7
5.89748e-7
0.016233
-0.0144822
-0.00100943
0.00101047
-0.0014449
1.10941e-6
-8.53628e-7
8.76256e-7
-5.61832e-7
-0.000519206
0.000136554
-5.46532e-5
-1.48927e-6
9.67306e-7
0.000144209
-5.51636e-5
-5.94964e-6
3.19488e-6
8.09892e-5
0.00091508
-0.000514245
7.90088e-6
-3.90612e-6
-0.00010984
0.000212286
2.17368e-6
0.000132916
1.03526e-5
-1.13868e-5
2.49416e-5
-0.000114162
-0.00012299
0.000208107
1.25966e-5
-9.37925e-6
0.000703257
-0.00128126
-0.000789565
0.00170384
5.4399e-6
4.96917e-5
-2.45669e-5
-0.00198528
0.000945031
-0.00110506
-5.46991e-6
-6.56107e-5
0.00124545
0.000467197
-0.00109349
-1.61571e-5
1.29169e-5
4.02362e-5
-7.64202e-6
0.000393889
-0.000806728
-0.000317621
0.000626047
9.81823e-5
-0.000307004
-0.000115952
-2.18645e-6
-5.28787e-5
-0.000584366
0.000171191
-0.000460768
3.37474e-6
0.000308665
-0.000977164
-0.00050431
-0.00246568
-0.00217692
0.00317654
-0.00077656
0.00217641
-0.00113339
0.000517007
0.00111594
-0.000758038
0.000614714
-0.000606796
0.00146351
-0.00185578
2.51135e-5
0.000341984
-0.000176678
-3.06408e-5
0.000168083
-0.000140261
-0.000135014
0.000361473
-0.000359149
-0.00185319
0.000678379
0.00130302
0.00112021
-0.000398813
0.000254403
-0.000195868
0.00055059
0.000459127
-0.000806151
-0.000120126
-0.000166259
0.000424723
-0.000261873
6.95131e-5
4.22056e-6
-7.32577e-5
0.000128703
-7.97643e-5
0.000100038
-0.000178507
-7.7063e-6
-1.24522e-5
7.17737e-5
-7.65501e-5
-5.22145e-5
4.11391e-5
-2.18271e-5
1.72251e-5
2.14465e-5
3.55121e-6
-1.18831e-6
-2.47459e-5
7.24686e-5
8.49658e-7
-6.11079e-7
-6.16745e-5
9.20283e-5
1.1033e-7
-1.21671e-7
-3.77201e-5
-5.59405e-5
5.94432e-9
1.84558e-8
5.99203e-8
3.04891e-9
-8.1124e-5
0.00013223
9.88779e-5
-0.000161915
1.02128e-8
4.15317e-7
-0.000126172
-5.77994e-5
0.000118399
-4.17978e-7
1.38231e-5
-2.64266e-5
5.02266e-5
-8.97406e-6
1.39208e-6
-8.78491e-6
-0.000998685
-0.000207674
0.00217236
-0.0067834
-0.00010014
1.39008e-5
-3.74539e-5
5.86683e-5
0.0117826
-7.1761e-5
-0.0118203
5.51222e-5
0.00384221
-3.54391e-5
0.015486
1.80589e-5
-0.041567
-8.30389e-6
0.0330705
3.95907e-6
0.186054
-0.0674146
7.86157e-6
-5.26907e-6
-0.127275
-0.105047
-2.32465e-6
0.07979
-0.044938
5.05768e-8
1.16823e-7
-2.26704e-7
0.00909592
-1.08693e-7
0.000294043
-9.61509e-9
1.51193e-7
3.15987e-5
-0.000293277
1.57976e-6
-7.13256e-7
-0.000267421
-0.00345477
0.00312927
-1.1511e-6
1.92098e-7
-0.00269111
0.000510402
-9.23701e-6
3.6554e-6
0.00013046
-0.000590022
-1.00273e-5
1.5676e-5
-0.000195807
0.000567122
-2.08596e-6
1.87652e-5
0.00252267
-0.0038901
-4.25938e-5
1.94159e-5
0.00403474
0.00201843
-0.00391233
2.63258e-5
1.59951e-5
-0.0001482
0.000118319
0.00355783
-0.00178371
0.00253246
-6.80143e-6
0.00015733
-0.00293373
0.0011865
-0.00147994
0.000112451
-0.000167123
0.0018237
-0.0024377
0.000810298
0.000909464
-0.00213426
-0.00119189
0.00211981
-0.000351976
0.000104778
-0.000103849
0.00198074
-0.00203999
0.00136827
-0.000837244
0.000543549
-0.000590274
0.000553949
-0.000683932
-0.000468464
0.000841707
-0.000829155
-0.000646858
0.000615495
-0.000414753
0.000218816
-0.000106972
0.000124098
-0.000188349
0.000306341
-0.000745813
-0.00104458
0.00109504
7.41896e-5
-0.000425838
0.000461355
-0.000377818
0.000692253
-0.000661768
-0.000738918
0.000549046
-3.28182e-5
9.04948e-5
-0.000460203
-6.42286e-5
0.000313122
-0.000221431
0.000178031
-0.000336723
0.000263156
0.000447109
-9.81986e-5
0.000189375
7.81106e-5
-0.000108006
7.56748e-5
-0.000186505
0.000118952
-3.21358e-5
1.82512e-7
-6.62683e-5
-7.93233e-6
2.8141e-5
-3.66149e-5
-7.65736e-5
0.000108326
-4.48231e-6
-8.23759e-5
-0.00012597
0.000151884
1.27457e-6
3.76923e-7
2.63817e-5
8.69647e-5
-3.01566e-7
1.19079e-7
-0.000165473
0.000196641
-3.90934e-8
2.1926e-9
-6.05849e-8
1.52486e-7
-2.41706e-7
0.000125742
-0.000177749
0.000134478
-0.00014159
-5.17631e-7
2.70516e-7
1.01676e-6
-6.13551e-6
-1.06823e-5
-8.06055e-5
9.24906e-5
-1.94808e-5
-2.26272e-5
2.97535e-6
1.59585e-5
-0.0003747
0.000107023
-0.000126127
0.00109308
-0.00432549
2.3011e-5
-4.13549e-5
6.71655e-5
0.0113395
-0.000100733
-0.0207763
0.000105011
0.0291215
-8.56807e-5
-0.0297239
5.39278e-5
0.0192724
-2.62407e-5
-0.0013033
9.72976e-6
-0.0171782
-2.80677e-6
0.0654391
1.67039e-6
0.0978185
-0.101067
4.14614e-6
-2.40184e-6
-0.00658637
0.0369125
-0.0498298
0.00382616
3.03748e-8
3.50626e-8
8.35541e-7
0.00310903
0.0121703
-1.57741e-8
-1.54456e-8
-0.000733856
-0.00718542
0.00125932
-0.00166463
0.00413102
2.74332e-7
-2.09076e-7
1.15909e-8
-3.60146e-8
0.0027607
-0.00698122
0.00722107
-0.00475692
-1.17412e-7
2.47001e-7
0.0060742
9.18174e-6
-1.19829e-6
-0.000339418
-1.6348e-5
0.00055035
-2.65407e-5
-6.07256e-5
5.93859e-5
-0.00508213
0.00954765
9.75615e-6
-0.000105175
9.09017e-5
-0.00712209
0.00608601
8.23843e-5
-7.08317e-5
-0.00523941
-0.00254479
0.00431493
-0.000164934
0.000213758
0.000234562
-0.000166181
-0.00360555
0.00432432
0.0023165
-0.00388766
0.000204186
-0.000358123
-0.000679383
0.000475218
-0.000409412
0.00347255
-0.00247023
0.00364738
0.00225277
-0.00367706
0.000249907
-0.000190811
1.73466e-5
0.000109568
3.7375e-5
0.00103108
0.00286908
-0.0030626
0.00252494
-0.00166481
0.000783917
-0.000185415
-9.6791e-5
0.000294837
-0.000603314
0.00067675
0.000892625
-0.00121682
-0.000787898
0.00062479
-0.000378338
0.000133645
3.09082e-5
-9.50956e-5
6.42378e-5
2.82619e-5
0.000237661
0.000160019
0.00130977
-0.000987789
0.000768501
0.000796656
-0.00163145
0.00150813
-0.00186228
-0.000784279
0.000423607
-0.000556374
0.000413732
-0.00030794
-0.000274505
0.000174991
-0.000104419
0.000222056
-0.000156243
4.618e-5
2.90688e-6
-6.03424e-5
4.40013e-5
-6.37433e-5
4.59091e-5
9.02724e-5
4.77127e-5
-5.22114e-5
7.22834e-5
-0.000100966
-2.7868e-5
5.04764e-5
-3.66682e-5
1.93772e-5
0.000117145
-0.000112408
-6.49279e-6
1.57753e-5
-1.11611e-5
4.9211e-6
1.72152e-6
-8.11413e-5
6.00172e-5
3.74072e-5
-0.000112066
-3.66541e-7
4.93205e-8
0.000163727
-0.000181635
-3.32636e-8
1.92918e-7
-5.40662e-7
0.000164362
-0.000128638
0.000105373
2.04419e-6
-5.06298e-6
3.33134e-5
-6.65509e-5
1.09114e-5
-1.10734e-5
2.5504e-5
0.000145299
-0.00100635
0.0044994
6.23279e-5
-9.04799e-5
-0.0131788
0.000117806
0.028195
-0.000124253
-0.0459922
0.000101224
0.0585697
-6.23982e-5
-0.0581836
2.71583e-5
0.0444672
-6.69458e-6
-0.023548
-5.13362e-7
0.000161567
1.08163e-6
-0.00887916
-8.45296e-7
0.00104762
-7.87885e-7
0.0608736
-0.04431
1.07632e-8
-4.46989e-8
5.63882e-8
0.0158639
0.00171794
-0.0137675
1.90114e-7
-3.06007e-8
8.27398e-9
0.0216273
-0.0237896
0.0223189
2.04335e-6
-7.04702e-7
-0.0227837
-0.00865532
0.0227045
-3.65671e-5
3.23154e-5
8.74814e-6
-4.98331e-6
0.00432206
-0.011371
-0.00290782
0.00376043
-0.00446681
0.0117908
9.31399e-5
-6.02647e-5
0.0210581
-0.0270873
-0.0145422
0.0180102
0.000123234
0.000166905
-0.000132206
-0.0100551
0.00951226
-0.00754978
-0.000176382
0.000162198
-0.000220675
0.00605608
-0.00497135
-0.000399978
0.000265575
0.0043789
-0.00468052
0.00512316
0.00172052
-0.00092663
0.000605723
-0.00605068
0.00718072
-0.00351804
0.00502201
-0.000587378
0.00416581
-0.00333513
-0.00336724
0.00287607
-0.0022482
0.00125447
-0.000214006
-0.000545013
0.000903815
-0.000982179
0.000916934
-0.0010243
0.00148205
-0.00231905
0.00178274
0.00105721
-0.000934919
0.000756492
-0.000571103
0.000301079
2.44263e-5
-0.000309555
0.000477698
-0.000538642
0.0006286
-0.000800533
-0.00140249
0.00181697
0.00149555
-0.00146243
0.00149173
-0.00180424
0.00113965
-0.00084169
-0.000940072
0.000691121
-0.000461055
0.000565529
-0.000397365
0.000284689
0.000319557
-0.00022133
0.000141871
-0.000199403
0.000131536
-7.36064e-5
1.87854e-5
-8.88495e-5
7.15462e-5
-4.53589e-5
3.07826e-5
-6.41613e-5
8.01476e-5
2.51763e-5
-1.50408e-5
-8.27448e-5
6.8321e-5
7.95769e-6
-3.80447e-6
-1.63163e-6
-2.77872e-5
-2.75364e-5
7.45138e-5
6.59416e-7
-1.50135e-7
-0.000112145
0.000124008
-1.33893e-7
1.49812e-7
-5.75015e-7
-0.000111477
8.70205e-5
-6.30549e-5
8.0843e-7
1.76438e-6
-1.47042e-5
3.28014e-5
5.93681e-6
-3.27792e-5
0.000181492
-9.32368e-5
0.000136954
-0.000979266
0.00131453
-5.25211e-5
8.83657e-5
-6.70983e-5
-0.00460309
0.000106801
0.012964
-0.000122098
-0.0299997
0.000118296
0.0544917
-9.0779e-5
-0.0782689
4.82299e-5
0.0899087
-1.11398e-5
-0.083616
-7.38572e-6
0.0652729
9.75137e-6
-0.0491993
-6.18851e-6
0.041804
2.74351e-6
0.0526953
-0.0744691
1.5053e-6
-1.7348e-6
-0.0538174
0.0534069
-0.0468405
0.0186907
2.61082e-9
3.79302e-8
1.06105e-7
-0.000712982
-0.0165612
0.0331651
-2.16322e-8
3.33609e-8
2.43524e-10
-0.0457103
0.050006
-0.0452412
-1.74071e-6
3.73707e-7
0.0381673
-0.0309386
-3.72169e-5
-1.63545e-5
5.70374e-6
0.0178829
-0.00408537
-0.00874896
-0.000166673
9.03063e-5
0.0216946
-0.0241016
-0.000327715
0.000244399
0.0151597
-0.0101293
0.00731918
0.000275603
-0.000202148
0.000276276
-0.00548776
0.00443279
0.000527241
-0.000385649
-0.00412354
0.00473679
-0.00562099
-0.00154273
0.00103121
-0.000724977
0.00824369
-0.00782993
-0.00624675
0.00958538
-0.0034223
0.00344657
0.00335073
-0.00336039
0.00210368
-0.00403485
0.00290081
-0.00197552
0.00121528
-0.000265896
-0.000737793
0.00149833
-0.00184511
0.00188841
-0.00196505
0.00206963
-0.0043599
-0.000616274
0.00187605
-0.00183617
0.000631952
-0.000542458
0.0003738
-0.000114242
-0.000225377
0.000558631
-0.000777475
0.000824468
-0.000806946
0.00104441
-0.00121244
0.00135419
-0.00108234
0.00224592
-0.00180536
0.000932316
0.000798785
-0.000609558
0.000436886
-0.00050279
0.000328425
-0.000215275
-0.000320449
0.000231926
-0.000155246
0.000139871
-8.73535e-5
9.06822e-5
-3.34794e-5
7.13111e-5
-8.29349e-5
3.83442e-5
-1.97239e-5
4.98167e-5
-5.71384e-5
-1.52139e-5
1.28014e-5
5.14868e-5
-3.58804e-5
-6.57485e-6
6.90309e-6
6.8615e-7
1.41282e-5
1.17885e-5
-3.42929e-5
-7.70954e-7
3.01365e-7
5.3639e-5
-6.21194e-5
5.07644e-7
-1.7134e-6
5.74587e-7
5.62049e-5
-4.03659e-5
2.27855e-5
-3.77501e-6
1.92257e-5
-2.98045e-6
9.22324e-7
-2.2694e-5
3.90178e-5
-3.6247e-5
0.00122773
-0.00136127
-7.39876e-5
6.54037e-5
0.00400523
-0.000116023
-0.0107975
0.000112055
0.0260892
-9.07982e-5
-0.0509077
5.48468e-5
0.0798536
-9.1211e-6
-0.10087
-2.57689e-5
0.103514
3.66885e-5
-0.0861925
-2.71284e-5
0.0628702
1.23861e-5
-0.0553487
-4.87985e-6
0.0521268
9.77768e-7
-0.0502961
0.0310526
-0.00509878
-2.85744e-8
1.04302e-7
-3.72279e-7
-0.0143564
0.0303494
-0.0506973
-1.13576e-7
4.88344e-9
1.36964e-9
0.0650122
-0.0677263
0.0595073
-1.33447e-7
2.2803e-7
-0.0405648
0.0318191
5.33145e-5
9.93458e-6
-1.37399e-6
-0.0163809
0.000395457
0.00597027
0.000308371
-0.000146619
-0.0191859
0.0330536
0.000712746
-0.00044993
-0.0178055
0.00852557
-0.00525554
-0.000343173
0.000182046
-0.000460629
0.00383312
-0.00323977
-0.000572503
0.00043805
0.00325443
-0.00477435
0.00847927
0.00140284
-0.00100899
0.000752344
-0.0102218
0.00806001
-0.00761823
-0.00310103
0.00245826
-0.00182422
0.0015934
-0.000506991
0.000367697
8.05913e-5
-0.000759454
0.00149986
-0.00210389
0.00238784
-0.00230125
0.00210675
-0.00248194
0.0028422
-0.000373654
-0.000917431
0.00113431
0.000439371
-0.000200894
-2.91354e-5
0.000321355
-0.000629523
0.000845319
-0.000907235
0.000739222
-0.000813546
-0.000687115
0.000749514
0.000616397
8.28441e-6
0.000566698
-0.00036684
-0.000541177
0.000502212
-0.000336404
0.000254597
-0.000219324
0.00012588
0.000248661
-0.000191192
0.000127678
-9.01744e-5
4.46475e-5
-6.78114e-5
1.48844e-5
-3.10771e-5
5.70629e-5
-3.21797e-5
1.80148e-5
-4.21047e-5
3.62658e-5
1.52302e-5
-6.34573e-6
-3.0438e-5
1.92237e-5
4.07837e-6
-7.04865e-6
-1.6084e-6
-8.8025e-6
-1.96541e-6
1.06264e-5
1.76017e-6
-1.59214e-6
-2.08183e-5
2.42331e-5
7.81252e-8
3.79134e-6
3.61269e-6
-2.52974e-5
1.56929e-5
-7.13035e-6
-8.79809e-6
3.44115e-5
-0.000155047
1.62609e-7
-3.22579e-6
-0.000562695
2.20204e-5
-0.00100719
0.00498511
-0.00496201
0.00021107
-0.000266207
0.00802539
-0.000105891
-0.0191221
5.1405e-5
0.0385704
-6.09679e-6
-0.0644162
-4.48537e-5
0.0877509
7.64307e-5
-0.0964787
-7.68697e-5
0.0870979
5.43983e-5
-0.0579078
-2.56604e-5
0.0458018
9.32089e-6
-0.0338286
0.0276518
-0.0154713
-0.00975038
-1.96182e-8
1.24042e-8
6.1475e-7
0.0270327
-0.0324868
0.0530536
3.42445e-8
-2.09239e-8
1.07407e-8
-0.0634844
0.0572857
-0.0363993
8.74945e-7
-2.31463e-7
0.00841048
-0.0101069
-4.44079e-5
6.37613e-6
-2.90445e-6
-0.0105739
0.00606041
-0.0178322
-0.000492873
0.000190943
0.0203356
-0.0279945
-0.00131105
0.000834809
0.00655497
-0.00300773
0.00300701
0.000406525
-0.000686304
0.00125652
-0.00224097
0.00217852
0.000508071
-0.00041677
-0.00171805
0.00190357
-0.00265533
-0.00120028
0.000809288
-0.000618443
-5.59799e-5
0.0011973
-0.00140765
0.0012712
0.00194024
-0.00130534
0.000753495
-0.0010052
0.00127873
-0.00151835
0.00182191
-0.00203186
0.00207544
-0.00168928
0.00180875
-0.00168418
0.00156262
-0.000231556
0.00033815
0.000337195
-0.000775748
0.000265007
-0.000151505
4.88299e-5
8.5175e-5
-0.000283546
0.000493074
-0.000675872
0.000610119
-0.000560253
0.000517599
-0.000510356
-0.000475565
0.000344012
0.000158785
-0.000235186
0.000126589
-0.000359622
-0.000188754
0.000279301
-0.000312246
0.000186388
-9.35774e-5
0.000114715
-8.80278e-5
-0.000122495
0.000125152
-8.6497e-5
8.60144e-5
-8.3464e-5
4.73569e-5
-1.75117e-5
-6.82597e-6
6.49246e-5
1.20844e-5
5.21216e-6
9.75011e-6
-6.16101e-6
-3.87124e-6
8.59037e-6
4.03378e-6
-1.63603e-6
5.23368e-6
8.04312e-7
-4.62743e-6
4.69763e-6
-1.20764e-5
9.05808e-6
-5.44859e-6
6.39577e-6
1.31074e-5
-1.19233e-5
-4.99812e-6
-6.60385e-6
-1.0979e-5
1.10123e-5
-3.58218e-6
-2.87318e-6
-3.16015e-6
-4.09557e-5
7.97335e-5
8.98874e-6
-4.53798e-5
-0.000414299
0.000803461
-6.82862e-5
9.3973e-5
7.13411e-5
-5.74617e-5
0.000421238
-0.00644646
0.00713853
0.000196864
-8.72038e-5
-0.00560707
4.14488e-5
0.0129574
4.04825e-6
-0.0242662
-4.2193e-5
0.0419361
0.0001038
-0.0587599
-0.00012663
0.0700319
0.000117667
-0.0561476
-6.65879e-5
0.0399419
2.89267e-5
-0.0293853
-7.09133e-6
0.0232978
-0.0106889
0.0168868
-0.00765324
-3.47612e-7
-3.18821e-7
1.39531e-7
-3.59539e-7
1.59024e-6
0.01435
-3.14771e-8
-0.0239507
0.0287226
-0.0355789
6.45017e-8
-1.42375e-8
1.05035e-8
0.0422266
-0.0280955
-0.000399226
3.00758e-7
-1.60164e-7
0.0296075
-0.0418912
0.0135147
-1.14894e-6
2.04593e-7
0.0386914
-0.0377027
0.0164905
-1.77088e-5
0.0201405
-0.0146566
0.0101968
-4.60473e-6
-0.00935256
0.00776713
-0.00475716
-0.000248537
0.00020727
2.11637e-5
-8.93128e-5
0.0023926
-0.00145935
-0.000353197
0.00029587
0.000674355
-0.000504491
0.000782445
0.000764838
-0.000476576
0.000330725
0.0010543
0.000767048
-0.00176214
-4.69395e-5
-0.00101584
-0.00215433
0.00108027
0.00113518
-0.000787691
0.000460285
-0.000680336
0.00185005
-0.00117306
0.00167788
-0.00126207
0.000682495
-0.000590502
0.000765507
-0.000880995
0.000898088
-0.00101981
0.00025671
0.000188748
-0.000403971
-3.13602e-5
-5.57973e-5
0.000182228
-0.000277184
0.000357811
-0.000333091
0.00025805
0.000172063
-0.000106549
-0.000101296
2.58794e-5
0.000190719
-0.00011213
6.25859e-5
0.000118704
-7.32553e-5
-6.80782e-5
-3.49699e-6
-2.58916e-5
-7.07491e-5
5.04781e-5
4.84756e-5
8.11201e-6
1.44638e-5
-2.82419e-5
1.32667e-5
-2.07701e-5
-3.31037e-5
2.02933e-5
-6.33898e-6
-1.10463e-5
4.43511e-6
-8.9332e-6
6.17925e-6
1.65299e-6
-2.70787e-6
-5.13395e-6
1.73484e-6
-2.73822e-6
1.12027e-6
3.18884e-6
-2.06824e-6
-4.7135e-6
1.52101e-6
3.33265e-6
-6.49088e-6
-2.52741e-6
7.57291e-7
9.10775e-6
-1.56908e-5
1.4946e-6
3.04427e-5
-6.97614e-7
-6.77481e-5
0.000129881
-1.76835e-7
7.48983e-7
6.46194e-6
0.00021732
-0.00042264
0.00105935
-0.000112224
5.89892e-5
0.00297092
-9.8512e-5
0.00208855
-0.00826055
0.0063315
-3.93792e-5
0.000135496
-0.0118023
-5.32646e-5
0.0130982
7.44412e-5
-0.0229006
-0.000178099
0.0300148
0.000180316
-0.0348441
-0.000134662
0.0278106
9.30295e-5
-0.0176696
-3.54409e-5
0.00507652
-0.00778547
0.00153892
0.00660983
-8.4265e-8
2.88182e-7
-1.51873e-6
-0.00902213
0.0109415
-0.0103213
0.0032482
-0.0133965
-3.59749e-9
-1.61727e-9
-0.000819242
0.027811
-5.32581e-8
3.06802e-8
-0.0584307
0.0514837
6.60481e-7
-7.56584e-9
-0.0489686
0.033536
7.23319e-6
-4.48651e-7
-7.32386e-7
-6.82005e-7
-0.0193931
0.0112095
5.08109e-6
-4.35511e-6
-4.77117e-7
1.11005e-6
-0.00603598
0.00619531
0.00602392
8.92683e-6
9.18488e-6
-7.32673e-6
-0.00214597
0.000133305
0.000137164
-8.64063e-5
-4.61736e-5
-0.000170806
0.000129707
-0.000408372
0.000180364
-0.000147113
0.000200218
-0.00256811
0.00523135
0.00280582
0.000233642
-0.000152857
0.000186189
-0.000295725
-0.00522704
0.00218903
-0.00316528
0.000925778
0.000994075
-0.00123226
0.000787463
-0.000665583
5.99028e-5
0.000319581
-0.000422589
0.000179473
-0.000421941
0.00016168
2.95293e-5
-6.11401e-5
2.84477e-5
-8.30432e-5
0.000121808
-0.00020041
0.000161923
-4.71217e-7
7.14812e-6
3.1249e-5
-6.72466e-6
-4.66885e-6
3.88045e-6
-9.77021e-5
6.33886e-5
-1.54177e-5
0.000274562
1.84553e-5
-2.5835e-5
3.47809e-5
2.64714e-5
-2.16777e-5
2.22355e-5
-4.09179e-6
9.63232e-7
3.71936e-6
-7.31654e-6
2.45844e-5
-3.12952e-5
-2.98149e-5
1.73718e-5
-3.03507e-6
5.87162e-6
1.6095e-5
-8.24171e-6
-7.83336e-6
2.99808e-6
-4.27193e-6
4.91509e-6
-2.43171e-6
2.44335e-6
-2.33042e-6
1.08099e-6
-5.56773e-7
1.17798e-6
-8.67951e-7
4.03679e-7
-2.16638e-7
-1.15314e-6
4.82707e-6
1.83981e-7
-9.68985e-6
2.3358e-5
-3.47922e-7
-1.04701e-7
6.69131e-6
-2.23687e-5
7.19472e-7
-2.52634e-7
1.6174e-7
8.92825e-5
-0.000154627
0.00013409
-0.000187347
2.05894e-7
-1.64551e-6
-1.0128e-6
-6.61486e-6
9.90152e-6
-0.000174914
0.000556797
-0.000792405
-3.44671e-5
6.56493e-5
0.00197304
-0.00360104
0.000223352
-0.000173512
-8.0368e-5
0.00254275
-8.12572e-5
0.000916059
-0.00771005
0.0108813
7.03032e-5
-2.7451e-5
-0.00594956
-0.00012585
0.00941146
0.000260117
-0.0120114
-0.000304757
0.0175993
0.000202916
-0.0130362
-0.000116184
-0.000999918
0.000756838
-0.000405902
-0.000477384
0.00206554
-1.91619e-7
-1.17705e-6
-1.48684e-6
2.54258e-6
2.12608e-5
-0.00452987
3.88361e-7
0.00473166
-0.00224367
0.00488979
0.00161028
2.70068e-8
-6.88704e-8
-4.17484e-9
3.57144e-9
-6.6671e-8
0.00311152
-0.0166941
0.0130626
0.0316879
-0.0323139
-2.69054e-9
-1.44505e-9
6.74174e-9
-2.04161e-9
0.0435532
-0.0363369
-1.06791e-7
2.54033e-8
0.0232298
-0.0159725
-1.83522e-7
3.04557e-7
0.00526163
-0.00322049
-1.24951e-6
3.84049e-7
8.39604e-5
-0.000439964
-1.82826e-5
6.18167e-6
0.000429677
4.93926e-5
-7.73968e-5
1.75682e-5
2.83326e-5
-0.000111093
-3.09292e-5
0.00010446
9.51352e-5
-6.04592e-5
3.5759e-5
-7.45101e-5
4.00753e-5
5.35733e-5
-0.000459062
0.00044384
0.00153588
-6.84672e-5
-8.81966e-5
5.90588e-5
-7.11803e-5
-0.00316683
-0.00958986
0.00831611
0.00355832
0.00353437
-5.94676e-5
-7.0045e-5
1.86587e-5
4.16727e-5
-0.00361214
0.00414004
0.00096201
-0.00330546
0.00421549
-0.00286044
0.00165712
0.000812595
-0.000478534
6.97413e-5
-0.000296657
-3.74455e-6
-1.80753e-5
6.42126e-5
-3.63394e-5
-4.73732e-5
0.000100279
-4.80733e-5
-6.30863e-5
1.92943e-6
-3.68381e-6
-6.93731e-7
-9.45622e-5
9.82031e-5
0.000138126
3.59655e-6
-7.71777e-6
-9.71569e-6
4.51194e-6
4.89696e-6
4.69442e-7
2.99703e-6
8.5918e-6
-2.82196e-6
-5.52414e-6
-1.79117e-6
8.16833e-7
-7.74954e-7
8.55253e-7
2.66673e-6
4.0142e-6
-1.23375e-6
-2.49378e-7
-7.85808e-7
-2.85584e-6
6.97883e-7
1.28061e-8
-3.18112e-7
-2.87567e-7
-2.36353e-8
3.2631e-7
-3.64533e-7
2.23173e-7
-7.31014e-9
-1.30644e-7
2.02856e-7
4.72264e-7
-2.60485e-6
2.12073e-8
2.03808e-8
-2.33954e-7
4.68019e-7
8.6611e-9
-2.09589e-9
-2.44941e-9
5.69681e-7
-5.55012e-6
-2.31197e-8
1.93634e-5
8.74772e-8
-2.25794e-5
2.27831e-5
-1.36817e-6
-0.000111068
-2.03672e-6
-0.000104478
0.000649151
-0.000526176
6.50362e-5
-6.72309e-5
0.000312944
-0.00255869
0.00018865
-0.000103019
-3.48501e-5
0.00327268
-0.00177759
2.77436e-5
-0.000281655
0.00480948
-0.00718084
-0.000638099
0.000519309
0.00479467
0.000405723
0.00408535
-0.0085148
0.00529336
0.000207701
4.10388e-5
0.000441145
-8.92327e-6
-4.22101e-5
-9.31996e-6
3.27889e-5
0.000135458
-0.000929123
3.67458e-6
0.000426183
-0.000994489
-0.000326739
0.00378961
-0.00449853
1.22754e-8
7.53869e-8
0.0135769
-0.0242538
-1.47195e-11
3.301e-9
0.0322106
-0.0365684
-0.0217796
0.0225582
2.13543e-8
-1.27479e-8
-1.40727e-8
6.95314e-9
0.0178756
-0.017137
0.0113267
-5.66824e-8
0.00794092
-0.00569027
0.00446942
-1.70967e-8
0.000791589
-0.000331905
0.000667346
-6.6334e-7
-0.000188489
9.66296e-5
-1.98184e-5
-2.14731e-5
-3.84979e-6
-2.10266e-5
-1.26168e-5
5.05315e-6
2.42399e-6
3.81451e-6
-1.62404e-6
2.1376e-5
6.68975e-5
0.000111073
-1.0511e-5
1.33431e-5
-2.89581e-5
0.0032665
-0.00316716
-0.00977198
0.00522578
0.00320754
0.000511283
0.000213035
-0.000687928
0.000275989
-0.000116335
-2.50315e-5
3.10514e-5
-0.00155932
-0.00773869
0.00958154
-0.0061706
-0.00363829
0.00355333
-0.00234357
-2.07727e-5
-4.82502e-6
1.60931e-5
-2.10855e-5
1.92105e-5
2.73432e-5
-2.57993e-6
1.02558e-5
1.45757e-5
-2.27979e-5
2.12106e-6
-2.36372e-5
-4.94042e-5
3.60518e-5
1.04688e-5
-8.13055e-6
-4.8456e-6
-1.23692e-6
-3.19076e-7
3.35802e-8
-1.94028e-7
-1.20029e-6
-1.77796e-7
-7.74273e-7
1.5115e-7
-5.10156e-7
7.15503e-6
6.28077e-7
-3.92978e-8
1.51319e-6
-3.09317e-7
-8.50723e-8
1.56143e-7
-6.17429e-7
7.44218e-8
2.22509e-7
2.61231e-7
1.2481e-7
-1.06078e-7
-8.14629e-9
6.53264e-7
-2.16343e-7
2.75193e-8
5.47306e-8
-1.47586e-7
7.45923e-8
5.91515e-8
6.94791e-9
-7.36377e-8
1.75303e-7
-8.44378e-9
-4.64057e-9
-3.17986e-9
4.06606e-9
-1.75043e-8
-5.69162e-8
-2.78942e-9
-1.73656e-10
-3.72414e-9
9.81669e-10
8.56217e-8
-2.40586e-7
-8.29629e-10
-2.17975e-7
3.49272e-6
1.49496e-8
-6.86237e-8
-4.30785e-7
6.87275e-7
3.64726e-7
-5.04866e-8
2.15368e-6
1.72485e-5
1.96855e-7
-1.21998e-6
-8.10654e-6
3.94418e-5
1.59108e-5
-4.86055e-6
-0.000188573
1.56412e-5
7.10637e-5
0.000147518
-0.000153728
4.69194e-5
-2.83709e-5
0.000416969
-0.00158184
-4.59948e-6
-3.75228e-6
0.000257318
0.00134176
4.89313e-6
3.06668e-5
1.33199e-7
-9.73271e-5
-0.00205534
0.00215153
-0.000544158
-0.00250334
-0.000892134
0.000241407
0.000380891
-0.00121872
0.000150587
0.000220134
-0.000212935
-0.000106557
8.63258e-5
-0.000221686
-0.000471958
0.000292931
-3.42493e-5
-0.00031838
1.64544e-5
-2.44325e-5
6.25779e-5
-0.000400855
0.000523604
0.00112282
-0.00224683
-4.44814e-8
3.14656e-8
8.57477e-8
-2.30017e-6
0.00456071
-0.00853965
-0.0066723
0.0139493
-4.95869e-9
-7.77438e-9
1.78416e-8
1.05168e-8
-0.017288
0.00889951
2.95788e-9
-4.4562e-9
-0.00621563
0.00529549
2.28623e-8
1.00838e-8
2.82566e-9
-7.18253e-9
-0.00157451
0.00138898
8.38045e-8
-2.77124e-8
-1.69703e-8
6.87632e-10
0.000569827
9.06739e-6
3.29656e-7
1.30428e-8
7.25174e-8
-2.55084e-8
8.4399e-5
-5.14863e-5
-3.90554e-5
-1.69239e-6
-1.51077e-6
6.01242e-7
9.59923e-6
-3.58932e-7
2.15149e-6
4.15928e-6
-1.9403e-5
-1.08523e-5
-5.92037e-6
-1.87837e-6
-1.63371e-6
3.71758e-6
5.56867e-5
0.000241193
-0.000760091
-0.000771851
-1.03065e-5
3.55618e-5
2.8915e-5
-1.2514e-5
0.00155462
-0.00260876
-0.00216944
0.00120113
3.6055e-5
0.0010511
0.00123696
0.00875368
-0.00264959
0.0038319
-0.00166295
0.00194998
0.000813979
-0.000461366
-0.000188307
0.000103258
-0.00846122
0.00766144
4.98709e-7
-8.86832e-7
-9.88786e-6
7.61836e-6
5.85607e-7
1.08768e-5
-1.56484e-5
1.68348e-6
-2.49375e-6
4.66106e-7
-4.17602e-7
3.64488e-6
-1.14717e-6
8.47459e-7
1.13991e-6
-1.49313e-7
-9.28042e-8
6.95636e-8
1.11815e-8
-1.22934e-6
2.002e-7
-1.01615e-6
2.38537e-6
3.08808e-8
-2.03139e-8
2.73743e-8
-6.63012e-9
-3.19839e-8
2.45475e-9
-4.31491e-8
3.06447e-7
1.17725e-8
-6.42601e-9
4.47399e-9
-1.33217e-8
3.90637e-9
1.05172e-8
-3.62356e-8
9.35934e-9
-5.50447e-9
1.87442e-9
-7.3188e-9
1.9176e-8
-2.69296e-9
1.50816e-8
-3.04668e-8
5.71718e-10
1.16588e-8
-5.95432e-9
4.54999e-9
-1.19598e-9
7.65552e-9
-1.6677e-8
-3.20971e-8
1.92854e-7
7.13959e-10
-4.07511e-9
1.4424e-8
-4.8108e-8
1.28045e-8
-2.47957e-9
5.59259e-8
5.26828e-7
1.65123e-8
-1.19027e-7
-3.06139e-7
1.55633e-6
8.30597e-7
-2.01842e-7
-4.40854e-6
5.92079e-6
7.18151e-7
-8.70131e-7
-2.37997e-8
2.55195e-6
-3.28746e-6
-1.1179e-6
-5.32636e-5
-7.26616e-6
9.06123e-6
-5.55393e-5
-5.51081e-5
-8.75301e-5
0.00017937
-6.42747e-5
-2.19512e-5
1.752e-5
0.000692635
-0.000569862
3.83365e-5
3.56599e-5
0.000523858
-0.000555569
0.000369525
-0.000325557
0.000901801
0.000400827
-0.000326664
9.40426e-5
0.000237233
-6.63663e-5
-0.000135744
6.02181e-5
-0.000201676
0.000113935
-9.83367e-5
0.000196487
0.000187257
-0.000482567
6.10002e-7
5.10769e-6
-2.49854e-6
-1.99664e-5
0.000827613
-0.0020739
-0.0010752
0.00284272
-4.53564e-8
-6.56602e-10
8.89923e-8
-4.75868e-8
-0.00269313
0.00654215
0.0017338
-0.00161993
2.40654e-9
1.15403e-8
-1.47374e-8
-3.96393e-8
-0.00361486
0.00339142
-0.00237853
1.91591e-9
-0.00240743
0.00193312
-0.00162547
6.14187e-10
-0.000502317
0.000384302
-0.000572261
1.03478e-8
7.30874e-5
-3.36513e-5
-5.46087e-6
-7.44045e-8
4.11649e-6
-5.06138e-7
-3.13496e-6
-6.56261e-7
-4.521e-7
1.10224e-6
4.31592e-7
1.38334e-7
5.79261e-6
1.16429e-5
-4.04511e-5
-4.19445e-5
1.24368e-5
-3.92174e-5
-1.41626e-5
3.94266e-6
5.91886e-5
6.62183e-5
0.000114537
-0.000467525
-0.000102246
0.000226934
0.000177221
-7.35691e-5
0.000446514
0.000945568
-0.0031126
-0.0115239
0.00965999
-0.00628511
0.00925262
0.00557499
-0.00671785
-0.00415325
0.00247217
0.00125689
-0.00101448
0.000579207
5.4282e-6
-1.07274e-6
-6.49279e-6
1.59093e-7
2.26823e-7
-4.12657e-7
2.45802e-7
-1.03996e-6
5.78958e-8
-8.91155e-8
-1.75328e-7
6.97625e-8
3.4178e-8
-5.39037e-8
9.65446e-8
-1.08966e-6
2.63914e-6
-2.18256e-6
4.40543e-9
1.02488e-9
-6.67433e-9
-5.3899e-10
3.11167e-9
-6.52483e-8
1.39488e-8
-5.18056e-8
1.06948e-7
2.89187e-9
-1.0413e-9
2.88646e-9
-1.59667e-10
-1.08832e-9
-3.69833e-9
1.60975e-8
4.46482e-10
-6.88234e-10
2.59623e-8
-6.37596e-9
1.45913e-9
-4.53384e-10
-1.02898e-8
2.69985e-9
-6.31907e-9
2.44176e-9
1.37764e-9
-7.95811e-9
1.29255e-9
-3.34563e-10
-1.70552e-10
-2.84355e-10
-5.03716e-10
1.59254e-9
4.05871e-10
5.9748e-11
3.24392e-10
-2.40934e-10
-2.32738e-9
6.38933e-9
-8.29339e-10
1.42914e-10
1.00916e-9
-9.38389e-9
5.30978e-8
8.83273e-10
-6.98852e-9
-8.40416e-9
4.24878e-8
4.08767e-8
-8.58042e-9
-1.41708e-7
1.91359e-7
3.09195e-8
-7.93008e-8
1.4655e-8
3.24447e-8
1.32833e-7
-4.64112e-8
-7.67141e-7
3.14836e-6
2.89575e-7
-9.90213e-7
-2.78943e-7
1.91976e-6
-1.0989e-5
2.54693e-5
-1.18413e-5
-8.87229e-7
-7.9831e-6
1.33821e-6
1.64433e-5
2.59042e-5
1.79399e-5
3.52303e-5
1.82775e-5
-2.26421e-5
9.2016e-5
-1.54303e-6
-6.58731e-6
-4.94902e-6
-2.55243e-6
-1.2565e-5
3.31739e-5
-1.49773e-5
-6.13456e-5
4.07811e-5
1.15457e-5
-1.05651e-5
3.26279e-5
0.000155366
1.96545e-5
-6.4516e-5
9.40151e-5
-0.000294847
-0.000109709
0.000362876
-1.21452e-7
-6.15318e-8
1.12761e-7
6.06988e-7
-0.000356403
0.00102824
0.000396635
-0.000933036
5.824e-8
1.16394e-7
-1.88274e-7
-2.88171e-7
0.00159623
-0.0011916
-4.23473e-10
-2.8486e-9
3.32601e-9
1.29695e-8
0.000763601
-0.000589834
-3.10613e-9
-1.47482e-9
-1.47904e-10
5.40558e-9
-3.9146e-5
-4.6744e-5
-1.02279e-8
4.54661e-9
1.3767e-9
-1.46805e-8
-9.66362e-5
1.86305e-5
-7.86507e-8
6.69049e-8
1.79467e-7
-1.11392e-7
4.64595e-6
-2.04071e-6
9.27155e-8
-7.8915e-7
5.6919e-7
4.12141e-7
-2.3979e-6
-2.4441e-6
-3.60251e-6
1.23886e-5
4.96803e-6
-1.57707e-6
6.43763e-6
3.3562e-6
-1.09442e-5
-1.99187e-5
0.000106385
-0.000255548
-0.000127006
4.52805e-5
5.74528e-5
-4.34321e-5
0.000171772
4.35423e-5
-0.00047221
-0.000591347
0.000487938
-0.00109974
0.000688485
-0.00055941
0.000631007
-0.000377401
0.00213561
-0.0052374
0.00483912
-0.00448085
0.00406653
-0.00280054
-3.01879e-7
9.65881e-8
-3.74164e-8
2.35198e-7
1.04677e-7
-3.60547e-9
-5.27736e-10
-3.86073e-8
1.81711e-7
-7.10903e-8
8.1625e-7
-2.47951e-8
8.10048e-8
3.01327e-9
-4.87072e-8
-5.69251e-8
-7.39629e-9
1.73588e-9
-2.16638e-8
6.90795e-9
6.06561e-9
-5.12686e-10
2.01202e-9
-1.45965e-8
7.58064e-9
-3.80456e-8
-9.58224e-8
-1.3339e-10
-1.77597e-10
-2.97408e-10
2.53673e-10
-4.34789e-9
1.40522e-9
-3.39967e-9
4.85561e-9
2.56779e-10
-4.17115e-11
1.18462e-9
-1.86139e-10
-6.07747e-10
1.23822e-9
-7.45558e-11
-5.65927e-11
5.37205e-10
-1.24142e-9
2.70206e-9
-5.52761e-10
-8.98456e-10
3.57912e-10
4.31521e-10
5.55235e-11
-1.21002e-9
1.22323e-9
-1.41447e-9
1.90459e-9
1.63094e-10
-4.94998e-10
-2.6754e-10
-1.6064e-9
2.04908e-9
-3.75501e-10
-6.01588e-9
2.95213e-9
1.17501e-9
-3.36397e-9
9.07772e-9
-3.37816e-9
9.78936e-9
-2.43921e-9
-2.43139e-8
1.26786e-7
1.31718e-8
-3.0503e-8
-1.83455e-8
8.18995e-8
1.9243e-7
-2.28168e-7
-8.40756e-7
1.96915e-6
-2.06798e-6
-6.24171e-6
-2.73292e-5
2.37909e-7
6.69518e-7
3.16416e-6
-8.7606e-6
-0.000117834
8.14615e-5
-6.62616e-5
3.24682e-5
-1.15255e-6
6.58236e-6
-0.000165219
0.000100689
0.000302344
3.67129e-6
-2.06455e-5
0.000192227
-0.000120509
-0.000284103
5.27033e-6
-1.0334e-5
-0.000193013
0.000123377
0.000267026
2.33072e-7
3.30777e-6
0.000158453
-9.78152e-5
-0.000237863
-1.22026e-6
1.91611e-6
-8.85238e-5
4.76945e-5
-6.34283e-7
1.52399e-6
-1.78148e-6
6.49222e-6
-2.63487e-5
-6.88374e-6
2.95966e-5
3.77984e-8
-2.30584e-6
-4.58204e-7
8.90598e-6
-3.37018e-5
0.000113728
4.92196e-5
-0.000153135
5.25472e-7
5.95257e-7
-1.26996e-6
-1.00037e-6
0.000237091
-0.000591976
-0.000163343
0.000181078
-6.05281e-9
-5.68847e-8
4.86858e-8
1.91793e-7
0.000404234
-0.000441043
0.000273336
-1.67343e-8
0.000209436
-0.000226374
0.00022616
5.81895e-9
-2.17122e-5
-1.81642e-5
3.16374e-5
6.45778e-8
-7.9586e-6
3.12615e-7
1.5216e-6
-3.41557e-7
2.28403e-6
-8.8709e-6
3.59494e-7
2.08344e-7
5.88168e-7
2.62086e-7
-1.22552e-6
-5.43945e-7
-3.90553e-5
0.000109493
3.22739e-5
-1.31869e-5
4.52516e-6
-1.45865e-6
-2.90193e-6
4.36871e-5
0.000528314
-0.000957388
-0.000685648
0.000313599
-0.000128521
0.000560345
-0.00079797
0.00133259
-0.00156221
-0.00158151
0.00286566
0.00146955
-0.00309641
-0.001276
0.00296618
0.00104614
-0.00251025
-0.000587347
0.00165233
-0.000974471
0.00138368
-0.00129317
-3.41366e-7
2.61618e-8
1.05448e-7
-6.62584e-9
-2.7719e-8
3.09385e-9
9.06514e-9
2.0794e-8
8.7858e-9
-1.87084e-9
3.0606e-9
-2.4542e-9
-2.9291e-9
-2.46634e-8
1.0381e-8
7.51015e-8
2.1077e-8
-1.3601e-8
8.63867e-10
-3.26377e-10
-3.72033e-11
-1.22051e-11
3.36176e-11
-1.34602e-9
7.48274e-10
-1.45205e-9
2.66424e-9
-3.38794e-11
5.88795e-12
-1.31334e-11
1.73416e-11
-5.40771e-10
-2.56587e-10
3.2646e-10
5.80404e-11
-1.69702e-11
-2.57891e-10
1.60114e-10
-3.57036e-10
6.59963e-10
2.02618e-10
-2.07514e-11
1.08668e-10
-3.29148e-10
2.70482e-10
5.43097e-10
-3.11883e-11
-4.77407e-12
-4.55454e-12
-9.31782e-10
6.79367e-10
5.01878e-10
-7.468e-11
6.80901e-12
1.0634e-10
-2.94031e-9
1.94581e-9
-1.26196e-9
1.34197e-8
5.27466e-11
5.51923e-12
-1.62853e-8
-4.48555e-8
2.7143e-10
-4.37457e-10
-1.98386e-8
2.35218e-8
1.28594e-9
-2.53187e-9
-2.21498e-8
-3.78419e-8
-1.30514e-8
2.13529e-8
-1.0961e-8
-1.98281e-8
1.71554e-7
1.97919e-7
1.63092e-6
-3.54648e-7
6.36848e-6
-1.27263e-6
7.59309e-8
5.06971e-8
-1.0276e-6
2.2605e-6
-1.49186e-7
-7.07838e-7
-2.14389e-5
-4.96508e-8
-4.67096e-7
-1.77469e-6
-6.68968e-7
4.73278e-7
6.14913e-8
6.8159e-7
-4.8508e-7
1.06927e-6
-3.12023e-6
-5.81043e-6
1.41837e-5
-1.24187e-5
1.2207e-6
1.39145e-5
-2.26958e-5
1.18498e-6
-3.30209e-6
1.06307e-5
2.47727e-6
-1.3926e-5
2.67578e-6
1.19027e-6
-4.54999e-6
-2.78658e-7
2.11852e-5
-6.29199e-5
-1.37326e-5
5.1634e-7
-1.37273e-7
-5.71907e-7
3.43762e-7
1.51682e-6
6.5738e-5
-7.93766e-5
6.64918e-6
5.7661e-8
-1.36278e-8
-6.89058e-8
0.000174106
-0.000170678
0.000126248
2.24552e-7
-3.42301e-7
2.10311e-7
7.04735e-5
-8.23916e-5
8.68529e-5
4.44416e-7
-1.01186e-6
8.08111e-7
-1.06251e-5
-4.56589e-6
4.34918e-6
-1.25872e-6
-2.2886e-6
2.32033e-6
-5.63191e-7
1.44741e-6
-1.57402e-7
-2.88058e-7
2.22284e-5
-6.23241e-5
-5.69692e-6
5.44815e-6
1.11696e-7
5.65068e-6
-4.06435e-6
1.39283e-5
-0.000279832
0.000767049
5.10435e-5
-6.08544e-5
-1.83618e-5
-1.17584e-5
7.97987e-6
-1.74901e-5
1.84171e-5
0.000728009
-0.00151488
0.0010321
0.00172036
-0.001697
0.00148395
0.00124137
-0.000619719
0.000322063
0.000297659
-0.000627371
0.000301938
0.000309918
1.09314e-8
-3.40535e-10
-2.11227e-9
-5.98023e-9
-5.07315e-9
-9.33531e-10
1.42172e-9
-2.03549e-8
-3.86085e-8
1.59638e-9
-3.16795e-9
1.4091e-8
-2.24717e-9
8.14232e-10
1.55899e-9
2.13465e-9
9.98203e-10
-4.58215e-10
2.18487e-10
-1.65074e-10
1.08321e-10
2.71403e-11
-2.75658e-9
8.99396e-10
4.52548e-9
-6.56173e-10
3.22578e-9
2.06618e-11
-1.57171e-12
-1.5248e-11
1.86768e-12
-2.51024e-10
-1.72407e-10
2.90012e-11
-4.40426e-10
-1.59242e-10
-1.05925e-12
-6.07765e-13
6.59229e-12
2.82465e-11
-1.07687e-10
2.10658e-10
2.18177e-11
-1.04051e-11
-4.65753e-11
-8.97878e-11
6.45082e-11
2.94565e-10
2.23267e-11
1.32071e-11
-1.47089e-11
-4.02977e-10
3.62447e-10
1.24679e-9
5.22504e-11
1.22493e-11
4.08446e-11
-2.76985e-9
3.34011e-10
7.91734e-9
-1.28359e-11
-2.96361e-10
-2.22133e-10
-1.95219e-8
-9.46123e-8
8.25658e-8
-7.75213e-8
5.96295e-8
8.01013e-10
1.96115e-9
-4.90289e-9
-4.55441e-8
-1.59766e-7
1.12901e-7
-9.85893e-8
3.44394e-8
3.78896e-9
-1.38758e-7
2.99178e-10
-4.99992e-7
1.34212e-7
-2.77381e-8
-1.046e-8
-1.7504e-7
-2.49379e-7
-2.64764e-8
-3.12091e-8
1.45973e-7
1.06974e-6
1.68615e-5
-4.60153e-8
1.16358e-7
3.22982e-5
-1.57692e-5
-1.04555e-8
4.05365e-8
-2.093e-6
-4.73489e-5
-8.76839e-8
4.45309e-7
2.1481e-5
5.13473e-5
-1.57864e-7
3.99643e-7
-3.37788e-5
-4.78934e-5
-5.19892e-8
-3.07162e-9
2.85199e-5
3.78164e-5
3.46109e-8
-1.35382e-7
-2.21732e-5
1.03978e-7
2.56317e-7
-5.13824e-7
1.0726e-7
-3.65037e-7
1.08127e-6
-3.58531e-6
1.22774e-5
-3.3207e-6
5.44617e-6
-2.61563e-6
-2.95977e-5
2.50872e-7
-8.08909e-7
-3.2498e-7
1.95144e-6
-4.24468e-6
-1.96403e-6
-4.25394e-7
-4.26172e-6
8.47833e-6
7.16641e-6
-8.3754e-6
-5.82942e-6
7.39837e-8
1.71728e-7
-6.67081e-7
3.30146e-5
-3.43016e-5
8.13757e-7
1.70723e-7
-7.32667e-7
3.56879e-7
7.01196e-5
-7.16344e-5
5.26334e-5
3.93695e-7
-2.3241e-6
1.95314e-6
2.48966e-5
-3.21711e-5
3.35674e-5
4.80394e-7
-6.38497e-6
5.69436e-6
-7.04746e-6
-2.30411e-6
3.81104e-6
-7.68602e-7
-1.55211e-5
1.59317e-5
-1.27805e-6
-9.36039e-6
2.11335e-5
-2.40762e-6
-7.40726e-6
6.88667e-7
0.000143274
-0.000133665
4.48972e-5
-2.82682e-5
3.48563e-5
1.39179e-5
-0.000108492
7.75921e-5
-0.000384273
0.00160448
-0.00171924
-0.000921846
0.000914327
-0.00143261
-0.000358102
-0.000952383
0.00123064
0.0002356
0.000289284
-0.00216779
0.000898236
0.00369158
-0.0021444
-0.00421942
0.00259658
0.00228367
-0.00157683
-0.000114317
0.000100637
-0.00135872
-3.94365e-9
2.23407e-9
-1.90983e-10
-5.05328e-10
-7.17282e-10
-6.39513e-10
-4.93811e-11
9.44098e-11
-9.9105e-11
-1.8701e-9
-1.5034e-10
6.19111e-10
-1.56585e-10
-1.13262e-10
1.52448e-10
-3.59148e-11
2.22032e-10
2.26882e-10
1.68766e-10
-1.62719e-11
-1.93462e-11
1.50853e-11
5.45129e-13
-1.80534e-12
1.45431e-12
1.43393e-11
4.55963e-11
1.2871e-10
-2.76155e-11
-1.47346e-11
1.24317e-12
-5.2046e-13
1.53218e-12
-1.74003e-12
4.47814e-12
3.25234e-12
7.56027e-11
-2.13594e-11
7.57569e-11
3.85808e-12
3.10884e-12
5.69095e-12
-5.8567e-12
-1.20748e-10
-4.51319e-11
1.23805e-10
7.54957e-12
-1.73274e-11
-5.78683e-11
-3.45492e-11
-6.82089e-11
6.87741e-10
1.81906e-10
4.33635e-11
-3.0995e-10
-1.69744e-10
1.49224e-9
7.96793e-9
6.46613e-10
8.67147e-10
9.97649e-10
-1.62272e-8
-9.49101e-8
1.07482e-7
-9.73803e-8
1.14285e-7
-3.41081e-9
-2.22289e-9
-1.11383e-9
2.40783e-9
-1.51163e-9
-4.56468e-8
-2.16377e-7
2.24351e-7
-2.091e-7
1.81576e-7
6.93046e-9
1.47236e-9
2.11878e-8
-8.2959e-8
1.31266e-7
-2.47211e-8
-4.52193e-9
1.8468e-8
-6.64139e-9
1.05408e-8
-6.4149e-7
1.31254e-9
-6.68325e-9
1.85425e-8
-1.19493e-5
2.60974e-6
2.78805e-9
6.50238e-5
-4.31623e-6
3.90477e-10
4.51166e-10
-3.93668e-9
1.68311e-8
-0.000162018
0.000318384
-0.000243874
5.98134e-5
-1.20002e-8
4.73858e-8
0.000165359
-0.000257595
-9.21093e-5
-1.43775e-8
3.76679e-8
-0.00013433
0.000188479
0.000108502
-8.45698e-9
2.53269e-10
9.72325e-5
-0.00010076
-7.85483e-5
2.52852e-9
-4.33462e-9
-4.64491e-9
-5.24678e-5
5.28196e-5
3.20558e-8
-9.51036e-8
2.23558e-5
-5.31653e-8
-3.10114e-8
4.97945e-8
-1.45723e-7
2.33247e-7
2.31203e-7
9.76435e-6
1.43823e-5
-1.0719e-5
-6.94169e-6
-2.19671e-5
1.36608e-7
-3.87736e-7
1.21384e-6
-2.08879e-6
-9.30271e-7
-4.25201e-7
-2.13548e-6
2.4526e-6
5.07335e-7
6.62584e-6
3.78977e-6
-3.69986e-6
-2.95097e-6
-5.20556e-7
-7.22933e-8
-2.87967e-7
1.38149e-5
-1.38765e-5
5.93835e-7
-1.59893e-6
-7.32531e-7
6.90288e-7
3.2101e-5
-4.3191e-5
2.47573e-5
-4.36129e-6
-2.42832e-6
2.66895e-6
1.74915e-5
-5.41513e-5
4.51281e-5
-1.02557e-5
-7.42127e-6
7.94349e-6
-4.62123e-5
1.35073e-5
1.3263e-5
0.000150883
-0.000102536
9.80622e-5
8.85804e-5
-7.12063e-5
2.11969e-5
-2.69859e-5
0.000123726
-4.1664e-5
4.9547e-5
-0.000651766
0.000412139
-7.13858e-5
-0.000669662
0.000634455
-0.000195217
0.000222085
0.00106939
-0.00129505
0.00103468
-0.00126706
-0.00124434
0.00247961
-0.00474181
0.00371649
0.00516474
-0.00483777
-0.00538231
0.00445831
0.00246003
-0.00207134
-1.58323e-5
0.000807384
-0.000334039
-0.00156282
0.00195094
0.00131617
-1.20287e-10
1.14873e-10
-1.54984e-10
-1.80447e-12
1.95112e-11
-4.51809e-11
-6.67536e-11
-7.33665e-11
4.28394e-12
-2.19826e-12
3.51022e-13
1.76778e-10
-4.97276e-11
3.37004e-11
1.21584e-10
-3.24432e-11
5.63187e-10
-5.34476e-12
-8.85097e-13
-2.65454e-12
3.6602e-12
-2.39777e-12
-6.05083e-12
-1.14472e-10
-6.84175e-11
-1.88679e-10
-1.77842e-10
-6.97269e-10
1.49862e-11
-1.26493e-12
1.47424e-11
-2.61035e-11
-1.28078e-11
4.44423e-10
2.55077e-10
8.3621e-10
1.51151e-10
6.91589e-11
3.2316e-11
3.74974e-11
4.7574e-11
-1.14143e-9
-4.0937e-10
3.33364e-11
1.01572e-11
-3.73092e-10
-5.19396e-10
3.29606e-10
-3.08492e-9
-4.19219e-10
3.73373e-10
9.23441e-10
-5.2309e-9
1.21185e-8
-4.52434e-8
8.28386e-8
-7.78441e-8
1.14465e-7
1.32116e-8
1.46252e-8
1.19164e-8
-1.87459e-8
-3.01809e-8
-2.31297e-8
-1.61705e-7
2.25124e-7
-2.09529e-7
2.43312e-7
6.95943e-8
7.03209e-8
4.36007e-8
-3.07089e-7
3.69802e-7
-3.06364e-8
-4.36333e-9
1.4549e-8
-5.29413e-9
3.9602e-9
1.10429e-6
-5.34332e-6
2.28739e-6
-1.67276e-6
3.98192e-11
1.00342e-9
7.98639e-6
-1.54248e-5
1.81515e-5
-3.2931e-10
5.05273e-10
-7.50052e-10
5.16548e-10
0.000368356
2.8696e-9
4.6939e-9
4.78263e-9
-1.84216e-9
-1.56093e-10
2.0703e-9
-6.71109e-9
-2.37981e-9
1.07427e-8
1.59611e-5
-3.19728e-5
2.27518e-5
-3.63948e-5
7.90853e-5
4.53324e-6
3.27017e-9
3.61422e-5
-1.41143e-8
4.35362e-9
4.90016e-9
-3.82289e-8
4.36949e-9
4.65028e-6
2.86718e-5
-2.15743e-5
-6.38746e-6
-6.77536e-5
1.28136e-7
-9.95772e-8
7.65212e-7
-1.14737e-6
-6.0372e-7
-2.06602e-7
-8.54874e-7
1.58253e-6
9.93076e-8
4.41921e-6
2.1205e-6
-2.59202e-6
-1.45917e-7
-9.51011e-7
4.24827e-8
-3.75663e-8
7.50311e-6
-1.55309e-5
3.19187e-6
-3.00093e-6
3.54688e-7
1.584e-7
4.44022e-5
-9.95039e-5
8.67979e-5
-8.22368e-6
8.668e-7
5.96279e-7
-6.03687e-5
0.000122436
-0.000166991
0.000588182
-0.000527659
6.11689e-5
1.72335e-5
-1.32563e-5
1.54487e-6
2.01674e-6
0.000437197
-0.000478068
0.000792661
-0.00231973
0.00144933
-0.000420596
-0.000273376
0.000189273
-4.75893e-5
5.0015e-5
-0.00230202
0.00113251
0.00134129
-0.000735519
0.000727577
-0.00201822
-0.000284061
-0.000265447
-0.000977858
0.00113459
-0.00104166
0.00150976
0.000529172
-0.000776276
0.00149501
-0.00283946
0.00308011
-0.000667509
-5.73291e-11
-5.28329e-11
1.26287e-11
9.93283e-12
4.16293e-10
-2.10347e-9
4.87944e-11
-3.31866e-10
3.23335e-10
7.04663e-11
3.77933e-11
-4.41405e-12
2.30958e-12
2.36561e-11
-9.72111e-12
4.48856e-10
-1.7768e-9
2.30662e-9
1.02466e-9
1.97122e-9
8.57815e-9
-7.13837e-11
3.96615e-11
-3.14678e-11
5.00743e-11
-5.57988e-11
-4.71914e-11
-2.09235e-9
-7.37865e-9
4.51942e-10
-7.09062e-9
7.06547e-9
9.80566e-11
1.20739e-10
1.18216e-10
-2.41711e-10
-2.1695e-10
5.99846e-9
2.02227e-9
2.1996e-9
6.57383e-9
-2.27592e-9
1.1969e-9
-1.4591e-10
7.66863e-10
1.09192e-9
2.95283e-9
4.0141e-11
-6.12848e-9
1.73218e-9
2.59108e-9
1.2744e-8
-2.07279e-8
6.04895e-8
-1.03949e-8
-5.74022e-8
-4.88125e-8
-2.89342e-8
2.53864e-7
2.82358e-8
-3.64119e-8
1.14382e-7
-1.01603e-7
1.84384e-7
-2.5456e-7
-1.64232e-6
-7.10674e-8
-8.36675e-7
2.06153e-6
1.74967e-8
-9.54888e-9
1.9292e-8
-6.5061e-9
3.90184e-9
1.39317e-5
-3.21415e-5
8.72076e-6
-1.7525e-5
1.46703e-9
-1.81755e-9
3.94663e-5
-1.75452e-5
-1.65488e-5
4.84245e-9
1.01681e-9
-5.51479e-10
1.76694e-10
-6.59384e-10
-0.000652921
0.000836473
-0.000330313
0.000436685
3.94442e-10
-1.33003e-9
-0.000225259
0.000274386
3.86895e-10
-1.46796e-9
6.296e-5
-0.000168443
7.66895e-10
3.33281e-5
-1.01587e-10
-6.19978e-11
3.05242e-10
-7.52924e-10
7.16664e-11
3.00858e-9
1.98258e-5
0.000132448
-5.85884e-5
-0.000124998
-0.000282612
7.6904e-5
-1.88346e-10
7.60578e-5
8.71701e-9
-1.86797e-8
1.16338e-8
-3.37164e-8
-1.20421e-8
-1.15695e-6
2.94847e-5
-2.30303e-5
-1.52385e-6
-0.000111155
4.45505e-9
5.78688e-8
9.94005e-8
-8.94096e-7
8.67144e-7
1.02798e-8
-3.25084e-7
3.67399e-7
-1.30937e-8
2.13658e-6
-3.24783e-6
8.20026e-6
-1.40308e-7
-2.22589e-8
1.64654e-8
-1.9721e-5
3.46886e-5
-1.07894e-6
4.19155e-8
1.59931e-9
-1.92257e-5
0.00027328
-0.000671667
0.00133495
-0.000800751
1.98684e-5
-2.5276e-6
1.1038e-6
-6.24522e-7
3.34408e-6
0.000890837
-0.00177023
0.00304308
-0.00503278
0.00365459
-0.000137924
-2.11845e-5
1.29768e-5
-3.2742e-7
-2.03326e-5
-0.00408558
0.00253994
0.00292464
-0.00318452
0.00402528
-0.00731377
0.00499712
-0.000565751
-0.000763872
0.000508323
-0.000158377
0.000555212
3.90587e-5
-0.000148465
-0.00437851
0.00149388
0.00283374
-0.000352933
-0.00143619
3.94047e-5
0.00173614
-0.000523869
-1.28727e-9
-2.95207e-10
-2.18371e-10
-2.33321e-11
1.13059e-8
-1.7702e-8
3.81047e-9
-1.18126e-8
1.86476e-8
1.1023e-9
7.78531e-10
3.65321e-10
-5.78827e-11
-1.73484e-11
2.63526e-10
-1.14089e-10
2.25526e-8
-3.40315e-8
5.96413e-8
-1.37397e-7
2.7703e-8
-1.38378e-9
1.09093e-9
2.07955e-10
1.15689e-10
-5.62977e-10
-3.36796e-10
-2.19724e-8
-1.39502e-8
-1.65226e-8
-4.74364e-8
6.19803e-8
5.16404e-10
2.34242e-9
1.25984e-9
-7.1283e-10
-3.27396e-9
-1.18938e-8
-1.19292e-8
9.74349e-8
7.17092e-8
-3.35851e-9
8.76382e-9
1.49411e-8
1.79135e-8
-2.14067e-8
-1.50177e-8
6.22849e-8
8.16662e-8
-3.64635e-8
-1.43819e-8
5.68938e-8
1.52301e-7
1.08248e-7
6.23574e-9
-3.81058e-9
-3.76922e-7
-5.47361e-7
-5.27851e-8
1.64448e-9
3.00041e-8
3.91778e-6
6.64664e-7
4.81991e-6
-6.03618e-6
-5.62077e-8
-1.23734e-5
1.38128e-8
-7.67704e-9
4.44497e-9
8.31744e-5
-0.000125479
3.95316e-5
-8.95786e-5
1.7683e-8
-9.80472e-9
0.000110876
-3.6389e-5
1.07981e-8
-0.000161382
-6.61192e-9
1.64144e-9
-5.21605e-10
-0.000986001
0.000809128
-0.000366562
0.000339013
-2.02326e-10
3.73457e-11
0.000161024
7.46236e-5
-3.58025e-10
-5.36935e-11
-0.000342651
0.000128169
-3.62391e-10
0.000414604
8.38474e-10
-3.77984e-10
-3.85717e-9
9.11549e-9
-2.0057e-9
0.000361721
-6.279e-5
-0.000133054
-0.000457058
-0.000541175
0.00023436
-1.141e-8
0.000115719
4.43296e-8
2.6051e-8
-9.68372e-8
-1.15547e-7
4.39548e-6
-1.23045e-5
-1.00221e-5
-1.38813e-6
-4.93478e-5
6.8362e-7
-6.50178e-7
-2.87371e-6
2.50934e-6
-6.82521e-8
3.54097e-7
-1.31106e-9
-1.47698e-7
1.06416e-5
-8.461e-6
-3.46504e-5
2.77136e-5
-2.97719e-8
-1.26999e-8
3.50638e-8
3.91242e-8
9.93098e-5
-8.23808e-5
-0.000251373
0.000226772
5.18692e-8
-1.00299e-7
2.81149e-7
1.59231e-7
0.00056457
-0.00106025
4.08937e-7
-2.25493e-7
8.01451e-8
0.0016274
-0.00184688
-0.00220257
0.00286456
-2.50452e-5
4.58219e-6
-7.06336e-6
1.58266e-6
-4.04988e-6
-0.00264812
0.00485131
0.00177039
-0.00452416
-0.00138952
0.00425264
-0.00113689
0.000583496
-0.00127147
0.000700197
-0.000441057
-7.08649e-5
0.000146481
-0.00413113
0.00594272
0.00384373
-0.00458871
-0.00493625
0.00343115
0.00405739
-0.00281233
-4.43641e-9
-2.26988e-9
-1.90896e-9
-9.83958e-11
3.30092e-8
-1.06266e-7
-9.49588e-8
1.57398e-9
6.89558e-9
5.76371e-9
3.76453e-9
-2.52853e-9
-9.65312e-10
3.93722e-9
-1.253e-10
2.3375e-7
9.40219e-8
5.24909e-7
2.62295e-7
-3.62022e-7
-2.1611e-8
7.26595e-8
-1.46834e-8
-1.6958e-8
-1.4574e-8
-5.85327e-9
1.156e-8
-8.67794e-9
-4.75794e-9
-9.11986e-11
-5.35705e-9
-4.21037e-9
-4.71125e-7
-4.3626e-7
-1.2806e-6
-1.4503e-6
9.52356e-7
1.70635e-8
-1.07158e-8
2.39735e-9
6.97174e-9
-7.98943e-9
-3.72183e-7
-3.53644e-7
2.55114e-6
2.00346e-6
-3.4691e-8
2.53679e-8
8.23231e-8
1.03645e-7
-5.10025e-7
-3.98483e-7
2.0034e-6
2.03379e-6
-1.53743e-7
-1.98869e-7
2.15541e-7
6.09828e-7
2.16985e-7
1.38019e-7
2.7554e-6
5.38021e-7
1.04667e-6
-4.53636e-6
-8.24474e-6
-1.26046e-5
-1.40567e-6
-5.73009e-7
1.90202e-7
3.38037e-5
-7.20293e-5
5.51188e-5
-0.000102555
-1.02244e-8
-1.02597e-9
-5.31467e-8
0.00020283
0.000135297
-1.99449e-7
1.76288e-7
-6.02476e-8
-0.000333659
0.000599585
-0.000135142
0.000550686
8.56514e-8
-6.68256e-9
-0.000876789
-2.32368e-5
-2.14729e-10
6.22011e-9
2.42904e-10
0.00150378
-0.000887414
0.000167999
7.33426e-10
4.03692e-10
-3.99298e-9
-0.00136006
0.000900741
-0.000574228
1.51832e-9
1.8618e-8
-3.87066e-9
0.000955093
-0.000764956
0.000817079
3.44224e-9
2.62156e-9
-0.000530877
0.000372905
-1.12597e-8
4.11334e-9
0.00109499
-0.000913142
1.98697e-8
-2.48257e-8
-0.000225351
0.000560387
5.68443e-8
-9.52996e-8
-1.71716e-7
2.43712e-7
4.46807e-7
3.50928e-7
1.96644e-5
4.55127e-5
-7.52982e-6
-7.0119e-6
-8.80146e-5
3.32488e-6
-8.19571e-7
-2.06018e-6
2.85638e-6
6.12574e-6
-9.64162e-6
-4.33189e-8
6.90163e-8
-7.02488e-8
8.30032e-6
-1.55425e-5
2.86589e-5
3.25636e-5
-7.40559e-5
-4.62435e-7
-1.04692e-7
6.88375e-8
9.05459e-8
-5.16299e-5
0.000165483
3.60329e-5
-0.000312717
-3.22088e-7
-5.44973e-7
1.12488e-7
2.36295e-6
0.000105851
0.000481557
-0.000565417
-0.000549077
-1.5452e-6
-1.59739e-7
6.94093e-8
9.17479e-7
0.00174268
0.000307534
-0.00289244
0.000193944
0.00437233
-0.00129739
7.58249e-5
-2.05807e-5
7.10086e-7
2.04464e-5
-4.0777e-6
8.76458e-6
-0.00700135
0.00307855
0.00861368
-0.00448268
-0.00833856
0.00530227
-0.00106509
0.00563749
-0.00309989
-0.000269475
-0.00280857
0.00108973
0.00166453
0.00157162
-0.000741104
-0.000714423
-0.00144889
0.00164406
-3.74485e-5
-0.000339713
-6.98897e-7
1.60264e-6
-2.46031e-8
4.37208e-8
4.82059e-8
3.48451e-8
2.71362e-9
-2.926e-8
1.92118e-8
7.37844e-6
5.10389e-6
-4.6599e-6
5.12878e-7
1.55325e-6
-6.37027e-6
-6.53384e-8
-1.33065e-7
-1.36302e-7
-7.25635e-8
3.90408e-8
5.57235e-8
-1.50019e-7
3.18374e-8
-1.77457e-8
-1.13292e-5
-1.07596e-5
1.46513e-5
-1.83937e-5
2.07604e-5
2.05823e-7
6.05788e-7
-1.18289e-7
1.48406e-7
3.47467e-8
-1.05396e-5
-1.00701e-5
5.31053e-5
5.04624e-5
-2.99656e-7
-2.59026e-7
3.60632e-7
6.10121e-7
-1.17216e-5
-1.10902e-5
5.2212e-5
4.98023e-5
-2.96245e-7
-2.53787e-6
7.84628e-6
2.04883e-5
5.10816e-6
5.16212e-6
5.91832e-5
1.57826e-5
-3.62631e-5
6.98243e-5
0.00011323
0.000218855
-1.43238e-5
1.18877e-5
-3.21049e-6
-0.00040886
0.000338878
-0.000370797
0.000637847
1.06235e-6
-5.93966e-7
-6.02963e-6
-0.000890359
-0.00107971
1.3626e-6
9.79177e-7
-1.57319e-7
0.00161596
-0.00166602
0.00164528
-0.00246751
1.26525e-7
3.74348e-8
0.00303032
-0.00214816
-1.38331e-7
-4.40985e-8
-0.0029393
0.0020578
2.86973e-7
-4.97619e-8
0.00232936
-0.00152398
3.18777e-8
1.31715e-8
-0.00142617
0.00104878
-6.14414e-8
1.81145e-8
0.00105222
-0.0010789
-2.64513e-8
7.33241e-8
1.21228e-7
-1.02188e-7
7.96086e-8
-7.30743e-7
-0.000247557
3.42983e-5
4.44761e-5
8.75605e-5
-0.00131239
-6.89216e-5
1.40323e-6
-1.03937e-6
-2.25808e-6
3.06439e-6
2.84507e-6
-2.06426e-6
-6.05543e-6
2.47868e-7
-5.56315e-5
-1.48793e-5
2.16395e-6
5.07259e-5
-3.11144e-5
-8.32292e-6
1.95955e-7
9.73485e-7
1.64441e-6
-0.000191034
0.000147905
0.00050503
-0.000469997
-4.52679e-6
-8.51202e-6
1.62753e-6
4.99772e-5
-0.00147922
0.00104978
0.0019211
-0.00309302
-1.31681e-6
-4.11362e-6
1.68374e-6
2.4865e-5
-0.00370227
0.00447527
0.00627906
-0.00517632
-0.00642858
0.00842428
4.37395e-5
-2.16797e-5
-1.87374e-5
-4.77323e-5
1.89847e-5
-8.37995e-6
0.00896969
-0.0101495
-0.00820106
0.00930765
0.00552093
-0.00638026
-0.00279023
0.00334255
0.00136537
-0.00156534
-0.00069665
0.000979333
-1.3874e-6
9.63263e-7
-2.52712e-8
6.34414e-7
-5.75038e-8
-8.97944e-8
2.59407e-5
-5.43546e-5
-1.53256e-5
-8.72137e-6
2.65144e-6
-2.22017e-6
-1.08857e-6
4.17803e-7
-3.0673e-7
-1.7811e-6
2.45129e-7
-0.000191948
-0.000210021
0.000240478
2.25504e-5
-7.9673e-5
0.000279593
5.6237e-6
-8.34936e-6
1.23355e-5
-1.26061e-6
1.23163e-7
2.14669e-7
5.41605e-6
1.38275e-6
1.25727e-6
-0.000255785
-0.000229025
-0.000776143
0.000949367
-0.00138479
-1.00851e-5
-1.66918e-5
-3.72358e-6
7.78993e-7
-1.73218e-5
-0.000242274
-0.000192548
0.00132037
-0.00139406
6.46707e-5
-0.000111364
-0.000137213
-0.000307631
-1.14845e-5
0.000983586
-0.00080302
0.000239809
0.000500036
-0.000396352
0.000359678
-0.00102133
-0.000909106
-5.53862e-5
2.73973e-5
0.000309204
0.00160376
0.00251957
-3.30132e-6
-7.92796e-5
2.91448e-6
-2.20075e-6
-0.00418872
0.00373444
-0.00446201
0.00666286
0.00326664
1.19574e-6
-5.16482e-6
-1.38119e-6
-0.0079594
0.00569473
-0.00415523
-4.63794e-7
7.49876e-6
2.48556e-6
0.00896301
-0.00596002
0.00413863
-7.91688e-7
-1.35892e-5
1.67816e-6
-0.0101445
0.00544882
-0.00355148
2.35557e-7
-1.38931e-7
-1.15519e-6
0.00404693
-0.00282259
0.0024522
3.43819e-6
-3.41706e-8
-0.00135978
0.0010432
-4.66956e-7
0.000304217
3.37908e-7
-1.05181e-6
2.18635e-7
4.58299e-5
-4.24976e-5
1.18125e-6
0.0002657
-0.000434113
-2.02908e-5
-8.24541e-5
0.00247801
2.11298e-5
1.42655e-5
0.000105694
-3.97236e-5
-0.000251473
0.000233162
-0.000171145
7.2286e-5
7.62769e-6
0.0001585
0.000545173
-0.000443584
-0.00108087
0.00141131
-1.42829e-5
-0.000144324
1.41703e-5
0.000666779
0.00163865
-0.00243809
0.00153022
-0.00223522
0.00277524
0.00363343
-0.0055559
-6.10777e-5
-1.4804e-5
5.20945e-5
-0.000759427
0.000434818
-0.000111422
-1.66642e-6
-0.00377426
0.00641808
-0.00642346
0.00200149
-0.00439233
0.00600442
-4.67947e-5
0.00210405
-0.00386414
-0.00262558
0.000104613
0.00154461
0.000768853
-0.000124204
-0.000592906
-0.000544909
0.000213703
0.00015511
-8.69858e-5
4.19653e-6
1.95989e-5
-4.73217e-5
2.37386e-5
-9.1965e-6
0.00158667
-0.000854331
1.1463e-5
0.000329454
0.000804092
-4.12527e-5
0.00011886
-5.85283e-5
0.000126429
3.59911e-6
4.93651e-5
0.003471
0.000451678
0.00317265
-0.00461647
-0.00160655
0.000488081
-0.000538913
0.000246586
-0.000219971
-0.000144113
0.000142261
-0.000283746
-1.74787e-5
-7.6261e-5
0.00026287
0.00161973
0.00209089
0.00205149
-0.00473653
0.00389215
-0.00520241
0.00419238
0.000693546
-0.00109145
0.000205505
-1.90009e-5
0.000349846
-0.00120374
0.000885328
0.00343065
0.000439589
-0.000945616
-0.00583081
0.00439421
-0.00103631
0.00213303
0.00184995
0.00402421
-0.00248729
-9.37441e-6
0.00096006
-0.00566943
0.00440218
-0.00151028
-0.0056723
0.00537805
-0.00562328
0.00858017
0.00765243
-0.00704138
-0.000234761
-1.90326e-5
1.55073e-5
-0.000462627
-0.00830245
-0.013848
0.0103388
-3.03877e-5
0.000622685
-0.000601929
5.86631e-5
0.0172383
-0.0156438
0.0193555
-0.0189905
-0.012202
5.80379e-5
0.000250548
-0.000146681
0.0197051
-0.024331
0.0196606
-2.60036e-5
0.000181534
-8.622e-5
-0.00624112
6.54746e-5
-0.000886711
-0.000189907
-0.000131586
0.00111358
-0.000550684
0.000304954
0.00129497
0.00395973
-0.00260274
-0.00210478
-0.0198674
0.00227627
-0.000913687
-4.23191e-5
-0.000265475
0.000853508
-0.000233043
6.68232e-5
0.00181207
0.000159809
-0.000128766
-0.00114044
0.000200266
0.000945685
-0.00107289
-0.00117397
0.00170859
0.00509732
-0.000638837
9.29574e-5
0.00293324
-0.000379594
-0.000269751
-0.00209231
0.00136266
0.00232876
0.000817857
-0.00292059
0.00119434
-0.00168297
-0.000651205
-0.00016461
0.00356435
-0.00215864
0.000711733
-0.00500631
0.00178897
-0.000114046
0.00476573
-0.00367481
-0.00132068
-0.00240214
0.00220293
0.000234733
0.00997447
-0.00686396
0.00245338
-0.00269
0.00116613
0.00135679
-0.00757095
0.00420874
-0.00290706
0.00608091
-0.00454485
0.00436161
-0.000516425
0.000747057
-0.00233754
0.000396736
0.000659627
-0.0013228
0.0023495
-0.00220844
-0.0020056
0.00130613
-0.000359357
-0.000869414
0.00245003
-0.00435334
0.00455127
-0.00507704
-0.0028938
0.00179324
-0.00146827
0.000822956
0.000656385
-0.00302367
0.00557041
-0.00733976
0.00709119
-0.00893979
0.00144041
-0.00198664
0.00244482
-0.00220926
0.000650383
0.00216418
-0.00527235
0.00745495
-0.00889744
0.0126531
0.000715819
-0.00172415
0.0029534
-0.00421086
0.00450079
-0.00304082
5.18412e-5
0.00333313
-0.00617535
0.00879436
-0.0108053
0.024488
0.00204796
-0.00417028
0.00621066
-0.00689148
0.00558169
-0.00266952
-0.000646492
0.00343724
-0.00498016
0.00582215
-0.00263984
0.00522703
-0.00735913
0.0081962
-0.00708131
0.00455033
-0.00158984
-0.00195001
0.00611454
-0.00795301
-0.004243
0.00701409
-0.007687
0.00718385
-0.00547964
0.00414234
-0.000791795
-0.000389626
-0.00482552
0.00608493
-0.00643908
0.00538233
-0.00812474
0.00219635
0.00474809
-0.00350065
