9.21135e-9
-4.56218e-8
4.56138e-8
1.14019e-8
5.49846e-8
-4.22417e-8
4.09747e-8
-5.55895e-8
-3.40432e-8
3.61857e-8
-2.15709e-8
-2.50635e-8
-1.5627e-8
2.39248e-8
1.00552e-8
1.45418e-8
-8.53807e-9
2.21624e-9
7.40341e-9
-4.59171e-9
-1.47222e-9
-1.26556e-8
1.70809e-9
-4.39411e-9
2.57698e-9
9.79234e-9
-7.10957e-9
1.23269e-8
-1.43411e-8
-1.01897e-8
7.89309e-9
-8.6382e-9
5.41576e-9
4.17218e-9
2.37833e-9
-3.90705e-9
4.27694e-11
-1.13714e-9
-2.51913e-11
5.29923e-9
-4.73307e-9
5.03121e-9
1.19272e-9
-1.48302e-8
3.96017e-10
-3.71794e-9
3.27339e-9
-3.23388e-9
4.5051e-10
2.77514e-9
1.49083e-9
-3.96138e-9
5.26965e-11
1.88752e-9
4.30209e-10
-6.29019e-11
-3.55199e-10
1.04308e-9
-6.8413e-9
6.47327e-9
-2.30999e-9
8.13935e-9
-1.77293e-8
-4.89768e-9
7.30713e-10
1.3071e-9
-1.22375e-10
-3.29595e-9
8.35607e-9
-1.21357e-8
1.23446e-8
-8.1876e-10
-7.75451e-9
2.41044e-10
2.80181e-9
8.43498e-10
-1.2806e-10
1.0769e-9
-1.59987e-9
-2.82157e-9
1.12525e-9
1.30755e-9
-2.37114e-9
-1.21469e-11
5.95029e-9
-1.35458e-8
1.92196e-8
-1.96941e-8
1.461e-8
-6.48989e-9
-1.12656e-9
-1.39651e-8
1.31324e-8
-3.45203e-9
1.29998e-8
-1.50416e-8
4.72831e-9
4.39285e-9
2.71039e-10
-4.36722e-9
6.19557e-9
-3.79112e-9
-3.21076e-9
1.28683e-8
-2.22288e-8
2.86025e-8
-2.6815e-8
7.70282e-9
8.36092e-9
9.97675e-10
-1.99475e-8
-2.8971e-9
-1.17105e-8
-1.19921e-9
2.8559e-9
-1.11422e-8
8.8993e-9
-4.24893e-9
-2.3031e-9
7.86183e-9
-1.12569e-8
1.00862e-8
-4.08593e-9
-5.90129e-9
2.04636e-8
-4.26805e-8
6.58162e-8
-1.18325e-8
4.12589e-8
4.92892e-8
1.56412e-8
4.49723e-9
1.31939e-9
3.97266e-9
-1.03234e-8
1.44654e-8
-1.53708e-8
1.29657e-8
-7.4938e-9
-7.15974e-9
5.73735e-8
-2.03903e-7
3.55385e-7
-2.62071e-7
-1.56128e-7
-1.3933e-7
-3.38104e-9
2.98039e-9
1.85828e-9
-2.26462e-10
-2.90096e-9
8.25281e-9
-1.37173e-8
1.61423e-8
-1.97307e-8
2.71403e-8
-3.94829e-8
2.54235e-8
5.81298e-8
-3.31446e-7
1.06695e-6
-3.68405e-7
3.82807e-7
-4.87359e-10
1.54786e-9
-4.47874e-9
8.35926e-9
-1.20927e-8
1.97497e-8
-4.09889e-8
1.0498e-7
-1.47794e-7
6.06197e-7
-9.15604e-7
-8.15103e-7
-2.61045e-6
7.28555e-11
-1.94841e-10
-1.74219e-10
2.25666e-9
-4.03187e-9
5.90077e-9
-1.11757e-8
3.40414e-8
-1.3645e-7
1.77277e-7
-5.1627e-7
-3.3606e-7
2.74929e-6
-1.76396e-6
1.61254e-10
-7.55318e-12
-8.89784e-10
1.31765e-9
-4.54242e-9
1.159e-8
-1.43055e-8
1.5785e-9
-2.1425e-8
1.97124e-7
1.46955e-6
-6.50587e-7
2.19437e-10
-7.75656e-11
-3.92401e-10
1.31399e-9
-2.67431e-9
6.1229e-9
-4.61225e-9
-2.89017e-9
2.42963e-8
-4.66436e-10
3.52479e-10
-9.70199e-10
-1.34835e-9
5.56679e-9
-2.90754e-9
-6.04136e-10
-1.38587e-8
7.61776e-9
-2.38972e-9
9.81843e-10
4.28707e-8
-1.75773e-8
-4.68699e-10
2.80432e-9
-1.92352e-8
5.84941e-9
6.65365e-9
6.95875e-9
6.6914e-9
-1.72774e-8
6.42414e-9
-1.84893e-8
2.17961e-8
-1.0693e-8
1.86903e-8
-2.43026e-8
-1.02122e-8
6.68195e-9
1.48626e-8
9.68644e-9
-6.38859e-9
3.45258e-10
2.41205e-9
-8.07434e-10
-5.68262e-9
-3.88866e-9
1.16295e-9
-2.50853e-11
1.53867e-10
8.6017e-9
-6.17682e-9
4.41045e-9
-5.78276e-9
6.05403e-9
1.86921e-9
-2.2628e-9
-2.033e-9
-1.03142e-9
7.43236e-10
-1.39965e-9
6.03416e-9
-1.49206e-9
-5.7731e-9
1.02259e-10
1.45725e-8
1.20868e-9
1.91401e-10
-7.64731e-10
-1.54751e-10
-1.00587e-10
-2.31351e-11
-8.83148e-10
3.1024e-9
1.20227e-10
6.17216e-10
-5.21906e-9
1.12064e-10
9.98948e-9
7.19327e-10
-3.81128e-10
-1.0743e-9
2.04415e-10
4.79827e-10
8.75276e-10
-4.25451e-10
3.22584e-9
-5.96932e-9
4.00898e-9
-1.68289e-9
1.28777e-9
-2.46809e-9
-8.4214e-11
-3.22111e-9
5.07682e-9
7.43592e-11
-2.96879e-10
-9.09869e-9
1.26781e-8
1.53614e-8
-3.12698e-9
-3.51942e-8
-3.01152e-8
9.14205e-9
7.987e-9
-1.52086e-8
1.82995e-8
-1.30588e-8
4.69427e-8
1.08412e-7
-7.09437e-9
9.41255e-9
-1.42568e-8
4.40757e-9
-7.53461e-9
-2.05112e-7
6.30641e-9
-7.91215e-9
9.81932e-9
-5.46041e-8
2.52121e-7
-2.32195e-8
-5.36397e-9
5.47813e-9
-5.02128e-9
1.93414e-8
-2.32628e-6
7.64573e-7
3.44307e-9
-3.12377e-9
1.98503e-9
-2.01705e-9
8.24788e-7
1.06422e-6
3.24212e-6
9.0086e-6
-1.33633e-9
-8.62845e-10
6.97005e-10
4.14782e-6
-1.10077e-5
-5.99602e-6
-1.39451e-5
9.24357e-10
-3.04864e-10
-4.71308e-10
4.5641e-10
-2.71575e-10
1.05527e-10
1.10756e-6
-2.888e-6
1.31436e-5
-3.63417e-5
2.43772e-5
1.13045e-10
1.17681e-10
-6.55174e-11
-4.08552e-11
8.04346e-7
-1.41444e-6
6.21604e-7
-2.77329e-6
-4.80585e-6
-5.54023e-11
7.06459e-12
-2.44214e-12
5.30607e-11
-5.10926e-11
-6.14887e-11
1.92227e-10
2.24162e-9
1.42466e-7
-9.60803e-8
-5.69758e-7
9.22809e-7
7.37028e-6
-4.41007e-6
-1.41997e-12
-2.14615e-12
-1.64475e-11
3.28615e-11
-1.26982e-11
2.78727e-11
1.13467e-10
7.5802e-12
1.80625e-10
1.90839e-9
-2.80837e-9
-5.04997e-9
-1.13493e-7
2.74069e-7
1.53179e-6
-3.48858e-7
1.56115e-12
-1.48912e-12
-6.20289e-12
5.65717e-12
-1.89891e-11
-3.0162e-11
-4.04495e-11
2.25614e-10
-3.49121e-9
1.39774e-8
8.88559e-8
-4.65155e-8
-7.53075e-8
-1.11518e-12
1.20683e-14
7.59464e-12
2.50611e-11
-7.91542e-11
3.30068e-10
2.28437e-9
-6.07243e-11
1.17521e-9
-3.48532e-9
-1.8906e-9
4.74782e-9
-5.60935e-9
6.67691e-9
5.91221e-9
-1.02585e-8
8.62222e-9
-1.6924e-8
2.20812e-8
-1.87981e-8
2.93672e-8
-3.51394e-8
3.01265e-8
-3.49519e-8
4.05229e-8
-3.31331e-8
2.6333e-8
-3.39875e-8
2.6025e-8
2.01704e-8
-1.45973e-8
-1.73587e-8
9.11432e-9
-1.95475e-11
-2.43765e-10
2.79716e-10
8.08067e-10
-3.61184e-10
2.36478e-10
-3.6445e-10
-7.66794e-9
1.18018e-8
-4.93367e-9
-3.74732e-9
8.22203e-10
1.53824e-9
4.34336e-10
-1.32196e-11
8.25462e-11
-3.14463e-11
-6.45293e-12
-3.83212e-10
-5.89412e-10
4.05588e-12
4.0875e-10
-7.8563e-11
4.60685e-10
-8.02147e-11
1.07746e-11
7.11452e-11
-2.16626e-10
-9.65756e-11
1.00817e-10
-4.22756e-11
1.45832e-10
-2.3916e-11
1.03363e-10
1.1905e-11
1.31922e-10
-4.0756e-11
-2.12707e-10
-1.70751e-12
-6.19613e-11
3.67887e-12
2.26637e-12
2.12837e-10
-2.14779e-10
7.08849e-12
7.52903e-10
3.40265e-10
7.75222e-11
-1.11157e-9
-1.16878e-9
-1.24914e-10
-8.48683e-10
9.61977e-10
-4.10239e-10
8.89825e-10
-4.6826e-11
7.91041e-10
-1.77368e-9
-6.23337e-11
2.19132e-9
-1.79392e-8
3.28878e-9
7.44735e-8
6.334e-9
-9.12891e-8
5.43248e-8
-1.99126e-8
-1.27846e-9
2.58231e-9
-4.27224e-9
-3.22693e-7
7.69901e-7
-3.7965e-8
1.49046e-9
-2.93386e-9
4.6688e-9
9.42099e-7
-3.5417e-6
-1.31696e-6
-1.45981e-9
2.87545e-9
-4.44343e-9
-9.81862e-7
8.33004e-6
1.1007e-5
1.12998e-9
-2.19405e-9
3.50622e-9
-3.83071e-6
-9.47821e-6
-3.73425e-5
-6.86895e-10
1.04703e-9
-1.9003e-9
1.24837e-5
2.0432e-5
5.78841e-5
3.86748e-10
6.48862e-10
-2.38707e-5
-6.91034e-5
-9.79197e-5
-2.70835e-10
-1.29522e-11
1.7531e-10
-2.0934e-10
2.39658e-10
3.77497e-5
-0.000189069
0.000130542
0.000397751
-3.60629e-11
-4.17465e-11
6.74757e-5
0.000127233
0.000616416
-2.23215e-13
1.34006e-11
5.27437e-12
5.80141e-12
1.92422e-5
-5.2778e-5
-0.000907524
0.000256876
-3.89337e-12
2.44449e-12
8.51177e-13
2.20562e-12
1.44944e-7
-3.81104e-6
-3.65266e-5
-8.20984e-6
-9.25101e-14
1.453e-14
-4.84075e-13
-7.22302e-13
1.47538e-12
8.41693e-8
1.07076e-7
8.29196e-8
4.55254e-6
-3.53124e-7
-1.45197e-14
6.47394e-14
3.39438e-13
-3.76414e-13
-3.66686e-13
2.13488e-12
-1.12465e-11
1.19283e-12
2.02578e-11
6.44822e-10
-5.67747e-9
2.85424e-8
-3.42078e-8
-2.46508e-7
-1.18984e-7
-4.08179e-7
-8.69827e-14
3.37108e-15
2.29577e-13
5.15449e-13
-4.74729e-12
2.39503e-11
-1.67454e-12
-6.13513e-10
3.36574e-9
-8.14124e-9
-1.12807e-7
1.88291e-8
5.93745e-7
-2.73882e-13
-9.75936e-15
9.62892e-12
-9.32805e-11
4.3291e-10
-4.45756e-10
-5.42009e-9
-5.28107e-10
-1.36678e-10
2.47778e-9
-8.70779e-9
7.95301e-9
-6.05032e-9
2.21446e-9
4.98642e-9
-8.24505e-10
-1.20928e-8
7.15965e-9
8.10161e-9
-1.53547e-8
-2.539e-9
1.48028e-8
6.56162e-9
-6.81295e-9
-1.39272e-8
-1.43219e-9
2.1321e-8
3.2455e-9
-1.37264e-8
-4.57048e-9
1.07769e-8
2.59065e-11
6.89796e-11
-1.52965e-10
2.66572e-10
-8.49912e-11
1.96281e-10
4.70905e-9
-9.82154e-9
-3.19842e-9
5.38068e-9
1.76497e-9
-2.21938e-9
-1.61922e-12
7.47618e-12
-4.31876e-12
6.01072e-13
-8.58403e-10
1.00544e-9
3.6844e-10
-4.23723e-10
-4.75184e-12
2.28514e-11
-4.70646e-12
7.65918e-13
-1.41194e-10
1.61873e-10
5.00341e-11
-5.75042e-11
-2.67278e-12
8.33294e-12
-2.23799e-12
9.69853e-13
-2.37585e-11
2.18796e-11
4.54811e-11
-1.5765e-11
4.40486e-12
-9.40047e-12
6.38525e-13
-2.17453e-11
6.18938e-11
1.42008e-12
-2.02528e-10
1.37148e-11
8.89969e-10
-1.56323e-10
3.69407e-11
-1.66374e-9
-3.29694e-10
1.21732e-10
6.46455e-11
8.20463e-10
-1.33612e-10
-3.5082e-11
1.56302e-9
6.47713e-10
1.47197e-8
-4.98752e-9
-7.66613e-10
-2.13967e-10
-2.44803e-10
-1.44105e-7
6.87312e-8
1.06509e-9
1.63522e-10
6.54097e-7
1.29359e-7
-1.19433e-9
-1.27849e-10
6.50511e-8
-2.04125e-6
1.14045e-9
1.07534e-10
-3.0156e-5
1.38771e-5
-9.9061e-10
-3.42775e-11
0.000173024
-2.57994e-5
6.19454e-10
-1.52181e-11
-0.00034593
-0.000445083
-3.46963e-10
3.67776e-11
0.00107604
0.00133073
1.74822e-10
-9.66793e-13
-0.00165668
-0.00115131
-0.00543586
-8.31202e-11
9.77299e-11
4.11003e-11
-1.65076e-11
-0.00430745
0.0129176
0.00986134
-1.75604e-11
-6.73617e-12
9.02459e-5
0.00446503
-0.0134442
6.17769e-12
-3.24785e-12
-1.67232e-12
-4.27368e-13
6.12631e-5
-0.000222003
-0.00867472
-0.0004609
2.7261e-13
9.92392e-14
-2.16607e-14
5.03652e-14
-3.74549e-5
3.62496e-5
0.00126351
-0.000976807
1.27087e-16
3.2504e-14
-1.3256e-14
-2.24115e-15
-1.27362e-5
2.16113e-5
0.000439833
-0.000159658
-7.4937e-15
6.23626e-15
1.56268e-15
4.52417e-14
4.84235e-15
2.65001e-7
-1.62212e-6
8.52087e-6
5.04276e-5
-2.41714e-5
2.57447e-15
-8.10721e-15
-1.7449e-14
4.43641e-15
5.14698e-13
-2.8394e-12
2.65181e-12
1.27772e-10
-1.37311e-9
4.46271e-9
2.0097e-8
-1.32344e-7
6.01481e-7
1.17917e-7
-1.0939e-6
1.8846e-14
-1.15124e-13
2.43269e-13
3.37739e-12
-2.30365e-11
-5.97579e-11
3.88863e-9
-2.35015e-8
7.28736e-8
1.81633e-9
-1.70724e-8
1.29888e-8
2.52423e-8
-1.66744e-8
8.06323e-9
-7.36027e-9
-2.15113e-8
2.03135e-8
-1.0491e-8
2.20957e-8
-1.96935e-8
1.1716e-8
-1.26276e-8
1.66499e-8
-4.46029e-9
-9.65854e-9
-2.42441e-8
-9.05905e-9
2.35471e-8
2.34913e-8
3.16634e-10
5.57531e-10
-1.81185e-9
6.13994e-9
-4.01094e-9
2.31302e-9
-4.77132e-9
-2.93272e-10
-2.40532e-8
2.77457e-8
1.58437e-8
-1.30072e-8
-8.46694e-9
-8.08512e-9
-4.92832e-9
7.96211e-9
7.83139e-9
-4.76814e-12
-3.66823e-11
5.83542e-11
-1.88494e-10
1.72872e-10
-2.33149e-11
-3.54806e-9
3.09989e-9
8.76116e-10
1.51731e-9
9.2214e-10
-1.44909e-9
-8.22928e-10
3.44597e-13
4.56076e-13
1.52833e-12
-7.98746e-15
4.46369e-10
-6.92528e-10
-1.95015e-10
2.67638e-10
-2.3398e-18
1.35677e-12
-3.66951e-13
-7.33846e-13
7.73322e-11
-1.09243e-10
-2.68965e-11
2.94076e-11
9.6349e-13
4.17009e-13
-6.86651e-13
-1.84113e-12
1.14881e-11
-9.26932e-12
-1.24653e-11
1.0187e-13
1.89037e-11
-7.73947e-12
-1.5484e-12
-7.96387e-12
1.3689e-11
-7.9831e-12
-3.58758e-11
5.28334e-11
9.66593e-12
-2.31413e-11
1.3712e-10
-6.72479e-11
-3.55472e-10
-2.04502e-11
-6.91386e-11
1.51042e-10
-1.12558e-9
9.86513e-10
-8.17964e-11
-6.05104e-10
1.16875e-9
2.92632e-10
-6.65106e-10
6.07783e-9
-3.34348e-9
1.1257e-9
-1.3552e-9
-3.15043e-8
9.62442e-9
1.05454e-9
5.98904e-8
3.88794e-9
-5.44791e-9
2.26912e-9
-3.93663e-9
6.25529e-9
-3.14609e-9
-3.12595e-9
-2.38602e-7
2.02662e-7
6.19575e-7
-1.23154e-7
-2.72321e-8
3.49722e-8
-1.18579e-6
-1.91778e-7
4.13938e-9
-4.32371e-9
2.57628e-9
-9.19785e-8
1.33635e-6
4.46964e-6
-4.19956e-9
3.69657e-9
-1.80039e-9
-1.50279e-5
4.54987e-5
-3.30096e-5
6.17556e-9
-3.49036e-9
2.24814e-9
1.86889e-5
-0.000198819
8.54001e-5
-2.01877e-9
-1.02022e-9
0.00069021
0.000390838
9.82017e-10
-6.58562e-11
-3.96557e-10
4.91379e-10
-0.00387564
0.00269705
-0.00174341
0.00100452
0.000416511
1.95653e-10
-2.30352e-10
0.0120219
-0.002922
-7.68249e-11
-3.79383e-11
-0.0573682
-0.0194852
1.92775e-11
8.69044e-12
-2.57097e-12
1.26327e-11
0.0543965
-0.100117
0.112594
-0.126886
-0.0167015
-1.04092e-13
4.20334e-13
0.0461922
0.0164743
4.93782e-13
-1.61651e-13
-2.40482e-13
-8.23802e-14
0.00894275
-0.0206515
-0.156867
0.126895
0.236162
0.0104956
6.9771e-14
4.35037e-14
-9.97318e-15
-9.95236e-15
0.00106926
-0.00295073
-0.0382174
0.00772372
-2.66988e-15
1.06937e-14
2.40284e-15
-1.37052e-15
8.38215e-5
-0.000348631
-0.00235201
0.000204993
-1.79261e-15
4.33772e-16
7.18225e-16
-1.45146e-15
-4.63522e-16
-1.83895e-6
1.15095e-5
-5.02016e-5
7.1577e-5
-2.36341e-16
5.26419e-17
3.06771e-15
-5.24499e-15
1.77023e-14
-6.28186e-14
-1.16743e-12
6.72719e-13
2.07813e-11
9.80044e-11
-2.35459e-9
2.014e-9
9.205e-9
-2.1837e-7
1.46619e-6
-3.95793e-6
5.39032e-6
2.6289e-5
-4.83315e-5
1.79894e-15
-1.87679e-15
1.37635e-15
2.0017e-13
3.4694e-13
8.99308e-13
-7.32387e-11
3.75105e-10
4.18826e-9
-1.8854e-8
7.7963e-8
-1.57915e-7
-4.382e-7
4.48043e-7
2.772e-13
-2.05509e-12
2.01269e-11
-6.10821e-12
-7.95787e-10
4.17112e-10
-1.08789e-8
2.7742e-9
-6.05199e-9
4.5409e-9
-1.57848e-8
1.55733e-8
-2.29563e-9
1.71597e-8
-1.85646e-9
-1.6374e-8
-8.14376e-10
1.59456e-8
-1.19173e-8
2.17483e-9
8.94492e-9
-3.42396e-10
-3.87939e-9
5.91341e-9
-6.04546e-9
5.77485e-9
-3.0077e-9
4.82899e-9
-2.03022e-8
1.30492e-8
9.11705e-9
-3.72765e-9
-4.4486e-9
-2.5719e-9
3.28517e-9
-4.71233e-11
2.70388e-10
-2.87803e-10
1.30052e-9
-4.10458e-10
-2.58927e-9
1.08547e-9
1.20702e-9
7.52315e-10
-9.68239e-10
3.45328e-12
-3.84257e-12
-8.51294e-12
2.3483e-11
-3.74258e-11
5.4046e-12
5.58317e-10
-4.23714e-10
-9.19626e-11
-1.92965e-10
-1.17569e-10
2.17501e-10
8.13158e-11
-3.47904e-13
3.97155e-13
4.64031e-13
-1.74961e-12
-1.21046e-12
-3.37567e-11
-5.02782e-12
4.27304e-11
7.32392e-12
-2.32266e-11
4.62478e-12
7.44886e-12
1.67512e-11
-3.9409e-12
-1.57342e-12
-2.00009e-12
3.06276e-12
4.60512e-12
-5.10508e-13
1.24738e-10
4.0796e-12
-1.32638e-10
1.89079e-10
9.11298e-11
-7.33456e-11
5.94445e-11
1.24107e-11
-2.3293e-11
-4.88776e-11
1.19033e-9
-7.10226e-10
9.73738e-10
-4.23161e-9
2.4119e-9
-1.28037e-9
-6.73823e-11
1.18069e-9
2.8822e-10
-3.71607e-10
3.26234e-9
-3.30589e-9
4.38118e-9
9.88863e-9
1.77139e-9
-3.99527e-9
3.72072e-9
-1.92588e-9
2.39444e-9
-8.1277e-9
2.75687e-7
-1.62261e-7
-2.58087e-8
5.46567e-8
-1.36238e-6
2.03491e-7
1.51321e-9
-3.06844e-9
9.59779e-7
1.78437e-6
-2.21123e-9
4.4227e-9
5.77301e-5
-2.03042e-5
3.26727e-9
-5.93759e-9
-0.000231017
7.84446e-5
2.69731e-10
1.28486e-11
-5.58908e-11
-2.8984e-11
7.88632e-11
-0.00379821
0.00262213
-0.0017052
0.000661978
-0.000115286
2.50273e-11
-8.05226e-11
0.00994181
-0.0028618
1.51612e-11
-6.07532e-12
2.75711e-13
1.90862e-12
-5.19075e-12
0.126876
-0.137966
0.152035
-0.12626
-0.0190335
8.20959e-13
-1.86499e-13
3.50147e-14
8.96513e-14
-1.52307e-14
-0.24453
0.2664
-0.29745
0.296328
0.00962268
-3.93178e-14
-2.66894e-14
0.00149937
0.0504389
2.7461e-15
1.17226e-14
3.46046e-15
-2.85093e-15
0.000693104
0.000363552
-0.00396972
-0.0257076
0.0622671
-2.85702e-15
-1.20111e-16
1.44993e-15
3.68965e-17
-0.000291393
0.000355262
-0.00222309
0.00816456
-4.95126e-16
-2.93141e-16
6.27825e-17
6.14533e-17
-6.10251e-16
-6.28712e-6
-9.43396e-6
0.000102833
-0.000112152
0.000722136
-6.66243e-17
1.97205e-16
-6.12516e-16
1.04447e-15
-5.76212e-15
-7.05035e-14
1.22877e-8
1.41523e-7
-1.06094e-7
1.01263e-7
6.96081e-6
-2.7515e-5
2.23995e-16
-3.12968e-15
5.67749e-14
-2.31828e-13
7.42314e-13
-3.57764e-12
-2.05112e-11
2.33081e-10
-4.08271e-10
2.47863e-9
3.30946e-10
-1.82033e-8
-5.75463e-8
2.63762e-7
-3.23326e-13
-7.97763e-14
1.18844e-11
-5.90571e-11
2.47925e-11
2.04912e-10
-9.07226e-10
-8.7826e-9
-1.18466e-8
6.33311e-9
1.73362e-8
-6.6181e-9
-2.36218e-8
1.40501e-8
3.39511e-8
-1.89064e-8
-2.61579e-8
8.67809e-9
-1.04085e-8
-2.07039e-9
-8.3654e-9
9.05767e-9
-1.06952e-8
1.11476e-8
-5.66058e-9
1.00019e-8
-8.8366e-9
8.16763e-9
2.53785e-9
-1.02921e-9
-5.62855e-10
-4.04997e-10
2.12107e-10
-1.77557e-11
1.31295e-9
-1.05406e-9
4.1815e-9
-1.45202e-9
-8.04883e-10
-2.95618e-10
3.04399e-10
3.28674e-10
-2.31591e-10
1.25181e-11
-9.63067e-11
1.08288e-10
-3.08252e-10
1.22332e-10
3.14e-10
-4.29974e-12
-1.18335e-10
-1.1631e-10
1.25404e-10
6.61345e-13
-6.17448e-12
1.84447e-11
-8.99168e-11
-6.29196e-11
9.58981e-11
-4.16986e-12
1.459e-11
-7.3204e-12
-1.91273e-11
-1.38625e-12
2.26935e-11
-7.20505e-12
-1.05388e-11
4.84283e-11
-1.18378e-10
-4.54413e-11
-3.21263e-12
-4.04433e-13
1.91985e-12
2.59487e-12
-6.63357e-13
-3.815e-10
3.20082e-10
-3.53967e-10
1.77563e-9
4.29265e-10
-7.48968e-11
5.81599e-11
1.00638e-11
-1.25741e-11
-6.41522e-11
4.91113e-9
-3.43672e-9
2.31724e-9
-1.0113e-8
7.13841e-9
-3.63255e-9
-7.18194e-10
5.70703e-10
1.971e-10
-3.05492e-10
5.54663e-9
-6.90093e-10
8.03391e-9
-1.70648e-9
-1.38227e-9
-2.90338e-9
2.71348e-9
1.77714e-9
4.18599e-9
-6.72455e-9
-1.21614e-9
-7.95217e-9
6.25334e-8
-6.81525e-8
-1.11312e-6
4.93367e-7
-3.99562e-9
5.81621e-9
1.23685e-9
6.70613e-6
-1.79565e-6
2.79345e-9
-3.17787e-9
-1.84729e-10
-1.6681e-5
-2.98227e-7
-1.00091e-9
8.88646e-10
-9.83442e-10
8.17902e-6
7.65191e-5
6.43653e-12
6.66889e-11
-6.6406e-11
2.2951e-13
1.69122e-11
-0.00377389
0.00122366
-0.000298055
-1.17567e-11
-7.10772e-12
0.0118361
-0.00526967
7.36561e-13
-5.00597e-13
9.60929e-13
9.31546e-14
5.94024e-13
0.126646
-0.0995927
0.111695
-0.0567463
0.00971795
-4.25863e-13
8.17753e-14
4.73452e-14
-2.08616e-14
9.57627e-15
-0.316767
0.264298
-0.295317
0.233416
0.015289
-2.86726e-15
-1.91398e-15
-1.19587e-15
-2.82416e-15
-0.000125566
-0.0258058
0.0516602
3.47083e-16
3.60503e-16
4.82712e-16
-0.000430538
-0.0039526
0.00865103
5.53678e-17
-1.80435e-16
1.50129e-16
5.62031e-17
3.19531e-5
4.55696e-6
-0.000566783
0.00157821
-4.18496e-17
-4.34056e-17
2.44013e-17
-6.47355e-17
1.40313e-16
-2.86155e-6
5.16446e-6
4.83505e-6
-4.85491e-5
0.000173114
1.0417e-16
1.04052e-16
-5.44953e-16
1.79558e-15
-1.8105e-14
6.611e-14
1.62847e-9
3.51882e-8
-1.20366e-7
2.93985e-7
1.19104e-6
-3.25033e-6
-2.39328e-15
8.97965e-15
-2.23525e-14
6.37894e-14
3.92409e-13
-1.58057e-13
-3.65668e-12
6.93689e-12
5.15677e-11
-1.11302e-10
1.94273e-10
2.40114e-10
-6.11476e-9
-3.79742e-9
1.18176e-8
8.45953e-13
-4.83456e-14
-1.352e-11
-6.0316e-12
-6.71528e-9
-5.6085e-9
4.24938e-9
5.44984e-9
4.20816e-9
-2.23855e-9
-4.61694e-9
-6.53613e-9
6.42473e-9
-3.33676e-9
-2.72826e-9
5.0756e-9
1.24187e-9
1.37636e-8
-1.35867e-8
-8.82042e-9
3.56798e-9
7.70172e-10
1.40979e-10
1.21725e-11
4.29948e-10
1.90469e-9
-2.11895e-9
4.14733e-9
-3.08037e-9
-1.04882e-11
-4.70448e-11
-3.99533e-11
3.47973e-12
1.93026e-11
-3.07912e-11
-1.97125e-10
1.37591e-10
-6.59184e-10
2.3427e-10
3.09047e-11
5.72649e-11
8.70449e-12
-1.97865e-11
1.17644e-11
-3.09299e-12
-1.08935e-11
5.83816e-11
-4.25152e-11
-5.07583e-11
5.46197e-11
1.224e-11
3.47735e-12
8.94222e-12
-4.5522e-11
-3.43879e-11
6.08881e-11
4.46632e-11
2.27867e-11
-2.55469e-11
-1.10665e-11
-8.69336e-13
1.58997e-11
1.66965e-10
-1.28498e-10
5.46565e-11
-5.29552e-10
-8.64244e-11
-2.61811e-12
-6.6847e-13
3.87819e-13
4.48186e-12
-1.27487e-12
-1.34979e-9
1.1545e-9
-4.96153e-10
3.7588e-9
7.15119e-10
-6.50215e-11
2.23543e-11
7.50894e-12
-1.56602e-11
9.3592e-12
7.72389e-9
-7.16839e-9
4.449e-9
-6.77326e-9
-1.02353e-8
9.74255e-9
-4.34682e-9
3.5419e-12
2.71419e-10
-1.78513e-9
2.45646e-9
-1.12287e-9
4.82749e-9
9.87206e-9
-7.50226e-9
4.22837e-8
-1.66953e-7
1.277e-7
2.94628e-6
-2.40848e-5
-4.05316e-10
-0.00030332
7.47872e-5
2.09636e-10
-9.59899e-11
0.0010208
-0.000104669
-2.64817e-11
3.78311e-11
-0.00112865
-3.77116e-12
3.104e-12
-0.00166025
0.000412733
-3.13405e-13
2.78692e-12
2.66396e-13
-2.00521e-13
0.054286
-0.0135403
0.0128797
-1.90425e-14
-8.95417e-15
4.9861e-15
1.70164e-15
-2.73939e-14
-0.242373
0.125836
-0.154559
0.0448226
-0.00830289
1.05304e-14
-1.52619e-15
-1.77991e-15
9.85522e-16
-0.00505557
0.00212402
-0.0389643
-4.49247e-16
-1.20742e-16
9.7458e-17
-0.000726506
-0.00215068
0.000464152
1.57473e-16
-3.29522e-16
-4.44544e-17
-8.15441e-5
-0.000624103
0.000972737
-4.64572e-17
7.19014e-17
2.30883e-17
2.81611e-17
1.08363e-5
2.38656e-6
-9.38378e-5
0.000213187
-2.34878e-17
-7.91963e-18
-1.27503e-16
-3.81384e-16
3.33138e-16
-3.78203e-7
7.10973e-7
-1.25113e-6
-4.45734e-6
1.85149e-5
4.10966e-16
1.86413e-15
-4.96449e-16
-2.67362e-16
2.90381e-15
-7.7366e-15
3.6025e-14
-3.27553e-10
1.18653e-9
1.11269e-9
-1.54812e-8
5.93462e-8
8.93296e-8
-1.10556e-7
-1.96303e-14
1.52265e-14
-1.95859e-14
4.82714e-14
-1.57422e-13
-4.75057e-13
4.19756e-12
-1.3294e-11
1.20584e-10
-3.33085e-10
2.82672e-9
-1.22096e-8
9.38652e-9
1.68125e-8
-2.15042e-8
1.47191e-8
-1.78477e-8
2.40455e-8
1.40687e-8
-2.02424e-8
-7.29646e-9
1.29562e-8
3.36797e-9
-7.2308e-9
-5.3106e-9
5.06446e-9
9.55929e-9
-5.22138e-9
-1.55015e-10
-7.26349e-10
1.65022e-10
1.37252e-10
1.57917e-9
2.25098e-9
-1.2554e-9
-3.27432e-9
3.3e-10
-6.83287e-10
8.6087e-10
-3.35764e-11
-3.62578e-11
2.24111e-11
-3.24077e-12
-2.55594e-12
-9.84228e-11
-7.71499e-11
4.09062e-11
4.43512e-11
-5.42898e-10
1.98296e-10
-1.11518e-11
5.09183e-12
6.90886e-13
-1.72394e-11
-5.85858e-12
3.36183e-11
7.6583e-12
-3.12463e-12
2.28671e-12
4.44242e-12
1.01504e-12
5.12984e-12
-2.05846e-11
-2.9833e-11
3.84138e-11
3.15e-11
-1.13241e-13
-2.58053e-12
-3.84501e-11
-3.0482e-11
8.41929e-11
8.14522e-11
-3.07348e-13
-1.25925e-11
-1.75775e-11
-9.37808e-12
4.24436e-11
3.26631e-10
-2.46137e-10
3.39052e-11
-1.13891e-10
-7.50767e-10
-2.94138e-11
-4.66541e-12
9.82327e-12
5.94792e-12
-8.96062e-12
-3.35622e-9
1.83714e-9
-3.6986e-10
1.29098e-9
6.18481e-9
3.73557e-10
3.23705e-11
-9.84716e-12
-1.36098e-10
-1.25176e-11
9.25736e-12
2.49406e-10
1.80196e-9
3.65413e-9
-4.93299e-9
8.28721e-10
-7.40642e-9
1.59381e-9
5.30162e-9
2.30391e-9
-1.96075e-10
-1.31627e-8
3.55807e-9
-9.72693e-10
1.21925e-8
-7.78754e-9
1.75843e-8
9.16645e-9
-1.28695e-8
1.09182e-8
1.70299e-7
-1.06983e-7
8.66233e-9
-7.56857e-9
-1.55024e-6
4.99901e-7
-3.76405e-9
3.45193e-9
6.71172e-6
-1.22488e-6
1.09243e-9
-8.24207e-10
-1.46904e-5
3.3886e-7
-4.52915e-10
5.30542e-10
2.44668e-5
5.77924e-6
1.28221e-11
-1.02749e-10
-7.54336e-5
3.16641e-11
-3.64364e-11
-1.94016e-5
3.16041e-5
-2.25153e-11
-6.69879e-12
-0.00428602
0.000626947
0.000101733
1.29748e-12
-9.90126e-13
0.00444694
1.06881e-13
-5.47715e-14
-2.63007e-5
-0.000902957
-4.9668e-14
2.41826e-14
1.37838e-14
-2.53518e-15
-0.0195567
-0.000269805
-2.84737e-16
-3.63185e-15
0.00855818
0.000956821
-1.10587e-16
1.31598e-15
7.82979e-16
0.0083598
-9.72714e-16
5.80381e-16
4.3224e-16
6.39797e-5
0.000841224
-0.00288258
5.09067e-16
-1.51807e-16
-2.54073e-16
-3.99603e-5
-0.00023114
-0.000254461
-2.65618e-16
6.68514e-16
1.80977e-16
-1.98833e-6
-6.59515e-5
5.62504e-5
1.60623e-16
-1.0965e-15
-2.32907e-16
5.26052e-16
6.84026e-16
8.78057e-7
-2.51519e-6
-5.10843e-6
1.54462e-5
3.50639e-16
1.22913e-16
-4.00247e-15
2.86389e-15
1.27291e-14
-1.14014e-14
-5.22238e-11
-2.39188e-8
-9.47613e-8
1.04561e-6
-3.58476e-14
1.56806e-14
2.85639e-14
-1.35385e-14
4.84498e-14
2.38331e-14
-2.95016e-14
1.93429e-13
-1.33264e-12
4.80828e-12
-2.57198e-11
2.87697e-11
-2.51441e-10
9.00608e-11
-1.11101e-9
1.398e-9
-5.80152e-9
1.52367e-13
-1.0192e-13
4.47511e-14
9.71363e-14
6.53377e-13
-2.10085e-12
9.54966e-12
-1.85704e-11
6.89882e-11
1.71125e-8
-1.83957e-8
-2.32931e-8
1.87196e-8
2.05596e-8
-1.70697e-8
-1.36358e-8
1.11395e-8
7.46109e-9
-5.09207e-9
-4.78576e-9
2.43714e-9
3.2078e-9
-9.73085e-10
-2.54148e-11
1.1513e-10
2.61868e-9
-8.66427e-10
-6.43064e-9
1.02016e-8
-3.74208e-9
-1.38654e-8
-1.48931e-10
5.55961e-11
2.86054e-11
-4.96916e-13
-1.24496e-13
-1.85741e-14
5.82323e-10
-2.37812e-10
5.70047e-10
-3.44575e-10
9.73237e-13
9.28176e-13
4.35677e-13
-1.29174e-12
-1.32449e-11
-1.59925e-11
5.85794e-12
-6.49791e-11
1.81677e-11
7.0731e-14
-2.59115e-14
2.86139e-12
-9.20705e-13
7.32048e-13
3.50983e-12
1.54593e-11
-8.34867e-12
4.58146e-12
4.28178e-12
-1.55212e-13
-1.19087e-13
-3.29741e-11
-1.08621e-10
1.34177e-10
1.13808e-11
-1.42825e-12
-6.57168e-13
-1.20567e-10
-2.44528e-10
2.8065e-10
4.25374e-11
-1.25651e-12
-8.86644e-12
-1.34681e-12
-2.35648e-11
5.5293e-11
2.52188e-11
-8.04394e-11
-5.35231e-10
-1.96239e-10
2.03293e-10
7.97024e-11
1.09002e-11
-3.22259e-11
-1.0934e-11
3.01486e-11
2.03664e-9
-4.31576e-9
2.56433e-9
-1.39951e-9
-2.00224e-9
-1.24993e-9
-4.43647e-11
1.53946e-11
5.91135e-11
-3.89091e-11
4.67223e-13
-2.10156e-11
-7.73145e-9
9.82371e-9
-4.16467e-9
6.17977e-9
1.06132e-8
-5.73983e-9
-1.3234e-8
2.30697e-9
-7.65198e-9
4.65892e-9
4.42017e-8
-1.70944e-8
-9.09352e-9
4.43589e-9
1.23019e-8
-1.41742e-7
4.09092e-8
5.01241e-9
-1.14842e-9
-7.77411e-9
2.68785e-7
-8.51782e-8
-1.25167e-9
-1.73657e-9
3.15898e-9
-6.40695e-7
3.79775e-7
-1.42151e-10
1.26743e-9
-8.17249e-10
6.33966e-6
-2.32409e-6
2.1307e-10
-5.18283e-10
1.67001e-10
-1.93189e-5
6.42328e-6
7.39112e-12
1.34483e-10
4.70359e-11
-0.000165106
3.62697e-5
-1.84515e-5
-6.79519e-12
9.40753e-12
0.000119542
-1.58792e-12
1.16467e-12
7.72605e-5
-4.05842e-5
1.90691e-13
-2.44894e-14
-0.000171812
0.00027096
-3.7641e-15
2.5783e-15
7.06398e-5
-5.67961e-5
4.64864e-15
-6.24777e-16
-0.00290436
-0.000754361
6.79525e-17
-1.796e-15
0.00106788
0.000338271
-3.18249e-15
2.06331e-15
2.07167e-15
0.000475941
-9.37329e-16
-2.72203e-15
-2.07137e-15
0.000142458
0.000114532
-0.000148896
-3.80758e-16
1.09423e-14
2.51465e-16
-3.49051e-6
4.17492e-5
-9.52055e-5
3.99916e-15
-4.56903e-15
-8.26171e-16
-1.17867e-14
1.05052e-6
-3.91246e-6
2.6141e-6
-7.10073e-6
1.5704e-14
-1.87226e-15
-4.5525e-15
4.23366e-15
-2.86037e-7
5.22407e-8
-2.65485e-7
1.76357e-6
3.5284e-14
-3.28829e-14
-2.69801e-14
2.19394e-13
-1.46503e-13
6.361e-10
6.65438e-9
-1.45071e-9
-5.25635e-9
6.96963e-8
-3.24915e-13
3.48832e-13
-1.46722e-13
1.91874e-13
-7.5604e-13
-4.91979e-13
-7.92952e-13
5.31246e-13
-1.76978e-12
-7.88914e-12
-2.66073e-11
2.91272e-11
-4.25847e-11
2.9651e-11
-6.615e-10
2.56245e-13
3.2991e-12
-1.14822e-12
3.1393e-12
3.13833e-12
-2.76652e-11
-6.29042e-9
5.10982e-9
1.15961e-8
-5.153e-9
1.76951e-8
-9.1794e-9
-2.02705e-8
1.4087e-8
-7.52737e-9
1.5347e-9
-4.89093e-10
-6.00328e-11
1.22217e-10
-9.01409e-11
9.3508e-11
-4.01513e-11
-3.16276e-12
-2.38495e-11
1.67682e-10
3.89768e-11
1.8028e-9
-6.39034e-10
4.54943e-12
-1.54249e-12
6.26951e-12
-2.62556e-12
8.46678e-11
-2.59747e-11
1.67924e-10
-6.9089e-11
1.03282e-12
-1.31618e-13
4.1135e-13
4.44029e-13
-1.36403e-12
-1.77485e-12
5.11279e-13
4.84767e-13
-4.1393e-12
3.50243e-13
-3.68707e-12
2.2744e-11
3.55212e-12
-3.28805e-11
5.65009e-14
3.2887e-13
-2.04376e-13
-3.96389e-14
1.19258e-10
-3.15781e-10
3.74099e-13
1.07206e-13
-1.30826e-13
3.1001e-14
1.81892e-10
-7.51685e-10
1.90078e-12
-2.28923e-14
-3.77149e-13
4.66257e-13
-9.72734e-11
4.7249e-11
2.37869e-10
-6.50155e-10
-6.879e-11
-2.89743e-11
2.0987e-11
8.67698e-12
1.02817e-10
-2.95762e-10
-8.92982e-11
2.38887e-10
7.83101e-10
5.3517e-10
-3.63518e-10
-2.00038e-10
-2.38051e-11
5.75517e-11
2.14361e-11
-2.78411e-11
9.59404e-10
-7.1131e-10
-3.36047e-10
-8.28577e-10
-2.86346e-9
1.24244e-9
4.50238e-10
1.16024e-10
-1.04596e-10
-5.48567e-10
2.77774e-11
-3.681e-9
1.75546e-9
8.71743e-9
-1.58422e-8
4.39669e-8
-1.99677e-7
7.932e-7
-1.59017e-6
-2.3821e-10
5.39499e-6
4.36384e-11
-5.68192e-12
-4.77086e-12
-5.18383e-11
-4.517e-6
5.53006e-6
-2.81202e-6
-3.49376e-7
1.26717e-12
4.33521e-13
-2.27229e-13
-5.58565e-5
6.3178e-6
-1.11971e-14
-1.05729e-13
2.31703e-5
4.42113e-6
1.10712e-13
-4.19212e-14
5.39182e-6
3.06532e-6
5.89846e-15
-2.31858e-14
-1.30888e-5
1.65955e-6
1.70102e-14
-1.34152e-14
-0.000360373
-0.000131409
8.19903e-15
1.97669e-13
-8.48632e-14
0.000152782
4.13288e-5
-3.74854e-15
2.56313e-14
9.0375e-15
-1.75209e-14
-3.45646e-5
-2.02432e-5
-3.20355e-14
-2.88996e-14
-1.65588e-14
1.49859e-13
-1.80552e-5
2.25635e-5
-7.6972e-15
1.94322e-13
8.97643e-14
-4.60336e-13
5.67298e-7
-2.15492e-6
6.45053e-6
2.19948e-14
-6.41678e-14
-1.41483e-14
2.04986e-14
-4.21301e-7
8.5181e-8
-3.95863e-7
7.32865e-7
8.5815e-14
-3.43818e-14
1.14458e-14
-1.40841e-13
-1.56186e-8
2.67232e-9
-1.75518e-8
1.18677e-7
7.77728e-13
-1.10952e-12
-6.28878e-13
5.52382e-12
1.4904e-12
1.44909e-10
5.44508e-10
-2.95049e-10
-3.08994e-10
3.838e-9
-4.19446e-12
-1.17314e-12
1.02895e-12
1.8379e-12
-8.6843e-12
-5.16209e-12
1.00044e-11
-3.58019e-11
7.35144e-11
-1.03718e-10
1.13209e-10
-1.21549e-8
7.80407e-9
1.29482e-8
-1.05441e-9
-7.9716e-9
-1.41579e-9
2.42659e-9
4.88889e-9
3.93006e-9
-8.10273e-9
-9.08192e-10
-8.95851e-10
4.91439e-10
1.73764e-11
-2.40636e-10
6.00489e-10
-1.7999e-9
7.03712e-10
-5.14435e-9
1.65283e-9
8.5725e-9
-4.89775e-10
6.23965e-11
-9.10471e-12
5.9469e-11
-4.62894e-11
-5.50611e-11
3.20018e-11
1.74689e-10
-3.84139e-11
1.34994e-11
-2.94418e-12
7.19169e-12
-1.14069e-12
6.91467e-12
-5.63387e-13
2.45464e-11
-1.16442e-11
2.85461e-13
2.56444e-13
3.21757e-13
-9.54237e-13
8.18806e-13
-5.17679e-11
1.27607e-11
8.54537e-12
-9.08348e-13
-4.03848e-11
2.44632e-10
-3.57351e-10
3.90704e-13
4.07337e-10
1.32887e-9
-1.48104e-9
4.18364e-14
1.91151e-9
2.19251e-9
-3.73411e-9
-5.68025e-12
-2.50823e-12
1.62335e-12
8.03831e-14
7.54147e-10
-1.70789e-9
-5.64218e-10
1.15964e-9
1.44209e-10
6.51931e-11
-4.93586e-11
-1.84157e-11
-1.3832e-10
2.96369e-10
5.01236e-11
-8.43286e-11
1.13313e-10
-3.17902e-10
2.39887e-11
1.72119e-10
-6.59025e-12
1.60306e-11
2.25982e-10
-1.35752e-10
-6.14463e-10
2.19507e-9
-4.30369e-9
2.19533e-9
-1.23688e-9
-4.20955e-10
-4.30628e-9
4.04654e-9
-1.93069e-9
-2.9924e-9
9.31744e-10
6.30501e-9
-2.5412e-9
-3.95703e-9
9.7803e-9
-5.62876e-10
-2.1015e-8
1.19425e-8
7.79222e-9
-1.53514e-8
-3.25049e-9
6.41584e-8
-2.56673e-8
-1.58831e-8
2.04073e-8
6.865e-9
-1.25728e-7
3.41149e-8
5.04226e-9
1.89776e-10
-2.89361e-9
-2.74474e-7
8.15115e-8
-2.00373e-9
5.41376e-10
1.0435e-9
8.76463e-7
-4.12426e-7
3.82107e-10
-1.55148e-10
4.21401e-7
8.51626e-7
-5.06216e-13
-3.0952e-6
-5.52385e-13
-1.19738e-13
4.9519e-7
6.9395e-7
2.98326e-12
-9.52665e-13
-6.87943e-6
-3.74098e-6
2.02347e-13
-5.03235e-13
1.39215e-6
1.77939e-6
5.11679e-14
-5.92961e-14
6.15626e-6
2.12063e-7
-1.94301e-14
1.06871e-13
6.12184e-6
-2.4549e-6
-2.05949e-13
-5.24468e-5
6.01795e-14
1.43847e-5
-9.77948e-6
3.05504e-5
9.99939e-14
-2.85307e-6
-1.89549e-6
-3.13487e-6
-6.60157e-13
-9.95593e-7
-1.59731e-6
1.88426e-6
7.77225e-13
2.9123e-13
-1.1403e-12
-1.39829e-7
7.3004e-8
-1.26092e-7
-2.96451e-7
5.24494e-7
9.45611e-13
-7.39688e-13
1.94427e-13
6.84467e-13
-2.62726e-8
5.02966e-9
-2.67065e-8
3.80192e-8
-2.70235e-12
-1.63858e-13
2.28634e-12
-5.28628e-12
-8.54545e-10
4.07943e-10
-1.0065e-9
7.29901e-9
1.17185e-11
-1.76977e-11
9.63553e-12
-8.0543e-12
3.56194e-13
1.1361e-11
4.38065e-11
-4.42127e-11
4.71697e-11
7.41037e-11
-2.44789e-10
-2.1706e-10
9.93297e-10
-7.53038e-10
3.90389e-10
4.76432e-11
-2.04527e-10
1.52499e-10
-4.31866e-11
-3.46974e-10
8.91592e-10
4.1726e-9
-2.36514e-9
-5.99539e-9
1.231e-9
-1.19649e-10
-1.35663e-9
7.67532e-9
-4.01503e-9
-8.68796e-9
9.34771e-9
1.05963e-9
-1.54031e-9
-2.6023e-9
5.61777e-9
1.58013e-9
-3.40569e-9
1.50373e-10
-8.49081e-10
-1.82456e-10
9.75251e-11
-9.15183e-10
-7.85048e-12
2.7332e-10
-4.76032e-11
6.48125e-11
-1.22398e-11
-3.09889e-12
-4.30741e-11
-1.64808e-11
8.05475e-11
4.26339e-12
-1.97347e-12
-7.69977e-14
8.21277e-12
4.41229e-14
-8.34389e-12
3.7207e-11
-1.35672e-11
2.49064e-11
-8.35795e-11
-1.28688e-11
-6.43187e-11
7.25811e-11
7.3463e-11
-1.81141e-12
4.99055e-12
-7.80216e-12
5.68718e-12
-2.85169e-10
1.0245e-9
1.16183e-13
-4.89653e-13
-7.67456e-13
-1.49395e-13
-1.08191e-9
4.12192e-9
-3.93076e-14
6.91847e-14
-3.10659e-13
4.22776e-14
-2.33232e-9
4.90154e-9
-3.6267e-13
8.12192e-14
-5.6089e-14
3.69245e-14
3.22268e-9
-4.90001e-9
-2.03536e-9
2.95084e-9
1.43745e-11
4.44376e-12
-3.43286e-12
-9.51011e-13
-5.38899e-10
7.78525e-10
8.57602e-11
5.94639e-11
-4.72538e-11
-7.55212e-11
2.6419e-11
2.82623e-11
-2.73997e-11
1.15668e-10
8.2642e-11
-1.82221e-10
-8.71242e-10
1.0553e-9
-2.63103e-10
3.87024e-10
1.24638e-9
2.5585e-10
1.15248e-10
1.75462e-10
-1.07331e-10
-1.32958e-10
5.02795e-11
-1.89694e-9
-7.79066e-10
3.42014e-9
5.84501e-10
-8.90747e-9
4.8198e-9
1.32845e-8
-2.12014e-8
1.73625e-9
-1.30222e-9
1.92741e-7
-1.16464e-7
1.58273e-9
3.2365e-11
-2.69634e-10
-8.74852e-8
-6.94605e-9
-3.0384e-11
2.5839e-10
3.62084e-11
-4.2846e-7
9.14648e-8
-4.05201e-11
7.16973e-11
-2.2969e-11
2.14226e-7
-3.77217e-7
3.81006e-12
-3.72959e-12
-1.77112e-7
2.87396e-8
7.79159e-13
-3.92619e-13
2.53064e-7
-7.24671e-7
2.74924e-13
1.07385e-12
-4.53084e-7
3.04737e-7
-1.89635e-12
1.23111e-12
-6.6239e-6
2.2014e-6
-5.7195e-13
-8.50818e-12
3.96501e-12
5.26897e-6
-1.90457e-6
3.07089e-13
-1.02778e-12
-1.18179e-13
2.70616e-13
8.03037e-6
-1.3372e-5
4.94489e-14
-3.00991e-14
-3.81948e-13
1.64172e-13
1.07071e-6
-4.1394e-6
1.12795e-12
5.41733e-12
1.77324e-12
-1.46491e-11
6.07873e-7
-9.15165e-7
-2.95273e-12
7.78195e-13
6.64618e-13
1.42671e-11
9.86253e-8
1.85583e-7
-1.99019e-7
-4.58579e-11
5.84643e-12
2.75695e-12
-2.62385e-11
-1.09762e-8
3.67402e-9
-3.42874e-8
-1.58254e-7
6.31749e-11
-8.90135e-12
1.17342e-11
3.10759e-11
-1.68019e-9
5.91404e-10
-1.17297e-9
9.74122e-9
-1.59892e-10
-5.0826e-12
5.60912e-11
-1.41705e-10
-8.06064e-11
-3.11321e-9
-1.19474e-9
3.89859e-9
-6.81311e-10
3.79763e-10
7.72812e-11
2.48079e-10
-1.22835e-10
-5.93097e-10
5.41734e-10
-3.65334e-10
1.51168e-10
1.99704e-9
-2.44913e-9
5.49798e-9
-5.02962e-9
-1.07739e-8
1.16808e-8
1.64384e-8
-9.91513e-9
-1.28329e-8
5.85267e-9
2.54226e-9
2.06103e-9
1.40944e-9
-1.10097e-9
6.2031e-10
-4.0956e-10
-3.68443e-9
1.04165e-9
5.48272e-9
-3.49604e-9
8.6262e-9
-8.9969e-9
3.5654e-9
-3.36e-9
-8.6334e-10
1.40232e-10
-1.45358e-10
5.76268e-10
1.91961e-10
-9.55894e-10
7.07155e-11
-1.8258e-11
5.95813e-11
-1.38338e-11
1.56485e-10
-4.40956e-10
2.28363e-10
-2.28611e-10
7.44701e-10
2.63363e-11
-5.25624e-11
8.70723e-11
-1.53726e-10
-4.87634e-11
-1.13382e-10
1.07273e-10
6.35082e-11
-6.13171e-11
-5.43768e-10
1.089e-9
-1.38179e-11
-1.68883e-9
-2.75278e-9
4.6663e-9
2.23678e-12
-7.29449e-9
-7.62608e-9
1.09867e-8
2.89943e-13
4.60864e-16
6.33039e-9
-3.2519e-9
5.49609e-13
2.64054e-13
-2.08579e-13
1.43285e-13
-7.68169e-10
-1.55169e-10
-4.87345e-10
2.32813e-9
-1.16792e-11
-8.89039e-12
3.79929e-12
2.42358e-12
-3.53735e-10
1.1256e-9
3.05123e-10
-8.7312e-10
-1.6779e-10
9.93592e-13
6.02032e-11
-4.53638e-11
-6.73955e-12
1.66533e-10
-2.53954e-10
-1.10153e-10
-7.29719e-11
1.0203e-10
1.18588e-9
-7.8061e-10
-2.07407e-9
1.25474e-8
-1.35187e-8
5.95061e-9
-9.08744e-9
-2.0054e-8
7.87e-9
1.55802e-8
-5.62515e-9
-1.37677e-9
-2.51054e-9
-7.31861e-9
7.12962e-9
1.65712e-8
-3.70007e-9
-1.66536e-8
1.5307e-8
-1.78896e-8
-3.51853e-9
-1.62785e-11
-5.07221e-8
7.68066e-8
6.39392e-10
-7.04407e-10
-2.71069e-8
4.28376e-8
-4.35167e-8
-2.75898e-10
2.58891e-10
1.24841e-7
-5.99761e-8
6.86028e-11
-1.68418e-11
-5.92776e-12
5.53517e-8
4.45294e-9
6.05619e-13
-3.27823e-12
7.57199e-8
-4.68587e-8
3.44538e-12
-7.71862e-12
5.2374e-7
-2.03234e-7
9.87983e-12
5.17427e-11
-2.43908e-11
-5.21896e-7
2.71968e-7
4.61518e-12
-2.99869e-6
1.41091e-6
-1.61736e-12
5.27292e-6
-1.15528e-12
1.27626e-6
3.06047e-6
-4.61447e-6
-9.8858e-12
3.4171e-8
1.02877e-6
-1.88967e-6
3.82958e-11
-7.31988e-11
-3.11583e-8
1.85251e-7
-3.61738e-7
1.78859e-10
1.25684e-10
-4.53217e-10
7.01207e-8
-1.32792e-8
-3.79792e-8
2.45449e-8
9.39299e-10
-2.41866e-10
-1.49371e-10
7.71769e-10
-2.67392e-9
9.31415e-10
2.74147e-9
3.26847e-8
-1.38392e-9
3.51129e-10
2.90061e-10
-7.53106e-10
-1.36327e-9
4.6174e-9
1.03451e-10
-1.04947e-9
3.89129e-10
-1.45754e-10
5.39374e-10
-5.71334e-10
5.8324e-10
-8.51044e-10
2.69049e-9
3.00861e-9
1.73261e-9
-3.44991e-9
-4.04563e-9
7.8338e-10
-1.37857e-8
1.07471e-8
-3.96927e-9
-3.1657e-9
2.12143e-9
6.20176e-9
-8.53162e-9
-9.38372e-9
1.18802e-8
-1.31501e-8
1.20512e-8
-7.46207e-9
-1.07421e-8
8.93041e-9
6.44895e-9
-9.04359e-10
7.07897e-10
3.4869e-9
1.15354e-9
-1.56898e-9
1.68306e-9
9.92652e-10
-3.66846e-10
-7.9848e-10
-1.17302e-10
5.26301e-9
-1.04574e-8
1.63307e-9
-2.70149e-9
-5.13233e-10
5.19187e-10
8.24187e-11
-5.69092e-10
1.40413e-9
-1.12335e-9
-6.74786e-10
-9.10366e-11
4.15298e-10
1.49048e-10
-3.37134e-10
9.10289e-11
7.29106e-10
-5.68242e-11
-1.55415e-10
2.49904e-10
-4.41747e-10
2.3256e-10
-4.42103e-10
7.64062e-10
1.25287e-10
1.32756e-9
-8.94378e-10
-1.68562e-9
-2.44697e-11
7.72661e-11
-7.43168e-11
2.77064e-11
3.80803e-9
-4.5032e-9
-3.21875e-12
8.41767e-12
-8.99871e-12
5.00353e-12
7.32634e-9
-8.64345e-9
-2.42594e-13
2.92338e-13
-5.95813e-14
6.92289e-13
-7.37988e-9
5.34052e-9
2.42664e-9
4.94596e-10
1.02935e-13
1.77249e-14
1.8203e-9
-4.06248e-9
-9.88939e-13
-6.06955e-13
2.33088e-13
6.08821e-13
-2.01996e-12
-1.56499e-9
3.08176e-9
-1.23501e-9
1.35563e-9
-1.64663e-11
5.5253e-12
9.67985e-13
8.36253e-12
-1.10087e-11
5.90784e-10
-5.74845e-10
-8.68441e-10
1.57902e-11
3.44801e-10
4.41861e-10
-8.94173e-10
-3.25042e-9
3.39182e-9
-9.56151e-10
2.44602e-9
5.75774e-9
-3.38492e-9
4.66093e-10
-2.08329e-10
1.20875e-9
2.07695e-9
-3.40244e-9
4.61026e-9
3.11178e-9
-4.49979e-9
-2.64044e-9
1.53651e-9
-5.69212e-9
2.35096e-9
-1.31141e-9
-7.83377e-8
4.12133e-8
-1.43467e-9
-8.36231e-10
6.13227e-10
9.65712e-8
-5.50821e-8
3.94147e-10
-7.17043e-10
-1.75832e-8
1.28217e-9
-3.40733e-10
6.55707e-9
2.33806e-8
-1.56688e-8
-1.15619e-10
1.98029e-10
4.20333e-8
-1.82971e-8
4.8016e-11
-8.12469e-11
-2.81532e-11
3.54452e-11
-1.96034e-10
-1.4676e-7
1.2814e-7
-1.07583e-7
5.27567e-8
-5.14869e-11
1.28014e-10
-3.63652e-11
4.73608e-7
-2.21876e-7
1.49348e-11
-4.98303e-12
2.65201e-6
-1.23984e-6
3.38321e-12
5.17066e-11
-2.2618e-11
-1.94716e-6
9.2753e-7
-1.53642e-12
1.89892e-11
3.93867e-12
-2.65614e-11
-2.23412e-6
2.81986e-6
-6.72193e-12
1.05999e-10
5.01345e-11
-2.14087e-10
-9.97377e-7
1.2949e-6
-1.5211e-10
2.22501e-10
1.74788e-10
-2.22557e-10
-4.14564e-8
-3.42426e-7
4.07847e-7
6.32968e-10
-3.66333e-10
7.94349e-10
2.1932e-8
2.46799e-7
-1.54272e-9
-8.06197e-10
2.38342e-9
-1.50213e-8
3.61429e-9
2.77881e-9
-6.83351e-9
-9.7442e-10
2.88169e-9
1.17386e-9
-2.61592e-9
-7.08113e-10
1.91886e-9
3.63608e-10
7.58303e-10
-1.69612e-9
3.30363e-9
-1.06546e-9
2.38799e-9
-5.35021e-10
5.24545e-10
-1.73291e-9
-2.4795e-9
8.15192e-9
9.39003e-9
-1.1837e-8
3.79688e-9
-1.21202e-8
6.33634e-9
-2.98411e-9
6.28477e-9
-6.69025e-9
6.19162e-9
-2.5446e-9
-2.85183e-9
6.09037e-9
3.79662e-9
-4.79684e-9
1.06129e-8
-1.60699e-8
1.4979e-8
-1.14923e-8
6.51331e-9
-3.60629e-9
-5.60937e-10
-3.70659e-9
2.146e-9
3.10127e-9
4.43578e-9
-2.30682e-9
2.8132e-9
-4.20576e-10
1.75282e-9
1.32693e-9
-2.55237e-9
-9.07435e-10
-2.1069e-9
5.00108e-9
-3.32266e-9
1.32879e-9
7.52469e-11
-1.12848e-9
1.92043e-9
-1.25803e-9
1.44102e-9
-2.52687e-9
-1.84056e-10
2.42417e-10
-4.48975e-11
-5.97147e-10
7.45043e-10
6.99518e-10
-3.96427e-10
-6.22046e-10
1.88079e-9
6.29691e-11
-2.17757e-11
-1.83639e-9
3.92814e-9
1.51773e-11
-1.13474e-11
-4.2848e-9
5.04126e-9
1.51199e-12
-2.55689e-12
-8.03065e-10
-5.4494e-9
-1.61034e-13
6.31694e-15
1.32244e-12
2.70565e-13
-4.7349e-9
9.70201e-9
5.47048e-9
-1.02328e-8
2.98378e-14
-1.85344e-13
-4.75529e-9
-1.12219e-9
1.19847e-9
-7.95749e-14
7.91531e-13
-7.66534e-12
-4.79621e-10
3.45589e-9
1.50443e-9
-4.77178e-9
-9.67555e-10
2.58342e-11
6.54643e-10
-1.28099e-9
-5.49294e-11
4.41686e-10
-7.63214e-10
-3.54223e-9
2.12913e-9
6.38369e-9
-1.92379e-9
-5.81762e-9
1.06816e-9
2.90907e-9
4.41308e-10
3.79279e-9
-8.57627e-10
-1.49279e-8
1.38725e-9
1.81666e-8
1.93337e-9
-1.81442e-9
5.72877e-8
-3.70915e-8
-6.62833e-10
-9.0203e-10
-1.61347e-8
4.03058e-10
-1.4539e-10
-4.94301e-9
1.60084e-9
-4.44146e-9
3.67455e-10
1.88031e-8
-5.40607e-10
1.39044e-8
-2.68384e-8
1.13949e-11
1.62079e-11
-3.49639e-7
1.42808e-7
-2.03578e-11
-6.79965e-11
1.17193e-10
1.65974e-7
-2.23943e-8
-1.33863e-10
1.15333e-13
1.14931e-6
-4.95809e-7
-4.45752e-11
5.40168e-11
1.14471e-6
-1.87614e-6
-3.29942e-10
5.0511e-10
4.39828e-7
-7.98034e-7
-6.69755e-11
9.64061e-11
1.78644e-7
-2.23443e-7
-1.05306e-9
-1.33287e-9
2.47714e-9
-7.86413e-8
8.11636e-9
1.98631e-7
-2.48935e-7
-4.04419e-9
2.2643e-9
-6.90551e-9
-2.57274e-9
-1.16792e-7
1.21108e-8
-4.55179e-9
7.179e-9
-2.92089e-10
6.81769e-9
-1.05592e-8
1.3351e-8
-4.29412e-9
-2.02558e-9
3.88231e-9
5.62041e-9
-8.51017e-9
2.93647e-9
-1.79198e-9
1.00918e-9
6.1722e-9
-1.31971e-8
1.45178e-8
-1.22255e-8
7.36584e-9
-2.34421e-9
-6.08138e-10
2.44714e-9
5.91963e-10
1.06419e-9
-3.5147e-9
4.43914e-9
-1.10504e-8
1.42755e-8
-1.29223e-8
8.02832e-9
-2.54268e-9
-1.23753e-9
4.18324e-9
-7.4141e-9
-6.8891e-9
9.06175e-9
1.75305e-9
-3.24397e-9
7.73191e-10
-4.31969e-9
7.00097e-9
-7.3455e-9
-5.75756e-9
3.29472e-9
1.25826e-10
2.75664e-9
-8.03131e-9
-1.6068e-9
5.32793e-9
-3.76418e-9
2.41433e-9
-4.29652e-9
3.58845e-9
5.23012e-9
-1.64035e-9
3.17033e-9
1.06784e-9
-1.61096e-9
8.31525e-10
-2.69717e-9
1.82455e-9
5.11915e-11
-1.48351e-9
-1.11945e-9
-3.30402e-10
5.30438e-10
-2.47996e-9
-5.29616e-9
5.3589e-9
-7.99765e-11
-1.88953e-9
-3.11722e-9
1.65635e-9
2.56026e-11
8.90074e-12
-3.74424e-9
9.82332e-9
-6.94628e-12
2.59031e-12
-1.30272e-8
1.23787e-8
1.8289e-13
-2.49386e-13
-8.45123e-13
2.00312e-13
-5.68163e-14
6.86572e-9
-8.35332e-9
2.36038e-9
7.79968e-10
-4.15635e-13
1.0626e-14
1.2652e-13
-2.52856e-13
1.99115e-12
6.17693e-10
-4.07487e-9
7.68404e-9
-1.02793e-11
-5.50284e-9
7.68048e-9
-1.74986e-10
4.53792e-11
1.81738e-12
1.73417e-10
-3.58083e-10
3.43762e-9
-5.89585e-9
-4.91889e-10
5.44343e-10
6.13666e-9
-2.74729e-10
-1.01224e-8
-6.81635e-10
1.05409e-8
2.00714e-9
-7.17678e-9
-3.0467e-9
1.56517e-9
3.16988e-9
3.99081e-9
-3.1362e-9
-6.4869e-9
3.98577e-9
1.22892e-8
3.10792e-9
-4.37162e-9
3.12097e-8
-1.86364e-8
-1.16517e-9
1.60285e-9
2.37398e-10
2.13896e-11
1.03258e-9
-2.92967e-9
5.28878e-9
-1.54595e-9
4.19554e-9
2.57022e-9
6.23926e-10
8.60072e-10
-2.57839e-9
1.39849e-9
4.11767e-10
-6.11342e-10
-6.03916e-8
2.66486e-8
-8.95417e-9
7.5033e-9
-1.08978e-10
-2.53137e-10
5.18681e-10
-4.45956e-10
-1.50478e-8
-1.28763e-8
5.57569e-10
-2.76591e-7
7.84883e-8
6.42365e-11
8.92705e-7
3.10952e-10
1.76768e-7
3.0688e-7
-4.30345e-7
-6.55605e-10
8.78558e-10
8.85632e-9
1.51252e-7
-2.25155e-7
1.47467e-9
-3.83861e-9
-3.81561e-8
2.48403e-8
6.44702e-9
4.24436e-9
-9.0189e-9
5.18435e-8
-2.356e-8
-3.13555e-8
4.99722e-8
1.29047e-8
-1.9511e-8
-1.09989e-8
2.0789e-8
-1.66523e-9
1.57737e-9
6.09769e-9
-1.13407e-8
2.32534e-8
-2.19412e-8
1.50942e-8
-2.08036e-8
-9.91328e-9
1.66584e-8
-5.81267e-10
-1.29367e-9
-4.27749e-10
6.23708e-10
7.56695e-10
-5.4742e-9
-1.99222e-9
-1.02062e-8
2.01561e-8
-2.38393e-8
2.05256e-8
-1.35117e-8
6.60363e-9
-2.21966e-9
3.46195e-10
2.52526e-10
-1.43423e-9
-4.87288e-9
6.31015e-9
-8.4946e-9
6.32079e-9
-1.17175e-9
-3.84225e-9
6.27027e-9
-6.07692e-9
3.98281e-9
1.72347e-9
3.80049e-9
1.09992e-8
-9.3973e-9
8.01924e-9
4.93815e-9
-1.22705e-8
2.4842e-8
-2.98303e-8
-1.31698e-8
7.1807e-9
-6.25421e-9
5.04778e-9
-4.04738e-9
-4.51198e-9
2.48762e-9
-8.05662e-10
3.11987e-9
-2.33223e-9
-9.622e-10
3.51643e-9
-1.20046e-9
8.33181e-10
-1.107e-9
8.56301e-10
1.41494e-9
4.94028e-9
-6.71426e-9
5.19384e-9
-4.33503e-9
-5.92655e-10
1.0376e-9
-7.34293e-10
4.00358e-10
2.22305e-9
5.86419e-10
-1.43119e-10
3.43449e-10
-2.38987e-10
1.07238e-10
3.85354e-11
1.13366e-9
-3.98996e-9
7.73998e-9
-1.21914e-8
-8.13223e-12
1.0956e-12
1.28825e-8
-1.06951e-8
2.00328e-13
-2.16112e-13
-6.02382e-14
6.07755e-9
-3.1935e-10
-4.59335e-9
1.07536e-13
-4.19908e-13
1.48701e-13
9.60536e-9
-1.56403e-8
-8.43971e-9
1.92804e-8
5.54819e-12
-5.51109e-11
-2.02326e-11
9.60694e-9
2.79412e-10
3.06713e-10
-7.94781e-9
-1.21716e-9
1.38855e-8
2.83703e-9
-1.56976e-8
-4.57418e-9
1.28656e-8
5.46671e-9
-7.3116e-9
-4.99427e-9
2.12112e-9
3.63668e-9
7.93314e-10
-1.97721e-9
-2.59155e-9
-1.19015e-9
1.25586e-9
-2.44085e-9
4.04826e-10
1.61395e-8
-1.30039e-8
-1.44861e-9
2.10143e-10
-1.2814e-10
6.13516e-9
-2.21125e-9
-7.28827e-11
-1.79041e-9
1.65801e-9
5.99298e-11
1.65951e-9
-2.32892e-9
2.31016e-9
-6.14042e-10
4.65191e-9
-2.17974e-9
-7.83598e-10
1.7876e-9
-3.82119e-8
6.80312e-8
2.73609e-8
-1.42021e-8
4.3538e-11
-3.76946e-11
3.65198e-10
-1.43878e-9
-1.63367e-9
3.5282e-9
-8.51921e-8
6.3736e-8
4.79172e-9
-6.02159e-9
-3.13723e-9
2.76645e-9
-8.81872e-8
-5.48162e-8
7.3883e-8
3.91368e-10
-2.42071e-9
4.98369e-9
2.42495e-8
-3.80544e-8
7.29194e-8
-8.16219e-9
1.19821e-8
2.11451e-8
-2.47844e-8
-1.698e-8
2.39749e-8
-3.11598e-8
-1.09918e-8
1.18913e-8
-1.67503e-8
4.10234e-8
-4.87046e-8
2.21059e-8
-2.57648e-8
8.66328e-10
-1.57134e-8
1.47733e-8
3.51105e-9
1.2452e-8
-2.49184e-8
2.98872e-8
-2.62817e-8
1.73961e-8
-8.46548e-9
2.81471e-9
-7.32709e-10
1.4794e-9
9.74775e-9
-1.64556e-8
1.42475e-8
5.38573e-9
-1.46609e-9
-1.40609e-9
1.66767e-9
1.37764e-9
-6.48183e-9
1.05618e-8
-1.10256e-8
7.66059e-9
-1.39116e-9
-6.71995e-9
-1.97853e-8
2.37169e-8
2.25801e-8
-2.13194e-8
2.33516e-8
-1.56649e-8
1.06413e-8
-8.42355e-9
-1.53619e-8
1.15985e-8
-7.74832e-9
6.10353e-9
-4.65162e-9
3.604e-9
5.07233e-9
-2.89714e-9
8.81156e-10
-2.71381e-9
1.91852e-9
1.04835e-9
-3.02436e-9
-1.39097e-9
1.20301e-9
-8.07612e-10
5.31887e-9
-5.4236e-9
3.85804e-9
4.8025e-10
-2.97619e-10
-1.43258e-9
-1.53392e-9
1.6021e-10
-7.42589e-11
-3.6627e-11
4.56393e-9
-6.37349e-9
7.86993e-9
1.41463e-11
-4.76603e-12
-8.1569e-9
6.07717e-9
1.23606e-12
-1.80524e-13
7.59791e-14
-2.15136e-9
-2.78711e-9
8.42229e-9
3.99091e-14
-8.92507e-14
2.28363e-12
-1.38415e-8
2.34134e-8
-2.21362e-8
1.3021e-11
-3.04788e-12
-8.01077e-12
2.91201e-11
-2.84644e-11
-1.6119e-8
2.59339e-8
-7.69179e-9
1.8228e-10
-8.49238e-10
-6.86737e-10
9.04168e-9
1.8968e-9
-1.57278e-8
-3.85044e-9
1.89499e-8
5.86851e-9
-1.72719e-8
-6.79222e-9
1.19992e-8
5.88014e-9
-6.21832e-9
-3.41382e-9
2.2805e-9
-1.34451e-10
-4.49708e-10
4.32075e-9
2.66725e-10
1.15093e-8
-1.38276e-8
-6.93852e-10
2.20149e-10
-1.2554e-8
1.17848e-8
-1.23123e-8
7.00727e-9
2.28552e-10
-6.87024e-11
-4.14939e-11
-3.8827e-9
6.33546e-10
2.27136e-9
-4.33111e-10
-1.80948e-10
-2.83939e-10
-4.49739e-9
5.4736e-9
-5.00787e-9
1.27529e-9
-1.02567e-9
3.88889e-9
-2.48013e-9
-3.37392e-8
-7.87042e-9
1.57313e-9
5.0189e-10
1.47161e-9
-2.92084e-9
-1.58948e-8
1.76431e-8
4.04547e-9
-2.87467e-9
-3.05142e-8
2.2294e-8
2.95693e-10
2.00763e-9
-4.78473e-9
-1.22777e-8
1.90496e-8
-7.90857e-10
8.09244e-9
-1.22816e-8
-1.16508e-8
1.19117e-8
1.82632e-8
-2.7708e-8
3.7548e-8
9.31062e-9
-9.67541e-9
1.07946e-8
-5.85757e-8
5.48661e-8
4.03587e-8
-6.38474e-8
1.05734e-8
-7.93898e-9
-9.27559e-9
1.17042e-8
-9.25057e-9
2.05179e-8
-2.2384e-9
-1.33936e-8
2.43651e-8
-2.85779e-8
2.43404e-8
-1.46286e-8
5.14879e-9
4.45805e-11
-6.01537e-10
-2.08272e-9
8.92378e-9
-3.73132e-9
1.40887e-8
-1.52e-8
2.95071e-9
-1.98487e-9
2.94876e-9
-6.39126e-9
1.11779e-8
-1.45246e-8
1.39101e-8
-8.90691e-9
1.49207e-9
8.39335e-9
-1.48464e-8
1.87551e-8
-1.63243e-8
1.9852e-8
-1.65522e-8
8.95222e-9
1.28906e-8
-1.01707e-8
7.2476e-9
-5.17574e-9
3.66947e-9
-2.61146e-9
-4.89565e-9
2.8103e-9
-8.21033e-10
1.83368e-9
-1.24954e-9
-9.94941e-10
2.1773e-9
1.13168e-9
-1.39622e-9
6.69683e-10
-4.60095e-9
5.33458e-9
-3.62019e-9
-2.85614e-10
2.46686e-10
1.13287e-9
1.20729e-9
-1.20204e-10
1.05685e-10
1.28011e-11
-4.07178e-9
3.95505e-9
-3.52766e-9
-8.34767e-12
3.81203e-12
3.14411e-9
-1.75999e-9
-1.50173e-12
5.56872e-13
-1.10236e-13
-1.02875e-9
4.94776e-9
-1.20263e-8
2.59459e-13
-1.2018e-12
-8.28906e-13
2.47765e-8
-3.05234e-8
2.36163e-8
4.14586e-12
-5.33607e-11
7.73974e-11
-2.20453e-8
2.48996e-9
-2.54572e-10
3.48611e-9
7.14678e-10
-8.98957e-9
-1.81648e-9
1.48067e-8
3.61809e-9
-1.85251e-8
-5.57456e-9
1.81377e-8
6.56144e-9
-1.39331e-8
-5.69632e-9
8.36203e-9
3.04769e-9
-3.81688e-9
5.04824e-10
1.23665e-9
-5.44287e-9
-3.43695e-10
8.69446e-9
6.19289e-12
-1.02774e-8
8.12572e-9
-4.52244e-9
1.25643e-11
1.63529e-11
-3.02858e-12
1.53799e-9
1.31074e-9
-4.67494e-9
2.21212e-10
-9.83177e-12
7.29696e-11
7.18734e-9
-8.00915e-9
7.06198e-9
-4.68142e-10
1.04799e-10
-4.42433e-9
2.53957e-9
2.20093e-8
3.1649e-9
2.90931e-11
-5.48524e-10
-1.72631e-9
2.10698e-9
8.27437e-8
-4.41009e-8
-2.82281e-9
3.34087e-9
1.76439e-7
-1.12766e-7
-9.00328e-10
-1.35402e-9
3.76469e-9
-5.55661e-9
-8.75607e-9
-9.23029e-8
-6.66219e-9
1.08451e-8
5.88492e-10
3.09586e-9
-1.70966e-8
3.19748e-8
-6.14569e-8
-6.29088e-9
5.46721e-9
-3.50281e-9
7.47347e-8
-5.78132e-8
5.28508e-8
7.00679e-9
-7.2845e-9
6.75998e-9
-6.42698e-9
-6.94003e-9
1.37472e-8
-1.88188e-8
1.95763e-8
-1.379e-8
4.01288e-9
4.28079e-9
-6.83575e-9
4.36571e-9
1.02148e-11
-4.63367e-9
-2.9691e-9
-7.19619e-9
9.33793e-9
3.91483e-9
-4.56677e-9
7.38572e-9
-1.12583e-8
1.4007e-8
-1.33005e-8
8.87428e-9
-2.15806e-9
-4.86755e-9
-8.29103e-9
7.36712e-9
8.70117e-9
-2.73394e-10
5.42902e-9
-3.58031e-9
-8.8125e-9
8.44261e-9
-5.56139e-9
2.63425e-9
-2.42634e-9
1.50091e-9
3.62343e-9
-2.11252e-9
4.82927e-10
-1.14895e-9
6.09082e-10
1.09466e-9
-2.94958e-9
-4.83234e-10
9.75176e-10
-5.58385e-10
3.32652e-9
-5.88799e-9
3.23436e-9
2.82919e-10
-1.26706e-10
-6.02216e-10
-8.57305e-10
1.04759e-10
-9.8484e-11
8.59439e-12
2.11929e-9
-1.15559e-9
5.65026e-10
-6.88853e-13
-5.75654e-13
-4.4347e-10
-9.28294e-11
8.35117e-13
-1.32994e-12
-4.10594e-14
1.68279e-9
-2.90433e-9
4.96218e-9
2.44874e-13
-2.82593e-12
1.21195e-11
-8.0619e-9
1.32532e-10
2.26192e-11
5.73091e-9
9.07039e-11
-4.0591e-10
3.78665e-10
-4.02876e-9
1.47947e-9
-5.77444e-10
6.95833e-9
1.35164e-9
-1.14395e-8
-2.6518e-9
1.47035e-8
4.16805e-9
-1.49917e-8
-5.07239e-9
1.2252e-8
4.50193e-9
-7.90388e-9
-2.45808e-9
4.08028e-9
-2.41343e-10
-1.52299e-9
3.43735e-9
4.32192e-10
-4.22057e-9
4.55592e-9
-3.91524e-9
1.46307e-9
-1.68387e-11
-7.27615e-12
6.30542e-11
6.40371e-10
-2.26198e-9
5.66434e-9
-4.63985e-11
6.68951e-12
-8.77564e-12
-7.66525e-9
7.41063e-9
-4.92006e-9
3.03337e-10
-1.84053e-11
1.21929e-9
-7.24979e-10
-1.47567e-8
2.06279e-9
-1.0262e-9
-1.76116e-9
1.31531e-9
-2.39771e-9
-1.44718e-7
5.77352e-8
2.15177e-9
-2.82312e-9
-3.70862e-7
2.40171e-7
9.4552e-11
1.30361e-9
-3.00456e-9
5.98964e-8
-1.74795e-7
3.5394e-7
4.25312e-9
-7.59889e-9
1.22869e-8
-2.66985e-8
8.92933e-9
-1.28643e-8
1.97064e-8
2.79809e-9
-9.03158e-10
-4.40168e-9
-2.54106e-12
-1.07186e-8
2.76603e-9
-3.42035e-9
-1.66937e-8
1.47796e-8
-1.11626e-8
9.77741e-9
-6.90353e-9
-7.79347e-10
1.00892e-8
-1.61799e-8
1.57293e-8
-8.89979e-9
4.20794e-9
-1.13273e-9
-1.60632e-9
-2.35172e-9
3.34068e-9
4.1228e-9
-6.83972e-9
2.25472e-9
-2.66731e-9
4.08787e-9
-5.73499e-9
8.24271e-9
-9.95566e-9
9.89731e-9
-5.9611e-9
5.93958e-10
2.71651e-9
-4.60737e-9
-5.72727e-9
3.991e-9
1.78184e-9
-2.32293e-9
1.26195e-9
-3.74058e-9
-3.12036e-9
4.84028e-9
-5.31882e-9
2.9329e-9
-9.82508e-10
1.28871e-9
-1.05956e-9
-1.63596e-9
1.25079e-9
-2.30443e-10
1.11338e-9
-1.1354e-9
-7.1731e-10
1.43251e-9
-1.3721e-10
9.12857e-10
3.70107e-9
-1.72254e-9
1.60775e-10
-1.17206e-10
-8.83543e-11
-2.07331e-10
1.117e-10
-8.53729e-11
1.26302e-11
-1.27017e-10
3.80969e-11
-2.37581e-11
1.33274e-10
-2.11628e-11
1.08506e-11
-4.14156e-12
-2.30775e-10
5.07612e-10
1.05031e-12
2.22241e-12
1.02817e-12
-1.03526e-9
1.17949e-9
-1.90588e-9
1.8085e-12
2.82617e-12
-5.22027e-12
3.5961e-9
-3.47244e-9
3.13037e-11
-5.70534e-11
-4.79173e-9
5.82626e-9
-6.10225e-10
2.22593e-9
-3.35743e-11
5.40874e-10
-5.79602e-10
7.66412e-10
2.33217e-9
4.23375e-10
-3.94462e-9
-9.08847e-10
7.73385e-9
1.60178e-9
-9.54167e-9
-2.53174e-9
9.39695e-9
3.10738e-9
-7.64881e-9
-2.92752e-9
5.17473e-9
1.47465e-9
-2.4613e-9
6.99487e-10
5.28421e-10
-2.02009e-9
-6.2308e-11
2.62581e-9
-1.78334e-9
2.9007e-9
-5.35487e-11
-6.94321e-12
-7.99536e-11
5.79664e-13
-1.07666e-11
5.41013e-11
2.30583e-10
5.91266e-12
-1.34836e-9
2.96823e-9
-4.24287e-9
2.31376e-11
-7.71628e-12
9.11911e-13
5.62011e-9
-4.40867e-9
1.07938e-9
1.14332e-10
-7.01558e-11
2.71454e-9
-4.5313e-9
1.46693e-9
-3.48808e-10
6.78357e-11
4.60165e-9
-4.55592e-9
2.09551e-9
-5.22534e-9
2.25127e-9
-1.31324e-9
1.3582e-9
-1.19234e-9
2.24691e-9
-3.11701e-9
3.20005e-9
-3.82639e-8
4.78838e-8
9.26772e-9
-2.85642e-8
-3.18968e-9
4.06167e-9
-1.42862e-8
2.50574e-8
-3.21206e-9
4.01881e-9
-7.07125e-9
-1.05477e-10
-4.14214e-9
6.10946e-9
-1.50381e-9
5.28517e-10
2.90547e-9
-3.70217e-9
6.56903e-9
1.25367e-8
-5.24967e-10
2.04565e-9
-1.40404e-10
-6.21227e-10
1.35938e-9
-6.23946e-9
4.11622e-9
4.6728e-10
-4.23899e-9
1.35286e-8
-2.07082e-8
2.46945e-8
-1.7771e-8
1.136e-8
-5.26379e-9
2.64116e-9
3.95728e-9
-6.40568e-9
-4.93392e-9
3.77535e-9
-4.84525e-9
5.3159e-9
-5.01665e-9
2.60734e-9
-2.37428e-10
1.45238e-9
-7.14406e-10
-1.30004e-9
2.03188e-10
3.08129e-9
-1.72247e-9
1.23386e-9
2.02986e-9
-1.3401e-9
-1.01072e-9
-4.3754e-11
-2.49137e-10
-7.31594e-10
5.12814e-10
1.10073e-10
9.00409e-11
2.09667e-10
3.51486e-10
-5.76447e-10
-2.90119e-10
-4.7848e-10
2.96667e-10
4.30881e-10
-6.46082e-10
2.09851e-10
-1.41561e-10
1.11352e-10
1.90038e-10
-1.29807e-10
1.51242e-10
-3.38644e-11
-8.09788e-11
8.1184e-11
-9.86396e-11
4.53846e-11
2.03915e-10
-4.74227e-12
-4.23678e-11
3.34383e-11
-3.05486e-11
1.74242e-11
-1.5881e-11
7.92009e-12
-6.73712e-11
-6.71628e-12
-1.91911e-11
1.23877e-11
-1.90588e-11
2.96421e-10
-1.0063e-12
-1.98699e-11
-2.45584e-11
4.14793e-11
-9.93814e-11
-1.45823e-8
7.30802e-9
-2.63915e-10
-7.29429e-9
-1.78398e-10
6.80644e-10
-4.92009e-10
2.75199e-9
4.21119e-9
8.31889e-10
-6.41122e-9
-8.44596e-10
4.91675e-9
1.30625e-9
-3.00816e-9
-1.49392e-9
1.91717e-9
1.35265e-9
-1.19944e-9
-4.63092e-10
-2.8978e-10
-3.61289e-10
3.75945e-10
4.23664e-10
-8.0624e-10
4.03089e-10
4.44669e-10
9.63177e-12
-1.1092e-11
-9.11453e-11
-8.15207e-10
8.15679e-10
-1.38927e-9
1.12948e-9
-2.24974e-9
1.45532e-12
-2.58213e-12
9.85767e-10
2.14965e-9
-1.76746e-11
1.39009e-11
-5.97337e-9
5.64047e-9
2.2027e-10
-7.99424e-12
-5.7413e-9
3.94013e-9
2.45469e-9
-2.45905e-10
-2.59833e-10
-2.09305e-10
-2.01099e-9
8.07956e-10
2.55631e-9
-1.91541e-9
-7.10381e-10
6.40229e-10
5.2985e-10
-5.96743e-10
-1.13831e-9
1.19591e-9
-7.55752e-10
-6.07151e-10
5.36214e-10
2.92099e-10
2.07209e-8
-1.70892e-8
-1.32884e-10
-1.65052e-8
-9.74245e-10
1.94314e-9
4.07583e-9
-8.52795e-9
1.00827e-8
3.47983e-9
-6.82749e-9
-6.45992e-9
-1.61172e-10
2.29382e-10
8.59489e-10
-6.8656e-10
8.88384e-9
-1.52667e-9
-1.05188e-8
1.05309e-8
-2.34518e-8
2.61996e-8
-2.34371e-8
1.91036e-8
-9.81162e-9
1.20091e-9
-1.02679e-9
3.09038e-9
-6.17724e-9
2.35157e-9
5.21011e-9
-4.33383e-9
-1.89196e-9
2.05429e-9
-2.11795e-9
2.30811e-9
-1.28608e-9
2.37415e-10
-1.75003e-10
3.99528e-10
-1.54809e-10
6.50985e-11
4.04195e-11
-1.54422e-9
9.72186e-10
-2.57018e-10
4.18853e-9
3.69871e-10
-5.98537e-10
6.56924e-10
4.53669e-10
-3.42726e-10
2.33065e-10
-3.93352e-11
2.40696e-11
2.95489e-11
-7.39416e-11
3.16891e-10
-3.16634e-10
-9.48331e-11
7.24843e-11
-4.54895e-11
5.86083e-11
-1.40019e-10
5.23268e-11
2.13205e-10
4.39813e-11
-6.16275e-11
-1.5022e-10
-2.47303e-11
3.84303e-11
-3.84161e-11
1.07788e-11
1.63821e-11
3.28592e-11
-3.61322e-11
-7.32653e-12
-3.67473e-12
2.5735e-11
-1.92094e-11
7.58815e-12
1.22575e-11
-8.56001e-12
-1.74982e-11
7.18974e-11
-8.82714e-12
7.39937e-12
-2.61445e-10
6.2628e-11
-7.14019e-11
-1.54739e-11
2.3445e-11
-1.8886e-11
2.48624e-11
1.23819e-11
-3.3839e-11
-1.81792e-10
-1.03034e-9
1.27173e-9
1.94132e-11
-5.6072e-11
7.79666e-11
-4.36039e-9
8.65602e-9
-1.87568e-10
3.28513e-10
2.48291e-8
-2.20725e-8
-7.15151e-9
-2.22508e-10
-7.02458e-9
-7.66329e-11
5.72727e-10
-7.82728e-10
4.78e-9
-1.4689e-9
3.74699e-10
2.6996e-10
-5.16827e-10
-3.65148e-9
5.41591e-10
5.16504e-9
-5.29702e-10
-3.26896e-9
2.1212e-10
2.02715e-9
4.75441e-11
-6.94218e-11
9.34473e-12
-1.31568e-10
1.60785e-10
2.59886e-11
9.27083e-11
5.73456e-11
-9.33041e-11
-5.1283e-10
-3.79565e-10
-2.02749e-11
4.68506e-10
-3.78998e-10
6.06407e-10
4.38187e-10
1.54587e-12
3.40554e-12
1.57429e-12
-5.73307e-12
-5.71846e-12
-2.27209e-10
-1.33226e-9
6.28883e-10
3.24721e-9
-2.98518e-9
-1.73752e-12
-1.74626e-12
2.65039e-12
2.60453e-14
4.57018e-9
-4.19057e-9
-3.52813e-11
9.87819e-12
2.78564e-9
-1.89555e-9
-2.66745e-11
8.85724e-11
5.05381e-10
-2.41187e-10
1.39469e-10
-8.21206e-11
-2.6473e-10
1.26001e-10
-1.80108e-9
5.26857e-10
-1.12422e-10
8.10698e-9
-1.45087e-10
2.25652e-10
-2.83086e-10
7.85382e-10
1.79116e-10
1.03119e-8
5.75517e-9
-5.92455e-9
5.032e-9
-1.0705e-8
-1.70499e-10
-6.09408e-11
6.95497e-10
-8.16421e-10
-2.10719e-9
-1.28976e-9
-5.56656e-10
1.60858e-9
-2.73502e-9
4.47656e-9
1.46829e-8
-1.15828e-8
-5.16197e-9
-5.70278e-9
1.8668e-10
-1.00561e-9
1.30036e-9
-5.54665e-10
-8.46228e-9
1.4418e-8
-1.44863e-8
2.92944e-8
-3.53525e-8
2.65173e-8
-1.73223e-8
-3.90426e-9
2.42102e-9
1.66963e-9
-4.69904e-9
-8.73757e-10
1.27361e-9
-1.6987e-9
1.32482e-9
1.00269e-9
-1.03073e-9
4.89625e-10
6.02376e-10
1.77134e-11
2.49316e-11
1.60041e-12
-1.44883e-9
1.56085e-9
1.82533e-9
8.33614e-11
-1.54805e-10
-1.60223e-10
7.6357e-11
6.11115e-11
5.40419e-12
4.77776e-11
7.67489e-11
-1.33733e-11
-8.35963e-12
-1.6087e-11
9.99062e-12
-8.03346e-12
8.42404e-12
-2.66692e-11
-8.34532e-11
3.05059e-11
-3.80947e-12
-8.56149e-12
7.49616e-11
-2.20273e-11
4.58356e-13
-5.17125e-12
-8.2829e-12
2.71443e-12
9.17279e-12
-1.13226e-11
-7.28006e-12
-1.07552e-12
1.11365e-11
-1.03836e-11
-9.80061e-12
1.16393e-11
1.72103e-12
-5.84274e-12
7.48105e-12
-8.46147e-12
3.05804e-11
-1.41446e-11
1.20618e-11
4.96772e-12
-1.63568e-12
1.22925e-11
-1.82133e-12
1.80584e-12
2.32605e-12
-1.53844e-12
-1.5446e-10
1.08228e-11
-3.48747e-10
1.09427e-11
-6.55755e-11
5.27563e-11
8.615e-9
-9.05671e-9
-4.35221e-11
2.38641e-10
2.42978e-8
-1.42624e-8
-6.65305e-9
-2.42967e-10
1.38055e-10
3.10422e-9
2.36951e-11
-2.83511e-10
3.98022e-10
1.54414e-8
-1.3268e-8
-2.42206e-10
-9.66175e-9
-1.08733e-10
2.22967e-10
-1.1738e-10
-1.42914e-11
2.79506e-12
3.31753e-11
2.5478e-10
9.48525e-10
3.13027e-10
-8.62507e-10
-3.04764e-9
-8.26637e-11
-1.39836e-10
5.75542e-11
-1.22773e-10
3.72616e-11
3.14665e-10
-2.82286e-10
1.83623e-11
2.04925e-11
1.30388e-9
-2.65684e-9
-1.09436e-12
-2.54556e-12
3.76017e-9
-4.07812e-9
-2.61832e-9
2.6553e-9
6.63904e-12
-4.38772e-12
-4.52404e-12
2.01022e-12
2.22104e-9
-2.13383e-9
1.35478e-9
-1.70225e-11
1.00965e-9
-7.22855e-10
5.47793e-10
7.9916e-12
8.56035e-11
-4.41092e-11
7.26258e-11
-1.01181e-10
1.26544e-11
-2.0196e-11
2.99029e-11
-6.79415e-11
-2.79581e-11
-3.4306e-9
-1.95488e-9
8.99916e-10
3.97742e-10
5.36933e-10
1.52785e-11
2.48977e-9
-1.00249e-10
-1.98485e-10
-6.74377e-10
1.03861e-9
-2.11212e-9
-4.75923e-9
4.53599e-9
1.22081e-8
-7.14055e-9
-5.41614e-10
4.58615e-9
5.18532e-10
-1.70334e-9
5.22125e-9
-2.68996e-9
-5.12956e-10
4.69231e-10
-1.51692e-9
5.19694e-8
-6.42224e-8
4.11741e-8
1.83166e-8
-2.06265e-8
1.34715e-8
-1.04074e-9
-2.78067e-10
9.36336e-10
4.62117e-10
-4.79907e-10
-4.1925e-10
4.10388e-11
-1.19785e-10
-1.46122e-10
-3.69028e-10
3.21818e-11
-3.86072e-10
-6.98179e-10
5.34023e-10
3.58995e-10
-6.93259e-11
4.38157e-11
4.31718e-11
-5.36927e-11
2.78014e-12
6.33709e-13
-1.14013e-11
-6.96301e-12
-1.33113e-11
2.25472e-12
-7.6872e-12
1.17959e-10
-1.56199e-12
3.1557e-12
-5.33616e-12
4.22051e-12
-9.30999e-13
2.64405e-12
1.17111e-11
-4.0054e-12
-9.00557e-12
2.8063e-12
1.50492e-12
-1.25252e-12
2.93732e-12
-5.55355e-12
3.63459e-12
3.24426e-13
2.8213e-13
1.1384e-12
-1.22059e-12
-2.71157e-12
4.01165e-13
-1.9699e-12
3.4807e-12
8.16255e-13
-1.30991e-13
4.0363e-13
-8.43284e-14
-3.61737e-12
3.92965e-12
9.99402e-13
-5.81046e-13
-5.28976e-12
1.0257e-12
-3.17814e-12
4.09254e-12
-2.20271e-12
-2.56639e-12
8.41144e-13
4.35824e-12
-1.16334e-11
1.18084e-12
-6.6157e-13
5.25627e-11
-5.8248e-12
-2.13201e-13
-1.92564e-12
2.10145e-11
-1.66711e-10
8.26278e-13
-4.06287e-12
2.20482e-9
-6.67843e-10
1.9188e-11
2.10568e-9
-7.08117e-12
-1.62054e-11
1.88241e-11
6.9796e-9
-4.21308e-9
-3.48979e-11
1.26043e-10
4.51189e-9
-2.8816e-9
-7.60767e-12
-1.11984e-10
-1.24613e-9
-3.41811e-9
2.17063e-10
3.83616e-9
1.17628e-10
-1.11919e-10
1.48915e-8
9.80959e-11
2.82188e-11
-1.19251e-11
-1.13286e-11
3.14661e-11
-3.81611e-9
-5.4609e-9
4.85351e-9
2.6414e-9
-2.19581e-9
5.87216e-9
1.24212e-8
4.85112e-12
1.00594e-9
-1.30467e-11
-5.43481e-10
-1.19338e-12
-8.69987e-13
-3.19586e-11
2.53447e-11
1.17142e-10
-2.14613e-10
-5.11952e-11
-4.61226e-11
1.2452e-10
1.74162e-10
5.0536e-10
-8.92275e-10
-7.90567e-10
1.59244e-9
4.06178e-12
1.07236e-11
-1.68952e-11
-3.65911e-11
-2.05975e-9
1.11833e-9
1.15629e-12
2.96704e-13
-7.99485e-10
6.88305e-10
5.28154e-12
3.33184e-12
7.3988e-13
-1.92154e-12
-2.12631e-10
1.84796e-10
1.16783e-11
-6.7228e-12
-2.16638e-12
7.58693e-13
7.70239e-11
3.57079e-12
5.67665e-11
3.27044e-13
1.14454e-11
-3.58244e-12
6.35629e-12
4.65923e-12
4.26423e-13
-2.61646e-10
-2.38414e-10
8.90013e-11
-1.1711e-12
-1.26073e-10
-1.98992e-12
-5.04144e-12
2.38437e-11
1.59445e-11
-9.68636e-10
3.46209e-10
-1.46197e-10
6.3401e-10
-7.70861e-11
-3.69972e-10
1.13795e-9
1.1667e-9
1.34361e-10
4.00176e-10
2.52672e-10
-4.10305e-10
-1.93737e-9
3.16625e-9
-3.59245e-9
9.77716e-10
1.75434e-9
5.24259e-9
-1.1067e-8
-4.71381e-8
9.26602e-9
-6.41653e-9
-1.67257e-8
-3.6873e-9
1.39128e-8
-9.79288e-9
-4.10771e-9
2.325e-9
4.40077e-8
-3.85147e-8
2.39431e-11
-1.18794e-11
1.46634e-10
1.27652e-10
1.00549e-11
1.32011e-10
-2.27771e-10
3.93553e-12
-7.17464e-11
-1.5984e-12
7.55705e-12
-5.06137e-11
7.41021e-12
-3.90056e-12
-2.7947e-11
8.03971e-12
1.56131e-11
2.39852e-12
-2.15678e-12
-2.00773e-11
3.15027e-12
-1.71243e-11
3.31805e-11
-3.98758e-13
-8.17333e-14
-1.74408e-12
1.71878e-13
-5.87767e-13
4.23938e-14
-6.97115e-13
5.1457e-12
9.81686e-13
-6.79997e-14
1.88719e-12
-2.15562e-13
2.85468e-14
1.85502e-13
-2.82911e-13
4.88922e-15
-2.64756e-14
-4.58762e-14
3.269e-13
-3.28816e-13
-2.77571e-13
4.95409e-13
5.48416e-13
-7.64906e-14
-9.01998e-13
1.24219e-12
7.41271e-13
1.86799e-13
-1.13838e-12
1.17361e-12
6.67894e-13
-1.45719e-12
2.69196e-14
-4.24018e-13
-5.57919e-13
5.76114e-13
1.40981e-12
-2.80406e-13
-4.57263e-13
1.98992e-13
2.09429e-12
-1.59362e-11
1.95073e-13
-2.63188e-13
1.15808e-10
-2.87966e-11
4.71017e-13
-5.83278e-13
1.01661e-10
-1.35602e-10
-1.04353e-14
-4.33809e-13
-3.12188e-10
-1.67216e-10
6.3462e-12
-9.0252e-13
1.21566e-9
4.40972e-12
5.9819e-12
3.37913e-12
-5.43372e-9
2.47836e-9
2.29911e-12
-5.48307e-12
-1.99141e-8
1.66254e-8
-2.35133e-12
3.71193e-12
-1.41056e-8
1.56868e-8
-1.03856e-8
1.19234e-11
-3.46979e-11
-1.09999e-8
8.71898e-9
-1.74996e-12
-5.975e-9
8.40961e-13
3.30874e-9
1.60558e-12
-1.70701e-12
3.9461e-12
-9.50355e-12
1.82384e-11
2.21224e-11
-5.38912e-11
-2.93733e-10
-3.07933e-10
5.75504e-10
8.0886e-10
1.00695e-10
-2.41341e-10
-1.37103e-10
3.49309e-10
5.93885e-11
1.07102e-10
-1.78515e-10
-2.74931e-10
-3.45553e-10
8.0695e-10
2.40335e-10
-2.27156e-10
-1.1089e-12
-5.14302e-12
5.39228e-12
2.32446e-11
-4.81757e-10
4.57866e-10
-3.11582e-10
3.97538e-13
-3.33515e-10
2.6971e-10
-2.1799e-10
-2.27593e-13
-7.28966e-11
5.58548e-11
-7.93085e-11
1.01444e-12
9.67114e-12
-4.96862e-12
-4.86683e-13
-1.36489e-11
-3.55697e-14
-4.71854e-13
1.20095e-12
1.62361e-12
-2.40306e-12
1.0498e-11
-1.31481e-11
3.86407e-11
-9.07627e-12
-1.82771e-11
6.16133e-11
6.38692e-11
-1.42818e-10
9.72315e-11
1.27258e-10
-2.45468e-11
-7.82965e-11
-6.60503e-11
-2.68821e-10
6.59325e-10
-1.80315e-9
4.62148e-9
1.7252e-9
-5.32424e-10
-1.04058e-9
-4.85816e-9
1.145e-8
5.27463e-8
-3.72245e-8
1.05473e-8
-3.74733e-8
6.66123e-9
2.08821e-8
-2.40207e-8
2.61957e-8
2.16797e-8
-2.06579e-8
1.24866e-8
7.16829e-11
-4.20101e-11
-6.95169e-11
8.10139e-12
2.06828e-11
-9.64219e-13
-3.71772e-12
1.40231e-11
2.3176e-12
-1.9594e-12
7.33118e-13
-1.6847e-12
-1.43378e-12
-5.21308e-13
1.68394e-12
-1.49292e-11
2.72532e-11
-2.72149e-11
8.39197e-13
5.37254e-13
-4.40919e-14
3.27839e-14
-5.46769e-14
-1.06982e-12
2.2504e-13
-9.00978e-13
1.35525e-12
-1.41298e-14
3.5968e-15
-6.40126e-14
2.72452e-14
-2.75213e-14
-5.96429e-14
2.74428e-13
2.47594e-14
2.39528e-15
-4.50077e-13
7.39237e-14
6.0372e-15
6.50506e-14
1.87742e-13
-4.15857e-14
6.45682e-14
-4.22056e-14
3.56047e-14
-7.72756e-14
9.03858e-15
4.5224e-15
6.59669e-15
-6.71487e-15
2.79979e-13
-4.35373e-13
-5.54783e-14
8.47934e-15
-6.4499e-14
1.90386e-14
4.15735e-13
-4.9662e-13
-1.34884e-14
-1.20319e-14
8.27547e-14
2.9294e-13
-2.22415e-13
1.36677e-13
-9.85767e-13
-1.37816e-13
6.85243e-14
5.80391e-12
-1.22828e-12
-3.86296e-14
1.94425e-14
4.41578e-12
-1.12813e-11
1.40587e-14
-2.70315e-14
2.04128e-11
-7.95294e-12
1.98992e-13
-1.01306e-12
5.2479e-11
-1.60074e-10
1.31788e-14
1.10759e-13
6.81547e-13
-1.13829e-12
-1.0296e-9
-4.00757e-11
1.87923e-10
2.51228e-11
1.06941e-10
-2.57082e-12
-1.00827e-12
-1.30258e-9
-1.03394e-12
9.2658e-13
-3.22342e-12
-3.96309e-13
-4.81241e-13
7.08907e-13
-1.39921e-12
-1.96817e-12
4.61863e-12
7.19012e-10
1.6457e-9
-1.34474e-9
-1.12492e-9
1.55901e-9
-1.83311e-9
-3.55492e-9
2.51909e-12
-8.24007e-12
1.24668e-11
-3.74223e-11
-1.51422e-11
4.80767e-11
4.66728e-10
6.30409e-10
-1.06457e-9
-1.25775e-9
-4.97324e-11
1.37523e-10
5.75166e-11
-1.32011e-10
-2.44563e-11
-8.39725e-11
9.22176e-11
2.57554e-10
2.18492e-10
-1.71192e-10
-1.35691e-13
8.76234e-13
-1.53069e-12
-4.41191e-12
1.10735e-10
-8.96661e-11
3.94502e-16
7.05645e-13
3.41747e-13
-1.1255e-12
-4.03582e-12
-7.95932e-12
1.31048e-12
-6.87384e-13
-9.32251e-13
2.14093e-13
-1.37216e-11
2.64134e-12
1.27865e-12
2.35595e-12
-8.57532e-13
6.52562e-13
8.45401e-13
-1.70407e-13
-9.91657e-12
1.24772e-11
-7.05118e-13
-1.23798e-12
3.78884e-12
3.67617e-12
3.8334e-11
-1.46033e-10
-6.58162e-11
1.98509e-11
-7.70363e-12
-1.03295e-11
1.0876e-11
2.39024e-11
1.68679e-11
-6.18395e-10
5.73749e-10
-2.9237e-10
-1.56641e-10
2.93923e-10
-7.3838e-10
5.817e-11
1.14554e-9
2.24661e-9
1.2922e-8
-2.92654e-8
1.60467e-8
-1.28895e-8
9.67013e-9
-4.73168e-9
-4.80297e-9
1.05336e-8
6.91534e-9
-2.58468e-8
4.39231e-8
-4.04717e-8
-8.07425e-12
-1.10774e-12
1.69459e-12
-3.17966e-12
-2.32915e-12
3.84938e-13
7.02834e-13
-5.99861e-13
2.53298e-12
4.58799e-13
1.02047e-11
6.27545e-13
1.86964e-12
-4.18332e-13
4.8627e-13
1.03376e-12
1.97438e-13
-3.2201e-13
4.64747e-13
-1.95152e-13
-3.48767e-13
-6.98995e-14
2.68971e-14
-2.13746e-13
1.32622e-13
-5.05787e-13
-1.21405e-12
1.64274e-14
5.64341e-15
-4.03678e-15
-1.68223e-15
-7.34365e-14
2.86474e-14
-5.94628e-14
6.1036e-14
-4.82074e-15
1.84984e-15
-1.8518e-14
4.49466e-15
-2.79531e-14
2.05018e-14
5.54214e-15
-3.45653e-16
1.3191e-14
-2.71038e-16
-7.25126e-14
1.01482e-14
8.24723e-14
-1.02454e-13
-4.8453e-14
6.21004e-16
1.34698e-13
-1.32919e-13
-4.8001e-14
1.48149e-13
8.49283e-15
-6.36557e-14
4.9335e-14
2.30396e-15
2.8973e-13
-5.03266e-14
1.10626e-13
-2.02439e-14
1.7082e-13
-5.12594e-13
-1.66388e-13
7.8015e-15
1.59414e-12
-3.8793e-13
1.83382e-15
-2.84685e-14
2.04813e-12
-8.18461e-12
3.67602e-14
5.03762e-15
-1.54977e-12
7.33059e-12
-1.32431e-14
-1.85794e-13
4.01013e-11
6.00824e-13
8.50215e-10
-1.48176e-14
-1.06037e-13
-1.6918e-13
4.56283e-13
3.46073e-9
-2.25263e-9
1.63135e-9
-8.63764e-10
2.05336e-14
-2.17886e-13
4.34883e-9
-2.02751e-9
-8.67885e-9
-1.2009e-13
6.95614e-13
-4.33242e-9
1.38771e-9
7.58523e-9
-1.9906e-13
4.54193e-13
3.64868e-9
-3.3518e-10
-6.50222e-9
-7.0844e-14
1.23228e-13
-2.79986e-9
-3.78611e-10
5.39722e-9
2.04683e-14
-1.09115e-13
1.66323e-9
5.20783e-10
7.12509e-14
-2.03362e-13
-5.52721e-15
9.73688e-13
-3.6222e-12
-1.04547e-12
4.26532e-12
2.06707e-9
1.93183e-9
-3.48275e-9
-3.44815e-9
-5.11248e-12
1.65664e-11
7.41677e-12
-2.26995e-11
-2.95234e-10
-6.82093e-10
8.14124e-10
1.56108e-9
3.43391e-11
-8.36185e-11
-2.64063e-11
2.70215e-11
5.93449e-12
1.81994e-11
-1.71875e-11
-6.86747e-11
6.24611e-11
-7.68437e-11
4.30497e-11
2.79075e-12
3.44812e-11
-4.6717e-11
3.81031e-11
2.17728e-13
-5.46334e-12
-3.47762e-12
4.98924e-12
-4.43272e-13
-1.24406e-12
-6.76836e-13
6.95951e-13
1.52346e-13
-2.63682e-11
9.7211e-11
-1.68418e-12
-3.72058e-12
-2.4677e-13
-3.1883e-13
7.90138e-13
9.09204e-12
3.86745e-10
-8.79307e-10
-4.34851e-10
1.80958e-10
2.44789e-11
-1.42216e-10
3.0754e-11
-3.492e-10
2.45007e-9
-6.86608e-9
1.06068e-9
-9.15514e-10
9.94261e-11
7.22243e-10
-5.53047e-9
8.50209e-9
-1.94094e-9
-1.53679e-8
5.5864e-9
3.1968e-8
-2.13127e-8
-5.06535e-8
3.77185e-8
5.88916e-8
-4.36789e-8
-4.40149e-8
4.5424e-8
-3.70675e-8
3.52071e-8
-2.61166e-8
-4.46395e-12
5.13164e-13
1.14739e-12
-4.05623e-13
-6.31992e-13
7.07089e-14
-2.17419e-14
-3.28536e-13
-1.95271e-13
1.16774e-13
-3.56865e-14
5.8407e-14
7.78565e-14
-3.61369e-13
1.45786e-13
1.00498e-12
2.78675e-13
-1.18234e-13
-2.52567e-14
3.17032e-15
-9.33966e-15
-3.25446e-15
1.91814e-16
-2.1332e-14
1.31639e-14
-1.84286e-14
3.98342e-14
3.97212e-16
4.21047e-16
-1.24549e-16
-3.81596e-16
-7.15554e-15
-5.46509e-15
4.39998e-15
-8.50602e-16
2.92409e-16
3.45064e-15
2.50562e-15
2.56398e-15
-2.80897e-14
-3.75909e-15
6.72378e-16
-1.51596e-15
2.31921e-14
-2.63231e-14
-2.75614e-14
1.16528e-15
-6.54742e-17
-2.74255e-15
5.25034e-14
-5.51518e-14
-1.12988e-14
-8.22917e-15
4.25503e-15
1.74018e-14
8.85249e-14
-5.9641e-14
1.95682e-14
-2.93992e-13
4.27567e-15
-2.37098e-14
4.06607e-13
9.83104e-13
7.14508e-14
-2.72254e-15
3.55391e-13
-7.52929e-14
9.16839e-14
-3.81978e-13
1.3407e-13
-8.81598e-14
1.25744e-12
-5.00385e-13
-3.17597e-14
-1.70599e-14
2.4376e-14
-5.2047e-12
-3.83253e-11
2.26344e-14
-1.95549e-10
4.18803e-11
-1.07759e-14
-6.95121e-15
1.82941e-11
-5.8265e-11
2.81112e-14
4.69816e-14
4.80159e-10
1.22244e-14
1.61285e-14
6.25126e-14
4.39645e-14
-1.66492e-14
-3.9592e-14
1.38948e-13
-8.11045e-14
1.89234e-13
-5.41752e-13
-4.6385e-9
-1.53656e-9
3.1939e-9
4.94323e-9
2.3049e-9
-1.27765e-9
1.85118e-13
-5.27471e-13
1.67124e-12
3.34393e-13
-2.12088e-12
-1.95695e-9
-3.06221e-9
3.86252e-9
5.07137e-9
3.29424e-12
-9.31253e-12
-2.95018e-12
2.82595e-13
4.42507e-11
2.2599e-10
-8.08557e-11
-6.64207e-10
1.23049e-11
-1.85911e-11
1.92696e-12
-2.01238e-13
-1.19474e-11
3.44774e-11
3.80808e-11
-5.58928e-11
2.91344e-11
-2.64002e-12
1.83654e-12
4.02408e-12
1.98762e-11
-4.50844e-11
2.7694e-11
-5.36448e-12
1.20476e-11
-7.66272e-12
-1.06016e-11
1.09912e-12
2.36031e-12
-2.4864e-13
2.87764e-11
-2.90306e-11
1.94523e-12
1.24533e-11
-1.56323e-12
-4.37588e-12
-2.42986e-10
6.51791e-10
8.04042e-11
-6.97696e-11
-1.67713e-12
9.99627e-11
-6.91865e-11
3.67722e-10
1.82001e-9
-4.08516e-9
-1.00257e-9
8.33833e-10
6.32108e-10
-5.84275e-10
-4.20345e-10
2.70324e-10
1.16088e-10
9.76861e-9
-2.27679e-8
2.85873e-8
3.77925e-9
-2.08384e-9
1.62259e-8
-3.85029e-10
-1.08096e-8
1.80152e-8
-3.3651e-8
5.23662e-8
-6.2285e-8
5.51979e-8
2.80011e-13
3.39936e-14
-2.26518e-14
7.77957e-14
9.77146e-14
1.14421e-14
-4.88633e-14
-2.71618e-13
-4.61321e-13
9.80053e-15
-8.10314e-14
1.6849e-13
-6.36838e-14
1.15167e-14
-1.14296e-14
-3.63963e-14
-1.94986e-14
1.64026e-14
-2.3573e-15
6.10524e-15
-2.06019e-15
1.15721e-15
-4.01792e-14
1.26901e-14
6.08271e-14
-8.76425e-15
3.9627e-14
-1.28793e-15
-1.78768e-16
-8.04506e-17
-9.70067e-17
-4.03489e-15
-2.44016e-15
6.45863e-16
-5.92654e-15
-2.33336e-15
4.64009e-17
-1.09761e-17
1.11721e-17
2.75672e-16
1.33944e-15
-8.26183e-15
-6.03691e-16
2.58057e-16
8.32775e-16
5.19161e-15
-5.69865e-15
-1.28998e-14
3.57193e-16
-4.40905e-16
-1.42256e-15
1.82101e-14
-2.04641e-14
-2.86511e-14
-1.55828e-15
7.67572e-16
-3.26886e-16
7.40561e-14
-1.38124e-14
-1.98447e-13
-4.04342e-15
3.81698e-15
9.38757e-15
4.89462e-13
2.05613e-12
-1.89615e-12
1.82696e-12
-1.21594e-12
-1.64225e-14
-8.31928e-14
1.57777e-13
9.36804e-14
-7.08925e-13
3.74271e-13
-4.03359e-13
8.98926e-14
-3.27795e-14
3.22065e-12
7.10691e-14
1.1134e-11
-2.11693e-12
-1.38366e-13
-3.87804e-14
-6.21876e-13
5.57858e-12
8.94088e-15
1.17504e-15
-1.39936e-14
-7.03912e-12
-2.76761e-10
5.26987e-15
-9.35017e-15
-5.34185e-10
5.72458e-11
7.89457e-16
-2.47173e-15
1.30122e-9
1.24616e-10
3.10022e-15
-1.50914e-14
-3.95558e-9
1.44063e-9
6.25576e-15
-1.86539e-14
6.31775e-9
-3.07504e-9
4.902e-15
-5.02362e-15
-5.4374e-9
3.07693e-9
-8.01095e-15
1.67828e-14
1.83448e-9
1.94538e-14
4.49252e-14
-8.78259e-14
1.17703e-14
-5.13925e-14
1.74837e-13
7.99732e-9
6.78857e-9
-6.75901e-9
-6.09558e-9
-8.97641e-9
-3.89446e-9
3.90739e-14
-5.63964e-14
-2.46393e-13
4.73384e-13
-7.18398e-13
-3.18713e-13
2.46222e-11
2.04668e-9
-4.05574e-9
2.0748e-12
-3.4059e-12
-1.09624e-12
-6.61769e-12
-1.08527e-10
2.70715e-10
1.09962e-11
-1.95725e-11
9.96362e-13
-1.48725e-12
-1.19219e-11
5.87352e-11
4.06439e-11
-8.54137e-11
3.24721e-11
-4.21308e-12
2.14325e-11
-3.40658e-12
2.83902e-11
-7.99995e-11
4.50966e-11
-4.50915e-12
7.66824e-11
-6.44854e-11
-4.03676e-11
-2.01669e-11
2.93434e-11
-1.11181e-11
1.87376e-10
-1.92658e-10
-2.50327e-12
-7.67974e-11
1.56403e-10
5.63018e-11
-1.58398e-10
1.35812e-11
-1.43568e-9
1.3668e-9
-5.44142e-10
-5.17926e-10
5.30443e-10
2.26137e-10
-1.64848e-9
1.42546e-9
-6.84047e-9
-8.51572e-9
1.35387e-8
8.60362e-9
-7.29327e-9
7.47013e-9
3.49101e-9
-1.73161e-8
2.33172e-8
-4.24266e-9
1.16222e-8
-4.87311e-9
-1.1373e-8
2.1633e-9
2.16449e-8
6.64269e-9
-3.65605e-8
-1.29328e-8
4.52255e-8
9.81697e-9
-4.08202e-8
-4.19479e-9
-4.39841e-14
4.94115e-14
-2.10064e-15
-1.00109e-15
1.01064e-14
1.20788e-14
-3.40269e-16
-3.9191e-15
1.94839e-15
-2.09491e-14
-3.16977e-15
7.06095e-15
-2.20211e-15
-9.42575e-15
8.13205e-16
-4.5227e-16
-2.00937e-15
-4.04485e-15
-2.97102e-15
1.1345e-15
3.15214e-16
-1.90708e-16
-4.50074e-18
3.20473e-16
-9.25742e-17
4.4099e-16
9.83429e-16
1.75279e-15
-4.17165e-16
5.33966e-16
1.91152e-17
-1.13566e-16
-5.07107e-18
2.22268e-17
-1.40713e-16
2.04846e-16
-1.55393e-15
-6.20283e-16
2.66969e-16
-3.78446e-18
-2.15334e-17
-1.3316e-16
1.26623e-16
1.80148e-16
-1.02152e-16
-4.17282e-15
2.51318e-16
2.75014e-17
6.55576e-17
5.32669e-16
-2.84796e-15
-1.60201e-14
-1.59155e-15
-3.5472e-16
2.35902e-15
5.43195e-15
-3.94481e-14
-1.98096e-13
-6.12047e-15
-6.55168e-15
-6.12464e-15
3.95756e-13
2.05195e-12
-2.45556e-12
2.29618e-12
-2.30584e-12
2.72636e-14
1.51477e-14
3.62596e-14
-1.99124e-14
1.30849e-14
8.86434e-14
-9.85713e-13
8.94831e-13
-9.0061e-13
7.97719e-13
-1.54849e-13
1.2548e-13
-4.61798e-13
1.39399e-12
-3.4762e-12
-1.19366e-13
-2.1026e-14
8.56094e-14
-2.7567e-14
8.99827e-15
1.30062e-11
-9.4626e-12
5.68681e-15
-5.20475e-15
1.49093e-10
-5.07203e-12
-3.18039e-16
-1.15408e-9
2.55114e-10
3.33007e-15
-4.29704e-16
3.23692e-16
-7.41677e-16
4.20654e-9
-6.45615e-9
3.18964e-9
-2.45188e-9
4.06116e-16
-1.70478e-15
-7.05465e-9
9.61677e-9
5.68925e-9
7.44953e-16
-2.31818e-15
8.78135e-9
-1.31193e-8
-8.98856e-9
7.57518e-17
1.06974e-15
-8.86085e-9
1.09958e-8
7.15356e-9
2.57097e-16
-1.92939e-15
2.28046e-15
1.09624e-9
-1.75858e-9
5.86967e-15
-1.80177e-14
5.7753e-9
-8.84725e-15
-1.63019e-15
2.99532e-15
2.95448e-15
1.54335e-14
1.26695e-14
-2.40598e-9
-7.53432e-9
5.31565e-9
2.30406e-9
1.0441e-8
2.00704e-13
-5.19988e-13
6.92511e-13
-6.56967e-13
-5.04569e-13
1.89377e-10
3.71035e-10
-7.61625e-10
-2.35282e-10
-1.44632e-9
2.81967e-12
-4.35588e-12
-8.47867e-13
-1.25867e-11
-1.83022e-11
1.15419e-10
1.35648e-11
-2.96132e-11
9.6751e-13
1.08981e-11
7.76958e-12
8.76481e-12
7.45441e-11
-2.07488e-10
5.55232e-11
4.34937e-11
4.06561e-11
-3.38913e-11
1.00384e-10
-3.93874e-10
3.11497e-10
8.71198e-11
1.31385e-10
-1.2176e-10
-3.40258e-10
1.20546e-10
4.08506e-11
1.30464e-9
-8.6545e-10
-7.93043e-10
-1.32915e-9
1.05806e-9
-3.39204e-10
4.93219e-10
9.3779e-10
-5.15023e-10
9.78368e-10
-7.18113e-9
5.40786e-9
-9.34189e-10
9.20026e-9
-9.19303e-9
2.97413e-9
-3.69792e-9
1.7475e-8
-1.82321e-8
1.41643e-8
-2.27193e-8
-9.93376e-9
2.95159e-8
-4.99831e-8
2.8883e-8
5.12789e-8
-2.96908e-8
-5.81044e-8
2.24484e-8
3.17048e-8
-2.07527e-8
1.694e-8
-3.61689e-8
2.20617e-8
3.24604e-8
-2.56235e-8
-1.90868e-8
7.99817e-17
3.5842e-15
1.21621e-16
1.51416e-16
-9.91135e-16
3.44487e-16
1.36557e-15
1.41251e-15
-2.74403e-16
7.85485e-17
4.6142e-17
5.03948e-16
-3.91849e-16
1.37993e-16
6.86395e-17
1.86527e-16
2.08157e-15
-4.31836e-17
1.11692e-16
-8.07898e-17
2.32681e-17
2.28692e-17
-1.08384e-17
-6.15494e-16
-9.38488e-17
-5.86607e-16
-8.02674e-16
-2.92781e-15
-6.67098e-17
3.63895e-17
-5.77195e-17
1.20084e-16
4.70957e-17
1.84706e-15
7.24816e-16
3.18492e-15
7.06458e-16
-2.80819e-16
-2.3078e-16
4.08948e-17
-7.53994e-16
-4.59809e-15
1.21065e-15
6.29567e-15
9.01357e-16
2.9727e-15
4.09509e-15
-2.13452e-14
5.98136e-14
1.63336e-14
-2.89348e-15
-9.1515e-15
4.14656e-14
-3.02868e-13
9.74809e-13
-1.8787e-12
1.80949e-12
-2.29505e-12
-1.05822e-13
-1.0568e-13
-8.30908e-14
1.4791e-13
1.86195e-13
1.15267e-13
-7.18136e-13
9.00859e-13
-9.0359e-13
1.0854e-12
-5.10466e-13
-4.49285e-13
-7.62988e-13
2.24648e-12
-1.65309e-12
-1.40804e-13
-2.16991e-14
7.16834e-14
-2.73952e-14
1.93739e-14
-1.21445e-11
2.83502e-11
-4.89905e-11
4.56839e-12
7.66175e-15
-1.30705e-14
8.84323e-11
2.45466e-10
-6.23478e-10
-1.00978e-15
4.30222e-16
-9.47883e-16
2.3491e-16
-1.34607e-9
-9.40066e-17
-2.03237e-16
-1.58784e-16
-5.74287e-17
1.28624e-16
6.53474e-16
-9.36501e-16
-1.33687e-16
1.20099e-15
-9.97338e-10
5.90553e-9
-2.42615e-10
4.89025e-9
-1.4904e-8
-6.32531e-9
-1.68059e-15
-6.62986e-9
4.64873e-15
1.67553e-15
1.33067e-14
-5.54327e-14
2.46119e-14
-1.07584e-9
-1.50149e-9
3.96387e-9
1.29803e-9
3.89047e-9
6.08508e-14
1.70077e-13
1.60601e-12
-8.41605e-13
-1.75651e-12
1.12721e-10
-4.97332e-11
-3.00514e-10
-9.27567e-11
-3.25945e-10
7.6106e-12
-1.3562e-11
5.86741e-13
3.18964e-12
1.40212e-11
7.9307e-13
4.42244e-11
-1.11534e-10
2.57054e-11
4.21104e-11
-1.14125e-12
-4.28242e-12
3.18931e-10
-7.49692e-10
6.4336e-10
1.16837e-10
-5.6234e-12
-1.29932e-11
-4.49625e-10
9.70514e-10
-1.3408e-9
4.49962e-9
-4.06769e-9
-7.98384e-10
-3.7075e-10
2.84695e-10
-3.59623e-11
2.02378e-11
3.23312e-9
-4.10822e-9
6.62976e-9
-1.85646e-8
1.25301e-8
5.55567e-9
5.6965e-9
-4.26045e-9
1.00513e-9
-1.48324e-9
-1.9893e-8
1.28659e-8
1.06948e-8
-4.65801e-9
1.62611e-9
-4.77185e-9
-1.34115e-8
-4.20892e-9
3.70052e-8
-3.59718e-8
2.92936e-8
-3.93064e-8
-1.23172e-8
1.78267e-8
2.60794e-8
-4.10691e-8
4.53923e-8
-3.24954e-8
-5.15871e-16
-7.11539e-16
-6.59672e-16
-3.09395e-16
2.54895e-15
-8.11569e-15
4.58096e-16
-1.42101e-15
1.68688e-15
5.58956e-16
3.73435e-16
1.92739e-17
-5.3083e-17
1.66637e-16
2.40087e-17
1.34307e-15
-8.47743e-15
1.02479e-14
2.03351e-15
7.55051e-15
3.46168e-14
-4.09148e-16
1.79392e-16
-3.40794e-16
-1.27825e-16
1.28093e-16
1.9559e-16
-8.71252e-15
-2.91657e-14
2.10766e-15
-3.00905e-14
2.96961e-14
-4.78851e-16
-1.29521e-16
-2.70688e-16
1.16685e-15
7.26297e-16
2.38898e-14
4.0841e-15
1.76482e-14
2.49029e-14
-7.62191e-15
-1.1031e-14
5.23248e-15
-2.63265e-15
-1.26339e-14
-1.67254e-14
8.13106e-14
5.70992e-14
3.93246e-15
-1.81641e-14
-1.38393e-13
3.40557e-13
-1.19364e-12
6.16101e-14
4.70751e-13
3.78748e-13
1.78491e-13
-1.90712e-12
-2.10605e-14
-9.40492e-14
3.9101e-13
-4.15249e-13
8.07014e-13
1.68536e-12
1.24729e-11
2.55489e-13
7.00035e-12
-1.50974e-11
7.85068e-14
-4.38725e-14
9.07702e-14
-3.1271e-14
1.96877e-14
-8.00387e-11
2.10686e-10
-1.68292e-11
8.54261e-11
7.22743e-15
-1.21991e-14
-2.01305e-10
-5.84743e-12
3.01217e-10
1.93206e-14
3.29366e-15
-1.09077e-15
3.6024e-16
-1.92002e-16
-1.54723e-9
5.60082e-9
4.34497e-9
-1.93201e-9
4.37984e-16
1.75161e-17
6.50714e-9
-9.27529e-9
-1.74543e-16
1.18076e-16
-1.03792e-8
1.37061e-8
-2.04567e-17
1.03322e-8
-8.11482e-18
4.01029e-16
-1.017e-15
-1.69124e-15
8.26983e-15
2.60345e-15
-3.69496e-10
1.36568e-9
-1.92678e-9
2.41522e-9
-6.65095e-9
-2.9202e-9
-2.56928e-14
-2.27968e-9
8.4962e-14
-1.51623e-13
-2.7195e-14
-2.30913e-14
5.89565e-14
-2.28402e-10
-2.02459e-10
9.60107e-10
2.13103e-10
1.24715e-9
-3.553e-13
8.79218e-13
-2.15155e-13
-3.31988e-12
6.21802e-12
1.803e-11
-4.2035e-11
-2.80036e-11
-4.84355e-12
-3.69038e-12
-2.40109e-11
6.59632e-11
2.8334e-12
2.71595e-12
-3.35013e-12
-1.60721e-10
2.95968e-10
2.38797e-11
-1.05177e-12
4.02073e-13
-2.08956e-10
2.06948e-9
-4.77889e-9
9.30306e-9
-5.84539e-9
-4.12101e-10
5.16339e-11
-2.46491e-11
1.40374e-11
-7.14974e-11
6.53181e-9
-1.29883e-8
2.02916e-8
-3.41081e-8
2.63288e-8
3.42615e-9
7.61603e-10
-2.74739e-10
1.11769e-11
3.80243e-10
-2.96686e-8
2.03037e-8
2.06868e-8
-2.26655e-8
3.14688e-8
-5.80896e-8
3.49766e-8
1.49308e-8
1.75752e-8
-1.32763e-8
1.33262e-8
-1.90029e-8
-3.71237e-9
5.27415e-9
-2.78011e-8
-1.53894e-9
1.32472e-8
1.48248e-8
1.63914e-9
-2.27734e-8
2.28534e-9
8.09937e-9
-6.26961e-15
-1.54861e-15
-1.08419e-15
-1.97737e-16
5.2563e-14
-6.86421e-14
1.83504e-14
-4.70768e-14
6.86138e-14
5.88836e-15
3.32152e-15
1.86025e-15
-2.20163e-16
1.29766e-16
1.40001e-15
6.33492e-16
8.79274e-14
-1.53056e-13
2.57245e-13
-5.68699e-13
1.02694e-13
-1.01488e-14
6.95127e-15
2.70221e-15
-3.47648e-15
3.83818e-15
5.01793e-16
-8.1535e-14
-5.13949e-14
-5.39516e-14
-1.87284e-13
2.30774e-13
2.32116e-15
-2.01491e-14
-8.04527e-15
-5.23424e-15
1.95122e-14
-3.87778e-14
-4.96909e-14
3.54311e-13
2.55112e-13
4.02363e-14
-4.40642e-14
-1.28077e-13
-1.83304e-13
-7.15181e-14
-4.77329e-14
2.19914e-13
2.93641e-13
2.54789e-13
2.41808e-13
-2.36008e-13
-1.06331e-12
3.94651e-13
3.02718e-14
-5.1422e-13
2.83227e-12
4.27459e-12
-1.86899e-13
-2.99888e-15
1.12224e-13
-2.99424e-11
-1.1453e-11
-3.61759e-11
4.7319e-11
-2.31015e-13
8.65964e-11
5.83833e-14
-3.47986e-14
2.10726e-14
-5.32119e-10
9.82709e-10
-2.66556e-10
4.68147e-10
6.67634e-14
-3.86342e-14
-2.40799e-10
3.02421e-10
3.85446e-14
-3.40346e-10
-2.59437e-14
8.91595e-15
-2.38732e-15
-1.11665e-8
1.1456e-8
-1.31065e-9
4.90377e-9
2.94028e-16
2.34277e-16
3.28464e-10
-3.13402e-9
-2.81533e-16
2.21046e-16
-3.00089e-9
6.3461e-9
-7.48866e-16
3.8423e-9
4.0955e-15
-3.75446e-15
-1.90595e-14
5.77936e-14
-1.41052e-14
-1.65678e-9
2.54316e-10
-2.29544e-10
2.60059e-9
-1.74977e-9
-1.82454e-9
-1.00529e-13
-8.63038e-10
4.01059e-13
3.37123e-13
-9.05567e-13
-9.88418e-13
-6.82445e-11
1.26821e-10
1.08651e-10
1.54992e-11
2.80199e-10
5.81217e-12
-5.30039e-12
-2.38656e-11
2.09308e-11
5.0407e-13
-2.49693e-12
3.54494e-12
-8.94054e-12
8.51458e-11
-7.04232e-11
-2.65168e-10
2.22777e-10
-6.19044e-14
7.85748e-13
-1.11067e-12
-2.61147e-13
7.24491e-10
-6.36702e-10
-1.74174e-9
1.67949e-9
-1.2598e-12
1.26654e-12
-6.14101e-12
-3.94816e-13
3.69968e-9
-6.54301e-9
-4.02262e-12
2.94195e-12
-1.01721e-12
9.34741e-9
-1.24763e-8
-1.1929e-8
1.56473e-8
5.48024e-10
1.35397e-12
2.82282e-12
-2.5494e-11
5.60609e-11
-1.47776e-8
3.34469e-8
1.18219e-8
-3.28822e-8
-1.50943e-8
3.69336e-8
-4.68848e-9
1.70786e-8
-2.38997e-8
1.50935e-8
-1.3457e-8
-1.32099e-9
1.84238e-9
-4.19222e-8
4.91703e-8
4.45494e-8
-3.99853e-8
-5.84414e-8
3.10421e-8
4.50877e-8
-2.80706e-8
-2.59863e-14
-9.21963e-15
-8.86106e-15
-1.09795e-15
1.72263e-13
-4.69376e-13
-3.63281e-13
3.50257e-14
3.14549e-14
2.33047e-14
1.90997e-14
-1.20998e-14
-7.80353e-15
2.90688e-14
6.61025e-15
8.95839e-13
3.69647e-13
2.18524e-12
1.02169e-12
-1.61122e-12
1.25364e-13
1.8157e-13
-9.96146e-14
-5.78792e-14
-6.91844e-14
-2.97508e-14
5.57847e-14
-3.76242e-14
-4.84854e-14
5.71713e-14
2.41654e-14
3.14062e-14
-1.72606e-12
-1.55407e-12
-5.27993e-12
-5.42941e-12
3.41223e-12
-2.98297e-14
-3.091e-13
-5.40868e-14
-5.93775e-14
1.08046e-14
-1.31718e-12
-1.24258e-12
9.19047e-12
7.02016e-12
2.19464e-13
-1.71576e-13
-5.6433e-13
-1.07307e-12
-1.83743e-12
-1.46358e-12
7.06307e-12
7.13277e-12
9.27839e-13
1.40117e-12
2.64349e-13
-2.24588e-12
8.32571e-13
5.40928e-13
9.96943e-12
1.89197e-12
-1.3754e-11
3.7257e-11
7.10891e-11
1.07413e-10
-5.32605e-12
-2.44594e-12
8.08016e-13
-2.50277e-10
4.36903e-10
-4.29342e-10
6.93823e-10
-5.54783e-14
1.51984e-14
-3.99981e-14
-1.37956e-9
-1.38043e-9
-9.27025e-13
7.00312e-13
-2.3007e-13
2.33278e-9
-3.18701e-9
2.6617e-9
-3.91068e-9
2.28464e-13
2.39976e-15
6.00105e-9
-7.20871e-9
-8.40504e-15
-2.63849e-14
6.39132e-15
-5.97066e-9
2.83404e-9
-3.98405e-9
1.75631e-15
2.3045e-15
-8.09417e-15
4.47672e-9
-2.03858e-9
9.21428e-10
-2.4028e-16
2.62242e-14
4.52041e-15
-2.62699e-9
5.99669e-10
1.25278e-9
-3.54879e-14
-2.36149e-16
1.75552e-9
-2.71157e-10
2.21957e-14
2.05e-14
-4.4249e-9
3.79734e-9
5.05704e-14
-1.40271e-13
1.06762e-9
-2.71178e-9
3.61097e-13
-3.98347e-13
-1.31692e-12
1.15881e-12
3.57881e-12
3.05793e-12
-1.10736e-11
-2.29976e-10
-3.95748e-12
-1.22893e-11
2.44379e-10
4.17621e-11
-6.98571e-12
-1.50584e-11
2.28191e-11
4.30508e-11
-7.35431e-11
-7.16478e-13
5.79022e-12
5.55406e-13
-1.22104e-11
-9.25798e-11
2.05105e-10
1.3719e-10
-4.87424e-10
9.70596e-13
6.35914e-13
-2.82904e-13
-9.44795e-13
-2.68821e-11
9.69669e-10
-7.29565e-10
-1.52192e-9
5.63478e-13
4.113e-13
5.21983e-14
-3.80785e-12
3.07715e-9
1.59551e-9
-8.73188e-9
-6.02005e-11
-7.81397e-12
-1.40074e-12
5.55994e-12
-1.21871e-12
2.07589e-8
-4.20501e-9
-3.04243e-8
9.26937e-9
4.00715e-8
-1.65429e-8
1.28715e-9
-3.47276e-10
-1.91175e-10
4.98536e-10
-8.44983e-11
1.16497e-10
-5.57645e-8
2.56235e-8
6.12377e-8
-2.90932e-8
-5.28176e-8
2.77455e-8
3.48027e-9
3.1184e-8
-1.00402e-8
-1.7455e-8
-1.39525e-8
-1.5985e-9
2.84383e-8
1.15462e-8
-4.32743e-9
-1.3373e-8
-1.70636e-8
2.41808e-8
4.04062e-10
-6.26219e-9
-2.39431e-12
6.75783e-12
1.55923e-13
1.88951e-13
1.62096e-13
1.99071e-13
-2.42767e-15
-1.32643e-13
1.25513e-13
2.89952e-11
1.93106e-11
-1.94057e-11
1.24406e-12
4.92579e-12
-2.13317e-11
-7.92559e-13
-2.92191e-13
-6.16795e-13
-4.47741e-13
2.99278e-13
1.75089e-13
-1.75749e-13
6.06205e-13
3.28292e-13
-4.09119e-11
-3.77904e-11
5.74464e-11
-7.03036e-11
7.55254e-11
-1.04397e-12
1.989e-12
-5.1572e-13
-1.28694e-12
-6.39978e-14
-3.68536e-11
-3.51714e-11
1.86622e-10
1.76033e-10
1.5344e-12
1.48751e-12
-3.34353e-12
-7.05946e-12
-4.13092e-11
-4.00581e-11
1.80721e-10
1.73762e-10
9.43431e-12
1.91625e-13
-5.7267e-11
-1.40017e-10
1.93044e-11
2.04626e-11
2.08433e-10
5.74746e-11
2.11836e-10
-3.22802e-10
-5.86386e-10
-1.21049e-9
-5.49585e-11
4.68924e-11
-1.36766e-11
1.95057e-9
-1.46899e-9
2.0302e-9
-2.97875e-9
4.51751e-12
-2.06188e-12
-2.04013e-11
3.92812e-9
5.41407e-9
4.60228e-12
2.58478e-12
-2.68802e-13
-6.9115e-9
6.57211e-9
-7.56816e-9
9.86751e-9
-9.71352e-14
1.61432e-13
-1.1155e-8
8.33951e-9
-3.70628e-13
-1.32366e-13
1.01816e-8
-7.2742e-9
7.10403e-13
3.4562e-15
-7.70587e-9
5.0732e-9
-4.74671e-13
1.14717e-13
4.75849e-9
-3.69189e-9
-5.40984e-14
-1.36647e-13
-3.63131e-9
4.09347e-9
3.27858e-13
-1.16414e-12
-1.86825e-13
4.57588e-12
9.18484e-13
-3.95305e-12
7.02909e-10
-1.28131e-10
-9.69296e-11
-2.20861e-10
4.16391e-9
1.49938e-10
7.46271e-12
1.3591e-13
-1.20211e-11
5.70862e-11
-1.32319e-11
3.43134e-12
8.75913e-12
-1.29851e-12
1.17227e-10
-2.15283e-10
1.42861e-10
6.46378e-10
-6.07522e-10
1.32214e-11
6.43837e-12
-2.59342e-12
-4.00723e-11
-2.08989e-9
2.07838e-9
5.12107e-9
-5.67676e-9
-6.30836e-12
1.21983e-11
-1.57204e-13
-8.14762e-11
-1.3688e-8
1.14658e-8
1.80525e-8
-3.07061e-8
1.04307e-11
2.47006e-12
1.17592e-11
2.10955e-11
-3.15731e-8
4.17063e-8
4.67091e-8
-4.44622e-8
-4.82265e-8
6.54343e-8
3.31797e-11
4.64334e-10
-4.49371e-10
-1.1512e-9
3.09761e-10
-3.53707e-10
6.25722e-8
-7.28571e-8
-5.18572e-8
6.11623e-8
3.02063e-8
-3.77795e-8
-1.16842e-8
1.79457e-8
5.10178e-9
-9.59958e-9
-3.53955e-9
8.55828e-9
-2.15364e-12
3.9863e-12
-8.60778e-13
3.22671e-12
-1.03136e-13
-8.97668e-13
8.26217e-11
-2.06195e-10
-5.55458e-11
-3.6676e-11
1.01727e-11
-6.20764e-12
-7.89128e-12
2.67529e-12
9.64598e-13
-5.22482e-12
7.49492e-12
-6.69884e-10
-7.31628e-10
8.52032e-10
8.31983e-11
-2.34472e-10
8.51181e-10
4.34125e-11
-4.33869e-11
4.66743e-11
7.02382e-12
-9.36974e-12
-1.27268e-12
1.09116e-11
-2.23138e-11
-2.13868e-12
-8.81648e-10
-7.8816e-10
-2.62612e-9
3.25205e-9
-4.64086e-9
7.90271e-11
-1.05299e-10
1.19965e-11
2.12698e-12
9.14378e-11
-8.4494e-10
-6.72776e-10
4.49917e-9
-4.67395e-9
-2.55803e-10
4.26114e-10
5.33985e-10
1.33351e-9
-4.20188e-11
3.37285e-9
-2.71857e-9
8.50636e-10
-2.03311e-9
1.77136e-9
-1.54734e-9
3.94902e-9
3.66304e-9
-2.07721e-10
8.77695e-11
9.47282e-10
-5.6315e-9
-9.17226e-9
-7.92117e-12
-2.38593e-10
2.92312e-11
-1.76907e-11
1.40743e-8
-1.22305e-8
1.49388e-8
-2.1262e-8
-1.19632e-8
4.37382e-12
9.80616e-12
-5.97152e-13
2.37713e-8
-1.81979e-8
1.43091e-8
-1.77037e-12
9.29252e-13
5.68119e-12
-2.5423e-8
1.81582e-8
-1.35424e-8
-1.22773e-12
-2.13088e-11
1.1079e-12
2.73014e-8
-1.57433e-8
1.10687e-8
2.21828e-12
7.38835e-12
-6.63457e-12
-1.10733e-8
8.23658e-9
-7.63641e-9
2.0211e-11
9.22116e-13
3.41886e-9
-2.99118e-9
-8.18128e-12
-7.93159e-10
-1.22254e-11
-4.08403e-11
4.556e-11
2.29419e-10
-3.37329e-10
-3.72643e-11
-2.04705e-10
1.55934e-9
-1.83309e-10
1.94896e-10
-5.83095e-9
1.70627e-11
1.85126e-10
8.88945e-10
-4.43653e-10
-2.15305e-9
2.18689e-9
2.17419e-10
-1.33818e-11
-1.44114e-11
-5.17706e-10
4.37707e-9
-3.99383e-9
-8.65754e-9
1.18082e-8
-2.03089e-10
2.66829e-10
1.76327e-12
-9.39366e-10
1.21946e-8
-1.94125e-8
1.3175e-8
-1.34379e-8
2.01723e-8
2.12328e-8
-3.6188e-8
1.5522e-9
-7.40099e-10
6.91583e-11
-2.7082e-10
9.96974e-11
1.00174e-10
-6.91507e-11
-1.49492e-8
3.61715e-8
-4.04585e-8
-7.02093e-9
-1.56805e-8
3.2386e-8
2.72143e-8
-5.45245e-9
-1.41982e-8
-6.42082e-8
2.48941e-8
-1.9355e-9
2.05086e-8
-1.07527e-8
2.26539e-9
-8.67972e-9
4.36728e-9
-9.11442e-10
-3.56916e-10
-3.16531e-11
1.42076e-10
-2.07608e-10
6.58525e-11
5.79883e-13
5.18634e-9
-2.57507e-9
1.3309e-10
1.7074e-9
2.25639e-9
-3.36526e-10
5.39798e-10
-1.66143e-10
3.23429e-10
9.66132e-11
-1.99492e-10
1.1232e-8
1.25117e-9
9.48203e-9
-1.45287e-8
-4.80947e-9
2.79585e-9
-3.21686e-9
1.93605e-9
-8.39684e-10
-6.1096e-10
6.28398e-10
-7.32376e-10
-1.7624e-10
4.44482e-10
-1.04027e-9
5.29393e-9
6.19572e-9
6.08848e-9
-1.49018e-8
1.01444e-8
-1.43075e-8
1.07192e-8
8.5019e-10
-2.8316e-9
6.88849e-10
-6.22735e-10
-1.00952e-9
3.06749e-9
-3.42365e-9
1.02533e-8
1.23107e-9
-2.85642e-9
-1.58883e-8
1.12912e-8
1.89384e-9
-7.46348e-10
-3.36945e-9
-8.93556e-9
7.88385e-9
-1.41686e-10
2.71927e-9
-1.56763e-8
1.15962e-8
-4.59229e-9
1.0204e-8
-6.52932e-9
1.24013e-8
-1.58288e-8
-1.87553e-8
2.08185e-8
1.50431e-10
3.32705e-11
7.87705e-12
7.1139e-11
1.72384e-8
3.39285e-8
-2.83963e-8
-2.32432e-12
-6.07092e-11
-9.85132e-11
-4.16857e-11
-3.80745e-8
2.95956e-8
-4.75217e-8
4.27712e-8
3.23303e-8
7.12004e-11
3.14984e-10
-1.50209e-10
-4.47911e-8
5.97984e-8
-5.02707e-8
-7.29844e-11
2.22456e-10
-4.19267e-10
1.64359e-8
1.93211e-10
-1.1638e-9
-2.96239e-10
-3.60879e-10
2.21114e-9
-1.69448e-9
8.4199e-10
8.562e-9
-8.1242e-9
-1.07244e-9
-7.09517e-9
3.88358e-8
3.92081e-9
-1.51617e-9
-2.34438e-10
-7.4729e-10
-1.22553e-9
9.14408e-10
2.69119e-10
5.40766e-9
4.16671e-10
-6.75061e-10
-6.22652e-9
2.42477e-9
-2.41582e-9
-5.23772e-9
5.5491e-9
-2.39096e-9
1.84978e-8
8.76972e-10
2.34776e-11
1.46088e-8
-4.55912e-9
-3.79124e-10
-1.68267e-8
1.58804e-8
3.56987e-9
-2.77283e-9
1.13481e-9
-6.68229e-10
7.5418e-9
8.72962e-10
-6.86378e-9
2.85656e-8
-2.57512e-8
1.41602e-8
-4.29102e-8
2.5751e-8
-1.49996e-8
5.60753e-8
-5.74495e-8
-1.58814e-8
-2.3978e-9
9.31918e-9
1.20832e-9
1.89232e-8
-1.22459e-8
5.01148e-9
-7.97325e-9
3.36317e-9
3.79183e-8
-8.92728e-8
6.62984e-8
-6.23955e-8
7.34983e-8
-7.11384e-8
8.48191e-8
-2.946e-9
2.73587e-9
-4.77813e-9
-1.52788e-9
5.45021e-9
-6.49139e-9
6.97352e-9
-2.82162e-9
-3.83397e-9
-2.0545e-10
5.44739e-9
-1.07331e-8
1.4176e-8
-1.45878e-8
8.49106e-9
7.63498e-10
-6.27554e-9
1.05177e-9
3.9517e-9
-1.08421e-8
1.84804e-8
-2.35945e-8
2.23931e-8
-1.44963e-8
2.67198e-9
1.08353e-8
1.13101e-9
1.37448e-9
-6.82618e-9
1.54441e-8
-2.4923e-8
3.04739e-8
-2.81259e-8
1.77255e-8
-3.01451e-9
-1.69447e-8
1.79048e-10
-4.40525e-10
-1.38568e-9
6.65045e-9
-1.56182e-8
2.53608e-8
-3.07728e-8
2.83887e-8
-1.91348e-8
5.06914e-9
1.24405e-8
-4.66689e-8
1.558e-9
-1.53048e-9
-1.73844e-9
9.05854e-9
-1.77131e-8
2.32377e-8
-2.29969e-8
1.8792e-8
-1.25507e-8
-1.34593e-9
-4.38108e-9
7.18101e-9
-6.99201e-9
2.61274e-9
4.4151e-9
-1.07165e-8
1.31991e-8
-1.57401e-8
2.30429e-8
-2.64833e-8
-1.01938e-8
1.59813e-8
-1.47141e-8
1.00446e-8
-2.1072e-9
-5.78815e-10
5.63691e-9
-8.5513e-9
-1.97304e-8
2.53206e-8
-2.46051e-8
1.10251e-8
-1.26136e-8
-1.96889e-9
3.70332e-8
-1.84197e-8
