0.000159454
-0.000738167
0.000681913
0.000283965
0.000909761
-0.000653842
0.000625753
-0.00080664
-0.000580635
0.000592584
-0.000451504
-0.000428346
-0.000291383
0.000515128
0.000221826
0.000317264
-0.000185087
-0.000210139
0.000462464
-0.000141791
-0.000161729
-0.000648554
0.000145753
-0.000192115
0.00022817
0.000509934
-0.000336608
0.000460242
-0.000375901
-0.000454668
0.00023094
-0.000211461
0.000372297
0.000124273
6.89151e-5
-0.000260326
-2.97608e-5
-4.22759e-5
9.07682e-6
-0.000141866
0.000216061
-0.000133727
-2.56329e-5
0.000414254
4.63885e-5
-0.00021814
0.000280428
-0.000404912
0.000466871
-0.000458437
0.000116089
0.000292065
-2.58566e-6
-0.000152204
-1.66408e-7
4.34878e-6
3.50366e-7
8.90651e-5
-0.000151923
-3.75594e-5
-3.83286e-5
0.000280536
0.000328422
-0.000243596
0.000117472
1.41785e-5
-0.000143576
0.00029712
-0.000406097
0.000410273
-0.000315071
7.22653e-5
0.000162468
-2.8239e-5
-8.90176e-5
-1.31891e-6
4.43292e-5
-1.02134e-6
6.38987e-6
-0.000215779
0.000244639
-0.000250147
0.000186055
-5.768e-5
-0.000111632
0.000245791
-0.000282327
0.000219245
-0.000121868
5.28718e-5
-2.11067e-5
-0.000553392
0.000594301
-0.000105756
0.000541053
-0.000754286
4.48334e-5
0.000392412
-0.000427677
0.000431003
-0.000396234
0.000276356
-9.78861e-5
-5.76791e-5
0.000129003
-0.000120318
7.88596e-5
-2.03039e-5
-3.5618e-5
1.17338e-5
2.78057e-5
4.40583e-6
-8.79484e-6
-4.30646e-7
-4.20409e-6
-0.000502132
0.000493251
-0.000465111
0.000454258
-0.000525673
0.000530683
-0.000417462
0.000238542
-7.59132e-5
-1.65118e-5
4.21321e-5
-3.21639e-5
1.72569e-5
-1.72104e-5
7.69581e-6
2.38895e-7
0.000257584
0.000355988
-0.000389397
0.000525569
-0.000523626
0.00042154
-0.000262319
0.000120495
-3.40977e-5
-5.12233e-6
1.832e-5
-1.94047e-5
2.01805e-6
7.43101e-7
-1.74318e-6
-0.000291482
0.000170648
0.000198876
-0.000222973
0.000271337
-0.000338599
0.000395106
-0.000307138
0.000200286
-0.000101791
4.5472e-5
-1.05924e-5
4.36854e-6
1.14238e-5
-4.93935e-6
1.7662e-6
-1.25356e-6
-6.63032e-5
-0.00012112
0.000173107
-0.000201486
0.00016495
-0.000119552
6.31132e-5
-5.28737e-5
1.76103e-5
-1.33252e-5
5.3062e-6
-2.70474e-6
2.47517e-6
4.16024e-5
-9.83042e-6
3.19724e-6
-8.19867e-5
0.0001061
-6.88366e-5
5.13598e-5
-3.07207e-5
5.17023e-5
-3.54297e-5
4.54704e-6
1.5727e-6
-2.74848e-6
1.14516e-6
-5.30192e-6
-6.85475e-7
3.25711e-5
-5.18463e-5
2.73614e-5
-3.97244e-5
2.60704e-5
-1.48927e-6
-7.88286e-6
1.57574e-5
-2.12571e-6
-2.76541e-6
-7.54759e-6
1.36964e-6
2.47544e-5
-1.47321e-5
1.20707e-5
-1.12348e-5
5.73364e-6
1.71968e-6
-6.73918e-6
5.27621e-6
3.57106e-7
-4.53148e-8
-1.91792e-6
9.38245e-5
-4.80802e-5
-0.000107481
-0.000198047
0.000115324
-5.3267e-5
2.36246e-5
0.000625443
-0.000280145
-6.61466e-6
8.32675e-5
-0.000336401
0.000171961
-4.95743e-6
0.00022538
-7.00274e-5
-7.65516e-5
-8.39378e-5
-1.92723e-5
0.000102948
-1.19258e-6
4.5449e-5
-0.000112655
-2.34244e-5
-9.56172e-6
3.15891e-5
2.19791e-5
-1.51916e-5
-1.73273e-6
-6.57751e-5
1.77698e-5
0.000118735
0.000112437
-6.74035e-6
-3.1883e-6
-1.54011e-6
-0.000206835
-1.34754e-5
1.26931e-5
-1.10256e-5
3.82636e-7
9.53547e-7
-3.98108e-6
5.91483e-6
2.15398e-8
-4.5199e-6
2.82246e-5
-0.000120776
2.7602e-5
0.000118199
-2.40107e-6
-0.000315192
1.78534e-6
-6.06301e-7
-7.72323e-7
2.63355e-6
2.62532e-7
-1.23135e-6
1.63514e-5
-5.27939e-5
-5.36943e-6
-2.03756e-5
8.76341e-5
-1.94499e-6
-0.000192403
8.93341e-7
-4.41113e-7
-1.09876e-6
5.64916e-7
8.31503e-7
1.05823e-8
-2.17942e-7
-5.86758e-6
-1.67027e-5
-2.06049e-6
-2.2557e-7
3.0241e-5
-5.71476e-5
1.69919e-5
-9.43857e-5
0.000155061
1.39588e-7
1.12062e-5
4.05546e-7
-3.57955e-9
-5.2252e-7
6.79306e-9
3.65571e-8
-1.14472e-8
3.08813e-10
0.000240108
-0.000505614
0.000649189
1.54624e-6
-4.43522e-7
4.07639e-8
-0.000188851
0.000298164
-0.000517836
-1.4573e-7
1.06894e-7
1.00544e-7
0.000145023
-0.000236732
0.000371509
3.58389e-8
-8.32574e-8
-3.14831e-8
-9.78462e-5
0.000139475
-0.000207186
4.90452e-7
-6.33144e-8
3.85707e-8
4.91507e-5
-5.70739e-5
4.26322e-5
-0.000121735
-2.85963e-7
-1.05269e-7
1.55974e-8
-3.3297e-9
-1.44618e-5
-6.68418e-6
3.25772e-5
-8.69217e-7
2.42247e-7
6.77822e-8
5.0845e-8
4.14127e-6
3.96228e-6
-4.8124e-7
-3.76275e-7
-1.85123e-6
1.08468e-6
-4.95666e-7
4.35401e-7
-1.95641e-7
9.3089e-8
-1.65194e-7
9.49023e-8
5.98692e-7
-2.12577e-7
1.84704e-6
-3.27486e-8
2.67441e-7
-2.11855e-8
-3.63128e-8
4.4633e-8
1.01339e-7
-9.9596e-7
-2.42087e-7
-6.15047e-7
1.00594e-6
2.46807e-6
-5.332e-6
1.68297e-6
7.14466e-7
-2.71703e-7
7.5078e-8
-1.09636e-7
-4.40943e-9
1.86989e-8
1.91568e-7
-1.40339e-7
2.14638e-7
-7.84998e-7
-4.54851e-7
6.0559e-7
-1.9308e-6
1.96976e-7
-9.45017e-8
-5.37704e-7
-1.65733e-7
-2.39891e-7
-3.66021e-7
1.83528e-7
1.03437e-8
-4.16396e-8
-4.43937e-8
7.72449e-8
1.66975e-7
2.81676e-8
-3.39165e-8
5.57541e-7
-1.29338e-7
1.03474e-7
9.35238e-8
1.08592e-7
3.17247e-7
-1.26391e-7
-1.43181e-7
7.54206e-9
5.82486e-9
-5.42757e-8
-1.30095e-7
3.86617e-8
-5.00301e-8
-2.17603e-8
-1.42735e-6
-9.15069e-6
-7.87045e-6
6.58327e-6
4.06507e-5
-6.12406e-5
1.65549e-5
4.02486e-5
-0.000136899
0.000193491
-0.000152359
0.000289281
-0.000374698
0.000252299
-0.000398525
0.000473676
-0.000268832
0.000372972
-0.000375371
0.000183772
-0.000234588
0.000168527
5.66861e-5
2.07154e-5
7.2224e-6
-9.80366e-5
9.2946e-8
-1.32152e-6
1.80895e-6
9.13711e-6
-5.67082e-6
1.26945e-6
-1.23467e-6
4.7021e-6
-3.98976e-5
0.000116374
3.49407e-5
-8.9267e-5
-2.63972e-5
5.43408e-5
5.39291e-7
-3.00127e-6
7.42637e-7
-1.12769e-7
1.47086e-5
-2.83301e-5
-7.03242e-6
1.26261e-5
1.45379e-6
-8.71213e-6
1.5256e-6
-2.4964e-7
2.95629e-6
-4.95873e-6
-1.12508e-6
1.74044e-6
6.84486e-7
-2.06734e-6
3.18346e-7
-2.48705e-6
-2.0817e-7
3.89637e-7
-5.47881e-7
-1.16647e-7
1.50152e-7
-2.72683e-6
2.36237e-6
2.39366e-7
5.46724e-6
-8.65117e-6
-1.43264e-7
8.92672e-8
4.65339e-9
-3.55106e-8
-2.83315e-9
-3.887e-9
1.80364e-8
-1.53053e-5
1.00548e-9
3.9302e-5
-2.49043e-7
-2.9243e-6
-2.28257e-5
-1.76251e-5
-4.019e-6
4.99769e-5
1.99557e-9
-9.75724e-10
-2.15394e-10
2.85146e-10
2.50742e-9
-5.73277e-11
1.94978e-10
3.93229e-5
2.43257e-5
-0.000100005
-2.30908e-8
8.07363e-9
-1.66033e-9
-7.2254e-5
-4.88011e-6
8.6697e-5
-1.82385e-8
2.4223e-9
-2.07659e-9
9.35158e-5
-1.69237e-5
-6.3028e-5
5.79182e-9
5.72793e-11
-2.45826e-10
-9.23986e-5
3.29893e-5
3.74135e-5
-1.30162e-8
1.86343e-9
-3.37902e-10
7.11928e-5
-3.30682e-5
2.46938e-6
4.6642e-9
-1.51109e-9
1.31176e-10
-3.82292e-5
-1.15153e-5
-7.84921e-10
-4.88536e-10
6.37395e-11
3.02726e-5
-3.60732e-5
-1.9455e-5
8.43942e-6
-4.55648e-6
-3.87465e-8
1.18397e-8
-4.90373e-9
1.71846e-9
7.07001e-6
2.14436e-6
-1.95406e-8
2.70402e-9
-1.35873e-9
-3.45321e-6
3.20003e-6
1.30702e-6
4.29198e-7
-4.82175e-10
-1.83475e-9
1.8357e-9
2.79922e-9
-4.25996e-7
2.80349e-7
1.08738e-7
6.8202e-9
2.03988e-10
-4.52848e-9
-4.58919e-10
5.2266e-10
-1.837e-8
2.08897e-9
9.5821e-9
1.69599e-8
-5.41667e-8
7.20069e-8
1.12468e-9
2.27302e-8
1.16257e-9
-2.2558e-9
2.70371e-9
-2.19008e-9
-1.13033e-8
1.87547e-8
-3.43368e-9
3.01778e-9
3.09294e-8
2.5077e-8
-7.14608e-9
1.80349e-8
7.41057e-10
1.1478e-9
1.08148e-8
-2.85671e-8
-3.81569e-9
2.30743e-9
3.56395e-9
-1.75484e-9
-7.2804e-9
2.52304e-9
-4.52657e-9
-1.13588e-8
-3.85439e-9
-1.46796e-10
-3.79178e-9
-1.88661e-10
-6.08467e-9
9.18022e-10
1.28026e-8
-1.49344e-9
2.11313e-10
2.74658e-9
3.20934e-9
5.25335e-10
6.3857e-10
6.31133e-10
6.1138e-7
1.35525e-6
-4.3824e-6
-1.00383e-5
-7.2335e-6
2.19426e-5
5.815e-5
-7.97489e-5
-0.000216047
0.000237899
0.000383822
-0.000348035
-0.000461973
0.000336417
0.000267208
-8.03979e-5
-1.38982e-6
-0.000190276
-0.00018398
0.000381667
0.000212105
-0.000281725
-0.000203792
0.000231484
-1.13616e-7
4.50572e-8
4.6155e-7
-7.26048e-8
1.05193e-6
-1.2834e-6
0.000152623
-0.000199936
-8.63729e-5
0.000106206
4.06992e-5
-3.96255e-5
4.41505e-8
-1.62524e-7
6.26928e-8
-1.91296e-8
-1.70924e-5
1.60591e-5
6.37672e-6
-6.03581e-6
8.12765e-8
-4.15678e-7
9.25983e-8
-1.33823e-8
-2.12273e-6
2.05932e-6
6.32813e-7
-6.46961e-7
-3.48459e-8
-1.02351e-7
4.90761e-8
-9.41189e-9
-1.67932e-7
1.88804e-7
3.84894e-8
-5.87497e-8
-3.9118e-7
-3.97161e-7
3.38202e-7
-1.38542e-6
3.20782e-6
1.11229e-7
-6.70677e-9
1.79162e-8
-6.11334e-9
2.87624e-9
-5.75421e-9
2.6496e-9
-6.1827e-5
8.04485e-6
1.19826e-5
0.000206883
-0.000113597
-5.88009e-6
-5.80499e-10
-1.42967e-9
-3.15533e-12
-1.59062e-11
5.39784e-10
-6.76663e-5
5.94545e-5
2.02265e-10
-2.54817e-11
0.000197824
-0.000104153
6.86731e-10
-1.54537e-10
-0.000245778
0.000154532
4.22077e-10
-2.12455e-10
0.000253824
-0.000171558
5.8307e-11
-8.48379e-11
-0.000201635
0.000147293
3.45544e-11
-8.88426e-12
0.000126815
-0.000103705
-8.26146e-11
2.45699e-11
-7.06066e-5
6.03307e-5
1.92639e-10
-5.90927e-11
3.6556e-5
2.02112e-5
9.63187e-10
-5.96397e-10
7.05095e-11
-1.74744e-5
1.31984e-5
7.01744e-6
-8.37328e-6
1.18669e-10
-3.04653e-10
-6.93226e-12
-2.37669e-6
-1.06513e-6
-5.87685e-10
-2.25445e-11
1.92876e-10
6.51842e-7
-2.61271e-7
-1.25832e-7
-5.03821e-8
1.41533e-10
-2.70737e-10
-6.53911e-11
1.4476e-10
7.2573e-9
1.68649e-8
5.82783e-9
1.68973e-9
-5.64751e-11
-2.5723e-10
-5.42657e-12
-8.1098e-12
-2.62385e-9
1.88734e-9
7.13287e-10
-6.31866e-10
4.71046e-10
7.78745e-10
6.2256e-11
-3.29909e-11
2.45283e-10
-1.14423e-10
-1.09469e-12
-1.61707e-9
2.3988e-9
2.0408e-9
-2.63391e-9
-3.04734e-10
-2.13874e-10
-6.19403e-11
-7.80123e-11
3.24336e-10
5.76502e-10
-3.3163e-10
5.73168e-10
-4.83173e-10
-1.18573e-9
-7.97694e-10
-8.71016e-11
-2.16459e-10
-2.11437e-10
-8.21416e-10
7.25419e-12
-2.54917e-10
4.56038e-10
1.85042e-10
-8.27469e-11
-7.66036e-11
3.16267e-10
4.65488e-10
3.0892e-10
-4.70314e-10
3.13092e-10
3.07542e-10
-3.87214e-6
9.42218e-5
6.1468e-5
-0.000224789
5.72829e-6
0.000186538
-0.000218971
0.000266237
-7.60444e-5
-0.000120771
-0.00025355
8.58788e-5
0.000115223
8.58619e-5
9.16818e-5
-9.00798e-5
-9.86794e-5
-0.000270787
-0.000119979
0.000267954
0.000284304
-3.4878e-6
-3.17936e-6
1.79123e-5
-4.64833e-5
6.09495e-5
-3.68738e-5
3.57969e-5
-6.32381e-5
-0.000341795
0.000332911
0.000235258
-0.000156572
-0.000142784
-0.000110479
-6.99734e-5
0.000105681
0.000134967
1.99969e-8
2.4253e-7
-1.54807e-7
1.53957e-6
-1.99713e-6
-5.43932e-7
-5.41495e-5
3.79723e-5
9.50398e-6
2.13983e-5
1.41465e-5
-1.9977e-5
-1.01162e-5
-1.10787e-8
-1.0942e-8
1.15049e-9
-1.37295e-7
5.39006e-6
-9.35268e-6
-2.26617e-6
3.42134e-6
5.55412e-8
-3.43858e-8
9.45647e-10
-7.28229e-9
8.67648e-7
-1.36299e-6
-2.76579e-7
3.58952e-7
1.6367e-7
-3.37627e-8
-6.52829e-8
-2.31581e-7
7.76036e-8
-1.22096e-7
-1.30097e-8
2.54426e-8
2.78592e-6
-1.2683e-6
-1.47371e-7
-1.82633e-6
3.00974e-6
-1.12792e-6
-1.21642e-9
3.13906e-9
-1.40955e-8
5.58732e-9
1.75472e-9
-8.73155e-10
-4.473e-10
-1.6163e-6
-1.18661e-5
2.2442e-5
-0.000188263
0.000175021
-1.05415e-5
2.84321e-10
9.46066e-11
2.84115e-10
-1.70889e-10
-1.78497e-10
-4.62511e-11
0.000202038
-0.000262713
4.11045e-11
3.36562e-11
0.000138469
-1.36464e-11
0.000523572
-0.000716339
0.000329934
-0.000544238
0.000821958
-0.000501496
-0.000424668
4.22874e-11
-2.17777e-11
6.01938e-11
8.69751e-12
-1.77419e-11
-2.49431e-12
-1.95843e-11
4.91387e-12
0.000557513
-0.000572476
0.000371638
5.51891e-11
-1.33612e-11
4.64381e-12
-0.000533793
0.000475025
-0.000276323
2.04768e-11
-2.61313e-12
2.40771e-12
0.00074921
-0.000423197
0.000296521
-5.2666e-12
6.83225e-12
-4.92067e-12
-0.000243611
-0.000138291
-3.16593e-12
-3.38612e-12
0.000119032
-2.93679e-6
-4.79297e-5
6.81133e-5
3.67378e-11
-2.03989e-11
1.20067e-11
-6.76023e-12
4.23324e-12
2.22724e-5
-3.18477e-5
-9.20344e-11
2.27257e-11
-8.60903e-6
-4.6135e-6
4.45715e-10
1.18003e-10
1.9743e-6
9.15064e-7
-1.71823e-7
1.31682e-6
-5.08535e-10
6.48456e-10
-7.45698e-10
8.33347e-10
9.12803e-11
-5.99827e-8
9.01318e-9
1.72009e-10
1.47932e-10
5.73734e-8
-7.21037e-9
-2.14011e-8
-7.85423e-9
5.64734e-11
-1.11183e-10
-6.44968e-10
5.10373e-10
9.55944e-10
2.63284e-10
4.68818e-9
5.40449e-9
-1.66218e-10
-1.71624e-10
9.81932e-12
-3.47181e-11
-1.28703e-10
-1.65096e-11
-3.37257e-10
8.6945e-10
1.55517e-10
1.66854e-11
1.3428e-10
-4.05649e-11
7.6494e-11
-3.61615e-11
-2.66034e-11
2.38823e-11
1.17783e-11
3.27546e-12
-2.4133e-10
-1.43586e-10
-8.59368e-11
-2.65817e-10
1.00449e-10
-2.31573e-13
-1.74752e-12
-2.00037e-11
2.34071e-11
-6.35586e-11
4.62949e-11
-8.1939e-12
-1.67332e-10
-4.05712e-10
-2.03827e-10
1.70027e-9
6.35844e-10
-5.81828e-10
1.41088e-10
7.41519e-10
5.70074e-11
4.65838e-10
4.57211e-10
-1.45571e-10
-1.09217e-11
6.48798e-12
1.09484e-12
1.61097e-11
-8.73091e-11
3.27983e-10
1.00283e-9
-1.84004e-9
-7.07764e-9
1.38377e-9
-3.5541e-10
-5.57037e-10
-2.42315e-9
-1.1076e-9
-1.22408e-11
4.83966e-10
-1.96056e-9
-1.42185e-9
1.01664e-8
1.9709e-8
3.58333e-10
8.12869e-5
0.000381907
-0.000341102
0.000391997
-0.000514585
0.000234223
-0.000271862
-0.000152019
0.000182739
0.000149281
-0.000128517
-0.000141358
-8.24482e-5
9.31494e-5
3.33249e-7
0.000102001
-0.000161453
0.000187811
-0.000171698
9.86321e-5
-0.000248734
-0.000229159
0.000125736
0.000104573
-3.24432e-5
-4.97463e-5
-2.78815e-5
3.53422e-5
1.62955e-6
-7.31821e-6
9.4185e-6
-3.37066e-5
1.05767e-5
-3.21649e-5
9.90413e-6
1.41603e-5
9.58704e-6
-1.13188e-5
-7.16933e-8
1.05553e-7
2.08193e-7
-6.37525e-7
8.31588e-7
-6.91422e-8
6.96189e-6
-4.43997e-6
-1.02514e-6
-2.40188e-6
-1.63406e-6
2.73676e-6
9.60669e-7
-5.61279e-8
1.05533e-8
1.11483e-7
-7.83557e-8
-7.85848e-10
-4.10714e-7
-3.50002e-8
5.60108e-7
8.90333e-8
-3.06606e-6
5.91742e-7
9.13138e-7
2.53391e-6
-4.344e-7
1.19746e-8
-5.59439e-8
3.90362e-8
8.4332e-8
1.69712e-8
1.98455e-5
1.50132e-8
-1.85291e-5
2.55004e-5
1.17098e-5
-8.03751e-10
-4.30542e-9
-1.60336e-8
1.16483e-8
1.17624e-9
0.00017966
-0.000109079
0.000154805
-0.000688274
0.000383622
-0.00019188
3.07364e-11
-8.13547e-11
-2.55793e-10
3.03179e-11
4.03109e-12
-4.71484e-11
0.000726275
4.0629e-11
0.00035057
-0.000636765
0.000678014
-0.000450456
0.000419805
-0.00145559
7.82734e-13
-6.55789e-12
1.73868e-11
-7.88809e-12
2.41381e-12
-1.3675e-11
0.000315567
-0.000459041
1.3685e-12
-9.74756e-12
-0.000333326
0.000581098
1.64716e-12
-7.33504e-12
0.000444032
-0.000738037
4.72922e-12
-1.20318e-11
2.48055e-5
-7.81719e-6
1.19391e-5
1.72783e-6
5.88603e-6
2.1833e-11
-1.48461e-11
1.10125e-11
-1.23769e-11
-3.71783e-11
-6.29499e-7
-6.72378e-6
-5.62846e-11
1.57636e-11
2.05699e-6
-6.65199e-7
-1.49624e-7
1.93614e-7
-5.62603e-7
-9.12966e-10
8.31493e-10
-9.43139e-10
8.15597e-10
1.14497e-10
9.104e-8
-2.34597e-8
6.43544e-9
9.56636e-9
-5.83681e-9
-1.01231e-9
1.15886e-9
-1.34203e-9
1.34588e-9
2.75137e-10
-3.47729e-9
-2.60711e-9
-3.3958e-11
2.40775e-10
-3.91907e-11
1.05608e-9
4.67544e-10
-1.98993e-10
-2.00428e-10
2.03062e-10
-5.62996e-11
-2.51674e-10
3.70938e-10
-2.68053e-10
-7.26958e-11
1.21941e-10
-1.42282e-11
7.8653e-10
-3.50279e-10
-3.19019e-10
2.16079e-10
-4.13498e-11
-2.17098e-11
8.49236e-12
-1.68802e-12
5.92042e-12
-2.35641e-9
3.92886e-10
-1.34304e-9
-9.085e-10
1.17789e-9
-1.69745e-12
-5.31379e-13
-1.89291e-12
1.32721e-11
1.00613e-11
-1.71399e-11
5.42818e-10
7.02285e-9
4.04097e-9
6.31023e-9
3.51915e-9
1.51504e-9
-3.08722e-11
-3.00405e-11
-2.36001e-11
1.1082e-10
-4.56516e-10
-1.04593e-9
9.72215e-9
-7.09247e-9
-8.03298e-8
-1.21344e-8
-1.03579e-8
6.17522e-9
-3.04912e-8
-2.466e-8
1.1669e-9
1.09245e-9
-7.63461e-11
-4.05124e-8
8.68806e-8
2.79651e-7
8.91969e-8
0.00029273
0.00027866
-7.68146e-5
-0.000222046
-0.000154085
0.000155501
9.04837e-5
-0.000180434
1.38974e-6
0.000161814
3.96967e-6
3.41964e-7
5.70087e-5
0.000286858
-0.000319626
0.000390514
-0.000407586
0.000231541
-0.000352135
-6.05718e-5
-2.83588e-6
1.64105e-5
9.58874e-6
-4.46393e-6
-4.30752e-6
2.09318e-6
1.2951e-6
-3.9449e-5
3.35022e-5
-0.000136909
4.41841e-5
-8.41701e-6
-3.69007e-6
2.95628e-6
3.49688e-6
-2.27961e-6
-4.42334e-7
2.80139e-6
-3.21152e-6
8.73936e-6
-3.45167e-6
3.46812e-6
2.35631e-7
-1.25009e-6
-1.38461e-6
1.52084e-6
-3.66994e-7
1.04307e-6
-1.1338e-6
-1.22469e-6
-9.18115e-7
1.58545e-6
-7.37882e-7
2.36343e-6
-2.19082e-6
-2.97356e-7
-5.7877e-9
4.81889e-7
-1.60111e-6
-1.16818e-6
6.40446e-6
-1.49804e-5
-6.03952e-6
1.21176e-8
-6.48726e-8
2.68289e-8
9.79781e-8
1.87865e-8
-5.15623e-5
4.47832e-5
-5.10218e-5
0.000268514
5.85303e-5
-5.59475e-10
-1.46023e-9
-3.62899e-8
-4.01637e-9
4.75288e-10
0.000845262
-0.000567365
0.000387833
-0.00183729
0.0012415
-0.000577817
5.04315e-10
-1.78406e-9
2.24089e-10
3.04183e-9
-2.05996e-10
4.55034e-10
0.00153123
1.26685e-10
6.79338e-5
-0.000729803
0.000705581
-0.000167679
0.000254074
-0.00081936
9.01304e-5
-0.00179024
5.41876e-11
-1.51868e-10
3.26647e-11
-1.32698e-10
-0.000385907
0.00077951
-6.84376e-7
3.02697e-11
-7.42381e-11
0.000285452
-0.00043532
6.04772e-5
1.75769e-11
-1.07645e-10
-7.28619e-5
0.000124406
-0.000182279
5.56841e-11
-1.34301e-10
-1.15414e-5
-2.00461e-5
4.07033e-5
1.28524e-5
-5.57172e-6
2.48151e-11
-1.51616e-11
7.99945e-11
-6.79666e-6
3.49926e-6
-6.91922e-11
2.91186e-11
7.11565e-7
-1.03485e-7
3.32591e-8
1.27981e-8
1.12759e-7
-8.95211e-10
6.05902e-10
-7.10849e-10
4.15587e-10
-7.50549e-11
-5.63033e-8
1.02974e-8
5.62312e-9
-2.86788e-9
1.12297e-9
-1.48949e-9
1.37611e-9
-1.54876e-9
1.29437e-9
2.70464e-10
-1.63572e-10
-1.51437e-10
-2.41378e-10
-2.22644e-10
3.04933e-10
-6.49326e-10
4.86973e-10
6.11812e-11
1.12434e-12
4.93648e-11
3.00561e-10
-1.00064e-9
-6.50362e-10
6.55372e-12
-9.58859e-12
6.88526e-12
2.29256e-12
7.81722e-9
-4.86081e-9
4.40326e-10
-1.09877e-9
1.59787e-11
-3.35707e-12
4.12881e-12
2.99852e-12
3.0814e-12
-1.97021e-8
-8.35505e-10
-1.85042e-8
-7.07626e-9
1.30241e-8
-2.52966e-11
1.69186e-11
1.0655e-12
1.61162e-10
6.08029e-11
-6.34816e-11
-6.23677e-9
1.47394e-8
1.00429e-7
6.94483e-8
2.90783e-8
2.97894e-8
-7.30526e-11
-9.57883e-10
9.51728e-10
-1.31331e-9
-3.82983e-9
5.32548e-9
-1.48655e-9
1.79392e-8
1.37905e-7
-4.27653e-7
-6.05747e-7
7.10989e-8
-8.95831e-8
1.07022e-7
-4.2555e-7
1.33711e-8
-1.72962e-8
-1.34081e-7
6.68097e-7
0.00024747
0.000255499
-0.000195177
-0.000237295
-4.96869e-5
-3.50193e-5
0.00014894
0.000205167
-0.000352441
0.000461467
-0.000312187
0.000147549
-7.04948e-5
-5.98048e-5
9.53902e-5
2.71575e-5
-1.61254e-5
-3.4878e-6
5.4771e-7
4.50039e-7
-1.22784e-5
-6.09418e-5
6.80749e-5
-0.000147892
0.000104374
-2.65664e-8
-5.66453e-7
-4.59666e-7
3.35436e-8
2.0974e-7
9.27091e-7
5.6916e-6
-4.07661e-6
1.99606e-5
-6.81568e-6
2.71429e-7
5.76337e-7
1.80841e-7
-1.87026e-7
1.00931e-7
7.11045e-7
7.94423e-7
-2.04497e-6
-5.62519e-7
-7.83143e-7
1.12705e-6
1.81808e-6
1.31202e-6
-1.9426e-6
-1.05018e-6
-8.46195e-7
2.10736e-6
5.64624e-6
3.15004e-6
-4.15685e-6
-3.22208e-7
-2.68696e-9
6.93013e-7
2.17108e-5
-1.66373e-5
7.28302e-6
-7.27538e-5
-1.13166e-5
4.15671e-8
-1.80793e-7
-3.53147e-9
3.30862e-7
7.57814e-8
-0.00020615
0.000172202
-7.29032e-5
0.000603569
0.000101372
-4.08615e-10
5.29648e-9
5.76883e-9
-1.41958e-8
-6.35195e-9
0.00161471
-0.00131167
0.000774156
-0.00126597
-0.00228763
0.00199906
-0.000727095
2.37105e-9
-8.32332e-9
-2.23254e-9
6.36821e-9
-1.41064e-8
0.00138245
8.21957e-10
-7.20863e-10
-5.18691e-10
4.00663e-10
3.00562e-10
1.73511e-10
4.08908e-10
-0.00015395
-1.3735e-10
5.12172e-10
6.68532e-5
-3.39112e-5
2.60601e-11
4.05243e-12
-7.83123e-6
1.15128e-5
1.22885e-11
-5.6926e-7
-3.13994e-7
2.07584e-10
-2.65728e-10
9.99052e-8
-3.80865e-9
-2.8755e-8
1.86074e-8
-4.93882e-10
9.21214e-11
-1.30272e-10
3.21436e-10
-1.11426e-9
-2.237e-9
-5.78246e-11
-3.20153e-9
-1.59842e-9
1.37924e-9
-9.85558e-10
-2.48603e-10
1.06006e-10
1.36382e-9
-1.19107e-10
-3.01965e-10
1.07186e-10
1.67891e-9
-1.11431e-9
-2.65011e-9
3.084e-11
-4.6111e-11
-3.43128e-11
4.45937e-9
-2.53487e-9
-4.51624e-9
3.89737e-11
1.51808e-11
-2.62098e-11
-5.65399e-9
2.49283e-9
-1.27427e-8
-4.55291e-11
9.17493e-11
4.65193e-12
-1.64166e-11
9.07399e-8
-5.24338e-8
5.81736e-9
8.12234e-9
-2.54401e-11
5.63393e-11
6.05765e-11
2.94138e-11
-1.06232e-10
-1.62802e-7
-4.56194e-8
-1.70879e-7
-1.92246e-7
1.3526e-7
7.86692e-11
-2.37534e-10
6.91873e-10
2.02468e-10
-2.0906e-9
3.45709e-9
-5.23957e-9
1.25208e-6
-5.68624e-7
1.05817e-6
1.2877e-6
8.14468e-7
7.94616e-8
3.30405e-7
1.25356e-8
-1.14299e-8
5.47017e-9
7.85768e-9
-4.36116e-8
6.44582e-10
1.52933e-7
-4.46964e-9
-3.87471e-6
2.82491e-7
-4.13985e-6
0.000278557
-0.000164166
-0.000491764
0.000602256
-0.000349365
0.00064664
-0.000755719
-0.000663708
0.000722136
0.000476403
-0.000516743
-0.000249757
0.000281307
0.000125468
-0.000128626
-9.51389e-5
7.28522e-5
-4.96792e-6
3.90477e-6
-5.75261e-7
-5.28438e-7
-5.18059e-5
-8.77001e-5
4.52414e-5
0.000139688
-6.46043e-5
4.73401e-5
6.21382e-5
-6.10815e-7
3.77871e-7
2.30945e-7
3.47583e-8
-4.87701e-8
2.85804e-6
1.82088e-6
-9.9279e-7
-5.14562e-7
1.68381e-5
-5.77413e-6
-1.05443e-7
5.47582e-8
6.3579e-9
1.08214e-6
1.39768e-7
-9.51807e-7
2.77461e-7
-4.37688e-8
-5.12149e-8
1.74452e-6
-6.38798e-8
-3.69929e-7
-6.10562e-7
-1.08928e-6
1.79339e-6
4.32927e-6
-1.36366e-7
-6.83166e-7
-1.83377e-6
-1.46094e-6
5.15113e-6
1.07676e-5
-1.65846e-7
-1.62313e-6
-1.09874e-6
-5.63287e-7
2.81784e-6
4.56532e-5
-3.30465e-5
4.16608e-6
-1.52612e-5
-0.00010855
-3.70385e-6
-1.36819e-7
5.18961e-7
9.98532e-8
-4.35512e-7
-0.000564514
0.000288488
-5.00432e-5
0.000206962
0.00107317
5.10917e-5
1.98869e-8
-1.24575e-7
1.90542e-8
-6.82963e-8
1.6116e-7
3.72938e-8
1.59846e-6
0.00110895
-0.00116292
0.000388001
-0.000988961
-0.00025483
0.00107478
-6.42693e-9
2.86883e-8
2.33013e-9
-3.76846e-9
9.53321e-9
0.00198971
-0.000945405
-5.21632e-10
-6.58885e-10
-0.00231514
0.00162589
-1.25639e-9
3.39384e-9
0.001741
-0.00124714
-4.53933e-10
3.49575e-9
-0.000902837
0.00062854
-8.33836e-10
-4.88618e-10
0.000376561
-0.000202503
-1.89296e-9
7.17064e-9
-0.000237465
0.000216139
-1.0031e-9
4.30187e-9
-2.0263e-5
-3.07561e-5
1.44219e-9
8.50945e-6
6.56247e-6
1.20508e-9
-8.42891e-9
5.91279e-7
2.63322e-7
6.87539e-11
-6.43334e-10
-5.82591e-10
-2.97411e-8
-8.60759e-9
9.43324e-11
6.73037e-9
3.0029e-8
1.08175e-9
-2.38262e-9
2.89487e-9
-9.81664e-9
-7.46194e-11
8.84016e-10
1.73775e-9
-9.74163e-10
-1.43488e-10
3.30944e-10
-6.06553e-9
4.53159e-9
3.15307e-10
-4.71489e-10
1.65992e-11
1.22025e-8
1.30699e-10
-1.28967e-10
-1.35211e-10
1.91819e-8
3.10236e-9
-3.42123e-8
1.37263e-10
2.88161e-10
-1.3062e-10
2.4461e-9
6.4238e-9
-6.30572e-8
-1.69793e-10
3.68938e-10
7.72113e-11
-6.23977e-8
1.25904e-8
-1.70068e-8
6.43348e-11
-3.23577e-10
-1.39369e-10
1.26251e-10
-2.72806e-10
7.08096e-7
-2.72611e-7
-1.4852e-7
1.04011e-7
2.54746e-10
6.56384e-10
8.89486e-10
-1.52861e-9
-3.20115e-9
1.91878e-9
-2.34429e-6
-3.88793e-6
-2.18051e-6
7.52583e-7
1.32063e-8
-1.39559e-10
-6.35199e-9
2.83853e-8
-4.82381e-8
-4.27723e-8
5.08256e-8
1.71158e-7
-3.07555e-7
-3.01188e-7
3.47378e-6
1.15899e-5
-1.34458e-6
-1.5522e-5
1.37012e-5
1.59089e-5
4.11447e-6
-1.82971e-7
5.66377e-8
9.73379e-8
-5.50534e-7
-3.21761e-8
1.81654e-6
-3.54402e-6
-3.33558e-5
6.63584e-6
-0.00046823
0.000459781
0.000674593
-0.000502576
-0.000641413
0.000493473
0.000453432
-0.000346741
-0.000245861
0.000172704
0.000124356
-7.43654e-5
-5.97615e-5
1.65198e-5
4.73709e-6
-3.81009e-6
-1.76339e-5
-4.27661e-6
8.67787e-5
-0.0001904
5.96075e-5
0.00028752
-5.34712e-7
1.92269e-6
-9.84172e-8
-2.00961e-7
7.22244e-7
-1.95512e-7
-1.95037e-5
7.43919e-6
-2.78621e-5
1.37959e-5
6.09328e-8
-6.64908e-9
9.02407e-8
-4.70804e-8
3.98029e-7
3.84756e-7
-1.4905e-7
1.76498e-6
-4.54728e-7
1.8924e-8
-2.21853e-8
1.91678e-7
3.04561e-7
-3.42481e-8
-9.9989e-8
1.12413e-6
-4.5744e-7
9.23078e-8
6.65933e-7
-1.06419e-7
-3.25393e-8
-2.02831e-6
-7.50067e-6
9.34111e-6
1.43585e-6
-2.14167e-7
-7.75524e-8
-8.37463e-6
-1.72643e-5
2.03657e-5
5.56549e-6
-1.94295e-7
-1.13575e-6
-1.5022e-7
-1.41976e-6
3.50149e-6
1.61805e-6
-5.65416e-6
-8.12738e-5
-2.60859e-5
2.91509e-5
1.02351e-5
5.69649e-7
-2.22684e-6
-6.02948e-7
2.14469e-6
0.000420054
-0.000799709
0.000450216
-0.00026433
-0.000500274
-0.000209238
-9.2754e-8
4.71869e-7
-6.98423e-8
1.95123e-7
-4.07084e-7
-4.26591e-8
-0.001667
0.00177541
-0.000682318
0.00174661
0.00268067
-0.00242572
-0.0026353
0.000313812
5.88186e-9
-1.31417e-8
-3.54502e-9
-1.77545e-8
-0.00277606
0.00263132
0.00273297
-1.80825e-8
6.29525e-8
0.00211182
-0.00214306
-0.00203421
2.63256e-9
1.52507e-8
-0.00126574
0.00141631
0.00112414
-8.50469e-9
-1.74743e-8
0.000647659
-0.000623941
-0.000474781
-2.88714e-8
1.00163e-7
-0.000287859
0.000194051
0.000237246
-1.93472e-9
4.69838e-8
1.15363e-5
-4.31465e-5
-7.873e-6
1.75657e-9
-2.75853e-8
1.47309e-8
1.12429e-6
-3.74596e-7
9.93428e-9
-1.03399e-7
2.03919e-7
-6.51977e-9
-3.23338e-8
-3.1106e-8
2.67584e-9
-5.83334e-9
6.95818e-9
1.18779e-9
1.67832e-8
2.02397e-8
-1.25829e-8
-6.06873e-9
1.61835e-9
1.66966e-8
-1.73068e-8
-2.18722e-10
2.00728e-9
-4.41482e-8
6.46954e-8
6.34686e-10
-9.2901e-10
-2.14203e-10
1.15e-7
-3.16784e-10
2.38824e-11
-8.17445e-10
5.09717e-8
2.1918e-7
-2.97708e-7
-3.34692e-10
4.00747e-9
1.18256e-10
-4.13208e-8
1.31338e-7
-1.94678e-7
1.02636e-9
-1.01881e-9
-7.23799e-13
-3.56685e-9
7.01539e-7
-2.54202e-7
2.30952e-8
-3.93138e-9
3.68599e-9
-7.90451e-10
-2.93404e-9
1.32652e-9
-2.70865e-6
1.07585e-5
-2.4856e-6
6.61335e-7
1.15137e-8
1.04983e-8
-1.77336e-8
-7.56345e-8
5.50345e-8
-4.79674e-5
9.44756e-6
-9.72553e-5
-3.79222e-5
9.66062e-6
4.08117e-7
-1.83522e-7
3.84383e-7
-5.54489e-8
5.46546e-7
-1.37162e-7
3.45252e-6
-5.70174e-6
4.51238e-7
3.53686e-5
6.77573e-5
8.10364e-5
-0.000213986
0.000326705
6.4821e-5
-3.37595e-7
-1.08165e-6
-1.54115e-5
5.48724e-5
-0.000115445
-0.000342392
0.000124451
-9.89704e-5
-0.000254315
0.000107106
-0.00043185
0.000208842
0.000523343
-0.000398954
0.000249188
-0.000101628
3.54883e-5
1.95524e-5
3.49084e-6
-3.0323e-6
1.03954e-5
1.03875e-5
-5.05091e-7
-3.99392e-6
7.88563e-6
-5.68053e-6
-2.41212e-5
6.24553e-6
7.66786e-7
-2.30353e-7
1.22648e-6
-4.73066e-7
-2.48064e-6
7.086e-7
-5.87621e-6
2.18757e-6
1.43771e-7
-3.68988e-8
8.76907e-8
2.70437e-8
3.80623e-8
4.86038e-8
-1.55342e-8
-7.55452e-9
9.63458e-8
-1.76512e-8
-2.66605e-7
1.5671e-6
3.23969e-7
-2.12264e-6
1.9779e-8
-5.01687e-9
1.96746e-9
-5.84252e-9
8.99677e-6
-2.42226e-5
4.40143e-8
8.02394e-9
-8.31421e-9
2.25081e-9
1.31402e-5
-5.89824e-5
2.46503e-7
-1.06239e-8
-4.03955e-8
4.38431e-8
-6.29761e-6
2.24328e-6
1.77509e-5
-5.09692e-5
-9.29386e-6
-3.61814e-6
2.66763e-6
1.05715e-6
7.62018e-6
-2.29565e-5
-6.83397e-6
1.92411e-5
0.000138938
8.55168e-5
-6.11416e-5
-3.04641e-5
-1.50441e-6
4.47919e-6
7.86986e-7
-2.14522e-6
0.000173831
-4.54194e-5
-9.77801e-5
-0.000179864
-0.000658075
0.000287799
0.000100311
3.68342e-8
1.47003e-8
1.44263e-8
-4.59659e-8
3.46807e-8
-3.65635e-8
9.32026e-8
-1.34902e-7
-1.81679e-7
1.61804e-7
-2.28418e-7
-2.84819e-7
4.23458e-5
-6.39357e-8
-4.50468e-6
8.36342e-6
2.72373e-6
1.16269e-5
8.10001e-8
-9.16664e-8
3.159e-8
4.43473e-7
-1.43102e-6
-1.03709e-6
1.71444e-7
-1.03839e-8
7.54583e-8
-4.55432e-8
3.66639e-7
-4.11697e-8
9.0712e-8
-1.3413e-7
3.68141e-8
-7.5756e-8
5.67407e-8
-8.35341e-9
3.18657e-8
2.44077e-7
-1.65491e-7
-5.4801e-9
1.64434e-9
8.62836e-8
-2.1818e-7
-9.62988e-10
-1.32849e-8
6.40289e-9
-5.80397e-8
6.84175e-7
-1.64435e-10
3.15981e-9
2.21142e-9
-2.72759e-9
-1.14734e-7
1.06461e-6
-1.11469e-8
-7.03859e-9
-5.28973e-9
5.00295e-8
-1.36935e-7
6.72265e-7
-3.29553e-9
6.43345e-8
2.70493e-8
-1.43704e-7
4.09718e-7
-9.90163e-8
8.5938e-9
9.19607e-9
-1.79443e-8
-1.69049e-9
8.2584e-9
-2.29761e-6
9.413e-6
-1.56072e-6
-1.35394e-7
7.88894e-9
-1.33315e-8
-3.52778e-8
-4.04073e-8
-4.28271e-5
0.000203419
-3.88258e-5
7.04418e-6
2.69037e-7
1.77154e-7
-2.34044e-7
-3.17938e-6
-1.96705e-6
0.000787107
0.000321828
-0.000904699
-0.000811212
0.00016213
6.20136e-6
-1.88874e-7
-1.37614e-7
-7.09103e-7
5.42014e-6
8.98732e-6
4.41773e-5
-0.000303728
0.00146569
-0.00111183
0.00100878
0.000294447
-0.000183426
-0.000341486
7.4584e-5
0.000253028
-4.95672e-5
-0.000133759
-6.52467e-6
1.54765e-5
6.46199e-5
-3.76757e-6
6.13506e-6
-5.92477e-5
0.000331707
-5.22745e-5
7.34143e-5
3.16788e-5
-1.12376e-5
0.000102975
-3.13553e-5
-0.000179841
-9.43304e-5
1.44459e-5
-2.41013e-6
1.17407e-5
-8.11589e-6
2.9688e-6
-1.30843e-6
-5.37876e-7
-3.67033e-7
2.30804e-6
-4.90805e-7
1.27518e-6
-2.2491e-7
-1.65297e-7
2.90627e-8
-7.11888e-7
1.87356e-7
5.41711e-8
1.02862e-9
6.15402e-8
-8.69799e-8
7.52995e-9
-3.98954e-6
7.59405e-7
9.79703e-7
2.02972e-9
-4.34507e-6
1.84408e-5
-2.71475e-5
2.94869e-9
3.26082e-5
0.000109006
-0.00012216
7.97967e-9
0.000156249
0.000179436
-0.000314627
-6.8146e-7
-2.95901e-7
1.84756e-7
1.26487e-8
6.10823e-5
-0.000144406
-4.77824e-5
0.000103712
2.30332e-5
9.4348e-6
-7.49543e-6
-2.51768e-6
-1.18112e-5
2.73351e-5
5.1585e-6
-1.04594e-5
1.75299e-5
-6.30277e-5
7.80178e-6
3.17229e-5
6.87076e-7
-1.31129e-6
-8.65808e-7
1.4152e-7
1.43598e-7
0.00159865
-0.00209403
0.000870215
-0.000979458
-0.00235422
0.00154064
0.00289804
-0.000615991
-3.21485e-7
2.91497e-7
1.66396e-8
2.0457e-6
0.00264185
-0.00253237
-0.00272908
1.06211e-6
-4.50823e-6
-0.0025379
0.00327499
0.00236529
-6.87669e-7
2.36408e-6
0.0033615
-0.00391003
-0.00201546
4.94499e-7
-6.97368e-7
-0.00105367
3.059e-5
0.000748976
6.58863e-7
-2.72148e-6
0.000357995
5.61044e-5
-0.000201394
6.69228e-7
-3.53398e-6
-9.36286e-5
5.10689e-5
1.44087e-6
-1.68465e-6
5.68697e-6
-4.46308e-7
-7.51808e-7
3.70096e-6
-3.27361e-7
1.80887e-6
-3.05749e-6
8.66566e-7
6.88312e-8
4.18962e-8
-1.81294e-7
5.49572e-7
-2.35474e-7
1.50273e-7
-7.4901e-8
1.24648e-8
-7.09482e-7
4.66528e-7
-1.94618e-9
1.78914e-8
1.84547e-6
-1.14018e-6
1.23782e-8
-2.29918e-6
-1.23034e-8
-1.0607e-6
-3.32874e-6
5.07295e-6
1.77491e-8
-1.35099e-7
-3.27442e-6
3.4889e-6
-2.30031e-7
1.66612e-7
-7.96911e-8
1.66237e-6
2.19544e-7
7.35551e-8
-3.13563e-7
-9.23514e-7
4.3361e-6
-7.12182e-7
3.63349e-6
-3.85858e-7
2.85072e-7
-1.95289e-7
1.10066e-7
2.29722e-7
-3.58453e-5
0.000175719
-1.98535e-5
3.42677e-6
-1.19506e-6
-1.21102e-7
-2.26593e-7
-1.81548e-6
-0.000772029
0.00405604
-0.000741282
0.000112905
4.37032e-6
5.23859e-6
-1.79375e-5
4.19764e-6
2.38788e-5
-9.92275e-6
-3.20816e-5
-3.33807e-5
-2.34551e-5
0.000762412
-0.00289426
-0.00468935
0.0138727
-0.0106574
0.00277215
-7.80177e-5
0.000243734
-0.000234327
0.000528358
-0.00245164
0.0172703
-8.2403e-5
4.37218e-5
0.000126114
-3.32307e-5
3.08925e-5
-1.05471e-5
-8.39146e-5
3.814e-5
0.00010807
-0.00013187
-0.000640553
0.000441876
-0.000554659
0.0011007
0.000328786
-0.000654917
1.84516e-5
-0.00015308
2.38927e-6
-5.33536e-7
1.6526e-5
-2.09646e-6
4.82697e-5
-8.38014e-6
1.21956e-5
-2.27966e-6
5.41457e-7
-3.50377e-7
2.70796e-7
1.27091e-7
7.75387e-7
-2.71274e-7
5.06009e-7
4.4744e-7
-2.71878e-9
-2.6049e-8
1.16251e-7
-3.87166e-8
3.22715e-8
-2.79785e-7
-7.91904e-7
-4.81962e-6
4.64085e-6
6.06123e-6
-7.01387e-9
1.50972e-8
-2.46486e-8
1.77741e-8
-2.30306e-5
8.60631e-5
-1.24334e-9
-1.09245e-9
-2.35975e-9
-2.56164e-10
-9.36777e-5
0.000369933
-5.15317e-9
-2.70524e-12
-5.98647e-11
-1.14462e-9
-0.000195119
0.000438523
-3.95875e-8
7.51268e-9
1.4257e-9
3.67018e-10
0.000285463
-0.000461629
-0.000194174
0.000306786
2.07248e-6
5.68324e-7
-4.69776e-7
-1.1143e-7
-5.42674e-5
8.89169e-5
1.54747e-5
-1.19936e-5
-1.10418e-5
-1.29544e-5
5.39881e-6
4.53705e-6
1.42603e-6
6.13178e-6
1.50013e-6
-2.01364e-5
-0.000255304
0.00030502
-7.23062e-5
0.000129376
0.000473641
-0.000271684
3.03501e-5
4.15923e-6
-1.14564e-5
-4.13263e-6
4.20207e-6
0.000746034
1.0217e-5
-0.000964389
-5.20846e-6
1.1551e-5
-1.45139e-5
-4.95256e-6
1.51689e-6
-7.5452e-5
-8.2952e-5
1.15745e-5
-1.47083e-5
2.31548e-5
-0.000218138
0.000466946
6.3566e-6
-1.36136e-5
0.000130273
-0.000292214
-4.13272e-5
-7.4042e-6
1.03681e-5
1.30887e-5
-6.79918e-5
2.13608e-5
-4.36025e-7
1.64973e-6
-3.69266e-6
5.37759e-6
-2.09985e-7
2.10007e-6
-8.82223e-7
2.05746e-7
5.39838e-7
-1.47925e-7
-6.67336e-8
2.23416e-7
-1.1758e-6
5.23892e-7
5.02538e-8
-1.1435e-7
-4.06342e-6
2.46537e-6
4.57169e-8
7.61999e-7
-2.54777e-7
7.65441e-6
-4.69326e-6
1.4265e-8
-8.50701e-8
-1.43041e-8
9.99533e-9
4.45717e-6
-8.40561e-6
3.80866e-8
3.51038e-8
-1.16813e-7
-1.10076e-7
3.0561e-6
-1.28514e-5
4.15084e-7
1.7966e-6
5.88227e-7
-5.0937e-6
-9.26519e-7
-1.1521e-5
-8.78688e-7
1.56359e-7
1.28909e-7
4.64916e-6
-3.066e-6
-8.71734e-6
-6.19932e-6
-1.39762e-5
1.74045e-6
6.34234e-7
-7.65944e-6
-1.4805e-5
5.87252e-5
-4.35369e-6
2.8573e-5
1.89804e-5
-2.03429e-6
5.12961e-6
9.19729e-6
-0.000700509
0.00370713
-0.000254419
4.69641e-5
-6.02651e-5
-2.11247e-6
-6.02746e-6
-4.44526e-5
8.55883e-5
-0.0481511
-0.0169393
0.0585449
-0.00899969
0.00177297
-5.39474e-5
-0.00045168
0.000196553
0.000698279
-0.00061269
0.000333779
-0.000269854
0.0471229
-0.0487716
0.0908962
-0.0789552
0.000186896
-0.000217795
-0.000322328
0.000235478
0.000287832
-0.000271779
-0.000126268
-0.000384607
-2.13413e-5
9.29232e-6
-8.92058e-6
1.05321e-5
4.07127e-5
-6.80646e-6
-6.30817e-5
0.000233455
0.00174545
-0.0020867
0.000668311
-0.000655931
-0.000156131
2.20263e-5
-4.15624e-7
1.68279e-6
1.41782e-6
-1.63359e-6
1.33678e-5
-3.95439e-6
1.21376e-5
-8.24342e-7
6.2198e-7
-1.73928e-6
8.3694e-7
-7.35791e-7
3.0617e-6
1.09601e-6
-2.99844e-6
4.70611e-6
-5.56204e-6
-2.88583e-6
-3.82861e-7
9.26293e-6
1.99969e-7
-4.81858e-6
-5.21472e-5
9.67889e-5
-4.29387e-8
-0.000141361
-0.000243145
0.000419887
6.69496e-9
-0.000702851
-0.000736301
0.00110207
8.24762e-10
-6.36413e-10
0.000644301
-0.000386527
7.05251e-8
3.07422e-8
-2.39443e-8
1.89123e-8
-0.000114206
7.29633e-5
-1.7345e-5
0.000164168
-2.1379e-6
-1.33276e-6
6.01074e-7
3.41453e-7
-2.85271e-5
0.000121067
4.14413e-5
-0.000149833
-5.10762e-5
1.34821e-6
1.95748e-5
-3.03673e-5
-2.1869e-6
2.72259e-5
-6.22016e-5
1.62269e-5
7.57523e-5
-6.66006e-6
-2.40913e-5
2.26948e-5
1.56898e-5
-0.0020968
0.00266226
-0.00127115
0.00149757
0.00325769
-0.00121016
-0.0028899
0.00122116
-1.92671e-5
6.9717e-5
4.88966e-5
-5.91152e-5
-0.00264458
0.000494644
0.00294344
-5.15061e-5
3.55296e-5
0.000487203
-0.000179565
-4.75199e-6
1.20514e-5
-0.000919556
0.000793695
-2.78266e-5
4.47175e-5
-3.94478e-5
0.000298898
-0.000294642
-9.65353e-6
1.01759e-5
-7.10913e-5
1.09304e-5
5.76632e-6
-5.05568e-7
8.95401e-7
-1.3533e-6
4.40254e-6
3.3833e-7
1.56585e-6
-1.23429e-6
1.0123e-6
2.17682e-6
-7.3178e-7
-7.91836e-7
-6.3022e-6
1.83532e-6
-3.79275e-6
2.15092e-6
-8.02438e-7
-1.33644e-5
7.83832e-6
5.43768e-8
1.76026e-5
-5.91885e-7
1.28248e-5
3.02925e-5
-3.44014e-5
-3.22273e-6
1.6934e-5
3.97316e-5
-3.58551e-5
1.3548e-5
-2.45936e-5
1.51947e-6
7.11525e-5
-6.44689e-5
5.73717e-5
3.78663e-5
-0.00014476
-3.53012e-5
2.82362e-5
9.36063e-5
-2.72828e-5
0.000307711
-7.3463e-5
-4.93027e-5
0.000240319
-0.000255505
0.000724579
-7.9807e-5
-0.000214296
-0.000428065
0.000130472
0.000106428
-0.000234314
-0.0193408
0.069863
0.00409426
0.00118474
1.15314e-5
0.000127499
-0.000851541
0.00105367
-0.000633231
0.00106413
-0.00360282
-0.00279411
0.000708617
0.00327042
-0.0782857
0.019251
-0.247033
0.179727
-0.0629961
0.00299698
-0.00635083
-0.000106545
0.000170989
0.00015884
-0.000232325
0.000289822
-0.000357966
0.00048116
0.00137063
-0.00104721
-0.00109465
0.00060499
0.00074703
0.000768828
-3.8522e-6
-3.19405e-6
5.57045e-6
1.36392e-5
-3.12371e-6
4.55812e-6
2.85383e-5
0.00110083
-0.00203531
0.000323497
-0.000545678
-9.4506e-5
8.22851e-5
6.72068e-6
-2.51004e-6
6.61062e-6
-4.8384e-6
-1.82988e-6
-5.512e-6
8.44342e-6
4.36383e-6
-2.64884e-6
2.58723e-6
2.96811e-6
-8.38396e-6
-5.06547e-7
8.79562e-7
-1.62197e-6
7.93282e-7
-1.68692e-6
3.06962e-6
1.36578e-5
0.000145999
-0.000118735
-0.000158682
-7.44726e-8
2.42096e-7
-2.42573e-7
8.72218e-8
0.000349908
-0.000420964
-9.3315e-9
2.48028e-8
-2.77192e-8
1.52356e-8
0.000746909
-0.000950736
-1.19883e-9
8.20341e-10
-3.99454e-11
1.80321e-9
-0.000813203
0.000700581
0.000374541
-0.00016258
5.11838e-9
3.47762e-9
4.33771e-5
-0.000324964
-1.22223e-7
-8.35061e-8
1.98534e-8
1.43787e-7
-5.34175e-7
-0.000142541
0.000362068
-0.000154037
0.000277012
-5.04604e-6
1.48639e-6
5.54635e-7
1.88922e-6
-3.96128e-6
0.00012208
-0.000199603
6.66303e-5
5.22334e-6
-2.1863e-5
-1.73972e-5
1.04076e-5
0.000606585
-0.00079841
0.00026077
-0.000426372
-0.00102979
0.000535997
-0.000135708
3.8501e-5
-0.000130793
-8.58314e-5
0.000210937
-0.000684012
-0.000166465
0.000606215
0.000132053
-4.56456e-5
-7.26423e-5
0.00024592
-0.000261293
-6.80343e-5
6.29495e-5
-0.000264157
0.000410976
2.72614e-5
7.61993e-5
-6.14603e-5
0.000240623
0.000423671
-2.09171e-5
-0.00102073
0.000494661
-1.10074e-5
3.54493e-5
-2.0538e-5
0.000148562
-0.000254737
-6.00818e-6
3.91393e-6
-4.42508e-5
3.75273e-5
8.0335e-6
-2.69732e-6
1.97133e-5
-1.21006e-6
7.62301e-7
4.35568e-8
-1.60834e-6
7.0189e-6
-2.36658e-5
5.44343e-6
4.86446e-6
-2.20262e-6
3.0525e-6
-1.00954e-6
2.18863e-5
-1.13253e-5
1.93089e-6
2.89545e-5
-1.82756e-5
-2.83068e-5
1.3684e-5
-1.33638e-6
1.46056e-5
2.73673e-6
-1.89446e-5
-4.14675e-5
4.22071e-5
-4.32897e-6
4.2003e-5
1.82081e-5
-7.52104e-5
-6.90252e-5
4.56531e-5
-5.64469e-5
9.02811e-5
6.25097e-5
-9.33219e-5
-3.47115e-5
-0.000315719
0.000150156
0.000227574
-0.000122905
0.000261534
3.34952e-5
0.000419737
-0.000517034
-0.000276353
0.000841298
0.000290847
-0.000489567
-0.000272669
4.46145e-5
-0.000289345
0.000971848
0.00025453
-0.000826555
-0.0087874
0.0292068
0.0077997
0.000597298
0.000783465
0.00191678
-0.000513883
0.00202463
0.000301078
-0.0022362
0.0075287
0.00417069
0.216423
0.190095
-0.282922
0.0761831
-0.209404
0.104528
-0.0498739
-0.0107564
0.0109701
-0.01652
0.0398982
-0.128065
0.18131
-0.000100008
0.000160306
-0.000223457
0.000311869
-0.00031356
0.000325563
-0.000364922
0.000466984
-0.000298813
-0.00124366
0.000509055
0.000780683
0.000628229
-5.25573e-5
2.11634e-5
-3.46308e-5
8.99533e-5
0.000273328
-0.000493229
-5.35409e-5
-1.19846e-5
3.29317e-5
-1.94657e-5
2.36494e-6
2.32403e-6
-4.90557e-6
8.8061e-6
-5.31544e-6
6.92157e-6
-1.25358e-5
-4.65301e-6
3.85153e-5
-0.000108054
6.0354e-5
0.000141396
2.64671e-6
-1.36057e-6
-8.6923e-5
0.000163812
2.21652e-7
-7.20543e-8
-0.000177191
0.000409243
5.22242e-8
-3.69887e-8
-0.000471745
0.000657322
7.2091e-9
-7.11103e-9
-0.000308741
-0.000287565
-1.46248e-9
-7.13051e-10
3.79033e-9
7.47109e-10
-0.000295413
0.000783836
0.000487585
-0.0010008
3.35962e-10
-2.51225e-8
-0.000771381
-0.000346627
0.000762865
-4.25473e-10
-8.098e-7
1.24699e-6
0.000327229
-0.000107934
-1.49739e-5
2.15858e-5
0.000175235
1.73033e-5
-0.000109099
0.000198958
-5.6907e-7
6.11645e-5
-0.000176626
0.000336455
-0.000315745
-0.000439495
0.000256045
0.000362735
-8.25725e-5
-0.000251589
-0.000208623
0.000141244
0.000345105
-7.24984e-5
-0.000367353
3.81815e-5
-0.000847608
0.000553942
6.86586e-5
-5.03574e-5
0.000422432
0.000424938
-2.18877e-5
-0.000363762
0.000173107
-2.40934e-7
2.43209e-6
-2.38319e-6
-6.01271e-5
5.17286e-7
0.000112861
1.52921e-7
-2.69466e-7
6.94019e-6
-2.20077e-5
-5.28937e-6
1.94033e-6
-8.34016e-6
-0.000171219
0.000145932
4.10538e-6
-7.60688e-7
-0.000100947
4.5668e-5
3.19873e-5
-1.27804e-5
-4.14004e-5
5.27586e-5
3.63734e-5
-5.53561e-5
-0.000119957
0.000171873
6.57378e-6
-7.1431e-5
-6.7554e-5
9.09974e-5
0.000279458
-9.15931e-5
-0.000403634
-0.000462884
0.000882751
-0.000165892
-0.0001327
0.000999526
-0.000772273
-0.00144148
0.000808416
-0.0026692
0.000124572
-0.00109066
0.00498052
-0.00179029
0.00317916
-0.00503686
0.000818585
-0.00707333
0.0111027
-0.00357881
-0.00555572
0.013556
0.113521
-0.218535
0.0533728
-0.0486489
0.0254185
-0.0163497
0.0198082
-0.0181086
0.0205383
-0.0323657
0.0572777
-0.0661583
0.0978085
-0.000111481
0.000144247
-0.0001177
-0.000162968
0.000237806
-0.000248196
0.000212424
-0.000164765
0.000149617
-0.000178577
0.000220018
-0.000520026
-0.000674123
0.000734823
7.55843e-5
-0.000249776
0.000311294
-2.98828e-5
5.94735e-5
-5.32401e-5
-7.52725e-5
6.8439e-5
-1.97377e-5
-1.97915e-5
-7.27993e-5
4.00714e-6
5.0506e-5
-2.68966e-5
1.2769e-5
-2.50285e-5
1.8881e-5
3.48489e-5
2.54303e-6
6.91393e-6
-2.27934e-5
1.5703e-5
-3.67111e-5
-1.29894e-5
8.05522e-6
4.86684e-5
-0.000124637
-4.29557e-6
-1.51522e-5
1.72951e-6
-0.000211614
-0.000414549
0.000452
-2.82045e-7
-0.00030492
-0.000347972
0.000313987
7.59548e-8
2.03768e-8
-0.000141923
0.000757738
-1.67425e-8
6.03185e-9
-0.00118851
0.00134252
1.41242e-9
-8.57867e-10
-1.16079e-9
-3.6528e-9
1.8427e-8
0.000806041
-0.00119724
0.000906222
-0.000963161
2.08717e-7
-4.95874e-8
-3.18143e-8
-8.78843e-9
-1.47251e-7
-0.000534091
0.000663039
-0.000229132
9.47801e-7
9.75988e-5
-1.89149e-5
3.00809e-5
-3.64232e-6
-1.72983e-6
-2.6245e-5
5.55805e-5
7.26265e-5
-0.000139973
0.000348002
-8.47031e-5
-0.000588139
4.25024e-5
0.000668919
0.000112268
-0.000596183
-0.000338972
0.000417437
0.000543237
-0.00023457
-0.000622754
0.00010744
0.000688789
-4.28202e-5
-0.00105768
2.65216e-5
-0.000922501
0.00124239
4.23068e-5
-2.92266e-5
0.000273494
-0.00036732
0.000210344
3.12569e-5
7.23647e-7
-3.35631e-6
7.05565e-6
0.000129842
-0.000466941
-2.53633e-9
-8.94136e-8
-8.52749e-5
0.000365268
-0.000352124
-0.000193816
0.000405285
-6.59099e-7
4.69549e-7
-2.77429e-8
8.64759e-8
0.000175777
-0.000309054
0.000240096
-0.000111966
-3.93896e-7
-4.54488e-7
9.00556e-6
-3.0799e-5
5.24992e-6
2.71589e-5
5.71748e-5
0.000103337
0.00011022
0.000206642
-0.000191112
-0.000121937
0.000130111
-7.18398e-5
0.000442045
-0.000350383
0.00061621
-0.00142473
-0.000553793
0.000386975
0.00240142
0.00152858
-0.00349918
0.00116971
-0.00152761
-0.00175193
0.00118724
0.00537477
-0.00854053
-0.0045897
0.00995548
0.00019015
-0.00166795
0.00554066
-0.0038895
0.00317524
-0.012942
0.0100302
-0.0167345
-0.0119603
0.0199402
0.0132326
-0.077591
-0.0282416
0.0306029
-0.00154173
-0.00755473
-0.0202154
0.0253468
-0.0238893
0.0193481
-0.0159585
0.0184789
-0.0271534
0.0376733
-0.0684441
0.0856154
0.000126335
-0.000142284
-0.000129801
8.88565e-5
5.99873e-6
-0.000106138
0.00015413
-0.000128056
4.98942e-5
6.71324e-5
1.54902e-5
-1.30927e-5
0.000116586
-8.36588e-5
6.23664e-5
8.98794e-5
-0.000151436
0.000264673
-0.000341122
-0.000125845
4.97398e-5
-4.3606e-5
3.1201e-5
-2.24133e-5
-5.80993e-6
-3.2578e-5
7.36805e-5
1.56574e-5
-1.07083e-5
-0.000136957
0.0002824
-3.60703e-6
2.69774e-6
-4.0765e-6
2.83513e-6
6.04894e-6
0.000368446
-0.000496769
0.00038373
-0.000343745
-1.60538e-6
2.96422e-6
-2.18157e-6
1.13043e-6
0.000226539
-4.70341e-5
-3.65776e-7
8.95596e-7
-6.34056e-7
2.74443e-7
9.63978e-8
-5.03249e-5
-0.000234285
0.000619943
-0.00106243
-1.99728e-8
2.35425e-9
0.00128619
-0.00132011
1.16984e-9
-9.66852e-10
3.87605e-9
0.0011613
-0.000914249
0.000778709
-3.90557e-9
5.13912e-8
-3.0734e-8
-0.000564478
0.000272445
4.91718e-5
-9.55383e-5
-3.1258e-7
8.7678e-6
-6.85892e-7
0.000215874
-0.000474483
-3.47548e-5
0.000711707
0.000159191
-0.000835349
-0.000394651
0.000766797
0.000669233
-0.000555995
-0.000850309
0.000315238
0.000852201
-0.000138237
-0.000728861
4.65736e-5
0.000559122
-1.40046e-5
-9.83425e-5
2.98857e-6
0.000133635
-2.69678e-7
-0.00160635
0.00145886
-7.81247e-8
-1.15738e-7
3.71809e-7
-0.000964505
0.000766362
-0.000745786
-4.75216e-7
6.71075e-8
-1.24086e-8
0.000674591
-0.000507398
0.000267105
-4.8368e-6
1.71952e-6
-3.48626e-6
4.41257e-5
-0.000268274
0.000112357
-9.47195e-5
-1.98596e-5
1.14613e-5
-0.000187338
0.000592891
0.00032618
-0.000934244
-0.000545999
0.00116827
-0.000287145
0.000179215
0.00128654
-0.0016624
-0.000810136
0.000633185
-0.000556917
-0.000618831
0.000441851
0.00031313
-0.00100805
0.00191635
0.00110017
-0.000852956
0.000982913
-0.00317151
0.00488609
0.00294491
-0.00183884
-0.00742053
0.0112779
-0.0161037
-0.0138563
0.00736228
-0.00465898
0.0240011
-0.032082
0.0155684
-0.0281078
-0.000796074
-0.0338508
0.0268186
0.0253246
-0.0254164
0.0208157
-0.0108197
0.000744323
0.00377794
-0.00119554
-0.00559017
0.0139936
-0.00106084
0.000140041
-0.000197502
0.000152888
9.01163e-5
-6.62267e-5
1.55536e-5
8.10429e-5
-0.000229718
0.000382347
-0.000466191
0.000442696
-0.000344395
0.000253971
-0.000218305
-0.000267365
0.000390225
0.000289401
-0.000295764
0.000278937
-0.00015052
9.3407e-5
-6.74724e-5
-0.000157457
9.57477e-5
-3.75025e-5
4.41992e-5
-3.01148e-5
2.09019e-5
-1.18e-5
5.99583e-5
-0.000111868
-1.41981e-5
9.09027e-6
0.000171211
-0.000257178
-5.95059e-6
4.63735e-6
-2.86067e-6
0.000381691
-0.000370443
0.00026517
1.53114e-6
-8.88922e-7
-0.000107398
-0.00010233
4.47867e-7
-1.99104e-7
-9.02743e-8
0.000352013
-0.000546343
0.000751781
3.44151e-8
-1.11096e-8
-0.000920914
0.000936192
2.0869e-9
-3.36968e-10
2.03706e-9
-0.000820595
0.000659318
-0.0005364
-1.04137e-8
1.69008e-8
-2.48972e-7
0.000389227
-0.000253954
7.98254e-5
-2.15193e-6
3.59286e-7
8.83067e-7
-2.25124e-6
2.46055e-6
-9.71568e-5
0.000184501
-0.000269662
-2.05792e-5
0.000576308
8.45144e-5
-0.000764712
-0.000244876
0.000855461
0.000517384
-0.000789419
-0.000824147
0.00057449
0.00101295
-0.000317101
-0.000970203
0.000124331
0.000718326
-2.93344e-5
-0.000329365
2.28799e-7
-0.000184181
3.59018e-6
-0.000822394
0.00100786
-1.22509e-7
-1.75554e-6
0.00110891
-0.00110129
0.00137814
-0.0011964
4.22232e-9
2.10697e-7
-3.39638e-7
0.00122044
-0.00119177
0.00122435
7.41548e-8
-9.45282e-8
2.27746e-8
-0.00117121
0.000923483
-0.00050053
4.44257e-6
-9.81107e-7
3.07105e-5
0.000460955
9.86625e-5
4.14519e-5
-1.44495e-5
-0.000809942
0.00107203
-0.0011194
0.000469669
-0.00024694
0.00109565
-0.000538674
0.00105692
-0.000727949
-0.000203917
0.000924672
-0.00192015
-0.00166977
0.00108868
-0.00109313
0.00327184
-0.00522889
-0.00379752
0.00257813
0.00834715
-0.0136682
0.0199951
0.0126605
-0.00821763
0.00552906
-0.0340265
0.0353752
0.0318086
-0.0507609
0.0281238
-0.0252358
-0.0295977
0.0286765
-0.0176435
0.0257598
-0.0273661
0.0224057
-0.0121073
-0.00420681
0.0216717
-0.032736
0.0334075
-0.0267659
0.0209759
-0.020147
0.0374607
-2.18724e-5
0.000150757
-0.000149521
-2.21112e-5
6.97831e-5
-0.000178212
0.000345753
-0.000528962
0.000648905
-0.000646496
0.000521294
-0.000365236
0.000311267
-0.000282812
0.000288752
-0.000207806
0.000180751
-0.0001438
7.37028e-5
0.00012503
-6.9283e-5
2.0827e-5
-3.91182e-5
2.49308e-5
-1.59003e-5
2.93598e-5
-7.82505e-5
0.000127101
1.00372e-5
-6.06267e-6
-0.000177221
0.000195883
4.74125e-6
-5.36937e-6
2.44035e-6
-0.000305752
0.000329373
-0.000213705
-9.30202e-7
7.63834e-7
5.03479e-5
0.000112105
-3.45332e-7
2.95688e-7
3.12717e-8
-0.000344606
0.000353713
-0.000372955
-2.19743e-8
9.66836e-9
0.000447167
-0.000478197
-3.1376e-11
-8.89106e-9
4.25976e-9
0.000433647
-0.000346507
0.000299273
-1.82414e-8
9.81416e-8
7.03164e-8
-0.000292449
0.000226835
-5.45796e-5
-5.08037e-7
4.61442e-6
-7.6979e-6
-0.000156242
0.00032289
2.83806e-5
-0.00066769
-8.68547e-5
0.000730767
0.000230954
-0.000733152
-0.000478098
0.000637217
0.00077033
-0.000424769
-0.000965309
0.000187648
0.000932821
-2.58533e-5
-0.000651559
-2.96432e-5
0.000232313
2.30854e-5
0.000329034
-1.40433e-5
-0.000662005
3.03446e-6
0.00102619
-0.00110995
0.00133287
-9.09907e-8
2.01209e-7
-8.48279e-7
-0.0014805
0.00148973
-0.00160787
2.87426e-7
-2.56715e-8
3.50647e-8
0.00156229
-0.00122313
0.000651808
2.99549e-7
-5.63174e-7
-2.82726e-5
-0.000718197
-0.000138421
-2.55916e-5
3.58399e-6
0.000856165
-0.00113895
0.000921572
-0.00082652
0.000386748
-0.000670744
0.000448492
-0.00203478
0.001246
8.47691e-5
-0.000692905
0.00155973
0.00198052
-0.00105568
0.00149964
-0.00279751
0.0048394
0.0040065
-0.00280368
-0.00823762
0.0166227
-0.033969
-0.0116759
0.00804588
-0.00565504
0.0433784
-0.0370486
0.0422067
0.0299037
-0.022573
0.0159019
-0.0193231
0.0257521
-0.0181621
0.00369414
0.017305
-0.0405142
0.0573127
-0.0608628
0.0505732
-0.0360092
0.0317967
-0.0280641
-3.02567e-5
8.271e-5
-8.47806e-5
-9.46072e-5
0.000183552
-0.000325625
0.000495062
-0.000628207
0.000653261
-0.000562985
0.000358399
-0.000272869
-0.000165948
0.000206548
0.00012453
3.52584e-6
4.33883e-5
-2.87054e-5
-7.06485e-5
4.06139e-5
-7.0042e-6
1.97151e-5
-1.65661e-5
9.27832e-6
-3.89882e-5
7.80728e-5
-0.000112639
-6.47459e-6
3.12514e-6
0.000145837
-0.000203338
-2.07395e-6
3.67469e-6
-2.06627e-6
0.000198196
-0.000339259
0.000176135
9.78208e-7
-4.07451e-7
-6.16506e-6
-9.06945e-5
3.13424e-7
-2.75648e-7
1.63394e-8
0.000183338
-0.000108157
8.97881e-5
7.07473e-9
-1.02326e-8
-0.000154963
0.000181767
1.89211e-9
2.13527e-8
1.99499e-8
-0.000199967
0.000141899
-0.000104781
-4.95662e-8
2.09722e-7
-9.61561e-7
9.47826e-5
-1.99163e-5
-1.60541e-6
6.20038e-5
-8.01336e-6
3.69033e-5
-3.81e-5
0.00120063
-0.00145585
6.74335e-5
-0.000694685
-0.000168892
0.000522998
0.000346782
-0.000370715
-0.000572386
0.000138027
0.000744623
6.58692e-5
-0.000739003
-0.000163965
0.000530069
0.000149468
-0.000172281
-7.99463e-5
-0.000233567
3.26135e-5
0.000455203
-0.000493275
0.000720925
-0.0012852
-2.3289e-8
9.02057e-8
1.19186e-6
0.00164834
-0.00140661
0.00158502
-8.21087e-8
2.78816e-8
3.07734e-8
-0.00155948
0.00113326
-0.000428278
-2.21943e-6
5.87035e-7
-0.000326986
0.000468747
0.000115488
-1.61505e-5
7.36889e-6
-0.000753195
0.000509536
-0.000513663
0.00130176
-0.000500564
0.0002632
-0.000331403
0.00357074
-0.00223295
-0.000121336
0.000537757
-0.00120513
-0.00180841
0.00212027
-0.00346513
0.00177092
-0.00335458
-0.00337367
0.0024003
0.00414234
-0.00643795
0.010718
0.00990133
-0.00639947
0.00450263
7.30166e-5
-0.0111859
0.0147672
-0.0112623
0.0652648
-0.0493701
0.0194417
-0.000410389
-0.021421
0.0455758
-0.0649999
0.0711522
-0.0626758
0.0398835
-0.0310014
0.0241054
-0.0183514
3.16067e-5
-6.08385e-6
-7.0881e-5
6.29132e-5
-2.26403e-5
7.1217e-5
-0.000145778
0.000230416
-0.00034901
0.000446074
-0.000496177
0.000377628
-0.000254039
0.00017964
-0.000146282
-0.000113606
8.2535e-5
-8.04972e-6
-1.41606e-5
8.25624e-6
1.69917e-5
-1.9782e-5
2.3287e-5
-1.55199e-5
-1.41548e-5
-6.74161e-6
8.48741e-6
-6.37681e-6
3.30347e-5
-6.00166e-5
8.02324e-5
6.06967e-6
-5.76943e-6
-9.46507e-5
0.000105178
-4.20819e-7
4.42586e-6
0.000220171
-0.00011002
6.58375e-7
-4.33981e-7
-2.82908e-7
-2.2786e-5
3.57705e-7
-2.52905e-7
3.82887e-8
-4.54397e-6
9.32304e-8
-4.21568e-8
-7.3813e-5
5.86534e-5
-2.259e-9
2.80701e-8
8.77369e-5
-8.65673e-5
-2.83113e-8
-3.63431e-8
-6.73534e-8
8.71616e-5
-3.83418e-5
4.77942e-6
-2.42007e-8
-2.07675e-7
4.1073e-7
1.18156e-5
-0.000224947
-2.41126e-6
4.58986e-6
-0.000330955
0.000471696
0.000389929
-0.000317859
3.27183e-6
-4.77586e-5
5.47091e-5
0.00107157
-0.00057575
-4.61192e-5
0.000342884
0.000110121
-0.000251005
-0.000206969
8.2156e-5
0.000346425
0.000222929
-0.00045599
-0.000379864
0.000480889
0.000405088
-0.000307934
-0.000242768
3.17267e-5
0.000120679
0.000149217
-3.17573e-5
-0.000309752
0.000355234
-0.000426717
-0.000580094
-1.11684e-6
7.4895e-7
8.78453e-7
-1.43507e-6
4.60178e-6
0.000928432
-2.09772e-7
-0.00123905
0.00109022
-0.00102218
-1.5924e-7
6.10093e-8
3.17544e-8
0.00114293
-0.000710924
-1.77257e-5
-7.26108e-7
3.90424e-7
0.000698228
-0.000952476
0.000443878
3.14539e-6
-6.07317e-7
0.000844824
-0.000796634
0.000437086
4.49433e-5
0.000323052
-0.000117327
0.000246598
1.5007e-5
0.000959626
-0.00125305
0.0012844
0.00110667
-0.000712675
-1.53458e-5
0.000207676
-0.00134198
0.00182693
0.00224025
-0.00162984
-0.00180659
0.00317801
-0.00658798
-0.0060939
0.0035419
-0.00227394
0.0153786
0.0220967
-0.0300592
0.011305
-0.0168951
-0.0510803
-0.0136343
-0.0179793
0.010421
-0.00405159
0.00556518
0.0247226
-0.00978044
0.000491549
0.0164124
-0.0358349
0.0513785
-0.0599151
0.0461715
-0.0319889
0.0221964
-1.47919e-5
-8.71163e-5
0.000103936
0.000149622
-0.000136757
0.000198576
-0.0002361
0.000253276
-0.00019031
0.0001145
5.09212e-5
-3.41937e-5
-2.11451e-5
4.61689e-6
-1.92458e-5
1.02882e-5
-4.12811e-7
2.74819e-6
2.2456e-6
1.23537e-5
-3.06906e-7
-2.03114e-6
3.10936e-5
-2.36375e-5
-4.48589e-5
6.14586e-7
9.69338e-7
5.01611e-5
-4.71095e-5
-1.41806e-6
-2.2269e-6
1.36057e-6
3.10288e-5
-3.08415e-5
9.69619e-6
-6.03878e-7
4.3655e-7
1.09178e-5
-6.8549e-6
1.32897e-5
-6.05447e-7
-2.6797e-7
2.42586e-7
1.14794e-6
-3.0056e-6
-1.04306e-5
9.12687e-6
-1.01835e-7
5.38483e-8
-1.9028e-5
5.03111e-6
1.3062e-8
-7.73965e-8
1.0283e-5
1.75601e-7
-4.38165e-6
-4.00611e-7
7.94125e-7
-4.41726e-6
-2.87726e-8
3.86776e-5
1.42702e-6
-2.81357e-6
7.28489e-6
-0.00056232
0.000292516
2.12247e-5
-0.000495505
1.55638e-5
-6.28733e-5
4.96916e-5
-0.000386238
0.000875231
-9.51854e-5
0.000144636
0.000106232
0.000130355
-0.000177693
-0.000687006
0.000218185
0.00074894
-0.000221572
-0.000579168
0.000114734
0.000440926
-1.67868e-6
-0.000176928
-6.16062e-5
0.000111497
-0.000154694
0.000321967
-1.8966e-6
3.94622e-6
-1.04533e-6
-0.000427842
0.000548706
-0.000502008
0.000409631
-0.000569177
-1.4541e-7
2.00146e-8
0.000244451
0.000352016
1.47822e-7
-7.72055e-8
-0.00099968
0.000942602
-1.5913e-6
-2.46485e-8
-0.000892365
0.000587974
-1.51857e-5
2.88555e-7
1.44895e-6
1.66712e-6
-0.00022321
1.03852e-5
-6.38855e-7
4.01918e-6
-5.48815e-6
6.71848e-7
0.000304317
-0.000333334
-0.000501849
-4.21692e-5
-6.90221e-5
3.90338e-5
0.000220548
0.000114329
-0.000620448
0.000336624
-9.84781e-8
0.000914262
-0.000322778
-0.00153081
-0.00120757
0.000874046
-0.00125145
-0.0242705
0.0479939
0.0339004
-0.00276422
0.000780739
-0.00113327
0.00225167
-0.0505472
0.0178185
-0.0115851
-0.00521926
0.0178433
-0.0262604
0.0304602
-0.0243042
0.0157208
-0.00523885
0.00674322
-3.75493e-5
4.63036e-5
-2.70688e-5
-0.00014792
0.000111597
6.44114e-5
-8.21206e-5
9.49289e-5
-0.000126238
9.01225e-5
-3.64757e-6
5.9605e-6
6.57643e-6
-2.07433e-8
-1.75872e-6
-5.18193e-7
9.38481e-6
-5.55246e-6
1.70618e-6
-2.70007e-5
-2.96783e-7
3.21822e-6
-2.31209e-6
-4.47584e-6
4.46885e-6
1.62356e-6
-2.91769e-7
-1.07096e-7
3.56266e-7
-5.58031e-7
-7.33364e-6
1.47485e-5
2.58104e-5
-1.39151e-5
-2.08592e-7
4.37591e-7
-2.45003e-5
1.11861e-5
1.97477e-5
2.01455e-7
-2.83901e-7
-1.25634e-5
2.89238e-8
1.64865e-7
-1.55468e-7
5.7365e-7
2.81062e-7
1.12279e-7
-1.09063e-7
1.32199e-6
-2.09222e-6
6.49816e-8
-2.25383e-8
1.74015e-6
-2.78276e-8
1.25068e-7
-2.24367e-6
-1.42947e-6
1.88273e-8
-1.21991e-7
7.79789e-6
-2.32122e-6
1.74518e-6
5.29275e-7
-9.33633e-7
8.23159e-7
-1.16719e-6
1.2012e-6
-8.58396e-6
-4.83613e-6
-3.37563e-5
4.89338e-5
-1.1435e-6
3.70578e-6
-5.36626e-6
-0.000170332
0.000329491
1.3628e-5
-2.55123e-5
0.0011448
-0.000885998
-0.000453195
1.8744e-5
-0.000456086
6.54081e-6
-6.00776e-5
8.57766e-5
-0.000121992
0.000189718
-4.60211e-5
-0.000526358
6.93654e-5
0.00123157
-7.95206e-5
-0.0015068
9.3041e-5
0.00103304
-5.03773e-5
-0.000605079
-1.30504e-5
2.19011e-5
-2.54235e-5
4.74929e-5
0.000101439
-4.7692e-6
-1.60735e-5
-2.02223e-5
2.9579e-5
0.000132599
-0.000190271
5.30977e-6
0.000229665
-0.00017646
0.000219833
0.000198575
5.055e-7
-6.37257e-7
1.23973e-7
-5.76863e-7
-1.34266e-6
-0.000232166
-4.23496e-5
-5.30383e-5
0.000350926
-0.000370309
-2.63724e-9
-1.43934e-8
-3.34007e-8
1.04386e-7
0.000659533
-0.000575643
2.72857e-7
-6.05844e-8
0.000395401
-0.0002426
8.13055e-7
-8.25478e-7
3.34647e-5
6.22198e-7
9.37427e-6
-3.3114e-6
-8.69361e-5
4.93026e-5
9.40508e-5
-3.24974e-5
-4.13456e-5
-0.000213549
-8.35848e-5
6.4061e-5
-6.55746e-5
0.000398046
-8.73332e-5
-0.000550262
-0.000555008
0.000318199
-0.000165719
0.000343466
0.000440846
0.000456528
-0.00408736
0.00294879
0.0144066
0.00036666
0.000405331
-0.000341862
0.000459178
-0.0285984
-0.0910766
0.0762291
0.0323528
0.0334492
0.000661238
0.00116976
-0.000876902
0.000289342
-0.022086
0.0211725
-0.00325922
0.00301509
-0.000907554
-0.0065853
0.00758404
-0.00178616
0.000652707
-1.79867e-5
3.55183e-5
2.53072e-5
-4.67242e-5
6.37037e-5
-4.58357e-5
-4.02942e-5
5.89385e-5
-2.79068e-5
-3.6311e-5
3.05581e-7
-1.78714e-6
-7.5043e-8
8.07255e-6
-8.83969e-6
-4.69761e-6
-2.23524e-7
2.23721e-7
4.54796e-7
-3.15496e-7
-1.60446e-6
2.34219e-8
-3.16078e-7
-4.81472e-6
2.13516e-6
5.20608e-6
-1.37079e-7
5.94751e-8
-5.15717e-8
6.1912e-8
-4.05691e-6
-8.32043e-6
2.73587e-6
-1.8448e-8
-5.6333e-8
6.43614e-6
-1.76042e-6
9.47126e-10
-2.09491e-8
-2.91862e-8
-6.69341e-8
3.06031e-8
-3.63597e-8
-2.18052e-8
-4.99923e-7
3.13062e-8
-2.75573e-8
-2.33477e-8
1.44132e-8
2.01036e-7
1.00207e-7
1.81208e-8
-1.87505e-8
-1.76598e-7
9.9612e-8
-8.73621e-8
1.65722e-8
-4.04345e-8
-2.74742e-7
1.21049e-7
5.96006e-7
-1.42855e-7
1.588e-7
-6.67179e-6
-7.35764e-7
-1.05215e-5
-6.92775e-7
4.34008e-6
-3.5307e-6
0.000326606
-0.00033394
1.61884e-6
-1.79558e-5
0.00100864
-0.00052334
-0.000247057
2.55644e-5
-1.40812e-5
1.10569e-5
-1.43691e-6
3.46769e-5
-5.10009e-5
-0.00323394
0.00262283
3.26788e-5
0.00207936
2.00539e-5
-4.1671e-5
2.53663e-5
-1.63896e-6
4.44891e-6
2.19467e-5
-7.32664e-5
-0.000256389
-0.000131664
0.000266682
0.000785873
-4.60761e-5
5.28319e-5
3.17565e-5
-6.36922e-5
4.42784e-5
-7.75838e-7
4.2911e-5
1.95032e-6
1.66881e-6
9.1736e-5
-0.000275722
-9.74843e-8
-4.02556e-7
0.000417
-0.000493495
-0.000293896
0.000321177
-5.79538e-8
5.88128e-8
4.81874e-8
-5.39437e-8
0.000256187
-0.000243703
0.000158919
1.45006e-7
0.000114511
-8.06855e-5
6.59035e-5
1.89397e-7
4.62185e-6
-4.31135e-6
7.47955e-6
2.94095e-6
5.54294e-6
-6.50488e-6
8.2367e-6
-1.19479e-5
-1.17318e-5
9.1107e-5
5.49998e-5
-2.11225e-5
-1.0276e-5
-1.76623e-5
-6.75232e-6
-0.000108517
0.000625167
0.000789019
0.000103769
-3.01406e-5
0.00013863
0.0292179
-0.0287306
-0.088219
0.0488626
0.0259127
0.000423917
-0.00183639
0.0058053
-0.00490391
0.00226302
0.000148705
-0.000181412
-0.00703648
0.0314859
-0.0341162
0.0192961
0.0136487
-0.00793862
0.00411465
2.29437e-5
4.71453e-6
-2.07419e-5
-1.81139e-5
1.8293e-5
1.90287e-5
-1.71095e-6
6.15379e-6
8.34318e-6
2.00839e-6
-1.50323e-7
2.19352e-6
2.63521e-6
-2.41856e-6
-6.5833e-6
-3.63521e-7
-2.65235e-6
-1.27755e-6
8.79517e-7
1.42121e-7
-1.59776e-7
6.55372e-7
-2.30403e-7
6.67109e-8
-5.03216e-9
4.86368e-8
-6.48619e-7
-7.25379e-7
2.03567e-7
-1.78619e-6
5.19719e-7
-4.58228e-9
-1.58806e-8
1.19211e-6
-2.65291e-7
-6.50209e-7
1.85359e-8
8.70629e-9
-7.53182e-9
1.56776e-7
-7.01244e-7
3.50744e-7
2.0188e-9
2.05084e-9
1.76834e-7
-1.18371e-7
1.17294e-8
-1.4883e-9
-6.40594e-9
1.14609e-8
1.19893e-7
-2.06893e-8
1.834e-7
-4.57792e-8
-1.02073e-8
1.04699e-8
-9.67347e-8
2.03545e-8
2.00014e-8
1.10759e-8
-7.69969e-9
8.73703e-9
3.33825e-9
-7.85961e-9
2.49818e-8
6.16472e-8
-3.19576e-7
4.20874e-11
3.19688e-9
1.71539e-6
-2.40725e-7
1.17404e-8
1.12317e-7
9.70451e-7
-5.9588e-6
-5.24754e-8
2.60844e-7
7.84637e-5
-2.37468e-5
-1.25416e-6
7.66248e-5
4.77267e-7
9.41482e-7
-9.09934e-7
0.000243764
-0.000145699
3.10737e-6
-1.18512e-5
7.8306e-5
-5.7683e-5
1.71262e-6
9.95087e-6
0.000149061
7.99328e-5
-2.86726e-5
-0.000477782
-1.47345e-5
1.45997e-5
-0.00289835
-1.45761e-5
-4.42278e-6
1.2528e-6
9.68842e-7
-5.52084e-6
0.000941376
0.00124929
-0.00120269
-0.000729888
0.00096369
-0.00150255
-0.00261587
6.54228e-6
-0.000474689
-1.11168e-5
0.000259259
1.08393e-6
-2.51819e-6
-5.29278e-7
-1.16203e-5
8.40049e-6
-1.01142e-5
-4.60734e-6
-8.99543e-8
8.4981e-6
-3.4366e-5
4.4775e-5
-7.36399e-5
-7.9617e-5
0.000162474
6.3117e-7
1.47353e-6
-2.6492e-6
-4.74203e-6
-0.000221183
0.000119453
4.85081e-9
1.51148e-7
-8.97376e-5
7.34837e-5
-7.62791e-8
-2.92813e-8
-7.32393e-9
2.53488e-8
-2.2419e-5
1.86875e-5
-3.62723e-7
8.98998e-8
7.70168e-8
-2.30404e-9
1.04424e-5
2.24867e-7
-1.23171e-6
-1.29303e-7
-5.48703e-7
1.26835e-7
2.09722e-7
1.70541e-6
1.06616e-6
7.28589e-6
6.21525e-6
-2.10283e-6
-4.33872e-6
2.48593e-6
2.92242e-5
3.4231e-5
-0.000176259
-0.000104921
4.57095e-5
-5.07133e-5
-1.05e-5
-1.20292e-5
0.000518422
0.00210466
-0.00669398
-0.00680415
-2.7061e-5
-4.51151e-5
0.000121165
-4.43957e-5
0.0143731
-0.0242745
-0.0219644
0.01253
-0.0028079
0.0159962
-0.0089319
-0.040818
0.0124325
-0.0256527
0.0243396
-0.0107411
-0.0146351
0.00907966
0.00300671
-0.00154578
0.0389821
-0.0343012
-5.51127e-7
1.63508e-10
-6.6368e-6
-7.9254e-7
-6.95551e-8
1.40655e-7
8.05136e-7
3.46992e-7
1.18775e-6
1.82133e-7
-2.82751e-7
2.3302e-6
-5.40803e-7
3.71673e-7
9.30815e-7
-1.90419e-7
-2.96272e-7
7.00828e-8
2.35283e-8
1.02421e-7
-1.68322e-8
9.6969e-8
-8.41251e-8
-4.30147e-8
2.08179e-9
-1.10309e-7
1.16499e-8
3.88569e-9
-9.47346e-10
3.88159e-9
-2.66705e-8
3.29402e-8
4.15589e-9
8.27969e-8
4.04381e-9
4.91018e-10
-1.05231e-9
1.90988e-8
-8.46667e-9
-5.18829e-10
4.78758e-11
3.58866e-10
-3.12381e-8
-5.75618e-10
1.37209e-9
1.19504e-9
4.28868e-9
-2.19243e-9
3.15619e-9
1.88307e-9
8.55442e-9
-2.73347e-9
2.76216e-9
1.51331e-9
-2.33834e-9
-1.31922e-10
-1.8419e-8
-1.2698e-9
1.09178e-9
6.10849e-8
-1.21767e-8
-7.96868e-10
4.20716e-9
8.07273e-8
-5.81224e-7
-1.57063e-9
9.79749e-9
4.03832e-6
-9.67317e-7
-2.93789e-8
4.01678e-8
3.4805e-6
-4.34254e-6
-2.85593e-10
1.08186e-8
-1.50255e-5
-6.05183e-6
-3.20586e-7
-1.14283e-7
4.59358e-5
-4.04636e-7
-4.3512e-7
-5.74058e-7
0.00103327
-0.000351654
-2.51472e-7
4.25885e-7
0.00383598
-0.0032929
2.68238e-7
-1.3575e-7
0.00284187
-0.00320579
0.0024744
-1.74654e-6
5.0374e-6
0.00247374
-0.00257219
3.06703e-7
0.00229699
-9.22372e-8
-0.0015666
1.39496e-6
-3.58141e-6
2.61025e-6
-9.8845e-7
1.00369e-6
1.869e-6
-4.28172e-6
-5.11669e-7
7.94472e-5
-3.46543e-5
-0.000318905
9.42101e-6
-2.2255e-5
-1.34112e-5
3.47202e-5
9.08319e-6
1.2844e-5
-2.64233e-5
-2.96998e-5
-3.47007e-5
8.39707e-5
2.3004e-5
-2.28433e-5
-1.35567e-7
-8.43756e-7
8.32165e-7
3.74064e-6
-4.67945e-5
4.35177e-5
-2.98523e-5
-1.97992e-8
-3.2242e-5
2.57632e-5
-2.17567e-5
-9.80433e-9
-6.8048e-6
5.44636e-6
-8.5489e-6
-1.92032e-8
9.87758e-7
-1.73803e-7
-5.09559e-7
5.19889e-7
2.05461e-6
2.51379e-6
-9.05422e-6
-1.00465e-5
-2.69532e-6
1.20074e-5
5.33578e-6
-1.9736e-6
5.33668e-5
0.000101006
-0.000354742
-0.000366626
0.000126268
-0.000325314
-0.000163967
4.93871e-5
0.000540866
0.000593204
0.000894042
-0.00412632
0.00068906
-0.00229834
9.35235e-5
-0.00021413
0.00333937
-0.00893023
0.0193497
0.0610476
-0.0568711
0.0471139
-0.0515912
-0.0529948
0.0408015
0.0522902
-0.0389889
-0.0237197
0.0192907
-0.0106539
-3.2407e-8
8.20392e-7
-4.08486e-7
-1.48916e-7
-5.25792e-7
-9.02951e-8
1.52569e-7
-6.49677e-7
-3.16485e-8
2.56603e-9
-8.46198e-8
5.53474e-8
4.31666e-8
1.30751e-9
-1.11983e-8
2.0772e-8
2.09939e-7
-4.5957e-8
-1.31463e-8
-9.07786e-9
-2.40037e-9
2.5943e-9
-2.41422e-10
5.4171e-9
-1.1513e-9
5.04042e-9
-9.23717e-11
-3.26546e-9
5.41468e-10
-5.96535e-9
1.25664e-9
3.65654e-10
2.70392e-10
-1.4235e-9
6.23845e-10
8.14215e-10
-4.31855e-8
8.92331e-9
-1.96819e-11
9.61004e-11
1.71591e-8
-4.0407e-9
8.46395e-9
-4.13823e-9
8.32564e-11
-2.46602e-10
-4.16833e-9
1.20666e-9
3.65584e-9
6.6712e-10
6.74798e-10
-1.09337e-9
-2.98671e-9
-2.42029e-10
-4.39318e-9
1.42225e-9
9.76317e-10
-1.14474e-9
5.29861e-10
-7.97203e-10
3.67733e-9
6.2825e-10
-1.77203e-10
4.77774e-9
-3.33134e-8
-3.67615e-10
4.55022e-10
1.94827e-7
-4.11046e-8
-1.08056e-9
1.60526e-9
1.53095e-7
-4.14593e-7
1.26383e-10
-3.8315e-10
7.938e-7
-1.99115e-7
-8.77773e-10
-4.32363e-9
1.23883e-6
-3.79755e-6
-2.63751e-9
2.58764e-8
-9.76128e-8
2.23276e-7
-5.64122e-5
-7.50516e-6
-4.22949e-5
4.98915e-6
9.31728e-5
2.03554e-7
1.19093e-7
0.000198723
1.42469e-7
-1.22943e-7
4.67987e-7
1.01342e-7
-3.73652e-7
-1.59912e-7
-1.74881e-7
-7.17156e-9
1.69987e-7
-0.000312965
-0.000876742
0.000631957
0.00021808
-0.000240129
0.000741958
0.00207707
2.0607e-7
-6.40356e-7
1.16611e-6
-3.52482e-6
-1.41558e-6
4.61336e-6
6.63181e-5
5.4347e-5
-0.000142082
-7.46404e-5
-4.62203e-6
1.33076e-5
5.10329e-6
-1.21692e-5
-3.89176e-6
-1.3553e-5
1.50076e-5
4.15803e-5
2.05068e-5
-1.54873e-5
1.05712e-8
1.38399e-7
-2.38237e-7
-6.85394e-7
1.03465e-5
-7.9521e-6
-2.6072e-8
7.84255e-8
1.53585e-8
-1.06577e-7
-5.14687e-7
-6.02775e-7
-2.15293e-7
1.0603e-7
1.05876e-7
-1.98196e-7
-1.38252e-6
4.2355e-7
-9.15565e-7
4.63637e-7
1.83691e-6
-1.22763e-6
-6.44764e-7
-9.00061e-7
1.8591e-6
-9.1453e-6
3.99702e-6
6.07846e-6
-2.06447e-5
-2.13965e-5
-4.68825e-5
0.000157728
6.2885e-5
-1.91234e-5
5.55463e-5
3.59471e-5
-9.99961e-5
-0.000188501
0.000744565
-0.00142059
-0.00123393
0.00047858
0.000560653
-0.000157541
-0.000631457
0.000189851
-0.00070644
0.0051364
-0.0100626
0.0226013
-0.00954902
0.00843165
-0.00299132
0.000740141
-0.0151301
0.0390233
-0.0499159
0.0609054
-0.0686464
0.0523382
1.17016e-7
5.12649e-8
-4.96743e-8
1.47119e-7
8.38878e-8
-6.8921e-9
-1.26791e-8
3.31802e-9
-3.56225e-9
-3.86939e-8
2.06203e-8
-2.1208e-8
-2.37395e-8
1.07584e-8
-2.65581e-8
-4.04453e-8
-6.84017e-9
6.18117e-9
-1.58992e-8
5.84106e-9
8.33732e-9
1.72973e-9
2.30986e-10
9.09928e-10
-7.69502e-10
1.8714e-10
-2.00908e-9
-2.62433e-10
-2.97752e-10
1.62517e-10
-1.12482e-10
3.71221e-10
-1.10381e-10
3.21846e-10
-7.85059e-12
-4.46793e-10
8.70537e-11
-1.83552e-9
3.38264e-10
-2.34854e-11
-1.11274e-10
2.27871e-10
4.66885e-11
-3.59142e-12
2.07438e-12
-1.49346e-10
7.66099e-10
1.76382e-10
-2.41376e-10
-8.67774e-11
-1.10365e-10
2.81933e-10
-2.97071e-10
-1.23307e-10
3.71306e-10
-1.38614e-11
-1.84973e-9
9.81066e-11
-4.20398e-11
9.34241e-9
-2.05574e-9
1.93741e-10
-4.80212e-11
6.55387e-9
-1.8522e-8
-2.88771e-10
8.44839e-11
4.88023e-8
-4.8719e-9
5.42351e-11
4.66412e-10
5.12009e-8
-2.19488e-7
-2.48606e-10
9.44026e-10
1.51704e-6
-1.24961e-6
-9.81993e-9
1.49828e-8
-1.20006e-5
-4.55215e-8
-0.000192989
1.58391e-9
5.43094e-9
2.10185e-8
-6.05104e-8
-0.000735682
0.000616085
-0.000643407
0.000286618
-2.32787e-9
2.83371e-8
-0.00139066
0.00125469
0.00197277
1.56251e-8
-9.71185e-8
0.00210107
-0.00210226
-0.002306
3.66097e-8
-9.26382e-8
-0.00258839
0.00279087
0.00266281
-5.74111e-10
7.97585e-8
0.00240444
-0.00274479
-0.00284287
-4.05979e-8
9.01941e-8
-0.00180999
0.00175495
-2.1592e-8
4.73737e-8
-6.15919e-8
9.69769e-8
-3.47794e-7
-9.01394e-8
3.8699e-7
0.000253283
4.50816e-5
-0.000371133
0.000184895
-4.30454e-7
1.46962e-6
6.15833e-7
-1.94464e-6
-4.89255e-5
-0.00010989
0.000137358
0.000250174
2.99492e-6
-7.51294e-6
-2.17737e-6
2.28535e-6
1.03644e-6
2.8209e-6
-2.68685e-6
-1.10186e-5
5.41934e-6
-6.35357e-6
3.60246e-6
2.66551e-7
2.88939e-6
-3.60154e-6
3.21082e-6
1.19117e-7
-4.83813e-7
-8.98328e-8
3.42919e-7
7.1887e-7
3.40256e-7
5.15255e-7
-1.52397e-6
-1.60752e-6
2.63053e-5
-0.000104161
3.76952e-6
2.67938e-6
4.36357e-6
2.54792e-6
-1.04276e-5
-1.08898e-5
-0.000471652
0.00125289
0.000426592
-0.000171816
2.4603e-5
1.41297e-6
1.09007e-5
-0.000191885
0.00212821
-0.00206477
-0.00563238
0.00280046
0.00119791
-0.00578081
0.010645
-0.0197733
0.0157159
0.0330414
-0.032665
-0.0520344
0.0501387
0.0674976
-0.062313
-0.0667612
0.0590373
0.0434844
-0.0466875
0.0258157
-0.019849
0.012189
-4.97381e-9
-4.99106e-9
8.29703e-9
7.75753e-9
7.87176e-9
-9.22743e-10
3.38707e-9
1.36419e-8
6.93305e-9
-2.61992e-9
1.69223e-9
-1.85977e-9
-2.37563e-9
8.31671e-10
-1.74692e-10
7.0468e-10
1.54098e-10
-2.01645e-9
7.24674e-10
-1.65104e-10
1.77646e-10
1.05625e-10
2.49637e-11
9.13782e-11
-6.58838e-11
-8.97884e-12
-6.42327e-11
-1.04374e-11
-2.04504e-11
1.41089e-11
-2.06178e-11
5.29596e-11
1.41319e-11
-5.99148e-12
-8.8578e-11
2.45135e-11
4.15549e-10
-8.23146e-12
1.66748e-11
-5.52436e-11
-2.53078e-10
4.39137e-12
-2.39668e-10
4.27966e-11
-5.47502e-11
-4.55572e-11
9.16006e-11
1.67587e-11
-1.29577e-11
9.15366e-11
-1.08588e-10
-4.41665e-12
-2.64857e-10
8.13566e-11
7.02815e-10
1.24007e-10
-8.65947e-11
3.76186e-11
-4.35509e-10
4.225e-11
1.03713e-10
5.64127e-10
1.53449e-9
-3.70068e-10
-1.52607e-9
5.99914e-10
-4.8396e-10
8.2678e-9
-3.32754e-8
6.59044e-10
1.11762e-9
4.28554e-8
1.06215e-7
7.2226e-11
-2.82152e-10
2.71401e-9
6.64692e-7
8.66456e-6
-3.13516e-9
4.2894e-5
-7.14162e-6
7.80755e-10
5.31784e-10
-1.12415e-5
2.14009e-5
-1.3041e-9
-4.60126e-9
-0.000234635
-1.75781e-9
-1.77691e-9
-1.07703e-8
-5.58212e-9
1.42524e-8
3.52337e-9
1.0503e-8
-6.80455e-9
1.34421e-8
-3.88115e-8
-0.000176374
0.000897801
-0.000508525
0.000374208
-0.000355766
-0.00202172
1.39817e-8
-3.93462e-8
1.32225e-7
2.71405e-8
-1.7124e-7
-0.000336613
-0.000487532
0.000681273
0.000802126
2.69421e-7
-7.86704e-7
-2.16717e-7
5.00642e-9
7.07953e-6
3.72861e-5
-1.25461e-5
-0.000112977
9.6681e-7
-1.4026e-6
8.35647e-8
7.72682e-7
-2.41469e-6
5.63013e-6
3.03812e-6
-4.3652e-6
2.32789e-6
2.68653e-6
-4.41483e-6
3.64896e-6
1.28707e-6
-2.92364e-6
1.95411e-6
5.30172e-6
-1.19921e-5
9.83673e-6
-8.46637e-7
3.18163e-7
-5.63781e-8
-2.38651e-7
-2.74295e-5
2.75066e-5
6.38047e-7
1.06348e-6
-1.39042e-6
7.9785e-7
0.000265016
-0.000748453
-7.26801e-5
6.65808e-5
2.67157e-6
-1.52784e-5
9.05899e-6
-5.70485e-5
-0.00305336
0.00804275
0.000860104
-0.000830035
6.41776e-5
0.000101179
-6.26788e-5
0.000693001
-0.00044032
-0.0113622
0.00539279
-0.0129257
0.0121019
-0.0116139
-0.00109212
0.00938361
0.016284
-0.0297422
0.0486331
-0.0644156
0.0652244
-0.0490101
-3.55578e-9
-8.49358e-10
-1.2264e-10
-3.54406e-9
-3.63987e-9
-5.95106e-10
1.32289e-9
-2.7152e-10
-2.0411e-9
3.85539e-10
9.95769e-10
8.18647e-10
8.21874e-10
-2.75053e-11
7.19324e-10
1.42032e-9
7.1838e-10
-4.26489e-10
1.15598e-10
-1.59818e-10
7.13944e-11
-2.37697e-11
6.65146e-11
-5.32686e-12
6.93501e-11
-2.17549e-11
1.30865e-10
3.32045e-11
1.35623e-12
-2.3228e-12
9.87488e-12
2.13187e-11
-7.14016e-13
-7.57045e-12
-6.76366e-12
-1.52307e-12
8.48855e-13
-3.7643e-12
3.7061e-13
8.43347e-12
1.19336e-11
-2.04987e-11
-1.5412e-11
5.39844e-12
4.34745e-11
1.4781e-11
-5.5966e-12
-2.08691e-11
2.37008e-11
-8.68465e-12
-7.07862e-11
2.95662e-11
-2.91559e-11
-3.35699e-11
4.71584e-11
3.41665e-11
7.14166e-11
9.99037e-11
2.90279e-12
-2.92853e-10
-1.19465e-10
-3.92472e-10
-8.51771e-11
7.52736e-10
3.45616e-9
-2.92143e-9
2.75605e-9
-2.00171e-9
9.70371e-10
3.34078e-9
-1.15158e-8
1.4845e-9
5.09533e-9
-3.5247e-9
3.13373e-9
-6.52738e-10
-1.11333e-8
-6.06297e-7
-6.09024e-10
-1.41372e-6
9.04244e-7
9.588e-10
2.4065e-10
-6.73509e-6
4.58065e-6
-3.4306e-10
-1.8909e-10
9.67771e-10
2.37954e-5
0.000226796
-3.5874e-10
1.04478e-9
0.000473143
-0.000372729
-1.1858e-10
2.46826e-10
0.000911147
-0.00112815
-4.51471e-10
2.43424e-9
-0.00182643
0.00207348
-1.05643e-9
3.00922e-9
0.00254548
-0.0028424
-2.65752e-10
-1.35426e-9
-0.00232946
0.00282467
1.22284e-9
-4.08845e-9
0.00142038
1.37102e-9
3.33684e-9
-6.23645e-9
8.00754e-10
-3.68504e-9
1.27281e-8
0.00159238
0.00110667
-0.00106334
-0.00112357
-0.0020227
-0.000670569
2.57855e-9
-4.85436e-9
-1.79072e-8
3.52898e-8
-5.70601e-8
-2.68635e-8
2.94498e-6
0.000358064
-0.000730088
1.47929e-7
-2.41967e-7
-9.36565e-8
-1.92352e-7
-1.8995e-5
4.52863e-5
8.16008e-7
-1.47008e-6
1.93951e-8
2.1987e-6
-1.25735e-5
1.66265e-5
3.22603e-6
-7.0207e-6
2.77191e-6
4.93591e-6
-2.87487e-5
2.67553e-5
1.25835e-6
-4.73588e-6
3.03936e-6
6.49529e-6
-7.67669e-5
6.86389e-5
-3.6139e-6
7.92618e-7
1.15624e-6
-7.38669e-7
-0.000190593
0.000192459
-3.95317e-6
-4.81396e-6
1.97807e-5
-4.05246e-5
4.28157e-5
-5.41602e-6
0.00172586
-0.0015992
0.000561386
7.85828e-5
-0.000113897
2.02811e-5
0.000590803
-0.000704629
0.00330301
0.0180377
-0.0246074
-0.0121838
0.0110168
-0.0151833
-0.00450945
0.0142801
-0.0150754
0.0048177
-0.0138491
-0.00212057
0.0197643
0.0101781
-0.0344019
-0.0187671
0.047131
0.015023
-0.0460305
-0.000468812
0.0309748
-0.0115091
-3.30787e-10
-4.45263e-10
-1.20347e-11
-1.1683e-10
-4.23333e-10
-4.398e-10
-1.79596e-11
9.55275e-11
-6.46652e-11
-1.60328e-10
1.37558e-11
6.06903e-11
1.48062e-11
1.79633e-10
7.3166e-12
1.85342e-11
9.0036e-11
1.3569e-10
1.0612e-10
-2.29543e-11
-1.12823e-11
5.28735e-12
-1.88886e-12
-6.90709e-12
2.64827e-12
1.8704e-11
1.64451e-11
1.03185e-12
-2.14025e-11
2.68474e-11
2.39622e-12
-8.31732e-13
2.83842e-12
-1.96283e-12
-8.00675e-12
-2.02675e-11
-3.17087e-11
-2.53169e-11
-5.79776e-11
9.14708e-12
4.97489e-12
1.92662e-12
6.60916e-12
9.73926e-11
2.29175e-11
-2.91287e-11
1.84513e-11
-2.94578e-11
-7.5247e-11
5.82499e-11
3.66362e-11
-4.18098e-11
2.33918e-10
4.85006e-11
-4.02751e-10
4.38963e-11
3.33824e-11
-3.74569e-10
8.02805e-10
1.18935e-9
1.56878e-9
7.99909e-10
3.8969e-9
-4.14912e-9
3.7949e-9
-4.14167e-9
-5.21471e-9
-3.27847e-9
-1.39152e-9
4.73342e-9
-4.70266e-9
1.53297e-9
7.22151e-9
-7.28444e-9
6.80668e-9
-5.82674e-9
2.82758e-8
5.16765e-9
7.55657e-8
-1.6161e-7
2.4453e-7
7.51538e-10
1.79192e-10
-5.79688e-10
1.7881e-10
2.33667e-11
-6.04856e-6
-4.8934e-5
-1.07287e-10
1.53498e-10
-0.00019212
0.00012414
4.99465e-11
-8.49107e-5
0.000194141
-1.31037e-10
-3.78805e-11
-4.21941e-12
8.78597e-11
0.000374023
-0.000129888
-6.32119e-5
-0.000619021
-6.49272e-11
2.92193e-10
-0.00080555
0.00036947
0.00132838
-9.30487e-11
2.36952e-10
0.00106173
-0.000423419
-0.00195187
1.77391e-11
-1.84107e-10
-0.000257133
4.11611e-5
0.00139195
-1.88421e-11
5.25735e-11
-2.30778e-10
-0.00083237
-0.000337082
4.13898e-10
-1.19912e-9
0.00177318
-6.60177e-10
-9.41598e-11
2.02689e-10
1.66819e-10
1.32092e-9
9.98036e-10
-0.000442254
-0.0016566
0.00102934
0.000410165
0.00257466
1.50215e-8
-4.06222e-8
4.94074e-8
-4.57001e-8
-3.72585e-8
2.97409e-5
7.11028e-5
-0.000132417
-3.9147e-5
-0.00027399
2.07791e-7
-3.25293e-7
-7.05117e-8
-8.93637e-6
-6.49797e-6
2.24947e-5
1.04416e-6
-2.33986e-6
2.48666e-8
-1.8901e-5
-1.11878e-5
1.31148e-5
6.23853e-6
-1.76238e-5
5.87162e-6
-4.83852e-5
-3.44055e-5
3.64859e-5
3.23655e-6
-2.53393e-5
2.1121e-5
-0.000107203
-0.000108816
0.000107551
-2.70262e-5
8.97694e-7
2.69174e-5
3.02586e-5
-3.69977e-5
0.0010782
0.00126581
-0.00100746
0.000299614
-0.000417808
8.50174e-5
0.000115255
-0.000363614
0.00121475
-0.00154372
0.000214395
-0.0101854
0.00985532
-0.00296975
0.00364479
-0.00747278
0.00640457
-0.00598314
0.0115891
0.00898662
-0.0325428
0.0470328
-0.0223964
-0.0399588
0.0170559
0.0404487
-0.00940351
-0.0228013
0.0161763
-0.0162916
0.0371154
-0.0274989
-0.0369048
0.0381138
0.0225784
-5.72662e-11
-8.25636e-11
1.44168e-10
2.75792e-11
-7.9635e-12
2.76554e-11
3.00494e-12
-1.70691e-11
8.20933e-12
8.99606e-12
7.0039e-13
-1.33784e-10
7.37375e-11
-6.45744e-12
-1.00733e-10
-2.91983e-11
-5.04496e-10
-2.97934e-11
6.51103e-12
-2.02887e-11
8.97051e-12
-4.09249e-12
-9.12482e-12
9.86617e-11
8.30989e-11
1.53888e-10
4.98677e-11
4.72237e-10
2.62082e-11
-6.0479e-12
1.90584e-11
-4.11736e-11
-1.93984e-11
-3.58355e-10
-2.17086e-10
-6.78733e-10
-1.45092e-10
1.08794e-10
5.34263e-11
6.39995e-11
5.36473e-11
9.53942e-10
2.64097e-10
-1.87429e-10
5.63602e-11
-5.05911e-10
-6.81809e-10
3.30598e-10
5.25435e-10
-3.50715e-10
4.71487e-10
1.11813e-9
-7.06824e-9
2.75372e-10
2.40935e-9
-3.82703e-9
3.74386e-9
-4.67171e-9
1.77498e-8
2.07884e-8
1.75069e-8
-2.45422e-8
-4.94569e-8
2.16531e-9
6.05419e-9
-7.84251e-9
7.38898e-9
-8.13015e-9
1.25118e-7
1.00319e-7
3.88653e-8
-5.3146e-7
8.452e-7
1.61105e-9
4.46635e-10
-5.97052e-10
2.34862e-10
-1.58735e-10
5.25421e-6
-1.04824e-5
2.31821e-5
-1.0742e-5
-1.52918e-10
1.97909e-10
3.2083e-5
-3.18288e-5
-2.57329e-5
5.88995e-10
-9.53886e-11
1.14811e-10
-2.52937e-11
0.000512239
-9.16167e-12
1.55076e-11
-1.06908e-11
4.64115e-11
-1.89053e-11
8.41375e-11
-1.26834e-10
2.71482e-11
9.03551e-11
-0.000968302
-0.000507278
0.00144086
0.00162324
0.000255055
-0.00219272
-1.26297e-10
-0.00165086
4.15942e-10
-3.59698e-10
1.00265e-9
-4.08859e-9
1.9222e-9
-0.000212647
-0.000274645
0.000831522
0.000243974
0.000841762
5.01583e-9
1.55993e-8
1.29458e-7
-5.93177e-8
-1.54345e-7
2.14486e-5
-1.24508e-5
-5.35041e-5
-1.92287e-5
-5.46459e-5
6.67547e-7
-1.2283e-6
3.45092e-9
-1.46259e-5
3.53878e-6
1.48301e-7
3.99308e-6
-1.01657e-5
1.83554e-6
-4.01938e-5
4.96617e-6
1.86485e-6
3.02495e-5
-7.40242e-5
6.42015e-5
-0.000109719
1.00144e-5
8.83438e-6
-5.56987e-5
6.26141e-5
-6.71585e-5
0.000333957
-0.000286037
0.000844822
0.000285319
-0.000221365
2.45126e-5
1.19924e-5
0.000249492
3.4982e-5
8.79753e-5
-0.000260406
-0.000375982
-0.00648106
-0.00499757
0.00364089
-0.0008353
0.00106411
0.000949183
-0.00248591
-0.000426352
-0.00403848
0.00867507
-0.0210221
0.027973
0.00332033
-0.0323836
0.0288956
-0.0247395
0.0362043
0.0108594
-0.0162978
-0.0327811
0.0375341
-0.0344972
0.025494
-1.35255e-10
-1.33196e-10
-1.17826e-10
-1.26157e-11
-2.55197e-10
1.84771e-9
3.51547e-10
3.57648e-10
3.15567e-10
4.46464e-10
2.11522e-10
-7.30231e-12
1.22054e-11
1.16051e-10
-1.32126e-11
-3.89958e-10
1.49217e-9
-1.46177e-9
-1.32623e-9
-2.23459e-9
-7.12456e-9
-3.18407e-10
1.56491e-10
-1.89164e-10
1.17046e-10
-1.17727e-10
-6.085e-11
1.6875e-9
5.83651e-9
-2.63595e-10
4.30537e-9
-5.41327e-9
7.36596e-11
3.56476e-10
1.8137e-10
-4.00335e-10
-3.41912e-10
-5.02763e-9
-1.5714e-9
-2.1104e-9
-5.58233e-9
2.13746e-9
1.53902e-9
1.63661e-10
1.2353e-9
1.26828e-9
-1.53271e-9
-2.61611e-9
-7.84676e-9
3.39521e-9
3.83343e-9
-3.83183e-9
2.88477e-9
-4.02399e-9
-1.61835e-8
-7.76934e-8
-6.7653e-8
-4.18508e-8
3.53758e-7
-9.55649e-9
1.18743e-9
-5.14199e-9
5.04623e-9
-7.313e-9
-3.48989e-7
-2.32095e-6
-1.26481e-7
-1.23303e-6
3.2773e-6
-1.52637e-9
1.94369e-9
-1.77477e-9
7.69545e-10
-2.8307e-10
2.18594e-5
-4.72304e-5
1.85371e-5
-2.79349e-5
-5.53826e-10
1.71611e-10
5.88271e-5
-3.91843e-5
2.88634e-6
-3.3372e-9
-3.72882e-10
1.96426e-11
-1.10533e-10
7.77521e-11
-0.00127576
0.0019017
-0.000299955
0.000765847
-2.30393e-10
5.59602e-11
-0.000315458
5.15912e-5
-1.48126e-10
3.80108e-11
0.000106123
3.14862e-5
-1.48607e-10
-0.000180065
2.49821e-10
-1.59442e-11
-1.29187e-10
-1.68349e-10
1.07244e-9
3.79754e-11
-0.000325584
-5.55148e-5
0.000617677
0.000537049
-8.26999e-5
-0.000793235
-1.50965e-9
-0.000416294
5.88912e-9
-8.77213e-9
-1.89213e-10
-1.49632e-9
-5.30944e-10
-5.45596e-5
3.82741e-5
0.000158768
3.95673e-5
2.61242e-5
-1.26974e-8
3.51233e-8
-2.49644e-8
-2.72669e-7
4.6035e-7
3.689e-6
-9.60673e-6
-4.36617e-6
-1.20877e-6
5.74152e-6
-1.64003e-6
4.24115e-6
-2.0578e-6
2.78821e-7
-6.22947e-7
-9.97779e-6
1.58467e-5
-1.76357e-5
9.93222e-7
-3.31516e-7
8.1348e-6
0.000204943
-0.000639995
0.00129836
-0.000666853
0.000344862
-4.63904e-5
2.04245e-5
-1.09085e-5
5.68934e-5
0.000668711
-0.000946011
0.0023428
-0.00276402
0.00143074
-0.00301564
-0.000517359
0.000186486
2.34339e-6
-0.000367417
-0.000704564
-2.86699e-5
0.000532562
-0.00154904
-0.00692184
0.0157099
-0.000630549
-0.0106781
-0.0125437
0.00814094
-0.008673
0.0139833
0.0025084
-0.0036624
0.00136818
0.0195792
-0.0018851
-0.0204762
-0.00252414
0.0195205
-0.0058019
-0.00633599
-4.62457e-10
-1.24737e-9
-1.00919e-9
-1.54551e-10
-8.4227e-9
1.58108e-8
3.18889e-10
1.05788e-8
-2.14827e-8
2.89244e-9
3.18471e-9
1.85285e-9
-1.61181e-10
-6.33608e-11
1.21224e-9
-1.77963e-10
-1.78265e-8
2.59205e-8
-3.9035e-8
1.01392e-7
-2.38917e-8
-7.11419e-9
5.51078e-9
1.39588e-9
-6.38002e-10
-6.51596e-10
-4.28761e-10
1.83e-8
1.15719e-8
1.53809e-8
3.81151e-8
-5.1887e-8
2.47719e-9
9.38098e-10
8.80886e-10
-1.55716e-9
-4.84452e-9
9.69847e-9
9.8381e-9
-8.17782e-8
-5.906e-8
-3.91319e-9
1.36081e-8
2.00356e-8
2.18912e-8
1.67643e-8
9.39476e-9
-5.14357e-8
-6.51791e-8
-5.18503e-8
-1.34957e-8
9.1768e-8
2.19679e-7
-8.29456e-8
-7.07988e-9
-4.18167e-8
-5.26305e-7
-7.63174e-7
4.26123e-8
-4.6776e-9
-4.90184e-9
5.52635e-6
4.65432e-7
6.83726e-6
-8.48324e-6
4.08407e-8
-1.78193e-5
-1.5735e-8
5.94106e-9
-1.64881e-9
0.000122851
-0.000176224
5.71191e-5
-0.000138769
-1.34842e-8
6.25781e-9
0.00019239
-4.84423e-5
-4.89244e-9
-0.000320058
4.17552e-9
-2.49046e-9
8.07458e-10
-0.00254199
0.00220941
-0.000907471
0.0011042
-1.35891e-9
4.67436e-10
-6.52495e-5
0.000312175
-1.63813e-9
4.76428e-10
-0.00028527
4.03366e-6
-1.32738e-9
0.000342068
1.55391e-9
-4.09652e-10
-8.07004e-9
1.58424e-8
-3.22563e-9
0.000454441
-0.000142022
3.10701e-5
-0.000481756
-0.000604102
6.80128e-5
-8.09132e-9
8.2904e-5
2.19469e-8
1.90099e-8
-5.96251e-8
-5.97723e-8
-3.88853e-6
-3.09085e-7
-2.92061e-6
-4.67303e-7
-5.53292e-5
3.73474e-7
-2.67282e-7
-1.84693e-6
1.24813e-6
4.47123e-8
5.36597e-7
6.37845e-7
-2.27399e-6
7.76368e-6
-4.9715e-6
-2.89988e-5
1.88994e-5
3.27177e-7
1.69683e-7
2.57913e-7
-3.74936e-7
9.56294e-5
-6.42953e-5
-0.00027739
0.000197481
1.23843e-6
-7.56667e-7
4.38972e-6
-5.916e-7
0.000711454
-0.00150718
2.25447e-6
-2.69863e-6
3.11281e-7
0.0025561
-0.00174083
-0.00349288
0.00362917
-0.00040914
4.24972e-5
-9.56634e-5
2.96804e-5
-5.40407e-5
-0.00130385
0.00048084
-0.00415949
0.00354004
0.0139868
-0.0168881
0.00626179
-0.0108956
0.0112877
-0.00714027
0.00733414
0.000587472
-0.000793794
0.0317101
-0.0224797
-0.0461029
0.0299317
0.0653955
-0.0308178
-0.0503787
0.0311074
-7.77627e-9
-6.86498e-9
-9.08614e-9
-9.58686e-10
-3.18609e-8
6.01052e-8
8.78189e-8
3.00469e-8
1.37732e-8
2.20072e-8
2.04306e-8
-1.17247e-8
-5.29194e-9
2.04851e-8
1.60681e-9
-1.89997e-7
-7.67116e-8
-3.77646e-7
-2.08052e-7
3.46313e-7
2.71874e-8
-1.53214e-7
-6.00819e-8
-2.84901e-8
-7.97481e-8
-2.91466e-8
5.34213e-8
-3.84177e-8
-2.86927e-8
1.66439e-8
-8.58023e-9
-3.57341e-9
3.97224e-7
3.6576e-7
9.46786e-7
1.19951e-6
-8.05217e-7
4.29527e-8
-1.26561e-7
-9.90332e-9
4.00775e-9
-1.37778e-8
3.06619e-7
2.90345e-7
-2.16322e-6
-1.66896e-6
-5.24473e-8
4.40875e-8
1.20297e-7
1.25888e-7
3.99805e-7
3.1035e-7
-1.65516e-6
-1.64131e-6
-2.18988e-7
-3.26286e-7
4.15777e-7
1.02058e-6
-1.66008e-7
-1.04783e-7
-2.15165e-6
-4.33841e-7
1.05683e-6
-6.03338e-6
-1.09326e-5
-1.6886e-5
1.09128e-6
4.43516e-7
-1.54762e-7
4.79767e-5
-0.000109111
7.72432e-5
-0.000151515
2.39845e-8
1.04922e-8
6.43062e-8
0.000300758
0.000173187
6.4445e-8
-1.37037e-7
3.93614e-8
-0.000494526
0.000961814
-9.8122e-5
0.000813718
-1.13531e-8
-1.14358e-8
-0.00129785
-0.000477244
5.36399e-9
3.92459e-8
-1.03019e-8
0.00243042
-0.00138478
-7.66659e-5
3.67993e-9
2.52655e-8
-1.31338e-8
-0.0022193
0.0013502
-0.000656637
5.82794e-9
5.10993e-8
-1.59602e-8
0.0015619
-0.00109539
0.00099134
3.13603e-8
1.12446e-8
-0.000879641
0.000545831
-5.95802e-8
6.80137e-9
0.00172063
-0.00132847
8.00023e-8
-4.90241e-8
-0.000308954
0.00072795
8.90643e-8
-2.64666e-7
-1.50338e-7
4.8937e-7
2.39152e-7
2.27887e-7
4.66148e-5
5.86699e-5
-1.96778e-5
-2.0255e-5
-0.000176583
1.72017e-5
-4.97742e-7
-1.92669e-6
2.10396e-6
7.04573e-6
-8.25446e-6
1.37843e-6
2.16322e-6
-5.00051e-7
1.88682e-5
-2.75833e-5
3.03598e-5
9.38189e-5
-9.96817e-5
2.76894e-6
1.76462e-6
-6.78168e-7
-6.00813e-6
-0.000279105
0.000289209
0.000747728
-0.000740699
3.1122e-7
2.38781e-6
-4.51231e-7
-1.23355e-5
-0.00172568
0.00164784
0.00355353
-0.00313514
-7.96849e-6
2.1524e-6
-2.7402e-6
-1.69949e-6
-0.00661784
0.00486295
0.00796719
-0.00546456
-0.00772884
0.00397579
-0.000568385
-5.40167e-5
0.000166683
0.000275203
-3.12283e-5
4.65085e-5
0.00690231
0.000188868
-0.00367927
-0.00745572
-0.00133121
0.016978
-0.0238752
0.00353087
-0.0195697
0.0346365
-0.00128789
0.0160974
-0.0391796
-0.00502229
-0.0015755
0.0169697
0.00964255
-0.0118199
0.000329408
0.00284265
5.64562e-7
-1.52208e-6
4.60182e-7
-1.53612e-8
1.89737e-7
2.1343e-7
-5.39676e-9
-1.2841e-7
9.68524e-8
-5.72057e-6
-4.18593e-6
3.7075e-6
-1.95141e-6
-6.16912e-7
5.29734e-6
-4.74302e-7
1.12122e-7
-9.32603e-7
-3.23126e-7
2.14606e-7
2.27216e-7
-5.22749e-7
2.88077e-7
4.91381e-8
9.55219e-6
9.18908e-6
-1.17987e-5
1.43942e-5
-1.60922e-5
2.97652e-7
2.5626e-6
-5.31731e-7
5.03395e-9
7.14104e-8
8.69044e-6
8.35242e-6
-4.62246e-5
-4.20932e-5
-4.95025e-7
-8.31111e-8
4.9038e-7
6.72917e-7
9.2516e-6
8.75679e-6
-4.34651e-5
-4.06557e-5
3.75705e-7
-5.96186e-6
1.06941e-5
2.96643e-5
-3.96604e-6
-4.02887e-6
-4.62962e-5
-1.35876e-5
-5.52567e-5
0.000115704
0.000179663
0.000343831
1.14812e-5
-8.89157e-6
2.19212e-6
-0.000671663
0.00057585
-0.000586217
0.00105648
-4.74906e-7
5.23499e-7
5.20017e-6
-0.0015117
-0.00175714
-1.85316e-6
4.22426e-7
-1.92401e-7
0.00275047
-0.00291017
0.00272687
-0.00428367
2.26147e-7
-2.60286e-8
0.00536877
-0.00364832
1.16092e-7
-1.38953e-7
-0.00530477
0.00355186
5.99494e-7
-1.51387e-7
0.00428945
-0.00267514
3.22899e-7
-2.91394e-8
-0.00262792
0.00184196
-1.15859e-7
1.5141e-7
0.00190743
-0.00182082
-3.63082e-7
5.5145e-7
1.09523e-6
-3.40338e-6
-1.70366e-6
-1.31594e-6
-0.000500968
5.22765e-5
0.000100005
0.000169242
-0.00250731
-0.000141082
3.20438e-6
5.75961e-7
-6.66451e-6
-1.68488e-5
2.61264e-5
2.70527e-5
-1.12343e-5
-4.98723e-6
-9.0267e-5
5.53771e-5
-8.58364e-5
-0.000158245
0.0002485
4.6208e-5
2.08382e-5
-8.18101e-6
-0.000116989
0.000585126
-0.000703981
-0.00149749
0.00173242
3.39004e-6
4.18095e-5
-5.04627e-6
-0.000261211
0.00443875
-0.00333809
-0.00530635
0.0083971
2.83742e-5
1.16537e-5
-1.28523e-6
-3.18485e-5
0.0107494
-0.0107576
-0.0211065
0.0107056
0.0140885
-0.0135693
-0.000220671
0.00127651
-0.000128619
-0.00143429
0.000233583
-0.00040846
-0.0236575
0.0153107
0.0262585
-0.014012
-0.0237762
0.0115276
0.0195281
-0.00981521
-0.0140532
0.00806152
0.00796949
-0.00743256
6.23987e-6
-1.34119e-6
1.13702e-6
2.99936e-6
-2.30399e-7
-5.70384e-7
-2.58174e-5
5.20667e-5
1.01961e-5
-9.51943e-6
8.01462e-6
-1.00604e-5
-5.93063e-6
2.20097e-6
-6.40884e-7
-7.42904e-6
3.35483e-6
0.000162166
0.00018449
-0.000200284
3.14758e-5
6.18051e-5
-0.000299457
2.23284e-5
-3.29958e-5
5.51214e-5
-1.55189e-6
-2.92088e-6
3.3011e-7
2.10879e-5
-3.68122e-6
2.50552e-6
0.000208306
0.000195594
0.000686932
-0.00081787
0.00118162
-3.72246e-6
-9.15444e-5
-7.01048e-6
2.35695e-6
-2.71131e-5
0.000189479
0.00015587
-0.00110601
0.00116625
0.0001148
-0.000199798
-0.00024363
-0.000514287
1.15816e-5
-0.000796046
0.000640538
-0.000193946
0.00084901
-0.000617236
0.000596216
-0.00178276
-0.00158193
3.53053e-5
-2.04477e-5
-0.000220891
0.0029508
0.00456992
-1.26741e-6
7.94589e-5
-4.78925e-5
1.57234e-5
-0.00785345
0.00707102
-0.0083729
0.0127937
0.00588491
-3.38219e-7
-1.49722e-5
-8.00022e-6
-0.0157393
0.0108964
-0.00765413
-6.95073e-7
2.70197e-5
8.82293e-6
0.0181066
-0.0116355
0.00777799
-2.1809e-6
-4.66659e-5
3.80705e-6
-0.0209621
0.0108923
-0.0068261
-2.04697e-7
4.42976e-6
-1.85283e-7
0.00827548
-0.00559494
0.00471218
-5.53061e-6
1.0621e-6
-0.00305292
0.00213442
1.16279e-6
0.000600498
9.96547e-6
5.00821e-5
-3.4418e-5
1.90209e-5
0.000126471
3.22924e-6
0.00010579
-0.000364849
-0.000185236
0.000567072
0.00582307
-2.35743e-5
-2.85033e-5
-0.000442978
0.000103429
0.00102507
-0.000811407
0.00078404
4.88944e-5
-7.77315e-5
-0.00227731
-0.00232271
0.00157838
0.00400015
-0.00518319
-0.000312587
0.000878302
-4.20049e-5
-0.00356952
-0.00753779
0.00968095
-0.00457925
0.0166749
-0.013058
-0.0254997
0.030559
0.00217355
-0.00120755
2.75111e-5
0.00166516
-0.00106411
0.000465087
-8.0857e-5
0.0426754
-0.0444443
0.0312699
-0.0561719
0.0475831
-0.0363285
0.0619209
-0.04905
0.0349532
-0.0938243
0.0509951
-0.0294851
0.0299883
-0.0202773
0.0152388
-0.0115575
0.00654029
-0.00559785
-0.000120865
-3.28975e-5
0.000111121
-0.000227642
0.000101064
-2.9735e-5
-0.00142043
0.000950524
6.87939e-5
0.00114562
-0.00108099
-0.000223348
0.000579977
-0.000246948
0.000524781
4.88594e-5
8.42673e-5
-0.00298669
-0.000386362
-0.00334113
0.00426069
0.00116743
0.00241575
-0.00253977
0.00170105
-0.00102528
-0.000716574
0.00071388
-0.00119593
-0.000126862
-6.70831e-5
0.000451662
-0.00132375
-0.00182442
-0.00190176
0.0039058
-0.00484634
0.00582876
-0.00448365
0.00258584
-0.0047553
0.000939541
-0.000307145
0.000693151
-0.00256306
0.00152583
-0.00257581
-0.000435785
0.000650634
0.00545881
-0.00378052
-0.00247921
0.00646243
0.00444891
0.00903918
-0.00480624
0.000174655
-0.000536914
0.00429634
-0.00306716
0.0016044
-0.0136781
0.0143312
-0.0126409
0.0205754
0.0165229
-0.0140218
-0.000995069
-3.51508e-5
3.34944e-6
-0.00106505
-0.0191563
-0.0298958
0.0212486
-7.42571e-5
0.00191508
-0.00182261
0.00014178
0.0388836
-0.037509
0.0417257
-0.0425342
-0.0254292
0.000183628
0.000882601
-0.000465842
0.0440163
-0.0524372
0.0415995
-8.6547e-5
0.00057544
-0.000338801
-0.0130626
0.000209179
-0.00309144
-0.000536994
-0.00047506
0.00450622
-0.00291053
0.00107115
0.00962945
0.00962637
-0.0111841
-0.0103713
-0.0474582
0.0127323
-0.00565512
4.23321e-5
-0.000702409
-0.00655603
0.00396969
-1.39928e-6
0.00932621
-0.000166407
0.000614593
-0.00916859
0.00493563
-0.00452159
-0.0105689
0.0148532
-0.00936483
0.0300775
0.00353689
-0.00196758
0.0218415
-0.00875117
0.00663158
-0.0236811
0.0262591
0.00307904
-0.00496812
0.00771644
-0.00487065
0.00903803
0.00345359
-0.020118
0.0392978
-0.0395017
0.027293
-0.055148
0.0385407
-0.0386366
0.0689959
-0.0792905
-0.0168069
-0.00400128
0.00999376
-0.000300314
0.0290951
-0.0181299
0.00766096
-0.00805558
0.00320726
0.0672121
-0.107556
0.0867401
-0.0915857
0.0871181
-0.0893886
0.113375
-0.00284331
0.00362859
0.00376681
-0.00340332
0.00604369
-0.00795937
0.0110782
-0.00845009
0.00215441
-0.0030666
0.00554389
-0.0104031
0.0162041
-0.0217967
0.0190472
-0.0160778
0.00168045
-0.00115906
0.00278453
-0.00721655
0.0148689
-0.0239983
0.030493
-0.031515
0.0245743
-0.0240218
0.000729844
-0.000980313
-0.00066914
0.00604846
-0.01552
0.0262767
-0.0336303
0.034273
-0.0311043
0.0335734
0.00207066
-0.00358643
0.00513088
-0.00497967
0.0002353
0.00949499
-0.0207634
0.028704
-0.031678
0.032376
-0.02996
0.0587923
0.0059032
-0.0111214
0.0141813
-0.0112037
0.00215939
0.00923361
-0.0181333
0.0233337
-0.0243916
0.0193238
-0.00993515
0.0186049
-0.0240679
0.0231452
-0.0150736
0.00347585
0.00646021
-0.0176618
0.0355291
-0.0437289
-0.0192469
0.0310653
-0.0315712
0.0260169
-0.0140165
0.00720728
0.00376215
-0.0101403
-0.0302061
0.0377421
-0.0369419
0.0198216
-0.0225691
0.00031693
0.0465316
-0.0244599
