1.25049e-10
-9.3021e-10
1.27316e-9
2.21742e-10
1.21767e-9
-1.47645e-9
2.26176e-9
-2.00316e-9
-8.59967e-10
1.64004e-9
-4.52013e-10
-2.56434e-9
-9.42254e-10
6.4949e-10
2.29258e-9
9.08987e-10
-9.59722e-10
-2.95066e-11
1.07078e-10
-2.8696e-11
-5.21276e-11
-1.70612e-10
4.46477e-12
-6.94996e-11
4.39727e-11
1.49155e-10
-1.46708e-10
3.05647e-10
-5.59799e-10
-3.35257e-10
3.67991e-10
-7.31091e-10
2.95513e-10
1.2732e-9
3.12906e-10
-2.69321e-10
-8.69381e-10
-1.80281e-10
1.94777e-10
-1.70726e-11
5.19324e-11
-1.60631e-11
-3.44813e-11
3.68362e-11
3.50825e-11
-9.00776e-11
1.33288e-10
-2.17758e-10
2.56059e-10
-2.56698e-10
1.27638e-10
1.65793e-10
5.48765e-11
-1.00677e-10
-1.65028e-10
-2.01771e-11
2.26999e-11
-7.91998e-12
2.80735e-11
-7.90789e-12
8.35868e-12
-3.95057e-11
2.60181e-11
4.17517e-11
-4.47228e-11
8.13173e-11
-1.28756e-10
1.84603e-10
-2.13368e-10
1.98067e-10
-1.44757e-10
4.43686e-11
7.2604e-11
-6.40792e-12
-3.98985e-11
-2.82206e-11
1.6773e-11
-1.09099e-12
3.7166e-12
1.25424e-11
-2.84463e-11
4.79412e-11
-8.20059e-11
1.22996e-10
-1.58663e-10
1.68268e-10
-1.44812e-10
9.67811e-11
-4.89517e-11
2.01252e-11
-7.50702e-12
6.02244e-12
-9.67107e-12
1.12575e-12
-5.9577e-12
1.27286e-11
-5.87285e-12
-1.30545e-11
2.83793e-11
-4.90246e-11
7.82321e-11
-1.07744e-10
1.25177e-10
-1.20344e-10
9.45912e-11
-6.04617e-11
3.21569e-11
-6.622e-12
-1.25254e-11
3.7006e-12
8.32976e-12
2.37795e-12
-2.49111e-12
-1.57252e-13
-1.44328e-12
5.76587e-12
-8.08146e-12
1.22943e-11
-2.44389e-11
4.35456e-11
-6.57673e-11
8.24643e-11
-8.65651e-11
7.54765e-11
-5.45328e-11
3.2674e-11
-1.64079e-11
6.8485e-12
-4.98961e-12
2.09814e-12
8.73742e-14
-3.45386e-12
-8.88738e-12
1.82364e-11
-3.40287e-11
4.67234e-11
-5.36935e-11
5.11649e-11
-4.09086e-11
2.76607e-11
-1.65649e-11
1.25655e-11
-1.01504e-11
1.27234e-12
-6.01519e-14
-3.76734e-13
4.53615e-12
-1.88132e-12
-3.0548e-12
4.94609e-12
-9.63516e-12
1.89357e-11
-2.77065e-11
2.8713e-11
-2.56158e-11
1.90842e-11
-1.25269e-11
6.50608e-12
-5.61771e-12
6.57532e-12
-2.63957e-12
9.21158e-13
-6.15516e-13
1.05531e-12
3.44017e-12
-7.41249e-12
1.1878e-11
-1.22762e-11
1.11098e-11
-8.01846e-12
7.69186e-12
-4.81829e-12
5.46487e-12
-1.07688e-12
-4.81357e-13
3.28966e-13
-6.46891e-13
5.18027e-14
-1.75791e-13
2.83023e-12
-4.48052e-12
3.94636e-12
-3.70792e-12
2.91748e-12
-5.9404e-12
4.0796e-12
-9.00538e-14
-1.27366e-12
6.09786e-13
-1.9457e-13
2.77619e-13
-9.75827e-15
-1.07987e-12
1.77662e-12
-1.43277e-12
2.28587e-12
-1.57418e-12
-8.9579e-14
9.12602e-13
-1.69445e-12
6.17663e-13
1.01196e-13
2.25282e-13
-4.30009e-14
-8.15996e-13
5.73821e-13
-5.97463e-13
6.43005e-13
-4.6268e-13
-5.45862e-14
6.11252e-13
-1.79364e-13
5.29555e-15
-2.79806e-14
-3.27946e-11
1.8366e-10
-1.19217e-10
-2.26056e-11
-6.3357e-10
6.55679e-10
-9.00348e-10
2.19309e-10
2.1825e-9
-2.18765e-9
8.1695e-11
2.67669e-9
-3.23107e-9
4.77227e-9
-6.62833e-9
5.57135e-9
-8.72767e-9
1.20886e-8
-7.77563e-9
1.35416e-8
-1.55151e-8
6.94235e-9
-1.36396e-8
2.43805e-8
8.02901e-9
-4.52866e-9
-2.19153e-8
-7.19911e-9
6.7199e-9
4.8559e-13
-5.30872e-12
1.05768e-13
7.40619e-12
8.49099e-12
6.6833e-12
9.88609e-13
-1.30088e-13
-1.54387e-11
3.55896e-9
-2.34974e-9
4.50588e-9
-9.0902e-9
-1.8153e-9
1.18733e-9
4.13032e-9
9.86383e-10
-1.86842e-9
1.38443e-12
-6.50816e-12
1.17729e-12
7.04312e-12
-1.25635e-13
-2.23417e-11
-6.06331e-10
-2.89468e-10
2.65022e-10
7.25072e-10
1.27556e-10
-2.71174e-10
8.04557e-13
-3.02352e-12
-2.51205e-13
-5.32414e-13
5.21774e-12
-9.84599e-14
-1.14853e-11
-1.3508e-10
-9.59612e-12
6.20429e-11
9.22153e-11
-2.1849e-11
9.98602e-12
-4.46086e-11
-3.87853e-12
8.67058e-12
-1.03321e-11
8.02996e-12
-4.01755e-13
9.79469e-13
4.63162e-13
5.2189e-13
-1.00688e-12
-1.19144e-13
-1.18513e-13
2.41306e-12
-2.03367e-12
-1.09575e-12
-9.27777e-12
5.45731e-13
2.66511e-13
1.45801e-12
-1.51828e-12
3.61279e-12
-5.34531e-12
6.11721e-13
-2.29031e-13
-1.73661e-13
1.15528e-12
-2.04581e-12
4.33009e-12
-4.77086e-14
4.11552e-14
7.50034e-14
-9.08675e-13
1.63954e-12
-3.24063e-12
-3.69449e-15
-1.54804e-14
-1.69404e-14
6.06497e-13
-9.08196e-13
1.88556e-12
1.0688e-13
-1.62604e-14
8.66585e-15
-3.0111e-13
2.7805e-13
-2.69764e-13
1.38397e-12
-2.05042e-13
5.28186e-15
-5.61185e-15
1.6156e-15
1.01221e-13
-1.23305e-14
-2.99452e-13
-7.37e-14
3.57952e-14
2.83021e-14
8.66583e-15
-2.15646e-14
2.30955e-16
2.59855e-15
3.58345e-14
4.71148e-15
3.40271e-14
8.86967e-15
2.45141e-14
-1.59401e-14
1.17439e-14
-2.85867e-14
-8.85132e-15
-6.21899e-15
-1.54086e-15
-4.79317e-14
2.8188e-14
-1.72752e-14
6.02945e-15
-6.08658e-15
3.27854e-15
3.95062e-15
-2.54972e-16
1.0313e-15
1.81601e-14
-2.91919e-14
-6.7433e-14
1.62348e-13
-1.53705e-13
-5.1228e-15
-4.03724e-15
-1.69593e-15
3.08455e-15
-2.92554e-16
-1.28491e-15
-2.44011e-15
9.4101e-17
-6.28512e-15
2.02755e-14
7.77672e-15
-1.20414e-14
5.80283e-14
-6.96395e-15
1.16341e-14
1.88573e-14
2.3349e-14
1.80597e-14
1.59811e-14
-3.24558e-15
-3.95371e-17
3.46195e-16
7.32198e-16
-1.77011e-15
-3.22575e-15
-2.36241e-17
-1.10066e-15
-1.50604e-14
2.83549e-15
-4.97541e-15
-4.52589e-15
-1.01847e-14
-1.531e-14
6.21543e-15
5.36414e-15
-2.35914e-16
-7.60173e-17
1.90694e-15
3.28094e-15
-5.16126e-16
2.00308e-15
2.05872e-15
6.75944e-11
-4.04244e-10
1.77595e-11
1.26695e-9
-8.41934e-10
-5.15847e-10
8.94176e-10
-3.4495e-9
2.89627e-9
1.42827e-9
9.59114e-9
-1.13198e-8
7.92822e-9
-1.99329e-8
2.77378e-8
-3.06436e-8
2.9309e-8
-4.51448e-8
5.73695e-8
-2.58927e-8
5.22124e-8
-7.68809e-8
-4.56398e-8
7.41047e-8
4.53778e-8
-6.26252e-8
-5.81007e-12
-3.93542e-13
2.899e-11
2.22688e-11
-6.10718e-11
4.70685e-11
-5.35523e-11
1.54469e-8
-3.52122e-8
4.69772e-8
1.55253e-8
-2.67025e-8
-8.62326e-9
1.36627e-8
-2.10038e-13
-2.93051e-13
1.40142e-12
-1.58405e-12
3.76892e-9
-6.10517e-9
-1.46371e-9
2.53696e-9
5.23406e-14
-3.76867e-13
1.10901e-13
-2.20777e-14
5.55833e-10
-1.29699e-9
-2.07177e-10
6.73489e-10
2.69471e-14
-1.02131e-13
1.93553e-14
-7.80136e-14
-6.42729e-15
8.25275e-11
-3.94321e-10
-1.52204e-11
2.1416e-10
-1.08763e-15
2.10006e-14
2.31952e-15
-2.91301e-14
6.86336e-15
-4.11159e-15
1.82992e-11
-4.82075e-12
-1.93003e-10
6.9034e-12
-2.55731e-11
1.26773e-10
1.58366e-13
8.05462e-13
6.30228e-14
-1.0681e-13
-7.62308e-15
-8.73189e-14
1.96054e-13
7.26979e-15
-2.8038e-13
-6.62249e-13
7.86578e-14
1.37044e-13
-2.23981e-12
-1.01375e-13
-5.34973e-14
5.60436e-13
1.46399e-13
-3.02019e-13
6.2647e-13
3.18935e-14
-3.50957e-14
3.21346e-13
-1.614e-13
3.02189e-13
-5.828e-13
-1.71724e-14
1.30818e-14
-1.89974e-14
1.48051e-13
-2.66463e-13
4.91125e-13
3.67838e-15
-1.60603e-15
-1.06618e-14
-1.05714e-13
1.7697e-13
-3.3023e-13
-2.80328e-15
-3.68943e-16
6.0808e-15
5.92141e-14
-6.77162e-14
1.40799e-13
5.11143e-16
-2.42515e-17
-2.41678e-17
-3.33812e-14
-3.45233e-14
-5.21136e-16
-1.73451e-16
2.01638e-17
1.83446e-14
-9.30668e-15
-1.10654e-14
1.16748e-14
-4.66016e-15
-5.01254e-15
1.552e-15
-6.09439e-16
-7.14982e-17
2.02376e-15
2.53157e-15
-1.87113e-15
1.96424e-16
-3.77629e-16
-9.08384e-16
3.93181e-16
7.0407e-17
-5.37217e-16
1.9394e-16
-8.72584e-17
2.74719e-16
1.74614e-16
2.40086e-17
1.01859e-17
8.66451e-17
7.50636e-16
3.06993e-17
1.202e-16
-5.84945e-17
-4.92543e-17
-8.15483e-17
-1.80755e-17
-1.36376e-16
-2.02997e-16
1.0126e-15
-2.80057e-15
-1.05328e-16
-5.44629e-16
-5.1562e-17
2.89857e-17
-3.73585e-17
3.36104e-17
1.44211e-16
-2.39142e-16
1.35626e-16
-1.69655e-16
-8.33816e-16
-6.05326e-16
-2.17506e-17
-6.65233e-16
-3.49951e-16
-9.50501e-17
-7.00899e-16
1.04151e-15
9.7788e-17
-7.27972e-17
2.24392e-17
3.18666e-17
1.12964e-16
-5.18907e-17
1.46751e-16
2.82098e-16
1.29252e-16
6.77432e-17
1.61793e-16
1.0419e-16
2.30984e-16
-5.55103e-17
-4.1083e-16
3.9056e-17
9.60747e-18
-6.45739e-17
-6.6453e-17
-4.01656e-17
-5.06259e-17
-6.77057e-17
-1.73876e-10
-1.15856e-10
8.75328e-10
-2.92278e-9
5.38785e-9
-3.27357e-9
4.01754e-9
-1.79307e-8
-1.29752e-8
3.87017e-8
4.36986e-9
-2.7149e-8
2.34937e-8
-5.9077e-10
-5.85186e-8
5.00124e-8
9.5937e-8
-9.84099e-8
-1.0048e-7
1.21264e-7
7.7432e-8
-8.00777e-8
-5.78987e-8
5.80026e-8
4.86398e-12
1.11983e-11
-2.96072e-11
5.49588e-11
-3.34087e-11
4.55739e-11
3.89132e-8
-5.67282e-8
-2.14444e-8
3.67223e-8
9.4764e-9
-1.49629e-8
6.25569e-14
1.62884e-13
-4.89578e-13
-2.2807e-13
-5.70476e-9
2.03647e-8
5.10227e-9
-2.44218e-8
-5.54532e-16
-2.05572e-14
8.77783e-15
-1.01292e-13
-3.29447e-9
1.50033e-8
2.2323e-9
-1.01464e-8
1.23432e-15
-5.96227e-15
2.57415e-15
-4.00703e-15
-1.26653e-9
4.64467e-9
8.15691e-10
-2.03384e-9
-2.23098e-16
5.7797e-16
5.23195e-16
-4.37098e-16
-1.25773e-15
-6.44319e-17
-2.45122e-10
-1.2265e-9
-5.31981e-11
3.11233e-10
8.70298e-10
4.91025e-11
-5.74688e-15
-4.78529e-15
2.19468e-16
3.8599e-14
-4.70566e-14
4.64221e-17
-2.94795e-12
-3.06296e-10
2.14551e-12
-1.40275e-11
1.06004e-10
-2.03825e-14
5.0109e-14
-1.72762e-12
6.44318e-12
3.70055e-14
-7.2952e-14
-2.10309e-13
2.62106e-12
-4.8525e-14
8.75636e-14
7.58207e-14
-2.07077e-13
5.02696e-14
-8.36086e-14
-1.57003e-14
-3.14758e-14
-3.55126e-14
6.08241e-14
-9.51156e-15
1.2089e-13
2.03698e-14
-3.58715e-14
3.61737e-15
-1.16979e-14
-1.02491e-14
1.81868e-14
-3.54611e-15
5.72073e-15
4.73589e-15
4.99729e-15
1.12538e-15
1.12363e-15
5.98106e-15
-2.09674e-15
8.16891e-16
5.567e-16
-1.31879e-15
1.25037e-15
-7.13502e-15
-6.42735e-15
-1.23245e-16
-7.79967e-17
5.1608e-16
-9.73647e-16
1.03252e-14
-9.46744e-18
3.24202e-18
-5.59516e-18
-2.60065e-17
9.56985e-17
-2.34689e-16
-3.55989e-15
6.48897e-16
-2.13121e-17
-2.46558e-17
-1.35738e-18
5.7103e-17
-3.75085e-18
-3.40245e-17
-5.87769e-17
-4.64354e-17
-1.47565e-17
-3.43419e-17
6.2612e-18
-5.63273e-18
3.23328e-18
-2.9943e-17
6.23239e-18
-2.43892e-17
-1.83098e-18
-5.44764e-17
3.04811e-17
-3.85778e-17
-1.61075e-17
-7.1789e-17
6.45903e-17
-1.19449e-17
-3.97755e-18
2.89045e-18
-6.48828e-17
2.42688e-17
4.6326e-17
-6.29084e-18
5.76427e-18
1.92303e-17
2.36882e-17
2.41037e-17
2.0006e-17
4.79912e-18
8.33588e-18
3.89238e-17
-9.82657e-18
-4.15254e-18
-1.91441e-17
-2.67618e-18
1.52445e-17
1.094e-17
1.21453e-17
1.24139e-17
-1.50174e-17
-1.28345e-17
-6.70046e-19
-3.00231e-17
-9.14994e-10
5.36814e-8
-6.33951e-8
-7.54995e-8
7.00809e-8
-8.14042e-8
7.66613e-8
5.52223e-8
-6.76492e-8
7.37075e-8
-2.88457e-8
3.92354e-8
-5.45959e-8
-1.18397e-9
1.1401e-8
1.37547e-8
-3.74545e-8
-4.72962e-8
-1.27618e-8
3.60536e-8
8.55437e-8
1.42339e-10
3.20072e-10
-9.49275e-10
3.51494e-9
-4.46082e-9
1.85039e-9
-2.65934e-9
1.39579e-8
-8.68237e-8
5.64462e-8
5.89364e-8
-2.18567e-8
-3.21228e-8
-6.31472e-8
-3.61299e-8
7.44018e-8
5.27947e-8
2.83053e-13
-6.01829e-12
-6.54808e-13
-5.28095e-11
6.33307e-11
3.56455e-11
-1.02906e-7
3.09329e-8
1.21306e-8
3.44201e-7
1.60453e-7
-4.99306e-7
-8.41966e-8
4.96735e-13
7.06613e-14
-2.16527e-13
4.76652e-12
1.04192e-7
-3.71074e-7
-5.27697e-8
1.30435e-7
-1.56069e-15
2.03752e-14
-2.56074e-14
-2.05058e-13
3.73587e-8
-1.37202e-7
-1.03943e-8
3.31959e-8
-4.55469e-16
-6.84069e-16
4.75753e-15
-1.68416e-14
1.03725e-9
-4.47036e-8
1.41334e-8
2.40262e-8
1.56465e-16
-9.60354e-17
-1.06512e-16
-2.7765e-16
2.37608e-16
7.57577e-16
1.7503e-9
-2.45257e-8
-5.67768e-8
7.79523e-8
-2.67738e-9
6.71103e-9
1.95591e-9
9.21483e-16
-7.91483e-16
1.19588e-16
-9.12231e-15
1.3361e-14
4.99722e-16
-3.59588e-11
-1.07291e-9
-9.376e-9
1.34899e-9
-4.1891e-11
8.90366e-11
1.08618e-14
-2.79238e-14
-2.1413e-11
8.83011e-11
1.16902e-14
4.74621e-11
1.71407e-14
-2.72903e-14
9.18507e-15
-2.88166e-14
3.88074e-14
-1.35684e-14
-2.85877e-14
-1.31982e-11
8.84686e-12
-9.02194e-14
-2.52368e-11
-2.30872e-10
-5.76014e-12
2.54624e-12
-1.52836e-11
3.6152e-14
-3.43415e-14
3.25441e-14
-3.8139e-13
-1.40594e-13
-4.40297e-12
-3.88226e-14
3.30179e-14
-2.96011e-14
3.92402e-13
-8.98483e-13
4.09941e-12
6.06819e-14
-3.04115e-14
2.58068e-14
-6.67949e-13
1.42253e-12
-2.22385e-12
-1.77708e-14
-1.19486e-14
-4.1102e-14
2.57713e-13
7.96087e-15
1.44704e-15
-2.93248e-15
5.60839e-15
7.71437e-15
-9.18897e-15
1.86142e-14
-2.36441e-13
-3.11254e-12
9.9278e-16
-2.36936e-15
-1.9841e-14
3.26586e-14
-3.24749e-16
-1.89684e-16
3.45812e-14
1.17229e-14
-8.1218e-18
4.29672e-17
6.74101e-18
-3.44329e-18
-3.64529e-14
6.32589e-14
-7.33395e-14
1.0584e-13
-1.14906e-14
-2.5313e-17
-1.63634e-17
2.89092e-15
3.16292e-15
-3.36136e-17
-9.08912e-18
2.16478e-18
1.88678e-17
4.79679e-16
-1.28476e-15
-9.45182e-15
7.19282e-15
1.51328e-14
1.34228e-14
-3.58141e-17
-4.02449e-17
1.4485e-17
2.2647e-17
3.45706e-17
-1.61437e-16
-1.87957e-15
3.55613e-16
-1.71919e-17
-4.76835e-17
-2.80362e-17
5.50133e-17
4.46645e-18
-4.875e-17
-1.12628e-16
-5.39704e-18
1.53228e-17
-6.52184e-17
-1.93367e-17
6.96607e-17
-1.13011e-20
-2.91487e-17
-2.06421e-18
-2.55738e-17
3.0837e-17
1.31618e-17
-4.38701e-19
-3.7166e-17
1.76875e-17
6.43451e-18
1.22842e-17
3.10241e-17
-1.22781e-17
9.15159e-18
1.67877e-17
-8.03961e-18
6.48154e-18
2.54967e-18
3.2442e-18
-2.24805e-17
-7.90302e-18
2.5803e-19
1.62738e-17
-1.38811e-17
-1.23633e-17
-1.85824e-18
1.12815e-17
1.99446e-17
1.00494e-17
2.90764e-17
-1.4629e-17
-2.35199e-17
1.54267e-17
1.69366e-17
-1.56317e-17
-1.68545e-17
-9.07255e-18
-2.3792e-17
1.67791e-17
-5.45478e-18
-2.88451e-17
2.8148e-18
4.80904e-18
-1.04892e-17
1.61176e-17
-2.36018e-8
-8.2831e-8
9.01354e-8
-9.31658e-8
1.02207e-7
-7.3872e-8
7.28206e-8
4.81412e-8
-4.36843e-8
-8.56017e-9
1.43052e-8
-1.40119e-8
4.52769e-9
8.7476e-9
9.65415e-11
-5.5491e-9
1.14776e-8
-1.3569e-8
9.64736e-9
-9.1212e-9
3.68848e-8
-3.384e-8
1.66737e-8
2.41067e-8
-5.62258e-9
-2.06049e-8
-8.99671e-9
1.96575e-8
-5.38917e-11
2.26741e-10
-3.83148e-10
1.46716e-9
-3.26553e-10
-1.76013e-7
-9.29133e-9
5.61513e-7
2.7398e-7
-6.52012e-7
1.37327e-12
-2.81108e-12
-2.45893e-12
1.56613e-11
-1.35811e-11
-4.0316e-12
1.59477e-6
-4.63088e-7
-1.25249e-9
-2.0965e-6
-1.78589e-6
6.16146e-6
7.94584e-7
3.68685e-14
2.65841e-14
5.09361e-15
-1.06274e-12
1.62183e-8
-9.40408e-7
1.19514e-7
2.81899e-6
2.49345e-7
-2.15753e-15
-2.16361e-15
2.9696e-14
-5.04032e-16
-1.92265e-13
1.72373e-8
-3.32278e-7
2.13921e-7
8.46695e-7
1.03538e-7
2.90301e-15
-5.2827e-16
-1.72318e-16
-1.01757e-15
4.62099e-15
1.00079e-8
-8.2119e-8
-2.04683e-7
2.58953e-7
2.08362e-8
2.89211e-15
-1.9963e-15
2.35105e-15
-1.57399e-14
9.50471e-15
-1.08271e-15
1.17595e-9
-4.35379e-9
-3.15286e-9
5.54488e-9
-2.32154e-10
-4.77756e-10
1.93588e-14
9.57645e-10
2.50904e-14
-2.50464e-14
2.5342e-14
-5.56461e-14
3.6895e-14
-4.55886e-14
6.24628e-11
-7.62996e-11
1.12008e-10
-4.95932e-10
4.18826e-11
-2.44985e-10
5.43741e-14
-4.35979e-14
-1.13575e-11
1.22635e-11
-5.31368e-14
5.62301e-14
-5.24451e-12
2.59994e-11
7.72005e-14
-7.36247e-14
6.43524e-12
-8.15825e-12
-4.58264e-15
-1.25073e-15
3.41559e-15
4.25846e-16
-3.48678e-16
1.24501e-13
-3.77917e-13
1.57841e-12
-1.12354e-12
9.05595e-12
-1.17497e-16
2.17935e-17
-1.29121e-13
2.36007e-13
1.77678e-17
-3.50928e-17
7.73961e-18
1.69817e-17
-6.00316e-17
-1.07379e-13
1.43286e-13
-1.60106e-13
2.26519e-13
4.6653e-13
-2.61794e-17
7.14008e-18
1.00216e-17
-1.68232e-17
-2.94644e-17
-1.57966e-14
2.44891e-14
-3.00476e-14
3.69093e-14
2.15934e-14
-3.87569e-18
1.95603e-17
-4.84759e-17
1.99347e-15
-2.38855e-17
-2.95576e-17
-8.40876e-19
2.61611e-17
7.24143e-17
-2.10074e-16
5.49329e-16
-2.50868e-15
6.05674e-15
-6.24672e-18
-2.3935e-18
-1.4309e-17
2.9479e-17
-3.33289e-17
-1.54136e-17
1.99999e-16
-5.00193e-16
2.19199e-18
-5.08125e-18
-6.7499e-18
1.91918e-17
1.9207e-18
-2.46068e-17
2.53187e-17
-5.35172e-17
1.01236e-16
-4.66088e-17
-5.11666e-18
-2.99382e-18
5.29599e-18
8.40881e-18
2.19669e-17
2.0717e-17
3.71023e-18
-1.22281e-17
-1.93935e-17
-2.47299e-17
-3.30405e-19
-5.81577e-17
1.6504e-17
-5.06118e-18
9.59145e-18
6.07329e-18
1.43237e-21
2.49157e-17
-1.7933e-17
-3.17049e-17
-7.09473e-19
1.13137e-17
3.79089e-18
3.51275e-18
8.66121e-18
-1.73526e-17
1.57356e-17
6.78724e-20
-1.21909e-17
-8.42758e-18
1.6226e-17
1.32395e-17
-5.56672e-18
-5.10452e-8
-6.33513e-8
4.252e-8
6.90079e-8
-1.83832e-8
-5.53874e-8
1.88693e-8
4.67075e-8
-1.75938e-8
-2.74865e-8
5.77143e-9
-1.06845e-8
-2.43999e-9
-1.91683e-8
2.66448e-8
-3.73463e-8
2.9665e-8
-2.6215e-8
4.73966e-8
-9.51989e-9
8.05979e-9
5.28207e-9
-1.37307e-9
-1.0017e-8
-1.65029e-9
4.42052e-9
-8.90876e-11
1.55511e-9
-1.5764e-9
7.24269e-9
-1.78623e-9
-7.41245e-8
1.7937e-8
-1.88801e-8
3.53834e-9
2.27511e-8
1.13633e-11
-6.77303e-11
9.95794e-11
-2.81312e-10
8.53264e-11
2.04665e-6
3.71937e-7
-1.72264e-6
-2.99114e-6
7.73101e-6
1.78303e-12
-6.88447e-12
1.19928e-11
-7.06794e-6
-5.83434e-6
2.0074e-5
3.83265e-13
-1.69254e-12
4.00293e-12
-2.99686e-6
6.89859e-7
8.46645e-6
5.77256e-14
-1.66775e-14
-4.37385e-13
-5.27431e-15
1.13271e-12
1.73234e-7
-1.13189e-6
5.42243e-7
2.14423e-6
2.74709e-7
-2.59936e-15
-9.21573e-15
3.73109e-14
2.60938e-15
-9.00823e-14
-1.74859e-8
-1.47382e-8
-9.75698e-7
-1.78812e-7
2.37252e-9
2.04632e-14
-1.12729e-14
5.90784e-15
-5.5219e-14
3.29176e-14
-3.23453e-15
1.17807e-8
-4.567e-8
-1.50851e-8
7.60609e-8
-5.43936e-9
1.34923e-8
5.59953e-14
5.59784e-9
5.37379e-14
-5.62375e-14
4.99935e-14
-8.99759e-14
-8.72253e-14
6.91563e-14
6.63598e-14
-9.59694e-14
1.19043e-9
-3.83827e-9
2.24512e-10
-2.33398e-9
7.32301e-14
-5.65887e-14
-6.87111e-14
-1.73942e-10
7.41889e-10
-7.81808e-14
4.31166e-14
6.69375e-14
4.73413e-11
-8.01691e-11
6.91741e-14
-1.98059e-14
-8.12691e-14
-1.30581e-11
-2.28174e-11
-8.04234e-15
-2.60119e-15
5.26641e-15
5.61444e-16
-6.67685e-16
5.37718e-14
9.68724e-13
-3.94612e-12
-6.68413e-17
1.37155e-16
-7.03625e-13
1.27252e-12
-1.26899e-17
-2.33734e-17
-4.03339e-17
-1.26456e-17
-2.28735e-17
-2.17511e-13
2.69098e-13
-5.06443e-13
5.56258e-13
-1.79332e-12
-3.05508e-17
-3.25606e-17
3.18389e-18
6.7474e-18
-1.84181e-17
-3.90454e-14
5.32934e-14
-6.76437e-14
9.04659e-14
1.88901e-13
2.02656e-17
3.49232e-17
-5.28889e-17
-4.61929e-18
2.78958e-15
-9.08583e-15
1.75216e-14
1.81295e-17
-2.20059e-17
-2.67511e-18
-6.07391e-17
5.99891e-16
-1.95524e-15
-5.17608e-17
3.4115e-17
4.34076e-17
2.10816e-17
3.83413e-16
-7.38349e-16
8.22522e-16
-1.53818e-16
-4.041e-17
-3.97017e-18
2.25724e-18
2.0717e-17
1.45893e-17
-1.19731e-17
-3.48066e-17
1.24582e-16
-9.15127e-16
2.09767e-15
-3.36935e-18
1.85549e-17
-1.18823e-17
1.88583e-17
6.31555e-18
1.01184e-18
-7.22671e-18
1.16479e-18
-9.20661e-18
6.36843e-19
6.82097e-18
3.29513e-18
9.04277e-18
5.99457e-18
-2.51521e-19
4.06385e-18
1.65302e-17
2.35799e-17
2.70501e-17
-9.59249e-18
1.43468e-17
-1.40771e-17
-1.68793e-17
8.1595e-19
3.68301e-18
-1.45533e-17
-7.76042e-18
1.03501e-18
-2.54294e-18
1.51977e-17
3.19091e-17
-1.57559e-8
-2.33456e-8
1.43334e-8
3.09403e-8
-1.23433e-8
1.13142e-8
-3.54308e-8
8.17997e-9
1.30335e-10
-1.14032e-8
1.31366e-8
-9.67148e-9
9.79827e-9
1.76897e-8
-2.27011e-8
-9.34031e-9
3.78761e-9
1.01727e-9
4.89199e-10
-1.23189e-9
4.62249e-10
2.25711e-9
-2.72702e-9
7.47387e-9
-4.27703e-9
-4.35828e-9
8.62318e-10
-6.5506e-10
-1.13022e-9
4.51203e-9
-1.93376e-11
-1.29772e-10
9.06404e-11
-6.52987e-10
1.7573e-10
-9.96236e-8
-2.09084e-8
2.55141e-6
2.27281e-7
-1.39984e-6
-3.60405e-12
-6.196e-12
3.40301e-11
-6.06854e-6
-1.12576e-5
2.63686e-5
-1.01236e-12
-2.25945e-12
8.89264e-12
-2.33134e-5
-1.89362e-5
6.70086e-5
-2.77092e-13
-6.69475e-13
2.53627e-12
-8.13061e-6
2.4417e-6
2.25779e-5
-6.97009e-14
2.87821e-13
-1.98201e-13
7.62277e-14
7.43425e-13
1.36689e-6
-6.3162e-6
9.79165e-7
1.31893e-5
2.35075e-6
8.86152e-16
-1.93701e-14
1.51124e-14
5.57369e-15
-5.49974e-14
4.75967e-8
-2.76421e-8
2.99991e-7
-7.77669e-10
-1.23337e-7
7.12474e-14
-3.83128e-14
1.80719e-14
-4.0228e-14
-1.19463e-13
8.39765e-14
-1.20544e-14
7.84833e-8
-2.51201e-7
-8.5595e-8
2.73677e-7
-6.21832e-7
1.12865e-13
2.76183e-8
-1.76804e-8
-2.45807e-8
1.2171e-8
-1.98449e-9
-2.62923e-10
2.77538e-10
9.01659e-16
1.82077e-11
-6.76175e-11
-8.78896e-16
-5.45507e-18
-8.82231e-12
1.61087e-11
1.21907e-16
-1.23738e-16
5.16567e-12
-2.22379e-18
-4.68863e-17
5.76397e-12
-2.82485e-11
1.54185e-17
-6.50375e-17
-2.53511e-17
1.424e-17
-2.62644e-13
-2.34896e-13
-2.59838e-13
-3.33847e-17
-3.70998e-18
9.32866e-18
-1.31746e-17
-3.12535e-17
-7.94781e-14
7.92045e-14
-2.12705e-13
2.80936e-13
-1.30681e-12
1.42689e-17
5.49551e-18
-4.76256e-17
-2.23814e-17
1.35751e-14
-5.19955e-14
1.15392e-13
2.43735e-17
-5.82566e-17
-3.47497e-17
9.04897e-17
-8.57803e-17
4.09725e-15
-8.1987e-17
5.23642e-17
5.6814e-17
-3.63786e-15
2.92559e-15
8.12985e-16
3.14592e-17
-8.6127e-17
1.07973e-17
1.02494e-17
-2.24051e-16
1.62773e-15
-5.12862e-15
1.03246e-14
-1.21154e-17
-1.3318e-17
1.82617e-17
7.05586e-18
2.73263e-17
3.33462e-18
2.13266e-17
3.17799e-17
1.84108e-16
-1.24541e-15
4.07756e-18
1.32279e-17
1.51809e-17
1.98955e-17
2.66805e-17
5.25584e-18
1.70114e-17
3.84179e-19
-3.28282e-17
-9.0887e-18
-3.45169e-18
-2.55564e-17
-8.4593e-18
1.65057e-17
2.52999e-17
6.20322e-18
-1.35564e-17
-4.55091e-18
2.9844e-17
1.7275e-17
-9.53702e-19
-3.33459e-18
-1.98145e-17
-5.61054e-18
-2.0559e-17
-7.68277e-9
2.35518e-9
2.12597e-8
-4.58844e-8
2.42553e-8
-3.80161e-8
7.37285e-8
5.01452e-8
-9.15865e-8
-4.85015e-8
8.8619e-8
3.6871e-8
-7.05703e-8
-2.61232e-8
4.0838e-8
2.44116e-8
-2.74417e-8
2.30291e-9
-7.12672e-10
-1.9101e-9
-2.54675e-10
1.89436e-9
4.18169e-9
-1.83539e-9
-8.14412e-9
5.30809e-9
-2.87161e-9
-8.21693e-9
5.19583e-10
-1.14423e-10
-1.50157e-10
7.29654e-10
-9.49993e-10
-6.51491e-11
-2.26694e-11
1.25673e-11
-2.94198e-11
-5.3274e-10
1.54769e-10
-1.91396e-8
-8.13582e-8
1.64015e-7
-1.06116e-11
-1.59469e-12
1.93741e-11
1.19144e-5
6.99784e-7
-7.49266e-6
-3.221e-12
8.84485e-13
2.64176e-12
-2.06101e-5
-4.53485e-5
7.59051e-5
-9.37531e-13
3.06416e-13
8.19222e-13
-7.32473e-5
-5.36791e-5
0.000240391
-2.68485e-13
8.72118e-14
2.32468e-13
-4.82849e-5
-1.72013e-5
0.000134613
-4.36457e-14
1.8572e-13
1.84352e-14
7.12335e-15
3.74066e-14
6.02029e-14
-4.19596e-6
1.54593e-5
1.67869e-6
-1.20174e-5
-1.00701e-14
-5.69812e-15
8.10039e-16
2.62435e-15
2.43208e-14
-8.98788e-15
4.836e-7
-3.94356e-6
5.7246e-7
-2.252e-6
6.19178e-6
1.53678e-6
-7.92071e-14
1.03551e-13
-7.27082e-14
6.1444e-14
9.30412e-14
-1.13085e-13
4.71351e-14
-3.66074e-7
1.56911e-6
1.26076e-7
-2.703e-7
8.81892e-7
-8.55466e-14
9.3625e-14
-3.27884e-8
5.16068e-8
6.68752e-14
-7.83795e-14
2.46647e-10
2.6446e-8
-3.87997e-14
4.64684e-14
3.2671e-9
-1.79444e-8
1.61279e-14
-2.31589e-14
-1.52607e-9
5.89536e-9
-3.51913e-15
4.62388e-15
3.28032e-10
-7.12425e-10
6.4344e-16
-4.93878e-16
-1.43503e-10
2.4211e-10
2.75263e-17
1.99811e-16
1.54423e-10
-7.43966e-17
2.89343e-17
-7.29743e-12
-6.91284e-10
1.14861e-16
1.16482e-16
-3.82088e-14
-2.09206e-11
-9.41692e-12
-4.72265e-17
2.35259e-17
7.07723e-12
2.56139e-17
-3.39195e-18
-1.21028e-12
-2.98293e-11
-3.84576e-17
2.81356e-17
3.87832e-17
-1.55611e-17
-5.07087e-13
1.46213e-12
-5.67554e-18
-6.23742e-18
-4.60504e-13
2.84925e-12
-3.76229e-17
9.32176e-18
-2.84966e-17
6.62491e-14
1.84719e-17
-7.24479e-17
-6.53384e-17
-2.1976e-15
-2.16121e-14
5.99641e-14
-7.4972e-17
4.99406e-17
5.60308e-17
-1.55943e-14
1.80111e-14
3.1867e-14
6.22555e-17
-9.43373e-17
-8.39621e-18
7.57791e-15
-2.39116e-14
3.41666e-14
1.3154e-17
9.20856e-18
8.00508e-18
1.1719e-17
5.04169e-18
-2.86136e-17
3.39613e-17
9.73878e-16
-4.60372e-15
1.80432e-17
1.22907e-17
1.78877e-17
2.21687e-17
1.43954e-17
3.27927e-18
-3.19582e-17
-8.49433e-18
2.34995e-18
-4.51974e-17
-4.99118e-18
5.63209e-17
9.77376e-18
8.41644e-18
-2.11939e-17
1.93642e-17
-6.82875e-18
-1.92823e-17
-4.86759e-18
1.38735e-17
1.0841e-17
-1.25714e-18
2.96943e-18
-4.33964e-17
-4.83011e-18
9.96921e-19
-1.16848e-17
2.06423e-17
-3.45633e-17
1.08421e-17
7.2362e-18
1.70505e-17
4.93691e-18
-2.55673e-17
1.12618e-17
2.59942e-18
4.99228e-8
-8.12563e-8
-1.06728e-7
1.61956e-7
1.41117e-7
-2.18404e-7
-1.42535e-7
2.35213e-7
1.24711e-7
-2.25668e-7
-7.9122e-8
1.04192e-7
4.02351e-8
-4.4828e-8
6.90816e-10
9.01611e-9
-1.32609e-9
1.1014e-9
-2.74558e-10
9.03987e-9
-1.71352e-9
-1.56911e-8
1.34552e-9
-1.51581e-9
-2.09177e-10
-2.97141e-11
9.97062e-10
-1.36039e-9
6.80795e-10
-2.24389e-10
1.34986e-9
-5.51793e-10
-8.02188e-10
1.91901e-8
-2.19318e-8
2.53533e-8
-7.17609e-12
-4.29456e-12
1.60647e-12
-3.88098e-11
7.58531e-12
-7.71e-9
-7.79733e-7
5.772e-6
-1.0411e-12
5.52825e-13
1.797e-12
7.76498e-5
-5.58357e-6
-3.68126e-5
-3.30796e-13
2.32693e-13
-2.56747e-14
-0.000105921
-0.000438467
0.000540907
-9.23165e-14
7.52595e-14
-9.75549e-15
-0.000453365
-0.000942268
0.00123009
-1.12574e-14
1.44395e-14
-2.22564e-15
-1.43013e-15
-4.2608e-5
0.000112296
6.26218e-5
-0.00028387
9.21246e-16
1.22478e-14
-2.63358e-15
-4.75068e-15
2.37357e-5
-0.000113205
-2.95035e-5
0.000124114
2.14336e-14
-2.56843e-14
1.1234e-14
-9.64083e-15
-4.23906e-14
-4.17519e-15
-4.4335e-6
2.66555e-5
-3.80402e-6
1.14321e-5
-2.83135e-5
-3.51457e-6
3.37623e-14
-6.50538e-14
4.99907e-14
-2.94046e-14
-4.17806e-14
2.15536e-14
6.52029e-14
-4.61363e-14
6.45037e-8
-1.07345e-6
-1.76448e-7
7.91474e-7
3.29609e-14
-1.88459e-14
-5.03383e-14
7.3791e-8
-2.43456e-7
-1.89579e-14
1.14384e-14
2.88659e-14
-1.96474e-8
5.50671e-8
7.80156e-15
-4.74362e-15
-1.18314e-14
2.98332e-9
-9.35323e-9
-2.33266e-15
1.32137e-15
3.00454e-15
-2.91879e-9
9.30134e-9
6.22661e-16
-2.73028e-16
-6.80423e-16
9.12887e-10
1.17453e-9
-2.71933e-17
2.19575e-17
-1.1741e-16
6.87904e-11
-7.22559e-10
8.41095e-10
4.22054e-17
-9.90117e-17
2.05351e-10
2.61939e-17
-6.75832e-18
-7.59657e-11
-8.20505e-10
-1.8491e-17
-1.21263e-17
-1.47241e-11
5.76878e-11
-1.63237e-17
-7.03223e-18
-1.21107e-11
7.87473e-11
8.16369e-18
-2.4109e-17
-2.39795e-13
1.72577e-12
-1.71561e-17
2.09311e-17
-2.74628e-13
1.50099e-12
8.19756e-18
-4.96592e-17
-2.50398e-17
-2.96961e-14
-1.93205e-17
3.311e-17
5.63471e-17
-1.05691e-13
-2.31467e-14
2.31106e-13
4.20718e-17
-5.88967e-17
-2.70794e-17
4.65461e-14
-2.16832e-13
2.75387e-13
-2.21123e-18
-2.9277e-17
2.33211e-17
-9.53446e-19
-1.84741e-16
-3.40028e-17
7.43024e-15
-3.55853e-14
1.5833e-17
2.30372e-17
5.50702e-18
8.02461e-18
-7.02691e-18
-8.42325e-19
2.03584e-17
2.29249e-16
1.33068e-18
4.72937e-18
-2.74714e-18
1.82181e-17
2.43088e-17
-3.18484e-18
-1.39008e-17
-1.61579e-17
-1.01661e-17
-3.12587e-17
-8.05129e-18
-5.73757e-18
-1.69459e-17
3.73101e-18
-1.16607e-17
2.54355e-18
5.52394e-18
9.6211e-18
1.02741e-17
4.11314e-17
6.96128e-17
-8.83573e-17
-9.43602e-17
9.85433e-17
4.06704e-18
-1.07901e-18
7.41948e-18
-2.46501e-18
-1.79656e-17
-2.73958e-17
2.42385e-17
-8.80269e-9
5.66551e-9
2.57642e-8
-5.51029e-9
1.48278e-7
-5.38682e-8
-2.70009e-7
3.57558e-7
-4.15103e-7
4.96617e-7
-1.74798e-7
9.04251e-8
-7.91476e-9
-1.29774e-9
8.69866e-9
2.02911e-8
-2.78308e-10
-3.13498e-9
-6.68878e-10
3.14375e-10
4.36439e-10
1.02571e-10
-1.19056e-9
8.54638e-9
3.88601e-9
-2.91881e-8
6.47834e-11
-1.58449e-11
1.97209e-10
-6.34351e-11
1.09093e-7
-1.83758e-7
-5.14797e-7
2.70857e-6
-6.88258e-13
-4.81437e-13
3.67288e-14
3.22117e-13
-9.20473e-13
-2.08003e-13
-1.49415e-5
7.80055e-5
2.80799e-5
-5.84215e-5
-1.13054e-14
1.3636e-13
-9.10371e-14
-2.42748e-14
0.000660778
-0.00176455
-4.03258e-16
1.56654e-14
-2.62041e-14
1.20366e-14
0.000726664
-0.00448208
1.59695e-15
-3.3939e-15
2.65744e-15
-1.6555e-15
-0.000190168
-0.000209733
0.0011009
-0.0037865
1.49048e-15
3.60656e-15
-1.01196e-15
-7.45096e-16
0.000462364
-0.00164416
-0.000471552
0.00159201
3.80522e-15
1.07009e-15
-1.29128e-15
1.63873e-16
-9.9535e-5
0.000372801
6.73488e-5
-0.000262285
-1.52109e-14
3.37322e-14
-1.36891e-14
8.72647e-15
2.30665e-14
-6.88436e-15
7.00515e-15
6.40163e-6
-1.27265e-5
3.14786e-6
-9.97536e-6
2.80281e-6
-1.13721e-5
-2.52135e-6
6.33837e-7
-1.3311e-7
3.15456e-8
-2.84201e-8
-1.26917e-8
-1.76888e-17
-3.205e-9
-4.22065e-18
8.51565e-18
-9.40619e-18
7.55078e-17
1.89842e-9
-9.08844e-10
-4.92194e-9
3.82275e-8
-1.93266e-17
4.32112e-18
5.51702e-18
-4.51668e-10
1.82305e-9
-2.88698e-18
9.89933e-19
-3.35464e-10
2.18016e-9
-1.37336e-17
-1.63306e-17
-9.0398e-12
5.5406e-11
-2.18424e-17
4.43322e-18
-8.26528e-12
5.51486e-11
1.69639e-18
-1.19318e-17
-4.01574e-14
1.15032e-12
1.22715e-18
1.25418e-17
-7.18768e-18
-5.97808e-13
6.82841e-13
1.32737e-17
1.82054e-18
5.48056e-17
-4.57441e-19
-3.32515e-13
-8.51918e-13
6.48416e-18
-1.12225e-17
-3.54382e-17
-9.58003e-18
3.51977e-13
-7.84196e-13
-1.29675e-17
-3.81005e-17
-1.29177e-17
-8.8705e-18
-5.01828e-15
2.07212e-14
1.22799e-14
3.13184e-18
1.94905e-17
1.59758e-17
1.04932e-17
-1.4839e-16
2.76251e-17
8.5459e-16
1.01933e-14
-2.78076e-18
-8.79914e-18
-1.47121e-17
-9.71108e-19
-1.42533e-17
-2.43087e-17
-1.76205e-17
-1.72459e-16
-6.34238e-18
2.19942e-17
1.70953e-17
2.59901e-17
2.35837e-17
5.20216e-17
5.00003e-17
-1.30296e-16
-1.79748e-17
-1.2277e-17
-3.91027e-18
3.14019e-17
-2.37491e-17
1.48043e-17
-1.06541e-17
-2.0274e-17
1.51017e-17
-1.23884e-17
-2.29997e-17
-7.52018e-17
8.65658e-17
-1.34151e-7
1.24822e-7
3.68381e-7
-7.02844e-7
-5.87639e-7
1.07654e-6
6.81131e-7
-1.35605e-6
-1.11804e-6
1.61125e-6
3.02593e-7
6.18213e-8
-2.0519e-7
6.15762e-7
-5.87505e-8
5.25803e-8
-1.87798e-9
2.94493e-10
-6.34165e-9
4.80722e-9
1.94063e-8
-1.02366e-7
1.28411e-8
-1.82644e-9
1.98163e-8
-1.77322e-8
-1.16075e-10
4.31593e-11
-1.38579e-10
1.88361e-11
1.38307e-8
6.21181e-8
-1.44029e-7
1.59402e-7
3.47347e-12
-2.11311e-12
1.71338e-11
-2.5488e-12
3.61242e-7
-1.92515e-6
-1.26838e-6
3.61067e-6
1.34035e-12
-0.000287348
-3.00955e-5
0.000207152
-6.77771e-13
-0.000701009
0.00117376
-0.0016895
2.52104e-13
0.00276993
0.00984924
-0.0112992
-2.89398e-14
0.0135818
0.0155543
-0.0307511
2.88026e-16
4.85101e-16
2.14251e-16
-1.4453e-16
0.0051433
-0.0143315
-0.00477873
0.0127268
2.93477e-16
-2.97889e-16
-5.6923e-17
3.29709e-16
-0.00124291
0.00368981
0.000862936
-0.00250031
-3.64193e-15
-2.79189e-15
1.492e-15
9.31184e-16
0.000155174
-0.000489706
-0.000102921
0.0002699
5.42411e-5
-8.84431e-15
1.69407e-14
-9.10165e-15
5.39439e-15
1.03524e-14
-3.20734e-15
-1.82036e-14
7.49222e-15
7.50785e-6
-2.15494e-5
-1.12329e-6
-8.34776e-7
-7.99338e-15
3.80619e-15
1.27952e-14
2.62153e-7
-4.94358e-7
4.91782e-15
-3.47787e-15
-7.52529e-15
-6.0145e-8
4.92498e-8
-3.33364e-15
3.11534e-15
3.41711e-15
-4.79259e-9
1.27072e-7
9.25263e-16
-8.89517e-17
-9.03717e-16
1.58332e-7
-5.87639e-7
-2.65074e-16
9.57785e-17
1.44745e-16
-3.23623e-8
-1.65621e-7
5.70822e-17
-2.27129e-17
4.04417e-8
-4.83993e-8
-1.17383e-17
-1.22238e-8
1.98665e-19
-6.26297e-18
-8.95149e-9
5.17788e-8
1.16314e-18
-1.03376e-17
-3.4279e-10
1.69854e-9
-1.19874e-17
-4.38243e-18
-2.2698e-10
1.94814e-9
-6.82242e-18
5.59634e-18
-3.92153e-12
2.90205e-11
-4.21153e-18
2.26962e-17
-1.36615e-11
5.77097e-11
-5.4294e-18
3.84849e-12
7.33327e-18
2.32708e-12
1.01643e-12
-3.60886e-12
2.91542e-18
-5.42476e-13
4.97814e-12
-6.20747e-12
-6.99657e-18
-1.07618e-13
3.53731e-13
-4.49966e-13
6.95266e-18
5.97424e-18
-2.16192e-17
-1.17722e-15
2.83688e-16
3.93476e-15
-2.72453e-14
1.2069e-13
-1.40705e-18
4.92155e-18
-1.12824e-17
1.67435e-18
1.08866e-17
-1.29384e-17
1.1044e-18
-1.09072e-15
-3.06891e-17
9.04375e-18
-1.74107e-17
5.77623e-18
1.8078e-17
-9.70436e-17
-2.02734e-17
-1.42729e-17
1.68525e-17
2.33482e-17
1.16771e-17
1.34574e-18
-1.28334e-17
-1.65812e-17
-3.52223e-18
-6.53814e-18
-5.50714e-17
1.23741e-16
1.89996e-16
-2.02686e-16
-2.17001e-16
1.40011e-16
-5.15266e-17
-2.4029e-17
-1.01278e-17
-3.47753e-17
7.6839e-17
-1.43079e-18
-2.34125e-17
-9.36389e-9
-4.66803e-9
-5.34423e-9
1.32216e-7
-5.77443e-7
7.50611e-7
-1.84566e-6
1.21738e-6
1.80543e-6
-1.74547e-6
-1.43904e-6
1.01765e-6
-6.7919e-7
1.44968e-6
3.9421e-7
-8.9545e-7
2.4855e-8
-1.61326e-7
3.10374e-10
-1.40355e-11
-2.12749e-9
-1.26371e-9
9.72777e-9
5.97884e-8
2.13713e-7
-3.93001e-7
-1.26212e-11
-7.43198e-11
-6.90335e-12
2.30932e-10
8.95855e-7
-1.5786e-6
-5.38519e-6
1.60595e-5
-2.06844e-12
-2.63595e-12
3.04466e-11
-6.8118e-12
2.13345e-11
-1.05949e-10
-1.91668e-5
-0.000192848
0.000163032
0.000248952
-1.30105e-12
4.20678e-12
-7.68853e-12
4.65527e-12
-0.00200539
0.00758226
1.19414e-13
-4.43316e-13
-4.82711e-13
-1.4909e-13
-0.0102315
0.0445702
5.52852e-15
4.49173e-14
-2.03388e-13
3.16715e-14
-0.0179172
0.0528024
-2.96611e-15
1.7574e-16
-3.47212e-14
2.00524e-14
0.0336797
-0.0669495
-0.0298948
0.0615905
8.83369e-17
-5.81138e-16
-4.63639e-16
2.10732e-15
-0.00978183
0.0226591
0.00658221
-0.0154738
-5.42364e-16
-2.73974e-16
1.55066e-16
3.13737e-18
0.00132088
-0.00343775
-0.000567288
0.00190479
2.33228e-15
-4.47234e-15
1.65022e-15
-1.11691e-15
-3.77008e-15
9.053e-16
-8.44559e-16
-0.000170833
0.000456382
6.53534e-5
-8.07087e-5
-1.60353e-15
-4.05178e-6
1.3763e-15
6.83235e-6
2.17987e-6
-1.64454e-6
2.61652e-9
-1.42529e-7
2.5453e-16
-2.13808e-16
6.83343e-7
-1.16139e-6
4.59861e-6
2.74832e-17
3.04827e-17
2.15805e-7
-5.40958e-7
2.85354e-17
-3.88698e-17
-4.87143e-18
-2.24215e-7
3.4059e-7
2.31413e-17
-1.09906e-18
2.20786e-17
-1.04705e-8
4.38504e-8
2.83231e-18
1.18801e-17
-7.75631e-9
5.83421e-8
-2.58559e-18
-4.9361e-18
-2.35857e-10
6.55311e-10
1.17945e-17
8.4891e-18
-4.81889e-10
3.39862e-9
-1.13513e-17
1.08732e-17
-2.21874e-12
6.12895e-11
-1.82182e-17
-5.54629e-17
3.18044e-17
2.52882e-11
-1.8903e-10
9.09892e-18
-1.49488e-17
4.01268e-18
8.3733e-18
4.04136e-12
3.80543e-12
-1.21852e-17
-4.03261e-17
-2.28699e-17
3.21693e-17
-5.56391e-12
2.0459e-11
-5.60608e-18
-8.78773e-18
-1.74236e-18
2.37755e-17
-7.92905e-13
2.57893e-12
-4.13787e-17
3.00842e-17
7.14766e-18
-1.41182e-17
-2.6257e-15
-3.99456e-14
-2.04629e-14
-2.66733e-18
-1.62901e-17
-2.51315e-17
3.41638e-17
-2.61103e-16
1.94307e-16
3.65103e-15
3.95073e-14
-3.16129e-17
5.01938e-17
-3.52699e-19
-9.58108e-18
2.47142e-17
-2.68603e-17
-8.62112e-17
-1.24382e-15
-4.82233e-17
1.80252e-18
3.44396e-17
-2.40442e-17
3.43211e-17
4.7817e-16
2.41915e-16
-6.38947e-16
4.70174e-18
3.30206e-17
-2.7045e-17
-4.38964e-17
2.93665e-18
-1.22023e-17
-1.20824e-17
5.35407e-17
-5.00817e-17
-1.44771e-16
2.10675e-16
-6.71691e-16
5.89675e-16
2.46888e-6
-3.84385e-6
-3.61624e-6
3.53617e-6
2.63831e-6
-2.81284e-6
-3.13739e-7
-1.47709e-6
4.49197e-9
-1.74706e-9
-1.40656e-8
-3.13416e-8
1.2736e-6
-4.38922e-7
-1.74794e-6
1.51033e-6
2.83845e-6
-3.48218e-6
8.2981e-7
-8.95586e-7
-2.17201e-7
8.79265e-8
-7.34191e-10
8.50913e-10
2.93433e-9
5.08409e-10
-8.54564e-7
2.12491e-6
3.69478e-6
-8.78255e-6
2.72724e-10
-1.16845e-9
4.33675e-10
-4.44637e-10
2.75931e-9
2.75381e-5
-8.99574e-5
0.00014098
-0.000114712
-0.000143847
-1.48809e-10
0.000559007
6.01109e-11
0.000644065
-0.00319995
0.00731977
-1.19002e-11
-0.0119921
-0.0253189
0.0489523
1.71614e-12
-0.106332
-0.111023
0.188847
1.80249e-13
-1.19323e-14
0.117712
-0.108137
1.58969e-15
-7.95229e-15
6.19097e-15
-5.74619e-15
-0.0472687
0.0883579
0.0287436
-0.0673096
-7.8359e-17
1.80181e-16
2.56026e-17
-5.9436e-16
0.00775085
-0.0175856
-0.00354324
0.0090271
4.97552e-16
2.01264e-16
-1.80088e-16
1.23433e-16
-9.39038e-17
-0.0011718
0.00239848
-0.000348363
-1.68121e-16
7.12715e-5
2.91899e-5
-6.09026e-5
-1.06921e-5
1.48596e-15
-2.55118e-15
1.39873e-15
-1.11037e-15
-2.15566e-15
8.42534e-16
2.36346e-15
-1.31337e-15
-8.27394e-6
3.19776e-5
1.18542e-5
-1.73771e-5
1.67937e-15
-4.22859e-16
-2.04857e-15
-1.07821e-5
8.18651e-6
-3.12787e-16
-1.12609e-16
-2.17181e-8
-7.38148e-7
-2.92652e-17
1.58411e-16
-1.07068e-6
2.04867e-6
-2.37925e-6
1.03915e-16
-4.67159e-17
-2.84146e-7
3.26767e-7
-6.91338e-18
2.37106e-17
-6.05993e-18
-6.1985e-9
2.23741e-8
9.85575e-18
-9.26569e-18
-2.04071e-8
4.70798e-8
-3.52958e-19
1.01486e-17
8.1955e-10
-2.56179e-9
3.713e-17
-3.0502e-17
-2.82996e-18
1.99014e-9
-9.57058e-9
4.96448e-18
1.44651e-10
-4.41121e-10
-2.06996e-17
-7.46277e-11
4.39261e-17
-1.55972e-12
-7.50091e-11
1.56819e-10
4.04852e-17
7.64569e-13
-1.11045e-11
2.48544e-11
5.76412e-19
-3.97626e-17
1.93031e-13
-9.07283e-13
2.45735e-12
9.02235e-17
6.25426e-18
-1.33812e-16
-2.12588e-14
6.55472e-15
3.63938e-14
-5.05788e-14
1.90814e-16
5.05444e-18
-2.37158e-17
1.22099e-16
5.46857e-16
-2.23935e-16
-2.29743e-15
-2.87164e-14
-2.15033e-16
5.94872e-17
1.04171e-16
-1.35794e-16
1.34652e-16
-4.86715e-16
2.12201e-17
8.44864e-16
-1.12627e-17
5.01396e-17
-3.95288e-17
2.6231e-17
-1.53351e-17
-5.33292e-18
5.22207e-17
-1.59365e-16
-1.46971e-16
2.40453e-16
3.61895e-16
-5.60964e-17
1.50307e-15
-1.11727e-15
4.41567e-16
7.90815e-17
-9.12969e-17
-2.15461e-6
4.12879e-6
3.26745e-6
-6.2998e-6
7.2367e-6
-7.29021e-6
6.07756e-6
7.44506e-6
-7.85139e-6
-5.06719e-6
5.24349e-6
1.31233e-6
2.2648e-6
-1.40035e-8
7.01689e-9
4.11935e-9
1.10699e-7
-2.63769e-8
3.10743e-7
2.94822e-7
2.00167e-6
-4.62188e-6
5.34791e-7
-1.39273e-6
3.65468e-8
4.56849e-7
-2.94922e-6
-3.07316e-9
8.92064e-9
-4.56919e-9
7.88229e-10
-1.03139e-5
8.95988e-6
4.50049e-5
-1.20018e-5
8.66392e-5
2.16945e-9
-0.000373833
-1.76368e-10
3.9793e-10
-8.55738e-10
3.35774e-10
-9.84157e-10
2.09848e-9
0.000713653
0.00945381
-0.00650553
-0.0134901
-1.88455e-11
6.94598e-11
-8.08242e-11
2.43495e-11
0.0428369
-0.057133
-1.89716e-12
5.52335e-12
-7.21049e-12
3.76019e-12
0.134469
-0.211911
-1.51582e-14
-9.58784e-14
3.75942e-13
-1.00332e-13
-0.184404
0.22836
0.158787
-0.19798
-8.48551e-15
8.45159e-15
-0.122716
0.0886988
2.98652e-16
1.6707e-15
-3.47201e-15
1.38457e-15
-2.69905e-16
0.0299144
-0.0437262
0.0133593
-0.0147034
2.50537e-17
5.42524e-17
1.84442e-16
-1.24344e-16
3.29201e-17
-0.00481771
0.00744818
-0.00188578
-3.42295e-17
0.000434573
0.000127571
-0.000407893
-5.64586e-16
1.01415e-15
-3.42592e-16
4.30793e-16
9.15319e-16
-5.07281e-16
1.6801e-16
5.71519e-5
-0.000175731
-5.40726e-5
0.000126276
6.23615e-16
-6.53994e-5
-5.87206e-16
3.90247e-5
3.2638e-16
-1.58523e-5
5.77749e-16
-3.90791e-16
-6.2092e-6
8.38966e-6
-3.38429e-16
3.73206e-17
1.57137e-16
5.65101e-6
-5.19687e-6
1.25357e-16
-8.71254e-17
-1.02561e-6
-2.01385e-16
1.20123e-16
-3.94795e-7
1.46272e-6
-1.16246e-6
1.7361e-17
-2.50666e-17
-1.74686e-7
1.22223e-7
-3.09511e-17
4.84036e-17
1.1962e-18
4.93925e-17
3.03858e-17
1.90448e-8
-1.7471e-8
3.09703e-8
-5.17845e-8
6.3989e-17
-2.77849e-16
6.93189e-17
-2.05133e-9
7.1686e-9
8.22547e-17
-5.40306e-17
-2.78326e-10
6.77015e-10
6.84853e-17
8.95179e-16
-4.47022e-16
2.8356e-10
-5.5816e-10
-1.30438e-16
7.71664e-17
-1.12273e-19
4.62251e-16
8.711e-11
-1.67994e-10
9.71145e-17
-8.26853e-16
-1.37064e-16
1.25092e-15
1.76471e-11
-2.90127e-11
9.40712e-17
-1.22909e-16
2.12574e-16
-1.02087e-15
1.49204e-13
2.64952e-12
-4.56045e-12
1.22704e-15
-4.09508e-16
4.40838e-16
-8.07135e-14
-1.52558e-12
-4.1723e-16
-1.07349e-16
3.47573e-16
1.17185e-14
-2.36261e-15
-4.94332e-15
1.95182e-14
-1.79943e-16
2.88647e-16
1.9277e-16
-2.15448e-16
7.63287e-17
-1.93307e-16
1.94615e-16
-6.95415e-16
2.30391e-15
1.28476e-17
2.02562e-17
-7.85376e-18
-2.50635e-17
6.06966e-17
-1.3936e-16
-8.07738e-17
-1.00722e-15
-9.9528e-16
1.35988e-15
-4.89575e-16
1.22129e-15
-6.3646e-16
2.51161e-16
1.59079e-16
-3.30868e-19
-5.51188e-17
-1.13059e-16
5.53814e-16
-8.91732e-16
-2.00293e-6
3.97637e-6
-7.6044e-6
1.16049e-5
-1.25058e-5
1.19953e-5
-9.98287e-6
8.0595e-6
-5.28708e-6
-7.20506e-6
6.87856e-6
2.2222e-6
3.38988e-6
-4.9722e-7
8.64614e-8
-4.01909e-7
1.13968e-6
2.6843e-6
-4.63262e-6
8.62289e-7
-2.82886e-8
8.2049e-8
-3.7505e-8
-0.000130144
5.49064e-5
-4.30069e-9
8.42302e-9
-4.10398e-9
8.48898e-9
-1.47893e-8
-0.000163028
0.00180818
-0.00514464
0.00259262
0.00812571
1.55451e-9
-6.19631e-10
-0.00679381
0.0217292
9.14444e-11
-2.11921e-11
-0.0291436
0.093172
1.74933e-11
-1.12085e-11
-0.107305
0.212482
2.72057e-12
-1.22299e-12
-0.22271
0.203286
-7.22848e-14
1.0572e-13
6.23997e-13
1.60108e-14
0.147989
-0.164167
-0.0919719
0.113653
1.54237e-14
-6.7303e-15
0.0524612
0.0169689
-0.0303747
-7.01453e-16
2.71166e-16
-2.13969e-17
-0.010039
0.00294438
0.000716785
-0.0017191
-1.63184e-16
-5.995e-17
1.22333e-16
-3.09503e-16
1.43183e-17
0.000265611
-0.00058525
0.000310046
4.48394e-16
-0.000241996
-4.2986e-16
0.000135442
3.55799e-16
-7.07019e-5
-1.37283e-16
3.14023e-5
1.01303e-16
-1.24954e-5
1.02874e-16
4.53356e-6
1.12751e-16
-2.00511e-16
4.66911e-6
-3.84621e-6
8.69425e-17
1.29764e-17
-9.87255e-7
4.39174e-16
-1.91586e-16
-1.89799e-8
1.40054e-7
-1.93477e-7
-1.29452e-16
4.75005e-9
1.61699e-15
1.92983e-9
-1.44524e-9
1.48576e-16
-4.07735e-16
1.23006e-9
-2.80305e-9
-1.48319e-16
-3.98891e-15
2.92423e-15
-4.67063e-10
5.55316e-10
-2.8131e-15
-1.36132e-16
-1.79237e-10
2.88225e-10
1.25429e-15
-2.52879e-15
-5.99227e-11
1.37205e-10
3.62324e-15
-4.7879e-15
-1.07946e-11
3.29686e-11
-9.99069e-16
3.5883e-15
-1.67642e-12
4.97264e-12
-3.23552e-15
-1.0707e-15
2.42759e-15
4.26369e-13
-5.02313e-14
-1.0055e-12
1.54921e-12
-1.69919e-15
7.54175e-16
-6.2575e-16
1.52081e-14
5.04299e-13
3.48823e-16
-2.07136e-16
1.00609e-16
-3.39231e-16
-1.93006e-14
1.16339e-16
-2.15826e-16
5.16751e-17
1.13025e-16
-2.9745e-16
-6.63069e-16
1.19793e-15
-1.99323e-16
3.35405e-16
-7.4933e-17
2.58389e-16
-1.89212e-16
1.23798e-17
9.36704e-17
-2.11647e-18
-2.03563e-16
2.75469e-16
-4.18895e-16
-2.00066e-6
2.921e-6
-1.53032e-6
-5.80768e-6
1.10846e-5
-1.53675e-5
1.79775e-5
-1.79331e-5
1.58285e-5
-1.31697e-5
1.21157e-5
-1.78886e-5
-1.25581e-5
1.99496e-5
3.35913e-6
-1.11095e-6
7.58897e-6
-7.84608e-8
2.53563e-7
-1.62726e-7
-5.59033e-7
6.37236e-7
-1.23024e-5
-2.15825e-5
8.10551e-5
2.67408e-5
-0.000115331
0.000264574
1.74668e-8
-4.53783e-8
2.62387e-8
8.68987e-8
0.000454084
-0.000606962
-0.00107465
0.000997401
-0.00179875
-1.42331e-8
7.07238e-9
0.00305105
-0.0113165
-2.77118e-9
-0.00102392
7.37409e-10
-0.0325436
-0.0589388
0.0878359
-1.30683e-10
-0.142644
-0.12737
0.191086
2.40484e-11
1.83784e-12
0.184969
-0.168293
-2.26013e-12
8.35696e-13
0.147298
-0.111233
3.79113e-14
-5.11711e-14
-2.57761e-13
5.75498e-14
-1.49137e-14
-0.0582711
0.0713707
-0.0374768
0.0320249
-1.05672e-15
3.11755e-15
3.61032e-15
-1.85778e-16
1.95142e-16
0.0158425
-0.0183657
0.0055588
-6.49545e-17
-0.00236639
0.00219164
-3.47194e-17
2.05154e-18
3.66329e-17
3.98086e-17
-1.42425e-16
0.000854159
-0.00131973
0.000639337
2.7102e-16
-0.000491584
-3.30731e-16
0.000328837
2.54119e-16
-0.000202517
-5.71708e-17
0.000108983
-1.00418e-16
-5.07892e-5
2.58994e-16
2.0221e-5
-3.6553e-16
-6.90413e-6
6.79903e-16
2.90512e-6
4.96445e-16
-8.09531e-16
2.70322e-6
-2.19887e-6
-2.59907e-16
1.78595e-16
-5.15045e-16
4.6545e-16
4.37035e-8
-2.65962e-7
3.79942e-7
8.91486e-16
-3.23834e-15
7.68797e-9
-7.82975e-9
-5.743e-16
3.70159e-15
-5.98236e-15
-3.71756e-15
1.0137e-14
1.47422e-10
-1.68934e-10
-1.0398e-9
2.58302e-9
3.97047e-15
-1.14231e-14
1.09099e-14
-7.32893e-15
1.24608e-10
-8.26567e-11
1.3226e-14
6.68535e-11
-9.55398e-11
-1.81311e-15
-5.57768e-11
-3.95274e-15
-6.81309e-12
-1.79611e-11
3.38726e-11
5.91971e-15
-1.34743e-14
-5.20614e-13
-5.02838e-12
9.48354e-12
6.98391e-15
-4.19112e-15
2.1542e-13
-4.33287e-13
2.56365e-15
9.82405e-16
-1.43718e-15
-1.90946e-13
7.1469e-14
1.09397e-13
-2.0378e-13
5.79756e-16
-3.1395e-16
-1.25628e-16
6.62772e-17
3.37804e-15
-1.33593e-15
-9.52592e-15
2.62643e-14
-6.56208e-14
1.94305e-16
-1.91219e-16
3.74875e-16
3.05814e-16
-4.30073e-16
-8.29258e-18
-6.18665e-18
1.67165e-16
2.40401e-17
-9.1335e-16
4.96324e-15
3.85248e-16
-3.77437e-16
1.9024e-16
1.00785e-16
-1.98057e-16
1.83084e-16
-1.09402e-16
8.52789e-17
-2.21551e-16
2.1133e-16
6.2317e-6
-3.22328e-6
-1.11714e-5
1.68005e-5
-2.11401e-5
2.29571e-5
-2.19911e-5
1.94467e-5
-1.72341e-5
1.69505e-5
-2.35515e-5
-1.17614e-5
8.1107e-7
-4.12041e-7
2.27651e-7
1.01743e-6
-1.44222e-6
-0.000264036
0.000226714
0.000323249
-0.000571766
-1.22611e-7
6.59248e-8
-3.59116e-8
0.00117373
-0.00233232
0.00469715
1.93556e-8
-1.04223e-8
-0.0102561
0.0252202
-1.16695e-9
1.08538e-9
-2.35036e-9
1.2342e-9
4.89372e-9
0.0393614
-0.051377
0.0561105
-0.0799191
-3.58115e-10
8.02714e-10
-6.82984e-10
2.95806e-10
0.110108
-0.139356
-6.56041e-11
1.72385e-10
-1.31917e-10
4.94461e-11
1.59529e-11
-0.143739
0.135123
-0.103356
0.129578
-3.16344e-12
4.32421e-13
-0.111736
0.0844535
3.79216e-14
-5.49339e-14
-5.5639e-15
-0.0558056
0.0324022
-0.0222881
-2.32472e-15
1.14545e-15
-2.42656e-16
0.0139114
-0.00645877
-0.00230766
0.00411471
-2.09946e-17
-1.91585e-17
8.63204e-17
0.0015675
-0.000742273
-1.60721e-16
0.000494579
1.34191e-16
-0.000350583
3.54254e-17
0.000230353
-2.10312e-16
-0.000134639
4.47388e-16
6.75522e-5
-5.46875e-16
-2.84759e-5
5.90964e-16
9.94176e-6
-6.29834e-16
-2.98149e-6
9.4466e-16
8.02807e-7
6.19547e-16
2.04168e-7
-1.01163e-14
1.15013e-14
-5.80093e-9
2.9109e-9
2.25393e-8
-1.26493e-14
1.79145e-14
-2.83837e-14
3.11841e-10
-1.41352e-10
1.17083e-9
3.93997e-14
-4.57064e-14
4.81257e-14
-4.7489e-12
-7.3609e-11
-5.74993e-14
-2.05351e-14
6.88136e-14
-2.02757e-11
-4.96632e-12
-1.55277e-11
2.54115e-11
1.75083e-14
-5.94322e-14
-2.15528e-14
6.27224e-14
2.18103e-14
-5.39605e-14
5.50097e-12
-5.16557e-12
-4.55677e-14
6.7539e-14
2.75114e-14
-3.34917e-14
2.54507e-12
2.49258e-12
-3.9307e-12
1.26723e-14
-8.89406e-15
5.16599e-15
-3.96846e-13
9.90852e-13
-2.27809e-12
-2.83537e-15
1.46785e-15
-1.11497e-13
2.04119e-13
-5.68476e-16
1.7897e-16
1.11488e-16
1.6293e-14
-2.99408e-14
6.06841e-14
-3.4577e-16
5.95107e-16
-2.81851e-16
5.92794e-16
-3.49061e-16
1.0667e-14
-1.27701e-14
-4.83236e-16
3.68719e-16
-1.50577e-16
-1.59929e-16
3.93279e-16
-4.2597e-16
4.1294e-16
-3.90875e-16
4.61147e-16
-9.69127e-16
1.96029e-6
-2.74534e-6
1.36011e-6
2.75091e-6
-5.73018e-6
9.71047e-6
-1.51092e-5
2.06505e-5
-2.46509e-5
2.61542e-5
-2.57242e-5
2.60194e-5
-3.25788e-5
4.59032e-5
9.65299e-5
-0.000123008
-0.000137046
0.000147943
-0.000231612
-9.86886e-7
4.72794e-7
-2.69262e-7
0.000335714
-0.000569596
0.00100698
1.37305e-7
-7.14255e-8
3.78076e-8
-0.00194514
0.00367407
-0.0067322
-1.9773e-8
9.82704e-9
0.0119666
-0.0217931
-4.93947e-9
2.93897e-9
-1.4524e-9
0.0396441
-0.0521776
0.0627708
5.88434e-10
-2.77866e-10
-0.076052
0.0888177
1.12108e-10
-4.19833e-11
-1.39184e-11
-0.0873526
0.0686507
-0.0661413
4.86612e-12
-1.49725e-12
0.0607569
-0.0474096
3.56985e-13
-5.10986e-14
2.17788e-14
0.0320618
-0.0197464
0.0130866
-3.60863e-15
-9.84764e-17
-4.29919e-17
-0.00847567
0.00583218
-0.00375441
1.41967e-17
6.25389e-17
1.25787e-16
-1.54842e-16
4.94907e-17
-0.00214245
0.0030472
-0.00109594
-3.80867e-17
0.000681124
2.06731e-17
-0.000419693
7.71212e-17
0.000296819
-2.28209e-16
-0.000209704
4.78017e-16
0.000134201
-6.82974e-16
-7.388e-5
8.42984e-16
3.38199e-5
-9.7201e-16
-1.25683e-5
1.30908e-15
3.87629e-6
-1.98839e-15
-9.57682e-7
-4.25318e-15
5.57731e-15
-5.91172e-7
5.32568e-7
6.19526e-15
-7.17577e-15
1.15432e-14
-1.73178e-14
-1.0777e-9
4.30916e-9
-6.65623e-8
2.70785e-14
-4.11805e-14
6.66566e-14
-3.27962e-11
2.63436e-10
-3.9704e-10
-9.69281e-14
1.20402e-13
-1.25944e-13
-1.11389e-11
3.01012e-11
1.23369e-13
-1.2745e-13
6.09694e-12
1.58407e-12
7.50579e-13
1.07786e-13
-8.92398e-14
6.8081e-14
-7.94924e-13
-1.10905e-12
-5.92356e-14
4.18616e-14
-1.23097e-12
1.24298e-12
-1.9728e-14
9.89597e-15
-5.08287e-15
3.52164e-13
-6.11081e-13
1.06314e-12
2.51128e-15
-1.09628e-15
1.1656e-13
-2.06369e-13
3.75454e-16
-7.96257e-18
-2.00658e-16
-2.0344e-14
3.49907e-14
-6.45001e-14
5.09046e-16
-5.86025e-16
-5.88272e-16
1.01442e-15
-6.2218e-15
4.25019e-15
6.14278e-15
-9.37478e-15
1.23054e-14
-5.18918e-16
5.8304e-16
-4.39441e-16
1.2337e-16
2.1222e-16
-4.91003e-16
6.64461e-16
-7.51473e-16
8.67859e-16
-1.21636e-15
1.92119e-15
-5.25049e-15
-1.84973e-6
1.92251e-6
-1.27278e-6
3.99686e-6
-6.94081e-6
1.13203e-5
-1.66978e-5
2.19254e-5
-2.57495e-5
2.7864e-5
-2.91216e-5
3.42224e-5
-6.14554e-5
8.40313e-5
-0.000150578
0.000225035
1.14538e-6
-7.75136e-7
3.32322e-7
-0.000450437
0.0007599
-0.00124493
-1.39871e-7
6.80811e-8
-3.30068e-8
0.00236547
-0.00415901
0.00696214
1.59611e-8
-7.2214e-9
-0.0112875
0.015281
3.86661e-9
-3.35715e-9
1.30319e-9
-0.0307895
0.0423172
-0.0446785
-3.71276e-10
2.58057e-10
0.0466416
-0.0479823
-9.03357e-11
6.4943e-11
4.17895e-12
0.0569646
-0.0388302
0.0268139
-2.55723e-12
1.1083e-12
-0.0230769
0.0190668
-3.94918e-13
1.04703e-13
-7.73509e-15
-0.0134898
0.00850315
-0.0061125
1.89922e-15
3.63601e-15
-7.72317e-16
0.00574566
-0.00518724
0.00326028
2.89125e-16
1.73985e-16
1.57185e-16
-0.00233838
0.000532008
-1.58864e-16
-0.000308197
1.24115e-16
0.00024298
-1.88571e-16
-0.000196337
3.21058e-16
0.000154048
-5.2133e-16
-0.000109397
7.65221e-16
6.6735e-5
-9.5517e-16
-3.38333e-5
1.11225e-15
1.36801e-5
-1.4705e-15
-4.15049e-6
2.9053e-15
8.48521e-7
-3.96482e-15
-1.22922e-7
7.95529e-15
-1.2932e-14
2.85152e-14
3.48551e-9
-1.93542e-8
6.11003e-8
-4.6108e-14
6.73883e-14
-1.1601e-13
-9.35025e-11
2.82205e-10
-1.17637e-9
1.73248e-13
-2.22027e-13
2.44829e-13
-6.11629e-12
2.5718e-11
-1.94374e-13
2.13247e-13
-1.50143e-12
-6.63147e-13
1.64421e-12
-1.48796e-13
1.16306e-13
-7.34968e-14
-6.41336e-15
6.78581e-13
4.90365e-14
-4.84135e-14
5.96271e-13
-4.00476e-13
2.17327e-14
-7.9936e-15
3.32412e-15
-2.45303e-13
2.84966e-13
-4.70816e-13
-1.46608e-15
5.89359e-16
-9.96038e-14
1.59447e-13
-1.25286e-16
-1.44617e-16
3.93994e-16
2.17733e-14
-3.39942e-14
5.98374e-14
-6.13997e-16
6.1342e-16
-8.56371e-16
-5.74805e-15
7.79807e-15
-1.36269e-14
4.53632e-16
-7.19791e-16
4.97126e-16
-1.77163e-16
-1.69088e-16
4.88464e-16
-7.7085e-16
9.95682e-16
-1.08774e-15
1.34725e-15
-2.46707e-15
3.4484e-15
-2.00513e-7
-4.24744e-6
3.89699e-6
4.51538e-6
-7.13841e-6
1.11735e-5
-1.59943e-5
2.06998e-5
-2.43601e-5
2.76155e-5
-2.84586e-5
4.84667e-5
7.82695e-5
-7.29907e-5
-0.000167482
6.6301e-8
1.97051e-7
-1.15847e-7
0.000487037
-0.000848601
0.0010793
6.49726e-8
-4.41003e-8
1.94331e-8
-0.00219814
0.00369115
-0.00577092
-1.07022e-8
4.07255e-9
0.00903435
-0.0160575
-1.80957e-9
2.13161e-9
-1.11314e-9
0.0192957
-0.0379244
0.0290124
4.25575e-10
-1.49279e-10
-0.0281673
0.0260402
9.65009e-11
-5.84613e-11
7.32443e-12
-0.0279531
0.0116705
-0.00390208
-1.11911e-12
-6.8839e-15
0.00495909
-0.00519486
1.87984e-13
-1.7445e-13
1.94744e-14
0.00460113
-0.00274427
0.00175383
-2.12665e-14
-5.39572e-15
-3.35134e-16
-0.00161947
0.000207051
-6.46389e-16
0.000308802
-1.70356e-16
-1.21623e-15
5.59334e-16
0.00030617
-0.000362485
-2.72289e-16
-0.000162739
2.16232e-16
0.000119345
-3.01391e-16
-9.75117e-5
4.36103e-16
7.52203e-5
-6.38603e-16
-5.05577e-5
8.59715e-16
2.82221e-5
-1.10523e-15
-1.2964e-5
1.27917e-15
4.40824e-6
-2.56005e-15
-1.0439e-6
4.27325e-15
-4.50002e-15
1.12479e-14
-3.77735e-14
3.20105e-9
6.98635e-9
-1.19804e-7
6.61129e-14
-7.77029e-14
1.48723e-13
-5.81828e-11
5.18745e-11
-4.31929e-10
-2.30006e-13
2.97847e-13
-3.19293e-13
-1.86634e-12
1.08119e-11
2.98647e-13
-1.50457e-13
4.51072e-13
5.47823e-14
1.39239e-13
1.67134e-13
-6.0542e-14
6.20704e-14
2.96469e-14
-2.42675e-13
-2.95987e-14
3.77968e-14
-4.73511e-13
2.16542e-13
-5.12519e-15
1.2688e-15
-1.01441e-15
1.46646e-13
-2.40923e-13
4.36314e-13
5.43156e-16
-2.58032e-16
7.16536e-14
-1.0295e-13
6.02365e-17
4.32524e-17
-9.59783e-17
-2.12067e-14
2.55473e-14
-4.61493e-14
-4.4351e-17
3.23251e-16
-5.19027e-15
1.2785e-14
-2.1012e-15
1.60279e-15
-6.59491e-16
2.33848e-16
1.04729e-16
-4.55219e-16
7.88797e-16
-1.09703e-15
1.25481e-15
-1.2126e-15
1.91747e-15
-2.66963e-15
2.84112e-15
-6.99189e-7
4.19503e-7
1.89304e-6
-2.41577e-6
7.95397e-7
-2.02722e-6
3.85119e-6
-6.19869e-6
9.53965e-6
-1.30739e-5
1.69309e-5
-1.71041e-5
2.32009e-5
-3.02527e-5
5.22915e-5
7.78679e-5
-7.70542e-5
2.02816e-7
-1.00991e-7
4.64773e-8
-5.46662e-7
0.000208902
-0.000370968
0.000649752
-0.000994289
-2.45698e-8
2.15831e-8
-1.28153e-8
0.0014086
-0.00251614
0.00366905
9.25265e-9
-7.05732e-9
-0.00506257
0.00664913
-5.21282e-11
4.647e-9
0.0207124
-0.00747379
4.62307e-10
-2.38762e-10
-9.96969e-11
0.00754346
1.38009e-10
-8.41937e-11
-6.00718e-12
0.000704761
3.90486e-11
-1.90329e-11
0.00066701
-0.00102991
7.05469e-12
-2.03929e-12
-0.00139137
0.00158901
3.49892e-13
2.67306e-13
-3.31532e-14
-0.00158604
0.000705562
-0.000277602
9.04954e-14
-1.21984e-15
1.35267e-14
0.000437376
-4.5532e-5
-2.39114e-15
1.27524e-15
-0.000162862
9.38504e-5
-2.81184e-6
-5.72003e-5
2.88959e-15
1.35912e-15
-8.97846e-16
0.000225773
-9.83981e-5
3.69803e-16
5.68981e-5
-2.66439e-16
-5.94304e-5
2.1317e-16
5.34236e-5
-2.84553e-16
-4.46446e-5
4.30113e-16
3.21391e-5
-5.83011e-16
-1.98975e-5
6.67871e-16
8.86804e-6
-1.14683e-15
-2.30903e-6
1.68124e-15
3.52343e-7
-3.39088e-15
5.97707e-15
-4.73646e-15
-2.04943e-14
2.31524e-8
1.21301e-7
-6.98145e-9
2.46977e-8
-1.29664e-7
3.25658e-14
-5.56564e-11
-6.22959e-14
1.07206e-13
-1.21304e-13
-3.31781e-12
1.89535e-12
-2.86261e-11
2.34086e-13
-3.34388e-13
4.05729e-13
9.0724e-13
-1.29338e-12
-4.05107e-13
3.44276e-13
-1.74747e-13
1.16957e-13
-3.46226e-13
-1.94865e-13
1.54246e-13
-8.12845e-14
-8.33443e-14
-5.93246e-14
3.44431e-14
-2.33198e-14
3.59052e-14
7.93234e-15
-4.85039e-15
2.30005e-15
-6.38904e-14
5.89585e-14
8.45736e-15
-1.55784e-14
-8.40624e-16
2.85853e-16
-4.28193e-14
5.55039e-14
-3.91825e-17
-1.39504e-17
1.01249e-16
1.45667e-14
-1.93244e-14
2.63293e-14
-5.02922e-16
-8.15675e-16
1.05506e-15
-4.58382e-16
6.3925e-16
1.64216e-15
2.59045e-15
1.84774e-15
-2.26436e-15
4.98208e-15
-8.94863e-15
-8.13113e-16
3.856e-16
-1.74569e-16
-5.62403e-17
3.51093e-16
-7.09399e-16
1.00832e-15
-9.92484e-16
1.09442e-15
-1.26299e-15
4.38809e-7
1.70066e-6
-1.95077e-6
-2.74258e-6
2.97508e-6
-4.77088e-6
6.32787e-6
-8.13284e-6
9.25937e-6
-1.03143e-5
-1.95569e-5
1.10477e-5
3.78354e-5
-8.11654e-9
1.2628e-7
-8.25546e-8
-0.000114804
-0.000276556
0.000188751
0.000479799
2.03163e-10
-7.40811e-9
0.00119979
-0.000779052
-0.00181411
1.28881e-9
8.47326e-10
0.00226628
-0.00232324
-1.42184e-9
-2.0124e-9
1.14832e-9
0.00132745
-0.00728806
0.00183979
-4.33905e-10
2.60368e-10
0.000689827
-0.0010057
-0.00479211
0.00083495
-1.15378e-10
8.61584e-11
0.00166787
-0.000688287
-0.00155777
-0.000128794
-3.66832e-11
2.35827e-11
0.000541655
-8.48036e-5
-9.01588e-12
2.96326e-12
-0.0001356
-9.35158e-13
5.8765e-5
1.024e-12
-5.16517e-13
2.39746e-5
-7.51134e-14
-7.33511e-5
-1.41869e-13
3.89501e-14
-1.35354e-14
-3.10259e-5
1.69219e-5
-3.30162e-15
-6.35721e-5
-2.94203e-15
2.41339e-15
-7.63054e-16
-5.7151e-5
9.40304e-5
3.11297e-16
5.44931e-5
-1.79454e-16
-3.178e-5
1.95002e-16
2.50538e-5
-1.96925e-16
-1.77614e-5
2.30663e-16
1.06594e-5
-3.12143e-16
-4.19373e-6
4.81766e-16
8.58025e-7
-7.89225e-16
1.41026e-15
-3.82941e-15
1.49748e-14
-5.31511e-9
2.51489e-9
2.02228e-7
-2.91605e-14
3.40971e-14
-8.60701e-14
1.71631e-13
-1.83478e-13
-1.70032e-11
4.94946e-10
2.90109e-13
-3.79779e-13
-3.68367e-13
1.98196e-12
4.3888e-13
-3.07767e-13
-8.4334e-14
1.64389e-13
1.97381e-13
-1.1492e-13
3.40909e-14
-3.20234e-14
-1.21132e-14
3.2938e-14
4.85535e-14
-2.26569e-14
-1.84043e-15
-1.82519e-14
-1.79795e-15
7.08688e-15
7.00645e-15
-9.85203e-15
-4.74531e-15
1.02553e-15
-1.52153e-15
-5.99986e-17
1.35094e-15
-1.17199e-16
2.63645e-14
-1.79715e-14
5.09356e-17
-2.53528e-14
-4.99799e-18
9.19664e-17
8.36517e-15
-1.18774e-14
1.88361e-14
6.86445e-16
-1.36293e-15
-9.68066e-16
1.00579e-15
-2.62286e-15
3.91036e-15
-5.84001e-15
1.55276e-15
-5.74903e-16
3.93189e-16
-2.71338e-17
-2.79451e-16
5.08769e-16
-7.06065e-16
7.37032e-16
-6.18868e-16
4.69815e-16
-7.01629e-16
4.89836e-7
-5.6314e-7
4.44793e-7
2.22505e-6
-1.55496e-6
-1.19004e-6
1.76035e-6
-2.39813e-6
4.03908e-6
-3.93429e-6
-2.67805e-6
9.47487e-7
-1.03224e-5
5.94247e-6
-1.13552e-8
8.00267e-9
-6.84098e-8
4.39397e-8
-9.6895e-9
2.4186e-7
-3.08048e-5
6.48526e-5
-9.61889e-5
-0.000140792
0.000129072
5.32823e-9
-1.16677e-9
-7.66402e-10
1.31128e-9
-1.68991e-9
-0.000224197
0.000432321
0.000894933
-0.000418576
-6.32452e-11
1.29549e-9
-0.000921197
0.000347208
0.000753188
1.46086e-10
-2.26298e-10
-0.000254673
-0.000402421
1.1391e-10
-9.29311e-11
0.000208944
-0.000140016
5.08365e-11
-3.71251e-11
3.38508e-5
9.53615e-5
2.16192e-11
-1.20649e-11
-7.00753e-5
5.94694e-12
-2.40049e-12
4.1444e-5
1.81126e-5
-3.75275e-12
1.70052e-12
-0.000122421
1.7264e-5
-1.01409e-5
-9.54179e-13
6.74684e-13
-3.79943e-13
3.92961e-13
1.60516e-5
8.62733e-6
-5.657e-6
1.33527e-5
-5.38302e-7
8.80675e-14
-4.05819e-14
1.29041e-14
-1.02893e-5
1.44448e-5
-7.13398e-15
1.06384e-14
7.39337e-5
-4.36895e-5
-2.95596e-5
-1.04105e-15
-3.19111e-5
-1.42347e-15
4.75718e-16
-3.84439e-16
-5.16279e-5
3.88978e-5
1.10471e-16
1.35884e-5
-7.97117e-17
-1.1025e-5
7.17001e-17
8.62449e-6
-1.38046e-17
-4.93977e-6
3.92138e-17
2.12174e-6
-1.37811e-16
2.62339e-16
-7.27399e-16
9.20493e-16
4.78906e-15
-3.75974e-8
-4.89233e-8
6.21809e-9
2.47482e-8
-1.21526e-7
-9.64266e-15
-7.98068e-10
1.76169e-14
-3.35036e-14
2.63462e-14
5.72062e-14
-2.8759e-10
1.83943e-9
6.04439e-11
-4.98907e-11
-1.62006e-10
-1.27113e-13
1.60026e-13
-2.28525e-13
-1.79859e-13
2.70606e-13
8.77865e-13
-9.43897e-12
2.49167e-13
9.64294e-13
-2.66002e-13
1.4847e-13
2.27252e-14
-2.27772e-13
-7.28221e-14
4.39801e-14
7.70021e-15
-1.92485e-14
-8.22768e-15
5.39614e-15
2.03844e-15
-4.36535e-15
1.48586e-15
-3.22413e-17
-3.62664e-16
-6.33495e-16
-1.64242e-16
6.34728e-15
3.4488e-17
4.34514e-17
-3.45923e-17
9.59265e-18
3.41112e-17
1.22061e-14
6.60108e-15
-5.76109e-15
4.22543e-15
-1.07758e-14
1.73023e-17
-3.14641e-17
1.15743e-16
-6.60784e-17
-3.63661e-16
-2.55316e-15
-1.96372e-15
2.26673e-15
-3.66193e-15
8.18966e-16
2.55226e-15
-2.12799e-15
-9.52641e-16
-9.96201e-16
-2.46205e-16
1.81223e-16
-7.641e-16
1.49689e-15
5.62771e-16
-5.24669e-16
-1.88837e-17
1.93094e-16
-4.73308e-16
6.19934e-16
-5.63354e-16
3.26325e-18
-1.03547e-16
1.17703e-7
-3.46646e-7
-3.14956e-7
6.17352e-7
-1.14364e-6
7.37984e-7
8.23816e-7
-1.72718e-6
7.68053e-7
9.26539e-7
-1.14948e-6
8.16217e-7
-1.54703e-9
-5.80671e-8
5.70366e-8
6.1436e-9
-5.5692e-6
1.32551e-5
2.77268e-5
-1.28522e-5
-3.97391e-5
1.63291e-10
2.12195e-9
-0.000124783
4.91663e-5
0.000138723
-4.04483e-10
8.85386e-11
-1.56297e-10
1.5574e-10
-0.000107997
-0.000228148
6.22627e-5
-1.85176e-11
-1.08548e-10
9.5383e-5
-3.19817e-5
-2.7786e-12
-1.14006e-11
-1.56624e-11
-1.78214e-7
1.29219e-11
-1.37636e-11
-1.01742e-11
2.10275e-5
1.07137e-11
-8.31001e-12
-6.76795e-12
6.2971e-12
-1.1833e-5
6.49123e-6
4.46187e-12
-4.11888e-12
-7.14186e-6
1.6475e-6
-3.27644e-6
2.15772e-12
-8.96039e-13
2.30037e-6
2.48044e-13
-5.6783e-6
-1.39097e-13
7.97476e-14
5.10825e-7
-1.32851e-14
8.14302e-7
8.90056e-15
-9.66405e-15
3.60132e-15
1.36511e-5
-1.26505e-5
-1.81559e-15
4.61828e-15
4.84986e-5
-2.20814e-5
-1.22862e-5
5.12184e-16
-8.76351e-17
-1.00779e-5
-3.67889e-17
-9.63189e-17
1.03013e-16
1.06274e-5
-8.68735e-6
-5.62685e-17
-6.08872e-6
3.18791e-17
-8.12802e-17
4.38537e-17
-1.02778e-16
7.17048e-17
1.0345e-15
-1.21425e-8
4.54507e-7
1.65486e-8
-1.39314e-7
-1.44388e-6
-2.4053e-15
-1.20185e-8
3.56053e-15
-6.74354e-15
1.43263e-14
-2.763e-14
5.25727e-14
3.63432e-10
1.6774e-11
-8.29394e-14
1.01718e-13
-3.44844e-12
-3.78158e-11
-1.04287e-13
1.56446e-13
6.09895e-14
-7.22661e-14
-2.87349e-14
5.709e-13
5.4875e-13
-1.38247e-12
-4.57653e-14
4.22976e-14
-3.48399e-14
3.82974e-14
-1.53148e-14
1.0559e-14
-1.07257e-14
3.65878e-15
-6.41497e-16
2.15239e-16
-1.10992e-15
-6.64115e-16
2.69318e-16
-1.8951e-16
7.27316e-17
-5.92024e-17
-1.63032e-17
-2.28823e-15
-1.53252e-15
1.51364e-16
3.70511e-16
5.96435e-16
1.81663e-18
1.85228e-15
6.73051e-18
-4.00024e-17
-6.26108e-16
8.24159e-16
-1.9748e-15
-8.7798e-16
8.18647e-16
2.44943e-15
-1.383e-15
-6.94764e-16
1.41783e-17
-1.92316e-17
1.36578e-16
-2.30693e-16
3.66776e-16
-3.07845e-16
5.5341e-16
1.46315e-16
1.31838e-16
-3.39264e-16
3.63481e-16
4.37837e-16
-5.13672e-16
3.51989e-16
-2.32108e-7
1.39667e-8
1.71775e-7
3.22397e-7
-3.02542e-7
-4.13414e-7
8.6308e-8
-1.74288e-7
-3.2774e-7
-1.11003e-8
1.05419e-9
-1.30643e-8
-9.07717e-9
1.25039e-8
5.82724e-8
3.66912e-8
2.52873e-7
-1.13545e-6
2.41291e-6
2.00874e-6
-7.64425e-7
1.33371e-5
-3.4039e-6
-2.83484e-10
2.83974e-11
-3.64841e-10
3.46632e-9
-1.48077e-5
3.70181e-6
-4.24161e-5
1.10978e-5
-9.94422e-12
8.22128e-11
2.76493e-5
-5.37361e-6
-1.27115e-5
3.54656e-11
1.08119e-11
-1.12986e-11
4.26716e-6
3.8791e-5
-1.95281e-6
3.12577e-12
1.25172e-12
-7.89993e-6
1.05129e-6
4.6118e-6
9.36242e-7
-2.2774e-12
4.04798e-12
-4.50061e-6
8.61708e-8
-1.27911e-5
2.18234e-6
-3.0801e-12
3.02276e-12
5.02383e-6
-5.53902e-7
1.46336e-6
-1.20435e-6
-1.84481e-12
1.79752e-12
7.70093e-7
-1.00639e-12
4.42477e-13
-8.06068e-7
3.63737e-7
4.03512e-13
-1.91743e-13
1.72187e-6
-2.8451e-7
5.87097e-14
-2.53031e-14
-3.18771e-7
-4.27297e-7
-2.24154e-14
7.4404e-15
2.37174e-6
-6.8568e-7
4.23714e-16
2.6565e-6
4.46152e-17
-7.70742e-16
2.31544e-16
9.67965e-6
-5.6411e-6
3.00318e-17
4.38371e-17
1.32773e-5
-6.17021e-6
-3.62436e-17
2.85718e-17
1.15206e-5
-8.66021e-6
5.63151e-8
1.19657e-6
6.05841e-17
-3.76424e-17
5.18158e-6
-1.93289e-17
-2.63665e-17
-7.22843e-18
-1.43355e-17
-3.92665e-17
-1.04195e-6
-2.22376e-6
2.45976e-6
7.04833e-7
-2.12774e-7
1.26078e-6
4.32277e-6
2.42539e-16
3.1761e-8
-5.30751e-16
-7.1862e-9
4.39299e-16
-1.00046e-15
2.28442e-15
-6.18848e-15
-4.23683e-15
1.14564e-14
-1.01572e-9
-8.97756e-10
2.93361e-9
8.63659e-9
-1.59443e-14
3.83572e-14
1.83846e-14
-4.70183e-14
3.73195e-11
1.35868e-10
-1.8704e-10
-5.8885e-10
4.88479e-14
-1.98481e-14
1.41773e-13
5.87943e-12
1.31333e-14
-9.97599e-15
4.03846e-15
-2.08977e-13
1.26192e-13
6.4558e-14
1.38056e-15
-1.91771e-15
1.18764e-14
-5.0771e-14
-2.99374e-14
8.85631e-14
-1.36943e-15
7.79236e-17
-6.06516e-16
-2.01454e-16
1.39346e-15
1.12746e-14
-1.06584e-16
1.77683e-16
6.89851e-17
-1.11623e-15
-4.81047e-16
3.26466e-15
-2.69798e-17
1.47931e-15
-2.56264e-17
-1.14496e-17
-1.20961e-17
-2.53877e-17
-4.14282e-16
-2.61168e-16
-1.52643e-15
9.00989e-16
-1.3205e-18
-5.82273e-17
2.36328e-16
2.19538e-16
1.63695e-16
2.01402e-16
3.76636e-16
-3.56153e-16
-4.36438e-16
6.66248e-16
5.1037e-16
-3.22626e-16
-2.17486e-17
-3.39385e-16
4.68576e-17
-2.67273e-16
4.65795e-16
-7.42746e-16
5.93944e-16
-3.39575e-16
-2.25258e-16
1.69481e-16
-2.63348e-16
1.66114e-16
4.42257e-16
-5.95813e-16
-6.64848e-10
1.28269e-8
1.41744e-7
5.59126e-9
4.00103e-10
-4.12008e-9
-3.1555e-9
-1.17335e-8
-7.12085e-9
-1.72345e-9
3.53335e-9
-4.9517e-8
3.05376e-8
-4.72005e-8
4.89698e-7
-1.93095e-7
-3.2508e-7
9.45358e-7
-1.59606e-7
-5.37983e-10
1.02549e-10
-4.95261e-10
4.75149e-11
-8.10315e-7
1.21882e-7
-2.16448e-6
2.44665e-7
-1.30757e-11
1.83394e-12
-2.24845e-11
1.27087e-10
5.40689e-7
1.01809e-7
1.26151e-6
1.82423e-7
5.0771e-13
4.60529e-12
-1.4284e-7
-1.07043e-7
-3.79333e-13
-2.39249e-14
-6.33514e-13
8.85635e-8
1.63788e-13
2.48951e-13
2.30834e-13
-2.11008e-7
-4.35548e-13
7.18307e-13
4.19349e-13
-4.99958e-7
-5.33113e-13
5.30011e-13
4.03437e-13
-5.95313e-13
3.16185e-7
-1.24519e-7
-2.55968e-13
2.19637e-13
1.79245e-7
-2.00419e-9
-1.47739e-13
7.18523e-14
-1.3587e-8
8.12259e-8
4.95563e-14
-2.44896e-14
2.04557e-7
-5.74638e-8
7.96753e-15
-2.69095e-15
8.57332e-8
-1.65719e-7
-2.4856e-15
7.96862e-16
-5.42758e-7
-1.72619e-7
6.93206e-17
-7.23661e-17
1.5015e-6
-7.96587e-17
1.90776e-17
9.53642e-18
-9.24502e-7
1.32134e-6
1.72509e-17
-4.48784e-17
-4.5955e-6
3.12487e-6
-2.68097e-17
-8.0827e-21
-4.81619e-6
3.56771e-6
-1.72748e-6
-2.93572e-17
-2.95662e-17
-2.4988e-6
1.35161e-6
-1.56328e-17
-7.51034e-7
2.89471e-18
2.83742e-7
2.07903e-17
-6.52393e-17
-1.20074e-17
2.1286e-16
-7.90737e-16
-4.68684e-16
1.45911e-15
-9.59467e-9
-1.64092e-8
2.37909e-8
3.75622e-8
-1.8591e-15
5.78413e-15
2.00035e-15
-6.43656e-15
8.03972e-10
2.01619e-9
-2.8963e-9
-6.13567e-9
4.99474e-15
-1.51944e-14
-1.90529e-15
1.3669e-15
-4.12147e-12
-4.45421e-11
3.71528e-11
2.3522e-10
5.74888e-15
-4.90204e-15
3.93339e-15
2.24186e-14
3.24092e-15
-2.5335e-15
2.72841e-15
-6.85879e-13
4.77233e-16
-4.15723e-16
8.242e-16
1.00637e-14
-1.34633e-16
6.40479e-17
2.55973e-18
-2.24754e-14
9.29253e-18
1.31369e-17
7.88042e-18
-1.39833e-17
-3.50566e-15
7.39489e-15
7.53022e-15
-3.92885e-15
-7.70481e-18
-1.03524e-17
1.62738e-17
3.59073e-17
6.78598e-16
-1.26753e-15
-4.77286e-15
2.92594e-15
-1.71159e-17
-2.16876e-17
-1.2756e-17
1.20307e-16
-5.57102e-16
1.07049e-15
1.71468e-15
-7.29255e-16
-8.75164e-17
5.10098e-17
1.56299e-16
4.84367e-16
-6.92515e-16
1.3396e-15
-7.53928e-16
-1.89212e-15
9.38957e-16
1.87954e-15
-1.23166e-15
-2.60803e-16
-1.05266e-16
1.9977e-16
-7.66643e-10
-7.18921e-9
4.63555e-9
2.32975e-9
3.20869e-9
1.93717e-9
-2.70546e-9
1.45449e-8
-1.16183e-8
5.44691e-8
-2.3261e-9
3.76994e-8
9.48628e-8
1.06465e-11
5.68334e-11
6.83226e-11
-1.7423e-9
6.11765e-10
-3.91801e-8
-2.18847e-8
-2.13431e-9
3.42829e-8
-2.5822e-8
-2.72736e-11
6.17893e-12
-2.29617e-11
-2.02837e-11
-6.54428e-8
1.43138e-8
-1.24389e-7
2.32124e-8
-8.48176e-13
-1.43544e-12
6.38836e-12
1.62157e-8
1.05564e-8
1.01163e-8
1.55155e-8
3.43284e-13
-8.96112e-14
-2.85192e-9
-8.53046e-9
-1.23237e-7
1.66296e-8
3.64326e-14
-3.96701e-14
1.02304e-7
-1.41828e-8
-6.78117e-8
-1.98918e-8
1.19431e-13
-2.31458e-13
1.30921e-7
1.40762e-9
2.73937e-7
-7.16794e-8
1.71638e-13
-1.99655e-13
-2.32444e-7
6.07871e-8
4.31077e-8
1.12619e-13
-7.79397e-14
-1.97344e-8
5.46491e-9
-4.06055e-14
2.57355e-14
-8.7928e-10
-3.34844e-9
-1.54545e-14
7.59197e-15
8.76369e-9
-3.53881e-9
4.50867e-15
-2.20385e-15
2.75645e-8
-9.19565e-9
7.67207e-16
-3.13637e-16
4.60686e-8
-1.49756e-7
-3.24751e-16
1.91321e-16
-1.50378e-16
2.61119e-16
-1.11073e-6
-1.91899e-7
-2.07437e-8
4.64364e-8
8.26423e-7
6.48601e-17
-8.88401e-18
-5.18721e-7
-7.01342e-18
-6.79759e-18
-1.78234e-17
-2.60508e-17
6.56328e-18
-5.45978e-19
1.79636e-17
1.48792e-17
-9.99107e-17
4.72559e-8
1.43386e-7
-7.635e-8
-5.85405e-8
9.92294e-8
-1.69747e-7
-3.64331e-7
-5.20699e-17
1.40756e-16
-1.22136e-16
5.26395e-16
1.37053e-16
-5.36817e-16
9.08217e-9
1.73004e-8
-2.51841e-8
-4.28127e-8
3.78503e-16
-1.48265e-15
-3.19731e-16
8.81348e-16
-2.17075e-10
-1.0149e-9
1.00075e-9
3.70425e-9
-2.15774e-15
1.3593e-15
6.16423e-13
1.81403e-12
-8.14803e-12
-1.81658e-11
-8.17313e-16
5.89938e-16
1.75307e-13
3.08631e-12
1.28272e-12
-6.57526e-12
1.37701e-16
2.03749e-17
1.21628e-13
-2.57325e-13
-1.82216e-14
-5.2346e-13
1.35431e-16
4.85665e-18
2.06156e-14
9.25622e-16
-2.38581e-14
-1.12746e-13
2.314e-17
4.0423e-17
3.24198e-15
-1.803e-14
1.23209e-18
-3.98716e-18
-1.34474e-18
-4.17447e-18
-1.57653e-14
2.50419e-14
6.44845e-14
-2.21881e-14
5.17482e-18
-8.00638e-18
2.01666e-17
5.00615e-18
1.83812e-15
-3.96322e-15
-6.83275e-15
7.42807e-15
1.96313e-17
-4.54479e-17
2.47061e-17
-3.00861e-17
5.70045e-17
-4.8209e-18
5.36314e-16
-2.40237e-15
2.88073e-15
-1.60774e-15
4.94493e-15
-3.35648e-15
-3.29195e-16
1.15263e-15
-2.41113e-15
3.16097e-15
-3.10923e-15
1.69496e-15
-7.60712e-10
-9.71449e-10
8.93622e-10
-3.70652e-9
2.78334e-9
-9.32634e-9
-1.54133e-8
-1.17157e-11
-9.04943e-12
2.45196e-10
-2.27553e-10
3.43462e-10
8.51308e-11
-2.03631e-10
8.25113e-10
-3.32818e-10
5.14078e-10
5.4171e-9
-1.09469e-8
4.39056e-9
1.30939e-8
1.01812e-8
-2.23016e-9
-3.12794e-12
3.27816e-12
5.36106e-12
2.45633e-11
-3.99319e-10
-1.34274e-9
2.76945e-9
-2.84938e-9
-1.72672e-12
5.2038e-13
-1.32961e-12
-6.91362e-13
-5.92817e-9
1.07341e-9
-7.05982e-9
7.9887e-10
-1.00911e-13
4.6253e-13
2.06655e-9
5.50147e-10
8.47356e-14
-2.33489e-14
-2.44281e-14
-7.13768e-10
3.37932e-14
-4.26809e-14
-1.08268e-15
4.76795e-9
3.73358e-14
-4.68702e-14
-1.95699e-14
5.95943e-14
1.8125e-8
-1.37225e-8
1.35055e-14
-1.98646e-14
6.50816e-9
2.88984e-9
1.3522e-14
-8.0898e-15
-1.57582e-9
-1.55794e-11
-3.84037e-15
2.33755e-15
-4.3106e-10
-3.12242e-10
-1.28685e-15
6.37273e-16
2.30774e-9
-6.02931e-9
3.74547e-16
-1.34949e-16
2.99629e-9
7.80241e-10
2.52479e-17
-3.90122e-17
-9.21186e-9
-5.6963e-18
1.74752e-7
-4.14394e-18
-1.39689e-17
-1.17614e-17
-2.51543e-18
4.27706e-7
-2.2621e-7
1.73258e-7
-9.73106e-8
-1.38281e-17
-7.99146e-18
5.72387e-7
-3.12376e-7
-1.3225e-6
-1.60338e-17
-1.02962e-17
-5.85379e-7
3.88706e-7
1.0299e-6
-8.36487e-18
-2.35741e-18
5.51484e-7
-4.41596e-7
-8.41212e-7
-1.54989e-17
-6.42476e-18
-4.24659e-7
4.08011e-7
6.20134e-7
4.35131e-17
-1.81118e-17
3.01203e-7
-2.57946e-7
-2.76196e-17
3.51035e-17
-2.68149e-17
-7.88474e-18
-7.75279e-18
2.31472e-17
-3.76625e-17
6.03607e-8
8.25872e-8
-1.29343e-7
-2.04533e-7
3.53051e-17
-1.01388e-16
-5.53326e-17
8.16478e-17
-3.83511e-9
-1.17038e-8
1.25766e-8
3.22932e-8
-2.2198e-16
6.40371e-16
1.36045e-16
-1.1709e-16
2.9864e-11
1.16929e-10
-8.38054e-11
-6.08071e-10
-4.13087e-16
3.76691e-16
-2.68937e-16
1.91797e-11
-1.78154e-16
1.44175e-16
-2.23788e-16
1.26147e-12
3.04717e-17
-1.14293e-17
-3.71207e-18
5.57501e-13
2.41983e-17
2.06462e-18
9.2617e-18
-7.64823e-19
3.66085e-14
-2.30667e-13
6.22099e-14
1.95846e-13
-1.14041e-19
-6.24492e-18
-3.00267e-18
5.67471e-18
-4.27484e-14
3.39659e-14
1.96835e-13
-9.46532e-14
1.04421e-17
2.84894e-17
-2.51852e-17
1.19665e-16
7.90695e-15
-1.20584e-14
-1.88261e-14
8.93597e-15
-4.14962e-18
-1.90796e-16
6.25157e-16
-1.63973e-15
7.73819e-16
4.14988e-15
-2.17156e-15
-7.45154e-15
4.12218e-15
8.79988e-15
-5.04372e-15
-6.70411e-15
3.76384e-15
3.02802e-15
-1.03953e-15
-4.6232e-15
7.91923e-15
-8.20878e-15
6.63334e-11
4.30991e-11
-5.96565e-11
-8.06596e-11
-2.48496e-11
2.57463e-11
-1.60749e-10
-3.88414e-11
1.25462e-10
-1.98643e-9
1.60051e-10
-1.03976e-9
-1.92934e-9
-6.52573e-13
-7.29739e-13
-1.15826e-11
-3.97842e-12
6.43155e-12
5.65761e-10
-2.04686e-11
6.39309e-10
7.9525e-10
7.08256e-11
-2.98284e-13
2.40792e-13
2.52556e-13
1.0267e-13
1.77777e-10
-1.80481e-10
6.8176e-10
-3.34698e-10
-1.9286e-13
-7.1494e-14
-1.07325e-14
-4.42231e-10
6.156e-11
-1.22164e-9
2.80119e-14
-2.34066e-14
-1.26018e-14
-1.67704e-10
3.14511e-10
1.92131e-9
1.23293e-14
-1.11821e-14
-3.40422e-15
-2.25707e-9
2.75379e-10
1.74977e-9
9.33058e-15
-1.28575e-14
3.73625e-15
-3.40297e-9
5.99413e-10
-1.6848e-9
3.20949e-15
-4.28123e-15
5.84258e-16
3.91503e-15
1.96646e-10
-6.01654e-10
1.72194e-16
-1.16915e-15
5.11347e-10
6.53839e-11
9.20368e-16
-7.10798e-16
-4.13283e-11
-3.20317e-10
-8.59861e-17
1.38218e-16
3.88713e-10
4.44243e-11
-1.50818e-16
3.94354e-18
4.07102e-18
2.85371e-10
2.80142e-9
-2.75274e-17
-2.87648e-8
7.43535e-9
-3.20647e-17
-9.59625e-18
-1.15179e-8
-3.32745e-9
-2.55465e-17
-2.19414e-17
5.4522e-8
-1.63144e-17
-9.55069e-18
-7.23288e-18
-7.97502e-18
4.4398e-18
4.04305e-17
-1.70726e-17
-2.79481e-17
-6.7868e-18
-2.7165e-17
-3.51093e-7
-3.05114e-7
2.78128e-7
2.48773e-7
4.3441e-7
4.07896e-7
-2.68055e-17
1.21893e-17
5.76269e-19
-4.82121e-18
3.58433e-17
-3.60897e-8
-7.77366e-8
8.63075e-8
1.63039e-7
5.13058e-18
5.51108e-17
2.36696e-18
-2.6769e-18
2.34589e-10
2.5586e-9
-3.98746e-10
-9.24517e-9
-1.4702e-17
2.70511e-17
1.46772e-17
5.77602e-12
-9.63308e-11
2.90957e-10
-1.04019e-16
7.89755e-17
-8.74263e-17
2.1219e-12
-1.53097e-11
4.22711e-11
-3.15861e-17
2.40619e-17
-6.43363e-17
6.9227e-13
-5.30552e-12
1.4922e-11
2.07682e-18
3.88741e-20
3.16401e-18
2.40383e-17
-1.64767e-12
4.85457e-12
3.58123e-18
5.70654e-19
2.54762e-18
1.30085e-17
2.2996e-13
-7.28108e-13
2.75783e-14
1.41456e-12
1.17223e-17
5.11648e-17
-2.71531e-17
4.15365e-17
-2.03011e-14
4.80407e-14
2.08349e-14
-1.58651e-13
-2.26657e-16
8.50476e-17
5.10411e-17
1.09193e-16
-5.22803e-17
-9.05103e-16
-1.48941e-14
1.13302e-14
2.4064e-14
-2.70833e-14
1.53753e-14
2.67218e-14
2.47347e-15
-7.31184e-15
1.26598e-14
-1.40817e-14
9.28531e-15
-1.90173e-15
2.07031e-11
3.68568e-12
2.69714e-11
3.82672e-11
-5.55154e-11
2.26954e-10
6.82249e-10
3.58573e-12
1.51326e-11
-2.07994e-12
-4.81311e-12
-4.21097e-12
-3.46631e-12
-4.47193e-12
-1.37547e-11
8.40223e-12
-1.12796e-11
-2.27513e-10
5.78105e-11
-1.55111e-10
3.2422e-11
-1.4292e-10
8.71531e-14
-7.59605e-14
-7.67096e-13
1.03545e-13
-1.28565e-12
6.07549e-11
5.52095e-13
3.45231e-11
5.68826e-11
-6.08106e-14
8.38209e-15
1.80988e-14
8.28755e-14
8.46229e-15
5.14431e-11
-2.99743e-11
-2.21223e-11
-6.19231e-15
-5.31506e-15
4.31447e-16
-1.02573e-10
4.51049e-11
-4.3229e-12
1.59227e-15
-3.14802e-15
-1.27632e-15
-2.15409e-10
6.26768e-11
4.66261e-10
2.29402e-15
-3.30304e-15
1.44628e-15
-4.0477e-10
-1.40548e-12
5.78594e-10
6.75038e-16
-1.24413e-15
9.04018e-16
-1.57936e-10
-1.10172e-10
7.85884e-11
-2.22965e-16
-9.68801e-16
8.15556e-16
-6.58058e-16
3.27511e-16
-3.40677e-11
-2.56778e-11
6.23318e-11
-2.15698e-16
-2.54609e-16
6.56966e-17
-1.43269e-16
-1.53126e-17
-3.50058e-11
-2.59591e-10
4.13563e-18
-2.01693e-9
4.31174e-10
-4.05078e-17
-2.22709e-17
-1.08499e-10
-5.02765e-10
3.34837e-17
-1.75283e-17
3.44954e-19
-2.54398e-9
-3.67789e-8
-1.78541e-19
-4.77428e-18
-8.67691e-8
5.42959e-8
4.99248e-18
-2.25359e-18
-1.32506e-7
1.92019e-7
-5.76676e-18
-2.62321e-18
2.64438e-7
-3.06049e-7
-8.31906e-18
-1.81033e-17
-4.15127e-7
4.15634e-7
-1.14729e-17
-2.83687e-18
4.93085e-7
-4.55285e-7
2.463e-17
-3.25045e-17
-5.0748e-7
6.52908e-18
-1.31591e-17
1.43375e-18
-1.23492e-17
4.23138e-18
4.00565e-18
3.07429e-7
4.2992e-7
-2.90343e-7
-1.7361e-7
-4.82262e-7
-5.41946e-7
2.32563e-17
4.79456e-17
-6.92371e-17
6.97326e-17
-3.14087e-17
-2.54231e-17
-5.94082e-10
3.40824e-8
-7.80535e-8
1.15872e-17
-2.84555e-17
-4.70807e-18
-2.55351e-11
-1.06148e-9
2.97535e-9
2.07586e-17
-3.51778e-18
3.55066e-18
9.17943e-12
-1.64317e-10
5.4821e-10
7.24049e-18
1.78701e-17
-2.6662e-17
2.6338e-12
-5.01044e-11
1.4639e-10
1.2616e-17
-1.20772e-17
5.0417e-18
5.36465e-13
-1.47037e-11
4.22806e-11
1.13848e-17
2.43149e-17
1.5519e-17
-8.80024e-18
-4.26618e-12
1.26405e-11
8.91729e-19
-7.24755e-18
3.11603e-17
-2.51799e-17
-3.64164e-17
1.58473e-18
6.77449e-13
-1.00809e-12
3.22844e-12
-1.26619e-16
1.27243e-16
7.15054e-17
5.87584e-17
-1.29889e-16
1.93919e-16
3.83778e-14
-3.17293e-14
-2.77256e-14
7.4743e-14
-6.05317e-14
-1.94623e-13
1.31613e-15
-1.86487e-15
5.31295e-15
-3.56971e-15
-2.0237e-14
1.20351e-14
2.9231e-14
-1.99985e-14
-2.92003e-14
2.08242e-14
1.17503e-14
-1.10782e-14
8.27151e-15
-2.01014e-15
-2.15103e-14
1.65845e-12
1.74758e-12
5.68053e-13
4.1457e-12
1.92089e-13
-2.70602e-13
4.05524e-11
4.42311e-11
-2.9647e-11
9.48531e-13
-1.04956e-13
-1.96961e-13
1.50983e-14
-7.23881e-13
-1.23025e-12
1.91985e-13
-7.33054e-13
1.31108e-12
-9.20849e-12
-2.03455e-11
1.33582e-12
5.28803e-12
-6.29913e-14
-1.91307e-11
1.79104e-11
1.21545e-15
3.28715e-15
-2.00924e-14
1.24813e-14
2.37987e-14
-2.16393e-12
5.27799e-12
6.55459e-12
-1.27074e-12
-3.03131e-11
4.43215e-16
2.58351e-15
5.00446e-15
-1.18478e-15
5.72284e-12
-6.80185e-13
-7.4268e-12
4.09923e-12
-7.52859e-16
-2.24869e-16
-3.70489e-18
-3.90836e-11
1.02199e-11
6.76699e-11
2.55043e-16
-7.70724e-16
4.45309e-16
-4.96794e-11
-4.43172e-12
1.41133e-10
1.02504e-16
-2.92528e-16
4.36253e-16
4.92292e-12
-3.90082e-11
4.12448e-11
-2.33294e-16
-8.80586e-16
9.89947e-16
-9.30214e-16
9.9734e-16
-1.19359e-12
-7.83813e-12
6.04791e-12
2.98313e-12
5.81871e-13
-2.31214e-16
-6.25059e-16
5.58201e-16
-5.07306e-16
2.68278e-16
6.18025e-12
-2.03005e-13
4.82332e-11
2.01568e-11
-9.25369e-11
-1.52318e-16
-9.12616e-17
4.98794e-17
-4.03823e-17
-3.86151e-18
5.01316e-10
6.00161e-9
5.1989e-17
1.53809e-17
2.50662e-8
-1.62356e-8
-8.29e-17
3.385e-8
-2.64772e-8
3.76705e-17
1.82227e-16
-8.0865e-17
3.85528e-17
-1.09913e-7
1.55936e-7
-8.74436e-8
1.01066e-7
-8.01396e-18
-8.49601e-18
1.95874e-7
-2.23364e-7
-2.24941e-7
-6.36601e-18
-2.64529e-17
-2.91877e-7
3.31313e-7
4.06699e-7
4.35922e-17
-1.85714e-17
4.78657e-7
-3.42256e-7
-4.92073e-7
2.02229e-18
1.46225e-18
4.03974e-19
-5.79832e-7
5.68994e-7
7.62446e-18
1.86755e-17
5.96877e-7
3.15398e-18
2.49511e-17
-3.90803e-17
3.86506e-17
5.91008e-18
1.63457e-18
-4.53681e-8
-2.73495e-7
1.35275e-7
3.93323e-8
4.84492e-7
3.51031e-17
-3.73227e-17
2.26732e-17
-5.33787e-17
-3.8513e-17
1.79386e-9
6.92808e-9
-1.11986e-8
-2.27359e-9
-2.86118e-8
3.63288e-19
3.78272e-18
1.041e-17
-1.22653e-10
-2.39391e-10
1.31231e-9
1.46152e-17
2.56607e-17
-2.9339e-17
-4.15777e-11
-4.50202e-11
1.74506e-10
1.92066e-17
-3.16285e-17
-1.72113e-17
-1.23228e-11
-1.30543e-11
5.95388e-11
5.54084e-17
-9.61546e-17
1.27647e-16
-3.68089e-12
-3.63076e-12
1.69299e-11
-8.95962e-17
5.59488e-18
1.60592e-16
1.70019e-16
-9.5332e-17
3.20097e-13
1.16688e-12
-1.38925e-12
4.35432e-12
-9.49567e-13
2.15617e-16
1.11459e-18
-2.74104e-17
-8.6053e-16
3.40715e-16
-1.41903e-16
-1.0652e-13
1.32268e-13
-3.59862e-13
5.75642e-14
-6.94224e-16
-4.10848e-16
5.80067e-16
2.49151e-15
-1.50357e-14
3.73362e-14
-5.98809e-14
3.76566e-14
5.68201e-14
-4.23486e-14
-5.29369e-14
3.43513e-14
2.21966e-14
-1.08601e-14
-2.59506e-15
1.59531e-14
-1.43528e-14
-2.81267e-14
3.44902e-14
4.59708e-14
1.67366e-13
2.92162e-14
9.07733e-14
1.81599e-13
-1.06889e-13
3.85709e-13
-3.90503e-13
2.11677e-12
3.56593e-12
-1.62895e-12
9.43385e-13
-5.36583e-15
-3.34972e-14
-2.14227e-15
-4.27277e-14
9.64401e-15
-1.51336e-14
-5.17993e-14
-8.71709e-13
5.68241e-13
-1.78319e-12
-2.80754e-13
-1.09571e-12
5.13156e-16
4.5406e-16
-1.0231e-15
4.5747e-15
3.57746e-16
1.02634e-13
-1.49771e-14
5.86609e-13
-8.22451e-13
-5.47804e-13
-3.01714e-17
1.87895e-16
1.85797e-16
-1.27467e-16
9.21832e-13
8.69545e-14
-5.53356e-12
1.19813e-11
-2.30762e-17
-7.54581e-17
1.33213e-16
-8.38015e-12
-8.21633e-13
2.72607e-11
-1.16335e-17
-4.51204e-17
1.37555e-16
6.50387e-12
-9.0354e-12
6.02196e-12
7.81519e-17
-3.80839e-16
7.928e-16
-7.50722e-16
9.92748e-16
4.89032e-13
-1.07257e-12
1.23098e-12
5.01387e-13
-2.58575e-13
-7.50142e-17
-5.9854e-16
8.20363e-16
-7.32349e-16
7.40313e-16
-2.07309e-12
-4.27843e-14
-7.34205e-12
9.91881e-12
-1.28765e-11
-1.07046e-16
-4.65836e-17
1.50291e-16
-1.31603e-16
8.66038e-17
-3.36721e-10
1.78579e-10
-2.01729e-9
7.84022e-10
1.19381e-16
-1.65755e-16
-1.90688e-9
-5.33494e-10
8.42168e-9
1.0431e-16
1.67571e-16
-2.6408e-16
2.73641e-17
9.67631e-8
7.18325e-18
3.33277e-18
-3.62771e-17
3.48828e-17
1.54814e-17
-4.58339e-17
1.11056e-17
2.99032e-18
-3.37107e-17
-2.63756e-7
-3.44772e-7
5.31811e-7
3.38016e-7
4.40262e-7
-5.39818e-7
-3.88908e-17
-2.82233e-7
2.5943e-17
-1.72828e-17
3.96313e-17
-2.01586e-17
-6.97615e-18
-2.60404e-8
-3.01559e-8
1.1355e-7
2.4948e-8
1.23305e-7
1.40264e-17
-6.93614e-18
-6.93727e-18
-3.88692e-17
1.65646e-18
1.66005e-9
-1.81668e-9
-4.41075e-9
-1.0754e-9
-4.22099e-9
-1.93166e-17
3.72576e-17
-1.09615e-17
-1.09234e-10
1.97794e-10
-1.02532e-10
-9.78703e-18
1.15845e-17
-2.28586e-17
-2.6129e-11
3.0084e-11
-2.02833e-11
1.03153e-17
-1.54063e-16
7.98772e-17
-6.71873e-12
6.36396e-12
-4.13828e-12
-6.89157e-17
2.24696e-16
-3.69782e-16
1.569e-15
-1.32676e-15
5.94169e-13
-1.21944e-13
1.11917e-13
-4.56014e-13
9.62557e-13
1.39935e-15
-9.91255e-16
1.62991e-15
-6.20405e-15
3.08608e-15
-5.73673e-14
-2.97237e-14
3.14894e-14
-1.48377e-13
-2.9539e-14
-4.11803e-15
8.02453e-16
2.16276e-15
3.95454e-15
-7.89049e-15
2.92652e-14
-3.31089e-14
-7.83345e-16
-1.0298e-14
8.64725e-15
-1.36963e-14
1.93057e-14
2.63937e-14
-7.63507e-15
4.35839e-14
-5.23258e-14
4.37501e-14
-1.25195e-14
-1.26835e-13
5.3245e-14
-3.85604e-13
-7.15356e-13
1.62739e-14
8.6281e-15
2.68994e-14
-3.90023e-15
7.65304e-15
5.49891e-14
1.2093e-13
3.55964e-13
1.33646e-13
-1.47915e-13
3.6153e-13
-1.16672e-16
-3.91787e-15
-3.15693e-16
-4.67253e-15
-2.92103e-15
-1.55078e-15
9.98386e-15
-2.03356e-14
6.8564e-15
-8.3386e-14
2.73529e-14
-1.93942e-13
8.73859e-17
3.29248e-17
-2.36248e-17
6.00862e-16
-1.05659e-16
2.12472e-15
-1.23564e-14
1.24171e-13
-3.88365e-13
2.06228e-12
-4.27676e-17
2.56376e-17
-2.45754e-17
2.21529e-17
4.33566e-18
3.66471e-14
1.05823e-13
-1.44154e-12
4.73329e-12
1.11877e-17
-1.61455e-17
1.42499e-12
-8.45143e-13
2.68675e-13
8.3515e-17
-1.42948e-16
4.92536e-16
3.57479e-13
5.0123e-13
2.04882e-13
-1.91287e-13
-6.40057e-13
7.04647e-17
-1.14939e-16
3.8505e-16
-3.75405e-16
6.64888e-16
-2.73487e-12
9.78532e-12
5.89427e-13
2.04438e-11
-5.04517e-11
4.77513e-17
-7.63311e-18
6.79498e-17
-3.61698e-17
9.63488e-17
1.29023e-10
-1.57544e-10
-3.34812e-10
-4.91543e-10
7.79369e-17
-2.08104e-16
2.6643e-9
7.93595e-10
-6.90165e-9
-1.34193e-16
5.98126e-17
-1.61514e-16
3.69937e-17
-3.75453e-17
-1.44209e-7
1.76089e-7
-1.34552e-7
1.4606e-7
1.5329e-17
-7.11965e-19
-1.83913e-7
2.17841e-7
1.80253e-17
1.96982e-17
2.46845e-7
-3.24386e-7
1.26944e-18
-2.83451e-7
8.37535e-18
1.95403e-17
-3.56972e-17
1.14335e-18
1.96781e-17
-5.37711e-17
-6.93363e-8
-7.32131e-8
2.20825e-7
1.04649e-7
1.85943e-7
-1.42213e-7
-1.35439e-17
-6.31577e-8
3.78697e-17
-4.22371e-18
4.27166e-17
-5.17465e-18
-2.80109e-17
-5.02851e-9
1.56514e-9
1.91176e-8
2.93012e-9
1.81608e-8
4.24914e-17
-3.84444e-17
2.21565e-17
-3.14188e-18
-1.75992e-17
1.91549e-10
-7.20957e-10
-1.33855e-10
-8.94463e-12
5.21417e-10
2.00886e-17
-2.40718e-17
2.30161e-12
1.34699e-11
-3.74004e-11
5.62626e-18
-1.94818e-17
7.0074e-13
4.53742e-13
-1.4814e-13
4.42871e-17
6.56928e-16
-2.10048e-15
4.64808e-15
-2.3147e-15
-1.11519e-14
-1.60663e-14
2.03842e-14
-6.8482e-14
-3.07547e-14
2.63179e-15
-6.08305e-15
1.47776e-14
-2.55447e-14
1.45493e-14
-1.15389e-14
-2.09856e-14
8.91519e-15
-5.80524e-15
4.17619e-14
-1.60352e-14
6.1139e-15
1.01543e-14
-1.29838e-15
6.47628e-15
7.38128e-15
-1.57454e-14
-7.88254e-16
-5.05814e-15
3.89632e-15
-5.50884e-15
9.05437e-15
6.84228e-15
-6.57519e-15
2.56422e-14
-3.62835e-14
-2.78874e-14
4.10148e-14
2.40614e-14
-3.72755e-14
-3.7829e-15
1.11169e-14
-6.56484e-15
-9.72347e-15
-2.75832e-14
-1.07874e-13
1.58736e-15
1.50256e-15
1.31191e-15
1.11652e-15
-4.41556e-16
2.7042e-15
5.70745e-15
1.50971e-14
2.67831e-14
-2.0143e-15
-6.17906e-15
2.18188e-14
1.75456e-17
-5.21071e-16
5.63734e-17
4.64186e-18
-5.81107e-16
1.23771e-15
2.18856e-15
1.19604e-16
-5.4571e-15
1.07144e-14
-5.68368e-14
1.85621e-17
-3.02802e-17
1.78588e-17
2.49415e-18
-5.41437e-18
-1.10091e-16
-5.07457e-15
1.43962e-15
-2.64651e-14
5.3995e-13
1.22243e-17
-1.3196e-17
8.48388e-18
4.64813e-18
-1.17572e-14
-1.29148e-14
-1.69168e-13
-3.2381e-13
-9.07783e-18
3.96429e-18
3.43689e-18
2.23026e-18
4.92787e-13
3.28495e-13
-4.64238e-13
-1.46917e-12
-1.17637e-17
-8.38138e-18
-2.24657e-13
4.12611e-12
6.45599e-12
2.80708e-17
-2.40604e-17
8.59745e-17
-3.82254e-11
-4.64226e-12
-2.69869e-11
7.48296e-11
-5.76285e-18
-5.20472e-12
-1.47891e-17
2.80018e-17
-3.33574e-17
5.40679e-10
1.5104e-9
2.2763e-10
-1.94301e-9
-2.95174e-17
7.18948e-17
7.23708e-9
2.45698e-10
-3.54345e-17
-2.23983e-8
1.24863e-16
-6.03924e-17
1.25918e-17
-2.16653e-7
1.85367e-7
-1.32447e-7
1.48965e-7
1.26116e-17
1.14557e-17
-1.19074e-7
1.4476e-7
6.137e-18
1.73138e-17
1.13519e-7
-1.70722e-7
-9.65685e-18
-1.1804e-7
3.09729e-18
1.47585e-17
3.37716e-18
-4.77752e-18
-5.16513e-18
-1.51346e-8
-4.25225e-9
4.9486e-8
2.19939e-8
7.49262e-8
-3.26157e-8
4.53537e-18
-7.76921e-9
7.04256e-18
-1.75714e-17
-7.46993e-18
-4.21668e-18
-4.70485e-10
1.35726e-9
6.36453e-10
-8.06508e-11
1.6699e-9
-6.16558e-18
3.02876e-17
9.48324e-18
-6.63233e-18
-5.07379e-12
9.29578e-12
7.17518e-11
-4.55633e-11
3.09941e-17
2.97854e-17
-6.68371e-17
3.8988e-17
-4.77254e-13
6.78244e-12
-1.7577e-12
9.16527e-13
2.69885e-16
-1.8508e-16
-8.22068e-16
6.15302e-16
5.15881e-14
9.36685e-14
-2.25166e-13
2.71283e-13
2.21407e-15
-5.05227e-15
-6.15502e-15
-1.31499e-15
-2.04477e-15
9.92158e-15
-7.60407e-15
-1.7174e-14
2.65574e-14
-2.77533e-15
-2.63389e-15
1.23742e-15
1.86488e-16
1.83296e-15
-3.20583e-14
2.69144e-14
2.90996e-14
-2.2459e-14
-1.89369e-14
2.12978e-15
3.08834e-16
-4.23619e-15
8.63821e-15
-5.08499e-15
4.49e-15
1.08641e-15
-1.58537e-15
5.98963e-16
-1.39418e-14
-1.96451e-15
1.49724e-14
1.94527e-16
-9.42612e-15
1.74871e-15
-1.89278e-15
-7.27792e-16
-1.28023e-15
-3.48722e-15
-9.00338e-15
1.95043e-16
-2.80509e-17
1.70489e-16
1.82822e-16
2.97439e-16
6.50126e-16
1.7458e-15
1.1448e-15
-8.06172e-16
-2.16223e-16
2.72241e-15
1.98588e-17
-8.1691e-18
4.79355e-17
-7.26106e-18
-5.81561e-17
1.1796e-17
-4.9502e-17
-3.45159e-17
-1.83591e-16
-3.01539e-16
-2.60717e-16
-7.15611e-16
8.15662e-16
-4.5065e-16
9.12681e-16
4.79066e-15
9.01437e-15
5.27618e-18
-7.41304e-18
-7.10343e-17
-1.47841e-18
2.26705e-17
-1.03622e-14
-9.46812e-16
-2.76448e-15
-2.37833e-14
-1.31374e-14
1.48493e-17
-5.94638e-18
8.25499e-17
8.90415e-17
1.4688e-13
-1.29313e-13
-4.85359e-13
-1.49119e-12
-2.18201e-17
-3.13937e-17
9.43927e-17
8.55302e-17
8.31253e-13
1.30816e-12
1.2723e-12
-6.01754e-12
-4.07584e-18
-3.27559e-18
7.67714e-17
1.7095e-17
-1.79673e-11
4.0353e-11
8.77467e-11
1.09895e-10
-1.9514e-17
2.79429e-17
-8.3554e-18
-3.20831e-10
4.27981e-10
-5.34265e-10
9.96591e-10
-1.32136e-17
-1.89367e-18
-1.71575e-17
-2.60641e-9
-5.31764e-9
4.80108e-17
-2.86107e-17
3.98951e-17
6.53925e-9
-5.09048e-9
1.93917e-8
-1.5334e-8
3.48004e-17
-1.43415e-17
3.08977e-8
-8.4931e-8
3.99659e-17
1.1614e-17
-8.54328e-18
-2.00645e-8
1.94914e-8
-8.23302e-8
-7.70165e-18
-8.59164e-18
6.40519e-19
2.11935e-8
-3.64874e-8
7.86621e-8
4.28429e-18
5.1874e-18
-1.29386e-17
-1.77548e-8
4.38799e-8
-9.58677e-8
1.52653e-17
8.50679e-18
5.44574e-9
-1.93646e-8
-3.12395e-18
-1.4556e-17
-1.09876e-8
1.71426e-8
-3.56837e-18
2.87096e-17
4.07296e-9
-1.45594e-8
-3.11913e-17
2.30248e-17
1.46869e-17
-5.64156e-19
-1.25665e-17
-5.78473e-18
3.2772e-10
-8.40785e-10
-3.52401e-10
-2.14487e-10
-4.15716e-10
3.95193e-10
-2.11531e-17
6.7128e-18
5.11987e-18
-2.41729e-17
-6.19447e-18
-3.78323e-12
3.84124e-11
-3.14745e-12
6.45402e-11
-4.35677e-17
6.35389e-17
1.48193e-16
-2.25404e-16
1.55864e-13
3.83963e-13
-1.28559e-12
2.12329e-12
-5.65456e-16
7.12471e-16
1.52668e-15
-1.92623e-15
2.23406e-14
-7.11146e-14
-6.08415e-14
2.92893e-14
-3.72022e-15
4.60174e-15
8.07619e-15
-9.57585e-15
-1.55132e-16
-3.38754e-15
2.11408e-15
-4.01488e-15
-1.59694e-14
1.71379e-14
2.28746e-14
-2.54877e-14
-2.92512e-14
3.23557e-14
-5.99574e-16
3.78697e-16
6.13146e-16
-4.89639e-16
-2.84828e-17
-6.34318e-16
3.65751e-14
-3.47423e-14
-3.90892e-14
3.13505e-14
3.72427e-14
-2.93007e-14
1.42009e-14
-2.80283e-14
1.88823e-14
-8.95441e-15
1.75303e-14
-1.05899e-14
5.03576e-15
-1.05704e-14
5.43685e-15
-2.27052e-15
9.97725e-15
-1.02197e-14
6.20741e-16
1.96917e-15
-2.15216e-17
9.2793e-17
2.83628e-18
-7.94234e-17
3.11166e-16
-3.64207e-16
-3.82284e-16
1.96678e-15
-7.23669e-16
1.79536e-16
8.6108e-17
-1.58209e-16
2.34161e-16
-4.96374e-17
-2.28713e-16
-1.63617e-17
3.30836e-16
-1.01264e-15
2.83127e-15
-8.21559e-16
-5.41165e-15
1.28846e-14
4.88381e-15
4.166e-14
-3.14646e-16
-3.78797e-16
4.40179e-16
-4.26455e-16
4.68248e-16
-2.7783e-14
-5.36449e-14
-6.94959e-17
-1.71932e-14
6.87379e-14
-3.26957e-16
-3.39128e-16
1.8336e-15
1.72398e-15
6.33629e-13
-8.9902e-13
-3.40784e-12
-8.96565e-12
-3.53528e-16
-2.72745e-16
1.87435e-15
1.67809e-15
1.37244e-11
-1.13472e-11
-4.91551e-11
-1.41075e-10
8.18456e-17
-1.16858e-17
1.86766e-15
3.69276e-16
1.51433e-10
-1.1088e-10
-3.64856e-10
-1.20355e-9
-1.19434e-16
1.09316e-16
1.02376e-16
1.17389e-9
-5.7867e-10
2.52901e-9
-2.0639e-9
-6.64167e-17
-1.02667e-17
-2.42607e-16
3.10082e-9
1.00083e-8
1.33679e-16
6.12143e-17
-1.75011e-17
-6.10041e-9
3.15378e-9
-1.50916e-8
8.31523e-9
3.23465e-17
-8.14822e-18
-7.60441e-9
1.27249e-8
-2.36645e-17
2.54393e-18
6.56747e-9
-1.21122e-8
3.90776e-17
-1.48494e-18
-4.19268e-9
8.32521e-9
3.75227e-17
4.94216e-18
1.95307e-9
-3.50841e-9
9.6079e-18
3.00531e-17
-2.23565e-9
5.54392e-9
-2.11752e-17
2.49442e-17
3.29007e-17
-6.14086e-17
9.63666e-18
2.57054e-18
-3.3215e-11
1.28754e-10
1.97238e-10
1.04991e-10
9.21951e-10
-2.65517e-10
2.7648e-17
-1.44322e-16
-2.2155e-17
-4.66439e-17
4.7008e-17
5.05236e-12
-2.0671e-11
-1.27381e-11
-2.28342e-11
8.08658e-17
-1.49351e-16
-1.4635e-16
3.93481e-16
1.5434e-13
-9.38523e-13
-3.43882e-13
-1.97627e-12
7.35187e-16
-1.12631e-15
-1.86308e-15
2.86594e-15
-1.21718e-15
-3.45207e-14
8.38094e-15
-2.75015e-14
4.78762e-15
-5.63126e-15
-7.76421e-15
1.46079e-14
-9.28405e-16
-3.61865e-15
1.92526e-15
1.33428e-14
1.49165e-14
-2.0438e-14
-3.13286e-14
2.35919e-14
2.47271e-14
-3.41849e-14
9.81502e-16
3.24223e-15
-7.08789e-16
1.32296e-15
-4.0513e-15
9.06688e-16
-4.31168e-14
4.21897e-14
5.09403e-14
-4.32361e-14
-4.83663e-14
3.63437e-14
4.09552e-14
-2.61734e-14
-2.53909e-14
1.43646e-14
1.41633e-14
-1.01593e-14
-8.66848e-16
3.66938e-16
-1.17164e-15
3.30524e-15
-1.25849e-14
1.23567e-14
1.65322e-15
-3.61926e-15
7.65244e-17
2.54515e-15
-2.26107e-15
4.68042e-15
-9.096e-15
4.16481e-14
-8.21657e-15
1.57411e-13
3.11879e-14
-6.84857e-15
-7.68172e-15
8.10113e-15
-1.17889e-14
-2.45679e-16
2.21522e-14
-1.66808e-15
6.87995e-15
-1.74639e-14
1.85824e-14
-1.68721e-13
9.12729e-14
-6.41796e-13
5.19504e-13
3.45958e-12
-9.26473e-15
-8.69993e-15
-3.47335e-14
3.80083e-14
-6.18798e-14
3.73093e-12
-1.68864e-12
-2.29989e-12
6.33412e-12
3.94175e-11
-7.89191e-15
-6.5066e-15
5.25775e-14
-6.08871e-14
-3.33847e-11
3.00978e-11
7.04636e-11
3.35424e-10
-2.05109e-16
3.66964e-14
-3.1799e-14
7.5355e-15
-2.28985e-10
1.45917e-10
-3.44774e-10
4.34023e-10
1.16512e-9
-1.40638e-15
1.24122e-15
1.69524e-14
-6.03739e-10
-2.23315e-9
-2.35761e-16
-4.16114e-15
-1.02625e-15
3.67163e-16
1.36401e-9
-7.52306e-10
2.17799e-9
-1.70688e-9
-4.61021e-9
5.25017e-17
-1.3506e-15
-3.40605e-16
1.42088e-9
-2.27537e-9
4.32465e-9
-3.58794e-17
1.67996e-15
3.72086e-16
-1.03352e-9
1.79814e-9
-3.46277e-9
-1.29115e-16
-2.5694e-15
3.48004e-16
5.8939e-10
-1.03506e-9
2.11979e-9
-1.45051e-17
-3.3129e-16
-4.66456e-17
-2.18779e-10
5.08087e-10
-1.18093e-9
1.69024e-16
-9.59388e-18
5.2786e-11
-2.60938e-10
-4.42113e-19
2.03511e-11
2.56747e-16
1.11671e-15
-7.82838e-16
4.35087e-15
-7.33443e-16
3.60848e-16
1.19402e-12
1.01703e-12
-6.51247e-12
1.59423e-13
-4.04058e-11
8.27004e-12
3.63794e-17
-4.17432e-16
2.82563e-17
1.56297e-15
-9.67409e-16
-3.36401e-13
2.07752e-13
4.78996e-13
7.17281e-13
-1.53695e-15
1.80268e-15
-3.45359e-16
-3.60488e-15
3.666e-14
-2.02303e-13
3.31673e-14
1.09127e-12
-3.31869e-15
8.07369e-15
-4.11837e-15
2.94428e-14
-1.67452e-14
-3.62949e-14
4.39453e-14
-6.94374e-14
9.46805e-14
1.49515e-14
-8.22541e-13
4.85164e-13
-1.28685e-13
1.38186e-14
9.67525e-14
-7.69565e-14
5.05519e-14
-1.66039e-13
1.0375e-13
-6.73327e-14
2.05105e-13
-1.25082e-13
7.27607e-14
-3.5798e-13
1.56166e-13
-7.08775e-14
1.04919e-13
-5.36088e-14
3.11915e-14
-1.22239e-13
4.97219e-14
-1.94972e-14
4.51502e-14
-4.55801e-15
-1.53688e-14
6.1901e-14
3.04296e-14
5.54737e-13
8.59792e-14
-8.27902e-14
3.60959e-15
-3.64328e-13
1.24283e-13
2.19942e-14
-2.01443e-13
-2.10154e-13
8.21587e-14
2.39068e-12
-1.15601e-11
1.87061e-13
2.32215e-14
3.16631e-13
-3.11985e-13
-9.44304e-15
-9.31673e-13
8.67343e-13
-6.85396e-13
5.87416e-13
2.13594e-13
3.13216e-13
-8.17455e-13
-2.91246e-12
1.2728e-11
-6.95169e-11
7.88709e-14
1.64455e-13
1.78565e-13
-2.79816e-13
7.376e-13
-7.27065e-13
6.95863e-13
-3.48088e-12
3.70486e-12
2.39628e-12
-5.63953e-12
-2.05777e-11
7.73817e-11
-2.51132e-10
2.32931e-13
3.90749e-14
-5.72714e-14
-6.91883e-13
5.97007e-13
2.06493e-11
-1.57821e-11
-3.67295e-11
-1.49484e-10
4.30436e-10
5.29285e-15
6.95247e-14
-5.41737e-13
4.89247e-13
-1.04412e-13
9.63986e-11
-5.20805e-11
1.4507e-10
-1.32572e-10
-3.19229e-10
9.63824e-10
-6.31726e-14
-4.9771e-15
2.45818e-15
-1.80772e-13
1.42825e-10
4.15054e-10
-8.48419e-10
-6.81939e-15
1.77702e-13
-1.75796e-13
1.6011e-14
-2.72636e-10
1.48168e-10
-4.2111e-10
2.66209e-10
6.14897e-10
1.21541e-14
6.47882e-14
-3.47602e-14
-2.45291e-10
4.10059e-10
-4.80904e-10
-3.83921e-15
4.66537e-14
-2.40238e-11
1.50946e-10
9.25991e-15
-2.67564e-13
-4.30812e-14
-2.22762e-14
2.98617e-13
-1.28805e-13
5.7505e-14
-4.13586e-13
-2.04506e-11
1.27871e-11
4.17217e-12
1.70038e-10
-6.88519e-12
4.49061e-12
-3.79645e-15
-4.99465e-14
2.9249e-12
-2.27764e-12
8.84239e-15
4.86173e-13
1.89982e-14
-5.74999e-15
-2.16037e-13
3.88047e-14
2.45733e-12
4.84728e-12
-6.13377e-12
3.66532e-12
-1.68377e-11
-1.15164e-12
-1.4966e-15
7.01067e-13
-7.99576e-14
2.42666e-14
-3.63096e-13
2.35901e-13
1.09078e-12
2.51976e-12
-4.03206e-12
1.84859e-12
-7.38007e-12
-1.16378e-12
-1.12213e-13
7.0243e-13
-3.6371e-13
1.5604e-13
-1.04827e-12
2.94082e-13
-1.69117e-13
7.16662e-13
-5.20005e-13
-1.28758e-13
-9.88022e-13
7.52534e-13
9.04656e-16
4.51007e-12
-3.34102e-12
8.69125e-13
-1.14079e-12
5.30626e-13
3.03024e-13
-1.17623e-12
5.53112e-13
-4.14034e-13
9.26556e-13
-5.73087e-13
5.18974e-13
1.35525e-12
-2.28848e-12
-9.02919e-13
1.42058e-12
-3.12532e-12
4.88343e-12
-8.75797e-12
1.11072e-11
-5.98777e-13
1.32755e-12
-2.8834e-12
5.8288e-12
-1.02914e-11
1.7163e-11
-2.08201e-11
3.61775e-11
-5.41268e-13
9.48852e-13
-2.23962e-12
4.84301e-12
-9.26945e-12
1.57672e-11
-2.39039e-11
3.38914e-11
-4.22802e-11
8.33498e-11
5.48993e-13
-1.41792e-12
3.30671e-12
-6.71057e-12
1.18508e-11
-1.84669e-11
2.61955e-11
-3.51802e-11
5.11893e-11
-1.05395e-10
2.63283e-13
-7.66986e-13
1.88158e-12
-4.11317e-12
7.65181e-12
-1.22487e-11
1.73388e-11
-2.27713e-11
3.05884e-11
-4.83567e-11
7.75187e-11
-2.16625e-10
8.21195e-13
-2.11401e-12
4.29327e-12
-7.20721e-12
1.03803e-11
-1.3193e-11
1.5551e-11
-1.82575e-11
2.25923e-11
-3.86214e-11
-8.67956e-13
2.06251e-12
-3.71322e-12
5.67425e-12
-7.40794e-12
8.63252e-12
-9.7025e-12
1.24354e-11
-2.28526e-11
2.70724e-11
-1.40463e-12
2.68594e-12
-3.71859e-12
4.55828e-12
-4.91061e-12
5.05976e-12
-4.50648e-12
7.49721e-12
-1.44584e-12
2.0873e-12
-2.62172e-12
2.94514e-12
-4.73503e-12
4.55393e-12
1.19297e-12
-1.28568e-12
