0.00716594
-0.0459447
0.0345364
0.0390127
0.0597764
-0.0343233
0.0293073
-0.0359093
-0.0388266
0.0329272
-0.0477816
-0.0219698
-0.0185979
0.0494656
0.0129504
0.0232033
-0.0115363
-0.0224122
0.0763538
-0.0241913
-0.0594848
-0.1111
0.0241536
-0.0184187
0.0246458
0.106803
-0.076159
0.0859366
-0.037462
-0.0796562
0.0221801
-0.0159103
0.0631355
0.00849806
0.00544776
-0.0368081
-0.00216297
-0.00348312
0.000568743
-0.0264796
0.0771196
-0.026581
-0.0593211
0.0477109
0.0524586
-0.0909173
0.110327
-0.128195
0.126091
-0.107671
0.014486
0.0634473
-0.000620162
-0.0272747
3.17249e-5
0.000947664
9.04162e-6
-0.0238179
0.0755474
-0.0222433
0.0238826
-0.109847
0.0475149
0.10583
-0.0905117
0.120781
-0.155393
0.176519
-0.169819
0.134457
-0.0869245
0.0114019
0.0397194
-0.00442514
-0.016842
-0.000209173
0.00720993
-0.000179424
0.000956035
0.0380447
-0.0753656
0.109694
-0.155037
0.195193
-0.209963
0.188509
-0.139536
0.0826331
-0.0383176
0.0134841
-0.00334466
0.0303819
-0.0423048
0.00650909
-0.030209
0.055265
-0.0178595
-0.0459118
0.0844923
-0.127137
0.175774
-0.209587
0.209646
-0.174121
0.119262
-0.0675177
0.0325271
-0.00514417
-0.0118526
0.00224964
0.00797705
0.000685305
-0.0021902
5.8367e-7
-0.000735924
0.0290804
-0.0358919
0.0471569
-0.0781647
0.124848
-0.168836
0.187888
-0.173865
0.133478
-0.0853171
0.0458598
-0.0217044
0.00869426
-0.00544339
0.00224987
-6.90254e-5
-0.0166429
-0.0357192
0.0619176
-0.106462
0.1335
-0.138897
0.118937
-0.085212
0.0518088
-0.0280197
0.0205542
-0.0172919
0.00272221
-2.71364e-5
-0.000217941
0.0212045
-0.00998405
-0.0145597
0.0211211
-0.0358889
0.0627014
-0.0862244
0.0821754
-0.067266
0.045758
-0.0279928
0.0133256
-0.011633
0.0120263
-0.00511095
0.00198521
-0.00159747
0.0049518
0.014086
-0.0268869
0.0393858
-0.0380862
0.0323842
-0.0216454
0.020533
-0.0116329
0.0129191
-0.00297613
-0.000711871
0.000391844
-0.00317058
0.000425234
-0.000703863
0.0112395
-0.0166947
0.0134024
-0.011803
0.00867209
-0.0172892
0.0120327
-0.000692146
-0.00300248
0.00172609
-0.000642496
0.000992202
9.38124e-6
-0.00439875
0.00716673
-0.00512075
0.00795333
-0.00543129
-2.754e-5
0.00273305
-0.00513883
0.0017299
0.000394454
0.00096084
-0.000184829
-0.00333638
0.00224831
-0.002186
0.00224866
-0.00161018
-0.000214497
0.00200633
-0.00074054
-8.6202e-7
-7.06803e-5
0.000810621
0.00463519
-0.00220223
-0.0107606
-0.00790762
0.00487593
-0.00334071
0.001355
0.0268234
-0.0130681
-0.000649627
0.00688773
-0.0166164
0.0115546
-0.00773146
0.0142439
-0.010293
0.00747059
-0.00933346
0.00832628
-0.00567967
0.00429042
-0.00491829
0.00281815
0.00176356
-0.00310488
-0.000533163
-0.00087537
0.000212685
-0.00024482
-0.00595298
0.00157828
0.0117872
0.0103969
-0.000640154
-0.000371717
-0.00012165
-0.0202404
0.000673828
-0.000145438
0.000338718
-1.64138e-5
-9.79347e-5
0.000195189
-7.5217e-5
3.63407e-5
5.70516e-5
0.00239655
-0.0112135
0.00243528
0.0117655
-0.000198781
-0.0348509
-8.68015e-5
1.28255e-5
2.17853e-5
-3.48706e-5
-1.58498e-5
1.39568e-5
0.00155349
-0.00589153
-0.000228522
-0.000635459
0.0102569
-0.000188861
-0.0201058
7.1027e-5
-2.53372e-5
-0.000124374
-1.5174e-6
9.05182e-5
-8.30866e-6
5.26604e-6
-0.0104837
0.0240923
-0.00029565
-1.67124e-5
-0.00181643
0.00401118
0.00087541
0.00361519
-0.00627551
-0.000376498
-0.000777069
4.06355e-5
-8.68963e-7
-5.78904e-5
5.08484e-6
-2.51775e-6
-4.92083e-7
-1.00722e-6
-0.00983881
0.0217702
-0.030215
0.000247027
-6.56878e-5
7.73557e-6
0.00790044
-0.0127895
0.0245337
-3.01779e-5
1.45026e-5
1.41099e-5
-0.00646343
0.0104461
-0.0182647
3.42923e-5
-1.78182e-5
-3.43225e-6
0.00467767
-0.00620483
0.0106503
7.44346e-5
-1.58892e-5
7.38586e-6
-0.0025466
0.00236225
-0.00194523
0.00734018
-0.000504988
7.34179e-5
-3.41854e-5
6.36522e-6
0.00088895
0.000187359
-0.00175093
-4.03324e-5
6.24738e-5
6.11686e-5
2.41251e-5
-0.000348117
7.66407e-5
0.00012331
7.96113e-5
7.75755e-5
7.98546e-5
9.91597e-5
-4.82178e-6
-1.60888e-5
2.21368e-5
-5.90978e-5
-7.03815e-5
-4.32747e-5
-3.63279e-10
-0.000218187
0.000100954
-9.56969e-5
2.26853e-5
-1.06005e-5
2.80282e-6
3.03924e-5
-3.7573e-6
3.67223e-6
7.98769e-5
-0.000126716
-0.000297882
0.000691422
-0.000515169
-4.11325e-5
-4.91602e-6
-1.15996e-5
2.41432e-5
-7.67199e-7
-6.6288e-6
-1.10074e-5
8.01569e-7
-2.87823e-5
9.21486e-5
4.13838e-5
-6.01879e-5
0.000251099
-2.94585e-5
3.48752e-5
7.37845e-5
7.72348e-5
6.35852e-5
6.24994e-5
-1.56571e-5
-1.15433e-6
2.9526e-6
3.56042e-6
-8.02508e-6
-1.65095e-5
-1.17689e-6
-2.15277e-6
-6.79363e-5
1.4296e-5
-1.79551e-5
-1.67892e-5
-3.62076e-5
-6.01855e-5
2.50208e-5
2.23348e-5
-9.56286e-7
-4.73066e-7
8.03648e-6
1.50979e-5
-3.44223e-6
7.77297e-6
7.30332e-6
1.0793e-5
-0.00156032
0.00129953
0.00299153
-0.00192116
0.00154835
-0.00138697
-0.00468302
0.00343276
-0.00261237
0.00577236
-0.00458512
0.00358659
-0.00589669
0.00466721
-0.00334509
0.004457
-0.00331242
0.00160456
-0.00206924
0.00135359
0.000621799
0.000153466
-0.00193641
-0.000734998
0.00211024
-2.85018e-6
-1.72217e-6
6.64584e-5
0.00027437
-0.000284386
5.19604e-5
-5.08717e-5
-0.000131146
0.000831649
-0.0017731
-0.000508994
0.00110885
0.000329488
-0.000589818
4.33556e-5
-0.000246044
6.02185e-5
-9.12405e-6
-0.000163142
0.000275917
7.05705e-5
-0.000111388
0.000118733
-0.000724374
0.000122666
-1.96729e-5
-2.6194e-5
3.96107e-5
8.6079e-6
-1.26318e-5
5.87669e-5
-0.000249116
4.30299e-5
-0.000111712
-1.86082e-5
-3.60724e-6
3.74239e-6
6.54064e-7
-8.07858e-7
4.86606e-5
-3.81696e-7
-1.99915e-6
-0.000199907
0.000213782
-8.81587e-6
-1.83915e-6
7.63515e-7
1.80843e-7
-1.44523e-6
1.3484e-7
-2.70556e-7
0.000922709
5.1984e-7
0.000538851
-0.00082364
-1.01029e-5
-0.000764213
0.00157818
4.42065e-5
-0.00213255
4.70331e-7
-2.15267e-7
-5.58084e-7
-1.49607e-7
5.33105e-7
-3.25995e-8
1.01013e-7
0.00126086
-0.0023577
0.00443265
-3.54686e-6
1.12869e-6
-2.63287e-7
-0.00146538
0.00250132
-0.00437556
-2.50713e-6
3.68121e-7
-2.77166e-7
0.00140786
-0.00231366
0.00385065
3.34073e-7
1.66461e-7
-5.8294e-8
-0.00106098
0.00164039
-0.00274336
-2.49588e-6
5.56147e-7
-1.07581e-7
0.000633058
-0.000707271
0.00129777
-8.46123e-7
2.1933e-7
-1.23581e-7
-0.000349365
-0.000370317
-2.27122e-6
-2.12006e-7
-1.27963e-7
0.000214427
-0.000109297
-0.000130941
0.000126408
-8.47864e-5
-1.1636e-5
3.79597e-6
-1.31609e-6
7.30726e-7
2.90415e-5
2.46298e-5
-2.99827e-6
4.34888e-7
-3.65049e-7
-9.36465e-6
4.2693e-6
9.9919e-7
-3.10771e-6
8.05081e-7
1.49277e-7
3.1511e-7
3.69078e-7
4.4498e-7
3.86711e-8
2.72473e-7
3.32823e-6
1.2541e-7
9.8963e-7
-1.79555e-7
-1.69459e-7
-3.77688e-7
5.56965e-9
-7.12563e-7
-1.12332e-6
5.00074e-6
-1.19191e-5
-3.17601e-7
-2.64209e-6
-1.90351e-7
2.32356e-7
-2.41029e-7
8.37283e-8
8.29303e-7
-1.53716e-6
4.69044e-7
-6.09606e-7
-3.86261e-6
-2.861e-6
3.07766e-7
-2.7045e-6
-1.11591e-6
-3.1802e-7
-2.67838e-6
4.62692e-6
4.76375e-7
-3.39352e-7
-2.64837e-7
1.4777e-7
5.8567e-7
-2.38785e-7
6.10601e-7
1.31312e-6
4.7992e-7
1.98991e-7
6.68266e-7
3.53007e-7
1.055e-6
-1.92112e-7
-1.90131e-6
1.26216e-7
-4.07377e-8
-3.24781e-7
-3.56611e-7
-9.15534e-8
-1.38201e-7
-1.92206e-7
5.54479e-5
-9.8514e-5
-0.000287609
0.00144479
-0.00124193
0.000733529
-0.000944767
0.000978152
0.0020646
-0.00215171
-0.00267104
0.0021122
0.00204955
-0.00106342
0.000230348
-0.00188748
-0.00295303
0.00461698
0.00407906
-0.00608347
-0.00339649
0.003936
0.00259059
-0.00262123
7.66323e-7
6.56987e-6
-2.08404e-6
7.15218e-6
-3.67898e-6
-1.74289e-6
-0.00165957
0.00195195
0.000845401
-0.000968773
-0.000362346
0.000328356
3.76438e-6
-1.24739e-5
3.0845e-6
-7.26379e-7
0.000138716
-0.000119457
-4.70626e-5
4.00052e-5
6.54154e-6
-3.22349e-5
6.81907e-6
-1.3927e-6
1.41934e-5
-1.2075e-5
-3.80912e-6
3.33016e-6
2.87037e-6
-1.23902e-5
3.60436e-6
-1.29469e-6
8.65551e-7
-8.47161e-7
-1.82714e-7
2.38699e-7
-5.65924e-6
6.34769e-6
1.44007e-6
1.17943e-5
-4.18056e-5
-5.83475e-7
3.50771e-8
-6.61566e-8
8.6558e-8
-2.24601e-8
2.06789e-8
-2.34912e-8
-6.49244e-5
-4.82486e-5
8.79003e-6
0.000404066
-0.000452815
-3.78084e-6
1.16428e-8
1.16883e-8
-3.30173e-8
6.45288e-9
-7.20085e-9
-0.000207883
0.000475985
4.28573e-8
1.22522e-9
0.000348196
-0.000680605
9.55832e-8
-2.47364e-8
-0.000465909
0.000850648
5.73145e-8
-2.76851e-8
0.00048726
-0.000840533
1.70042e-8
-1.30599e-8
-0.000310215
0.000626213
3.66565e-8
-4.28914e-9
0.000184938
-0.000384284
2.59605e-8
-1.12959e-8
-9.851e-5
0.000199083
7.88643e-8
-2.30572e-8
5.0106e-5
6.07269e-5
2.24042e-7
-1.93309e-7
8.42749e-9
-2.33621e-5
7.79394e-6
6.46089e-6
-1.67719e-5
2.92796e-8
-5.07112e-8
2.21081e-8
-1.23756e-6
-6.05173e-7
-9.19705e-8
5.22578e-9
8.24654e-9
8.92089e-9
9.56694e-8
6.92786e-8
-1.01431e-7
4.6394e-8
-2.20208e-8
3.69541e-9
1.81995e-8
-1.99598e-8
6.27563e-9
2.34233e-8
1.13061e-7
1.67266e-8
3.52199e-8
-4.28884e-9
-9.1002e-9
-1.55314e-8
-2.62762e-9
-1.82336e-8
7.60492e-8
-5.58615e-8
-8.79633e-8
-6.33567e-9
3.17826e-9
-1.69233e-8
3.46202e-9
-2.78922e-9
1.12545e-7
-1.87845e-7
-3.19709e-7
3.6713e-7
4.23977e-8
2.19325e-8
9.53622e-9
4.54567e-9
-2.10318e-8
-3.91126e-8
2.2469e-8
-4.51849e-8
5.69396e-8
1.296e-7
8.55483e-8
2.87573e-8
5.77884e-8
4.89066e-8
1.31912e-7
1.69268e-8
2.61731e-8
-6.75548e-8
-1.18761e-8
6.76466e-9
2.96023e-9
-3.51362e-8
-4.19406e-8
-2.31743e-8
-7.12079e-9
-2.16743e-8
-4.48847e-8
-4.10418e-5
-0.00179201
0.00147035
0.00262192
-0.00130273
0.00055811
-0.00113578
-0.00166944
0.000771696
0.000198891
0.00019536
0.000296378
-0.0012266
0.000722767
-0.00210735
0.00108111
0.00220081
0.0035379
0.0016544
-0.00322584
-0.00487585
-1.95154e-5
-6.19239e-5
0.000159613
-0.00061782
0.000408114
-0.000200152
0.00047093
-0.000409588
0.00482876
-0.00386437
-0.00267261
0.00161051
0.00141843
0.000978854
0.000680893
-0.000922576
-0.00123856
4.62674e-7
3.61931e-7
-1.49928e-6
7.93491e-6
-1.39064e-5
1.95232e-7
0.000443099
-0.000307234
-5.45029e-5
-0.000147823
-9.91165e-5
0.000131944
6.07404e-5
2.89186e-7
-8.55703e-7
1.47682e-7
-3.68501e-7
-3.04633e-5
5.99821e-5
1.18892e-5
-2.0047e-5
4.68299e-7
-1.85716e-6
4.9319e-7
-1.32812e-7
-4.28541e-6
7.53837e-6
1.30056e-6
-1.88159e-6
2.23061e-7
-8.45204e-7
2.7972e-7
-1.39796e-7
-3.53045e-7
6.06066e-7
6.40217e-8
-1.22492e-7
6.33606e-7
-6.71914e-7
9.78769e-8
-1.58914e-6
4.4502e-6
-1.26845e-7
2.06212e-9
-1.86857e-8
5.15778e-8
-8.17485e-9
-3.37514e-9
4.58581e-9
9.74613e-10
1.81336e-5
-1.22996e-5
2.12289e-6
-9.85232e-5
0.000151329
-3.6846e-7
-1.46008e-9
-7.51953e-11
-2.61506e-9
7.38973e-10
1.55599e-9
-4.54297e-11
0.000108646
-0.000301274
-2.16933e-9
3.17331e-10
0.000104007
-4.47479e-10
9.86529e-5
-0.000156997
1.88642e-5
-3.39553e-5
0.000198547
-6.39678e-5
-0.000214667
4.74571e-9
-2.66347e-9
8.56923e-9
8.0274e-10
5.25645e-11
-1.59146e-10
-2.69313e-9
8.29444e-10
-3.97071e-5
-0.000112814
0.000249274
7.15221e-9
-1.7525e-9
7.54155e-10
0.000148669
1.02883e-6
-0.000228327
3.1522e-9
-4.64884e-10
3.66307e-10
-0.000393157
0.000142891
3.973e-5
6.05036e-10
-2.52552e-10
1.38034e-10
8.10315e-5
-4.35998e-5
6.80624e-9
1.02332e-10
-7.40423e-6
-2.52385e-5
-8.88864e-6
3.27365e-5
5.16501e-9
-1.68358e-9
-2.3266e-9
1.06952e-9
-2.3027e-12
1.00674e-5
-1.871e-5
-4.99189e-9
1.671e-9
-3.70825e-6
-1.80695e-6
1.07389e-8
-9.86196e-10
5.52279e-7
4.69764e-7
9.14335e-8
1.56201e-7
-9.61772e-9
7.3246e-9
-8.40436e-9
6.576e-9
7.37089e-10
-6.80071e-8
-4.1582e-8
-2.89663e-9
1.83558e-9
1.07976e-8
7.19344e-9
2.44155e-9
-1.07883e-9
1.91365e-9
-2.23716e-9
4.77976e-10
2.59272e-10
-4.90229e-10
9.10687e-10
-1.8222e-9
1.18506e-9
9.90196e-10
4.29588e-9
8.58441e-10
1.56318e-9
2.33158e-10
-4.97319e-10
1.06889e-11
-1.35888e-10
-1.08961e-9
8.20101e-10
-7.22753e-9
-1.45798e-9
-2.04303e-10
-3.2966e-10
-3.1836e-10
3.30646e-10
-4.28987e-10
3.37629e-11
1.53667e-8
-1.21812e-8
1.26596e-8
-5.13181e-10
2.12069e-9
1.2616e-10
-3.16564e-11
1.16052e-9
-1.31436e-9
3.84073e-9
-3.16265e-9
5.81091e-9
1.2991e-8
1.27922e-8
6.16505e-9
6.88454e-10
-1.84098e-9
1.49545e-8
2.96741e-9
3.11472e-10
3.07013e-10
-1.53638e-9
5.88437e-10
-5.94152e-10
5.26999e-10
-6.35504e-10
-8.58605e-12
-3.90452e-10
-2.56938e-9
-5.37372e-9
-3.66414e-9
-1.12615e-9
8.424e-10
-2.71739e-9
-2.04354e-9
-4.12963e-10
-3.26359e-11
2.58591e-10
4.33177e-10
1.36963e-9
1.76047e-9
8.77343e-10
1.27978e-10
-4.22254e-10
9.78378e-10
0.000547612
0.00036369
0.000217383
-0.000881721
-4.44514e-5
-0.000901587
0.00179525
0.00124487
-0.00208898
-0.00186027
0.00196548
0.00155299
0.000930556
-0.00107061
2.70404e-5
0.000337753
-0.00053123
0.000600606
-0.000554365
0.000238323
-0.000673362
0.00251085
-0.00130674
-0.00101984
0.000296512
0.000399217
0.000251865
-0.000280125
3.15616e-6
-1.61961e-5
2.11862e-5
-0.000106891
2.57397e-5
0.000245642
-6.2237e-5
-9.05839e-5
-6.79414e-5
7.1167e-5
-4.72618e-8
1.27221e-7
1.6296e-7
-1.04445e-6
1.43745e-6
2.35155e-7
-4.06612e-5
2.55344e-5
5.04709e-6
1.28085e-5
8.43416e-6
-1.27891e-5
-4.57327e-6
5.4625e-8
-1.57595e-7
3.91567e-8
5.98169e-8
-9.60817e-8
1.69048e-6
-1.38829e-7
-1.85248e-6
-2.94297e-7
-1.29092e-7
-2.91902e-8
5.76954e-8
1.75647e-7
-2.98563e-8
-6.2575e-8
1.41448e-7
-1.72919e-7
-1.48616e-7
-3.8251e-8
1.00637e-6
-1.83414e-7
-8.72945e-7
2.33024e-6
4.66866e-7
5.29338e-9
2.41971e-9
2.05689e-8
-5.63664e-9
-7.89542e-10
1.93085e-5
-1.64709e-5
1.08012e-5
-6.5378e-5
5.94781e-5
-1.19188e-5
-1.84731e-11
-1.85721e-10
1.49515e-10
3.794e-11
-5.17644e-11
4.80337e-11
5.93926e-5
-6.93806e-12
-4.09479e-5
-3.06505e-5
3.80236e-5
0.000187053
-0.000110065
-9.58409e-5
-3.60609e-10
1.3714e-10
4.40618e-11
-3.49898e-11
-2.5062e-10
7.96843e-11
-0.000275106
0.000189076
-1.86261e-10
7.06362e-11
0.000355972
-0.000350893
-7.2003e-11
4.26556e-11
-0.000609147
0.000538538
-3.62247e-11
1.9587e-11
5.21384e-5
1.7296e-5
-3.57224e-5
-9.24921e-6
1.38339e-5
3.93598e-10
-1.693e-10
-3.89407e-10
1.47222e-10
-2.77663e-11
4.96126e-6
-9.21853e-6
-1.10595e-9
3.17616e-10
7.21728e-7
-2.98441e-7
4.57187e-8
9.1852e-8
-2.72969e-7
-6.73549e-9
5.01428e-9
-5.70877e-9
3.88557e-9
3.43876e-10
3.95129e-8
-1.15453e-8
1.28514e-9
2.86691e-9
-4.28761e-9
1.15706e-10
3.77754e-11
-1.30779e-10
-7.82075e-11
5.06764e-10
-5.35917e-10
-1.34434e-10
4.44756e-11
-8.53232e-11
-9.9698e-11
2.24624e-10
7.18746e-11
1.77441e-11
1.07717e-10
4.61867e-11
-1.75589e-11
2.92576e-11
-2.01767e-11
2.40474e-11
-1.95354e-11
-5.63511e-11
-8.03582e-11
7.07547e-11
-6.04704e-11
5.22784e-12
2.151e-12
1.20397e-11
2.11875e-11
-1.01676e-11
-1.23623e-11
-2.30127e-10
3.0662e-11
-1.05056e-11
6.19229e-11
-3.84378e-11
2.46831e-11
-6.476e-12
4.8657e-11
-8.85157e-11
-3.00666e-11
1.48628e-10
1.39776e-10
4.28428e-10
2.83658e-11
-5.08309e-11
-3.02776e-11
4.93478e-13
-1.2325e-11
1.20389e-11
-2.42679e-11
-3.03673e-11
-1.13085e-10
-2.26733e-10
-6.38557e-10
-5.02672e-10
-1.77471e-10
9.08629e-11
-6.02206e-11
-2.16958e-10
-7.37836e-11
6.91442e-12
1.60924e-11
3.70753e-11
1.61997e-10
2.12173e-10
1.22571e-10
1.17421e-11
-3.65691e-11
3.96517e-11
0.000461204
-0.000192627
-9.46974e-5
0.00120002
-0.00106167
-0.00228614
0.00173364
0.00345152
-0.00198503
-0.00281384
0.000748364
0.00032567
0.000166418
0.00103581
-0.00114132
0.00159584
-0.00164626
0.000797928
-0.00123041
0.000707964
-0.000322367
-0.000175119
-1.55238e-5
3.14223e-5
3.62878e-5
-1.25348e-5
5.74709e-6
-0.000113621
0.000108365
-0.000460943
0.000128698
5.74237e-5
3.08545e-5
-1.6016e-5
-2.3515e-5
1.28295e-5
-9.6198e-7
5.84941e-6
-7.99076e-6
2.22125e-5
-7.33092e-6
-1.87158e-5
-2.76393e-6
6.09411e-6
6.98407e-6
-6.17823e-6
-1.65698e-7
6.70669e-7
-1.13745e-6
4.65851e-6
3.29194e-6
-4.14231e-6
-7.02465e-8
2.66943e-7
-4.81139e-7
7.04475e-7
-1.11677e-7
-6.53244e-7
-1.59062e-7
-3.80276e-8
3.39423e-7
-6.14616e-7
-3.7113e-7
-1.71386e-8
5.88484e-8
-7.39702e-8
-5.11651e-8
-1.70287e-8
-2.33952e-6
2.4609e-6
-3.00579e-6
1.66131e-5
3.02726e-6
-3.48187e-11
1.91896e-9
8.57911e-9
-1.81868e-9
-4.87204e-10
5.98406e-5
-4.1772e-5
3.09623e-5
-0.000140545
9.13638e-5
-4.03506e-5
3.05862e-11
-1.306e-12
1.98342e-10
-3.86167e-11
-2.18665e-11
1.14699e-12
0.000107328
-3.52615e-13
-8.87281e-5
2.22199e-5
6.67704e-5
-2.89506e-5
0.000258492
-0.000135435
-0.00022806
-0.000175507
-3.65898e-11
1.16266e-11
-2.33085e-11
1.05375e-11
-0.000361866
0.00022666
0.000364044
-1.77763e-11
6.26614e-12
0.000537142
-0.000265432
-0.000467774
-1.44357e-11
6.14234e-12
-0.000533433
0.000145613
0.000646065
1.16826e-11
-9.63358e-14
6.25181e-5
2.7996e-5
-4.72275e-5
-7.49021e-6
8.56768e-6
7.79714e-11
-4.70788e-11
-1.28683e-11
1.42681e-6
-3.37275e-6
-3.0977e-10
1.30429e-10
-1.19966e-7
-5.48356e-9
5.37772e-8
-2.25839e-9
2.15901e-8
-4.04737e-9
2.53833e-9
-2.86748e-9
1.4209e-9
-2.11325e-10
-1.62685e-8
3.19169e-9
9.41111e-10
-1.01478e-9
1.42392e-9
-3.02999e-12
8.44312e-11
-1.79602e-10
9.47351e-12
1.37652e-10
-2.95876e-10
3.76618e-12
-4.64415e-12
-4.58626e-11
-7.79242e-12
7.31767e-12
-3.25299e-13
1.5827e-11
3.17015e-12
-5.47694e-12
-9.52094e-12
1.37461e-12
1.37591e-12
-1.25669e-12
2.9297e-12
-5.26318e-12
-1.35314e-12
1.03546e-12
7.00865e-12
-9.43582e-12
6.03421e-12
1.5882e-12
4.46003e-13
3.41512e-12
-6.99859e-12
1.1401e-11
2.27005e-12
2.21981e-12
1.17228e-12
-5.73103e-13
6.2516e-14
2.027e-12
4.95163e-13
-6.40604e-12
1.63017e-12
7.10661e-12
3.70251e-11
6.31054e-11
4.20257e-12
-5.8505e-12
-1.47842e-12
-1.71957e-13
-8.55014e-13
-2.71235e-13
-1.79801e-12
-2.50148e-12
-1.4873e-11
-3.07502e-11
7.46307e-12
-7.06157e-11
-6.0127e-11
-3.03498e-11
2.33563e-11
6.88903e-12
-2.10147e-11
-1.32782e-11
1.50007e-12
1.1992e-12
2.00619e-11
2.45492e-11
1.79911e-11
-4.37783e-12
0.000985396
0.0014639
-0.00102996
-0.00153045
0.00112002
-0.00112155
0.00103453
-0.000676914
-0.000137374
0.000978278
-0.00123119
0.00102014
-0.000314776
-0.000553382
0.000457122
0.000329948
-0.000116688
-1.81412e-5
-9.80634e-6
-3.80035e-6
-3.27567e-5
-0.000181551
0.000207768
-0.000538032
0.000340067
-1.14314e-6
3.97657e-6
3.47669e-6
-1.62591e-7
-1.3249e-6
1.56199e-6
1.2727e-5
-9.69121e-6
5.41101e-5
-1.61801e-5
-1.01564e-6
-3.43979e-6
-8.33455e-7
9.1557e-7
-3.79267e-7
3.44662e-7
7.70173e-7
-3.42306e-6
1.75526e-6
2.21993e-6
-1.86032e-6
1.67729e-7
3.21327e-7
-1.03846e-6
1.53904e-6
1.11676e-6
-1.33878e-6
2.61894e-7
2.1983e-7
-4.62641e-7
2.36142e-7
-3.25952e-8
-1.87544e-7
9.9042e-7
-7.83127e-7
3.8489e-7
-3.80234e-6
-5.97307e-7
-5.95542e-9
1.66074e-8
-9.65405e-9
-1.16772e-8
-6.72682e-9
-1.29349e-5
1.05607e-5
-4.54743e-6
4.26039e-5
5.78146e-6
-2.26205e-10
4.93316e-10
1.62775e-9
-3.24579e-10
-1.14816e-10
0.000183503
-0.000113198
6.31541e-5
-0.000125454
-0.000271195
0.000194786
-5.68605e-5
1.99183e-12
1.0507e-11
3.57139e-13
-1.19873e-12
1.65875e-12
0.000189625
-2.72892e-12
1.03415e-12
-7.59182e-13
-3.57891e-12
-2.43819e-12
-2.00841e-12
-5.4739e-13
1.16976e-6
1.32656e-11
-3.15902e-12
4.64517e-6
9.30106e-7
-1.75468e-11
9.02143e-13
-8.66655e-7
6.75992e-7
1.78073e-11
-2.14968e-7
1.35698e-7
4.72384e-11
-7.21698e-12
1.92998e-8
1.85249e-8
-4.51859e-9
-8.88651e-9
-1.52824e-9
4.49842e-10
-3.27711e-10
3.35159e-9
-9.04994e-10
-4.24666e-10
1.81989e-10
-7.67496e-10
-4.20987e-11
3.83936e-11
-7.42223e-11
3.34471e-11
-1.40123e-10
3.02538e-10
-5.06804e-11
-2.61761e-11
1.18848e-11
-3.42005e-12
3.56144e-12
-9.0818e-12
-5.41426e-13
-5.28392e-12
-5.20853e-12
-2.5526e-12
1.8764e-13
2.06337e-14
1.50617e-13
9.66626e-13
-7.27797e-13
2.05357e-12
-2.46512e-12
1.69926e-12
-3.43422e-13
3.35904e-13
-2.86777e-13
-1.00274e-12
-2.57873e-14
1.74871e-13
-5.99202e-14
-5.53411e-14
2.62795e-14
2.67545e-13
-3.62441e-13
-5.81523e-13
1.48583e-12
1.22077e-13
2.11559e-13
1.10348e-13
-8.26065e-15
-3.27286e-14
2.02268e-13
-1.22125e-13
-2.26861e-13
2.58271e-13
1.39239e-14
1.03653e-12
-1.14219e-12
-2.76049e-13
8.23705e-12
3.4296e-13
-6.95208e-13
-1.03692e-13
2.40526e-14
-8.9267e-14
8.20025e-14
-4.08925e-13
2.84725e-13
-3.30431e-13
-5.23377e-12
-8.04172e-12
-7.56103e-12
-2.43143e-12
1.24533e-12
-1.9262e-12
-2.07335e-13
-0.000680935
0.000750187
0.000344224
-8.91572e-5
0.000334541
0.000221327
-0.000247935
-0.000742809
0.000535341
0.000869568
-0.000571686
-0.000614255
0.000385663
0.000263219
-0.000178034
-0.000279873
0.000139069
6.54022e-6
2.11352e-5
-4.22798e-6
-1.04814e-6
-0.000157264
-0.000348117
0.000157723
0.000641197
-0.00054627
0.000287928
0.000867599
5.32326e-6
-1.15682e-6
-1.90789e-6
1.66917e-7
1.87652e-7
6.25435e-6
2.50365e-6
-1.43072e-6
2.17655e-6
4.59311e-5
-1.39183e-5
6.22873e-7
-2.22831e-7
-6.70472e-8
1.12844e-6
2.07774e-7
-1.95083e-6
-2.80932e-7
8.80722e-8
-8.55724e-8
4.29178e-7
-8.33805e-8
-3.06993e-7
4.85348e-7
6.48275e-7
-4.83664e-7
2.9547e-7
-3.99501e-8
-1.25823e-7
4.79491e-7
3.62574e-7
-3.50535e-7
5.4575e-7
-2.5706e-8
-9.2928e-8
3.48894e-8
-7.70229e-9
-2.77178e-8
2.52701e-6
-1.68354e-6
1.68055e-7
-7.75677e-7
-6.44672e-6
-1.67449e-7
2.1645e-9
-8.51538e-9
-1.23721e-9
2.74316e-9
-4.59069e-5
1.99193e-5
-2.0885e-6
1.50639e-5
9.33196e-5
2.48391e-6
-1.06129e-10
4.05323e-10
2.88844e-11
4.4045e-11
-1.00078e-10
-1.49189e-11
-0.000162983
0.000222456
-0.00018433
0.000152312
0.000136208
-0.000176574
0.00013909
-1.14017e-13
4.38269e-14
-1.67675e-13
2.12912e-13
-3.53313e-13
-5.50618e-5
4.60361e-5
7.97143e-13
-1.70621e-13
-2.68116e-5
7.51714e-5
8.93992e-13
-2.754e-13
6.02665e-5
-0.000121755
6.83686e-13
-2.37592e-13
-4.39038e-5
0.000104854
3.07938e-13
-1.40364e-13
6.69647e-6
-2.35701e-5
5.2625e-13
-1.04752e-13
4.00027e-6
-5.60686e-6
2.16784e-13
-2.34236e-13
1.84284e-7
-5.79866e-7
1.15582e-12
2.28623e-7
-7.70962e-8
6.61039e-13
-5.06602e-13
-9.31265e-8
-6.5535e-8
6.53016e-11
-1.12412e-11
-5.26979e-12
1.78233e-8
-1.20959e-8
-5.02392e-11
2.58278e-9
-3.12042e-9
2.52913e-11
7.20681e-12
-9.80656e-10
8.35784e-10
2.11268e-10
2.5948e-10
-1.68212e-11
3.05568e-11
-1.11354e-10
-1.01569e-13
6.79593e-12
-6.38927e-12
1.99555e-11
1.50894e-11
1.2577e-11
2.45648e-13
-6.59386e-13
-1.80974e-12
9.91484e-13
-5.75681e-13
-1.93967e-14
3.95014e-13
-3.85274e-13
-1.33055e-13
-2.08154e-13
5.01252e-13
-6.72169e-13
4.39573e-13
-9.27465e-14
6.08406e-14
3.08707e-14
3.73057e-14
1.59101e-15
9.04984e-15
-7.22302e-15
-7.23583e-15
-5.28689e-14
9.25028e-15
6.20849e-14
-7.40092e-15
8.39946e-15
5.47981e-15
-9.26034e-15
3.35595e-15
1.80733e-14
-8.38189e-14
-1.82008e-14
2.1835e-14
2.92127e-14
2.89119e-13
-6.07602e-14
1.28629e-14
1.45408e-15
6.75393e-16
-4.15759e-15
-1.96525e-14
2.8939e-14
-2.29089e-14
-1.23838e-13
9.75648e-13
2.33615e-12
2.6987e-12
1.5854e-12
6.1412e-15
3.85215e-14
1.62741e-13
2.58274e-13
1.45883e-14
-4.30328e-14
4.04344e-15
-2.26806e-14
6.67069e-14
-1.52631e-13
-5.83436e-13
-8.68676e-13
-6.99802e-13
-1.86439e-13
-1.71848e-14
-5.85265e-14
-5.29725e-5
-1.97106e-5
0.000218695
-0.000148515
-0.000363233
0.000230609
0.000355444
-0.000215492
-0.000233489
0.000135042
0.000125561
-6.36516e-5
-7.47445e-5
2.48288e-5
-1.99294e-6
-2.93801e-6
0.000379542
-0.000199755
-0.000627729
0.000412603
-0.000205775
-0.00045628
1.54476e-6
8.92391e-8
-1.63632e-7
5.07116e-7
-5.17279e-8
-9.95926e-8
-5.99298e-5
2.02012e-5
-0.000131695
5.28028e-5
-3.02258e-8
-7.50957e-8
7.26214e-9
4.57255e-8
7.46359e-7
5.28404e-7
-2.05069e-7
3.66751e-6
-7.7607e-7
2.02167e-8
-1.7809e-8
6.8068e-9
1.30387e-7
-5.52177e-8
-1.90771e-7
-5.39121e-8
9.80763e-9
-6.71043e-9
6.63429e-8
-3.0141e-8
-3.53018e-10
1.16544e-7
1.40253e-7
-1.21611e-7
7.05902e-8
-1.82077e-8
-2.75346e-9
8.3481e-8
1.02235e-7
-7.19772e-8
2.70663e-7
-1.352e-8
-5.3002e-8
-4.59133e-9
1.13004e-8
-2.33494e-8
-3.52286e-9
5.51138e-9
-5.21682e-6
-1.21331e-6
1.63186e-6
4.45549e-7
-5.77348e-10
7.57727e-10
9.76524e-11
-1.35435e-10
6.75635e-5
-8.64113e-5
4.26194e-5
-3.34491e-5
-0.000119452
-1.7507e-5
6.2052e-12
-8.66478e-12
2.93752e-12
-4.77997e-12
8.2005e-12
1.0125e-12
3.89013e-5
-8.79359e-5
0.000100106
-4.52289e-5
-3.09721e-5
1.78191e-5
4.67414e-5
-0.000111198
-6.1993e-15
2.94547e-13
1.23355e-13
-2.25808e-13
5.02704e-6
-5.80609e-6
2.78528e-6
6.20412e-14
3.3401e-14
8.54673e-6
-1.59444e-6
-2.52954e-5
5.99641e-14
-3.63705e-14
-6.8684e-6
1.91199e-6
1.83835e-5
4.47427e-14
-1.42497e-14
1.24185e-6
-2.6255e-7
-3.17645e-6
-6.1661e-14
1.13176e-14
3.76113e-7
-1.15031e-7
-1.27917e-6
3.16367e-13
-9.80789e-14
5.15254e-8
2.9614e-8
7.63251e-8
3.55096e-12
-8.77282e-13
3.1649e-13
-1.33188e-8
3.8161e-8
-1.01056e-12
-9.09114e-9
2.66594e-9
-2.93443e-13
2.93717e-13
1.92056e-9
2.71713e-10
-9.24169e-12
-4.03826e-12
-2.79053e-10
2.23334e-11
2.97494e-12
1.83828e-12
6.60469e-11
-1.48638e-11
-2.336e-12
1.06522e-12
-4.88065e-12
7.49464e-12
7.92868e-13
-9.07651e-14
2.06082e-12
-2.32391e-12
6.64402e-14
-3.66873e-13
2.35467e-14
-7.11792e-14
8.59988e-14
9.97109e-14
-2.2577e-13
2.62924e-13
-3.49341e-14
-1.06394e-14
1.68466e-14
-3.60713e-16
-4.83022e-15
5.27714e-15
-9.51059e-16
-3.62303e-15
-3.08144e-16
7.24822e-16
-2.78023e-15
1.19573e-15
4.39027e-16
6.20785e-16
5.48824e-16
-2.33941e-15
-8.09723e-15
1.53834e-15
-9.70749e-16
-2.32625e-15
2.56782e-16
-7.63267e-16
1.876e-15
-2.86878e-15
1.02545e-15
-2.87351e-16
1.38608e-14
1.41038e-14
1.91587e-14
-2.75852e-16
-4.00293e-15
4.49064e-16
2.72985e-15
-7.87223e-15
8.06981e-15
5.93394e-15
5.22424e-15
1.3201e-13
2.53651e-13
2.59986e-13
1.25195e-13
1.13756e-14
-7.24882e-14
3.12469e-14
3.58459e-14
-7.89338e-15
-2.80606e-15
-2.59523e-14
-6.85025e-14
-8.65149e-14
-5.84389e-14
-1.39686e-14
-7.86179e-15
-0.000165083
9.61869e-5
0.000167769
-5.03216e-5
-5.50575e-5
-1.07816e-5
0.000135445
-0.000160252
0.000141625
-9.42889e-5
3.5056e-5
-7.76374e-6
3.34034e-7
4.88036e-7
-1.60549e-7
2.29129e-7
-6.17656e-8
3.58045e-8
9.34178e-5
-3.79268e-5
0.000122568
-5.70911e-5
1.92004e-8
1.86435e-8
-4.56755e-9
-2.92669e-9
-5.95362e-6
1.5016e-6
-1.87154e-5
5.89595e-6
-7.43898e-9
-6.86773e-9
1.65874e-9
4.70101e-9
7.04159e-8
6.96656e-8
-2.34849e-8
-1.50403e-8
1.15487e-7
-5.86334e-9
-7.28499e-10
-5.61912e-9
2.07232e-9
1.50041e-8
4.25787e-9
-1.7411e-8
8.23964e-9
-2.80635e-9
-5.51701e-8
3.29054e-8
1.55341e-9
-1.96931e-10
7.54284e-10
2.56713e-11
-2.96353e-8
1.91297e-8
1.18475e-8
-1.28767e-9
-1.08676e-9
5.52618e-10
1.7104e-8
-1.12789e-9
-3.90812e-9
2.36587e-9
-4.49534e-7
-1.50882e-7
1.11154e-7
4.26238e-8
-1.08707e-9
9.91129e-10
2.43333e-10
-4.53112e-10
1.45832e-5
6.33081e-6
-5.43972e-6
-1.98965e-6
3.23367e-11
-1.01534e-10
-1.82114e-11
6.32361e-11
-4.0361e-5
9.14104e-5
-4.12951e-5
2.40258e-5
5.20625e-5
-1.62374e-5
2.30942e-5
-1.42861e-12
2.96874e-12
-8.27925e-13
2.41396e-12
-7.07525e-13
2.76896e-12
6.36412e-13
-1.42649e-13
5.97801e-14
-1.59138e-14
1.96515e-14
4.88705e-14
-2.22396e-8
-1.69719e-13
5.52128e-9
2.54256e-9
-1.26954e-9
-3.00973e-8
3.46519e-13
-1.54289e-13
8.00747e-14
-1.99439e-14
5.88077e-9
-1.57772e-9
-5.52105e-10
4.11465e-13
-7.81629e-14
-3.84212e-10
1.54542e-10
-2.55761e-13
-1.72745e-14
6.06955e-11
-2.03377e-11
-8.76591e-13
-7.23266e-13
-1.22056e-11
1.00039e-11
2.41662e-13
2.56282e-13
1.92293e-13
-8.97514e-13
-2.74226e-13
-3.04228e-14
2.34476e-13
1.58546e-13
1.50268e-13
7.12836e-14
2.46429e-14
-2.58466e-14
-6.24977e-14
1.4887e-14
2.40133e-14
1.02227e-13
-7.33125e-14
2.21387e-16
-1.03514e-14
8.12356e-15
2.54698e-15
5.74283e-15
-2.95805e-14
-1.06929e-15
-1.10756e-15
2.1433e-16
3.00669e-15
-3.01642e-16
4.3714e-16
-3.04246e-15
-1.01944e-15
-3.12029e-16
3.9108e-17
-1.1074e-15
5.91114e-16
-1.1098e-16
1.67804e-16
-1.68484e-16
2.44041e-15
-1.34086e-15
5.53234e-17
6.82987e-16
1.04132e-15
1.00244e-15
-2.81075e-16
-1.40075e-16
9.77313e-16
-6.45232e-16
-3.1054e-16
1.16463e-16
-2.39562e-15
-1.00782e-14
-5.17567e-16
7.68508e-15
9.99301e-16
-3.12689e-16
1.46163e-15
1.1977e-15
-2.32624e-15
5.44022e-15
1.6389e-14
2.63343e-14
2.28418e-14
9.34018e-15
2.8578e-15
3.28914e-15
-3.41571e-15
5.51043e-5
-2.34266e-5
-9.38642e-5
4.78454e-5
0.000110794
-7.32905e-5
-9.84124e-5
8.57662e-5
9.67547e-5
-9.31232e-5
-3.09338e-5
4.02421e-6
9.28447e-6
-9.02479e-7
-1.44459e-6
3.07018e-7
-5.21535e-5
2.59665e-5
-3.10779e-5
1.7874e-5
3.37063e-5
-6.74925e-8
2.18358e-8
-1.15616e-8
-4.00748e-9
1.45256e-9
1.36868e-5
-4.42021e-6
2.35532e-5
-8.72619e-6
1.32976e-9
1.24716e-9
3.21958e-10
-4.63642e-10
-3.07223e-7
4.1211e-8
-1.65547e-6
4.12109e-7
-9.52787e-10
-7.34681e-10
3.48802e-10
-3.82018e-10
-4.63503e-10
-2.46766e-9
-5.8957e-10
8.81181e-10
7.18921e-9
3.97583e-9
-2.08332e-9
1.40134e-9
-1.54952e-9
-4.96997e-9
-1.21301e-8
9.9236e-9
3.0402e-11
-6.76756e-9
-9.0365e-9
1.0296e-8
-2.48628e-8
-1.13174e-8
6.19124e-9
7.92328e-10
-1.66264e-9
4.14648e-9
1.19961e-9
-2.93434e-9
1.76755e-6
5.38843e-7
-4.96111e-7
-1.23792e-7
2.95851e-10
-8.33336e-10
-1.95246e-10
5.37871e-10
-1.12563e-5
-1.00139e-5
5.13074e-6
3.80248e-6
-3.54809e-11
1.07974e-10
2.39121e-11
-6.00405e-11
-1.27518e-11
-1.11542e-5
2.34247e-5
-1.68592e-5
8.25485e-6
1.05696e-5
-2.61102e-6
-1.79021e-5
1.68346e-5
-1.79895e-12
5.01796e-12
2.70525e-13
2.84412e-14
-5.37334e-6
2.26728e-6
7.02543e-6
-1.74066e-13
5.75422e-13
1.86755e-6
-1.55703e-6
-1.34499e-6
7.27042e-14
-2.04015e-13
-1.02715e-6
1.23084e-6
1.6643e-7
-3.23069e-14
2.71863e-15
3.37258e-7
-1.46109e-8
-1.87187e-7
-1.02223e-13
4.10043e-13
-1.42494e-7
4.12596e-8
1.25567e-7
-2.55682e-14
2.21855e-13
1.83649e-8
-4.78327e-9
-6.78813e-14
4.80105e-14
1.02998e-9
6.74687e-14
2.01577e-10
2.71511e-10
3.15001e-15
-8.82356e-14
-2.51898e-10
2.20838e-11
1.21763e-13
2.0716e-14
-1.99139e-11
3.61017e-11
-4.82431e-14
-1.79543e-14
-3.65391e-12
-1.47627e-12
-6.32696e-14
-8.47312e-14
2.61289e-13
1.3368e-12
1.60199e-14
2.67289e-14
-5.57519e-13
-1.689e-14
-7.10071e-15
-5.37281e-15
1.25897e-14
4.91603e-15
8.98318e-15
7.33185e-15
5.14111e-15
-2.76732e-15
7.32229e-16
3.72847e-16
2.20124e-15
-4.15614e-15
-1.53613e-15
3.77791e-15
8.23732e-16
9.17081e-17
2.611e-18
-5.77812e-18
3.03432e-16
-5.10806e-16
-3.09942e-14
-1.09932e-15
3.77208e-16
-1.49803e-14
1.15694e-16
-4.51402e-18
9.43545e-18
-7.45537e-17
3.61409e-14
-7.2941e-15
-2.07871e-15
1.03406e-14
-1.3704e-16
-8.90747e-16
3.22842e-16
-4.90419e-17
-6.21292e-15
-9.2203e-16
-3.53594e-15
-1.64672e-15
4.59649e-15
-3.51565e-15
-7.28674e-15
-8.03598e-15
-4.91243e-15
-1.42297e-15
1.43877e-15
1.49936e-15
-5.64448e-15
3.51283e-15
-9.89851e-16
1.05268e-15
2.48682e-15
2.28899e-15
2.18023e-15
1.88165e-15
-7.60884e-15
8.53023e-6
-5.08469e-6
-4.99434e-6
-5.23541e-6
2.05202e-5
-2.80806e-5
5.93299e-5
-2.9418e-5
-6.19363e-5
6.05142e-5
1.46384e-6
-3.23083e-6
7.00685e-8
8.88367e-8
-3.33708e-8
-2.09256e-7
4.945e-8
-5.72937e-8
-1.11213e-5
4.284e-6
-1.08911e-5
4.2286e-6
1.56338e-8
-3.4158e-9
4.46104e-9
-1.41061e-9
1.29611e-6
-3.50065e-7
2.89637e-6
-9.32472e-7
4.32222e-10
1.00386e-10
1.69982e-10
-1.89898e-10
4.18537e-10
9.1549e-10
-4.0972e-9
8.38908e-10
-8.43966e-8
1.78474e-8
2.36878e-10
3.90302e-10
-7.51706e-10
-9.95882e-11
-1.54627e-9
-1.6101e-9
4.89992e-10
2.05623e-10
1.02178e-9
-2.2694e-9
1.52467e-10
7.53951e-10
-2.74412e-10
3.04017e-11
6.06766e-9
-9.58801e-9
-1.56836e-10
-1.30778e-11
8.85103e-12
-1.63717e-11
5.09917e-9
-1.13827e-8
-1.26915e-9
1.23188e-10
7.6207e-11
-1.26677e-11
-7.85883e-9
1.28396e-8
6.09296e-9
-1.12496e-8
1.17111e-7
2.34708e-8
-2.20254e-8
-3.75937e-9
2.05578e-9
-4.39642e-9
-1.33567e-9
2.95855e-9
-1.98376e-6
-1.28536e-6
7.19054e-7
3.792e-7
-2.78289e-10
6.89262e-10
1.20072e-10
-3.85428e-10
5.5028e-6
-1.123e-5
4.76775e-6
-2.77833e-6
-7.83134e-6
1.57086e-6
-2.61705e-6
3.76591e-11
-9.646e-11
-1.4379e-11
1.69476e-11
-1.81736e-6
-1.13175e-13
8.58569e-7
-1.15544e-12
-1.748e-12
2.01394e-12
3.87647e-13
-5.4165e-14
8.981e-8
-8.29023e-8
-7.83347e-13
1.1648e-12
-3.25398e-12
-2.42452e-8
4.33932e-8
-3.06147e-13
7.37467e-13
1.39221e-8
-2.19426e-8
-2.85783e-9
3.45735e-13
-5.10566e-13
-5.86967e-10
-3.98197e-9
1.27942e-9
1.86933e-14
-6.86649e-14
-2.00656e-10
3.54804e-10
1.36141e-14
-9.49635e-14
-5.48042e-11
1.19589e-11
1.81329e-14
5.74365e-15
-3.01735e-12
1.64746e-11
-5.2841e-15
-9.38935e-15
-3.05147e-12
5.65443e-13
-3.62124e-15
-8.24169e-15
1.10147e-14
-1.65512e-12
4.72363e-13
9.30742e-16
2.5358e-15
-7.61984e-14
-1.07095e-13
-4.87072e-15
4.20866e-13
-3.23244e-15
-1.44808e-15
-3.83436e-14
3.38936e-15
-4.53696e-15
1.72426e-13
-1.49076e-15
1.41061e-15
8.9977e-15
-1.29224e-13
-1.56905e-14
1.70987e-13
-6.89389e-16
9.98969e-16
3.4338e-14
-1.95912e-13
-6.65233e-14
4.41768e-13
-7.86889e-17
-3.79229e-16
2.43077e-16
-9.24603e-13
2.09463e-13
9.64264e-14
-4.04136e-13
8.45362e-17
-6.43425e-17
8.43136e-17
4.10639e-16
5.45383e-13
-1.57558e-13
-3.81479e-14
1.66942e-13
1.85087e-16
-1.22278e-15
1.70901e-16
-4.41653e-17
-1.95607e-13
2.46108e-14
2.78624e-14
-8.8764e-14
-1.39048e-14
1.84945e-14
5.79924e-15
-2.13443e-14
3.12597e-15
-6.23318e-16
2.02198e-14
6.43058e-16
-2.44929e-15
1.00086e-15
-1.83442e-15
-1.99698e-15
-3.13602e-17
-2.45652e-14
2.33744e-14
-3.8633e-14
3.10042e-14
-3.82192e-5
2.65212e-5
5.7723e-5
-2.00031e-5
-4.64319e-5
8.90129e-6
7.16132e-6
-1.20321e-6
3.86361e-6
-1.81202e-6
-2.83826e-7
2.36057e-6
-1.91653e-5
6.50355e-6
2.86212e-5
-3.58936e-8
6.9687e-7
-6.31756e-7
2.13033e-7
-2.32022e-7
-4.08572e-8
-1.02494e-8
-1.33282e-6
4.17466e-7
-2.02915e-6
4.32583e-7
9.24817e-9
-1.49603e-9
-2.40273e-9
7.67235e-10
5.48492e-8
-9.42049e-9
-3.53047e-9
3.55225e-7
-4.52796e-8
-7.49219e-10
8.31379e-10
-1.90126e-9
5.60931e-9
5.26396e-10
2.02172e-9
8.42448e-11
-7.72176e-10
-4.58809e-10
-2.38996e-9
1.35209e-9
1.89634e-11
1.43692e-9
2.34892e-9
-6.27842e-9
5.01832e-11
1.76736e-8
1.61288e-8
-2.76451e-8
-7.49992e-12
-7.73436e-12
-1.94207e-8
1.78602e-8
2.51524e-9
1.0079e-9
-9.09602e-10
1.03004e-9
8.50188e-9
-1.47164e-8
-5.17818e-9
1.13489e-8
-2.26249e-7
-9.47478e-8
5.97556e-8
1.97442e-8
-1.47424e-9
3.15748e-9
6.85364e-10
-1.66757e-9
1.43416e-6
7.88184e-7
-5.38317e-7
2.70407e-7
-3.34521e-7
2.40135e-10
-4.71971e-10
6.76566e-11
-2.25715e-7
-1.32172e-11
-3.41734e-12
1.03243e-11
8.37525e-13
7.98154e-7
-1.49885e-6
1.00013e-6
-6.50859e-7
-1.10648e-6
4.41982e-7
1.19039e-6
-9.70564e-7
4.22937e-12
-1.60844e-11
-7.67806e-12
1.04545e-11
8.25058e-7
-2.23826e-7
-9.43591e-7
7.46213e-12
-5.5019e-12
-1.42332e-7
-3.08077e-8
2.11956e-13
-1.24659e-13
-9.31336e-8
6.39159e-8
1.51024e-12
-2.65573e-12
2.70068e-12
2.05579e-8
-2.14935e-8
4.46736e-13
-4.98041e-13
-4.69787e-9
8.47449e-10
3.14345e-10
9.56195e-15
-3.7801e-14
-9.0275e-11
3.06558e-10
4.16614e-14
-8.09902e-14
-1.04358e-11
-4.05638e-12
2.40775e-16
6.68154e-15
2.59632e-12
1.55395e-11
-2.43615e-12
-5.42083e-15
2.14816e-14
2.23062e-13
-9.59167e-16
7.68723e-16
6.61945e-13
1.3059e-15
-2.05266e-13
-2.4924e-16
5.22281e-16
-1.42173e-15
2.81628e-13
-2.07925e-16
-2.57247e-16
2.66525e-17
9.64255e-13
-1.85657e-12
2.15645e-16
-5.35782e-16
4.80543e-16
3.21822e-12
1.39824e-12
-4.45595e-12
-3.35154e-16
1.66147e-16
4.61077e-16
-1.86918e-16
5.13477e-12
-1.43097e-12
-5.09846e-13
1.74451e-12
1.26586e-16
-4.08631e-16
-5.96625e-17
-7.23372e-16
-1.50868e-12
4.18722e-13
2.25e-13
-5.33785e-13
6.57736e-15
-2.57381e-14
-1.09595e-15
-1.62787e-16
1.14008e-13
-2.67252e-14
2.43527e-14
-6.13075e-15
5.04773e-15
5.25904e-15
-1.77796e-14
2.38981e-15
-1.43069e-15
-4.32283e-15
4.7573e-14
-1.44523e-14
1.18942e-13
-8.01109e-14
2.50325e-14
-4.23223e-15
1.29903e-14
1.26291e-5
-8.01967e-6
-2.01759e-5
8.05838e-6
-9.68645e-6
8.57357e-6
-1.38407e-6
-1.5929e-6
-1.70677e-7
7.35913e-7
2.24192e-6
-4.63606e-7
1.03218e-6
1.13708e-6
-4.93318e-7
2.79108e-9
1.31871e-7
1.92436e-7
-3.76317e-6
7.71922e-7
4.47757e-7
-1.62796e-6
1.66477e-7
-3.05855e-7
-3.80831e-8
-3.42149e-8
2.79703e-8
-1.75813e-7
8.02125e-8
-7.06665e-9
-7.9686e-8
4.81284e-9
-2.67007e-8
-6.84747e-9
2.02003e-8
-4.56414e-9
6.93539e-9
-8.66167e-10
3.0954e-10
-5.48819e-11
-1.91235e-9
6.51528e-10
-1.40228e-9
5.09333e-9
1.2286e-9
1.21488e-8
-1.67808e-8
-4.80884e-9
6.17094e-11
-2.03817e-10
-1.7794e-11
-1.59911e-11
-1.8228e-9
5.18786e-9
-6.31448e-12
-3.01957e-11
9.22591e-12
9.75308e-13
-1.5464e-8
2.49835e-8
-2.90434e-11
1.28966e-11
-8.01674e-12
2.46345e-11
2.68852e-8
-2.78794e-8
-2.34983e-8
2.51279e-8
2.10314e-10
-9.29696e-11
1.86218e-8
-1.3869e-8
-1.3036e-8
-3.73885e-9
2.48411e-9
5.63711e-9
-2.56676e-8
-5.10525e-9
6.95949e-9
-2.26835e-9
2.59584e-9
1.98889e-7
9.72886e-8
-4.40132e-8
-5.52214e-8
6.42379e-8
9.1018e-10
-1.34732e-9
3.54153e-10
-1.92347e-8
-8.10087e-11
-2.53107e-11
9.00664e-11
-4.0026e-7
9.10327e-7
-4.5404e-7
2.81246e-7
5.88133e-7
-2.97954e-7
2.35929e-7
-1.97419e-11
6.23805e-11
2.43157e-11
-5.75489e-11
3.439e-7
3.50053e-11
-3.247e-7
-2.35991e-11
1.83058e-7
1.09593e-11
2.61294e-7
-2.25513e-7
5.97351e-12
-7.02524e-12
-1.74802e-7
9.52503e-8
5.35173e-8
-5.9726e-12
5.34356e-12
5.46326e-8
4.21224e-8
1.35632e-12
-7.75716e-8
3.58741e-8
5.84679e-13
-2.04979e-12
1.40151e-12
9.9716e-9
-1.72525e-8
2.82941e-13
-1.96234e-13
-2.75668e-9
1.84931e-9
3.86291e-10
-8.61796e-11
-8.98774e-11
-4.16946e-14
3.67187e-14
-6.05349e-14
9.03807e-14
-2.65925e-12
1.75617e-10
-4.66843e-11
5.19278e-15
-1.62109e-14
3.91426e-13
1.14076e-12
1.38234e-15
-1.91532e-15
-4.45099e-12
-5.89903e-11
3.69806e-11
-1.52293e-15
1.82692e-15
5.27254e-12
-1.9752e-11
-2.06124e-12
8.54847e-12
-9.03506e-16
1.46248e-15
1.80325e-12
-9.99631e-12
-1.66788e-12
1.16985e-11
8.42547e-17
2.14426e-16
-2.13608e-12
5.32286e-12
6.03809e-12
-1.95055e-11
1.49117e-16
1.57962e-15
-7.6294e-16
2.28229e-11
-8.82597e-12
9.70632e-12
-2.20559e-16
-1.67052e-15
-9.32624e-12
-2.83947e-12
6.37774e-12
5.58431e-16
-2.1427e-16
-1.06591e-15
3.40148e-16
-1.97698e-12
2.96288e-12
1.09836e-12
-1.94562e-12
3.25658e-15
-1.21908e-14
-7.01888e-16
-9.70122e-16
1.33054e-15
7.31113e-13
-2.08385e-13
2.58093e-13
-6.11253e-14
-5.04978e-14
1.54878e-13
4.44936e-14
-1.49085e-13
-9.89657e-14
1.84064e-13
-5.25195e-14
1.09139e-13
-4.1508e-14
2.12634e-14
-8.3166e-14
3.90842e-15
3.67777e-14
-6.49663e-14
1.20687e-13
-1.66987e-13
3.821e-6
-1.40906e-6
9.05917e-7
-1.2012e-6
-1.29897e-7
1.78796e-6
-4.07889e-6
3.89581e-6
-3.3243e-6
-3.59062e-6
3.7456e-6
9.68953e-7
1.42166e-6
-1.24858e-7
2.25664e-7
-3.95941e-7
1.51088e-7
6.69898e-7
-1.67409e-6
-2.67551e-8
-4.63865e-8
1.38627e-7
-8.42444e-8
-9.16149e-8
6.48204e-10
-1.0674e-8
1.98057e-8
-1.0076e-8
1.80863e-8
-3.35454e-8
5.6277e-9
6.57724e-9
-4.24418e-8
4.90599e-8
3.21576e-8
4.04149e-9
-1.66477e-9
-1.13794e-8
5.31235e-9
1.79761e-10
-2.58275e-12
1.54969e-9
9.40915e-10
1.2826e-11
-1.33699e-11
8.39351e-9
-1.62934e-8
-3.56617e-12
-5.24167e-12
1.92245e-8
-2.00369e-8
3.94219e-11
-5.34371e-11
1.39565e-11
-1.86138e-11
-1.96299e-8
1.78669e-8
1.28241e-8
-1.31881e-8
-3.01529e-10
-9.97081e-10
-7.23538e-9
-2.75137e-9
4.52329e-9
1.29155e-8
1.42506e-8
-2.24826e-9
1.68261e-9
-5.52519e-10
-1.56317e-10
3.80422e-10
-1.29064e-7
-8.11609e-8
8.0941e-8
-1.47424e-7
2.43514e-8
-7.66484e-11
1.7481e-10
-1.22675e-10
2.44422e-7
1.13839e-10
-2.63242e-7
-7.43871e-11
2.44348e-7
4.43009e-11
-1.73205e-7
-2.22364e-11
1.37097e-7
1.00499e-11
-6.46395e-8
-4.30173e-12
-1.13966e-7
7.42078e-8
-5.34461e-12
4.34326e-12
4.27434e-8
2.73504e-8
1.40426e-12
-2.83051e-8
1.30648e-8
3.07429e-14
-2.08603e-13
2.18791e-13
-1.47492e-9
-6.61662e-15
-9.6087e-10
-3.71249e-15
1.30803e-15
3.14281e-11
6.28909e-11
-3.23354e-15
6.66707e-15
1.32648e-11
4.58787e-10
-3.32299e-10
1.20586e-15
-1.16459e-15
2.16996e-10
-8.58539e-11
1.07397e-15
-9.90143e-16
2.87521e-11
-1.90981e-11
7.62177e-16
-1.34478e-15
3.24816e-11
-4.69067e-11
2.14639e-16
-5.16995e-16
-2.71745e-11
6.00967e-11
-9.63536e-16
2.60061e-17
-5.47385e-11
-2.03253e-11
4.34324e-11
7.27576e-16
-4.0382e-16
-1.04611e-15
1.67623e-15
-3.19108e-11
1.46081e-11
-1.39532e-11
3.12497e-18
-3.48098e-16
1.02436e-11
-4.30092e-12
3.62895e-12
9.23721e-16
4.56713e-15
-1.59173e-12
1.24502e-12
-4.54904e-13
-2.40458e-13
5.41447e-13
-6.96539e-14
1.96294e-13
-5.41608e-14
6.48085e-14
-2.63502e-14
-2.56225e-13
1.24906e-13
3.34603e-14
-1.21006e-13
1.50559e-13
-1.46413e-13
1.22865e-13
-1.51961e-13
5.29863e-7
6.83926e-7
-3.93096e-7
-1.95029e-6
3.93536e-6
-6.43243e-6
9.20642e-6
-1.09177e-5
1.09979e-5
-9.19968e-6
7.62471e-6
-8.98258e-6
-6.06174e-6
9.24973e-6
2.09414e-6
-1.91237e-6
1.31874e-6
-1.80014e-7
2.55206e-7
-2.05286e-7
-3.12141e-7
1.78779e-7
1.05999e-7
-3.44854e-7
6.45044e-7
1.62527e-7
-3.82872e-7
2.30248e-7
4.33072e-8
-7.64401e-8
4.96198e-8
1.22644e-7
8.79387e-8
-1.71e-7
-5.90059e-8
8.36095e-8
-5.19949e-8
-2.95496e-8
1.5888e-8
2.35057e-8
-1.91608e-8
-6.90029e-9
2.75594e-9
2.09496e-9
-7.72709e-9
-3.08094e-8
2.84506e-8
-3.57615e-10
-1.82437e-10
-1.99534e-8
1.74647e-8
8.24228e-11
1.20998e-11
-3.92161e-9
9.91278e-9
-1.05083e-11
8.29986e-12
-1.2074e-8
1.07866e-8
1.29871e-10
2.54556e-11
-1.48036e-11
-4.30658e-11
4.19108e-10
6.88267e-9
-7.72333e-9
4.72676e-9
-4.55423e-9
-4.76145e-9
-2.71374e-9
1.08177e-9
8.51321e-10
-1.1733e-9
-2.49451e-9
2.84177e-9
-9.84085e-10
1.02396e-9
4.69132e-10
-4.98177e-10
-2.3311e-8
-1.00919e-8
3.41989e-9
1.97904e-8
-5.56322e-8
-2.24458e-10
3.54281e-10
-2.14306e-10
1.18267e-7
2.01295e-10
-1.79951e-7
-1.61748e-10
2.17452e-7
1.16754e-10
-2.12864e-7
-7.21297e-11
1.71689e-7
3.79754e-11
-1.27234e-7
-1.69272e-11
8.68875e-8
6.52159e-12
-1.01835e-7
-3.2091e-12
-7.73936e-8
1.06846e-7
-3.3722e-12
2.69362e-12
2.21798e-8
-2.44977e-8
2.00237e-8
2.68333e-10
-6.50174e-14
3.91172e-13
-4.72877e-13
-4.19272e-9
5.61563e-9
-1.2653e-14
1.20261e-14
1.87817e-9
-3.26628e-9
2.09175e-9
8.8269e-10
-1.71074e-9
-8.83583e-16
6.60519e-16
1.59259e-15
-3.84264e-15
-6.00732e-10
9.08743e-10
-5.55461e-10
2.09601e-10
-1.833e-16
8.28704e-18
-6.86277e-11
-3.40018e-16
2.05345e-16
9.52632e-12
6.95455e-16
-2.99915e-11
5.95645e-17
3.79674e-16
-5.31153e-16
9.51258e-11
-1.94454e-10
2.91837e-16
1.36298e-16
-2.07784e-16
1.10612e-10
-7.25789e-11
-4.03468e-16
1.64193e-16
4.83495e-11
1.89695e-11
-3.029e-11
1.97505e-15
-4.04787e-15
-3.68737e-15
1.63101e-15
1.61808e-11
-1.36874e-11
-6.31755e-12
8.45668e-12
-7.90905e-15
1.61567e-14
2.04237e-14
-1.21273e-14
8.57613e-15
-3.36902e-12
1.72568e-12
-1.7779e-12
-7.7544e-13
1.25308e-12
-6.86018e-14
2.12489e-13
6.29269e-14
-5.12581e-14
-7.40583e-15
-3.35141e-14
-6.21372e-13
3.90205e-13
-9.4019e-14
-1.55782e-13
3.05512e-13
-3.43966e-13
3.08961e-13
-2.67981e-13
3.24209e-13
-3.27453e-13
3.88586e-6
-1.91643e-6
-7.20949e-6
1.16826e-5
-1.59652e-5
1.8339e-5
-1.76917e-5
1.44394e-5
-1.04492e-5
7.0785e-6
-3.63354e-6
-6.09015e-7
6.91799e-7
-4.07615e-7
2.5994e-7
4.9991e-7
-1.12691e-6
-2.29177e-6
3.17537e-6
1.04125e-6
-4.72957e-7
-1.58252e-7
9.75488e-8
-6.03519e-8
2.53995e-7
-1.38001e-7
7.72923e-8
3.64477e-8
-2.16892e-8
-4.58074e-8
4.1673e-8
-3.73088e-9
3.23566e-9
-5.93073e-9
3.46076e-9
1.09261e-8
3.33635e-8
-5.37954e-8
3.71623e-8
-3.25298e-8
-1.33714e-9
2.75799e-9
-2.1878e-9
1.02178e-9
2.72575e-8
-2.22235e-8
-2.69572e-10
6.85419e-10
-5.03163e-10
2.01234e-10
6.7924e-11
-8.06947e-9
1.39811e-8
-2.86227e-9
-3.2433e-9
-1.43497e-11
2.13375e-12
6.29561e-9
-6.64589e-9
3.16325e-12
1.95831e-11
-1.81698e-10
5.37345e-9
-3.74015e-9
3.03876e-9
-2.58436e-10
-8.60993e-11
1.16546e-10
-2.16077e-9
1.20126e-9
5.03916e-10
-9.18114e-10
-1.98064e-10
-1.03011e-8
2.87462e-8
-4.44067e-10
2.60377e-10
-7.15385e-8
-2.14897e-10
1.26546e-7
1.84268e-10
-1.71211e-7
-1.42635e-10
1.87187e-7
9.58908e-11
-1.68605e-7
-5.43183e-11
1.30959e-7
2.55162e-11
-9.06869e-8
-9.8699e-12
6.41182e-8
3.27898e-12
-3.2107e-8
-9.91483e-13
-6.02104e-9
-3.29935e-13
2.55833e-8
-1.89158e-8
9.20191e-15
-6.16027e-15
-2.31131e-14
8.97624e-9
-4.46497e-9
2.72174e-9
-5.70677e-16
2.64656e-16
-1.97341e-15
-1.66841e-9
9.60736e-10
-4.58139e-10
-3.57927e-17
1.87081e-16
1.58769e-10
2.2715e-11
3.12641e-11
1.06363e-16
5.35341e-17
-2.76409e-17
5.2243e-17
5.19074e-11
-2.33942e-10
-1.2056e-10
3.93153e-10
2.12668e-10
-5.25956e-10
-1.58783e-16
1.11624e-16
-5.68594e-10
7.92391e-10
3.6181e-10
-4.30121e-10
-3.90245e-16
-2.33044e-16
1.71809e-16
1.80951e-10
-1.40205e-10
8.91983e-11
1.45477e-15
-7.84524e-16
6.53801e-16
-5.5362e-11
3.31385e-11
6.75634e-15
-3.25994e-15
-1.87807e-11
1.24866e-11
-8.14157e-12
-5.60629e-14
2.53749e-14
-1.32446e-14
4.77358e-12
-3.68867e-12
1.87176e-12
-1.6556e-12
3.48168e-14
-1.7124e-13
1.2289e-13
7.53163e-13
-3.37975e-13
-3.14684e-14
3.67824e-13
-5.88593e-13
6.45545e-13
-5.663e-13
4.27095e-13
-2.91103e-13
1.58165e-13
1.4967e-6
-2.47016e-6
1.26516e-6
2.27885e-6
-4.67256e-6
8.07581e-6
-1.29959e-5
1.82338e-5
-2.16644e-5
2.16391e-5
-1.8185e-5
1.31778e-5
-8.72989e-6
4.77602e-6
4.33078e-6
-5.75103e-6
-3.17632e-6
3.17781e-6
-2.57876e-6
-1.00003e-6
5.12998e-7
-3.16493e-7
1.33878e-6
-8.25403e-7
4.58844e-7
1.76089e-7
-1.01595e-7
5.99512e-8
-2.65478e-7
1.59402e-7
-9.75331e-8
-3.48793e-8
1.91877e-8
6.1668e-8
-4.72765e-8
-1.06923e-8
7.05672e-9
-3.80345e-9
4.89795e-8
-4.35259e-8
3.46921e-8
1.71938e-9
-8.83024e-10
-2.72307e-8
2.12163e-8
3.90337e-10
-1.5697e-10
-6.09827e-11
-1.43543e-8
6.15499e-9
-1.01013e-9
2.21247e-11
-7.09342e-12
-1.9555e-9
3.01424e-9
7.22197e-13
-8.03555e-12
5.49461e-11
-2.80976e-9
2.2024e-9
-1.80521e-9
3.9353e-11
6.01317e-12
5.71583e-12
1.39584e-9
-1.19585e-9
8.85355e-10
2.11219e-9
-2.15765e-10
1.54841e-10
-3.76918e-9
6.28753e-9
5.76321e-10
-8.52124e-10
3.39151e-10
-1.81763e-8
-2.54133e-10
4.23899e-8
1.96334e-10
-8.15294e-8
-1.7034e-10
1.24306e-7
1.42288e-10
-1.52477e-7
-1.04594e-10
1.53151e-7
6.48066e-11
-1.28746e-7
-3.29186e-11
9.3421e-8
1.34631e-11
-6.30443e-8
-4.57294e-12
3.46447e-8
1.25147e-12
3.41371e-8
-4.32485e-8
8.31322e-13
-7.51294e-13
-2.48966e-8
2.43304e-8
-2.06181e-8
1.14418e-8
1.72038e-15
-4.83746e-15
9.26643e-14
-7.69898e-9
4.8461e-9
-3.2499e-9
8.94555e-17
-5.05445e-16
7.54119e-16
2.18623e-9
-1.3158e-9
6.02528e-10
5.46609e-17
-8.63262e-17
-1.15292e-10
-2.50133e-10
4.48431e-17
5.72479e-19
-8.23944e-18
4.41407e-10
-5.59629e-10
5.83848e-10
1.63026e-16
-1.06969e-16
-6.54254e-10
5.33797e-10
3.70579e-16
-2.29498e-16
-2.76613e-10
1.52668e-10
-8.77e-11
-2.21034e-15
1.04191e-15
-6.06858e-16
4.95542e-11
-2.76716e-11
-8.18242e-15
4.45628e-15
1.54708e-11
-9.69554e-12
6.45048e-12
4.69268e-14
-2.59242e-14
1.45696e-14
-5.2956e-12
3.76659e-12
2.32436e-12
-3.49161e-12
1.71285e-13
-2.28887e-13
-1.79893e-13
1.45288e-13
-7.5997e-14
1.26271e-12
-6.90644e-13
2.07528e-13
2.014e-13
-5.90971e-13
8.80732e-13
-9.79315e-13
8.7716e-13
-6.61969e-13
4.5188e-13
-2.55721e-13
3.15294e-13
-1.8919e-6
1.88089e-6
-1.31187e-6
4.06765e-6
-6.7593e-6
1.09112e-5
-1.58484e-5
1.9841e-5
-2.09805e-5
1.86108e-5
-1.3632e-5
8.44741e-6
-5.07103e-6
3.79946e-6
-3.08656e-6
1.92997e-6
1.2647e-6
-8.98913e-7
4.0253e-7
-1.08972e-6
6.66063e-7
-3.96456e-7
-1.80066e-7
9.52084e-8
-5.05501e-8
2.41697e-7
-1.52467e-7
9.76923e-8
2.68912e-8
-1.34953e-8
-6.57792e-8
4.30146e-8
8.31705e-9
-8.04041e-9
3.33039e-9
-4.31071e-8
4.33694e-8
-3.29644e-8
-1.06436e-9
7.91818e-10
2.30171e-8
-1.58025e-8
-3.05732e-10
2.3346e-10
1.97481e-11
1.31577e-8
-6.35061e-9
1.72968e-9
-1.22571e-11
5.32221e-12
3.09265e-10
-1.11513e-9
-1.15526e-12
1.57522e-12
-1.09024e-11
1.21061e-9
-1.02283e-9
9.79915e-10
-8.13898e-12
2.58827e-11
-2.90545e-11
-1.17384e-9
1.19154e-9
-8.19027e-10
4.30181e-11
3.59823e-9
-3.39999e-9
6.69632e-10
-1.78617e-10
9.11745e-9
1.44865e-10
-2.31197e-8
-1.35937e-10
4.80879e-8
1.29655e-10
-8.08498e-8
-1.17808e-10
1.10241e-7
9.49105e-11
-1.22634e-7
-6.46077e-11
1.12487e-7
3.61129e-11
-8.47213e-8
-1.5919e-11
5.4397e-8
5.20702e-12
-3.3961e-8
-1.19094e-12
2.73089e-8
1.89642e-13
-2.29532e-8
1.52035e-8
-9.62149e-9
-5.91085e-15
2.99705e-14
-9.32105e-14
6.70958e-9
-4.59744e-9
3.27014e-9
2.23766e-16
-5.25721e-16
2.01166e-15
-2.21418e-9
1.20158e-9
-3.24545e-10
-1.65863e-17
-6.62455e-17
-1.78936e-10
7.3462e-10
-4.55289e-17
-1.48784e-17
4.34285e-17
-6.90207e-10
7.71364e-10
-5.79993e-10
-3.25214e-16
1.81117e-16
5.33147e-10
-6.42165e-10
-6.91594e-16
4.27313e-16
3.09728e-10
-1.25222e-10
5.98533e-11
2.45179e-15
-1.00929e-15
7.14966e-16
-3.16401e-11
1.72421e-11
8.08498e-15
-4.50156e-15
-9.23185e-12
6.06258e-12
-5.92903e-12
-4.03545e-14
2.36842e-14
-1.3816e-14
5.60562e-12
-3.6354e-12
2.79265e-12
1.86286e-13
-1.16433e-13
6.61435e-14
-5.95759e-13
2.35343e-13
6.64353e-15
-3.36774e-13
7.14522e-13
-1.04357e-12
1.19653e-12
-1.11453e-12
8.3665e-13
-5.20257e-13
3.19488e-13
-2.23843e-13
-2.11964e-7
-5.15161e-6
5.09853e-6
4.94106e-6
-7.36795e-6
1.09464e-5
-1.44364e-5
1.62899e-5
-1.53142e-5
1.20259e-5
-6.90369e-6
3.9429e-6
1.80119e-6
-2.33073e-6
-1.13997e-6
3.77948e-8
2.53852e-7
-1.47332e-7
6.38201e-7
-4.69228e-7
2.7427e-7
8.66602e-8
-6.33709e-8
3.01304e-8
-1.66272e-7
1.13509e-7
-7.43346e-8
-1.80639e-8
7.46954e-9
4.82371e-8
-3.62311e-8
-3.79865e-9
5.26021e-9
-2.83696e-9
2.61277e-8
-4.59774e-8
2.75668e-8
1.18558e-9
-4.45512e-10
-1.65395e-8
1.07869e-8
3.10699e-10
-2.11207e-10
2.49631e-11
-7.8769e-9
2.5787e-9
-6.16534e-11
-3.21074e-12
-8.08416e-13
-4.17459e-10
5.08254e-10
1.29504e-12
-2.07564e-12
6.81156e-12
-5.55555e-10
3.96694e-10
-3.21777e-10
-1.32741e-11
3.36042e-11
-1.62416e-10
3.5228e-10
-3.38054e-11
-1.59701e-9
-1.06169e-10
-5.33286e-10
5.12592e-9
-6.54995e-9
-1.75747e-10
2.04197e-10
1.19685e-8
1.04464e-10
-2.57549e-8
-9.06744e-11
4.63893e-8
8.48558e-11
-6.89391e-8
-7.32563e-11
8.41398e-8
5.43111e-11
-8.3535e-8
-3.31173e-11
6.83875e-8
1.64849e-11
-4.0902e-8
-5.99367e-12
2.45754e-8
1.55873e-12
-1.5261e-8
1.25602e-8
-8.71077e-9
6.13215e-9
-5.15941e-15
-9.57137e-15
1.74877e-13
-5.30854e-9
3.46921e-9
-2.44294e-9
1.42392e-16
-1.21907e-16
8.40224e-16
1.56897e-9
-4.93549e-10
-4.96093e-10
2.81937e-18
-2.52453e-17
1.22927e-9
-6.84676e-10
1.26064e-18
-1.17325e-18
-1.73583e-17
1.07389e-9
-4.58568e-10
5.7749e-10
5.50411e-16
-2.06702e-16
-3.83437e-10
5.11562e-10
1.41296e-15
-7.88244e-16
-9.18278e-11
3.04476e-11
-2.60442e-11
-1.93376e-15
1.28591e-15
-1.44325e-15
1.57071e-11
-1.04421e-11
-6.26451e-15
3.62536e-15
4.81035e-12
-2.35959e-12
1.90999e-12
3.05972e-14
-1.75445e-14
1.00845e-14
-2.5044e-13
-4.19173e-13
7.83405e-14
-4.23974e-14
2.97501e-13
-1.86906e-13
-6.62735e-14
3.60234e-13
-6.8259e-13
9.96283e-13
-1.18267e-12
1.1445e-12
-9.07747e-13
5.13621e-13
-3.00393e-13
1.79701e-13
-1.23951e-13
-1.08728e-6
6.73677e-7
2.45907e-6
-3.30097e-6
1.13274e-6
-2.36578e-6
4.16615e-6
-6.15532e-6
8.47253e-6
-9.93098e-6
1.01364e-5
-7.23172e-6
4.07005e-6
-2.36157e-6
1.61097e-6
1.08867e-6
-8.00519e-7
3.49974e-7
-1.50442e-7
6.85448e-8
-8.79429e-7
1.93604e-7
-2.28688e-7
2.48335e-7
-1.24886e-7
-3.58606e-8
3.25232e-8
-2.07137e-8
6.71559e-8
-6.65129e-8
4.5976e-8
1.63796e-8
-1.35535e-8
-2.96005e-8
1.97144e-8
-3.2221e-10
9.47857e-9
3.18947e-8
-1.65236e-8
1.09431e-9
-6.17003e-10
-3.03347e-10
3.11138e-9
4.08618e-10
-2.67712e-10
-1.03226e-11
3.28111e-11
1.28187e-10
-6.63548e-11
-5.26984e-10
2.60873e-10
2.53564e-11
-6.74341e-12
4.33848e-10
-3.10395e-10
-1.3148e-13
2.4288e-12
-5.28062e-12
2.59055e-10
-1.21638e-10
7.06077e-11
1.22868e-11
-5.42282e-11
1.09305e-10
-1.12329e-10
2.78475e-11
-4.69036e-10
1.09871e-9
6.95226e-11
-5.92966e-11
-2.37029e-11
4.09447e-11
2.93204e-10
-5.49908e-9
6.19291e-9
-1.3561e-10
7.12055e-11
-5.89228e-9
-4.66019e-11
1.30472e-8
5.74727e-11
-2.33377e-8
-5.49724e-11
3.68771e-8
4.96138e-11
-4.7479e-8
-3.84725e-11
5.18004e-8
2.56758e-11
-3.88643e-8
-1.20756e-11
2.30441e-8
3.42295e-12
-1.41662e-8
-5.86423e-13
1.03077e-8
-5.54382e-9
7.60756e-9
2.00229e-9
-3.80229e-14
-1.78285e-13
1.19665e-14
-4.14958e-14
2.09566e-13
-2.74955e-9
-3.66999e-16
3.10511e-9
-1.69346e-9
1.10011e-9
3.2395e-17
5.19912e-17
1.33561e-16
-6.33014e-10
-4.54486e-10
1.60714e-9
4.00502e-18
1.22468e-17
-2.31117e-9
2.29601e-9
-1.05689e-9
7.02993e-18
-1.30802e-17
-1.54668e-9
1.32748e-9
-6.59874e-10
9.48346e-17
-5.77715e-10
3.66269e-10
-2.52584e-10
5.11236e-18
1.29759e-10
-9.24581e-11
4.96172e-11
1.28907e-15
-5.66174e-16
1.15478e-16
5.73199e-18
-2.06506e-11
8.83322e-12
3.84576e-15
-2.37469e-15
-2.57611e-12
6.4836e-13
-5.84402e-13
-1.68444e-14
8.4465e-15
-4.39139e-15
7.57356e-14
2.18966e-13
-1.26602e-13
4.65991e-14
2.6028e-14
-1.79493e-13
-8.34586e-14
-1.35362e-13
6.48148e-14
-1.47758e-14
1.60805e-14
-4.30785e-14
1.22831e-13
-3.61254e-13
5.53425e-13
-7.94413e-13
9.34546e-13
-9.5448e-13
6.65027e-13
-3.87966e-13
2.15857e-13
6.86515e-7
2.21426e-6
-2.73857e-6
-3.21951e-6
3.04352e-6
-4.16638e-6
4.68933e-6
-4.69527e-6
3.13726e-6
-1.61266e-6
-5.54547e-7
3.63288e-7
1.89166e-7
-2.10852e-8
3.06724e-7
-1.86972e-7
-1.07511e-8
-8.57236e-8
2.95659e-8
3.56728e-8
2.37996e-10
-1.01913e-8
3.78854e-8
-2.31021e-8
-2.4213e-8
2.01424e-9
1.87917e-9
1.54206e-8
-9.41405e-9
-2.99081e-9
-4.36798e-9
2.57081e-9
4.99023e-9
-5.95295e-9
1.45083e-9
-1.0311e-9
6.6232e-10
1.01376e-9
-8.83386e-10
-2.15827e-9
3.86345e-10
-3.30541e-10
2.69116e-10
8.2869e-10
-3.69398e-10
-6.85857e-10
2.68199e-11
-1.23132e-10
8.38962e-11
2.046e-11
1.09804e-11
-3.29152e-11
9.45521e-12
4.67846e-11
8.32223e-13
-8.76023e-12
-7.962e-12
2.62235e-11
-9.418e-12
3.70903e-12
1.72876e-11
7.29041e-11
-2.08963e-10
5.70102e-10
3.03126e-11
-1.67073e-11
2.17417e-9
4.17708e-11
1.27433e-9
-6.14657e-9
4.93806e-9
5.23053e-11
-8.27927e-11
-8.96441e-9
-6.49348e-11
1.04655e-8
3.79293e-11
-1.71885e-8
-3.18785e-11
2.13359e-8
2.38525e-11
-2.30566e-8
-1.50808e-11
1.62512e-8
6.55488e-12
-8.84274e-9
-1.60034e-12
2.14231e-9
-3.46975e-9
1.39793e-9
-4.25311e-10
8.52139e-15
-2.12629e-15
-3.0837e-13
5.55017e-10
-1.11627e-9
3.59476e-10
3.29503e-10
-5.22326e-11
-1.62768e-17
-7.6296e-16
9.94644e-10
-2.03032e-9
2.97753e-17
-1.21471e-17
2.91731e-9
-2.24301e-9
8.47594e-18
-5.69323e-17
1.67971e-9
-1.0467e-9
-1.08987e-16
-3.36187e-17
2.09233e-17
-2.04316e-17
5.00112e-10
-2.5439e-10
-6.31546e-17
1.20546e-16
-2.39817e-17
-2.22733e-17
9.90526e-11
-1.20492e-10
-8.1641e-11
1.04505e-17
-1.20696e-16
3.5111e-17
2.61457e-11
-2.30451e-12
-7.68338e-16
3.44591e-16
9.1656e-13
1.4355e-15
5.0139e-14
5.71188e-14
-2.62822e-15
1.70613e-15
-2.33691e-15
-2.13468e-14
2.18778e-14
6.60005e-14
-1.55382e-14
9.48801e-16
-2.23697e-15
5.99666e-15
1.09912e-13
-1.54024e-13
4.61362e-13
-3.98061e-13
5.67524e-13
-6.11339e-13
5.66329e-13
-4.09252e-13
2.14819e-13
-3.40139e-14
4.72128e-14
7.86371e-7
-1.02429e-6
6.89176e-7
2.79535e-6
-2.06216e-6
-1.25005e-6
1.52459e-6
-1.65769e-6
1.98459e-6
-1.31723e-6
7.45808e-8
-1.10107e-7
-4.73694e-8
-1.02114e-8
-9.74481e-9
1.42207e-8
-1.56622e-7
1.00525e-7
-2.4413e-8
5.05776e-7
-5.08882e-9
-1.45023e-8
-8.80487e-9
-6.25799e-9
7.14545e-9
7.94741e-9
-1.77406e-9
-4.66455e-10
1.64627e-9
-2.57326e-9
-1.20291e-8
1.35035e-8
1.31207e-8
-7.05032e-9
-2.09611e-10
2.07431e-9
-7.48238e-9
3.37067e-9
4.09039e-9
3.37424e-10
-5.1748e-10
-2.08687e-9
5.44701e-11
2.75215e-10
-2.37976e-10
6.13711e-11
-1.82945e-11
1.43863e-10
-1.17296e-10
2.01568e-11
3.04233e-11
7.26884e-11
-4.39973e-11
-1.16965e-11
2.18855e-11
-6.02785e-12
-3.86339e-12
-6.92068e-12
-1.43314e-11
3.49704e-12
2.31916e-11
-4.79255e-12
5.15149e-12
1.26896e-11
-2.93985e-11
3.07908e-11
-4.97157e-11
-1.60536e-12
-7.6925e-13
9.23853e-13
-3.32766e-12
-1.70682e-12
-6.14749e-11
2.43681e-10
-3.63095e-10
9.57349e-12
-1.57205e-11
1.00664e-9
-2.13685e-9
-6.76434e-11
4.58396e-11
3.03178e-11
1.72623e-9
3.0949e-11
3.35084e-10
-4.88927e-9
7.23426e-9
6.78279e-11
-5.00777e-11
-4.06895e-9
-1.80972e-11
6.18349e-9
1.64926e-11
-7.3897e-9
-1.40615e-11
9.67043e-9
8.49901e-12
-6.66074e-9
-4.01749e-12
-5.87198e-10
3.95615e-10
-1.85244e-11
-3.52795e-10
-1.27334e-10
5.2245e-14
9.40889e-14
-1.35575e-14
-2.90279e-14
3.38214e-13
9.00087e-11
2.0637e-15
-2.19246e-10
3.80427e-11
-1.37599e-10
3.24162e-11
5.40623e-16
-3.25698e-15
-7.97785e-17
1.10487e-16
5.99944e-17
-3.79657e-10
8.55611e-10
-1.036e-9
-1.24475e-9
1.65272e-9
-6.5155e-19
8.28937e-17
2.19848e-16
-8.2646e-17
-1.87722e-9
1.2249e-9
-2.56864e-17
4.60706e-17
-6.86988e-10
4.30856e-10
-4.81026e-17
2.45873e-17
-1.04911e-10
6.51185e-11
1.79684e-17
4.23963e-17
1.02663e-11
3.13537e-12
1.38965e-16
-7.46423e-18
-4.62833e-12
-2.36799e-16
1.02324e-12
-1.22318e-13
-3.74024e-14
6.00192e-14
-1.67996e-14
-9.97468e-16
-1.23196e-15
6.93566e-16
-2.91882e-16
4.73837e-16
-2.23548e-14
6.68221e-15
3.13863e-15
-1.1083e-14
9.91717e-15
5.60723e-16
8.50419e-16
-7.80587e-16
1.06533e-15
-2.82348e-15
-2.94735e-14
4.66825e-15
-2.71372e-14
-2.03222e-14
4.24717e-15
5.53495e-16
1.15283e-15
8.32072e-16
3.07085e-13
-4.79401e-13
2.2286e-13
-3.36384e-13
3.99471e-13
-3.52347e-13
2.4271e-13
5.58074e-14
-3.86629e-14
2.17695e-7
-6.65502e-7
-4.46333e-7
8.29299e-7
-1.03839e-6
7.38864e-7
6.49719e-7
-8.37814e-7
3.87056e-7
5.12984e-7
5.42861e-10
2.32939e-8
-2.48939e-9
-1.38894e-7
1.39741e-7
9.62523e-8
5.96343e-10
3.48297e-9
6.73561e-9
-2.84877e-9
-2.38612e-9
3.10013e-10
5.09653e-9
-2.98113e-9
1.07447e-9
1.95131e-9
-6.70434e-10
1.66351e-10
-2.88312e-10
2.82329e-10
-9.63823e-10
-1.65796e-9
4.47983e-10
-3.81664e-11
-2.09314e-10
1.02516e-9
-2.49098e-10
-5.49175e-12
-2.94647e-11
-4.08944e-11
-7.06865e-12
3.71458e-11
-4.15948e-11
-2.97016e-11
-3.70891e-13
3.47119e-11
-2.85133e-11
-2.40658e-11
2.39525e-11
-5.66832e-12
3.51945e-12
1.66887e-11
-1.65176e-11
-1.56653e-12
9.19438e-13
-1.93872e-12
9.35958e-12
-5.3576e-12
-9.79243e-13
5.72409e-12
1.19602e-12
-6.98587e-12
1.19875e-11
2.46185e-13
-5.03904e-11
-1.36973e-13
-4.02295e-11
2.75288e-10
-2.37988e-10
-1.53535e-11
1.47243e-11
9.52705e-11
-1.34207e-9
-5.50802e-11
2.56366e-11
1.82413e-11
1.99978e-9
-1.09816e-9
1.39316e-11
4.91835e-11
2.68515e-9
-4.08576e-9
-1.9632e-11
1.60586e-11
2.71417e-9
1.16431e-11
1.9478e-9
-4.18458e-9
2.57503e-9
1.26958e-10
-7.18172e-12
-1.53277e-11
-3.37468e-14
-9.37903e-13
-5.44122e-14
3.88717e-13
3.0762e-12
5.70117e-11
2.95986e-14
-2.66466e-11
6.73803e-11
2.91691e-11
-1.57349e-10
2.40283e-10
-4.9603e-16
3.2343e-16
-5.33322e-10
7.92716e-10
-1.2264e-17
7.2188e-17
-9.20378e-10
1.24057e-9
5.76358e-10
-6.54038e-10
3.97035e-17
-1.71162e-16
-1.04789e-16
1.27894e-16
-4.48075e-10
4.20632e-10
-3.14788e-10
-1.90351e-18
-1.72012e-10
1.20608e-10
-1.10283e-10
3.12585e-17
-1.13968e-11
4.49174e-12
-1.36361e-11
-3.23184e-17
3.4489e-12
-2.11223e-12
6.55563e-13
-2.22829e-13
-3.95698e-14
1.21375e-16
1.18126e-16
-1.09324e-17
-7.63469e-17
-3.11794e-17
8.25977e-15
-2.39749e-16
3.36941e-17
-2.92895e-15
2.64853e-16
-2.57398e-16
4.32534e-16
2.28682e-15
-2.01154e-15
3.79217e-14
1.02344e-15
-6.77412e-14
-1.08599e-13
5.79109e-15
-2.12914e-14
2.09615e-15
-1.44883e-15
3.30862e-16
-6.63703e-16
9.13416e-14
-3.27162e-13
4.39924e-13
-3.03008e-13
-1.62977e-13
2.22239e-13
-1.63131e-13
-3.57411e-7
-1.44951e-8
2.93715e-7
2.78932e-7
-2.95643e-7
-2.74007e-7
2.17178e-8
-8.02451e-8
-1.10881e-7
-2.92052e-8
2.67137e-9
-3.25827e-8
-4.49698e-8
3.99021e-8
9.81217e-8
1.13441e-8
3.3773e-8
1.53137e-8
-9.45931e-9
-3.77419e-10
1.32186e-9
3.73352e-10
2.8973e-10
-8.71352e-10
1.00593e-10
-8.6398e-10
9.11516e-9
-1.49359e-10
-3.0416e-11
-5.21634e-10
7.95603e-11
-2.5117e-11
2.23334e-10
2.10294e-10
-1.94757e-11
-7.58759e-11
7.18415e-11
2.43832e-11
-2.39987e-11
9.42353e-12
-1.19016e-10
5.43871e-11
6.85352e-12
2.9875e-12
2.87774e-11
-1.74579e-11
-5.37559e-12
-8.7724e-13
-6.94989e-12
1.24542e-11
1.90964e-12
1.4213e-13
-3.78776e-12
-2.53539e-13
-1.03506e-11
1.05555e-11
1.80467e-12
7.38825e-15
1.01162e-12
-5.82862e-13
-6.97399e-12
7.44491e-12
3.8566e-13
-4.48233e-12
2.95523e-12
-1.67352e-13
7.2616e-14
1.69168e-12
-5.76864e-13
-4.22873e-13
3.23858e-14
1.22515e-14
6.84545e-12
1.83987e-14
3.15249e-13
-2.83124e-12
1.49448e-11
-3.10465e-12
9.08312e-13
-7.59451e-11
-3.16281e-12
2.96096e-11
5.74996e-11
-5.04966e-11
-1.20857e-11
7.02707e-12
2.00214e-10
-8.08342e-10
-1.86128e-11
8.69826e-12
1.50252e-10
6.09436e-10
-1.59998e-11
1.28766e-11
-2.23068e-14
-2.93394e-12
-1.1338e-9
1.14198e-9
-1.10715e-11
-1.23441e-9
-3.97263e-10
1.06682e-10
1.72791e-10
-5.59474e-10
2.49849e-12
4.67594e-12
-5.05817e-12
-1.70826e-12
7.00744e-13
-3.18325e-12
-9.43757e-12
7.17493e-11
-1.66352e-13
-4.06574e-11
5.60701e-14
8.88779e-12
-6.56965e-12
1.75224e-11
-2.61344e-11
-3.41711e-11
7.85405e-11
1.07434e-15
1.37123e-15
-3.24668e-15
-2.05416e-14
-1.32239e-10
2.83113e-10
1.72083e-10
-4.02585e-10
-7.33914e-18
-1.22028e-16
1.59482e-16
5.99977e-16
4.56582e-10
-2.05246e-10
3.37921e-17
-6.5002e-17
1.39357e-10
-1.10874e-10
-1.88655e-18
2.77338e-17
-7.18521e-18
1.84139e-17
2.40943e-11
-2.46007e-11
-9.19763e-17
3.227e-17
1.10008e-17
-5.35674e-18
-1.40627e-11
5.78125e-13
-7.37349e-17
6.01951e-17
-7.48324e-19
-7.39031e-17
-1.52386e-12
1.57851e-12
7.28301e-13
5.00103e-17
1.28699e-16
-3.84791e-17
-2.23557e-13
-9.05044e-17
4.18547e-14
-1.1938e-14
-8.01681e-15
3.09538e-15
7.35848e-17
1.79423e-17
6.55533e-17
-5.05945e-17
6.54961e-17
2.44261e-16
2.83784e-16
-9.00284e-16
5.98846e-17
-2.93323e-16
-2.23525e-16
1.48369e-16
-2.25005e-15
4.7408e-15
8.18873e-14
-3.12019e-14
-8.18636e-15
-6.92761e-14
4.98002e-14
2.56326e-13
-1.09797e-13
1.13024e-13
-2.64924e-14
8.39313e-14
5.07975e-15
-8.97701e-16
-1.0526e-15
5.54809e-16
-2.63149e-13
2.63726e-13
1.24091e-8
-2.1738e-9
8.89862e-8
1.22069e-8
9.90819e-10
-7.24667e-10
-1.31387e-8
-6.47901e-9
-1.65545e-8
-4.28608e-9
3.55467e-9
-2.94908e-8
5.88967e-9
-3.85703e-9
-1.07259e-8
1.77051e-9
3.28706e-9
-8.41647e-11
-4.13683e-10
-1.45434e-9
2.63637e-10
-1.30685e-9
1.38484e-9
-2.91719e-11
4.78303e-11
-3.71215e-12
8.98534e-12
-4.1229e-11
6.46344e-12
-5.93491e-11
3.52009e-10
-3.01018e-12
2.49455e-13
-1.50727e-12
3.30056e-12
3.73338e-13
1.33953e-11
8.73773e-12
-2.08213e-12
-3.41766e-13
-2.96992e-13
-1.02064e-12
-4.92954e-12
1.61133e-13
9.79961e-13
9.78492e-13
-4.98821e-14
-1.74253e-12
2.70459e-12
1.55213e-12
4.96057e-14
-2.13188e-12
2.15879e-12
1.50369e-12
-2.48368e-12
1.61922e-13
-8.85559e-14
-1.03755e-12
9.49497e-13
3.46505e-14
1.51199e-14
-6.94247e-13
6.05977e-13
-1.53603e-14
1.30324e-14
1.39032e-13
3.83924e-13
-1.72395e-13
3.94135e-14
-1.67527e-12
2.49468e-12
-1.29948e-13
2.04257e-13
-2.7278e-14
3.20836e-13
4.96956e-13
2.56437e-13
-1.84181e-11
-8.88678e-12
-1.89967e-12
-2.53067e-11
-2.41261e-11
-4.61707e-11
2.42779e-12
-2.31836e-12
-1.66036e-11
2.29896e-11
1.10565e-11
-8.0368e-12
1.62476e-11
8.78947e-12
1.04615e-11
-8.69131e-12
4.67677e-12
-1.38852e-10
4.09545e-10
6.13871e-12
-3.78433e-12
3.58929e-11
2.29013e-12
-2.47583e-11
-1.01515e-12
9.74539e-12
-5.25421e-11
1.4712e-11
4.39683e-13
-6.96952e-12
-4.07155e-12
1.25796e-11
1.43486e-14
4.23085e-14
-4.0125e-14
-1.21835e-13
-1.88546e-11
5.32688e-11
2.21852e-11
-6.56697e-11
-5.94875e-16
-1.95293e-15
2.14386e-15
5.9822e-15
5.58789e-11
-1.5425e-10
-2.77357e-11
2.4223e-11
1.09432e-17
1.24481e-16
-6.28401e-18
-1.78624e-16
6.84455e-11
-6.09514e-11
4.59326e-11
-2.37679e-17
4.11861e-11
-3.24995e-11
3.15212e-11
-2.27568e-17
6.85764e-12
-5.55807e-12
1.03169e-11
7.74527e-18
-1.5536e-12
6.00016e-13
2.12643e-14
-2.6335e-17
-4.82707e-14
1.03938e-14
3.73602e-14
-6.08197e-15
9.93746e-17
-4.35891e-17
-3.91834e-17
-7.11202e-17
2.6982e-15
-3.8287e-16
-9.90972e-16
2.05903e-16
-8.04512e-17
2.37597e-16
3.34839e-17
-4.59455e-18
-6.29299e-17
-2.69799e-16
1.0852e-15
8.63139e-17
3.76488e-16
-3.63496e-16
-9.60002e-16
4.90646e-16
3.95157e-15
2.58694e-14
-5.80677e-14
-2.70206e-13
2.02436e-13
-1.28412e-13
2.25897e-13
1.12951e-13
-1.763e-13
-7.58226e-14
3.40316e-14
1.33736e-14
-6.55293e-15
2.67756e-15
1.15735e-9
-1.17792e-8
4.69733e-9
2.30399e-9
6.90887e-9
1.76988e-9
-1.6275e-9
7.81772e-9
7.11828e-10
-3.97555e-11
1.00314e-9
-5.3118e-10
-4.03552e-10
-4.21859e-11
1.46901e-10
-3.91089e-10
-2.29424e-9
2.7342e-10
7.93968e-11
8.96216e-11
2.45061e-11
-1.12502e-12
-1.53235e-11
-7.49355e-11
1.68454e-11
-6.29723e-11
1.8241e-11
-1.5214e-12
1.95354e-12
-5.061e-13
3.10064e-13
-2.77706e-12
-4.07417e-12
1.79885e-11
-1.63923e-13
9.93842e-14
-6.56986e-12
1.48945e-12
9.30874e-13
-1.3528e-13
2.53201e-12
-6.07878e-13
1.39359e-12
-5.74995e-13
1.24771e-13
-1.56192e-13
-3.03074e-13
8.59185e-14
6.9444e-14
5.93969e-14
4.96307e-13
-8.99553e-13
-3.82234e-14
-1.43087e-14
5.7208e-14
7.818e-15
7.18008e-13
-8.46526e-13
-8.27713e-14
1.91456e-14
9.85398e-15
4.77566e-13
-3.31046e-13
-7.16875e-15
-7.02377e-17
-1.83345e-13
1.31512e-13
-3.24908e-15
1.05632e-15
-1.26603e-13
1.47256e-13
-6.59942e-15
1.47321e-14
2.67789e-14
-4.63009e-14
-3.6583e-14
1.13263e-14
4.23609e-14
-5.12654e-13
-6.58267e-14
1.78113e-13
-1.54366e-13
1.44268e-12
-5.391e-12
1.38786e-11
1.28219e-12
2.95685e-13
-2.89383e-14
-5.09037e-14
-1.05996e-12
1.10048e-11
8.62684e-12
9.74807e-13
1.01128e-11
-8.316e-12
3.71426e-11
4.06968e-13
7.55789e-13
-2.93641e-12
4.79729e-12
9.87381e-13
-2.853e-12
-1.18803e-13
-4.64553e-13
2.60085e-13
1.19711e-13
-1.71713e-13
3.65615e-13
1.21784e-12
-2.94021e-13
1.78557e-12
-1.77849e-12
5.98541e-12
1.77683e-12
-6.65757e-12
-6.95117e-15
-1.86484e-14
2.04963e-14
4.98878e-14
5.57785e-12
-1.86081e-11
-5.43535e-12
1.39366e-11
1.64635e-16
6.55604e-16
-5.64121e-16
-2.21749e-15
-2.7748e-11
1.86938e-11
3.00066e-17
1.18607e-18
5.09037e-18
2.6253e-17
-1.14947e-11
8.48171e-12
1.9965e-18
9.52526e-18
8.01922e-17
-3.22514e-17
1.44578e-12
4.22337e-13
-2.01124e-17
-6.28093e-17
-1.40654e-17
2.6756e-18
1.50642e-12
-2.7411e-13
-3.98039e-17
8.32348e-17
1.89735e-17
-9.28286e-17
-8.49422e-14
3.42598e-14
6.81506e-17
-8.10674e-17
-3.16131e-15
3.3641e-15
7.88611e-16
-5.63223e-16
8.04471e-18
1.70209e-17
-6.04755e-17
6.97024e-17
1.00632e-16
-3.10859e-17
-2.31992e-17
5.69774e-17
-6.18667e-16
1.48984e-15
6.9632e-16
-1.95063e-16
2.77965e-16
-3.84612e-16
2.46019e-15
-1.30961e-15
-1.16594e-15
-1.31368e-14
1.33683e-15
-3.1071e-15
-1.04077e-15
-2.05991e-16
-3.17745e-15
1.96185e-15
3.68909e-14
-9.86749e-14
8.79355e-14
-7.87905e-14
6.36696e-14
-3.70988e-14
-1.54643e-9
-8.34639e-10
4.34941e-10
-1.70417e-9
-1.05429e-9
4.03137e-11
1.25271e-10
-5.17957e-11
6.41642e-11
4.64574e-10
-1.36353e-10
3.1178e-10
2.88027e-10
-5.6788e-11
3.08836e-10
4.68123e-10
9.42255e-11
-6.10807e-11
1.39422e-10
-4.94831e-11
-6.172e-11
-1.19778e-11
-3.17667e-12
-1.35925e-11
9.36638e-12
-7.18907e-12
1.24863e-11
3.0591e-12
1.90466e-12
-1.51254e-14
-6.11567e-13
-4.88732e-12
1.52785e-12
-3.8181e-12
1.05823e-12
-8.35009e-14
8.51633e-14
-2.44053e-13
4.89239e-14
-3.24589e-13
1.33896e-12
1.65772e-15
1.14098e-14
2.68971e-13
-7.43308e-14
-1.08123e-13
1.21242e-13
1.42787e-13
-1.79756e-13
-2.65009e-14
-1.08306e-14
1.73386e-13
-2.06026e-13
-8.5551e-14
2.64822e-13
-3.85411e-15
-2.25143e-15
6.18048e-14
-9.10012e-14
1.95319e-15
1.81999e-16
6.14373e-14
-3.59805e-14
-7.352e-16
9.89608e-16
-1.79804e-14
9.634e-15
-2.01e-15
3.54791e-16
-3.65958e-15
2.06709e-14
-2.49961e-15
8.71863e-15
-5.73945e-15
5.26358e-14
-3.46793e-16
-2.78525e-15
-5.11386e-13
7.92213e-13
-4.98974e-16
-2.55067e-12
-4.0663e-13
1.06354e-13
2.28188e-13
1.38921e-12
-4.21231e-12
-1.29955e-12
7.648e-13
-5.90624e-13
3.04542e-13
-1.81636e-13
1.95603e-12
-1.73126e-12
9.892e-13
3.67975e-12
1.42317e-12
-7.98939e-12
1.84802e-12
-1.20409e-12
-3.04831e-12
1.9525e-12
-4.12954e-12
-1.75903e-12
1.28496e-12
2.59239e-12
2.73411e-13
3.34957e-13
1.35978e-12
-1.0822e-12
-2.0245e-12
-2.52133e-13
5.30809e-13
-8.26443e-13
6.04173e-13
-3.00979e-13
8.44234e-13
-4.43469e-13
-8.59498e-14
3.7114e-13
8.43446e-14
-3.97553e-13
-5.17196e-14
-1.02651e-13
1.16212e-13
2.82212e-13
3.84465e-13
-1.52591e-12
-5.95291e-13
1.95983e-12
1.99141e-15
7.0037e-15
-6.37977e-15
-1.9879e-14
-3.48427e-12
9.26344e-12
2.10161e-12
-2.30567e-12
-9.69368e-18
-3.0497e-17
3.89701e-17
2.36335e-16
-5.8942e-12
5.88625e-12
-3.92902e-12
2.21852e-17
-2.75071e-12
2.81687e-12
-3.22023e-12
-4.60599e-18
4.03428e-13
1.63121e-13
-3.95906e-13
4.64768e-17
9.66235e-14
-8.73939e-15
-2.01361e-14
2.98383e-15
7.37069e-18
3.98524e-17
-5.70489e-17
9.48659e-17
-7.00855e-16
4.64559e-16
1.39406e-16
-1.00308e-16
8.58424e-17
-5.69115e-16
1.00066e-17
-4.0553e-17
-6.1296e-17
7.55069e-17
-1.11611e-16
5.14213e-16
-3.29734e-15
6.57879e-15
4.54857e-15
-1.89987e-15
-1.98139e-15
8.97582e-15
-1.04905e-14
2.06776e-14
-2.46977e-14
-3.17089e-14
5.05831e-14
3.73468e-14
-5.59924e-14
-3.64502e-14
5.34231e-14
2.58124e-14
-4.03362e-14
-1.03886e-14
1.84291e-14
3.55382e-15
-6.18609e-15
5.85117e-15
1.10289e-11
7.31337e-11
-8.41707e-11
-9.85065e-11
-9.24205e-11
-1.35854e-11
-4.67171e-11
-1.50821e-10
-8.09379e-11
2.25232e-11
-1.53588e-11
1.54138e-11
1.78565e-11
-1.21456e-11
3.0648e-12
2.06483e-12
2.12074e-13
1.90425e-11
-4.91184e-12
1.16098e-12
-1.13607e-12
-5.94552e-13
-1.64371e-13
-1.18451e-12
7.60594e-13
-1.50047e-13
1.06836e-12
1.60089e-13
9.20314e-14
-2.17633e-15
-3.40106e-14
-5.75491e-13
-2.13748e-13
1.278e-13
-1.35815e-14
8.65989e-15
6.15243e-14
9.72317e-14
-7.66279e-14
-5.07041e-14
-4.20741e-14
2.49383e-15
-2.46133e-14
4.96259e-14
-4.74107e-14
-1.9771e-14
6.87785e-15
1.39655e-15
2.40929e-15
4.57285e-14
-6.17111e-14
1.52653e-14
-1.46649e-16
-2.28341e-16
1.15797e-15
1.63506e-14
-2.05605e-14
2.83722e-15
1.81322e-14
-4.36166e-16
1.38326e-16
1.41003e-15
-4.26706e-15
1.08994e-17
-4.25208e-17
4.74324e-15
-2.17625e-15
-1.28593e-16
4.48404e-16
-2.79797e-16
6.50974e-16
-8.1141e-16
4.71968e-17
-5.19254e-15
-1.82626e-14
1.32796e-13
7.31869e-16
5.80209e-15
-1.57951e-13
7.80068e-14
-1.83616e-14
3.55732e-14
1.9306e-14
1.41229e-14
1.52769e-14
-4.86189e-14
-2.77145e-13
-1.83084e-13
-9.81039e-14
-2.11491e-13
-6.28104e-13
-2.83988e-13
1.21136e-13
8.6501e-14
-7.72938e-14
1.25512e-14
-4.72735e-14
1.47732e-13
3.33543e-13
4.61027e-13
-3.96875e-13
-2.38551e-13
-4.18434e-13
-6.95025e-13
-1.66445e-14
2.99598e-14
-1.08323e-13
-2.94979e-14
1.62096e-13
1.7993e-14
4.90209e-14
-4.2169e-14
-1.03963e-13
-2.80985e-13
8.70601e-13
1.34861e-13
4.64533e-14
-4.53238e-18
-1.17116e-15
1.23899e-16
4.21063e-15
-7.7759e-13
8.52244e-13
6.45467e-14
-2.22753e-17
1.43173e-16
-2.16309e-16
-2.14431e-12
1.90739e-12
-1.52649e-12
-1.63521e-16
1.62359e-16
-6.49799e-17
-7.96456e-13
8.49832e-13
-1.01829e-12
-1.19996e-16
1.77506e-16
-5.19506e-17
1.32611e-13
3.76178e-14
-3.80681e-14
2.91529e-14
1.00422e-16
-1.15312e-16
7.80359e-15
3.66281e-16
-2.08079e-15
3.32462e-16
-4.57978e-17
-4.14372e-17
1.01547e-16
-2.86622e-17
-1.70495e-16
-2.01533e-16
1.71651e-16
-3.30349e-16
1.66271e-15
-5.02982e-15
-1.76443e-16
1.05008e-16
-4.46046e-16
1.78824e-16
3.56395e-16
-6.99324e-16
1.46683e-16
8.17669e-15
1.46354e-14
-1.56484e-14
-2.16371e-14
1.543e-14
-1.12703e-14
-9.3199e-15
-1.19678e-14
2.00845e-14
-2.46703e-14
2.26935e-14
-1.35875e-14
2.81688e-15
4.11858e-11
1.55552e-11
6.81442e-12
3.87141e-11
3.94754e-11
7.7973e-12
-1.12648e-11
6.49401e-13
1.83907e-11
-4.14518e-12
-1.0848e-11
-6.89775e-12
-1.00914e-11
-1.79882e-12
-8.49679e-12
-1.47824e-11
-7.65114e-12
3.29447e-12
-8.28217e-13
1.0342e-12
-4.6271e-13
1.41955e-13
-9.72184e-13
1.76189e-13
-2.07965e-13
1.14486e-13
-1.16499e-12
-2.05106e-13
-7.30757e-15
2.36136e-14
-4.03537e-14
-2.20853e-13
-4.99661e-14
4.81415e-14
1.98574e-14
-3.94938e-14
9.15308e-15
1.19188e-14
-1.51568e-15
-2.37941e-15
-2.22059e-14
-1.15579e-15
-3.42438e-15
2.20798e-15
8.42502e-15
8.87813e-15
-1.34427e-14
-6.75948e-15
-1.21091e-15
-1.69857e-15
-1.38523e-15
1.1795e-14
-1.68936e-14
7.12843e-15
3.643e-16
7.75217e-17
-5.02987e-17
3.46935e-15
-6.26366e-15
4.13089e-15
1.10052e-16
-1.86021e-17
1.01552e-16
-3.30673e-16
-1.45901e-15
1.34947e-15
-5.95316e-16
1.1768e-16
-6.04194e-17
9.46099e-17
-8.63902e-17
-1.56599e-17
6.34339e-16
-5.45162e-16
2.92017e-16
5.85787e-15
1.95508e-17
-3.03828e-16
-5.95186e-15
9.39256e-17
-3.31343e-17
9.8181e-16
-1.24037e-15
-4.1556e-16
3.70126e-16
-1.2539e-14
-9.59867e-15
5.01598e-14
9.18034e-15
1.32142e-13
-1.72261e-14
5.72435e-14
2.94425e-13
-1.72367e-13
-1.00656e-14
3.51321e-14
2.83386e-13
-5.67167e-13
-3.26386e-14
1.55344e-13
-4.51899e-13
7.97176e-13
-5.27522e-14
1.43733e-13
5.94414e-13
-9.41782e-13
-2.30975e-14
1.63299e-14
-6.11804e-13
8.96914e-13
1.87606e-14
-5.71744e-14
5.46118e-13
-6.71667e-15
-6.17423e-15
1.16801e-14
-3.15584e-16
1.20425e-15
-9.50039e-15
-1.28792e-13
-2.56285e-13
1.84132e-13
8.05606e-14
1.68644e-13
2.99412e-13
-7.87121e-16
8.53106e-15
3.90643e-15
-2.40942e-14
5.70956e-14
2.92809e-14
3.86169e-16
-1.51366e-14
3.29288e-14
-6.49855e-14
6.83291e-14
7.96695e-14
2.03434e-16
4.35006e-16
-1.26803e-15
-3.24228e-13
3.00811e-13
5.12894e-14
1.52427e-16
-1.94764e-16
-1.38953e-16
-7.08615e-13
6.16449e-13
-5.16509e-13
8.12137e-17
-2.67982e-16
2.20321e-16
-2.20835e-13
2.21233e-13
-2.97327e-13
1.139e-16
-1.78903e-16
2.92031e-16
2.52704e-14
2.8068e-15
-4.19081e-15
-3.16504e-15
-1.70376e-16
2.10422e-16
-9.15023e-16
2.43277e-15
1.17695e-15
-4.9415e-16
3.89461e-16
1.79355e-16
-2.26407e-16
7.94857e-17
3.26506e-17
5.09651e-16
-3.45557e-16
-1.73408e-16
-2.98944e-16
3.01076e-16
-1.43996e-15
-1.49112e-14
2.38548e-14
7.55664e-15
-6.27386e-15
1.04028e-14
1.94547e-15
-8.07478e-15
7.89821e-15
-4.12434e-15
8.55754e-15
6.39813e-15
-1.21298e-14
-6.10324e-15
1.4241e-14
-3.2018e-16
-9.9689e-15
1.14886e-14
-1.03642e-16
-2.47749e-14
1.11347e-14
2.81381e-14
2.87549e-12
5.03986e-12
6.19846e-13
1.95234e-12
4.43804e-12
4.46289e-12
4.18059e-13
-7.21956e-13
4.45763e-13
1.53115e-12
-2.82337e-13
-4.43001e-13
-1.18071e-13
-1.93612e-12
-4.9472e-13
-8.39843e-14
-1.19478e-12
-1.47125e-12
-1.15913e-12
1.00204e-13
1.2674e-13
-3.20329e-14
-8.99981e-15
4.10771e-14
-1.80592e-14
1.75011e-14
3.29407e-14
-1.82968e-15
6.57124e-14
5.55271e-14
-1.41272e-15
-1.05747e-14
7.62586e-16
-3.93262e-15
-3.84066e-15
-3.59118e-15
5.56536e-15
-4.58215e-15
-3.16436e-15
1.12232e-15
8.04864e-16
-1.44516e-16
7.84844e-16
-1.65564e-16
-1.84042e-15
-8.35803e-16
2.34043e-16
-1.65866e-16
4.98895e-16
1.99008e-15
-4.14752e-15
2.47343e-15
-1.61265e-16
2.6479e-17
-3.68296e-17
5.08666e-16
-1.4704e-15
1.72283e-15
7.12464e-17
-5.02633e-17
-5.79489e-17
-5.26557e-16
-1.57507e-15
1.60823e-15
-1.43345e-15
1.19006e-15
4.12736e-17
-1.15105e-17
2.05717e-17
-2.20599e-17
5.59862e-19
-4.72761e-16
-2.95241e-16
-1.98986e-16
5.86627e-17
-7.09129e-16
6.10807e-18
-7.9973e-19
2.57132e-17
-1.02985e-16
4.11451e-16
-1.66099e-16
-3.0762e-16
3.94429e-16
-5.18046e-16
3.64638e-15
-2.45414e-15
-1.3864e-14
-2.54039e-15
6.10188e-15
-9.20243e-14
4.11629e-14
2.02658e-15
1.30816e-13
5.0771e-14
-1.11992e-16
-3.56925e-16
-1.79544e-15
7.60832e-15
-3.07142e-13
8.08517e-13
-6.19454e-13
-2.82622e-14
-4.04419e-15
1.54393e-14
2.64214e-13
-7.51973e-13
1.0322e-13
-4.73346e-15
1.34372e-14
-1.5562e-13
7.38144e-13
-2.11722e-13
-2.49215e-15
-8.71697e-16
2.24516e-13
-5.71332e-13
2.36143e-13
2.43434e-16
1.23309e-15
-3.61843e-15
2.08007e-14
-2.96329e-13
-9.14821e-16
4.01553e-15
-1.4592e-13
6.66659e-16
-7.56115e-17
-2.53287e-16
1.07711e-15
-2.01897e-15
-2.42383e-15
1.59856e-14
7.78301e-14
-4.9621e-14
-1.59077e-14
-1.00999e-13
-1.17078e-15
2.61344e-15
-9.43323e-15
1.75651e-14
7.84937e-15
-9.26e-16
-1.83306e-15
4.57677e-15
1.04577e-15
8.65796e-15
-2.68991e-14
2.34578e-14
3.40755e-14
-1.52132e-16
2.01653e-16
-6.29614e-16
-1.08722e-13
8.63133e-14
1.49216e-14
-2.39443e-16
2.1521e-16
-1.60053e-16
-2.20728e-13
1.61203e-13
-1.67382e-13
-2.3965e-16
2.49792e-16
-2.80383e-16
-5.31303e-14
5.56641e-14
-6.42869e-14
-1.25273e-16
9.30714e-17
-1.52805e-16
2.53435e-14
-6.85436e-15
-1.85205e-15
-6.37666e-16
9.69809e-16
-1.40915e-16
-1.25283e-16
3.55841e-17
-4.29971e-17
8.95816e-17
-4.17432e-16
9.77737e-17
6.0568e-17
1.35018e-16
4.40195e-16
8.39084e-17
4.54574e-15
-4.19093e-15
8.27696e-16
-1.29228e-15
3.51666e-15
-2.36345e-15
2.3213e-15
-6.28733e-15
2.45271e-15
-2.79003e-15
3.74684e-15
-3.68191e-15
3.89373e-16
1.51014e-15
-8.28774e-15
4.30685e-15
8.92218e-15
-1.85517e-14
1.43278e-14
-3.06135e-14
3.20533e-14
2.87779e-14
-3.81912e-14
-1.47798e-14
4.48116e-13
4.12444e-13
1.50545e-13
1.03287e-13
-1.42127e-13
3.099e-13
4.94852e-13
4.98636e-13
-3.26547e-14
1.31988e-14
-5.08347e-16
-1.4539e-14
-9.73087e-14
-9.25008e-15
-1.06703e-13
2.78147e-14
-2.09643e-14
-2.60055e-15
2.52142e-14
-3.47303e-15
3.68614e-15
1.56502e-15
-8.3033e-17
1.05356e-15
3.36298e-15
1.06835e-15
1.49304e-14
-2.36209e-17
-1.74679e-16
-3.19305e-16
-1.22276e-16
-3.45601e-16
-1.4105e-16
-3.09976e-16
1.06191e-17
-1.03181e-15
-2.53014e-17
7.67841e-17
6.55853e-17
-1.97482e-17
-1.98101e-17
2.20406e-16
-4.93814e-16
7.1014e-16
-5.04929e-17
3.2278e-17
3.4918e-17
-3.59611e-17
-1.72255e-16
4.63669e-16
2.41631e-18
3.93623e-17
-8.76279e-18
1.35365e-16
-7.54541e-16
1.58187e-15
-1.4378e-15
1.82003e-15
-5.24802e-17
6.96528e-17
1.42103e-19
4.86648e-17
-6.36529e-17
-1.54357e-16
-7.28771e-16
8.59934e-16
-7.32884e-16
4.34982e-16
2.69888e-17
-2.15118e-17
-4.5328e-17
-3.31664e-17
2.55999e-16
-3.45503e-16
-2.04095e-16
3.12886e-16
-1.09287e-16
1.87804e-16
1.49102e-15
-1.45321e-15
1.14139e-14
-3.73513e-15
-3.89347e-16
1.01073e-15
6.74769e-15
-3.82816e-14
3.60331e-14
4.77294e-17
-1.54368e-16
1.91904e-16
2.68772e-16
1.12032e-12
9.31584e-16
1.53164e-15
1.38025e-15
-4.1908e-16
1.16805e-16
-7.07657e-17
-1.80525e-16
1.0346e-17
9.27688e-17
-8.69354e-14
-3.73723e-13
1.3765e-13
1.28455e-14
9.8459e-13
3.08793e-14
-2.86554e-17
3.82238e-14
8.58242e-17
1.75567e-17
-1.52192e-16
4.21382e-16
4.14693e-17
7.70151e-15
1.83714e-15
-2.62988e-14
-7.6566e-15
-4.01557e-15
-9.01794e-16
8.08002e-16
-3.81155e-15
7.80598e-15
2.65916e-15
-6.97182e-16
8.29834e-16
1.43765e-15
5.9688e-16
6.73372e-16
-7.4329e-15
5.21515e-15
4.53764e-15
1.83369e-16
-1.35194e-16
3.2293e-17
-1.60308e-14
1.26606e-14
3.57997e-15
2.68103e-16
-5.03826e-17
2.23555e-17
-3.83483e-14
3.3038e-14
-4.70193e-14
1.30665e-16
-1.25615e-16
-4.92794e-17
1.36637e-14
-1.50473e-14
2.19276e-15
-4.69043e-15
5.67276e-15
-1.29358e-16
1.34237e-16
-1.15399e-16
3.6628e-17
-1.1592e-16
-2.97979e-15
1.31638e-15
-1.11588e-15
4.45461e-15
-2.0567e-15
3.32211e-15
1.71538e-15
-1.23009e-15
1.04015e-16
-1.80046e-16
2.71983e-15
3.19155e-16
-1.5149e-15
3.23475e-17
-1.29403e-16
-3.69081e-15
3.19736e-15
-1.00207e-15
1.92745e-14
-1.55457e-14
1.25116e-14
-2.07387e-14
-4.83687e-15
8.26374e-15
-3.17894e-15
5.54811e-16
4.90281e-15
-1.21712e-14
-7.9985e-14
-1.51451e-13
-2.0491e-13
-9.16976e-14
4.49539e-14
1.72402e-14
1.14082e-14
-4.88356e-15
4.25983e-14
6.73641e-14
5.46356e-14
2.66684e-15
-5.74999e-15
1.96791e-15
-5.48444e-16
-9.64478e-17
-1.15291e-14
-1.02758e-15
-1.20335e-14
-5.33962e-16
-3.34997e-15
6.48849e-17
2.99962e-15
-5.04584e-16
2.71742e-16
5.74333e-17
2.71759e-17
-6.05287e-17
6.06836e-17
2.66398e-16
1.92176e-15
-5.68914e-16
-1.45272e-17
-4.23727e-17
2.86568e-18
-2.94748e-17
2.84685e-17
-2.67134e-17
-4.48991e-17
1.26449e-16
-1.72235e-16
4.11481e-19
2.27788e-17
-2.15712e-17
-4.58108e-17
-1.17186e-17
-1.13133e-17
2.21863e-18
-1.24222e-17
2.157e-18
-4.8062e-17
1.669e-16
-2.79329e-16
9.83574e-16
-6.44041e-18
-4.77613e-17
-4.86198e-17
-1.48488e-18
-5.31641e-17
1.30193e-16
-2.02702e-16
5.97631e-16
-5.52591e-16
9.82746e-16
6.21105e-20
3.76649e-16
-4.11834e-18
2.76329e-16
-4.4402e-16
1.79777e-16
-1.60299e-16
4.42378e-16
-2.15123e-16
1.77481e-16
3.72864e-15
-1.35385e-15
3.93545e-15
-9.7006e-15
-6.8939e-18
-2.89279e-17
3.64145e-14
-9.0147e-15
-5.04762e-14
2.90405e-17
4.32576e-17
-1.04464e-16
3.53847e-17
-2.02523e-16
-2.21534e-12
3.16575e-12
-1.08244e-12
1.6956e-12
9.15619e-17
-4.15654e-16
-1.34938e-12
1.11767e-12
2.273e-16
-4.82285e-16
1.13956e-12
-1.07671e-12
2.39684e-16
-8.52776e-13
-3.91639e-17
-3.53935e-17
1.25118e-18
2.56898e-17
1.79994e-17
-2.36094e-17
-4.67193e-14
-2.35412e-13
2.72365e-13
4.01913e-14
8.26325e-13
-3.18717e-14
-1.26441e-17
-4.99986e-15
-3.35773e-18
5.91596e-17
-1.28794e-16
2.81978e-16
1.39746e-16
5.80508e-16
-4.58519e-17
-1.99153e-15
-4.29323e-16
4.32449e-15
-1.80123e-16
8.85839e-17
-6.47462e-16
2.97024e-15
-9.86763e-16
9.10247e-18
9.96984e-17
6.96748e-17
3.36839e-17
8.12516e-18
3.92134e-15
-5.17323e-15
1.17474e-17
-6.81928e-17
4.12697e-18
1.06706e-14
-7.86072e-15
-1.21727e-17
5.07022e-17
-4.22528e-18
4.60734e-16
-8.82321e-15
3.50545e-15
-5.69524e-15
4.61416e-15
3.54307e-17
-7.77948e-17
1.66056e-16
-3.99224e-17
6.1701e-17
-2.95054e-15
5.65376e-15
-1.08058e-14
1.70485e-14
-1.02916e-14
1.256e-15
1.10391e-16
-1.24517e-17
-2.93313e-18
1.53992e-16
1.04537e-14
-4.41844e-15
-6.46094e-15
2.75801e-15
-1.58953e-15
-6.1397e-15
4.82945e-15
6.72984e-15
5.83184e-15
-3.02734e-15
2.45394e-15
-5.4016e-15
-6.37937e-16
9.69891e-16
-7.97302e-15
5.08973e-15
7.26674e-15
-3.59137e-15
-3.27698e-15
-1.35733e-16
-2.43302e-16
1.75341e-15
-9.61523e-15
-2.06796e-14
-2.48142e-14
-7.6381e-15
4.5836e-15
3.56224e-15
1.5062e-15
1.06784e-15
-5.37602e-16
5.45929e-15
8.58061e-15
6.38817e-15
-1.22154e-16
-7.34508e-16
1.265e-16
-6.15889e-17
3.27613e-16
-1.67233e-15
1.92999e-16
5.06107e-17
-1.51788e-15
9.13756e-17
4.1888e-16
-4.63278e-17
1.21352e-16
-4.71313e-17
8.61044e-17
3.07967e-17
-7.06308e-17
-2.8691e-16
1.44254e-16
-1.0592e-16
1.2153e-17
9.98673e-17
1.13492e-17
5.12364e-17
2.74225e-18
-4.272e-18
1.52439e-17
1.31268e-17
2.15345e-17
2.90823e-18
7.27906e-19
2.64146e-17
3.69208e-17
-6.17189e-18
-2.21667e-17
-4.53472e-17
1.84594e-17
-4.41488e-17
2.25034e-17
2.08477e-17
-1.52335e-17
1.46634e-17
-2.19514e-17
-3.69309e-17
1.20345e-16
1.60599e-16
1.34308e-17
-2.09614e-17
1.08944e-16
-1.25451e-15
-2.71233e-16
-1.07893e-15
2.2388e-15
-4.53378e-17
1.59589e-15
9.57529e-18
4.55554e-19
9.01095e-17
2.52768e-15
4.78738e-14
7.99653e-16
-2.86504e-14
4.06261e-18
-7.39304e-17
1.26455e-13
1.00288e-14
1.84547e-17
-3.92476e-13
-1.00584e-16
-5.23628e-18
-4.18675e-17
-4.33202e-12
3.8787e-12
-1.95529e-12
2.58846e-12
-9.57322e-18
-9.88002e-17
-1.45387e-12
1.4219e-12
1.06416e-16
-1.16338e-16
9.32207e-13
-1.07664e-12
5.9507e-17
-6.76526e-13
2.46385e-17
1.12028e-17
-6.72188e-17
1.4507e-17
1.70087e-19
-2.03709e-14
-1.69564e-14
1.33203e-13
2.22999e-14
5.65176e-13
-2.41526e-14
-2.27867e-17
-3.78438e-15
2.84912e-17
3.39933e-17
-5.18086e-17
7.87797e-17
1.00052e-17
3.45352e-16
1.91529e-17
2.33076e-21
2.47081e-15
-1.87634e-16
6.18648e-16
2.52424e-16
-1.30275e-15
7.08272e-17
-1.65743e-17
1.20612e-17
2.38704e-17
-3.3875e-16
1.6451e-15
4.78662e-16
-2.57471e-15
7.56765e-18
-6.8289e-17
7.71545e-17
-2.96418e-17
-4.18369e-16
1.84568e-15
8.75395e-16
-1.15861e-15
9.18627e-17
-2.14073e-17
-3.85535e-17
2.84736e-17
-2.35026e-15
4.70924e-15
-4.42529e-17
-7.25431e-17
-6.68159e-17
-7.78718e-15
6.81593e-15
1.15221e-14
-1.57853e-14
1.86214e-16
-6.65164e-17
1.52818e-16
1.75377e-17
4.66264e-17
1.59707e-14
-1.56971e-14
-1.02003e-14
1.06347e-14
1.96757e-16
4.34426e-15
-7.01438e-16
1.62625e-15
5.40876e-16
-2.15392e-16
-6.08141e-16
2.61534e-17
-2.0256e-16
-1.08097e-14
1.08291e-14
1.426e-14
-1.21981e-14
-1.70979e-14
9.55763e-15
1.17534e-14
-6.43192e-15
-1.24581e-15
-2.63195e-15
-3.08809e-15
-9.02043e-16
5.32643e-16
-1.66961e-16
3.67144e-16
2.94589e-16
7.26813e-16
1.01026e-15
8.06144e-16
-4.12689e-17
-1.36713e-16
4.36952e-18
-7.93318e-17
-2.82997e-17
-3.00192e-17
6.29316e-17
-1.58621e-16
-8.70033e-17
3.77555e-17
-2.26022e-17
-1.94694e-16
-3.13394e-16
-3.21217e-16
-1.66364e-16
6.06958e-17
5.97581e-17
5.85456e-17
2.88399e-18
-2.68206e-17
4.68974e-17
-7.88382e-18
-2.33561e-18
-1.8221e-16
8.7876e-17
-6.26015e-17
-5.10568e-18
1.11513e-16
-2.63493e-18
4.31524e-17
4.07146e-17
-5.9899e-17
2.71759e-17
-3.52974e-18
-2.0131e-17
9.9167e-18
-8.86526e-18
1.79922e-17
-1.81643e-17
-4.3706e-17
3.31458e-17
1.60899e-17
-5.85358e-17
2.88846e-17
6.25229e-17
6.32864e-17
-1.85634e-16
-5.53031e-18
-1.1649e-17
1.66376e-17
-9.78275e-18
-6.56987e-16
1.41336e-15
2.98414e-15
4.11036e-15
4.15001e-17
8.28813e-17
1.32247e-17
-1.03568e-14
1.35986e-14
-1.81179e-14
3.01695e-14
-7.91378e-18
-4.08657e-18
-3.46533e-17
-7.32011e-14
-1.3661e-13
1.24292e-16
-7.50416e-17
1.98728e-17
1.67664e-13
-1.33998e-13
4.51005e-13
-3.62855e-13
-1.48416e-17
-1.01965e-17
6.73907e-13
-1.83696e-12
2.51677e-17
2.25906e-17
-3.86488e-17
-3.38247e-13
2.53293e-13
-1.45758e-12
-6.83575e-17
2.2425e-17
3.86617e-17
2.83849e-13
-4.24458e-13
9.80765e-13
-9.98675e-17
-2.4693e-17
6.44863e-18
-1.94409e-13
4.28405e-13
-8.80708e-13
1.57242e-18
-4.51697e-17
4.66935e-14
-1.77079e-13
-4.31139e-18
4.96907e-17
-3.51578e-14
5.3955e-14
-8.68858e-18
-4.32882e-17
7.9559e-15
-2.78687e-14
1.41179e-17
1.31512e-17
5.63312e-18
1.59834e-17
5.08889e-19
5.94e-17
3.81804e-16
-1.74187e-15
3.96389e-17
-8.44888e-17
2.66586e-16
-8.78438e-18
-1.84665e-17
2.5334e-17
-4.40507e-18
-2.13028e-17
5.73197e-17
-2.41268e-17
1.32276e-17
8.48886e-18
2.06136e-17
2.60159e-17
-1.04639e-16
-1.11897e-16
2.38437e-16
-5.89821e-17
9.27562e-17
3.4373e-17
-2.74128e-17
4.98699e-16
-6.71495e-16
-1.31491e-15
1.83275e-15
-1.2936e-17
1.45523e-17
1.19425e-17
1.27023e-17
2.72602e-15
-3.7266e-15
-4.88543e-15
6.63046e-15
-8.65611e-17
3.77539e-17
1.10256e-16
-2.94989e-17
7.7968e-15
-1.00825e-14
-9.19746e-15
1.26972e-14
8.55379e-15
-1.26739e-14
-6.13801e-17
1.10412e-16
-7.72992e-17
-1.34988e-16
8.5548e-17
-1.42916e-16
-5.37567e-15
8.00535e-15
1.00368e-16
-2.2439e-16
4.3088e-15
-6.14369e-15
7.41513e-15
-5.37571e-15
7.44011e-15
-1.05634e-14
3.71765e-15
-5.74601e-15
1.06182e-14
-1.59778e-15
1.84084e-15
-4.6943e-15
1.01766e-15
-1.05663e-15
4.80393e-17
1.80069e-16
7.09981e-17
1.162e-16
3.5851e-17
1.24466e-16
9.27285e-17
7.73296e-17
1.4576e-17
-3.22258e-17
-7.65388e-17
2.09194e-16
-3.14585e-17
-2.1093e-16
7.01863e-17
-1.42468e-16
1.16385e-16
-5.54451e-18
-4.53242e-17
-5.30719e-18
-3.71572e-17
1.86577e-17
5.91701e-18
3.4346e-17
-7.26748e-17
2.13296e-17
3.88549e-17
3.3091e-17
1.4005e-16
-2.22338e-16
1.37991e-16
2.81642e-17
-3.31924e-17
9.93551e-17
-2.7007e-17
6.66215e-19
-3.67578e-17
2.9817e-17
-5.48388e-17
3.87614e-17
5.22913e-17
2.45283e-17
-8.83396e-17
-3.41972e-16
-1.82998e-17
9.36264e-18
8.72601e-18
-6.06148e-17
4.51491e-16
-3.23631e-16
-1.69845e-15
-4.69449e-15
-5.71266e-17
-2.80524e-16
1.79974e-17
-1.98684e-16
5.06973e-15
-3.75897e-15
-1.18153e-14
-3.63779e-14
4.00685e-16
-3.33318e-16
3.59124e-16
3.64191e-14
-1.83332e-14
7.1721e-14
-6.05381e-14
-2.34999e-16
1.56413e-17
-9.29137e-17
8.49131e-14
2.4484e-13
2.1328e-16
-7.83976e-17
3.65622e-17
-1.54857e-13
8.25587e-14
-3.38527e-13
1.95303e-13
1.05017e-17
-4.97309e-17
-1.55826e-13
2.37453e-13
4.6013e-17
-5.19731e-17
1.14106e-13
-1.84931e-13
-3.16872e-18
-5.84086e-17
-6.13208e-14
1.04399e-13
1.28233e-17
-2.60424e-17
2.0613e-14
-2.9533e-14
7.68895e-18
-5.91769e-17
-1.17079e-14
2.05945e-14
-6.62864e-18
-1.31172e-17
-2.20538e-17
-2.50125e-17
1.34286e-17
1.24542e-17
4.47069e-16
-1.06723e-16
2.69587e-16
2.22532e-17
7.4984e-15
-2.5725e-16
-4.35464e-19
-3.48266e-17
3.6628e-17
-2.33172e-17
-1.42764e-18
3.93688e-17
3.08809e-18
1.3095e-17
-3.25118e-17
-4.48098e-17
1.00207e-16
1.93402e-16
-3.70304e-16
2.85977e-17
-2.50946e-17
-1.1803e-17
1.12978e-17
-4.41117e-16
8.9361e-16
8.76196e-16
-1.77987e-15
-9.34492e-18
-9.30544e-17
6.13667e-17
1.16155e-16
-1.67025e-15
2.84695e-15
2.46704e-15
-5.57382e-15
-4.17832e-17
2.23211e-18
1.04767e-17
5.28925e-18
-2.75504e-15
6.21885e-15
1.3064e-15
-4.80363e-15
-6.3866e-16
2.806e-15
-8.11319e-17
1.03896e-16
-9.60764e-18
-7.41135e-17
-1.08949e-17
2.29736e-17
-7.17792e-16
3.54868e-16
2.4314e-15
-3.11066e-15
-2.74925e-15
3.75007e-15
2.14691e-15
-2.71103e-15
-1.37629e-15
1.33357e-15
7.55625e-16
-8.2124e-16
-2.93826e-17
-1.78777e-17
3.20793e-18
2.70448e-17
1.95417e-17
-3.72856e-18
-2.09582e-17
3.98775e-17
-3.7205e-17
4.54331e-17
4.9335e-17
-7.21222e-18
-6.7707e-18
-6.41089e-18
5.35623e-17
2.20745e-17
7.50405e-20
1.09401e-16
1.34684e-16
-8.97533e-17
2.62602e-17
1.38799e-17
1.89519e-17
-8.51637e-17
-4.69551e-17
-2.21489e-17
6.35782e-18
-5.43238e-17
-5.2275e-17
1.28908e-17
-1.00349e-16
4.92667e-17
7.11311e-17
6.40798e-17
3.20553e-16
-3.47943e-16
4.57545e-16
1.41071e-16
-1.286e-16
4.71876e-17
1.39165e-16
1.32386e-15
1.44277e-16
1.24661e-16
-4.20338e-16
4.81867e-16
-1.16729e-15
1.15474e-15
2.44643e-15
1.10576e-14
1.08859e-16
-4.37171e-16
4.01393e-16
-3.65686e-16
-7.94013e-15
5.19515e-15
-1.0914e-14
1.45802e-14
3.51317e-14
3.85658e-16
9.63508e-17
2.05288e-16
-1.93943e-14
-6.31054e-14
5.27525e-17
-5.52213e-16
2.66762e-16
-6.67474e-17
4.20047e-14
-2.47216e-14
5.90342e-14
-5.10942e-14
-1.14441e-13
-3.39801e-17
-8.65963e-17
3.01212e-17
4.10201e-14
-5.70732e-14
9.72737e-14
-5.19533e-17
1.82699e-18
1.07766e-17
-2.9199e-14
4.14919e-14
-6.85338e-14
5.40556e-18
-4.83143e-17
-4.81083e-18
1.80868e-14
-2.22256e-14
3.64685e-14
-5.45246e-17
2.82024e-17
-1.89875e-18
-6.13663e-15
8.73061e-15
-1.53875e-14
8.9698e-18
-1.64145e-18
1.44239e-15
-2.96236e-15
-1.50764e-17
-2.07101e-16
1.64635e-17
-3.54116e-18
-5.3514e-18
-3.07974e-18
-5.84089e-17
4.20773e-17
2.72621e-17
2.26191e-16
5.58382e-17
-2.00661e-16
-2.29675e-15
-1.10666e-17
2.53597e-17
1.12475e-16
-1.08234e-16
-2.25008e-16
2.47143e-16
-4.4964e-16
5.3594e-17
1.33719e-18
8.27707e-16
3.12609e-16
-3.70461e-16
-5.51263e-16
8.5643e-16
1.09417e-16
-5.17667e-16
6.52001e-17
1.76828e-15
5.19704e-16
-1.0883e-15
1.09734e-15
-2.66671e-17
5.82068e-16
-3.27365e-16
1.63425e-17
-1.33178e-17
9.9303e-17
9.52377e-18
-1.25345e-15
7.32374e-16
-2.09713e-16
6.24115e-17
1.17618e-15
-1.15207e-15
9.34087e-16
-2.1505e-15
2.05573e-15
-2.02742e-15
2.66244e-15
-2.37848e-15
2.33202e-15
-4.17942e-15
2.52204e-15
-1.96316e-15
1.31359e-15
-1.02113e-15
1.02633e-15
-6.63649e-16
3.4587e-16
-3.89189e-16
5.05851e-17
8.79065e-17
-6.57221e-17
4.01921e-17
-7.57968e-18
7.48123e-17
-5.92702e-16
7.33076e-17
-8.49064e-17
-4.71527e-16
-1.99987e-17
6.33967e-17
-1.57347e-16
-1.58706e-17
-5.35146e-17
1.12394e-16
-4.69962e-16
-1.11769e-15
-4.2318e-17
-1.13641e-15
1.71433e-15
4.80837e-16
-5.75655e-16
6.88725e-16
-2.6876e-16
1.39684e-16
1.28453e-16
-7.44585e-17
8.86515e-17
-1.2815e-16
5.12157e-16
-2.57971e-15
-5.43391e-16
-6.31011e-16
-6.10991e-16
1.22184e-15
-1.13506e-15
1.50658e-15
-8.29265e-16
-3.54086e-16
5.39822e-16
9.15605e-18
-1.96823e-16
-9.17159e-16
3.17989e-15
-8.83512e-15
-4.04458e-16
1.24704e-16
-9.97658e-17
1.22664e-15
-4.8857e-16
1.12741e-15
-1.33105e-15
-2.04322e-15
-6.73553e-15
1.4841e-14
-1.19817e-16
1.09207e-16
3.50912e-16
-1.45768e-16
-1.3698e-16
5.71667e-15
-4.0175e-15
7.17746e-15
-8.14288e-15
-1.32163e-14
3.16974e-14
1.46089e-16
3.01954e-17
6.44773e-17
7.93995e-17
8.21266e-15
1.84324e-14
-2.85741e-14
2.41464e-17
-2.60086e-16
1.56282e-16
-4.33626e-17
-1.59929e-14
1.15102e-14
-2.07277e-14
1.64196e-14
2.19782e-14
1.16424e-17
3.25343e-17
4.33123e-17
-1.60359e-14
2.25409e-14
-2.16327e-14
-7.60554e-17
-2.98325e-17
-5.85286e-16
6.64497e-15
4.60157e-17
-2.02501e-16
2.85529e-17
5.1026e-18
3.1357e-16
-1.73091e-16
-2.00209e-17
-1.00237e-15
-2.49727e-15
2.10031e-15
1.09579e-15
1.41517e-14
-2.23648e-15
1.10876e-15
2.74722e-17
9.23739e-18
2.78491e-15
-1.37137e-15
-6.20179e-17
6.14658e-16
4.46385e-17
-1.28857e-17
-4.75144e-16
8.65444e-17
2.32597e-15
2.23638e-15
-5.49875e-15
4.4078e-15
-4.79173e-15
-1.70644e-15
-4.68347e-17
1.30195e-15
-2.5723e-16
5.72718e-17
-1.25577e-15
1.03405e-15
2.05123e-15
2.44796e-15
-5.44086e-15
2.63502e-15
-5.08304e-15
-1.67006e-15
-6.47454e-16
2.07995e-15
-1.72595e-15
1.00361e-15
-3.01951e-15
1.57822e-15
-1.423e-15
3.36422e-15
-3.44543e-15
-1.10707e-15
-1.6464e-15
1.92109e-15
1.94315e-17
6.35659e-15
-4.69279e-15
1.41893e-15
-2.42292e-15
1.13989e-15
2.72202e-15
-5.4475e-15
3.82263e-15
-3.93496e-15
4.55891e-15
-4.12238e-15
5.04027e-15
4.4763e-16
-4.50138e-16
5.2272e-16
1.46337e-16
-7.01584e-16
9.04234e-16
-1.27278e-15
1.22295e-15
1.06904e-16
9.6697e-17
-5.97499e-16
1.24052e-15
-1.90665e-15
2.63424e-15
-2.51852e-15
3.27108e-15
2.63647e-18
2.55678e-16
-6.41723e-16
1.31538e-15
-2.20815e-15
3.19074e-15
-3.89139e-15
4.43114e-15
-4.3853e-15
6.62403e-15
1.39411e-16
-5.50812e-16
1.23807e-15
-2.11977e-15
3.29644e-15
-4.26217e-15
4.94638e-15
-5.12522e-15
5.70732e-15
-8.94199e-15
8.30606e-17
-4.50424e-16
9.63847e-16
-1.80926e-15
2.99876e-15
-3.97925e-15
4.77398e-15
-5.10068e-15
5.18523e-15
-5.9892e-15
7.34443e-15
-1.75616e-14
5.87783e-16
-1.35408e-15
2.42001e-15
-3.43561e-15
4.18512e-15
-4.47944e-15
4.48852e-15
-4.20149e-15
4.1892e-15
-4.29295e-15
-7.8999e-16
1.69557e-15
-2.67514e-15
3.54508e-15
-3.94638e-15
3.95866e-15
-3.74255e-15
3.72864e-15
-5.86625e-15
6.74187e-15
-1.5102e-15
2.71015e-15
-3.24015e-15
3.51085e-15
-3.34144e-15
3.43982e-15
-2.24887e-15
3.23169e-15
-2.12615e-15
2.8142e-15
-3.17696e-15
3.06901e-15
-5.37489e-15
3.12301e-15
2.75451e-15
-2.07123e-15
