-0.00361645
0.0185917
-0.0194935
-0.00348361
-0.0227476
0.0185199
-0.0189804
0.0245806
0.0144875
-0.0164523
0.00858851
0.0128327
0.00765039
-0.0105236
-0.00649211
-0.0076023
0.00497388
-0.00228929
0.0019781
-5.76089e-5
-0.00202242
-0.00187458
0.00133516
0.000416857
0.000788041
0.00177058
0.000242007
-0.00414458
0.0072433
0.00469665
-0.00439661
0.00490997
-0.00375808
-0.0032355
-0.00156511
0.0032574
0.000800344
0.000890665
-0.000254879
-0.00302518
0.00477032
-0.00303786
-0.00200391
0.00787209
0.00167933
-0.00210013
0.00166831
-4.83588e-5
-0.00101702
0.0016274
-0.00152769
-0.0011513
-5.61337e-5
0.000963774
2.87064e-5
1.20002e-5
-4.90147e-6
-3.08353e-5
0.00189549
-0.00226889
0.00130332
-0.00174572
0.00784874
0.00165855
-0.00204269
0.00314565
-0.00387938
0.0035198
-0.00244744
0.00116859
-0.00031955
-0.000484883
-1.86192e-5
0.000156043
0.000284994
1.61882e-6
-0.000206184
-1.3781e-6
-3.23944e-5
-0.00350875
0.000330928
0.00156446
-0.0038046
0.00559494
-0.0060157
0.004975
-0.00318893
0.0015819
-0.000615986
0.000129473
9.93522e-5
-0.0193574
0.018469
-0.00357536
0.0186507
-0.022714
0.000414094
0.00862987
-0.00427549
0.000126397
0.00335104
-0.00591353
0.00672163
-0.00571705
0.00378148
-0.0019998
0.000889821
-9.48767e-5
-0.000302238
-5.51997e-6
0.000221995
-1.58027e-5
-4.77734e-5
9.62715e-6
4.52191e-6
-0.0168673
0.0145641
-0.0106949
0.00487824
-0.0012565
-0.00219943
0.00478999
-0.00563133
0.00478971
-0.00317582
0.00172598
-0.000859796
0.000356614
-0.00019455
6.97652e-5
-1.06127e-5
0.0080217
0.00753274
-0.0039775
0.0019064
0.000899125
-0.00298168
0.00366386
-0.00313384
0.00210768
-0.00124156
0.00106359
-0.00101224
0.000197035
2.59666e-5
1.54115e-5
-0.00808933
0.00555298
0.0053514
-0.00462966
0.00347805
-0.00135347
-9.85494e-5
0.00141936
-0.0019001
0.00168078
-0.00122555
0.000672453
-0.000714496
0.000769896
-0.000349171
0.000167375
-0.000157888
-0.00176018
-0.00164421
0.00109076
-0.000139838
-0.000523631
0.000826168
-0.000829221
0.00104109
-0.000710437
0.000889639
-0.000237384
-6.53147e-5
-2.63696e-6
0.00101599
-0.000376154
-8.97147e-5
-0.0005498
0.000358113
8.74462e-5
-0.00027346
0.000340803
-0.000990275
0.000755768
-6.15661e-5
-0.000240762
0.000183052
-9.26052e-5
2.44465e-5
-2.25772e-5
0.00017572
-0.000242693
-7.82703e-5
0.000198959
-0.000179814
2.51501e-5
0.00019462
-0.000344655
0.000183752
-4.29654e-6
-3.9845e-5
8.71785e-7
0.000116883
-1.53625e-5
-4.05046e-5
6.33348e-5
-0.000156625
1.69905e-5
0.000166227
8.4491e-6
9.96856e-6
-1.08153e-5
0.0006765
-0.00232902
0.00131698
-0.000543541
0.00636334
-0.00393745
0.00216295
-0.000849055
-0.0197296
0.00937528
8.12363e-5
-0.00347678
0.0109153
-0.00628054
0.0014108
-0.00749292
0.00313394
0.00113824
0.00309359
-0.000219799
-0.00239452
-0.000367133
-0.00100501
0.00345397
0.000703845
0.000423923
-0.00149434
-0.000765807
0.000642178
-0.000115201
-0.00121814
0.000388006
0.00259345
0.00202814
-0.000461321
-3.47967e-5
-5.25319e-5
-0.00415938
0.000363296
-0.000377219
0.000438925
-0.000327514
-9.9613e-5
0.000131561
-1.49117e-5
4.22576e-5
5.87548e-5
0.000637165
-0.00270074
0.000647693
0.00259038
-4.68547e-5
-0.00674971
-6.94566e-5
3.66497e-6
2.61098e-5
-4.86287e-5
-2.92166e-6
2.59124e-5
0.000383865
-0.00121342
-0.000108882
-0.000448815
0.00201502
-4.41673e-5
-0.00414841
-1.51235e-5
6.25969e-6
1.19518e-5
-1.29399e-5
-8.04637e-6
-1.1414e-6
5.92914e-6
-0.000558998
0.000787839
1.01886e-5
3.04064e-6
0.00127905
-0.00227925
0.000670717
-0.00410389
0.00636286
-4.26772e-5
7.02438e-5
-3.72302e-6
-1.04657e-7
4.12006e-6
5.61165e-7
-1.05738e-6
1.91323e-7
-1.46335e-7
0.0102475
-0.0199444
0.0244836
-3.10291e-6
1.2231e-6
1.26399e-7
-0.00896029
0.0123714
-0.0194707
-1.06797e-6
-1.83199e-7
-3.34138e-7
0.00782658
-0.0104195
0.0138914
2.42714e-6
-1.35483e-7
1.09485e-7
-0.00643564
0.00704417
-0.00766528
-2.63944e-6
-3.42698e-7
1.47166e-8
0.00398068
-0.00371835
0.00248482
-0.00396151
-4.83963e-5
1.06809e-5
-4.69647e-6
8.5123e-7
-0.00149466
-0.000884872
0.0012167
1.04097e-5
3.18194e-6
5.63662e-6
2.42854e-6
0.000941913
-0.000265298
-0.000454887
0.00039616
-0.000269546
0.000109676
2.3377e-5
-8.56837e-6
1.69249e-6
1.23067e-6
-4.55012e-6
0.000115921
0.000113117
-5.81274e-5
1.64533e-5
2.37275e-5
-2.42168e-5
5.84447e-6
-1.661e-6
-3.47866e-7
-5.40504e-5
-3.50268e-8
-4.09816e-6
2.39917e-5
-9.68353e-6
1.57651e-5
-2.04826e-5
-4.85486e-5
1.103e-5
-8.84981e-6
-1.91222e-6
6.23551e-6
-1.27964e-7
-1.8214e-6
2.46773e-6
-3.08516e-6
-6.26445e-6
3.8981e-6
-4.71126e-6
4.98086e-6
-4.62604e-6
-9.3189e-7
2.41072e-6
-3.17591e-6
1.10179e-5
5.78361e-6
2.82049e-6
1.98926e-6
-2.27069e-7
-3.185e-7
2.2118e-7
1.0679e-6
-2.41294e-6
1.61949e-6
-1.44934e-6
1.72537e-6
-2.88789e-7
-5.21882e-8
-3.24728e-7
-4.87828e-6
-4.38635e-6
2.39434e-6
1.0771e-6
-3.12716e-7
-1.80235e-7
2.42942e-7
-4.81393e-7
1.43971e-7
-1.5062e-8
9.50597e-7
1.72368e-5
0.000696805
-0.000308105
-0.000963945
-0.000437542
0.000890666
0.000302022
-2.29586e-5
0.00260474
-0.0037983
0.00303374
-0.00664462
0.0084689
-0.00619039
0.0101977
-0.0118767
0.00737836
-0.0104949
0.0105361
-0.00547673
0.00741129
-0.00591531
-0.00268492
0.000997423
0.00108162
0.00124164
1.32682e-6
7.99899e-5
-8.1265e-5
-0.000340975
0.000208497
-3.45454e-5
5.2106e-5
0.000370307
5.92388e-5
-0.00210788
-0.000523201
0.00190234
0.000492395
-0.00125475
7.98936e-6
-5.15572e-5
1.68704e-5
-3.33375e-6
-0.000311751
0.000692723
0.000162643
-0.000323989
3.41014e-5
-0.000204211
3.53837e-5
-5.28175e-6
-7.28768e-5
0.00013284
2.92855e-5
-4.85756e-5
1.5049e-5
-5.35103e-5
8.36396e-6
-4.65994e-5
-4.98883e-6
-1.07058e-5
1.59302e-5
3.26142e-6
-4.55337e-6
-0.000101714
7.13873e-5
6.91528e-6
0.000250498
-0.000331138
-2.20758e-6
-2.5311e-6
-5.11868e-8
1.17988e-6
-1.40433e-7
1.55235e-7
-6.37093e-7
-0.000925776
5.05149e-8
-0.000213547
0.00093417
-7.49503e-5
0.000713865
-0.00200766
-8.48846e-5
0.00269318
2.28299e-8
-1.01792e-8
-7.25351e-8
-3.6068e-8
2.16305e-8
-3.90322e-9
1.33636e-8
-0.00114253
0.00291707
-0.00524752
1.81557e-8
-1.7425e-8
-2.6498e-9
0.00117279
-0.00316702
0.00558079
7.06776e-8
-1.05987e-8
6.20636e-9
-0.00100204
0.00295786
-0.00517827
-3.46192e-8
8.01813e-9
1.09673e-9
0.000641798
-0.00211322
0.00398468
-2.45156e-8
3.36094e-8
-5.37006e-9
-0.000287532
0.000881542
-0.00198014
-2.13755e-7
6.32938e-8
-2.0095e-8
0.000169647
0.000587779
-3.02846e-7
-1.02343e-8
-2.42837e-8
-8.60457e-5
-0.000228867
5.31898e-5
-0.000157736
0.000202205
-9.61665e-7
3.54952e-7
-1.23033e-7
8.33692e-8
1.01016e-5
-2.73823e-5
-8.02666e-8
3.28846e-8
-3.06587e-8
-2.22851e-5
3.30333e-5
1.36604e-5
8.71703e-6
2.16437e-7
4.1251e-8
9.74857e-9
9.61861e-9
-6.53104e-6
4.0877e-6
1.47252e-6
1.2068e-6
2.87675e-8
2.7282e-7
-2.58358e-8
-5.7414e-8
-1.26112e-7
2.05822e-8
-1.77986e-7
-3.5462e-7
1.78825e-7
-9.04399e-7
-2.12867e-8
-3.29855e-8
-3.70119e-8
5.18016e-9
6.32792e-8
1.69815e-8
9.76977e-8
-3.1501e-8
1.42301e-7
-2.71868e-8
-2.51411e-9
1.10473e-7
-4.50551e-8
-1.42964e-8
-2.52369e-7
-2.69272e-8
-3.3687e-7
3.98284e-7
1.26209e-8
-2.44147e-8
-1.09826e-8
-9.44462e-9
3.25493e-8
-4.24372e-8
1.52563e-8
-1.69531e-8
-2.01996e-8
1.02185e-8
3.87804e-8
8.63893e-8
1.15573e-7
-3.23154e-8
-1.682e-7
1.15524e-8
4.42437e-9
-2.46501e-9
7.87808e-9
3.19878e-9
-7.07635e-9
-3.02658e-8
-6.18362e-5
-1.12395e-5
0.000336425
-0.000709498
0.00117262
-0.00113546
-0.000762341
0.000448346
0.00363897
-0.00256165
-0.00788236
0.00579864
0.0108325
-0.00687535
-0.00728138
0.00199476
0.00138454
0.00398866
0.00331855
-0.00873384
-0.00441972
0.00659502
0.00464283
-0.00571948
4.38218e-6
-2.09297e-6
-1.25628e-5
-3.90645e-7
-2.16987e-5
3.47914e-5
-0.00369883
0.00515799
0.00217767
-0.00279371
-0.00106377
0.00107802
1.04287e-6
-2.69785e-6
1.7416e-7
1.35047e-7
0.000462805
-0.000453741
-0.00017893
0.000177373
1.98648e-6
-9.87092e-6
2.11528e-6
-4.819e-7
6.17977e-5
-6.29821e-5
-1.91535e-5
2.05669e-5
-2.25777e-8
-2.71625e-6
1.05188e-6
-3.10959e-7
5.2998e-6
-6.21918e-6
-1.2704e-6
1.99212e-6
5.32854e-6
-1.24516e-5
3.28416e-6
-3.80948e-5
9.65478e-5
1.38356e-6
2.22991e-7
-6.34197e-7
2.19538e-7
-9.99607e-8
2.12088e-7
-9.38848e-8
-0.000674148
0.000172073
0.000131687
0.00196555
-0.000757181
-6.44283e-5
2.18443e-8
4.92684e-8
-7.00405e-9
1.99253e-9
-1.93927e-8
-0.000587756
6.87529e-5
2.63884e-9
1.15587e-9
0.0021458
-0.000385258
-5.99844e-10
-6.87199e-10
-0.00254646
0.000704114
-1.56265e-9
4.8098e-10
0.0025508
-0.000835622
7.31912e-11
3.37133e-10
-0.00211512
0.000790412
4.27629e-9
-3.92844e-10
0.00133503
-0.000608069
5.60312e-9
-1.87775e-9
-0.000750797
0.000387837
1.07288e-8
-3.56334e-9
0.000387487
0.000122542
2.09502e-8
-2.15183e-8
9.67499e-10
-0.000186206
0.000173578
8.26747e-5
-6.82295e-5
1.77084e-9
-6.02089e-9
2.20979e-9
-3.1523e-5
-1.3213e-5
-3.52616e-9
2.19946e-9
2.71649e-9
9.92159e-6
-4.6716e-6
-2.34319e-6
-6.98497e-7
8.84276e-9
5.94473e-10
-1.07284e-9
1.02425e-9
2.87097e-7
2.03681e-7
1.88988e-8
3.03032e-8
3.82066e-9
1.11651e-8
-9.08832e-10
-2.16762e-9
-1.49075e-8
4.15916e-8
-1.4875e-9
-1.99997e-8
3.42894e-10
-3.56096e-9
-1.86909e-9
9.01901e-11
-8.99514e-10
3.48909e-9
3.07075e-9
5.01913e-9
-6.90154e-9
-3.5106e-8
3.30372e-8
3.04244e-10
5.1018e-10
6.30067e-10
1.43893e-11
-1.52042e-9
7.79982e-10
-4.0476e-10
-4.46236e-9
-2.00181e-11
-5.86652e-10
-2.48885e-9
-3.76001e-10
7.26311e-9
9.31325e-9
1.72036e-8
2.46723e-9
2.59338e-9
-5.20309e-9
-2.50965e-10
1.07632e-9
9.2579e-10
1.96565e-11
5.84109e-10
7.05442e-10
-2.96064e-10
-3.82348e-9
-6.41857e-9
3.31746e-5
0.00128346
-0.00436758
0.000338085
0.00280551
-0.00578276
0.00713822
-0.00284315
-0.000751796
0.00352548
0.00383228
-0.000576036
-0.00243268
-0.0012954
-0.00232726
0.00153214
0.00214633
0.0067738
0.0025272
-0.0066409
-0.00667225
9.38733e-5
0.000129646
-0.000526459
0.00155638
-0.00162126
0.000918946
-0.00116128
0.00194231
0.0082739
-0.00857889
-0.00601627
0.00414887
0.00371331
0.00306349
0.00190373
-0.00295622
-0.00358867
-8.98119e-7
-7.23258e-6
8.22235e-6
-4.43139e-5
5.57012e-5
5.89625e-6
0.00150508
-0.00109305
-0.000296043
-0.000624747
-0.000406755
0.000589635
0.000308696
6.17295e-7
-2.99733e-7
2.28883e-7
2.54097e-6
-0.000166942
0.000278187
7.16338e-5
-0.000104468
7.97937e-7
-7.00047e-7
8.91632e-8
-7.44317e-7
-2.77928e-5
4.18014e-5
8.98301e-6
-1.1119e-5
2.06155e-6
-5.4991e-7
-7.64604e-7
-3.20955e-6
-2.55888e-6
3.60408e-6
5.06052e-7
-6.40236e-7
3.33569e-5
-1.42747e-5
-2.18758e-6
-1.66192e-5
2.72602e-5
-1.40716e-5
5.77288e-8
-2.41615e-7
1.205e-7
2.03749e-7
-8.23781e-8
7.12349e-8
2.90273e-8
-2.08132e-5
-0.000136389
0.000268855
-0.00214555
0.00195059
-0.000138126
-1.04722e-8
-1.06991e-8
-6.24296e-8
1.63247e-8
6.21213e-9
2.67644e-9
0.00220886
-0.00279986
-1.97865e-9
-8.47823e-10
0.00181922
5.3024e-10
0.00669971
-0.00931951
0.00401601
-0.00685993
0.0107138
-0.00578319
-0.00544161
-2.92477e-10
4.78403e-11
1.1536e-10
-7.70063e-11
-2.16022e-10
-3.36854e-10
-1.05817e-11
5.45744e-12
0.00714358
-0.007436
0.00461214
-1.73303e-10
6.45936e-11
3.05609e-13
-0.00708196
0.00628047
-0.00332406
-1.23159e-10
2.66391e-11
-5.01927e-11
0.0102172
-0.00578388
0.00387206
3.2321e-10
-4.33637e-10
4.00026e-10
-0.00333999
-0.00178589
1.12462e-9
2.20606e-10
0.00163485
-8.71476e-5
-0.000663327
0.000873609
1.05784e-9
-3.57227e-10
-5.34971e-10
4.08924e-10
-1.25006e-9
0.0003223
-0.000411657
-1.30436e-9
2.74555e-10
-0.000125943
-6.44829e-5
5.5448e-9
1.21017e-9
3.05124e-5
1.39735e-5
-3.48179e-6
2.01185e-5
-6.20543e-9
8.12644e-9
-9.15584e-9
9.93874e-9
1.27733e-9
-4.84503e-7
4.36195e-7
1.89108e-10
1.00328e-9
8.26774e-7
-1.94728e-7
-3.59024e-7
-1.26091e-7
3.64225e-10
-2.27705e-10
-5.26963e-10
2.55879e-10
3.19461e-11
1.69108e-9
9.35935e-8
7.54454e-8
-9.93897e-9
-1.06868e-8
2.56604e-10
4.42958e-10
-5.99839e-11
-7.48533e-11
-4.61663e-9
1.54576e-8
3.38671e-9
-9.57375e-10
-2.18064e-10
-1.19568e-10
-9.23691e-11
-3.19873e-11
-1.56972e-9
5.83073e-10
6.05666e-10
3.3983e-12
2.54551e-10
-1.50781e-9
1.0786e-9
-1.38986e-10
1.30403e-10
-1.15982e-10
-1.01949e-10
2.1402e-10
-6.17654e-11
6.14316e-11
-5.64335e-10
-2.41179e-10
-4.59571e-11
-2.66478e-10
-2.15853e-10
3.07934e-10
-5.95841e-10
2.51338e-9
6.96693e-10
4.27381e-11
1.55677e-10
-1.41306e-10
8.28606e-11
-3.07124e-11
2.37297e-11
-1.70599e-11
1.19579e-10
7.13511e-11
5.32781e-11
5.51085e-11
1.20957e-10
-7.22239e-11
8.36912e-11
-3.69953e-10
-4.22904e-10
-1.07065e-10
-6.02756e-12
-2.20465e-11
-7.48556e-12
-1.66489e-11
-5.67462e-11
-3.22239e-11
9.02273e-11
9.55006e-11
1.59079e-10
-0.00269514
-0.00855525
0.00732189
-0.0066361
0.0100139
-0.00426713
0.00282068
0.00234428
-0.00047296
-0.00170356
-0.000540534
0.00354526
0.000800929
-0.00249772
-5.56587e-5
-0.00214994
0.0034528
-0.00380433
0.00343164
-0.00202475
0.00535001
0.0060251
-0.00359617
-0.00287817
0.0010156
0.00144607
0.000801934
-0.00104202
-3.3457e-5
0.000156719
-0.000189407
0.000707522
-0.00022871
0.000935134
-0.000310338
-0.000430588
-0.000283534
0.000345242
2.1029e-6
-2.38673e-6
-4.6076e-6
1.38062e-5
-1.88462e-5
2.24911e-6
-0.000207689
0.000139364
3.29052e-5
6.66638e-5
4.30543e-5
-6.38902e-5
-2.69361e-5
-5.93149e-7
2.32106e-7
1.27282e-6
-2.08618e-6
1.52209e-7
9.0179e-6
9.03881e-7
-6.4233e-6
-1.57742e-6
-3.9444e-5
7.71125e-6
1.23519e-5
3.00859e-5
-6.35801e-6
-2.92525e-7
1.54081e-7
-6.92531e-7
1.09386e-6
1.0515e-8
0.000227707
4.48397e-6
-0.00023017
0.000325284
0.000153179
7.44943e-8
-2.16533e-7
-4.22342e-7
5.55692e-7
5.92783e-8
0.00214015
-0.00128686
0.00177771
-0.00782411
0.00443507
-0.00228455
3.75509e-9
-1.27529e-8
-1.60138e-8
2.73229e-9
-1.03795e-9
-1.60887e-9
0.00815949
2.30249e-9
0.00355894
-0.00732625
0.00718854
-0.00420405
0.00458314
-0.015589
5.78665e-11
5.21112e-11
1.29405e-9
-7.23556e-10
-4.90859e-11
-1.15923e-10
0.00312825
-0.00550106
2.49713e-11
3.31077e-10
-0.00396589
0.00753243
-6.05518e-11
-3.6109e-10
0.00562578
-0.00990058
-2.4993e-10
1.35519e-9
0.000409928
-2.35281e-5
-2.62532e-6
-2.30997e-5
0.000115274
1.95585e-10
2.51976e-11
-2.88951e-10
1.39972e-9
6.91321e-9
2.39691e-5
-0.000120959
-5.68335e-10
-2.41702e-10
2.67154e-5
-9.91022e-6
-4.06907e-7
3.04271e-6
-8.44883e-6
-1.05815e-8
9.85183e-9
-1.10271e-8
8.70652e-9
1.52966e-10
1.34444e-6
-3.23779e-7
7.24043e-8
1.448e-7
-5.2642e-8
-1.57721e-10
1.39633e-10
-4.82175e-10
-5.26685e-10
1.57808e-9
-5.87969e-8
-4.14671e-8
1.95954e-11
2.93802e-11
2.08852e-9
1.80411e-8
6.27654e-9
-3.9605e-9
2.17772e-11
-1.28151e-11
3.88215e-11
-5.94457e-11
-8.98444e-11
-4.37922e-9
-6.86983e-10
2.12634e-9
-1.31921e-10
-1.13733e-10
1.98916e-10
-1.79305e-10
-1.22167e-10
-7.58227e-10
-3.91917e-10
1.35513e-10
1.28982e-11
-1.51288e-11
-1.27628e-11
-2.56526e-11
2.19316e-11
1.42546e-10
-5.44295e-10
-1.83157e-11
4.93763e-12
-3.08863e-12
-1.87157e-12
-2.0376e-11
-3.95747e-11
8.48003e-11
6.41851e-11
3.81258e-11
6.37842e-11
1.70157e-11
4.6323e-11
3.05288e-12
6.35337e-12
8.88003e-12
7.53302e-12
1.03804e-11
1.44968e-11
1.16059e-10
-3.69718e-11
-6.78614e-10
-9.10194e-11
-8.32527e-11
8.59315e-11
-2.94364e-10
-2.40543e-10
-2.03801e-11
-2.36428e-11
-4.24316e-11
-4.26776e-10
7.0361e-10
2.43409e-9
6.54571e-10
-0.00547666
-0.00465313
0.000294765
0.00223853
0.00493364
0.000864693
-0.00467976
-0.00254793
0.00345684
0.00163716
-0.00151388
0.00140962
-0.00119062
-0.00526172
0.00590766
-0.00668111
0.00708381
-0.00439346
0.00607696
0.00206909
-0.0010316
-0.000602812
-5.17126e-6
0.000153995
0.000125742
-6.49226e-5
-1.64806e-5
0.000775771
-0.00063282
0.00257426
-0.000864985
0.000257797
0.000100812
-9.53272e-5
-0.000105688
7.26239e-5
6.78826e-6
-5.27018e-5
6.21752e-5
-0.00017753
6.74813e-5
-0.000102808
-4.08858e-6
3.50035e-5
3.45344e-5
-2.58947e-5
-2.13808e-6
3.25975e-6
4.92322e-6
1.55899e-5
8.91393e-6
9.33035e-6
-8.27283e-6
2.85424e-5
-2.21585e-5
-1.57558e-6
-4.032e-7
1.26935e-5
-1.52485e-5
-1.68491e-5
8.26563e-5
-0.000197924
-7.86093e-5
3.00149e-7
-2.23564e-6
4.17848e-8
4.3831e-6
6.40427e-7
-0.000656645
0.000556023
-0.000619845
0.00317852
0.000736499
-3.22021e-8
-3.12554e-8
-1.92104e-6
-2.93087e-7
1.58089e-8
0.00925967
-0.0063712
0.00430126
-0.0194765
0.0135247
-0.00661563
3.30529e-8
-1.10133e-7
2.87708e-8
1.86666e-7
-1.30836e-8
2.65126e-8
0.015788
8.00738e-9
-0.00127654
-0.00648647
0.00610522
0.00142308
0.00584041
-0.0112892
-0.000941475
-0.0167306
1.05321e-9
-7.13378e-9
-7.09937e-10
2.48312e-9
-0.00619157
0.0100313
0.00135585
-6.53584e-10
5.56323e-10
0.00438198
-0.00550117
8.0016e-5
1.47565e-9
2.49809e-9
-0.00142864
0.00154404
-0.00192169
-9.26537e-9
1.59564e-8
-4.71096e-5
-2.32262e-5
0.000116461
6.16633e-5
-8.9419e-6
-6.07164e-10
1.69527e-9
-1.33395e-8
-4.53427e-5
9.52545e-6
9.84303e-10
-1.95885e-9
4.14127e-6
-1.0638e-6
1.32122e-6
1.86812e-7
1.19201e-6
-9.40105e-9
6.19681e-9
-6.30177e-9
2.0236e-9
2.13853e-9
-7.456e-7
1.38205e-7
8.76554e-8
-3.56497e-8
1.61538e-8
3.75665e-10
-5.61105e-10
4.17111e-10
-1.62531e-9
-1.67225e-9
-4.4472e-9
-3.50002e-9
-1.16173e-9
-3.79962e-9
2.85705e-10
-1.56396e-10
-2.94719e-10
6.72092e-10
3.10412e-11
8.85599e-10
9.33603e-10
-5.44539e-10
-7.25125e-10
1.72387e-10
-4.93809e-10
1.69001e-10
5.58018e-11
-2.17512e-10
2.29106e-10
4.93771e-10
-2.39542e-9
1.05145e-10
-7.58526e-11
1.14843e-11
-6.71809e-12
-1.74219e-12
-1.79493e-10
1.00363e-11
-2.46884e-10
5.48466e-10
-1.16996e-9
2.57763e-11
9.49252e-12
1.29535e-12
-1.93138e-11
-4.85927e-12
-2.79096e-12
-2.27538e-10
1.01562e-10
9.72141e-10
6.59819e-10
2.42655e-10
2.54638e-10
5.60346e-11
2.62536e-11
-1.20465e-11
2.33135e-11
6.96142e-11
-9.62285e-11
7.85519e-11
2.84191e-10
1.43901e-9
-3.66183e-9
-5.05831e-9
1.24201e-9
-6.02219e-10
1.07042e-9
-4.03727e-9
-2.68153e-10
-2.81156e-10
-1.83819e-9
5.29922e-9
-0.00431714
-0.00382399
0.00304048
0.00324149
0.00233544
-0.000514405
-0.00161267
-0.00523476
0.00788354
-0.0103131
0.0073855
-0.00389897
0.00107245
-0.00093348
0.000473786
0.000735862
-0.000206561
-4.96326e-5
-3.88623e-5
-1.42385e-5
0.000248194
0.00117082
-0.00130643
0.00265838
-0.00194061
2.14587e-6
1.79217e-5
1.31541e-5
-1.43413e-6
-6.01581e-6
-1.52623e-5
-0.000113663
8.18022e-5
-0.0003947
0.000136602
-8.65875e-6
-1.82263e-5
-1.52903e-7
5.91894e-6
-3.33397e-6
3.3598e-6
-2.52588e-6
2.93852e-5
2.47318e-6
-2.54451e-6
2.60732e-5
2.28447e-5
1.24739e-5
-8.01382e-6
-2.84457e-5
-2.51726e-5
9.15439e-5
7.48733e-5
4.02408e-5
-5.01441e-5
-1.30228e-5
-6.09991e-7
3.55651e-5
0.000281635
-0.000216642
9.31838e-5
-0.000911308
-0.000147073
2.27905e-6
-1.00832e-5
-6.01485e-7
1.8726e-5
4.29976e-6
-0.00242099
0.00205141
-0.000875003
0.00686932
0.00124436
-5.41062e-8
4.00592e-7
3.91294e-7
-9.88297e-7
-4.08585e-7
0.0156646
-0.0138016
0.00839036
-0.0131101
-0.0213811
0.019676
-0.0080644
1.40017e-7
-5.00375e-7
-1.24382e-7
3.45516e-7
-7.71011e-7
0.0113113
4.11739e-8
-3.22836e-8
-1.68812e-8
-3.17766e-9
-6.00984e-9
1.78513e-9
-2.2516e-8
-0.00114441
2.65378e-8
-7.96475e-8
0.000537701
-0.000262688
-6.64394e-9
-2.425e-8
-6.58898e-5
9.54594e-5
1.68459e-8
-7.03228e-6
4.05666e-6
-5.46464e-8
-6.95057e-9
-7.49545e-8
3.88473e-6
2.67957e-7
-1.80679e-7
-3.00027e-9
2.16874e-9
2.50294e-9
-4.40959e-8
-2.38389e-8
5.67966e-8
7.68413e-9
-4.85986e-8
1.19861e-9
-7.93298e-10
2.97866e-9
-4.1494e-9
1.51118e-8
1.67659e-8
-5.3158e-9
1.61937e-9
2.80258e-9
1.01044e-9
-4.58034e-11
-2.84269e-9
-6.44674e-10
-1.20251e-9
3.28052e-10
3.4717e-9
-1.30138e-9
-2.9466e-9
7.35394e-10
-1.07502e-9
-2.54874e-10
1.33404e-9
1.94153e-9
-9.0509e-9
-3.40181e-10
7.1451e-10
6.46275e-11
-5.31475e-12
8.8883e-10
-1.43683e-9
2.99905e-9
-5.40235e-9
-7.24386e-11
7.97008e-11
-2.48949e-11
-9.03429e-11
-2.18186e-12
-1.49339e-9
-3.3962e-10
-1.46899e-9
-1.69287e-9
1.67505e-9
1.53387e-10
3.74198e-10
-2.40486e-10
1.26064e-10
3.90723e-10
-2.20514e-10
1.70478e-10
9.97126e-9
-6.96977e-9
1.02995e-8
1.23229e-8
7.24941e-9
1.15299e-9
2.70503e-9
-1.99738e-9
7.75826e-10
-3.18299e-10
-8.16089e-11
6.1153e-10
7.21672e-10
1.58752e-9
2.66075e-9
-3.25368e-8
9.70419e-9
-4.04135e-8
-0.00620265
0.00405004
0.00993127
-0.0106666
0.00656429
-0.0123401
0.0125151
0.0123359
-0.0110715
-0.00849633
0.00695105
0.00393737
-0.00276247
-0.00105017
0.000542426
-0.000141427
0.000214403
-4.8971e-6
3.26102e-5
4.20189e-5
3.7967e-5
0.000982134
0.00152019
-0.000817112
-0.00230041
0.000742324
-0.000674427
-0.000339861
3.01773e-5
-2.11216e-5
-8.8167e-6
9.42025e-7
7.66851e-7
-5.61465e-5
-4.14233e-5
2.18799e-5
1.92746e-5
-0.000329602
0.000117158
3.5577e-6
-1.53561e-6
-1.07195e-7
-4.9091e-6
-3.11352e-6
1.89087e-5
1.07402e-5
-4.82235e-7
-4.60905e-6
1.64971e-5
3.85821e-7
9.27676e-7
-2.41625e-5
-4.7122e-5
9.04326e-5
5.54646e-5
-9.88264e-7
-7.2202e-6
-9.31632e-5
-7.53026e-5
0.000280339
0.000138483
-1.21803e-6
-2.15777e-5
-6.15465e-5
-3.3488e-5
0.000157428
0.000565285
-0.000419901
5.5911e-5
-0.000193934
-0.00131609
-4.90756e-5
-8.12828e-6
3.07321e-5
6.22391e-6
-2.59414e-5
-0.00623402
0.00332603
-0.000635093
0.0023548
0.0116255
0.00064242
1.20855e-6
-7.34015e-6
1.15146e-6
-4.031e-6
9.26006e-6
2.08162e-6
0.00237205
0.00869832
-0.0104562
0.0023693
-0.013108
0.00101892
0.0105525
-3.32588e-7
1.50681e-6
6.44838e-8
-3.77229e-8
2.86003e-7
0.022867
-0.0132339
1.10315e-8
-1.62633e-8
-0.0249285
0.0196808
3.53259e-8
-1.41865e-7
0.0174949
-0.0141098
-1.23725e-8
-1.26371e-8
-0.00818632
0.00667214
2.39744e-8
4.29721e-8
0.00284779
-0.00181764
1.67929e-7
-3.20255e-7
-0.00152786
0.00154835
2.12862e-7
-9.76692e-7
-6.35643e-5
-0.000255494
-6.686e-8
7.57687e-5
-1.86241e-5
-2.37048e-7
7.51298e-7
-3.48299e-5
-8.99663e-6
1.05431e-8
1.5841e-7
1.80181e-7
1.78223e-6
-1.44455e-6
-7.40489e-8
2.41796e-7
-5.4317e-7
1.35525e-8
2.92675e-7
-2.22434e-7
2.7144e-7
4.08491e-8
-1.93456e-8
6.90593e-9
-1.61689e-8
1.3741e-9
-6.3477e-8
1.18788e-9
-2.46623e-8
-1.6057e-8
3.7845e-8
5.53289e-9
6.86472e-9
-3.17443e-9
2.24352e-9
1.60528e-9
1.14416e-8
2.21261e-9
-2.06582e-8
2.08112e-9
-1.4756e-9
-1.22054e-9
5.46871e-9
4.11731e-9
-3.60047e-8
-1.093e-9
3.10712e-9
5.53601e-10
-4.30093e-9
1.13083e-8
-1.57938e-8
6.91403e-11
-2.06543e-9
-4.92457e-10
1.70714e-9
5.8951e-11
5.98658e-9
-2.42532e-9
-1.03678e-9
2.67026e-9
7.99463e-10
8.90424e-10
-9.69357e-10
5.69776e-10
2.2607e-9
-2.12421e-9
-2.13017e-8
-3.51217e-8
-1.8301e-8
6.29495e-9
-7.28777e-9
3.39053e-9
4.37819e-9
-3.30063e-10
4.08293e-9
1.08974e-9
-1.47644e-9
-1.78457e-9
-2.856e-9
-5.30327e-9
1.78198e-8
1.00749e-7
-1.45628e-8
-1.7992e-7
1.35882e-7
1.44999e-7
3.36983e-8
3.48012e-11
-3.17684e-9
1.52443e-9
7.19733e-9
2.94059e-9
1.61238e-8
-7.74371e-9
-2.34948e-7
1.03306e-7
0.00722311
-0.0056901
-0.00902298
0.0035605
0.00708632
-0.0018312
-0.00341007
-0.00113544
0.000169755
0.0034484
0.000880029
-0.00215655
-0.000638038
0.000824147
-9.43833e-6
-0.000212454
0.000796139
-0.000157055
-0.00240683
0.00398444
-0.00138652
-0.00572827
-8.34232e-5
9.87901e-5
1.07968e-5
3.28138e-6
2.46378e-6
-1.84088e-6
0.000366115
-0.000144936
0.000445353
-0.000238689
2.61704e-7
-4.69031e-7
6.51903e-7
-5.19648e-8
-7.20213e-6
-8.45455e-6
3.0894e-6
-3.72143e-5
1.00342e-5
7.15626e-7
-2.39175e-6
1.1717e-5
1.69531e-6
3.47685e-7
1.91863e-6
5.79778e-5
-2.77523e-5
1.11513e-5
8.27123e-6
-9.25622e-7
-3.767e-7
-0.000109751
-0.000404094
0.000505026
1.91364e-5
-2.66114e-6
-1.08631e-6
-0.000457834
-0.000941786
0.00109597
7.17908e-5
-2.29253e-6
-1.48303e-5
-2.15477e-6
-8.36414e-5
0.000203141
9.23971e-5
-0.000311017
-0.00095648
-0.000333732
0.000355567
0.000133757
3.22439e-5
-0.000122253
-3.31912e-5
0.000115262
0.00404609
-0.00829762
0.00483256
-0.00269744
-0.00426176
-0.00231459
-5.03374e-6
2.51261e-5
-3.60378e-6
9.99658e-6
-2.11872e-5
-2.07877e-6
-0.0162496
0.0192441
-0.00796463
0.0146946
0.0238087
-0.0167274
-0.0268071
0.00425979
-9.11427e-8
5.74528e-7
3.79121e-7
-8.04675e-7
-0.0222262
0.0157427
0.0259926
3.4058e-7
-1.32879e-6
0.0144731
-0.00956199
-0.0176202
-3.3422e-7
-7.40386e-8
-0.00641037
0.00296125
0.00831636
4.62775e-7
1.47013e-6
0.00229281
-0.000648227
-0.00287773
1.62557e-6
-6.16654e-6
-0.00086533
0.000150177
0.00115797
2.61533e-6
-9.81149e-6
4.64707e-5
-1.29315e-6
4.76799e-5
-4.86882e-7
5.74567e-6
-2.51185e-6
-3.71234e-6
1.26795e-5
-1.82826e-6
-1.6261e-6
-1.02124e-5
7.26362e-7
6.59313e-6
3.70098e-6
-7.78492e-7
1.35283e-7
-5.4436e-7
1.16381e-7
-8.03107e-7
1.026e-7
-6.13182e-7
2.66961e-7
-6.79953e-8
8.70074e-9
-2.09653e-8
5.49385e-9
-1.43417e-7
-1.21972e-8
1.6021e-8
-1.72892e-8
5.68097e-8
5.88966e-9
6.49556e-8
6.09679e-10
-6.94544e-9
-6.1965e-9
3.00922e-8
1.17669e-7
-1.67057e-7
-2.78406e-9
2.82648e-8
-3.88939e-10
-1.85037e-8
9.07671e-8
-1.06652e-7
6.4264e-9
2.08856e-9
9.72741e-10
-3.36561e-8
5.73078e-9
-5.48733e-9
7.47845e-9
6.67786e-9
3.49157e-8
-1.05842e-8
-6.0936e-9
1.18902e-8
-2.24726e-8
8.93423e-8
-2.03423e-8
6.24483e-9
1.58723e-8
1.71686e-9
-5.48066e-9
3.33106e-8
-2.19148e-8
-4.80416e-7
8.64156e-8
-8.45416e-7
-3.14039e-7
7.86128e-8
-2.70969e-8
4.35772e-8
2.39925e-8
1.22541e-8
-4.72033e-8
-2.8169e-8
-4.48374e-9
-2.67563e-8
-4.7541e-8
2.22477e-7
7.18671e-7
4.99207e-7
-2.21552e-6
3.03727e-6
5.2016e-7
1.69059e-8
1.43409e-7
-1.58699e-7
4.39134e-7
-5.68074e-7
-2.44063e-6
-0.00232163
0.0016782
0.00403627
-0.00162473
0.00244596
-0.00176334
-0.000948801
-0.00265916
0.00625823
-0.009659
0.00404631
-0.00129281
0.000361807
-9.39627e-5
7.68526e-5
6.91153e-5
-3.5603e-6
-2.69524e-5
-4.56168e-5
7.14527e-5
0.000643796
-0.00021277
5.46731e-6
-1.45643e-6
8.11492e-6
-3.32851e-6
5.01029e-5
-1.47874e-5
0.000108208
-4.24442e-5
1.04947e-6
-2.79172e-7
1.32147e-7
2.59955e-6
-6.71883e-7
-1.01173e-6
3.27289e-7
4.55937e-8
-2.261e-6
5.87561e-7
-1.46769e-5
8.59044e-5
1.50644e-5
-0.000122486
1.76745e-7
2.48498e-7
-1.08671e-7
4.73684e-9
0.000468668
-0.00126201
6.19087e-7
1.19802e-7
-1.2855e-7
1.36374e-8
0.000713436
-0.00304449
3.19114e-6
-6.6011e-8
-5.97498e-7
7.04762e-7
-0.000363486
0.000159033
0.000945365
-0.00263781
-0.000117672
-4.81007e-5
3.50947e-5
1.42641e-5
0.000407223
-0.0011966
-0.000358491
0.000984639
0.00147717
0.000974211
-0.000673121
-0.000357747
-7.95194e-5
0.000230254
4.25208e-5
-0.000106759
0.00195482
-0.00121425
-0.000722425
-0.00181715
-0.00628163
0.00276248
0.000905684
3.12092e-6
-8.66812e-6
-2.09666e-6
5.42052e-6
3.541e-7
1.84942e-7
1.05578e-6
4.60061e-6
1.33093e-6
-1.62668e-6
-1.53581e-6
4.64429e-5
-0.00024571
1.2072e-5
0.000140702
-8.8294e-5
-0.000271735
-5.49901e-5
-1.70849e-5
2.03289e-5
-1.30379e-5
-6.16262e-5
-3.28338e-7
8.74703e-5
-1.40414e-5
3.69353e-6
-1.49304e-5
2.68773e-6
-1.83189e-5
2.18739e-6
-1.5113e-5
7.27709e-6
-2.08273e-6
4.15926e-8
-4.09892e-7
5.21516e-7
-1.8885e-6
2.58918e-7
-7.20946e-7
2.51694e-7
1.96246e-8
2.37318e-8
-1.39029e-7
-2.04753e-8
-7.01278e-7
1.68403e-7
3.15295e-8
4.39834e-7
2.65842e-8
-1.07556e-7
1.12108e-8
7.79426e-9
-4.9244e-8
5.69703e-7
-7.48936e-8
-7.79853e-8
-3.424e-8
3.64126e-7
-1.29679e-7
2.81371e-7
-4.31621e-8
4.08486e-7
1.62996e-7
-7.68974e-7
7.80528e-9
-3.26263e-8
8.98246e-9
-7.66147e-8
-4.98757e-8
6.29324e-9
-1.29717e-7
-1.92253e-8
7.69717e-8
-1.42288e-8
8.76555e-9
2.31918e-7
-8.9502e-8
-5.14283e-8
8.50356e-8
-3.48806e-7
1.66425e-6
-3.13259e-7
5.96494e-8
2.13499e-7
-1.0003e-7
-1.2915e-7
5.29194e-7
-1.10705e-8
7.37577e-6
2.79993e-6
-8.08302e-6
-6.63467e-6
1.2948e-6
6.47988e-8
-1.27228e-7
1.58938e-7
1.17987e-7
-4.87797e-7
3.49309e-8
5.00043e-7
-2.87651e-6
9.87912e-6
-8.97645e-6
8.43437e-6
-0.000378423
8.26047e-5
-0.00260451
0.00712829
0.00754803
-0.0137486
-0.0113209
0.0201528
0.0206565
-0.0259547
-0.00658829
-0.000213644
0.00226754
0.00138432
-0.000837009
0.00065038
-0.000630747
0.000253363
-0.001263
0.000442759
0.00197607
-0.000632808
9.21968e-5
-1.46189e-5
7.50297e-5
-5.60597e-5
-4.71145e-5
2.42094e-5
5.08579e-5
-6.57358e-6
1.62646e-5
-3.39727e-6
8.17075e-6
-9.76206e-7
3.45584e-6
-8.62505e-7
1.43695e-5
-2.44403e-6
1.68185e-7
1.22464e-6
9.72404e-7
-5.09443e-6
-5.39344e-7
-0.00020452
5.34061e-5
3.12422e-5
2.50263e-7
-0.000184343
0.000970273
-0.0014312
-8.1225e-8
0.00165366
0.00546195
-0.00609965
1.45211e-7
0.00788787
0.00904149
-0.0155891
-9.29599e-6
-4.07262e-6
2.6025e-6
1.46847e-7
0.00310747
-0.00716649
-0.00238207
0.0050255
0.000262189
0.000114415
-8.81406e-5
-3.16445e-5
-0.000589441
0.00132022
0.000243864
-0.00046617
0.000236626
-0.000618973
4.83635e-5
0.000328082
2.65427e-5
-4.53767e-5
-1.02534e-5
-1.49396e-5
-1.10208e-5
0.00910282
-0.0137171
0.00626208
-0.00537394
-0.00926677
-0.00104606
0.0163436
-0.00498966
-2.83603e-6
1.63632e-5
-1.01592e-5
1.20936e-6
0.00409642
0.00536182
-0.0109135
-1.66652e-5
9.59894e-5
0.00159616
-0.0104658
0.00436659
1.82696e-5
-9.11483e-5
-0.00995893
0.0151554
0.00197448
-2.25864e-5
5.50608e-5
0.00287825
0.000830725
-0.00114481
1.0233e-5
1.1304e-6
-0.000586976
-0.00362524
0.000305034
-0.000154165
0.00052726
0.00108218
-0.00208349
-0.000268179
0.000317849
-0.000283203
8.06632e-5
3.33605e-5
-0.000222264
6.34627e-5
-0.000325107
0.000172977
-4.9771e-5
3.46806e-6
-1.26429e-5
1.04167e-5
-2.99812e-5
1.05037e-6
-1.79224e-5
4.24124e-6
-5.0625e-7
-5.53367e-7
3.88786e-7
2.2545e-7
-1.42196e-6
1.64656e-6
-1.72257e-6
9.19101e-7
-1.59969e-6
2.70736e-7
-5.33773e-7
-1.76694e-6
3.41792e-6
1.55769e-7
1.47194e-7
-1.54448e-6
1.78001e-6
-1.61614e-6
9.25455e-8
-2.59585e-7
2.21228e-7
6.17099e-7
4.31365e-7
1.40762e-7
-6.25543e-9
3.55692e-8
-3.41286e-8
-1.11308e-8
-1.3099e-7
-3.62048e-6
-5.33433e-8
9.04714e-8
-1.56476e-6
-2.94175e-7
1.42089e-6
-1.6866e-7
4.34246e-8
3.44063e-6
-8.58388e-7
-7.063e-9
3.86067e-7
-6.16689e-6
3.2327e-5
-5.90979e-6
9.28708e-7
1.19268e-6
-2.03507e-6
-6.03567e-7
-8.66301e-7
2.42652e-6
1.0961e-6
1.22008e-6
-2.31606e-6
2.9944e-6
5.25278e-6
-2.68003e-5
-2.71581e-5
0.000112942
-8.50216e-5
2.20015e-5
-4.53876e-7
-7.29697e-6
8.12497e-6
-1.91343e-6
-2.52311e-5
0.000111768
0.000866739
-0.000346259
-0.00101237
-0.000874903
0.00387782
-0.00587932
0.0180035
-0.00875704
-0.0199503
0.020792
-0.0023393
0.000576967
-0.00344391
0.00693265
0.00206524
-0.00425519
0.000155617
-0.00103918
-7.9536e-5
8.40922e-6
-0.000244538
0.000108081
0.000333757
-5.77031e-5
7.75021e-5
-1.38497e-5
-1.50921e-5
2.52547e-5
5.37402e-6
-3.28095e-5
6.5899e-6
-5.08119e-6
-7.83286e-6
3.23851e-5
1.12621e-7
3.46708e-6
-1.56046e-5
5.49774e-6
-8.90766e-6
3.61377e-5
-4.8615e-5
-0.000273681
0.000269175
0.000336387
7.75403e-7
-2.07471e-6
3.28151e-6
-2.36899e-6
-0.0011476
0.0042947
-8.45866e-8
1.87159e-7
3.21956e-7
6.66078e-8
-0.00454045
0.0175278
-7.52992e-8
-3.5047e-8
1.44883e-7
-4.47596e-8
-0.00969524
0.0209189
-5.66221e-7
1.17957e-7
4.79111e-8
-4.35493e-9
0.0137876
-0.0214969
-0.00910244
0.0137746
2.51905e-5
7.45097e-6
-5.90925e-6
-1.54617e-6
-0.00252862
0.00395522
0.000643641
-0.000372934
-9.75767e-5
-0.000140485
5.21485e-5
5.14002e-5
2.57906e-5
0.000292897
8.32382e-5
-0.000682315
-0.00221902
0.00261682
-0.000631618
0.00103383
0.00358005
-0.000541889
0.000272212
0.000101991
-0.000301637
-5.09617e-5
5.55362e-5
-0.000595594
1.44523e-5
0.00216778
-1.2487e-5
-0.000269161
0.000300156
0.000217058
-8.69124e-5
-0.00171738
0.00466372
-0.00163379
0.0017901
-0.000622475
0.0119212
-0.0252017
-0.00111777
0.00233924
-0.00720617
0.0154437
0.00212138
0.00134638
-0.00188991
-0.000620985
0.00369923
-0.00116809
7.84234e-5
-0.000321272
0.000205551
-0.000307582
5.97493e-5
-0.000397832
4.52272e-5
-1.17874e-5
2.1803e-6
2.94158e-6
2.82515e-6
-2.12457e-5
6.70242e-6
-4.85205e-5
8.58495e-6
-3.7908e-6
-3.16768e-6
1.14362e-6
1.77304e-6
2.3807e-5
-1.13152e-5
5.95e-6
-1.30759e-6
-2.05465e-6
2.72948e-6
-6.04137e-8
3.78686e-6
1.70565e-6
-5.82372e-6
5.46489e-8
1.29244e-6
-7.02863e-7
-1.22451e-6
1.51349e-6
-5.89529e-6
2.97933e-6
1.13978e-5
3.82985e-6
-3.38543e-5
5.65818e-7
-4.72415e-7
-1.55583e-6
-1.10884e-5
-7.88625e-6
5.24015e-5
1.14521e-7
4.60948e-8
4.45448e-7
-9.32534e-5
2.26795e-5
1.03837e-5
-4.27774e-5
-1.30952e-7
5.14936e-7
-1.5165e-7
-8.09653e-7
6.29479e-5
-1.76227e-5
-2.25859e-6
2.2903e-5
-5.65741e-6
2.93914e-5
-2.1475e-6
5.05525e-7
-4.82694e-5
1.84856e-6
1.03176e-5
-3.28035e-5
-5.40311e-6
-0.000366999
-0.000133234
0.000455328
-7.14368e-5
1.45359e-5
8.37963e-6
-3.34773e-6
6.13489e-7
-2.14831e-5
2.10839e-5
-2.20367e-5
9.51743e-6
0.000272509
-0.000312549
0.000668285
-0.000604412
-0.0160042
0.0121802
0.0246912
-0.00938883
-0.0199471
0.00335444
0.00377164
-0.00240905
0.00011978
0.000127996
-7.37903e-5
0.000299596
-0.00629933
0.00202639
0.00931229
0.000624473
0.0110608
-0.0130877
0.00443072
-0.00425329
-0.00106512
0.000195825
5.60637e-5
-0.000250951
-0.000133505
0.000393485
7.85263e-5
-2.05823e-5
9.67445e-5
-2.83688e-5
-7.18326e-5
0.000203048
-0.000101937
0.000101025
-0.000350185
6.94771e-5
-0.000176774
0.000265411
-0.000326603
-0.000157762
4.89236e-5
0.00049247
-2.66507e-5
-0.000361838
-0.0027607
0.0049597
5.77008e-6
-0.00703275
-0.0117346
0.0198607
-9.31528e-7
-0.0319282
-0.0331756
0.0486222
-1.17359e-7
-1.52103e-8
0.0286225
-0.0162682
9.19352e-7
4.4068e-7
-3.15198e-7
2.36117e-7
-0.00469198
0.00201829
-0.00103972
0.00776992
-2.22873e-5
-1.57597e-5
6.71285e-6
4.23256e-6
-0.00120809
0.00458437
0.00134696
-0.00450917
-0.000419898
4.96295e-6
0.000154292
-0.000226028
-1.61367e-5
0.00077959
-0.0015862
8.85657e-5
0.000208238
-3.19278e-5
-3.7627e-5
2.57169e-5
-0.000254934
0.0143389
-0.0118543
0.00549499
-0.0144776
-0.0226833
0.0139909
0.0137215
-0.00597948
0.000360424
-0.00129001
-0.00157696
0.00193406
0.0176223
-0.00913525
-0.0147748
0.0017234
-0.00145187
-0.00189045
-0.00206782
0.000910052
-0.00288429
0.0438794
-0.0404058
0.00495473
-0.00746443
0.00588022
-0.0160798
0.015575
0.00181542
-0.00190621
0.0038714
-0.000522892
-0.000307783
3.27249e-5
-0.000175361
9.4953e-5
-0.000289242
0.00032437
-0.000411859
3.59911e-6
2.28746e-5
-1.20531e-5
4.5225e-5
-2.8623e-5
-0.000141308
6.74891e-5
-5.59299e-5
0.000216569
-1.09985e-5
-1.56145e-5
2.0926e-5
5.80429e-6
1.44295e-5
-9.62773e-6
1.03257e-6
1.74354e-5
-2.78031e-5
-1.6516e-5
-1.66373e-6
2.18815e-6
-6.89561e-6
0.00013412
-0.000204094
4.55048e-7
-5.60099e-6
3.70267e-6
0.000293553
0.000143015
-0.00043118
1.08403e-6
-1.05148e-6
-2.5635e-6
9.03212e-7
0.000584209
-0.000168414
-7.56284e-5
0.000291988
-2.33794e-6
6.33986e-6
6.71107e-8
7.88997e-6
-0.000375828
0.000101351
7.38224e-5
-0.000177452
-0.000152001
0.000544533
2.85162e-5
9.59921e-6
6.07898e-5
-1.21617e-5
1.04217e-5
5.1763e-6
2.20695e-5
-2.61597e-5
7.97636e-5
0.000153944
9.07196e-5
-0.000180487
-0.000470672
9.68149e-5
-0.00170675
0.00133477
-0.000483818
-0.000170183
0.000119848
0.00625261
-0.00575651
-0.00929516
0.00552021
-0.00575264
0.00439142
0.000687332
0.00518428
-0.00424776
-0.00463182
0.00311352
0.00424262
0.00476598
-0.000285309
0.000654199
-0.000768993
-0.00083829
0.000265978
-0.00115918
-0.000758519
0.00681675
-0.0125354
0.00197497
-0.00327888
-0.000626979
0.000753925
3.41968e-5
0.000274714
-0.000697335
0.000536519
0.000291134
-0.000135132
0.000497839
0.000232565
-0.000360369
0.000199165
-0.000339416
-0.000463154
6.60257e-5
-0.000109423
0.000196202
-0.000100274
0.000200155
-0.000352108
0.000742488
0.00766961
-0.00638599
-0.0079969
1.01522e-5
-3.23907e-5
3.16375e-5
-1.16563e-5
0.0163514
-0.01928
1.30631e-6
-3.44593e-6
3.75365e-6
-2.07741e-6
0.0321898
-0.0391544
7.76816e-8
-9.97777e-8
4.32452e-9
-2.3083e-7
-0.0343136
0.0264449
0.0139629
-0.00226364
5.01049e-8
3.02192e-8
0.00423357
-0.0149135
-1.68646e-6
-1.04311e-6
3.64795e-7
1.32047e-6
-4.09184e-6
-0.00593278
0.0133264
-0.00553504
0.00767149
-4.28839e-5
1.31323e-5
4.27663e-7
2.87757e-5
-3.49857e-5
0.00346791
-0.00451396
-0.00188609
9.11951e-5
0.000633999
8.3527e-5
-0.00271162
-0.00500464
0.00351386
-0.000905779
0.00663512
0.0094659
-0.0127311
0.000346359
0.000484721
-0.00140028
0.000632673
-0.00263531
0.0175395
0.00471079
-0.0190217
-0.00547467
0.0137821
0.00476299
0.0141
-0.0145352
0.00886268
-0.00689411
-0.00571298
3.14836e-5
0.00661992
-0.0107887
0.00884598
-0.0101069
-0.0152292
0.00363937
0.0486728
-0.026716
0.00208729
-0.00649676
0.00333845
-0.00814773
0.0138335
0.00122306
-0.000832339
0.0023327
-0.00158907
-0.000205569
-1.49603e-5
0.000603712
-0.00037364
0.000309364
-0.000434659
0.000481716
0.000124912
-0.000444109
0.000130054
5.8686e-5
-0.000163859
-6.31478e-5
2.57166e-5
2.61623e-5
-3.04751e-5
-2.72283e-5
-0.000315544
0.000151586
-3.19507e-5
2.96918e-5
4.26743e-5
-3.53719e-5
1.12566e-5
-0.000132937
-2.54914e-5
3.52645e-5
-2.56157e-5
0.000121193
9.87239e-5
-0.000201465
-5.28044e-6
1.1054e-5
-0.000511979
0.000915983
0.00056246
-0.00117061
2.29829e-6
2.45131e-5
-6.97676e-6
0.00139023
-0.0006776
0.000818221
-2.74466e-6
-3.08611e-5
-0.000967664
-0.000379673
0.000914021
-9.02064e-6
2.29023e-6
3.05754e-5
-6.27013e-6
-0.000340078
0.000746809
0.000302407
-0.000603671
-6.93355e-5
0.000238924
4.79683e-5
2.61299e-6
-3.28801e-5
0.00058183
-0.000178832
0.000423643
-4.93418e-5
-9.32276e-5
0.000280273
4.36257e-6
0.00110037
0.00118338
-0.00155034
0.000485053
-0.00156416
0.000827581
-0.000408187
8.50835e-5
-0.00031041
0.000364481
-0.000120791
-0.000467964
0.000857982
0.00368567
-0.00433101
0.00353132
-0.00347981
0.00152968
0.000512038
-0.00274363
0.0033422
-0.00214805
-0.00709987
0.00234364
0.00480756
0.00318343
0.00266838
-0.00169879
0.00128793
-0.00380528
0.000709537
-0.000751001
-0.000970361
0.00112919
-0.00282878
0.00178735
0.00117598
0.000112361
0.000537222
-0.000932465
0.000590418
-0.000714432
0.00126761
-0.000325772
0.00209697
-0.00566556
0.00291771
0.00753111
-0.000313594
0.000170781
-0.00440557
0.00779575
-2.7615e-5
9.38745e-6
-0.00769557
0.0163624
-6.65044e-6
4.84942e-6
-0.0189208
0.0234396
-8.00374e-7
1.01518e-6
-0.00661899
-0.0193093
5.54227e-8
-3.03722e-8
-5.15957e-7
-9.27058e-8
-0.016437
0.0382893
0.0215975
-0.0429809
-4.89874e-8
-2.79382e-7
-0.0241383
-0.00793782
0.0139159
-9.74164e-7
9.63389e-6
-4.63112e-5
0.00298486
0.0101795
0.0050379
-0.0168397
-0.00200294
0.000217246
0.00327117
-0.009885
-0.000353099
0.00453255
-0.0101832
0.000562236
0.0187662
0.0070274
-0.0234525
-0.0119514
0.0239415
0.0125497
-0.0184975
-0.0100282
0.0118646
0.00729683
-0.00142756
-0.00536674
0.0171593
-0.00602449
-0.0109988
0.0084249
-0.0153455
-0.0183333
0.00430647
0.0175963
-0.00913287
0.000109997
-0.000698209
0.000360229
0.000178776
-2.35801e-6
0.00197101
-2.27847e-5
-2.18054e-5
-9.35771e-5
-2.38611e-6
-4.04752e-5
7.44721e-5
9.51086e-5
0.000656506
-0.000737907
1.64076e-5
-1.06821e-5
0.000822241
4.46723e-5
3.19793e-5
-1.98364e-5
-0.000209795
0.00045414
2.75219e-5
-4.6564e-5
4.44409e-5
-0.000239068
6.53294e-6
-4.30791e-5
-0.00170044
0.00257571
-2.5344e-5
-2.44309e-5
-0.00276659
-0.00146931
0.00281447
1.3849e-5
1.14945e-5
-8.38312e-5
5.4053e-5
-0.00269889
0.00137654
-0.00218164
-3.87867e-6
9.84622e-5
0.002765
-0.00110391
0.00145021
2.1823e-5
-0.000130695
-0.00179706
0.00229379
-0.000751928
-0.000592465
0.00130437
0.000734866
-0.00117432
0.000436948
-0.000480405
0.000247239
-0.000314596
-0.000337434
0.000818257
-0.000897241
0.000624113
-0.000185075
-0.000122501
0.000417356
0.00392251
-0.00510029
0.0052647
0.00306861
-0.00210267
-0.000262042
0.00299664
-0.00484372
0.00516125
-0.00377965
0.00162432
-4.385e-5
-0.000975486
-0.000241963
-0.000785547
-0.00125599
-0.000969383
0.00250074
-0.00441779
0.00431523
0.00453956
-0.00353724
-0.000262698
0.00331955
-0.0092002
-0.00183663
0.0057959
-0.00347849
-0.00124481
0.00229824
-0.00184019
-0.00296201
-0.000795641
0.00203153
-0.000661776
8.54702e-5
-0.00161974
0.00133366
-0.000870116
0.00259744
-0.00691265
0.000503201
-0.000864285
-0.000223209
-0.00985609
-0.0205537
0.0201777
3.48703e-5
-0.00813406
-0.0109782
0.0051238
-1.03723e-5
-3.26899e-6
-0.0145759
0.0397518
2.59743e-6
-9.60664e-7
-0.0544582
0.0545187
-6.56105e-9
8.84897e-8
2.82281e-7
5.47797e-8
-2.77608e-8
0.0309078
-0.0408352
0.0193247
-0.010701
2.61909e-8
-1.09584e-7
9.52769e-7
-6.5047e-6
-6.44148e-6
-0.00557271
-0.00364251
0.0219258
-4.78478e-5
-0.0170489
0.0271135
-0.000654901
0.000247115
-0.000169589
0.00151118
-0.00501627
0.0153884
-0.02679
0.0126647
0.0122087
-0.000945352
-0.0208497
-0.0137826
0.0278532
0.0240271
-0.0287414
-0.025592
0.0225452
0.020264
-0.0119106
-0.0128068
-0.00170401
0.00709638
0.0188709
-0.00544896
0.023162
-0.0289268
-0.00794742
0.00592678
-0.00453121
0.0069803
-0.0143207
-0.000116938
-0.000210896
0.00122419
-0.00109424
0.00743383
-0.015511
-4.7767e-5
4.30155e-5
-0.00380982
0.00907227
-0.00444023
-0.00110434
0.00126101
-1.93194e-5
1.13857e-5
3.21889e-6
-6.39146e-6
-2.09061e-5
0.00185355
-0.00273404
0.00222482
-1.69894e-6
-1.89889e-6
-0.0035397
-2.72447e-5
5.04522e-6
0.000159289
4.44184e-5
-0.000329094
4.92997e-5
0.000160239
-0.000168499
0.00322935
-0.00607153
1.22294e-5
0.000193516
-0.000197702
0.00478915
-0.00433998
2.41347e-5
5.19399e-5
0.00398141
0.00202479
-0.00352656
-0.000112175
0.000154647
0.000148843
-9.07558e-5
0.00326908
-0.00414869
-0.00226393
0.00388812
0.000178612
-0.000327922
-0.000505995
0.000347205
-0.000288642
-0.00358256
0.0024772
-0.00349619
-0.00189533
0.0031366
4.75755e-5
-0.00048039
-7.82233e-5
0.000420327
5.0509e-6
0.000780422
-0.00146997
0.000422822
0.000813117
-0.00165015
0.0018096
-0.00141248
0.00078491
-0.000223359
-0.000267385
0.000512043
-0.00229897
0.00580584
-0.000370283
0.0036767
-0.00678329
0.00814426
-0.00699866
0.00394273
-0.00049184
-0.00214143
0.00613368
0.00546025
-0.00756671
0.0059921
-0.00482735
-0.0046792
0.00901781
0.0292367
-0.0364014
-0.0144615
0.00664209
0.0035962
-0.0027601
0.00211521
-0.0025972
-0.000670732
0.00370952
-0.00156631
0.00112919
-0.00770204
0.0159549
0.00048918
-0.000349722
0.000488948
-0.000362331
-0.000665162
0.0198114
-0.0274695
0.0198964
-0.0154572
0.000232031
-0.000414657
0.000297783
-0.000159186
0.00644441
0.00494721
5.47944e-5
-0.000132521
9.27516e-5
-4.10341e-5
-1.46375e-5
0.00532393
-0.0182186
0.0328584
-0.0515006
3.06624e-6
-3.99442e-7
0.0559932
-0.0497494
-1.36627e-7
3.20023e-7
-6.60014e-7
0.033899
-0.0133637
-0.0035909
2.55249e-6
-6.95537e-6
3.23092e-5
0.0226641
-0.0473961
-0.0283416
0.06433
0.000167609
-0.00107426
0.00386466
0.0430129
-0.0197074
-0.0102518
-1.40781e-5
0.0194326
0.0219737
-0.0276663
-0.0389787
0.0302404
0.0437201
-0.0247149
-0.0361111
0.0133827
0.0230187
-0.000636449
-0.0116752
-0.00914643
0.00505674
0.0134533
-0.00203606
0.0123761
-0.001115
-0.0612794
0.0482312
3.08767e-5
-2.4863e-5
-1.2506e-5
-0.021785
0.00672505
0.00227768
-3.57014e-6
1.6839e-6
-7.61056e-6
-0.00863686
0.0115578
-0.0121761
-7.35884e-6
3.72845e-6
0.0135626
0.00534592
-0.0142428
0.00010876
-0.000100263
-3.30221e-5
1.8055e-5
-0.00285119
0.00778871
0.00218095
-0.00331785
0.00248337
-0.00663199
-0.000276717
0.000185503
-0.0127803
0.0162632
0.00891922
-0.0111247
-0.000192357
-0.000393723
0.000358581
0.00651559
-0.00641745
0.00537356
2.91469e-5
-0.000152463
0.000363603
-0.00462289
0.00413919
-0.000216805
8.32945e-5
-0.00402651
0.00462368
-0.00530078
0.00127321
-0.000668412
0.000403002
0.00642619
-0.00755627
0.00355071
-0.00456248
-0.000527729
0.00305657
-0.00247091
0.00186647
-0.000143717
-0.00143685
0.00253689
-0.00278308
0.00223427
-0.00132509
0.000492559
7.68287e-5
-0.000493721
-0.00753517
0.0113847
-0.0096448
-0.00406458
0.00119601
0.00199101
-0.00537296
0.0082642
-0.00910209
0.00701055
-0.00265544
-0.00248909
0.0082269
-0.0139067
-0.028393
0.0349215
0.0292167
-0.0279043
0.0284628
0.0101684
-0.00668075
0.00510156
-0.0171436
0.0114699
-0.00595963
-0.00355033
0.0025852
-0.00191539
0.00162168
0.002276
-0.00609337
0.00138326
-0.000939294
0.00999767
-0.0150545
0.000653277
-0.000541499
0.000351238
0.0220585
-0.0206857
0.0133816
-0.000200171
0.000120852
-0.00317307
-0.0089021
-6.32459e-5
2.86836e-5
1.38266e-5
0.0209421
-0.0278726
0.0344574
-5.28702e-6
1.80668e-6
-0.037216
0.0310564
-5.55217e-7
1.52402e-7
-6.43051e-7
-0.0177039
0.000509286
0.0188323
8.18137e-7
2.20224e-6
-3.39213e-6
-0.0386215
0.0729637
-0.0740376
0.000201263
-9.7998e-5
8.93205e-5
-0.000730756
0.00103279
-0.0603637
0.0990202
-0.0399251
-0.00311356
0.0251444
0.00758323
-0.000626852
-0.0150563
-0.0276066
0.0230085
0.0519044
-0.0267287
-0.0621618
0.0228157
0.0549282
-0.0122348
-0.0370148
-0.000855887
0.0192538
0.0137179
-0.00819118
-0.0238255
0.00280695
-0.0505882
0.0604276
0.00222189
-0.00198926
0.0497891
-0.046793
0.04665
-0.025178
4.59751e-6
-3.00341e-6
0.000228636
0.0125835
0.000184835
-0.0118517
2.36234e-7
-2.10176e-6
2.97183e-6
0.0211917
-0.0259965
0.0254343
6.27701e-6
-1.66464e-6
-0.0229879
0.0199842
0.000127137
5.79601e-5
-2.0179e-5
-0.0125203
0.00404342
0.00435452
0.000541788
-0.000301121
-0.0129081
0.0149402
0.00093419
-0.000755245
-0.0096867
0.00674168
-0.00517013
-8.7368e-5
0.000170287
-0.000594234
0.00420696
-0.00376643
0.000219543
-4.70938e-5
0.00390411
-0.0048512
0.00598913
-0.00112301
0.000711738
-0.00043147
-0.00892746
0.00838118
0.00639644
-0.0100249
-0.0024424
0.00237642
0.00239218
-0.00246465
0.00155299
0.0037067
-0.00165389
-0.000279588
0.00188363
-0.00300431
0.00324452
-0.00258588
0.0014597
-0.000381161
-0.000478921
0.00110955
-0.0029245
0.00129894
-0.00917048
0.00980331
0.0010391
-0.00281539
0.00515784
-0.00721585
0.00755476
-0.00521513
0.000702911
0.00430526
-0.0090173
0.0169276
-0.022342
0.0250898
-0.0198658
-0.0125005
0.0102518
-0.0054443
0.0134637
-0.00882206
0.00446724
0.00304828
-0.00207258
0.00141209
-0.000239634
-0.00368761
0.00738802
-0.00094998
0.000616409
-0.0108726
0.0120422
-0.000526375
0.000628011
-0.000294806
-0.0189016
0.0201856
-0.01257
0.000120088
-0.000101622
0.0023689
0.00695373
4.7576e-5
-4.04454e-5
-4.72688e-6
-0.018885
0.0177792
-0.0161177
2.93545e-6
-1.35943e-6
0.0157425
-0.0119401
7.95458e-7
-9.86782e-7
3.70629e-7
0.00286954
0.0104834
-0.0337268
-2.31913e-6
1.02136e-5
-9.4005e-6
0.0755502
-0.09666
0.0795651
-9.20172e-6
0.000824153
-0.000770035
-0.0849995
0.0284792
0.00200374
-0.0279007
-0.00486837
0.00393248
0.00995286
0.0280132
-0.0159844
-0.0575963
0.0195664
0.0743458
-0.0172712
-0.0708664
0.00888536
0.051661
0.00221884
-0.0281606
-0.0128471
0.0108879
0.0273807
-0.00324594
-0.0376853
0.000619377
0.0411242
-0.030773
0.015545
-2.09462e-5
9.24273e-5
-0.000288152
-0.00343873
-0.00782773
0.0213848
1.18905e-6
-2.08044e-6
7.40966e-6
-0.0319266
0.0363146
-0.0343002
5.54092e-7
-1.02155e-6
0.0249897
-0.0219152
-0.000185587
-3.47938e-5
4.74499e-6
0.0123495
-0.00244627
-0.00230759
-0.00104666
0.000504066
0.0114217
-0.020597
-0.00229567
0.00148668
0.0113178
-0.00562697
0.00371267
0.000190073
-8.35027e-5
0.00130693
-0.00298337
0.00284693
-0.000153693
-4.29048e-5
-0.00321822
0.00509685
-0.00929243
0.000992071
-0.000656877
0.000382612
0.0112102
-0.00873931
0.00820295
-0.00223659
0.00181538
-0.00133702
-0.00151712
5.77156e-5
0.000880004
-0.00194139
0.00272962
-0.0027939
0.0020768
-0.000953992
-4.90043e-5
0.000728388
-0.00154395
0.00192577
0.00185944
-0.00245116
0.00243264
0.00253217
-0.00371725
0.00482259
-0.00476657
0.00275492
0.000969991
-0.00508921
0.00734542
-0.0119279
-0.0118987
0.0121067
0.0106051
-2.24518e-5
-0.00323918
0.00215586
-0.00798052
0.00604471
-0.00271607
-0.00154676
0.00137239
-0.000815961
-0.00108423
0.00419829
-0.00695857
0.000601888
-0.000307294
0.00949397
-0.0135741
0.000226726
-0.00043533
0.000247675
0.0129903
-0.0222995
0.0115085
-0.00012244
5.33396e-5
-0.000750581
-0.00492552
-4.35728e-5
3.72009e-5
-4.47922e-6
0.00996091
-0.00534693
0.00299369
1.0729e-6
-4.29002e-7
-0.00352957
0.00230834
-2.20261e-7
1.73817e-6
1.87219e-6
0.00221518
-0.00677058
0.0138991
-4.48715e-6
1.56589e-5
-6.88351e-5
-0.0245879
0.00035293
-0.00040343
0.0246944
-0.000329926
0.00192725
-0.00196148
0.0689051
-0.101952
0.00291192
-0.0147455
-0.00571893
-0.0239387
0.00933864
0.0551276
-0.0117878
-0.0766086
0.010568
0.078304
-0.00482586
-0.0611559
-0.0032865
0.0370831
0.00939947
-0.0157152
-0.018085
0.00498351
0.0183676
-0.0186872
0.0148139
-0.00399914
-1.87828e-5
-1.22501e-5
0.00049001
-0.00463988
0.0106533
-0.0240483
2.72842e-7
-1.84853e-7
3.66067e-6
0.0319766
-0.0312145
0.0218978
-3.07331e-6
7.01872e-7
-0.00768125
0.0081699
0.000154416
-2.26559e-5
1.02974e-5
0.00360188
-0.00254719
0.00987533
0.00169269
-0.000659764
-0.0124816
0.0173892
0.00439285
-0.00283817
-0.00430081
0.00205868
-0.00215824
-0.000714114
0.00206195
-0.00416833
0.00174823
-0.00191691
9.02438e-6
0.000263445
0.00168296
-0.00203453
0.0029597
-0.000812017
0.000492035
-0.00023169
-3.46555e-6
-0.00161185
-0.00107893
0.00091826
-0.000594399
0.000668594
-0.000954308
0.00150442
-0.00182521
0.00155258
-0.000804595
-0.000120924
0.000797103
-0.000954727
0.00139089
-0.00135832
0.00117495
-0.00103111
-0.000276842
0.0016332
-0.00175405
0.000651182
-0.00147529
0.00225448
-0.00260374
0.00232946
-0.000944737
-0.00152571
0.00341487
-0.00602244
0.0073145
-0.00796538
-0.00793562
0.00548971
7.35094e-5
0.00116682
-0.000666035
-0.000175514
-0.00240583
0.00346771
-0.00312071
0.000175119
0.000547137
-0.000716246
0.000568498
0.00157163
-0.00350652
0.00518263
-0.000574813
0.000570459
-0.0063946
0.00724047
5.70393e-5
-0.000450386
0.0148248
-0.00756999
-7.43007e-5
5.23674e-5
3.75976e-5
-0.00137107
-4.81095e-5
3.66417e-5
-1.54381e-6
-0.000477157
-1.92923e-5
1.23754e-5
-0.000668045
0.000810917
-6.77569e-6
4.1228e-6
0.000576881
0.000285479
-2.30296e-6
-3.07068e-6
-4.51592e-6
-0.0019215
0.00341474
-0.00721509
-3.90447e-7
-2.19785e-5
4.14254e-5
0.0148439
-0.0320512
-0.000190288
0.000394415
-0.0448192
0.0606306
0.0284027
-0.0148728
0.000132779
-0.00235879
0.002397
0.0840629
-0.0303382
-0.00171993
0.00425305
0.0030962
0.0253735
-0.00467912
-0.0487889
0.00589121
0.07254
-0.00516565
-0.0752641
0.00194451
0.0627292
0.00223692
-0.0336952
-0.00782845
0.0122219
0.0107558
-0.00264133
-0.0116869
0.00724717
-0.011594
0.000677465
-0.000170852
-0.000452659
4.23272e-5
-0.000165717
0.000851272
-0.00199035
-4.55275e-6
0.00629501
-0.0115847
0.0169751
4.53901e-8
-1.24441e-6
-3.90252e-7
-0.0214849
0.0157594
-0.00194686
-1.1341e-6
6.07669e-7
-0.0132765
0.020307
-0.00580971
3.78635e-6
-5.89939e-7
-0.0198343
0.0197497
-0.00847965
6.27798e-5
-0.0109733
0.00820737
-0.00589076
1.32168e-5
0.00589177
-0.00505006
0.00321493
0.0004271
-0.000549523
-0.000115305
0.000334376
-0.00174126
0.00121071
5.39102e-5
-0.000237056
-0.000654284
0.000625677
-0.00106732
0.000490696
-0.000215629
6.92299e-5
-9.59161e-5
0.00034685
9.42941e-5
-4.32194e-5
0.00049962
0.000622488
0.000876581
0.000993986
-0.000654329
0.000329211
-0.000472182
-0.000784495
0.000721572
-0.000952269
0.000777023
-1.65607e-5
-0.00068139
0.00130202
-0.00121933
0.00132348
-0.00110088
0.000443249
0.00163114
-0.00222629
-0.00202439
0.00133926
-0.000926452
0.000161531
0.00104802
-0.00229697
0.00281127
0.00258119
-0.00150386
-0.00154192
-0.000276693
0.000355651
-0.00018452
0.000531343
0.00095346
-0.000387863
0.000485399
2.65067e-5
0.000152233
0.00185282
-0.00147352
-0.0029965
-5.13036e-5
-0.00010163
0.00348665
-0.0033344
0.000143863
0.000232449
-0.00014339
0.00222082
-0.00204178
0.000600946
6.65805e-5
-5.09048e-5
0.000694396
-0.000392204
0.000881166
-0.000172735
3.54997e-5
-3.52791e-5
-0.00036292
0.000137453
0.000518539
0.000122357
1.98731e-5
-1.69276e-5
-0.000386555
0.000124837
1.01234e-5
-8.94112e-6
-3.90312e-5
1.3513e-5
-0.000187234
-2.89214e-5
5.2934e-5
0.00067996
3.1624e-6
0.00326276
8.20913e-5
-0.000159502
0.000385674
-0.105458
0.0537428
0.00112934
-0.0696861
0.000643908
-0.00261217
0.00175897
-0.0123881
0.080661
-0.00240784
-0.030061
0.00215475
0.0400315
-0.00253664
-0.0721603
0.00202358
0.0699149
-0.000478421
-0.0514034
-0.00205744
0.0303928
0.00362801
-0.0103218
-0.00202942
0.00362545
-0.00158934
-0.0017897
6.74422e-5
-6.54115e-5
-0.00112226
0.00286903
-0.00321148
0.00397477
-0.000909367
0.00639743
5.19494e-6
-4.15547e-8
3.92966e-5
-0.013575
1.75246e-7
-4.50253e-7
0.0295685
-0.0263837
-2.39204e-6
-3.21944e-9
0.0258753
-0.0179443
-2.93311e-5
2.59638e-6
3.10899e-6
2.45804e-6
0.0107086
-0.00633576
-3.18562e-5
2.34406e-5
9.35661e-6
-7.9785e-6
0.00363192
-0.00361081
-0.00377173
-9.79507e-6
1.67971e-5
3.1833e-6
0.00136762
-6.02315e-5
-0.000219232
0.000186677
1.98098e-5
0.00015078
-0.000134739
0.000269581
4.4954e-5
4.20635e-5
-4.19981e-5
0.000561101
-0.00117507
-0.000648334
0.000190967
-9.69677e-5
0.000101859
-0.000178544
0.00165092
-0.00079952
0.000762169
4.02211e-5
-0.00162533
0.00202866
-0.00190053
0.00188937
-0.00115311
0.000200966
-0.000334919
0.000785752
-0.00106787
0.000667938
0.0020053
-0.00162599
-0.000563526
0.000264279
0.000134914
-0.000980946
0.00114715
7.21276e-5
4.46283e-6
0.00047754
-0.00010207
7.40762e-5
2.09247e-5
-0.000227776
0.000104147
-4.17672e-5
0.000662399
0.000141185
-0.000100755
0.000112557
-0.000130379
0.000190111
-0.000131303
2.25058e-5
1.08818e-6
-2.3816e-5
4.40321e-5
-0.000413945
0.000945033
0.00176584
-0.000969269
2.21681e-5
-3.46013e-5
-0.00174459
0.000816114
0.00143827
-2.12771e-5
2.98541e-5
-0.000953577
5.16695e-5
-1.81293e-5
1.77096e-5
-8.00166e-6
7.46793e-5
-1.4562e-5
1.54881e-5
-7.15289e-6
-4.60523e-5
-1.1588e-5
1.00114e-5
5.08359e-5
-8.6877e-6
1.18759e-5
-8.63883e-5
0.000210908
6.11177e-6
-1.10319e-5
-0.000719419
6.79308e-5
-0.000130111
3.78686e-5
-6.38849e-5
5.45384e-5
-7.50858e-5
0.000259813
-0.000821129
-0.00116618
-0.00707852
0.00922514
-6.68321e-5
0.000209838
-0.000294756
-0.031753
0.0623326
0.000720649
-0.00129048
0.194073
-0.162273
-0.0645138
0.000881766
-0.0642543
0.000207404
-0.00164798
0.0021724
0.0256659
-0.00154782
-0.000853327
-0.0396959
0.000858611
0.0745931
-0.000491419
-0.0831918
-0.000461067
0.0546821
0.00103528
-0.0302453
-1.17057e-5
7.90289e-5
-2.3164e-7
0.000495034
-0.000575805
0.000232483
0.000433514
0.00025152
-0.000335511
0.00394473
0.0014301
-6.13567e-5
-0.00150074
0.000555147
-0.00185642
-0.000259273
-1.66848e-5
-1.24721e-5
-1.07356e-5
4.00885e-5
5.4782e-5
-0.0023931
0.00932736
-0.00707583
-0.0172442
0.0169203
1.81167e-7
2.62545e-6
1.19859e-6
-5.9665e-6
-0.0227692
0.0195084
3.1923e-7
2.60679e-7
-0.0125383
0.00876903
2.09974e-7
-9.6757e-7
-0.00300727
0.00184771
-2.72628e-6
1.37932e-6
-0.00011781
0.000291512
1.24558e-5
-2.98065e-6
-0.000277494
-8.12704e-5
3.88372e-5
-1.96239e-6
-3.10359e-5
0.000123723
2.03575e-5
-8.95893e-5
-2.84755e-5
4.89585e-5
-4.86028e-5
0.000107229
-1.78239e-5
-1.08262e-5
0.000112155
-0.000147293
-0.000339449
-2.07504e-5
-4.4297e-5
1.37965e-5
-3.1603e-6
0.000752724
0.00229798
-0.00197091
-0.0009437
-0.00095874
-5.86579e-5
6.25399e-6
-2.37229e-6
2.60486e-5
0.000743718
-0.000770795
-0.00125213
0.00319453
-0.00407056
0.00306626
-0.00203762
-0.000647667
0.000376675
0.000296198
-0.000873368
-0.000393974
0.00065533
-0.000191648
0.000235824
2.1972e-5
0.00058907
-0.000285141
-0.000404391
2.48339e-5
-2.35755e-5
1.30971e-5
-0.00021743
0.000231028
0.000244287
2.72935e-5
-4.70007e-5
-1.65804e-5
1.02211e-6
-0.000100006
-2.55981e-6
6.07727e-6
-0.000323881
0.000155511
0.000376752
1.02287e-5
-5.39905e-6
4.36707e-6
-4.96107e-6
-0.000305474
-0.00062832
0.000212432
1.88873e-6
4.81482e-6
0.000502593
-0.000138194
-1.75441e-7
2.38389e-6
3.71878e-6
6.42046e-6
-4.02232e-6
4.914e-6
3.40374e-6
-1.40916e-5
-4.93233e-6
4.56214e-6
4.34916e-6
-5.8657e-6
6.46582e-6
-8.90842e-6
-3.24396e-6
3.71138e-6
5.89628e-5
-3.14158e-5
2.5426e-5
-1.88706e-6
-1.23334e-6
2.83795e-5
7.48058e-6
3.64864e-5
-8.72677e-6
7.95847e-6
-0.00117793
-4.15267e-5
-0.00230198
-4.08717e-5
0.000247429
-0.000204341
0.061963
-0.0644493
0.000215779
-0.000902997
0.180067
-0.101198
-0.045326
0.000678732
-0.000405547
0.0181426
-4.59447e-5
0.000501117
-0.000614907
-0.156462
0.124923
0.000289499
0.099325
-0.000185064
0.000391971
-0.000324771
6.03371e-6
-1.26673e-6
-0.000110111
-0.000578711
-0.00843711
0.00191662
0.00274411
0.0290101
0.000270485
-0.000752792
-9.31821e-5
0.000271162
0.000358411
-0.00221955
0.00273387
-0.000127374
-0.000102852
-0.00762214
0.0134528
5.9158e-6
2.4788e-5
-0.0179274
0.0199079
0.0121721
-0.0124204
1.02271e-7
-1.8506e-6
-9.58402e-7
2.58386e-6
-0.010007
0.00961281
-0.00627575
7.98295e-8
-0.00448906
0.00322302
-0.00248261
-1.16401e-7
-0.000468557
0.000197159
-0.000380041
9.24471e-7
0.000110745
-5.49518e-5
1.06535e-5
1.43551e-5
1.61799e-6
3.36785e-5
1.91532e-5
-8.79543e-6
-3.96013e-6
-4.82172e-6
1.04998e-6
-2.17132e-5
-1.53289e-5
-3.61101e-5
-1.93675e-6
-1.24809e-5
1.54854e-5
-0.000786706
0.000756294
0.00234301
-0.00121179
-0.00068753
-8.62397e-5
-8.21109e-5
0.000251723
0.000126953
-5.56294e-5
-8.61437e-6
1.25074e-5
0.000509277
0.00669629
-0.00824351
0.0053141
0.0028314
-0.00300339
0.00201895
-0.000371833
-6.78355e-5
0.000352402
1.95561e-5
-6.20006e-5
8.25736e-5
-6.85387e-6
5.35057e-5
9.10722e-5
-5.76698e-5
3.13685e-6
-5.57864e-5
-0.000107764
8.16262e-5
0.000118783
-5.99439e-5
-3.12144e-5
-6.89107e-6
-3.24473e-6
1.11477e-5
-6.02729e-6
4.58419e-5
-1.9833e-5
-6.9364e-7
-1.57341e-7
-9.3659e-7
1.79464e-5
-5.56483e-5
1.67453e-5
-0.000134932
4.07602e-5
4.23769e-7
2.40071e-7
9.29708e-5
-2.15253e-5
-5.20294e-5
-1.58065e-6
-8.00612e-7
6.78868e-7
1.22787e-5
-6.44123e-5
2.93421e-5
-1.79528e-7
-1.57043e-7
1.48615e-5
-1.00173e-5
-9.67136e-6
6.55622e-7
8.52521e-7
-1.48134e-6
5.33481e-6
-5.74953e-7
5.58949e-6
-1.55244e-6
1.56003e-6
-1.71491e-6
2.82967e-7
-8.24831e-7
-1.12557e-5
2.39672e-6
1.36816e-6
-1.78502e-6
-5.52121e-6
9.88614e-7
8.57734e-7
1.71853e-5
-7.07226e-5
-6.32458e-7
4.95136e-7
0.00036295
-4.53189e-5
8.92784e-7
6.78269e-6
0.000164253
-0.00117164
-3.16405e-6
1.51713e-5
0.0154795
-0.00469028
-7.13671e-5
0.0149223
2.59275e-5
6.6174e-5
-8.30641e-5
0.0483445
-0.0291196
0.000103727
-0.000362288
0.0222685
-0.0157744
-1.73935e-5
0.000323685
0.0018339
-0.00704844
0.00258655
-0.018779
-0.000192108
0.000142593
-0.122398
-1.94639e-5
2.55957e-5
8.28028e-6
-1.86232e-5
6.42307e-5
0.0273594
0.0472386
-0.0471561
-0.0162334
-0.0057424
-0.0337019
-0.102428
-3.82054e-5
0.00667656
5.43185e-5
-0.00469028
2.55939e-5
-4.47994e-5
0.000231721
-0.000351729
-0.000644229
0.00129829
0.000316211
0.000140312
-0.000664045
0.000279274
-0.00258901
0.00482047
0.00377733
-0.00782253
-3.77185e-5
-9.16916e-5
0.000157831
0.000295934
0.00970718
-0.00505206
-8.50473e-7
-9.19218e-6
0.00351691
-0.00302669
-6.01077e-8
4.83648e-7
-1.62679e-7
-3.10045e-7
0.000913722
-0.000805139
-1.25687e-7
1.55014e-7
7.66797e-8
-1.84787e-7
-0.000314225
-8.30015e-6
-5.63543e-7
1.35251e-8
-8.44179e-8
-3.69722e-9
-4.85763e-5
2.71163e-5
2.2531e-5
2.48831e-6
2.36723e-6
-9.08452e-7
-5.46483e-6
1.0603e-6
-1.56378e-7
-1.03751e-6
4.1099e-6
2.37829e-6
7.2849e-6
2.67149e-6
3.40669e-6
-6.72327e-6
-1.22954e-5
-5.98043e-5
0.000186878
0.00018851
4.14946e-6
-7.7858e-6
-2.52705e-5
1.36796e-5
-0.000354422
0.000591092
0.000209948
-0.000151623
7.31876e-5
0.000189535
-0.00134337
-0.00685935
0.00184504
-0.00219092
-0.000186418
-0.00119096
0.000376819
-0.000299377
-0.00010035
4.97003e-5
0.00654395
-0.00586896
1.97174e-5
-1.78807e-5
-3.42253e-5
1.75714e-5
1.41809e-6
1.22461e-5
-3.15088e-5
1.25156e-5
-2.79523e-5
-2.34997e-6
3.41605e-7
1.49786e-5
-9.63849e-6
8.08649e-6
6.6842e-6
-1.06036e-6
1.05834e-6
6.17778e-6
-1.25122e-6
-2.78656e-6
4.29664e-7
-2.61827e-6
4.87561e-6
-3.5682e-6
3.28568e-7
-9.05481e-6
9.72053e-7
-8.22754e-8
4.83385e-8
-7.07632e-8
7.40493e-7
2.89462e-6
2.89452e-7
6.99389e-6
2.25085e-7
-3.31922e-8
1.61132e-8
1.57942e-6
-6.98602e-7
3.29514e-8
1.06546e-8
-1.15341e-7
-2.61189e-6
1.06723e-7
-2.02831e-7
-2.39832e-7
-1.35208e-7
3.79497e-7
-5.23543e-7
-3.05517e-7
6.78124e-7
4.71043e-7
-4.89018e-7
-2.91453e-7
6.68252e-7
6.53497e-7
-3.36358e-6
2.33608e-7
-2.53724e-7
1.19135e-5
-2.26265e-6
2.07947e-7
1.01281e-7
1.50476e-5
-0.000112343
-1.89492e-7
6.51696e-7
0.000806829
-0.000198826
-1.66559e-6
2.05984e-6
0.000705404
-0.000914407
1.7241e-8
2.23907e-6
-0.00252553
-0.00115222
-2.70813e-5
9.44285e-6
0.00866988
-1.21529e-5
-2.13478e-5
1.15103e-6
0.0347611
-0.0104501
-6.70482e-6
2.43901e-5
0.14593
-0.112437
3.34837e-6
-2.26476e-5
0.11595
-0.111178
0.0565371
3.04513e-6
1.26369e-6
0.0726606
-0.0313757
-8.70756e-6
0.00180488
8.42363e-6
0.011493
-1.04337e-5
2.54335e-5
-2.62392e-5
5.18479e-5
-0.0001128
-0.000108338
0.00027814
0.000998732
-0.000922039
-0.000910659
0.00509318
-0.000475984
0.00118413
0.000620234
-0.00162417
-0.000539444
-0.000813032
0.0015674
0.00193584
0.00154935
-0.00371553
-0.00102004
0.000949357
8.72234e-6
5.1185e-5
-5.14466e-5
-0.000223461
0.00210356
-0.0019845
0.0013828
7.7878e-7
0.00141151
-0.00113624
0.000941964
1.11758e-6
0.00029951
-0.000227848
0.000330629
2.20316e-9
-4.10755e-5
1.93818e-5
3.44469e-6
1.76053e-7
-2.40765e-6
4.11015e-7
1.44044e-6
-1.35954e-8
6.44292e-7
-2.14552e-6
-7.64278e-7
-2.04934e-7
-1.33691e-6
-2.89754e-6
9.87997e-6
1.03463e-5
-1.67005e-5
4.73458e-5
2.21337e-5
-6.89323e-6
-1.34838e-5
-1.51713e-5
-3.3877e-5
0.000114105
-6.96861e-6
6.37434e-5
-8.74e-5
5.1148e-5
-0.000139892
-0.000793895
0.00213902
0.00849019
-0.00669037
0.00349537
-0.00651938
-0.00212408
0.00436291
0.000452638
0.000422489
0.000643656
-0.000625683
0.000363525
7.15804e-6
-1.35101e-5
-1.96784e-6
4.59077e-7
1.08458e-5
-1.44328e-6
1.06473e-6
-4.81994e-6
1.94667e-6
-1.22056e-6
-1.42967e-6
5.90016e-7
5.49001e-7
-1.20264e-7
2.8136e-7
-1.81327e-6
-6.34553e-7
-1.81531e-6
-6.05052e-8
3.51252e-8
-9.11625e-8
2.20579e-7
-1.26414e-7
-1.53471e-7
2.78576e-8
-1.34356e-7
1.60298e-7
-2.63175e-7
5.20957e-8
-4.86124e-7
1.10217e-7
-1.4781e-8
-3.24209e-9
4.05006e-8
6.26699e-8
6.47243e-8
-3.60555e-6
7.51975e-7
7.08292e-10
-2.34243e-8
1.45087e-6
-3.51175e-7
7.08611e-7
-3.4078e-7
-1.33121e-8
2.94657e-8
-1.46956e-7
6.07421e-8
1.27969e-7
9.49102e-9
-1.14698e-7
1.82726e-7
-2.31023e-7
2.66865e-8
-1.38333e-7
4.05344e-8
-1.70778e-7
2.06068e-7
-4.85613e-7
2.73016e-8
7.56516e-7
-1.19157e-7
1.10862e-7
9.11231e-7
-6.77417e-6
4.33524e-8
-1.61623e-8
4.00621e-5
-8.42157e-6
-2.44721e-8
1.98412e-8
3.02788e-5
-7.76325e-5
-8.93204e-9
1.27513e-7
0.000138722
-5.46154e-5
-1.14668e-6
6.34274e-6
0.000345657
-0.00107408
1.00449e-8
-1.6457e-6
-5.09311e-7
-1.27962e-6
-0.00866377
-0.000540018
-0.00197302
0.000677366
0.00632939
8.28415e-6
1.65617e-6
0.00579704
1.2314e-6
5.05905e-8
-1.70134e-6
2.41035e-6
1.20335e-6
-2.75978e-6
5.81389e-6
9.69562e-6
-2.32867e-5
0.00623358
0.0118602
-0.00999013
-0.00232189
0.00186392
-0.0139695
-0.0245582
-1.15829e-5
3.88163e-5
-5.50876e-5
0.000170875
6.47063e-5
-0.000211492
-0.00394124
-0.00392443
0.008545
0.00662227
0.000210792
-0.000599575
-0.000237858
0.000553915
0.000235761
0.000798688
-0.000890917
-0.002421
-0.000937804
0.000707484
-3.31588e-7
-8.51137e-6
1.45225e-5
4.18841e-5
-0.000453175
0.000352619
-4.50972e-8
-5.53595e-6
-1.62744e-6
9.43372e-6
2.04587e-5
2.89717e-5
-1.95314e-7
1.49795e-7
1.14222e-7
1.35618e-6
5.67312e-5
-1.0985e-5
6.97872e-8
-1.98163e-7
-1.84515e-7
6.43175e-7
-2.68581e-6
1.1326e-6
-1.82331e-7
1.40209e-6
-1.7083e-7
3.61724e-9
6.06419e-7
5.80675e-7
6.79992e-6
-2.17048e-5
-9.3847e-6
2.95803e-6
-1.5189e-6
-8.67139e-7
2.31166e-6
5.00326e-6
-0.000113924
0.000237322
0.000169022
-6.50913e-5
-1.57993e-5
2.84042e-5
-0.0001155
-1.14147e-5
0.00022339
0.000439796
0.000433051
-0.000989069
0.000369067
-0.000314391
-5.26401e-5
0.000110535
-0.00127258
0.00300682
-0.00169527
0.000351612
0.000885615
-0.00115082
-2.52486e-6
5.28114e-7
-2.49868e-7
1.17699e-6
2.61776e-8
-3.14741e-8
8.89573e-8
-7.27298e-8
2.94918e-7
6.37101e-7
6.04372e-7
-1.25429e-7
6.90414e-7
2.33967e-8
-2.50856e-7
-1.63493e-7
3.76957e-8
-4.20885e-8
-2.15806e-7
6.69546e-8
9.44684e-8
3.6354e-8
1.44864e-8
-3.46152e-8
2.04996e-8
-5.62344e-8
-8.4803e-8
4.8403e-9
-1.00515e-8
1.0852e-8
-1.28884e-8
-1.01928e-8
8.54463e-10
-9.03698e-9
7.4039e-9
-3.77706e-8
8.25686e-9
-1.58395e-7
3.02762e-8
8.24364e-9
3.45858e-9
2.42957e-8
3.41595e-9
-2.55166e-9
-1.05732e-9
2.97956e-8
7.42355e-8
-3.20263e-8
4.16195e-8
1.72327e-8
-6.12172e-9
-4.96729e-8
5.38238e-8
2.14187e-8
-6.8316e-8
8.02471e-8
-4.60722e-7
-1.74764e-8
2.51629e-8
1.99476e-6
-3.3231e-7
-1.87875e-8
1.08402e-8
1.13286e-6
-3.43194e-6
7.08219e-9
1.42498e-9
1.08918e-5
-2.90219e-6
-3.37452e-8
1.32789e-7
1.42721e-5
-4.2223e-5
-7.12695e-9
-4.4354e-8
2.76644e-5
-4.28536e-5
4.53645e-7
5.59572e-7
-0.000482993
-1.96565e-6
-0.00326668
2.87628e-8
4.51835e-7
1.92185e-7
-4.65303e-7
-0.0204137
0.00916347
-0.0012115
0.00151992
1.18464e-7
-2.24199e-7
-0.0126869
-0.00870524
0.0487259
-1.18386e-7
5.35078e-7
-0.00664226
0.0351566
-0.0245452
-2.00946e-10
-3.72432e-7
0.0281691
-0.0631679
-0.000191409
2.3323e-7
-6.90378e-7
-0.035988
0.0725921
0.0224044
-6.31306e-8
5.48755e-7
0.0380876
-0.0521997
-2.97442e-7
8.07651e-7
-1.04827e-7
-3.85478e-6
1.54187e-5
4.1894e-6
-1.76653e-5
-0.0155747
-0.00785031
0.0239155
0.0053587
2.05476e-5
-6.82883e-5
-2.99959e-5
9.26307e-5
0.00285307
0.00632521
-0.0078692
-0.0142453
-0.000142036
0.000352022
9.91449e-5
-0.000109733
-5.69594e-5
-0.000174324
0.000162933
0.000664737
-0.000242048
0.000266709
-0.000164454
-2.45032e-5
-0.000126316
0.000137507
-0.000135654
-3.60092e-6
1.25845e-5
1.13574e-5
-1.90787e-5
-1.96699e-6
4.83958e-6
-1.38288e-7
-9.85429e-7
1.28075e-7
-4.03139e-6
1.58523e-5
-5.98301e-7
-1.21413e-6
-1.67997e-7
-5.94053e-8
3.11615e-7
9.751e-8
6.35964e-5
-0.000166496
-5.92092e-5
2.45836e-5
-6.4661e-7
-1.95917e-6
2.15267e-7
-2.80102e-5
-0.000414135
0.000588212
0.000787927
-0.000387401
6.22121e-5
-0.000237751
9.51884e-5
-8.20842e-5
0.000591136
-0.000427984
-0.00087146
0.00177191
-0.000127103
-0.00315905
0.00125493
0.00364245
-0.00171717
-0.00266056
0.00200594
-0.001498
0.000887743
-0.000347349
-3.21529e-7
9.79138e-8
-2.52352e-8
-7.08233e-8
-2.37275e-7
1.90263e-8
4.88206e-8
7.80392e-8
6.32679e-9
-5.12654e-9
2.6835e-8
-2.27381e-8
-3.43341e-8
-4.59256e-8
1.70679e-8
7.86967e-8
2.44766e-8
3.74257e-8
1.08029e-8
-3.8208e-9
2.23152e-9
3.22257e-9
1.26884e-9
-3.10476e-9
1.82861e-9
-2.02354e-9
4.26853e-9
2.89416e-10
-8.67298e-10
8.1144e-10
-1.99825e-9
-2.19539e-9
1.71047e-10
5.87556e-10
-7.63902e-9
2.27941e-9
3.2911e-8
9.96694e-11
-1.93935e-9
1.07415e-8
-2.66587e-8
2.95726e-9
-1.54581e-8
-8.11365e-9
1.00112e-8
8.01919e-9
9.37193e-9
1.37712e-10
-9.23654e-9
-1.42627e-8
1.87685e-8
-3.12816e-9
-6.04677e-8
2.65286e-8
1.14686e-7
-6.33904e-9
6.95338e-9
-1.26768e-9
-2.02674e-9
3.14409e-8
-1.56714e-7
-4.48633e-9
-9.53685e-9
5.40971e-7
-7.02118e-8
-7.58821e-9
8.74624e-9
5.88562e-7
-1.67799e-6
-4.68827e-9
-6.71668e-9
-4.24903e-6
4.77523e-6
5.75235e-10
5.1864e-8
-2.50661e-7
6.15082e-5
0.000385655
9.45837e-10
0.000885834
-0.000228682
-1.44815e-8
1.81999e-8
1.427e-5
5.74443e-5
-1.25117e-7
-9.63837e-8
0.00104304
-4.44823e-8
1.2374e-8
2.75956e-8
-7.76347e-8
5.57744e-8
1.54768e-7
-5.28068e-7
3.12392e-7
-7.40014e-7
2.14575e-6
0.0190092
-0.0238223
0.00611303
-0.028041
0.00813817
0.0686902
-7.41852e-7
2.07426e-6
-6.58629e-6
-1.5198e-6
8.54265e-6
0.0189342
0.0274384
-0.0375154
-0.0444815
-1.28652e-5
3.79844e-5
8.56543e-6
-5.58676e-7
-0.000424934
-0.00220317
0.000781795
0.00652211
-4.02748e-5
4.90795e-5
-4.82926e-6
-5.85922e-6
0.000118376
-0.000329869
-0.000106084
0.000104716
-7.71871e-5
-4.10191e-6
2.83977e-5
-6.79198e-5
-4.30984e-5
5.04109e-5
-5.29161e-5
-2.41092e-6
1.47341e-5
-3.31588e-5
6.21843e-6
2.99346e-6
-2.71042e-6
6.56806e-7
9.15759e-6
-1.75589e-5
4.07689e-7
-6.2412e-7
2.46581e-8
5.00885e-8
-3.83559e-5
0.000105186
1.09386e-5
-1.44817e-5
2.88368e-8
-1.41728e-6
7.1046e-7
-4.85938e-7
0.000400727
-0.00104459
-0.000108927
0.000111409
2.22208e-5
-6.05571e-6
-1.54101e-5
-7.13535e-6
1.1319e-5
8.5325e-5
0.000145014
0.000734759
-0.0015575
0.00164204
-0.000538358
-0.00132598
-0.000389776
0.00130725
-0.00299179
0.00451847
-0.00472836
0.00347756
8.04875e-8
1.94728e-9
-1.3205e-8
-2.53567e-8
-1.27069e-8
-8.49887e-11
8.4653e-9
-2.05375e-8
-1.01123e-8
-4.95798e-9
-2.48825e-8
-1.4753e-9
-1.57826e-8
4.76022e-9
7.61408e-9
7.02824e-9
2.08216e-9
-3.15663e-9
2.87965e-9
-2.23657e-9
1.29942e-9
-5.92207e-10
-4.84871e-9
1.34485e-9
4.46961e-9
-3.34566e-10
2.16958e-9
5.8809e-10
-7.04422e-11
-4.50399e-11
4.96583e-10
-7.62887e-10
-3.21292e-10
2.04286e-10
-4.89011e-10
-2.63765e-10
7.17575e-11
-1.92691e-10
-3.15188e-10
3.76445e-11
-8.03235e-10
3.12616e-9
-2.76511e-9
1.14982e-9
5.14097e-9
-1.78379e-9
2.18049e-9
2.60541e-9
2.99556e-9
-1.99265e-9
-1.04412e-8
-3.82236e-9
5.59973e-9
-1.7712e-9
-5.69911e-9
5.92723e-9
-2.42086e-10
-2.01005e-9
2.44049e-9
5.22697e-10
-2.04106e-8
4.68682e-9
3.69584e-8
-4.54193e-9
-2.21528e-8
1.96496e-8
-1.884e-8
1.48001e-8
-1.3119e-8
-2.01958e-7
1.23076e-7
-1.03638e-8
-3.44889e-8
2.32635e-8
-1.94339e-8
-2.83147e-9
-2.59377e-6
-3.65334e-5
2.00753e-9
-0.000173077
1.5121e-5
-5.93944e-9
1.40914e-11
0.000184854
-0.000149097
4.30936e-9
-1.35334e-8
4.76288e-8
-0.000533143
-0.00285604
-1.17032e-8
2.03384e-8
-0.0056945
0.0077825
-2.22661e-9
3.20508e-9
-0.0296763
0.0233514
2.18558e-9
-1.09895e-8
0.070141
-0.0580929
-5.12232e-10
1.424e-8
-0.105598
0.0913598
-1.02126e-8
1.23187e-8
0.0987819
-0.0961598
2.89578e-8
-6.12823e-8
-0.0582236
-7.51778e-8
-1.68932e-7
3.38043e-7
-6.82024e-8
2.30379e-7
-6.859e-7
-0.0809555
-0.0568785
0.0577021
0.0599251
0.096325
0.0290196
-1.63193e-7
5.01338e-7
1.99791e-7
-1.1977e-6
2.57962e-6
1.17813e-6
-0.000255013
-0.0202321
0.0405126
-4.50598e-6
5.29859e-6
3.50217e-6
5.47814e-5
0.00105693
-0.00263022
-2.05428e-5
2.13945e-5
-8.7969e-7
-6.29639e-6
0.000214829
-0.000632771
-4.30234e-5
4.34453e-5
-3.23794e-5
-2.50032e-6
8.896e-5
-0.000221961
-1.5066e-5
1.86645e-5
-2.00668e-5
-6.98317e-7
4.31957e-5
-9.11436e-5
3.343e-6
1.35081e-6
-1.95837e-6
2.69829e-7
3.85292e-5
-5.89364e-5
7.13816e-7
4.32671e-6
-9.70247e-6
2.60568e-6
1.05851e-6
-1.18242e-7
-0.000234689
0.000221756
-8.76156e-5
6.3809e-6
-9.05325e-6
-5.44978e-6
2.2997e-5
-1.29052e-6
2.02237e-5
-0.00216414
0.00257196
0.0014387
-0.00136902
0.00193381
0.000572376
-0.00018538
0.000111072
-0.000336332
0.000530623
0.00119092
-0.00156119
-0.00272638
0.00337127
0.00389352
-0.00478697
-0.00272622
0.00441329
0.000575083
-0.00267678
0.00117613
2.76e-9
1.0988e-8
-4.52092e-10
-2.82611e-9
-2.8325e-9
-1.75314e-9
3.43524e-10
4.70024e-10
-1.12569e-9
5.03663e-10
-6.91283e-10
-7.655e-10
-3.43033e-10
-4.02603e-9
9.14052e-10
-3.91075e-10
1.07418e-9
7.91554e-10
3.23234e-10
-2.49446e-10
-3.60203e-11
2.79496e-10
-2.02359e-12
-1.20667e-10
1.15067e-10
1.45284e-10
1.89521e-10
1.35896e-10
1.23839e-10
2.29795e-10
-1.60578e-11
3.00965e-11
2.943e-11
5.63417e-11
-6.70467e-10
-1.37353e-10
6.50163e-10
-1.13291e-10
-1.5047e-10
1.19065e-10
3.56118e-12
-5.14276e-10
9.61112e-10
-1.37214e-10
3.88314e-10
7.54167e-10
1.31879e-9
-9.09884e-10
-3.38139e-9
-6.89302e-10
1.55602e-9
-7.1233e-10
1.76264e-9
2.61558e-9
-7.277e-9
-1.60427e-10
1.20755e-9
1.02365e-9
1.07733e-8
1.5275e-8
5.07161e-9
-3.11826e-9
-2.09612e-8
2.4693e-8
-2.23658e-8
2.68748e-8
-5.34923e-9
-2.74346e-8
6.71741e-8
-8.01609e-8
1.99268e-7
-1.04187e-8
-4.75346e-8
4.94224e-8
-4.587e-8
3.8946e-8
1.18623e-6
-9.92166e-7
1.03875e-5
-4.51006e-6
9.12862e-6
-5.70037e-9
-3.85108e-10
2.58885e-9
-5.22101e-10
-3.39284e-10
7.08831e-5
0.00122334
-2.07809e-9
6.7578e-9
0.00326013
-0.00280753
7.67597e-10
0.0098372
-0.00629794
-3.55192e-10
-4.5389e-10
6.82783e-12
4.83265e-11
-0.0356127
0.0440799
-0.0211509
0.0305919
2.15391e-10
-6.36323e-10
0.0619046
-0.06327
-0.0682435
-6.89519e-10
3.06748e-9
-0.0773854
0.0782986
0.104847
1.04803e-9
-4.70701e-9
0.0538136
-0.054518
-0.0811674
-1.52187e-9
7.17221e-9
-7.92587e-9
0.0131649
0.0268891
-2.16708e-8
6.72313e-8
-0.0726736
3.41606e-8
1.96074e-8
-3.13491e-8
9.14064e-8
-1.44991e-7
-1.43724e-7
0.0245901
0.0826662
-0.0547674
-0.0231053
-0.122313
-8.53393e-8
2.42845e-7
-7.70066e-7
1.32281e-6
5.85007e-7
-0.00178522
-0.00395381
0.00759508
0.00226626
0.0151304
-2.39914e-6
2.3229e-6
1.79615e-6
0.000179617
0.00022773
-0.00118215
-8.55294e-6
8.3089e-6
-5.29109e-7
7.59961e-5
5.78788e-5
-0.000207634
-1.8759e-5
2.28619e-5
-1.45521e-5
3.53096e-5
2.55517e-5
-9.14345e-5
-8.95933e-6
2.52279e-5
-2.13664e-5
2.6376e-5
2.26048e-5
-4.74358e-5
2.05578e-5
-6.13291e-6
-5.07759e-6
-6.47136e-5
4.47651e-5
-0.000149812
-0.000170234
0.000137624
-5.16817e-5
5.81121e-5
-5.47733e-5
1.29114e-5
-7.00228e-6
0.000228038
-0.000111954
2.08096e-5
0.00120722
-0.00116904
0.00036805
-0.000434685
-0.000153064
0.00029468
-0.000204092
8.19553e-5
-3.48113e-5
0.00103155
-0.000818243
-0.00036732
-9.48012e-5
0.00150884
0.000373393
-0.00202188
6.85787e-5
0.000335417
0.00102923
-0.00292903
0.00179921
0.00343414
-0.00353145
-0.00241244
8.95323e-10
1.33855e-9
5.59685e-10
-3.51674e-11
-4.18327e-10
-4.35797e-10
-3.71012e-10
-1.89734e-10
2.37626e-11
-7.66076e-11
2.57147e-11
-4.19072e-10
-1.29007e-11
-1.05637e-10
-3.69702e-10
1.65204e-10
-1.18335e-9
2.04998e-11
-1.95974e-11
2.62636e-11
-1.3594e-11
1.43164e-11
6.10584e-12
2.68728e-10
1.49156e-10
3.95222e-10
3.66667e-10
1.39597e-9
-5.65755e-11
-1.64367e-11
-3.22448e-11
-1.61031e-10
4.06692e-10
-8.56168e-10
-2.67369e-10
-1.64092e-9
-3.11467e-10
-2.58057e-11
4.98759e-10
-1.60558e-10
1.09798e-9
2.08662e-9
7.70144e-10
-7.07808e-10
-3.93687e-9
-5.68069e-9
-8.18865e-9
9.95465e-10
4.80554e-10
-1.32139e-9
3.64339e-9
2.11907e-8
-8.55589e-8
4.96252e-9
-8.20576e-9
1.69448e-8
-1.55092e-8
2.52319e-8
2.33681e-7
1.94167e-7
1.24964e-7
-3.63404e-7
-2.58238e-8
-9.59623e-10
-3.374e-8
4.88863e-8
-4.51206e-8
5.34375e-8
2.82686e-7
8.68684e-7
3.05358e-6
-1.36713e-6
-7.30108e-6
-4.78272e-9
-1.39807e-10
2.66865e-9
-8.46001e-10
3.53286e-10
-5.4875e-5
5.30217e-5
-0.000250009
0.000209039
-4.22785e-10
9.52483e-10
-0.00109711
-0.000904238
0.00422045
1.84528e-9
-4.78216e-10
5.81472e-10
-2.25311e-11
0.00449086
-9.31201e-11
1.5708e-10
-2.05433e-10
4.11415e-10
2.05164e-10
-1.04723e-9
3.20848e-9
1.59919e-9
-6.5063e-9
0.0331877
-0.0130953
-0.0385415
-0.070801
0.0612896
0.0911751
-2.18622e-9
0.0797176
9.04656e-9
-2.71182e-9
-3.39487e-9
2.38262e-8
-2.09401e-9
0.0114173
0.0162104
-0.0434532
-0.0135499
-0.0452447
-8.33062e-8
6.97287e-8
-4.70592e-7
7.30967e-7
3.58513e-7
-0.00115609
0.00055145
0.0030638
0.000960943
0.00335247
-1.23057e-6
1.3986e-6
6.96192e-8
0.000122269
-0.000149808
-8.35664e-6
-3.84144e-6
7.41e-6
-1.57924e-6
4.55802e-5
-3.17054e-5
1.19558e-5
-2.07076e-5
4.47621e-5
-3.97825e-5
2.87514e-5
-9.68949e-6
-9.03381e-8
2.72352e-5
-5.30587e-5
7.0704e-5
-0.000248298
0.000222648
-0.000111075
-3.81394e-5
2.91566e-5
-4.233e-6
-2.63888e-6
-0.000180942
0.000195729
-0.000332499
0.000957494
-0.000589585
0.00075126
0.00058622
-0.000424641
0.000104025
-0.000128056
0.000947137
-0.000398408
-0.000565394
0.00064577
-0.000971953
0.00255795
-0.00187083
-5.84568e-5
0.00293144
-0.0028448
0.00254003
-0.00360024
-0.00118779
0.00171886
0.00150625
-0.000991202
0.000546717
-0.00131868
1.8362e-10
2.65875e-10
1.06715e-10
3.41595e-11
-9.07529e-10
4.17608e-9
-7.22154e-11
6.77845e-10
-5.74771e-10
-6.93748e-11
-4.77782e-11
6.59658e-12
1.70301e-12
-3.27531e-11
-3.71177e-11
-8.07495e-10
3.81006e-9
-4.63122e-9
-1.74111e-9
-3.99737e-9
-1.70199e-8
1.07411e-11
-5.30546e-13
1.02954e-10
1.43416e-10
-1.31655e-11
3.1491e-10
4.13589e-9
1.4394e-8
-9.23751e-10
1.3844e-8
-1.40798e-8
-1.02863e-9
8.34161e-10
-1.23116e-9
-9.73777e-10
1.78262e-10
-1.16396e-8
-3.49068e-9
-5.0156e-9
-1.2693e-8
4.18135e-9
2.54469e-8
-1.75026e-8
-1.62344e-9
3.37913e-8
-3.04562e-9
-7.37734e-9
-1.34134e-7
-4.35219e-8
4.27413e-8
-7.05165e-9
1.86514e-9
8.34281e-9
-1.18173e-7
-1.02379e-6
-7.71893e-7
-2.29233e-7
3.83953e-6
-1.96113e-8
-8.00806e-9
2.11927e-8
-1.7267e-8
3.71529e-8
-3.88708e-6
-2.42402e-5
3.07139e-7
-1.22833e-5
1.85014e-5
-6.12073e-10
1.38391e-9
1.1261e-9
7.08199e-10
2.53579e-10
4.00089e-5
-0.000295654
-0.000252525
-4.68977e-7
-1.24722e-9
-6.2983e-11
0.000249931
0.000730536
-0.00202915
-9.52779e-9
-1.51049e-9
1.78156e-10
-6.48612e-11
1.31219e-10
0.0196985
-0.048068
-0.0224935
0.00244023
-2.46361e-10
1.38006e-11
-0.0278991
0.0495094
5.46134e-11
-5.14412e-11
0.0449423
-0.067627
-1.2258e-10
-0.0389139
-2.93081e-11
5.62488e-11
-2.29572e-10
3.58296e-10
1.47372e-10
-1.87297e-9
0.0123367
0.000171155
-0.0119293
-0.0315226
0.0220965
0.0396708
-3.1581e-10
0.0255436
-4.05108e-9
9.35484e-9
-8.15137e-9
2.19871e-8
8.59736e-9
0.00269813
0.000714383
-0.00998036
-0.00227055
-0.0101391
-8.67067e-9
-2.30657e-8
-7.22373e-8
5.20405e-7
-4.36328e-7
-0.000196667
0.000488696
0.000273818
5.59795e-5
-9.801e-5
1.60734e-6
-3.91414e-6
1.98148e-6
-2.55713e-5
3.49339e-5
9.22435e-6
-1.58314e-5
2.34843e-6
-5.93255e-7
-1.01539e-6
8.86576e-6
-0.000117935
0.00028727
-0.000566422
0.00034178
-4.26158e-5
5.28851e-6
-2.44316e-6
1.34128e-6
-7.08821e-6
-0.000377833
0.000731788
-0.00123191
0.0020015
-0.00148271
0.000330585
6.41423e-5
-2.6175e-5
8.19666e-7
4.08017e-5
0.00165714
-0.00106247
-0.00125033
0.00157638
-0.00145196
0.00264707
-0.00252913
0.00108603
0.00148002
-0.00104997
0.000914709
-0.00152905
-0.000264481
0.000429079
0.00217756
-0.00214381
-0.001278
0.00150895
0.000810059
-0.00119704
-0.000481551
0.000640526
2.31241e-9
2.10228e-10
1.15627e-10
8.66077e-12
-2.36294e-8
3.47947e-8
-7.09028e-9
2.35164e-8
-3.73587e-8
-1.33346e-9
-4.3176e-10
-1.48233e-10
1.84111e-11
-3.96094e-11
-5.8988e-11
-6.16976e-10
-4.37018e-8
7.01407e-8
-1.1832e-7
2.70931e-7
-5.30286e-8
8.30646e-10
-4.88524e-10
-1.74308e-10
1.53428e-9
-3.4456e-9
6.4628e-9
4.19561e-8
2.61932e-8
3.043e-8
9.26132e-8
-1.1843e-7
3.82963e-9
8.38367e-9
-3.70579e-9
3.67359e-8
-2.65914e-8
2.19561e-8
2.24687e-8
-1.84062e-7
-1.33638e-7
-1.13789e-7
3.04406e-8
2.86767e-7
4.59288e-7
4.08186e-8
2.22175e-8
-1.15558e-7
-1.52278e-7
-4.5931e-7
-8.07561e-7
7.68154e-8
2.05668e-6
-2.01233e-7
-1.6397e-8
2.1312e-6
-5.74429e-6
-9.4898e-6
1.09148e-7
-1.41963e-8
-4.4498e-9
6.29933e-5
3.51559e-5
7.18071e-5
-0.000105258
1.04283e-7
-0.000160507
-3.32128e-8
1.92006e-8
-4.96104e-9
0.000783376
-0.00226204
0.000438772
-0.000354584
-3.4427e-8
1.7594e-8
-0.00123529
-0.000729226
-1.83653e-8
0.00516581
1.24328e-8
-4.2902e-9
1.20464e-9
0.0837942
-0.0814942
0.0175688
-0.0385549
-5.46551e-10
-9.58272e-12
0.00384431
0.00850949
-8.80208e-11
2.28138e-11
0.0109553
-0.0241878
4.26044e-11
-0.013258
-2.5812e-10
2.17852e-10
1.2036e-9
-3.73343e-9
8.59759e-10
0.00624673
0.000870649
-0.00457276
-0.0125594
0.00789447
0.0140763
5.16553e-9
0.00522952
-2.08601e-8
-1.0651e-8
4.50573e-8
5.53488e-8
0.000516443
-0.000935636
-0.000741262
-7.80321e-5
-0.00122865
-3.20132e-7
3.2415e-7
1.29667e-6
-1.19222e-6
-1.70402e-6
9.5651e-6
-4.1785e-5
8.53461e-5
-4.71178e-6
3.86055e-6
1.51537e-5
-1.23399e-5
7.46904e-8
-6.56317e-6
5.00628e-6
4.74389e-7
-4.30275e-5
3.60203e-5
0.000108085
-9.79049e-5
-1.96631e-7
3.94072e-7
-3.84e-7
-5.10636e-7
-0.000241073
0.000448939
-5.06649e-7
3.98262e-7
-1.38719e-7
-0.0006783
0.000768944
0.000890311
-0.00109908
5.13571e-5
-5.0405e-6
1.0725e-5
-3.48542e-6
7.01669e-6
0.000889502
-0.00185442
-0.000345595
0.00163801
-0.000183337
-0.00104297
0.00015729
0.000763779
-0.000701972
0.000489314
-0.000566009
-3.76699e-5
2.7905e-5
5.41965e-5
-0.0015414
0.00115524
0.00027112
-0.00205116
0.000446433
0.00147685
-0.000759032
6.91469e-9
1.9632e-9
7.79543e-10
8.3523e-11
-7.57032e-8
2.10257e-7
1.86105e-7
4.95874e-10
-8.47636e-9
-3.81069e-9
-9.63558e-10
4.67554e-10
7.6449e-10
-2.5329e-9
-2.76981e-9
-4.50633e-7
-1.83772e-7
-1.03448e-6
-5.0715e-7
7.65674e-7
-3.83241e-9
-1.47274e-7
1.48126e-8
1.94624e-8
4.68478e-9
1.96925e-9
-2.64034e-9
1.11324e-9
5.37799e-9
-9.09369e-9
-1.52164e-8
-2.317e-8
8.94076e-7
8.15574e-7
2.52073e-6
2.77262e-6
-1.78919e-6
3.39325e-8
3.51878e-8
1.58136e-8
5.87116e-8
1.04082e-7
6.91484e-7
6.54477e-7
-4.80442e-6
-3.71065e-6
-3.46676e-7
3.37425e-7
9.78436e-7
2.79106e-6
9.47821e-7
7.47861e-7
-3.71655e-6
-3.74827e-6
-1.10314e-6
-3.24483e-6
-4.94211e-6
2.54444e-7
-4.17039e-7
-2.64598e-7
-5.12935e-6
-9.92308e-7
4.01692e-5
-7.87453e-5
-0.000163705
-0.000246268
2.6771e-6
1.16063e-6
-3.86583e-7
0.000513921
-0.000672352
0.000947139
-0.00134563
3.13859e-8
6.02367e-10
6.77329e-8
0.00285902
0.00440388
3.8831e-7
-3.44205e-7
1.12425e-7
-0.00544857
0.00473252
-0.0117309
0.0100302
-1.16571e-7
-7.33582e-10
-0.0159334
0.0411683
4.37628e-9
1.6927e-8
-6.10883e-9
0.00493104
-0.000516547
0.0225867
8.00724e-10
1.12436e-8
-7.8777e-10
-0.00119975
-0.00121085
-0.00224195
5.6284e-11
-1.71699e-9
1.91939e-11
-0.000598544
0.00420676
-0.00844419
2.0417e-9
-3.3055e-10
-0.00103579
-0.00228719
-1.68966e-10
-9.28537e-10
0.00777008
-0.00905109
-7.47064e-9
9.81225e-9
-0.00311837
0.00930374
-2.32505e-8
3.6698e-8
7.37586e-8
-8.90584e-8
-1.9012e-7
-1.6226e-7
-0.000350022
0.00069128
0.000286
0.000277467
0.00034116
-0.000475676
3.72739e-7
8.72005e-7
-1.25692e-6
-2.66984e-6
4.20902e-6
7.24112e-6
-5.63827e-5
-1.83616e-6
-8.73653e-5
6.8256e-6
-1.24413e-5
-1.46196e-5
3.20605e-5
6.99294e-7
-6.89439e-7
1.11651e-6
-4.75738e-6
2.46537e-5
-7.1668e-5
-2.51375e-5
0.000136372
3.89172e-7
8.44878e-7
-1.32569e-7
-3.79118e-6
-1.58978e-5
-0.000213395
0.000165546
0.000252133
1.40317e-6
1.81958e-7
2.04376e-7
-1.22057e-6
-0.000567477
-0.000159958
0.00101266
-8.10315e-5
-0.00163237
0.000629879
3.13147e-5
7.99003e-6
-1.63337e-5
-2.31016e-5
3.10116e-6
-5.88423e-6
0.00270671
-0.00152512
-0.0034538
0.00240897
0.00355784
-0.00329995
0.00189
-0.0025058
0.0025206
-0.00204754
0.00114339
-0.00144756
0.00180051
-0.00015049
0.000311051
-0.000794669
-0.000354728
0.000563558
-2.61679e-6
-0.000169397
1.2774e-6
-3.29786e-6
1.27724e-7
-8.11511e-8
-2.512e-8
-1.0921e-8
-2.05089e-9
6.99624e-9
-9.78278e-9
-1.42856e-5
-9.78805e-6
9.30964e-6
-1.28637e-6
-2.54952e-6
1.15695e-5
7.90987e-8
2.10127e-7
-4.00438e-9
5.90973e-8
-3.06698e-8
1.58294e-9
-2.83745e-8
-7.72785e-8
-1.48374e-7
2.13395e-5
2.00333e-5
-2.8473e-5
3.51877e-5
-3.87363e-5
2.0337e-7
-3.62786e-8
4.83055e-8
2.01535e-7
-9.02621e-8
1.94634e-5
1.86051e-5
-9.92163e-5
-9.32455e-5
-1.73477e-6
1.99924e-6
8.0744e-6
1.92679e-5
2.15717e-5
2.0663e-5
-9.60837e-5
-9.1699e-5
-2.92658e-5
2.36552e-5
9.91162e-5
0.00024837
-9.71521e-6
-1.00719e-5
-0.000108715
-2.99462e-5
-0.000282281
0.000236824
0.000623684
0.00166469
2.75951e-5
-2.3021e-5
6.39495e-6
-0.00181205
0.000997149
-0.00291692
0.00275145
-2.01513e-6
1.10779e-6
1.10419e-5
-0.00343746
-0.00758018
-2.75368e-6
-1.12961e-6
9.18599e-8
0.00555642
-0.00344662
0.00911543
-0.00641031
4.53777e-8
-6.95689e-8
0.00464517
-0.00501295
2.00586e-7
-3.05841e-9
-0.00296663
0.00248846
-9.01502e-8
1.68346e-9
0.00193287
-0.00124688
5.98114e-8
-8.53561e-9
-0.00179185
0.00225063
-1.14945e-8
7.0483e-9
0.00236077
-0.00486402
-5.16167e-9
7.55569e-8
-4.3087e-8
-1.82456e-7
9.8409e-8
2.75262e-7
-4.032e-5
-9.4282e-5
-0.00016896
-0.000125357
-0.00135588
0.000310366
-5.92087e-7
-4.58959e-7
1.18499e-6
-1.34503e-6
-1.58984e-6
-1.07015e-6
2.9303e-5
1.80382e-5
3.29974e-5
5.67013e-6
3.12827e-7
-1.83472e-5
9.07571e-6
1.29684e-5
4.74634e-6
-1.29432e-6
-1.55039e-5
5.77024e-5
-4.59634e-5
-0.000143557
0.000147941
4.00525e-6
1.29714e-5
-2.00267e-6
-7.50232e-5
0.000372282
-0.00032635
-0.000545679
0.000960508
-2.41467e-7
6.82988e-6
-1.65446e-6
-2.334e-5
0.000917108
-0.00141002
-0.00119338
0.00165498
0.00176671
-0.00276527
-2.62665e-6
-8.68174e-5
1.24871e-5
0.000114931
-1.56818e-5
2.92776e-5
-0.00209726
0.00326018
0.0015049
-0.00288132
-0.000509692
0.00175606
-0.00033593
-0.000583735
0.000543629
-3.55587e-5
-0.00036677
0.000265915
3.4685e-6
-2.04133e-6
5.11948e-7
-4.27648e-7
4.50015e-8
5.81867e-8
-4.73563e-5
0.000106423
2.80749e-5
1.25773e-5
-2.2391e-6
4.9844e-7
1.06633e-6
-4.50273e-7
-9.14946e-8
8.11905e-8
-9.04927e-7
0.000355471
0.000391273
-0.000447609
-2.80495e-5
0.000135616
-0.000506366
-7.81977e-6
7.40356e-6
-5.69563e-6
-1.02463e-6
1.61746e-6
-1.17307e-7
6.01076e-7
1.34021e-6
-7.62229e-6
0.000467891
0.000422065
0.00142621
-0.00174753
0.0025167
-1.96397e-5
1.726e-5
4.19998e-6
-1.44383e-5
-8.84846e-5
0.000442795
0.00035427
-0.0024125
0.00252554
0.000104107
-0.000122701
-0.000203726
-0.000708503
2.2447e-5
-0.00179238
0.00145039
-0.000444572
0.000665689
-0.000505952
0.000704444
-0.00119129
-0.00189216
0.000102324
-4.76637e-5
-0.000522132
0.00148981
0.00336326
3.67516e-6
0.000140768
-2.62948e-5
1.17765e-5
-0.00325039
0.00238152
-0.0036616
0.00422504
0.0047926
-2.07364e-6
-5.33349e-6
-1.72946e-6
-0.0038685
0.00369731
-0.00413468
6.06802e-7
4.67556e-6
-2.47851e-7
0.00344913
-0.00306034
0.00302603
-1.58561e-7
-1.3664e-6
5.09852e-7
-0.0031727
0.00228867
-0.00216097
-8.75304e-8
-1.08482e-6
9.71675e-8
0.00130857
-0.00131393
0.00178715
-8.34646e-8
-1.00658e-7
-0.000425639
0.000587554
3.09408e-7
4.36919e-5
4.68689e-7
2.61356e-7
-1.35018e-6
-2.98787e-6
5.14821e-6
2.15569e-6
-0.000118268
-7.13191e-5
1.60818e-5
0.000139147
0.000679438
-3.56298e-5
-6.18735e-6
-1.21786e-5
1.32276e-5
3.47494e-5
-4.93301e-5
0.000243573
-3.53288e-5
-2.02224e-5
-0.000486302
-5.77662e-5
8.7854e-5
0.000147784
-0.000233737
-1.88435e-5
0.000235572
-1.96506e-5
-0.0010221
-0.000120263
0.000339174
-0.000350766
-0.000264387
-0.000234982
0.000364214
0.000105501
-0.0001121
-7.1425e-5
-7.06375e-6
0.000888374
-0.000529153
0.000143326
-1.716e-5
-0.00146348
0.000555415
0.000410866
0.00307887
-0.00161168
0.000165061
-0.00426381
0.00265322
-0.000976575
0.00748618
-0.00364944
0.00152923
-0.00243469
0.00151456
-0.000901869
0.00102886
-0.000559331
0.000366641
0.000117147
-6.04875e-6
-1.7041e-5
2.43076e-5
-7.17017e-6
-1.80592e-6
-0.00287099
0.00154864
-1.8935e-5
-0.000334527
-0.00146992
4.75916e-5
-6.52731e-5
1.94005e-5
-3.80047e-5
-1.76417e-5
5.30166e-5
-0.00620638
-0.000753457
-0.00565568
0.00823888
0.00271457
-0.000391321
0.000482303
-0.000216207
0.000103559
7.04537e-5
-7.25042e-5
8.88352e-5
2.66458e-5
-7.60291e-5
0.000273572
-0.0028857
-0.00358899
-0.00355753
0.00829098
-0.00673391
0.00902663
-0.00696038
-0.000105772
0.000332962
-8.53657e-5
8.04685e-5
0.000140091
-0.000447214
0.000848869
-0.00576871
-0.000751023
0.0015771
0.00972373
-0.00701785
-0.000212778
4.24799e-5
0.000371223
0.00109162
-0.00152103
0.000104255
-0.00150864
0.00918519
-0.00687793
0.00271621
-0.00107081
0.00060244
-0.00137456
0.00161401
0.00223335
-0.00341049
-0.000237004
-1.29947e-5
-8.70246e-6
-9.58064e-5
-0.00176404
-0.00371346
0.00380971
-8.1174e-6
0.000284533
-0.000208713
2.97477e-5
0.00382513
-0.00279484
0.00492683
-0.00422915
-0.00377134
6.54726e-6
2.80254e-5
-2.11491e-5
0.00437923
-0.00602485
0.00525127
1.69286e-6
1.6566e-5
0.000108745
-0.00174503
-3.36939e-6
-5.86662e-5
-1.40406e-5
6.38749e-6
-1.0093e-5
7.70707e-5
-1.39352e-5
-0.000523313
0.000876618
-0.000401009
0.000671475
-0.00371735
0.000389954
-0.000295929
2.0974e-6
5.47336e-6
-0.00165826
0.000809146
3.78906e-8
-0.000249268
2.30448e-5
-1.35572e-5
0.000483878
-0.000310945
-0.000763563
-0.000544681
0.00265302
-0.00252662
-0.000979143
0.00098405
0.00010093
-0.00107733
0.000561084
-0.000306334
0.00154054
-0.00177374
-0.00110792
-0.000739724
0.00293843
-0.00170483
0.000281226
0.000984745
0.00121656
-0.00257947
0.00276955
-0.00186215
0.00383928
-0.00283289
0.00250081
-0.0054022
0.00616566
0.00159751
0.000126654
-0.00114388
1.31052e-5
-0.00119424
0.000991152
-9.15419e-5
0.00119212
-0.000628898
-0.00489943
0.00856511
-0.00695391
0.00718807
-0.0071008
0.0073293
-0.00926909
0.000379557
-0.000317995
0.00389739
-0.000746207
-0.000363868
0.00064951
-0.000781719
0.000344625
0.00293824
-0.00158254
0.000129694
0.000915025
-0.00150813
0.00165965
-0.00102138
2.44237e-5
0.00401863
-0.00167077
0.000437638
0.000798611
-0.00196065
0.00269889
-0.00263725
0.00178791
-0.000472742
-0.000976551
-0.000925487
0.000398804
0.000534957
-0.00180903
0.00307753
-0.00375749
0.00344765
-0.00222038
0.000578043
0.00150413
0.000177928
2.33144e-5
0.000298609
-0.00117926
0.00246127
-0.00365625
0.00414547
-0.00363544
0.00238327
-0.000759892
-0.00106736
0.004411
0.000113256
-0.000457979
0.00123519
-0.00232191
0.00326893
-0.00357626
0.0031054
-0.00221171
0.00125037
0.000124188
-6.44155e-6
0.000170124
-0.00062414
0.00134418
-0.0020017
0.00228088
-0.00202503
0.00170072
-0.00182141
0.00173879
0.000305507
-0.000382928
8.43672e-5
0.000330694
-0.000801127
0.000712003
-0.000686719
0.000650553
0.00124019
-0.00159462
0.00148113
-0.000369851
0.000496358
0.000226461
-0.00319612
0.00146632
