-9.29714e-5
0.000537888
-0.000762702
0.0001077
-0.000633063
0.000734097
-0.000923983
0.00112403
0.0003983
-0.000655113
4.53946e-5
0.000699411
0.000288328
-0.000109577
-0.000422489
-0.00022927
0.000240042
-0.000278368
0.000650077
-0.000213803
-0.000230491
-0.000910238
0.000264526
-0.000139134
0.000235113
0.000749011
-0.000449031
0.000381776
3.54306e-5
-0.000361468
-1.34781e-5
0.000145238
0.000324519
-0.00019165
-5.06794e-5
-0.00017026
8.59535e-5
2.28528e-5
-2.59504e-5
-0.000175212
0.00026019
-0.000156237
1.19693e-5
0.000501821
9.2627e-5
-0.000409834
0.000540821
-0.000673811
0.000737886
-0.000700234
7.20103e-5
0.000448012
-1.78284e-5
-0.000204415
1.54718e-5
1.29569e-5
-1.99732e-6
0.000211046
-0.000446299
3.1466e-5
-0.000118979
0.000724591
0.000356768
-0.000569783
0.000181455
0.000176844
-0.000506112
0.000796212
-0.00094688
0.000875019
-0.000636701
9.84185e-5
0.000317919
-4.41113e-5
-0.00015348
-6.5834e-7
7.24266e-5
-2.27171e-6
1.02824e-5
-0.000510632
0.000489038
-0.000361821
7.05327e-5
0.000319259
-0.000689158
0.000879827
-0.000818154
0.000568943
-0.000297991
0.000119274
-3.48247e-5
-0.00144772
0.00157833
-0.000319804
0.00138447
-0.0019639
0.00019253
0.000940398
-0.000867298
0.000682127
-0.000405284
6.33656e-6
0.000385718
-0.000600693
0.0005805
-0.000415102
0.000238665
-5.11298e-5
-0.000100671
2.43155e-5
7.92835e-5
7.85308e-6
-2.32036e-5
3.09322e-8
-8.61361e-6
-0.00124925
0.00126222
-0.00110574
0.000911931
-0.000870699
0.000682189
-0.000319939
-5.15032e-5
0.000275661
-0.000312686
0.000237744
-0.0001429
6.8388e-5
-5.48076e-5
2.3009e-5
-5.09515e-7
0.000610705
0.000813325
-0.000769706
0.000904965
-0.000757712
0.000464111
-0.000152211
-5.08352e-5
0.000121586
-0.000122112
0.00013496
-0.000134034
2.26414e-5
4.45502e-6
-2.30172e-6
-0.000673969
0.00036874
0.000448595
-0.00050621
0.000558691
-0.000593212
0.000613837
-0.000396814
0.000190653
-4.12739e-5
-2.04232e-5
3.89233e-5
-5.54344e-5
9.52468e-5
-4.30798e-5
1.95101e-5
-1.7718e-5
-0.000142864
-0.00025539
0.000323678
-0.000327878
0.000232786
-0.000139921
4.53516e-5
-1.30942e-5
-2.72489e-5
5.17631e-5
-9.75707e-6
-1.17441e-5
5.54322e-6
8.825e-5
-1.29032e-5
9.19737e-6
-0.000158713
0.000191506
-0.000107156
6.76373e-5
-2.81109e-5
1.79611e-5
-6.73348e-6
4.14214e-6
-1.82101e-5
1.01077e-5
-5.60175e-6
-1.09292e-5
-2.309e-7
6.36591e-5
-9.91098e-5
4.13006e-5
-5.5196e-5
3.32852e-5
-1.41977e-6
5.40517e-8
3.00148e-6
1.17737e-5
-6.25935e-6
-1.47745e-5
2.38085e-6
4.78146e-5
-2.58016e-5
1.82256e-5
-1.5437e-5
-5.84072e-7
4.23518e-6
-1.81491e-7
9.54446e-6
1.13739e-6
-7.28055e-7
4.22035e-5
-0.000104308
6.92874e-5
-0.000106233
0.000338944
-0.000254252
0.000227533
-8.37653e-5
-0.00101123
0.000624708
-2.87699e-5
-0.000428558
0.00074758
-0.000688751
0.000565392
-0.000761117
0.000758824
-0.000648591
0.000685667
-0.000811768
0.000613624
-0.000483851
0.000615716
-0.000492626
-0.000290362
0.000310951
0.000305337
0.000245298
-0.000133323
-3.74051e-6
-7.4923e-5
2.25493e-5
0.000141478
0.000126695
-1.70927e-5
-6.3214e-6
-1.38031e-6
-0.000230511
-0.000181944
0.000111655
-0.00014114
0.000139179
4.4948e-5
-6.11895e-5
-5.22015e-5
-2.4461e-5
2.21062e-5
3.563e-5
-0.00014797
3.48658e-5
0.00014221
-2.76733e-6
-0.000368919
2.92185e-5
4.09457e-6
-1.44739e-5
-7.04959e-6
-2.07071e-6
2.58099e-6
1.97712e-5
-5.78572e-5
-8.68961e-6
-3.35893e-5
9.40799e-5
-2.20215e-6
-0.00022323
8.38599e-6
-1.64562e-6
-5.49928e-6
-5.9855e-7
3.17504e-6
-9.9495e-8
5.25933e-7
4.78691e-5
-0.00015446
-2.779e-6
-1.12442e-6
7.30136e-5
-0.000156908
3.43943e-5
-0.000184078
0.000377375
2.42613e-6
3.99272e-5
4.15536e-7
2.49302e-7
-6.933e-7
2.77486e-7
-7.24938e-8
-5.82096e-8
-1.00841e-7
0.000456031
-0.00122865
0.00165858
3.06704e-6
-8.51759e-7
1.24962e-7
-0.000142365
0.000570364
-0.00126296
-4.35263e-7
2.22818e-7
1.86196e-7
-0.00013666
-0.000278504
0.000831773
3.15597e-7
-1.9937e-7
-6.02125e-8
0.000374533
-5.20202e-5
-0.000400798
8.18262e-7
-1.68607e-7
8.77293e-8
-0.000366783
0.00018875
-9.7716e-5
-0.000233759
-5.15017e-6
7.68663e-7
-4.116e-7
7.13763e-8
0.000190748
0.000112204
4.02311e-5
-1.09281e-6
8.81813e-7
6.80856e-7
3.58308e-7
-0.000174329
0.000119576
0.000102303
-8.2358e-5
3.79024e-5
-4.96125e-6
9.00916e-7
2.64007e-7
-3.28333e-7
3.48476e-7
-8.31569e-7
-3.06337e-5
-1.88697e-5
8.9317e-6
2.44204e-6
1.97878e-6
-1.48129e-6
4.55173e-7
-2.25757e-7
7.67268e-8
1.62249e-5
-1.49627e-5
-2.56225e-6
-5.95598e-6
4.58918e-6
4.55225e-6
-1.01865e-5
-4.52387e-7
2.46748e-6
-1.34814e-6
-1.18445e-9
2.87769e-7
-2.24372e-8
-1.139e-7
1.28953e-6
-1.33744e-6
1.38654e-6
-2.94915e-6
-9.60845e-7
1.28615e-6
-3.61751e-6
3.14932e-7
-4.16856e-8
-1.17521e-6
4.80835e-7
-2.45845e-8
-5.74409e-7
5.83084e-7
4.95757e-9
-1.2043e-7
-2.98056e-7
1.28993e-7
9.53374e-7
-9.52058e-8
-9.55786e-8
1.07071e-6
-2.51831e-7
1.93597e-7
1.39367e-7
-1.35951e-7
3.45958e-7
-9.82081e-8
-2.37418e-7
6.87743e-8
4.76935e-8
-1.02709e-7
-2.52871e-7
7.67607e-8
-9.32775e-8
2.9218e-8
-3.46089e-6
0.000150882
-0.000171713
-0.000247127
0.000170114
-0.000136053
0.000254967
0.000333297
-0.000195589
5.88246e-6
-0.000433308
0.000228638
7.01042e-5
0.000522006
-0.000297912
-4.3145e-5
-0.000525179
0.000374595
-0.000103511
0.000353958
-0.000379053
0.00022473
0.000330877
-0.00027122
-0.000360588
0.000292039
-2.39332e-8
1.92844e-6
-2.9716e-6
-1.63113e-5
1.72329e-5
1.62413e-6
-1.99372e-6
-0.000172269
0.000295689
-0.000254285
-0.000125897
0.000144634
6.92407e-5
-7.29929e-5
6.10403e-7
-3.7067e-6
9.38179e-7
-4.71389e-7
-2.96999e-5
3.25387e-5
1.11271e-5
-1.24243e-5
1.875e-6
-1.12179e-5
1.94869e-6
-3.30398e-7
-3.94533e-6
4.21333e-6
1.25326e-6
-1.25578e-6
8.31059e-7
-1.99556e-6
2.48635e-7
-4.37317e-6
-2.69103e-7
-4.52662e-7
3.36731e-7
1.11132e-7
-5.9624e-8
-9.51075e-6
7.66492e-6
8.05202e-7
9.03088e-6
-2.39301e-5
-1.59098e-7
-2.70734e-7
7.36388e-8
-4.53403e-10
-8.61517e-8
4.17046e-9
-1.66786e-8
1.93568e-5
3.58395e-8
0.000461668
-0.000193184
-1.41016e-5
-0.000428123
0.000237584
-2.53273e-5
-1.2422e-5
4.00228e-8
-1.676e-8
-6.06704e-9
-9.51901e-9
9.83843e-9
8.794e-10
6.71142e-9
0.000772026
-0.000400265
2.5036e-5
-5.58474e-8
1.76086e-8
-4.9456e-9
-0.00123025
0.00073331
-0.00028337
-3.19428e-8
3.77815e-9
-4.18138e-9
0.00148827
-0.000984522
0.000499576
9.6342e-9
1.03593e-9
-3.11745e-10
-0.00139369
0.000990665
-0.000530815
-3.18002e-8
7.35709e-9
-1.32511e-9
0.00103242
-0.000677862
0.000549851
-9.13073e-9
2.3833e-9
-1.53913e-9
-0.000567653
-0.000314465
-3.05746e-8
-2.02822e-9
-2.20636e-9
0.000445829
-0.000434542
-0.00029116
0.000162743
-0.000116116
-1.89473e-7
6.41543e-8
-2.454e-8
1.23025e-8
9.9386e-5
3.9303e-5
-5.67261e-8
1.01741e-8
-6.5521e-9
-4.51729e-5
3.77538e-5
1.5952e-5
4.18031e-6
1.76553e-8
-9.46148e-11
5.71994e-9
7.85464e-9
-4.72713e-6
3.07019e-6
1.28823e-6
1.89808e-7
2.41582e-9
1.2967e-8
-3.55318e-9
-3.69737e-9
-2.73525e-7
1.33462e-8
9.55382e-8
1.57861e-7
-2.40906e-7
9.37504e-8
5.52834e-10
4.96425e-8
-4.12103e-10
-4.71469e-9
8.32345e-10
-2.78413e-8
-7.23181e-8
8.5571e-8
-2.76312e-8
1.47524e-9
6.07764e-8
4.90916e-8
-1.47199e-8
3.23692e-8
-1.70195e-8
-5.76507e-11
-2.15498e-9
-3.50335e-8
-7.8515e-9
3.4716e-9
1.58733e-8
-4.5746e-9
-3.65408e-8
1.50975e-8
-8.79677e-9
-2.2601e-8
-7.50368e-9
-1.1379e-10
-4.19355e-9
5.92578e-9
-5.18932e-9
-1.91074e-10
1.70095e-8
-7.37742e-9
-9.95549e-10
5.67763e-9
6.38928e-9
1.0556e-9
8.53714e-10
-1.11221e-9
-2.02178e-5
1.414e-6
9.83711e-5
-0.000333566
0.000331745
-0.000261075
1.97584e-5
0.000183012
0.000246103
-0.000565796
-0.000404525
0.00070874
0.000427483
-0.000640887
-0.000191208
0.000383132
-1.84651e-5
-0.000129829
0.000149295
-3.09263e-5
-0.000196585
9.34105e-5
0.000193437
-0.000123386
9.22708e-7
1.1161e-6
-4.19055e-6
5.53065e-6
-3.06767e-6
6.89604e-6
-0.000134469
0.000117019
7.09839e-5
-6.35702e-5
-3.08189e-5
2.23167e-5
6.95478e-8
-1.11705e-7
-6.14914e-8
2.32778e-8
1.17423e-5
-8.3301e-6
-3.91005e-6
2.81794e-6
9.45089e-8
-5.36685e-7
1.29854e-7
-2.41831e-8
1.13642e-6
-8.54334e-7
-2.89916e-7
2.42126e-7
-3.96044e-7
-5.33113e-8
1.33076e-7
1.22685e-8
6.15276e-8
-6.67973e-8
-1.20483e-8
2.24944e-8
-1.24708e-6
-2.77348e-6
1.8095e-6
-1.12914e-5
1.78949e-5
8.41102e-7
3.79052e-9
-7.17347e-9
5.62384e-9
-2.0372e-9
2.12886e-9
-1.02442e-9
-0.000482527
4.55091e-5
9.61728e-5
0.00169473
-0.00102511
-3.79798e-5
6.51341e-10
9.38372e-10
-2.32963e-9
5.01647e-10
-5.51461e-10
-0.00067493
0.000671427
8.11257e-10
3.39772e-10
0.00186505
-0.00119523
1.74399e-9
-5.00701e-10
-0.00238876
0.00178507
7.79795e-10
-4.8537e-10
0.00252206
-0.00199837
1.32452e-10
-1.5172e-10
-0.00194222
0.00170018
4.3971e-10
-4.7066e-11
0.00124921
-0.00120139
4.01112e-10
8.37978e-12
-0.000718284
0.000705022
1.28176e-9
-8.51515e-10
0.000387835
0.000251329
5.06154e-9
-3.33978e-9
1.70015e-9
-0.000191861
0.000136466
7.71055e-5
-0.00010149
1.44341e-9
-5.21002e-9
-2.42552e-9
-2.58019e-5
-1.21652e-5
-1.64018e-9
-7.30193e-10
5.60606e-9
6.86846e-6
-2.6893e-6
-1.22852e-6
-5.55398e-7
1.17397e-9
-6.66963e-10
-3.56968e-10
7.69156e-10
2.76295e-8
1.8246e-7
8.40041e-8
3.50557e-8
1.91762e-10
3.18249e-10
-3.0203e-10
-9.95987e-11
-3.54678e-8
1.58264e-8
7.65211e-9
6.21787e-9
1.14944e-9
1.50638e-9
-5.72143e-11
-7.90203e-11
2.24449e-9
-1.95681e-9
-1.57813e-9
-7.07315e-9
1.11296e-8
2.13499e-9
-3.66813e-9
-7.35326e-10
-4.21685e-10
-1.27223e-10
-7.40197e-11
1.65799e-9
1.94239e-9
-1.34845e-9
2.88543e-9
-8.89087e-10
-2.43489e-9
-1.51807e-9
-2.83935e-10
9.12111e-11
4.16666e-10
-7.30381e-10
-1.80922e-11
-2.29471e-10
7.94641e-10
8.02702e-10
-4.68289e-10
-5.23496e-10
6.56907e-10
8.32565e-10
3.9651e-10
-3.79534e-11
-1.4549e-10
2.03484e-10
5.9622e-5
-0.000427209
8.05205e-5
0.000799149
-0.00030446
-0.000173044
0.000285921
-0.000880906
0.000565256
-5.65969e-5
0.000974092
-0.000638109
0.000159058
-0.000485411
0.000293306
-5.80865e-6
-0.000118515
-0.000126835
-3.75462e-5
9.87965e-5
0.000157221
1.49376e-5
2.53228e-5
-8.74444e-5
0.000287435
-0.000223308
0.000125598
-0.000226248
0.000122646
-4.19763e-5
7.4484e-5
-2.84113e-5
-2.00813e-5
5.18432e-5
2.41179e-5
1.54835e-5
-2.05493e-5
-6.14576e-5
-1.98732e-7
-1.3498e-6
2.02448e-6
-7.82517e-6
8.51268e-6
-2.39883e-7
2.21301e-5
-5.0891e-6
-1.28298e-6
-9.63193e-6
-7.56266e-6
9.08863e-6
3.40184e-6
8.65286e-8
-2.58547e-8
5.19695e-8
1.93729e-7
-1.97786e-6
4.258e-6
8.58024e-7
-1.57116e-6
3.33934e-7
-8.71481e-8
-2.6799e-8
-1.95871e-7
-3.4844e-7
6.6138e-7
1.17011e-7
-1.83204e-7
9.64924e-7
-1.78394e-7
-4.06437e-7
-1.55993e-6
-3.44942e-8
7.47141e-8
3.0258e-9
-2.15331e-8
1.72491e-5
-7.86922e-6
-1.19783e-6
-9.5088e-6
1.78638e-5
-6.82001e-6
-1.15876e-10
4.33127e-9
2.23624e-8
-1.94911e-8
2.33098e-10
-1.38266e-9
-3.75346e-10
3.46257e-5
-9.99579e-5
0.00013626
-0.00128149
0.0013099
-6.9373e-5
-1.1378e-10
2.771e-10
2.10078e-9
-3.69215e-10
1.4706e-10
-4.57398e-11
0.00128518
-0.002003
-2.55977e-10
3.65742e-11
0.00130473
3.14208e-11
0.00396437
-0.00566205
0.0021943
-0.00406587
0.0066557
-0.00302566
-0.00362808
-6.34885e-12
-2.29499e-11
1.85284e-10
-8.56556e-12
1.50494e-11
2.36135e-11
-5.93816e-11
1.5752e-11
0.00414825
-0.00463229
0.00325241
1.16137e-10
-2.5844e-11
1.38541e-11
-0.00388505
0.00373143
-0.00248223
3.83965e-11
-1.80956e-11
1.46446e-11
0.00520694
-0.00311316
0.00239996
7.47777e-13
6.62218e-11
-4.08882e-11
-0.00179686
-0.0011899
-8.46575e-11
-1.22464e-10
0.000965977
-0.000110868
-0.000432889
0.000627953
1.20988e-9
-7.85203e-10
4.53468e-10
-2.67537e-10
-2.04762e-11
0.000236132
-0.000315524
-3.51523e-9
8.34074e-10
-9.30932e-5
-4.85816e-5
1.7772e-8
5.59318e-9
2.18118e-5
1.06793e-5
-1.90719e-6
1.38599e-5
-1.86565e-8
2.94065e-8
-3.33003e-8
3.76062e-8
4.64034e-9
-6.14387e-7
6.15168e-8
-4.74511e-9
-1.08863e-10
6.02717e-7
-8.98716e-8
-2.23389e-7
-7.96864e-8
-8.11411e-10
2.01733e-9
1.631e-8
-1.34421e-8
-2.61806e-8
2.86274e-9
4.82164e-8
5.68002e-8
-1.57431e-9
8.53263e-10
-3.98569e-11
3.20311e-10
3.9487e-9
-9.64312e-10
-3.06829e-9
9.28705e-9
1.02712e-9
2.70989e-10
1.34893e-10
1.74781e-12
1.79308e-10
-2.86383e-10
1.23257e-11
4.4793e-10
-2.15854e-11
-1.28532e-10
-9.91957e-10
4.46133e-11
-1.42861e-10
-9.81376e-11
1.49643e-10
5.26105e-11
3.20927e-11
-8.71575e-11
9.03093e-11
-2.85839e-10
3.00661e-10
2.28446e-11
-2.90569e-10
-2.93838e-10
-1.25066e-10
3.01049e-10
7.91476e-11
-5.71024e-11
5.25046e-11
1.15412e-10
7.82263e-12
1.07854e-10
9.03601e-11
-3.37255e-10
-3.95692e-11
5.19401e-11
-1.11239e-11
-1.78291e-11
9.39729e-13
1.57199e-10
2.22917e-10
-2.93057e-10
-1.15733e-9
2.27096e-10
-1.17573e-10
-1.4415e-10
-3.45299e-10
-1.46133e-10
1.12307e-11
7.6236e-11
-3.31645e-10
-2.27974e-10
1.62971e-9
3.18624e-9
1.11874e-10
-0.000104589
-0.000787506
0.000663596
-0.000955988
0.00117831
-0.000384087
0.00072888
0.000128319
-0.000537917
-0.000187294
0.000456174
-1.9236e-5
0.000145239
1.69724e-5
-1.35733e-5
-0.0002466
0.000392412
-0.000417032
0.000380335
-0.000219668
0.000504403
-6.0255e-5
4.46397e-5
1.18042e-5
-1.09379e-5
-1.72064e-7
-3.74864e-6
1.69222e-6
-3.3903e-6
1.7071e-5
-1.97219e-5
8.08443e-5
-2.54325e-5
6.52235e-6
2.05053e-6
-3.81369e-6
-3.03873e-6
3.19762e-6
2.80026e-7
-2.61808e-7
-4.03565e-7
1.42205e-6
-2.01411e-6
1.73775e-7
-3.10435e-6
8.33803e-7
4.05666e-7
1.38381e-6
1.25658e-6
-2.1998e-6
-5.87643e-7
-3.12138e-7
9.89225e-8
7.18165e-7
-8.45131e-7
-1.80266e-9
3.75281e-7
5.8006e-8
-7.75879e-7
-1.02503e-7
-1.93821e-5
3.79001e-6
6.09918e-6
1.46622e-5
-3.15193e-6
-1.00486e-8
1.01587e-7
-3.91394e-8
-2.08335e-7
-3.37547e-8
0.000110157
2.2441e-6
-0.00011288
0.000165423
7.54608e-5
-1.58298e-9
1.73323e-8
4.87733e-8
-4.48342e-8
-4.76507e-9
0.00109349
-0.000665865
0.000872385
-0.0039503
0.00231175
-0.00112395
-2.07469e-10
6.65583e-10
1.22457e-9
-1.24302e-10
3.21983e-11
1.55082e-10
0.00414143
-1.62168e-10
0.00185128
-0.00395476
0.00360612
-0.00214995
0.00247353
-0.00771566
-2.52226e-12
-3.54499e-12
-8.73361e-11
4.96927e-11
-2.16156e-12
8.66111e-12
0.00149632
-0.00292822
-4.44638e-12
-2.40472e-11
-0.00179311
0.00378773
-1.07708e-11
3.01415e-11
0.00231388
-0.00478838
7.29933e-11
-1.14299e-10
0.0003133
3.44739e-5
-7.57576e-5
-4.37193e-5
0.000112553
1.05263e-9
-7.34566e-10
4.68869e-10
-2.67551e-10
-4.68103e-10
3.40783e-5
-0.000108517
-2.75921e-9
8.13122e-10
1.93277e-5
-7.56832e-6
3.34796e-7
2.38433e-6
-6.52265e-6
-3.9088e-8
3.96443e-8
-4.40951e-8
3.70583e-8
5.46595e-9
1.01807e-6
-2.56411e-7
4.63525e-8
1.05462e-7
-5.8518e-8
2.68634e-8
-2.97313e-8
3.24135e-8
-3.56889e-8
2.53624e-9
-3.95256e-8
-2.76176e-8
3.84271e-10
-5.7611e-9
8.49833e-11
1.27501e-8
4.80688e-9
-2.26297e-9
3.4864e-10
4.92439e-10
-1.38565e-9
5.3896e-9
-8.21141e-9
-2.87473e-9
-6.47507e-10
1.33545e-9
-2.83257e-10
2.96402e-9
-5.15498e-9
4.30591e-9
2.3467e-9
-4.78526e-10
-2.36526e-10
1.22372e-10
-4.81795e-11
1.50787e-11
-5.08447e-10
4.6342e-10
-7.15206e-10
-3.87225e-9
1.32979e-8
4.54471e-12
2.15648e-12
3.54508e-12
4.3731e-12
-1.05165e-11
2.67526e-13
3.22413e-10
1.05366e-9
5.54074e-10
8.86822e-10
7.9932e-10
-4.92827e-10
-8.53535e-12
-2.07688e-13
-8.17621e-14
2.15868e-11
-1.59681e-10
-2.15118e-10
1.50662e-9
-1.15228e-9
-1.2755e-8
-2.02252e-9
-2.0946e-9
4.51948e-10
-4.30231e-9
-3.44514e-9
4.11477e-10
3.39016e-10
1.17727e-10
-6.24354e-9
1.36973e-8
4.37142e-8
1.47327e-8
-0.000643238
-0.000695831
0.000234521
0.000699332
0.000116051
-0.000664282
0.000111132
0.000850986
-0.000329446
-0.000683663
0.0001509
-0.000146391
-0.000132717
-0.00057034
0.000639818
-0.000738723
0.000764082
-0.000454733
0.000700286
-5.22614e-5
0.000111568
1.44834e-5
-2.35512e-5
-1.29902e-6
-7.26771e-8
-1.22318e-7
-1.51345e-6
8.40857e-5
-6.85478e-5
0.000278108
-9.3521e-5
2.71643e-7
5.52365e-8
-2.21609e-7
-1.16877e-7
1.43075e-7
4.17482e-7
-4.67241e-6
6.28034e-6
-1.90369e-5
6.39313e-6
-1.26662e-6
-3.3698e-7
5.36693e-7
8.80352e-7
-1.50688e-6
-1.68155e-6
4.2846e-6
-2.53288e-6
1.55785e-6
1.3382e-6
-3.25408e-6
-4.18437e-6
1.49327e-5
-1.29362e-5
6.21606e-7
5.07054e-8
-1.41562e-6
-7.12077e-6
-8.38618e-6
4.08101e-5
-9.77043e-5
-3.93784e-5
-3.55231e-8
2.15536e-7
-4.73151e-8
-3.62875e-7
-6.29026e-8
-0.000326351
0.000274075
-0.000302352
0.00156189
0.000360603
2.27229e-9
4.2921e-9
1.45435e-7
1.86113e-8
-1.6651e-9
0.004534
-0.0031362
0.00208994
-0.00951346
0.00666692
-0.00322259
-2.28548e-9
7.74232e-9
-1.81644e-9
-1.31586e-8
9.11049e-10
-1.88503e-9
0.00771349
-5.68456e-10
-0.000807936
-0.0031254
0.00290551
0.00091394
0.00322908
-0.00577274
-0.000677197
-0.00801901
-7.55722e-11
5.09528e-10
5.41026e-11
-1.77261e-10
-0.00349558
0.00522761
0.00100554
5.01328e-11
-6.09345e-11
0.00283127
-0.00304917
-0.000435057
-1.01108e-10
-1.83386e-10
-0.00135402
0.000945705
-0.00026841
6.59126e-10
-1.15365e-9
5.04286e-5
5.72187e-5
-3.99478e-5
7.39161e-6
1.91948e-5
1.11849e-9
-5.25241e-10
1.03872e-9
-1.51209e-5
-8.1403e-6
-3.44358e-9
1.66323e-9
5.66462e-7
-4.75475e-7
9.43535e-7
4.30325e-8
7.52342e-7
-3.85202e-8
2.88221e-8
-3.243e-8
1.67525e-8
-2.97124e-9
-5.1486e-7
9.86039e-8
5.28883e-8
-2.67364e-8
1.80409e-8
3.81183e-8
-3.39374e-8
3.65799e-8
-3.29707e-8
-2.65178e-9
-4.80003e-9
-2.08442e-9
-7.29632e-10
-2.68672e-9
-7.67813e-9
1.06849e-8
-1.00536e-8
5.23998e-10
1.24377e-10
5.97838e-10
-2.18071e-8
1.26331e-8
1.5664e-8
5.11424e-12
-1.9607e-10
1.68897e-10
1.50351e-11
7.23531e-9
-6.03219e-9
-1.25222e-8
5.56849e-8
-7.52304e-11
-2.03119e-11
-6.79523e-12
2.39842e-11
7.6531e-12
-2.93284e-9
-3.55765e-10
-9.66306e-10
-1.39012e-8
2.9408e-8
-7.11898e-11
-3.93953e-11
-2.00089e-11
5.65199e-11
-2.15635e-11
1.50668e-11
8.07455e-10
2.62473e-9
1.38868e-8
9.82812e-9
4.48588e-9
4.18348e-9
-1.68538e-10
-6.56863e-11
1.65207e-10
-4.96759e-10
-1.27548e-9
2.05856e-9
-6.24269e-10
2.46117e-9
2.1028e-8
-6.63247e-8
-9.31526e-8
4.3408e-9
-1.47461e-8
1.32787e-8
-5.87905e-8
4.30829e-9
-2.74714e-9
-1.83084e-8
1.01134e-7
-0.000459564
-0.000398884
0.00030757
0.000366292
0.000273753
-0.000103131
-0.000252444
-0.000524548
0.000693908
-0.000773451
0.00041328
-0.000113547
9.7584e-5
0.00024461
-0.000282867
-0.000144554
6.53672e-5
1.34555e-5
5.86488e-7
-5.87483e-7
2.7142e-5
0.000124324
-0.000139332
0.000280011
-0.000204179
2.31191e-8
2.04136e-7
-1.09186e-8
-4.14943e-8
1.62686e-8
-8.68966e-7
-1.13221e-5
8.3717e-6
-4.20476e-5
1.40115e-5
-6.52129e-8
-1.49061e-8
-3.07475e-7
2.20537e-8
-3.10854e-8
3.26486e-6
2.01315e-6
8.65559e-7
8.45984e-7
1.45005e-6
-3.01699e-6
1.1814e-5
7.54213e-6
-8.57066e-6
3.04483e-6
2.56582e-6
-7.42896e-6
3.70237e-5
2.02669e-5
-2.63248e-5
1.11746e-6
5.83372e-8
-2.67412e-6
0.000138378
-0.00010659
4.57418e-5
-0.00044621
-7.27334e-5
-1.67399e-7
7.31253e-7
4.09268e-8
-1.33451e-6
-3.11844e-7
-0.0011813
0.00100246
-0.000426231
0.00334219
0.000607242
3.60067e-9
-2.77809e-8
-2.54789e-8
6.94721e-8
2.86266e-8
0.00750162
-0.00668252
0.00406308
-0.0063121
-0.0102064
0.00947384
-0.00390704
-9.83698e-9
3.50791e-8
8.83243e-9
-2.45686e-8
5.46271e-8
0.00530137
-2.91847e-9
2.26223e-9
1.19881e-9
1.97529e-10
4.84869e-10
-7.9261e-11
1.59833e-9
-0.000509173
-1.78052e-9
5.61212e-9
0.000251814
-0.000117308
3.66178e-10
1.41399e-9
-3.13984e-5
4.47365e-5
-1.22771e-9
-4.002e-6
2.3038e-6
5.19911e-9
1.20867e-9
-6.90401e-8
2.07592e-6
1.38755e-7
-1.56136e-7
-1.68516e-8
5.10015e-9
-4.15793e-9
2.98255e-9
-1.85732e-8
1.92841e-8
4.74224e-9
-3.18713e-8
3.76721e-8
-2.86088e-8
2.37108e-8
4.56278e-11
-2.4911e-9
1.16555e-8
-2.86448e-9
-1.33564e-10
1.51147e-9
-2.4807e-8
1.47972e-8
4.16636e-8
-3.70699e-10
-6.58351e-10
1.14719e-10
-7.90828e-8
2.89349e-8
6.25058e-8
8.56287e-11
-3.08047e-10
5.10429e-11
-2.87516e-8
-4.83404e-8
2.06162e-7
9.4358e-11
-1.45315e-10
-1.80132e-11
6.91171e-12
1.13713e-8
1.24105e-8
-6.18328e-8
1.18777e-7
5.75001e-11
5.30292e-12
6.33424e-11
2.74462e-10
7.93932e-11
-2.37978e-8
-6.87914e-9
-2.46107e-8
-2.74164e-8
1.14344e-8
-3.06829e-10
-1.43455e-9
5.92663e-10
-2.34135e-10
-6.19185e-10
4.92933e-10
-8.03598e-10
1.9325e-7
-6.19309e-8
1.41375e-7
1.73094e-7
1.16765e-7
1.08612e-8
4.83759e-8
4.12321e-9
-1.95015e-9
1.65465e-9
-9.49077e-10
-1.31264e-8
-2.77402e-9
2.52051e-8
-1.30305e-8
-5.64427e-7
-3.97002e-8
-5.42173e-7
-0.00075864
0.000535959
0.00113989
-0.0013383
0.000861649
-0.0013376
0.00155202
0.00124062
-0.00136365
-0.000796817
0.000883997
0.00037293
-0.000428179
-0.000215963
0.000194053
0.000225216
-0.000128874
-2.3473e-7
-1.4064e-5
5.40532e-6
4.9971e-6
0.000103512
0.000155192
-8.44123e-5
-0.000232385
5.13066e-5
-5.87191e-5
9.51599e-6
1.08882e-6
-1.9506e-6
-8.70054e-8
-1.32627e-9
-2.23509e-9
-5.40661e-6
-4.40449e-6
2.21123e-6
2.31e-6
-3.4956e-5
1.24861e-5
-1.5449e-11
7.67487e-9
-1.13305e-8
2.34886e-6
-3.01982e-7
1.79078e-6
-8.94045e-7
9.19204e-8
2.47431e-7
9.99556e-6
-6.78468e-8
-1.03994e-6
2.01976e-6
3.73508e-6
-6.68856e-6
2.79195e-5
-6.00898e-7
-4.19118e-6
6.91834e-6
5.60006e-6
-1.99607e-5
6.80613e-5
-6.16447e-7
-1.08465e-5
4.36085e-6
2.36187e-6
-1.10836e-5
0.000275963
-0.000205637
2.74478e-5
-9.48307e-5
-0.000641571
-2.41507e-5
5.75119e-7
-2.17031e-6
-4.39517e-7
1.82413e-6
-0.00301459
0.00161634
-0.000311139
0.00114115
0.00561544
0.000314067
-8.50676e-8
5.1525e-7
-8.07543e-8
2.82972e-7
-6.48657e-7
-1.46421e-7
0.00122824
0.00406397
-0.00496689
0.00108618
-0.00642607
0.000676756
0.00505498
2.39297e-8
-1.07632e-7
-4.67213e-9
3.03221e-9
-2.19508e-8
0.011127
-0.00660544
-5.88496e-10
4.62268e-10
-0.0121062
0.00976846
-2.65731e-9
1.01222e-8
0.00847306
-0.00703026
7.37542e-10
1.66235e-9
-0.00393501
0.00336606
-1.82387e-9
-3.07927e-9
0.00131847
-0.000890298
-1.17575e-8
2.34127e-8
-0.000670655
0.000687456
-1.4979e-8
6.70198e-8
-2.25342e-5
-0.000118631
6.15056e-9
3.54721e-5
-1.39009e-5
1.46991e-8
-5.7538e-8
-1.75617e-5
-4.78452e-6
-2.40241e-10
-1.33361e-8
-1.54198e-8
9.5061e-7
-7.61528e-7
6.05353e-9
1.1837e-7
-2.1918e-7
-1.27452e-8
-6.70634e-9
-9.41924e-8
1.07073e-7
1.802e-8
-5.11581e-9
-1.75662e-8
7.21802e-9
-4.75658e-10
-2.39836e-8
5.38415e-8
-3.17366e-8
-5.68637e-9
1.4357e-8
2.36079e-9
-1.67124e-7
-1.1465e-9
9.10323e-10
9.1587e-10
-2.53365e-7
-3.78656e-8
4.46765e-7
-1.51195e-11
-1.16442e-9
1.43214e-10
-1.09681e-7
-1.19486e-7
7.79112e-7
3.00998e-10
-4.29943e-10
-1.55094e-10
6.90712e-8
-2.3843e-7
3.36858e-7
-1.57321e-10
6.97723e-10
1.65172e-10
-1.41601e-10
-3.69423e-10
1.02063e-7
-3.30554e-8
-4.2159e-8
-1.61693e-8
-3.46302e-10
-2.79755e-10
2.41408e-9
-1.05371e-9
-7.88322e-9
7.31521e-9
-3.19822e-7
-5.53013e-7
-3.14523e-7
1.04651e-7
1.92314e-8
-1.2322e-8
-1.63503e-8
1.23442e-9
-1.76503e-9
-6.31836e-9
2.56983e-8
4.12367e-8
-4.90615e-8
-4.39578e-8
5.70006e-7
1.64099e-6
-1.56791e-7
-1.70117e-6
1.7331e-6
2.1631e-6
5.90896e-7
-2.11212e-8
1.43794e-8
-1.58436e-8
-1.57048e-7
3.25501e-9
2.62508e-7
-5.5623e-7
-5.15381e-6
4.38858e-7
0.000993705
-0.000949133
-0.00132507
0.000865697
0.00114185
-0.000731849
-0.000701277
0.000369841
0.000293336
-2.63662e-5
-0.000118508
-1.96833e-5
6.38834e-5
1.03711e-5
-3.4288e-6
-6.05894e-6
0.000128952
-3.66057e-5
-0.000343723
0.000554699
-0.000197888
-0.000776955
-7.32355e-6
6.06572e-6
1.13886e-6
1.85917e-7
1.82466e-7
-1.21156e-7
3.82631e-5
-1.52998e-5
4.23933e-5
-2.38567e-5
3.68888e-8
-1.46623e-8
5.03227e-8
-1.10654e-8
-5.48327e-7
-8.23203e-7
2.61485e-7
-3.96643e-6
1.06304e-6
-3.31024e-8
1.65312e-7
-8.1027e-7
1.48872e-6
-1.93353e-8
1.6734e-7
-4.0702e-6
1.93852e-6
-8.07923e-7
4.35428e-6
-5.92445e-7
-2.16151e-7
7.73555e-6
2.83313e-5
-3.5372e-5
9.49862e-6
-1.36725e-6
-5.52592e-7
3.21715e-5
6.61383e-5
-7.68204e-5
3.51474e-5
-1.12851e-6
-7.26068e-6
-1.06596e-6
5.88644e-6
-1.42653e-5
-6.47725e-6
2.17713e-5
-0.000464665
-0.000163311
0.000173205
6.55431e-5
-2.25904e-6
8.55877e-6
2.32427e-6
-8.0756e-6
0.00193738
-0.00399201
0.0023304
-0.00129615
-0.00202396
-0.00111844
3.51428e-7
-1.76264e-6
2.56221e-7
-7.07834e-7
1.50522e-6
1.52175e-7
-0.00769994
0.00924069
-0.00382807
0.00681194
0.0111728
-0.00754112
-0.0128232
0.0020503
8.03997e-9
-3.96813e-8
-2.5247e-8
4.5948e-8
-0.0103075
0.00693971
0.0123739
-2.7039e-8
1.03273e-7
0.00656766
-0.00395357
-0.00831353
2.32902e-8
7.76092e-9
-0.00274576
0.000862206
0.00384362
-3.30953e-8
-1.02948e-7
0.000879774
-3.78075e-5
-0.0012777
-1.17126e-7
4.38499e-7
-0.000302399
-3.49914e-5
0.00048126
-1.75066e-7
6.73737e-7
2.03683e-5
2.328e-5
2.67522e-5
4.28458e-8
-4.10776e-7
1.86392e-7
-2.68903e-6
6.6314e-6
1.13719e-7
-9.34594e-7
-3.5938e-6
5.57614e-9
-4.85759e-7
1.41682e-6
-2.91953e-7
5.83495e-8
-3.11317e-8
4.14843e-8
-2.94496e-7
-3.20058e-7
3.26557e-7
9.93596e-8
-2.54268e-8
-1.26858e-7
1.77531e-7
1.76829e-9
-5.39146e-8
2.98747e-7
-7.99807e-7
-6.28177e-9
2.22552e-8
1.55373e-9
-1.45073e-6
1.17814e-9
-4.11597e-10
1.18256e-9
-5.5982e-7
-2.64241e-6
3.69497e-6
2.75537e-10
-6.2523e-9
-4.83546e-10
3.7807e-7
-1.96764e-6
2.1207e-6
-2.57374e-9
4.96088e-9
7.95179e-10
4.87738e-9
1.04848e-7
1.26939e-7
-4.31534e-7
-9.82234e-8
-7.49878e-9
-1.68481e-10
4.34831e-9
-1.43591e-9
-3.8177e-7
1.52683e-6
-3.49537e-7
4.25574e-8
-3.39822e-8
2.11595e-8
3.27947e-8
-1.25455e-7
7.05966e-8
-5.92232e-6
1.34529e-6
-1.35754e-5
-5.38639e-6
1.33599e-6
-5.5986e-9
-1.42311e-7
-1.31855e-7
-1.40919e-8
3.34706e-7
2.20528e-7
6.14794e-7
-9.85166e-7
3.41748e-7
5.13705e-6
7.92275e-6
1.32177e-5
-2.54277e-5
4.2513e-5
9.13578e-6
-5.43934e-7
-9.3806e-7
-1.72948e-6
7.79261e-6
-1.8128e-5
-5.10342e-5
-0.000334982
0.000259655
0.000610778
-0.000259607
0.000756501
-0.0004118
-0.000786271
0.000396008
1.46335e-5
-0.000399511
0.000175866
-6.63304e-5
2.16861e-5
-7.75775e-6
7.89851e-6
3.70448e-7
-2.1532e-7
-2.31915e-6
2.91872e-6
5.10106e-6
9.33498e-5
-3.19995e-5
4.40954e-7
-1.24684e-7
6.56106e-7
-2.6935e-7
5.33694e-6
-1.60497e-6
1.11275e-5
-4.43319e-6
7.56809e-8
-2.38035e-8
9.6589e-8
-1.98079e-7
-5.88357e-8
-7.38801e-8
1.91878e-8
2.29842e-8
-2.1982e-7
5.74012e-9
1.02139e-6
-5.94918e-6
-1.01642e-6
8.60878e-6
1.19924e-7
4.53477e-8
-2.6734e-8
-3.11844e-8
-3.26965e-5
8.79417e-5
3.08028e-7
6.30074e-8
-6.48688e-8
8.0121e-9
-5.01569e-5
0.000212516
1.56108e-6
-3.00933e-8
-2.9312e-7
3.49403e-7
2.54561e-5
-1.10357e-5
-6.61218e-5
0.000184404
-5.74857e-5
-2.35981e-5
1.71965e-5
7.00366e-6
-2.851e-5
8.3809e-5
2.5159e-5
-6.92689e-5
0.00071155
0.000471709
-0.000324943
-0.000173602
5.59133e-6
-1.62845e-5
-3.03585e-6
7.75783e-6
0.000922981
-0.000585271
-0.000344795
-0.000848083
-0.00294211
0.00129025
0.000433349
-2.36215e-7
6.59163e-7
1.37819e-7
-3.52658e-7
-2.4056e-8
1.11716e-8
-3.81851e-8
-3.37652e-7
-1.2659e-7
1.44367e-7
5.37333e-8
-3.19635e-6
-0.000136959
-8.60121e-7
6.15368e-5
-2.41376e-5
-0.000104089
-3.02253e-5
1.22348e-6
-1.44707e-6
8.96035e-7
4.34807e-6
2.1178e-7
3.25522e-5
-5.19827e-6
-4.4842e-7
1.09489e-6
9.7827e-7
-6.7744e-6
4.78547e-7
8.68032e-7
2.72097e-6
-7.82296e-7
1.23286e-6
-1.00236e-6
1.96716e-7
-7.13984e-7
-4.26255e-6
3.36854e-6
9.47251e-8
4.39301e-9
-3.94065e-7
3.07318e-6
-9.13361e-9
-2.74519e-7
8.35135e-8
-9.79336e-7
-1.04395e-5
9.76521e-9
-4.8789e-8
-6.13859e-9
1.64959e-8
1.2958e-6
-1.23392e-5
1.89481e-8
7.88725e-9
9.73175e-9
-7.93423e-8
2.98916e-6
-5.04043e-6
-9.30926e-10
-1.16521e-7
-5.70518e-8
3.13776e-7
-8.9672e-8
1.39039e-6
8.17716e-8
-4.17053e-8
5.32289e-8
1.31717e-8
-5.02881e-8
-2.93688e-7
1.29075e-6
-1.18488e-7
-8.02646e-7
-1.98638e-8
1.77236e-8
4.03652e-10
1.68032e-7
-5.94793e-6
2.84551e-5
-5.28722e-6
7.86452e-7
-7.85195e-7
8.00277e-7
6.09993e-7
-2.45521e-6
9.02822e-8
9.82453e-5
4.44237e-5
-0.000118953
-0.000112805
2.19634e-5
-3.27973e-7
9.40016e-7
-1.20329e-6
2.75058e-8
4.6726e-6
-5.71028e-7
7.0054e-6
-4.2794e-5
0.000219839
-0.000152953
0.000132281
-0.000454504
0.000284495
0.000350584
0.000278024
5.98934e-5
-0.00068762
-0.000441618
0.0011236
0.00111827
-0.00152117
-0.000346606
-3.93777e-5
0.000130056
4.5704e-5
-4.69834e-5
5.9304e-5
-9.28502e-5
3.63274e-5
-0.000239983
7.89595e-5
0.000395206
-5.14558e-5
6.82572e-6
-1.04609e-6
6.22298e-6
-4.71571e-6
-4.24544e-6
2.18195e-6
8.20817e-6
-1.45178e-6
1.36378e-6
-2.98494e-7
7.86138e-7
-1.739e-7
4.20457e-7
-4.0982e-8
1.53164e-6
-7.0668e-7
4.79399e-8
-1.15228e-7
-3.09789e-8
4.119e-7
6.1881e-8
1.40009e-5
-4.07015e-6
-1.59698e-6
-5.15094e-8
1.26519e-5
-6.72564e-5
9.97283e-5
4.26557e-8
-0.000114629
-0.000379432
0.000423616
5.97944e-8
-0.00055123
-0.000630838
0.00108842
-4.56793e-6
-2.00183e-6
1.28199e-6
7.08565e-8
-0.000217767
0.000502503
0.000168088
-0.000356013
0.000126859
5.56569e-5
-4.27448e-5
-1.54371e-5
4.20016e-5
-9.50072e-5
-1.81195e-5
3.58867e-5
0.000110066
-0.000296914
2.36906e-5
0.000157662
-2.10983e-6
4.05501e-6
7.43453e-7
4.46565e-7
6.18865e-7
0.00393481
-0.00610213
0.0028223
-0.00230822
-0.00368042
-0.00120156
0.00708667
-0.0022781
8.47343e-8
-9.34155e-7
6.79944e-7
3.85392e-7
0.000885378
0.00387819
-0.00436077
1.33573e-6
-7.3496e-6
0.002014
-0.00687064
0.00113724
-1.37051e-6
6.60638e-6
-0.00672982
0.00961052
0.00198277
1.61578e-6
-3.83778e-6
0.00202042
0.000360788
-0.00095253
-5.28648e-7
-6.41277e-7
-0.000629369
-0.00106664
0.000319835
1.04828e-5
-3.6276e-5
0.000455397
-0.000818556
1.86039e-5
-2.20289e-5
-0.000103208
-5.50066e-6
1.18746e-5
-8.22378e-5
-4.65781e-6
2.24441e-5
6.48785e-5
-1.8693e-5
-2.13261e-6
1.38682e-6
3.92142e-6
-1.13106e-5
5.0358e-6
2.85177e-8
1.60722e-6
-1.86491e-7
1.28595e-5
-9.50651e-6
8.74812e-8
-5.57034e-7
-3.4564e-5
2.40413e-5
3.57531e-7
3.70229e-5
5.91739e-8
1.00125e-5
4.02542e-5
-8.166e-5
-4.46964e-8
-4.85555e-6
2.99584e-5
-3.58473e-5
3.60148e-7
-3.92092e-6
7.63199e-6
8.92935e-7
-6.46682e-7
-1.89366e-7
1.15907e-6
-2.51962e-7
4.94469e-7
1.90015e-6
1.98469e-6
8.18051e-6
-1.72841e-6
7.09359e-7
-2.30093e-7
-1.04033e-6
-4.69353e-6
2.35936e-5
-1.80608e-6
-4.76752e-7
3.84656e-6
2.78192e-8
-1.82391e-6
5.78116e-6
-0.000105982
0.000561948
-9.85248e-5
1.32853e-5
-1.21211e-5
1.10462e-5
2.60811e-6
4.97053e-6
-1.32241e-5
-1.35784e-5
-7.34771e-6
8.64879e-6
-3.08664e-5
0.000132186
-0.000343805
-0.000752068
0.00182378
-0.0014133
0.000366891
1.31223e-5
7.71413e-5
-0.000107707
0.000125557
-0.000313774
0.00255553
0.000188142
-0.000105429
-0.000258408
9.63727e-6
0.000152122
-0.000294875
0.00111312
-0.000531739
-0.00125576
0.0013287
-1.5469e-5
-7.43206e-5
-0.000275197
0.000581904
0.000166583
-0.000358482
1.53728e-5
-8.83541e-5
-9.73493e-6
5.62647e-6
-4.37853e-5
-2.03873e-6
2.80298e-5
-4.9073e-6
6.92258e-6
-1.28092e-6
-2.02941e-7
-2.83222e-6
-1.35038e-6
5.45163e-6
2.71037e-7
1.54782e-7
1.22582e-6
-2.36388e-6
-1.25035e-8
-5.01014e-7
2.33071e-6
-8.24131e-7
1.56283e-6
-5.41639e-6
3.40957e-6
1.99203e-5
-1.83442e-5
-2.52253e-5
-1.15499e-7
3.12294e-7
-4.90526e-7
3.54072e-7
7.85515e-5
-0.000299785
-4.71127e-9
-3.08879e-8
-4.62861e-8
-7.88519e-9
0.000314887
-0.00121202
-3.51313e-8
1.70583e-9
-1.27211e-8
-7.38234e-9
0.000675181
-0.00145591
-2.80393e-7
5.91128e-8
5.96027e-9
6.10572e-9
-0.000967042
0.0015068
0.00064808
-0.000987529
1.22469e-5
3.64717e-6
-2.87983e-6
-7.59806e-7
0.000184779
-0.000296319
-5.45559e-5
4.99455e-5
-4.63409e-5
-6.77204e-5
2.48974e-5
2.48518e-5
-4.31315e-6
-1.22068e-5
-4.20973e-6
3.81447e-5
-0.00101632
0.00120103
-0.000290447
0.000469312
0.00161286
-0.000160734
0.00012525
-5.43882e-6
1.64749e-5
2.32766e-6
-2.6079e-6
-0.000594981
1.10768e-6
0.00148625
-3.67047e-7
2.03196e-5
-2.29929e-5
-1.55758e-5
6.13496e-6
3.21984e-5
0.00104799
0.000112511
-0.000123452
4.64561e-5
0.00438673
-0.00937422
7.71938e-5
-0.000161226
-0.00265911
0.00577554
0.000790704
-9.32571e-5
0.000131116
-0.000244511
0.00138987
-0.000438382
-4.78576e-6
2.25729e-5
7.71507e-5
-0.000115668
-6.89727e-6
2.87381e-5
1.73912e-5
-4.46232e-6
-1.26191e-5
2.65533e-6
1.05131e-6
-8.06581e-6
2.59372e-5
-2.76145e-6
3.37529e-6
-1.4393e-6
7.83588e-5
-5.31058e-5
6.65207e-7
9.20698e-6
-4.50735e-6
-0.000154689
0.00010463
-7.11227e-7
1.38713e-6
7.33378e-8
8.13878e-7
-3.89749e-5
0.000142936
-8.84255e-8
2.86174e-7
2.41184e-7
-1.8278e-7
-3.02129e-5
0.000122479
-5.79867e-7
-3.39776e-6
-1.06955e-6
8.58957e-6
-2.4693e-5
-3.75002e-5
2.68443e-6
-3.06914e-6
-2.2788e-6
-3.88067e-6
-8.95571e-6
-3.13504e-6
-4.06172e-5
2.73225e-5
-1.11818e-6
-3.9833e-7
1.73629e-5
-1.13915e-6
3.41654e-6
6.15329e-6
6.87583e-5
-5.07157e-5
4.57276e-6
-1.38542e-5
-2.63449e-5
-9.14089e-5
0.000489702
-1.94469e-5
-7.64574e-7
0.000162953
5.54486e-6
-4.10526e-5
0.000139757
1.60373e-5
-0.00647785
-0.00234814
0.00778651
-0.00108292
0.000205291
-3.78658e-5
6.06234e-5
-3.00724e-5
0.000211892
-0.000220335
0.000240622
-0.000127725
0.00714424
-0.00703225
0.0117551
-0.00995468
-0.001147
0.000994839
0.00179023
-0.000856187
-0.00143496
0.000456913
0.000266255
5.49356e-5
6.81456e-5
-6.21165e-5
2.8833e-5
-4.66397e-6
-0.000374083
0.000116899
0.000579054
-0.00019839
0.000927533
-0.001003
0.000373488
-0.000358589
-8.85949e-5
1.17589e-5
-9.83207e-6
4.00612e-5
1.43597e-5
-6.59629e-5
8.09261e-6
-2.57655e-6
5.59093e-6
7.54704e-7
1.04511e-5
-3.01509e-5
1.51654e-5
-1.55983e-5
5.2318e-5
-3.6227e-6
1.13145e-5
-1.54289e-5
1.19807e-5
9.68214e-6
-7.2912e-6
-3.63024e-5
3.97965e-6
3.15681e-5
0.000211407
-0.000361145
-8.61982e-7
0.000488443
0.000814197
-0.00136886
1.3745e-7
0.00220712
0.00227336
-0.00333837
1.8014e-8
-6.02287e-9
-0.00200044
0.00117896
4.50047e-7
2.1445e-7
-1.57265e-7
1.15556e-7
0.000371389
-0.000228015
2.65485e-5
-0.000425061
-1.06895e-5
-7.64734e-6
3.25809e-6
2.05806e-6
6.41118e-5
-0.000263864
-7.61743e-5
0.000258294
-0.000191925
2.23627e-6
7.02168e-5
-9.74887e-5
-7.47822e-6
-4.37886e-5
8.74185e-5
-1.47952e-7
6.89416e-5
4.7182e-7
-2.23636e-6
3.71413e-6
2.06792e-5
0.00803952
-0.00715351
0.0032714
-0.00755773
-0.0127806
0.00720322
0.00825342
-0.00342538
-2.76438e-5
9.86737e-5
0.000114946
-0.00014012
0.010123
-0.00462455
-0.00885953
-0.000125412
0.00010326
-0.00144206
-0.00129502
-6.17669e-5
0.000195994
0.0161532
-0.015092
-0.000341913
0.000513115
-0.000404076
-0.00602129
0.00582688
-0.000127507
0.000134491
0.00144869
-0.00018857
-0.000117807
7.38508e-6
1.08001e-5
3.5575e-5
-0.000105487
-7.96916e-5
4.48196e-5
1.92463e-6
8.5073e-6
-4.93851e-5
8.59416e-6
-1.12465e-5
-5.34719e-5
2.69308e-5
0.000106672
-0.000104994
-3.71497e-6
0.000286804
-0.000186507
2.231e-6
-0.000327546
-8.08008e-7
2.15366e-5
-0.000415184
0.000658527
7.04593e-6
0.00013307
9.98981e-5
7.08321e-5
-1.30066e-5
3.45134e-5
-4.09423e-5
0.000510775
-0.000410433
-0.000124698
-9.82691e-5
0.000381329
-9.25367e-5
8.86757e-5
0.000226114
-7.79744e-5
-0.00086406
0.000212729
0.000140209
-0.00074036
-1.28331e-5
1.59483e-5
-6.40068e-5
-0.000661567
0.00136302
-0.000360508
-0.000294325
0.000750403
-0.00259802
0.0088445
0.000851204
0.00019288
-0.000340872
6.07486e-5
1.1885e-5
-0.000115125
-0.000177115
0.000279823
-0.000839157
-0.0016144
-0.000560827
0.0019399
-0.0115169
0.00282331
-0.0323182
0.0214006
-0.00763648
0.00173923
-0.0020634
0.000422254
-0.000412923
-0.000708508
0.000639464
-0.000805033
0.000787038
-0.000433705
-0.000505106
0.000439502
0.000251139
2.08382e-5
0.000191567
0.000369219
7.08711e-5
-0.000111719
0.000122128
0.000102532
-3.38495e-5
-7.7225e-5
5.48539e-5
0.000593372
-0.00111514
0.000181482
-0.000304127
-5.39912e-5
4.60898e-5
6.65301e-6
-4.09805e-5
0.000103818
-7.97497e-5
-4.68688e-5
-1.77465e-6
1.16167e-5
-2.11662e-6
-1.08057e-5
-7.8365e-6
5.03481e-5
4.04302e-5
-9.84524e-6
1.62768e-5
-2.91128e-5
1.49172e-5
-2.9711e-5
5.20822e-5
-6.01207e-5
-0.000610347
0.000540821
0.000587582
-1.51764e-6
4.83717e-6
-4.71596e-6
1.73994e-6
-0.00112222
0.00131371
-1.96164e-7
5.16287e-7
-5.60792e-7
3.10499e-7
-0.00217343
0.00263965
-1.74019e-8
1.73123e-8
-3.02513e-9
4.00933e-8
0.00238164
-0.0018031
-0.00102681
0.00020995
3.75255e-8
1.52088e-8
-0.000181808
0.000886386
-8.25957e-7
-5.07856e-7
1.81248e-7
6.17736e-7
-1.92188e-6
0.000343546
-0.000798105
0.000330419
-0.000436309
-1.95133e-5
6.0839e-6
2.17334e-7
1.29652e-5
-1.55985e-5
-0.000198428
0.000243612
0.000163914
3.97486e-5
-5.45688e-5
-1.23337e-5
0.000202594
-0.00262556
0.00203356
-0.000540986
0.00318381
0.00490612
-0.00590815
0.000224624
-2.88631e-5
8.05912e-5
-5.65676e-5
0.000212349
0.00816213
-0.000344704
-0.00886048
0.000388327
0.00642112
-0.000329073
0.00770725
-0.00733332
-0.000606582
0.000470844
-0.00378247
0.000438801
0.00311141
0.00073817
-0.00060146
-0.00332368
-0.00566949
-0.000247902
0.018362
-0.0100154
-0.000146332
0.000446818
-0.000228735
-0.00307466
0.00522503
-9.38116e-5
6.57258e-5
0.000878176
-0.000577023
-8.68923e-5
-1.07658e-5
0.000235026
0.000114902
-8.83343e-5
9.24068e-5
-5.88184e-5
4.6943e-5
-0.000155861
4.72951e-5
-0.000137776
9.62594e-5
-2.99282e-5
1.09008e-5
-0.000494577
0.000282266
-1.22175e-5
-0.0001576
8.3022e-5
0.000724463
-0.000367111
1.42524e-5
-4.46792e-5
-4.18527e-6
1.27465e-5
0.000723379
-0.000976372
4.17355e-6
-9.34908e-5
-3.37777e-5
0.000187199
-8.0592e-5
-0.00022699
5.89765e-5
-5.94177e-5
-7.0901e-5
9.95063e-6
-0.000218972
-0.00219023
0.000848769
-0.000395136
0.000245554
-0.000664235
0.000240258
0.00278607
0.00143105
0.000779922
-0.00237989
0.00079134
-0.000481469
-0.00218514
0.00043358
0.00093028
-0.002922
-0.0010741
0.00263517
-0.0010424
0.00255066
0.00221778
-6.15079e-6
0.00264977
-0.00407717
0.00124685
-0.00336759
0.000259977
0.000847299
-0.00251813
-6.04456e-5
0.0326574
0.0274162
-0.04108
0.00853595
-0.0207536
0.0106137
-0.00406309
-0.000983151
0.00379597
-0.00579763
0.00850983
-0.0201454
0.0229673
0.000116896
-1.02233e-5
0.000349012
-0.000687588
0.000747759
-0.000642371
0.000376594
-0.000198612
-5.14521e-5
-0.000446238
0.000199386
0.000358077
0.000422099
-0.000290772
0.00023804
-0.000111058
0.000343966
0.000168936
-0.000320682
-4.65865e-5
-0.000165655
0.000407036
-0.000259438
6.81219e-5
-1.52272e-6
-7.9252e-5
0.000137065
-8.70782e-5
0.000105
-0.000185664
8.43621e-6
-0.000185226
0.000584804
-0.000388025
-0.000680191
4.64463e-5
-2.53866e-5
0.000365866
-0.0005251
4.10247e-6
-1.39871e-6
0.000505125
-0.00102545
9.89012e-7
-7.2203e-7
0.00123693
-0.00148688
1.17485e-7
-1.5348e-7
0.000379502
0.00129779
-1.22468e-8
-5.15784e-9
8.05141e-8
1.2984e-8
0.00101502
-0.00250239
-0.00134641
0.00276794
-1.24245e-8
-1.41157e-7
0.00145902
0.000435422
-0.000719952
-4.18721e-7
4.29975e-6
-2.07782e-5
-8.80928e-5
-0.000779299
-0.000373611
0.00122975
-0.000998548
9.38821e-5
0.00148003
-0.00435783
-0.000156396
-0.000314247
0.000695748
1.35278e-5
0.00822834
-0.000548719
-0.0101819
0.000862358
0.0103094
-0.000875983
-0.00790295
0.000684653
0.00521023
-0.000491909
-0.000591839
0.00036038
0.00626383
-0.00242925
0.000747039
-0.000568069
-0.00568503
-0.00720788
-0.000292785
0.00703932
-0.00360378
-5.04212e-6
4.59474e-5
-2.33068e-5
7.40462e-5
-1.30132e-5
0.000677974
-1.69529e-6
1.46087e-5
-4.61641e-5
2.56268e-5
0.000150036
-7.13255e-5
4.96873e-5
0.000477356
-0.000491143
-0.000101524
8.78697e-6
0.000450539
-6.75839e-5
-0.000945255
0.000357978
3.71665e-5
2.78619e-6
-0.000954472
0.00156073
0.000364278
-0.000584943
-0.000228245
0.00168008
-0.000238562
0.000375242
0.00207939
0.000851233
0.000589871
0.00112061
-0.00209086
-0.00119035
-0.000846211
0.00689098
-0.00489296
0.00381171
-0.00216171
0.00722749
0.000335205
-0.00771809
-0.0131944
0.00486158
-0.00804062
-0.00419283
0.00913518
0.0137785
-0.0189329
0.00604308
0.00521556
-0.0117164
0.0129823
-0.0233717
-0.000962067
0.0106564
-0.00404456
0.00318978
0.00323234
-0.00873115
0.010964
-0.0110051
0.0111286
-0.00784579
0.00472559
-0.000215349
0.000446809
-0.000548161
-0.000101683
-0.000219862
0.000490377
-0.000570168
0.000444786
-0.000210317
-4.21159e-6
0.00022822
-0.00053272
-0.000564355
0.000710052
0.0001182
-0.000225406
0.000193965
-0.000357657
0.000618655
-0.000616398
-0.000592929
0.000403552
9.07544e-6
5.58548e-5
-0.000238504
-4.16704e-5
0.000184751
-0.000184304
0.000181712
-0.000333762
0.000268791
0.000426272
-0.000149325
0.000240751
0.000219044
-0.000236894
0.000286897
-0.000195628
0.0001281
-0.000265887
0.000517094
-7.44793e-5
4.59518e-5
3.32389e-5
0.00064208
0.00134866
-0.00123799
-5.17614e-6
0.000387347
0.00050126
4.80576e-6
1.5496e-6
4.936e-7
0.00115434
-0.00272775
-3.91921e-7
1.48718e-7
0.00361217
-0.00353203
3.29612e-8
-1.35773e-8
-6.06617e-8
6.58445e-8
-2.66423e-8
-0.00196346
0.00256393
-0.00108109
0.000424175
-8.4118e-8
-3.55089e-8
4.23801e-7
-2.76258e-6
-2.4069e-6
0.000200586
0.000506999
-0.00166354
-2.1682e-5
0.00126909
-0.00196696
-0.000303976
0.000110901
-7.09379e-5
0.00066315
-0.00216075
-0.00109132
0.00188364
-0.000819368
0.00519799
-4.08393e-5
-0.00875527
0.00104931
0.011506
-0.00170573
-0.0116468
0.00175801
0.00889909
-0.00136152
-0.00445937
0.000846856
-0.00124441
-0.000464928
0.00844845
0.000359384
0.00984007
-0.0125775
0.000535051
-0.000395636
-0.00215558
0.00302904
-0.00575334
-0.000120492
1.39899e-5
-7.96587e-5
7.46309e-5
0.00286897
-0.00589987
4.03103e-6
-4.18063e-6
-0.00145425
0.00334821
-0.00144003
-0.000229824
7.16035e-5
3.61705e-5
-3.17252e-5
3.91794e-7
-2.45918e-6
-0.000214225
0.00108346
-0.0013558
0.000985044
-6.3998e-5
5.00241e-5
-0.00120957
0.00103508
-5.5749e-5
-3.10393e-5
-0.00171705
-0.000389529
-0.00198011
-0.00694847
0.00733477
0.00126861
-0.0020283
-0.000793165
-0.00788209
0.00833247
-0.000688171
0.00330511
-0.00266635
-0.00136247
-0.00625249
-0.00418734
0.00931566
0.00844454
-0.0112966
-0.0114415
0.00743808
-0.014062
0.0218121
0.0121062
-0.0241078
-0.0117081
0.0209329
0.0361157
-0.0251028
0.0212417
0.0275779
-0.0197294
0.0292293
0.0164614
-0.0277558
-0.00917432
0.0194052
0.00228606
-0.0154508
-0.000476272
-0.0551677
0.0143282
-0.005191
-0.00699462
0.0160212
-0.0182251
0.0141276
-0.00615863
-0.0057166
0.0251435
-0.0340532
0.000314139
-0.0007625
-1.7776e-5
-0.000200952
0.000260484
-0.00015503
-2.72553e-5
0.000175104
-0.000253887
0.000250248
-3.39297e-5
5.17616e-5
0.00107741
-0.000857786
0.000695338
0.000585506
-0.00127985
0.000739406
-0.0008372
-0.000462134
0.000357443
-0.000520454
0.000401501
-0.000309063
-0.000376674
0.000425478
-0.000507806
0.000229716
-0.000166134
0.000680957
-0.00118864
-7.30639e-5
5.20875e-5
-7.25211e-5
5.39483e-5
9.8119e-5
-0.00136805
0.00193602
-0.00131968
0.000914819
-3.47927e-5
6.2049e-5
-4.45109e-5
2.38472e-5
-0.000198435
-0.000641104
-8.2364e-6
1.9903e-5
-1.39388e-5
6.18081e-6
2.20143e-6
-0.000602674
0.0014972
-0.00233712
0.0035288
-4.64975e-7
6.8327e-8
-0.00372752
0.00321653
-1.59384e-8
8.90967e-8
-2.88078e-7
-0.0020858
0.000658709
0.000531088
1.08941e-6
-2.99919e-6
1.35856e-5
-0.00183123
0.00349525
0.00205633
-0.0046315
7.12044e-5
-0.000459158
0.00160933
-0.00298677
0.00124491
-0.00421541
0.000163397
0.00785448
-0.00164432
-0.0109401
0.00272122
0.0116208
-0.00295161
-0.00908123
0.00238259
0.00439804
-0.00149217
0.000674086
0.000746725
-0.00439222
-0.000321928
0.00571204
0.000128605
0.00492662
6.93883e-5
-0.0237145
0.0184061
-1.62691e-6
1.39954e-6
1.00803e-6
-0.00794543
0.00192966
0.00171379
3.07346e-5
-5.14302e-6
2.07829e-6
-0.0041424
0.00499722
-0.00475545
0.000354212
-0.000118404
0.00460722
0.00169667
-0.00414213
-0.00481156
0.00452691
0.00156505
-0.00088428
-0.000465236
0.00110751
-0.000126653
0.00126966
0.00224286
-0.00511359
0.0123559
-0.00831479
-0.0074175
0.00942493
0.00493668
-0.00496621
0.00751318
0.0169777
-0.0158149
0.000768238
0.00142349
-0.00441511
0.00161501
0.00482461
-0.0144644
0.00814198
-0.0127379
0.0176206
-0.00875729
0.0189184
-0.0276807
0.0374215
-0.090592
0.0482803
-0.0301473
-0.0517986
0.0643801
-0.0297039
0.0417638
0.0321409
-0.216075
0.174893
-0.0197626
0.00419206
0.0119349
-0.0239672
0.0262316
-0.0179571
0.00350368
0.0119674
-0.0246549
0.0416154
0.00109597
-0.00175888
0.00142995
0.000696041
-0.000438325
0.000196291
-5.92309e-5
4.39786e-5
-0.000140129
0.00026776
-0.00032841
0.000282025
-0.00012924
-0.00012036
-0.000452313
0.000558426
0.000595206
-0.00057624
0.000687005
-0.00150228
0.000980543
-0.000747009
-0.000541243
0.000517506
-0.000498621
0.000519136
-0.000378279
0.000280746
0.000554847
-0.000653949
0.000775939
-0.000203193
0.00013831
-0.000920664
0.00117712
-9.64793e-5
8.02515e-5
-5.2203e-5
-0.00159107
0.00141143
-0.000823924
2.9867e-5
-1.8099e-5
5.14941e-5
0.000815112
9.54812e-6
-4.39212e-6
-2.0806e-6
-0.00161086
0.00198878
-0.00235904
8.02373e-7
-2.52446e-7
0.00246728
-0.00198043
2.69774e-8
2.54013e-8
-2.53938e-7
0.00102511
0.000180314
-0.00153908
3.4942e-7
9.16668e-7
-1.00549e-6
0.00290811
-0.00530994
0.00530761
8.66305e-5
-4.16113e-5
3.59526e-5
-0.000300619
0.000426314
0.00424968
-0.00691933
0.00269735
-0.00126291
-0.00150689
0.00301855
-0.00020019
-0.00586302
0.00204986
0.00871432
-0.00356174
-0.00973496
0.00411405
0.0077652
-0.0035483
-0.00340693
0.00234676
-0.00164208
-0.00120224
0.00640522
0.000504957
-0.00990844
-0.000170949
-0.0202322
0.0242298
-0.000138264
0.000122177
0.0195492
-0.0183249
0.0178739
-0.00906947
-5.29434e-7
3.46134e-7
-1.44115e-5
0.00378894
0.00142122
-0.00614044
-2.43604e-6
5.8076e-6
-7.57175e-7
0.00968329
-0.0110345
0.00994164
-0.000281403
5.86041e-5
-0.00794998
0.00565248
-0.00581712
-0.00266301
0.000929169
-0.00219919
-0.0013221
0.00418435
-0.0245522
0.0136942
-0.00676168
0.0057763
-0.0415961
0.0340024
-0.00204882
-0.000970802
0.00432066
-0.000422295
-0.0050244
0.0252234
-0.00828742
0.0133906
-0.0199578
0.00903365
-0.0208232
0.0327599
-0.0458423
0.0802149
-0.0521639
0.0336004
0.0740534
-0.0721725
-0.0574203
0.0916683
0.173041
-0.168095
-0.167644
0.172924
-0.109544
-0.0361701
0.0211022
-0.00251481
-0.0158602
0.0296732
-0.0319289
0.0199681
0.0017298
-0.0267224
0.0559579
-0.084927
0.207619
-0.000413762
0.00145422
-0.00149244
0.000350244
-0.000248971
0.00019347
-0.000221814
0.000318557
-0.000412731
0.000420267
-0.000303599
0.000102073
0.00018379
-0.000361262
0.000521412
-0.000518823
0.00188264
-0.00153912
0.000811781
0.000543397
-0.000567395
0.000573352
-0.000451642
0.000306025
-0.000208147
-0.00067205
0.000792946
-0.000911511
0.000140059
-9.09802e-5
0.00103322
-0.000990701
7.78922e-5
-9.31396e-5
4.37893e-5
0.00139111
-0.00142215
0.000829314
-1.79147e-5
1.52131e-5
-7.39613e-5
-0.000588188
-7.31357e-6
6.55349e-6
7.36841e-7
0.0014209
-0.00127993
0.00110331
-5.33634e-7
2.32766e-7
-0.00102723
0.000724947
2.30103e-8
-3.0489e-7
1.38111e-7
-7.15671e-5
-0.000868998
0.00252347
-9.29631e-7
4.05844e-6
-4.12648e-6
-0.00550893
0.00698458
-0.00567968
-2.97236e-6
0.000335256
-0.000306587
0.00589882
-0.00175057
0.000783318
0.00144504
-0.00187345
8.60446e-5
0.00372973
-0.00208199
-0.00578202
0.00387463
0.00670777
-0.00480249
-0.0053358
0.00446207
0.00183115
-0.00319073
0.00233565
0.00171404
-0.00605901
-0.000655946
0.0113111
0.000191056
-0.0151178
-3.63123e-5
0.0160614
-0.0115488
0.00483613
1.65969e-6
-5.74804e-6
1.72567e-5
0.000388161
-0.00498419
0.0105376
-1.88796e-5
1.49781e-6
-1.73221e-6
-0.0145291
0.015519
-0.0135347
-2.41621e-5
3.82037e-5
0.00872853
-0.00572856
0.00849099
0.00159326
-0.000217597
0.00206475
0.00200076
-0.00301804
0.0477048
-0.023013
0.00517089
-0.00724883
0.103957
-0.0675357
0.00295921
0.00049513
-0.00352357
-0.00356512
0.000972692
-0.0581852
0.00703173
-0.0121547
0.0174836
-0.00544276
0.0200138
-0.0387584
0.0764081
-0.0713856
0.0490971
-0.0316867
-0.0946617
0.0760484
-0.076452
0.153072
-0.12503
0.0938387
0.0201747
-0.0135783
-8.39536e-5
0.0175514
-0.031295
0.0338543
-0.0206096
-0.00467748
0.0322173
-0.057784
0.103097
-0.13336
-0.000296588
-0.000613799
0.000784937
0.000295359
-0.000220554
0.000251158
-0.000335433
0.000410316
-0.00040248
0.00028982
-9.58554e-5
-0.000114193
-0.000240669
0.000214697
0.000310274
-6.76591e-6
0.000492487
-0.00032196
-0.000472914
0.000581486
-0.000506267
0.000229397
-0.000203553
0.000120808
0.000628224
-0.000749895
0.000823264
-8.91824e-5
4.55404e-5
-0.000882727
0.00107483
-3.36117e-5
6.45932e-5
-3.67431e-5
-0.000952364
0.00161176
-0.000802054
1.81081e-5
-7.87057e-6
2.71755e-6
0.000398845
6.21011e-6
-6.20462e-6
1.84145e-7
-0.000750756
0.000387876
-0.000193931
2.53968e-7
-2.96224e-7
0.000207847
-0.000109059
7.27131e-8
5.04806e-7
7.67673e-7
-0.000226724
0.000538687
-0.0010373
-1.80972e-6
6.05753e-6
-2.65887e-5
0.00178592
-1.96813e-5
-0.000165363
-0.00163025
-0.000120031
0.000725276
-0.000740903
-0.00359802
0.00547973
0.00108441
0.000530623
-0.00205652
0.00177451
0.00320865
-0.00361091
-0.00375443
0.00479227
0.00284236
-0.00477259
-0.000373751
0.00365852
-0.00267806
-0.00218769
0.00454432
0.000916867
-0.00753096
-0.000286132
0.00726945
-0.00730194
0.00532952
4.95476e-6
1.30068e-6
9.05027e-7
-2.93389e-5
-0.00407315
0.00617691
-0.0117732
5.22843e-6
-3.08385e-6
2.21445e-7
0.014835
-0.0137788
0.00887869
0.000142213
-3.74703e-5
-0.00202119
0.00167279
-0.00706048
0.00103839
-0.000472271
0.0030827
-0.00210892
0.00448908
-0.0772613
0.0301379
-0.00451424
0.00609744
-0.199906
0.129386
-0.000843678
-0.00104945
0.00293386
0.0290446
-0.0925509
0.18946
-0.00450586
0.00850534
-0.00918556
-0.00605146
-0.0103145
0.0153916
-0.0244202
0.0595211
-0.0377535
0.0220311
1.12269e-5
0.018317
0.0706152
-0.0646034
-0.0408983
0.0265134
-0.00229568
-0.0170847
0.0296636
-0.032969
0.021441
0.00273332
-0.030348
0.0456283
-0.0744743
0.0778243
-0.0748302
-0.000169449
0.000270659
0.000273949
-0.000552689
0.000186078
-0.000147421
0.000161894
-0.000187955
0.000247005
-0.000293802
0.00029825
-0.000188723
3.2891e-5
6.6905e-5
-0.000140066
-0.000188742
0.000147356
0.00013137
-0.000204128
0.000110887
-0.000286875
-0.000201455
0.000322364
-0.000424578
0.000394416
-8.45203e-5
0.000107148
-8.48251e-5
-0.000396407
0.000554143
-0.000597513
8.57021e-5
-8.51198e-5
0.00060158
-0.000597583
-8.4405e-6
6.72609e-5
-0.00111001
0.000593746
1.10237e-5
-7.65458e-6
-5.40441e-6
0.000118728
6.71584e-6
-4.80873e-6
1.44351e-6
3.76018e-5
1.26274e-6
-4.54267e-7
1.87734e-5
-3.67565e-5
-3.48302e-7
8.42246e-7
-9.69731e-6
-5.02928e-5
-7.6763e-7
-9.23616e-7
-1.74103e-6
0.000167194
-0.000250932
0.000489856
6.6887e-8
-8.72358e-6
1.64166e-5
-0.000987015
0.00182377
-7.39677e-5
0.000154657
0.00259324
-0.00344056
-0.00149384
0.000758528
4.8266e-5
-0.00087951
0.000881036
-0.00454946
0.00148567
-0.000621898
-3.00982e-5
0.00106217
-0.00176433
-0.00151742
0.00308079
0.00171011
-0.00433113
-0.00113377
0.00439142
-0.000334567
-0.00360298
0.00174917
0.00192013
-0.00359187
-0.000676794
0.00448765
0.000142946
-0.00461317
0.00261951
-0.0043795
0.00110312
9.60704e-6
2.81037e-5
-2.2259e-6
9.32727e-6
-4.85487e-5
-0.00210226
-3.98223e-8
0.00433244
-0.0063681
0.00831896
1.07128e-5
-2.37545e-6
9.85462e-7
-0.0104114
0.00756767
-0.00102846
5.13177e-5
-2.70881e-5
-0.00602398
0.00920238
-0.00301315
-0.000172326
2.7606e-5
-0.00891008
0.00876159
-0.00396938
-0.00287635
-0.00449851
0.00295013
-0.00254221
-0.000590184
-0.0012811
0.00240329
-0.00291027
-0.0172429
0.0242075
0.00550206
-0.0154108
0.00329374
-0.00453709
0.00344688
0.00677429
0.00399946
-0.00590164
0.0112901
-0.0370732
0.0188705
-0.00920567
-0.0127954
-0.0204041
0.0246997
-0.00633415
0.00959765
0.0323642
-0.0526585
-0.0523986
0.0382436
-0.023553
0.034551
-0.00600419
-0.00376228
0.0210093
-0.0278985
0.032218
-0.0235858
0.00477598
0.0148465
-0.0360843
0.0460159
0.00019634
0.000209996
-0.000378377
-0.000189621
0.000126405
-0.000145843
0.000157069
-0.000150222
8.1809e-5
-1.22312e-5
4.78288e-5
-2.4577e-5
-5.87739e-5
2.30728e-5
0.000185344
-0.000106311
0.000104967
0.00018342
-0.000137623
-0.000191611
-3.49895e-6
-2.26531e-5
-0.000303875
0.00023092
0.000343549
7.5625e-6
1.52038e-5
-0.000335059
0.000288377
-2.1525e-5
-3.47529e-5
2.14483e-5
-0.000186112
0.00013291
-3.57947e-5
-9.90288e-6
7.46565e-6
-4.90617e-5
2.37759e-5
-7.52023e-5
1.66637e-5
-4.89593e-6
4.52647e-6
3.39113e-5
-1.50006e-5
-4.98549e-5
-5.1016e-6
-1.66581e-6
6.39754e-7
2.20052e-5
-7.33872e-6
6.97914e-7
-2.15601e-6
6.8771e-6
4.55339e-6
1.05949e-5
-1.01807e-5
1.93365e-5
-5.57514e-5
1.25104e-6
-0.000154675
3.04195e-5
-5.96457e-5
0.000143548
0.00598178
-0.00305112
0.000423345
0.00392007
0.000232815
-0.000949551
0.000623897
0.000455567
-0.00426917
-0.000792557
0.00207727
0.000664432
-0.00242925
-0.000654789
0.00401189
0.000331556
-0.00382513
0.000357041
0.00279653
-0.00122138
-0.00159677
0.00164633
0.000526629
-0.000798415
0.00141334
-0.000458598
-0.00126395
-4.23989e-6
4.64587e-6
6.60071e-5
0.00192572
-0.00217608
0.00264224
-0.0015908
0.00382825
9.7902e-8
-2.91946e-7
-0.000963744
-0.00517645
-7.97567e-6
5.16721e-6
0.0123907
-0.0113101
0.000112112
-3.88052e-6
0.0111365
-0.00764055
0.00136511
-0.000124767
-0.000145281
-0.000113832
0.0041531
-0.00204765
0.00153793
-0.00111943
-0.000472319
0.000388733
0.000132024
-6.42134e-5
0.000486603
0.00032588
-0.00104212
-1.79106e-5
-0.000305315
-0.000343577
0.00864929
-0.00791439
0.00010541
-0.00457468
0.00102774
-5.62145e-5
-0.00558139
0.000584895
-0.00141686
0.0190788
-0.0366752
-0.0258288
-0.0120937
0.0089352
-0.00929667
0.0141423
0.0188982
0.00493358
-0.0334102
0.0261006
-0.0348617
0.0275831
-0.0121126
-0.00343028
0.0143987
-0.0104614
0.0176722
0.000177709
-0.000383622
0.000143865
0.000196949
-0.000175915
-6.37447e-5
6.11797e-5
-6.22577e-5
6.88739e-5
-3.93771e-5
9.74651e-6
-6.43855e-6
1.78662e-5
-8.93753e-6
-1.12562e-6
2.79552e-6
-9.23518e-5
5.99094e-5
-1.49732e-5
0.000254429
3.27247e-5
-6.03369e-5
7.33871e-5
7.29837e-5
-6.58085e-5
2.0107e-5
-3.5621e-6
1.21933e-6
3.0852e-6
-6.55266e-6
8.85691e-5
-0.000146318
-0.000206594
0.000116244
-3.25105e-6
5.23194e-6
0.000173043
-8.2974e-5
-0.000129889
3.16939e-6
-4.47348e-6
8.56177e-5
-9.96931e-6
2.69729e-6
-2.63499e-6
3.21132e-6
-6.9559e-6
2.01747e-6
-2.07346e-6
1.55986e-6
2.80389e-6
1.15182e-6
-1.74336e-7
-3.28961e-6
-9.79882e-7
3.35568e-6
5.53419e-6
-1.54654e-5
6.70819e-7
-3.26374e-6
5.38102e-5
-8.37372e-6
1.18436e-5
1.35036e-5
-2.33052e-5
2.00382e-5
-2.76959e-5
-1.22308e-5
4.47474e-5
6.64266e-5
0.000396321
-0.000522915
-2.48615e-5
7.83886e-5
-0.00010996
0.00180343
-0.00353173
0.000268217
-0.000479034
-0.0109448
0.00917584
0.00357655
0.000325464
0.00356166
7.01926e-5
-0.000548546
0.000709664
-0.00184773
0.000370275
-0.000249766
0.00212731
0.000193633
-0.00379875
-5.64736e-6
0.00416174
-0.000455951
-0.00272649
0.000602259
0.00149218
2.08451e-5
-3.85088e-6
3.9581e-5
0.000145902
-0.000417518
-1.51264e-5
-3.12594e-5
-1.7607e-5
2.79217e-5
-0.00017361
0.000924499
4.06941e-6
-0.00105164
0.000674064
-0.00119722
-0.000668795
1.11593e-6
8.43203e-7
7.84268e-7
-2.69006e-6
-3.93468e-6
-3.24753e-5
0.00309677
-0.00199041
-0.00666227
0.00648321
-6.37311e-7
-7.02033e-7
1.19993e-6
5.98854e-8
-0.00932195
0.00815062
-1.72434e-5
4.62588e-6
-0.00533245
0.00363982
-7.8052e-6
4.59328e-5
-0.00108334
0.000594075
0.000165675
-7.86972e-5
0.000255997
-7.67062e-5
-0.000278903
2.97307e-5
6.13206e-5
0.00320967
0.000198903
-0.000234214
0.000272877
-0.000947416
-5.5769e-5
0.00262333
-0.000350128
-0.00135989
0.00180186
-0.00407334
-0.000289571
-0.000365545
0.00318213
-0.00202667
-0.0113426
0.00265051
0.00467999
-0.00199492
0.0014623
0.0214132
0.0664192
-0.0550865
-0.0195549
-0.019737
0.00381991
-0.00154206
0.00368872
-0.00456488
-0.0205899
0.0376058
-0.0234834
0.0380766
-0.0389744
0.0204584
-0.00698016
-0.00351008
0.0024567
8.59034e-5
-0.000279221
-3.10135e-5
3.69512e-5
-5.07676e-5
4.15288e-5
2.94339e-5
-3.07243e-5
1.44623e-5
1.849e-5
1.29689e-6
1.2512e-7
-5.91377e-7
-8.75226e-5
9.27459e-5
0.000117159
7.15192e-6
-1.47419e-5
-2.03309e-5
1.01915e-5
1.91789e-5
4.40626e-7
2.89175e-6
4.56351e-5
-1.88767e-5
-4.25457e-5
-1.53886e-6
7.97587e-7
-6.9925e-7
7.61372e-7
3.01995e-5
5.84131e-5
-1.95244e-5
-2.74638e-7
-7.30547e-7
-4.59236e-5
1.24454e-5
2.31054e-8
-3.5479e-7
-5.10089e-7
-5.32953e-7
5.57461e-7
-6.7494e-7
-3.59063e-7
1.02003e-6
5.65799e-7
-5.05468e-7
-4.20513e-7
1.45416e-7
-4.7612e-7
9.22344e-7
3.34489e-7
-3.31075e-7
-5.25156e-6
2.5899e-6
-2.14584e-6
3.13835e-7
-9.28108e-7
-2.30827e-6
2.92429e-6
-1.68278e-6
-3.3381e-6
3.03651e-6
6.68975e-5
-1.55358e-5
0.000129567
-1.53384e-5
9.26176e-5
-7.6716e-5
-0.00351067
0.00365517
8.59829e-5
-0.000334262
-0.0101387
0.00573706
0.00251876
0.000223479
-0.000136643
-0.00114185
-1.40522e-5
0.000123689
-0.000130532
0.00755408
-0.00599985
3.86014e-5
-0.00478938
-0.000137873
0.000288951
-0.000212639
3.51377e-6
-6.38112e-6
-8.78212e-5
6.91811e-6
0.00038309
-0.00013441
-6.8631e-5
-0.00134585
0.000198979
5.11843e-5
-0.000114343
0.000251481
-1.70645e-5
-0.000711979
0.000741967
8.68768e-6
7.8393e-6
-0.00275104
0.0052647
-5.90206e-7
-1.49903e-6
-0.00722786
0.00803491
0.00496266
-0.00509658
3.37875e-6
-2.08499e-6
-2.30247e-6
9.62108e-7
-0.00414433
0.00397714
-0.00257692
-9.14257e-6
-0.00186546
0.00133578
-0.00103197
6.29604e-6
-0.000171001
7.99697e-5
-0.000146251
-3.41616e-5
9.72964e-6
9.18408e-6
-2.82963e-5
6.68305e-5
3.31048e-5
-0.00131726
-0.000732869
0.000353477
0.00015455
0.000172669
-6.93009e-6
0.000716737
-0.000514639
-0.00047037
0.000223492
0.000228885
-0.000150954
-0.0222321
0.0213023
0.057897
-0.0342671
-0.0105124
0.0141681
0.000186792
8.79299e-5
0.00335173
-0.00274534
0.0004687
-0.00114407
-0.00656304
0.067271
-0.0824226
0.0508563
0.0221713
-0.0198568
0.0109499
-4.34885e-5
-1.1296e-5
3.73867e-5
1.33602e-5
-1.37641e-5
-1.21958e-5
1.08501e-6
-3.43231e-6
-4.31961e-6
-2.16076e-5
1.98423e-6
-2.26767e-5
-4.32451e-5
3.24987e-5
1.61275e-5
-4.05451e-6
1.12008e-6
2.49165e-6
-3.86446e-6
-8.52636e-7
4.24906e-7
-6.48809e-6
1.21764e-6
-7.9098e-7
1.47634e-7
-4.78533e-7
6.8616e-6
5.90436e-6
-1.42973e-6
1.41803e-5
-3.94995e-6
-7.79016e-8
1.57007e-7
-8.75502e-6
1.86855e-6
4.60283e-6
2.42457e-7
1.21454e-7
-1.02613e-7
-9.76569e-7
6.59602e-6
-2.81263e-6
2.71653e-8
3.01028e-8
-1.5233e-6
9.65643e-7
8.85538e-7
-3.23267e-8
-1.19311e-7
2.18572e-7
-4.23121e-7
3.25051e-8
-4.02468e-7
1.22591e-7
-1.92489e-7
1.95153e-7
-5.21483e-8
7.26286e-8
9.35667e-7
-1.97617e-7
-1.45374e-7
1.56779e-7
4.31312e-7
-1.50993e-7
5.72823e-7
-1.12802e-6
4.12983e-6
-1.09502e-8
6.62861e-8
-2.07513e-5
2.56628e-6
3.68914e-7
2.52471e-6
-9.32272e-6
6.6668e-5
-1.20185e-6
5.69185e-6
-0.000878414
0.000266275
-2.66874e-5
-0.000846989
9.64796e-6
2.52977e-5
-3.23824e-5
-0.00274059
0.00165192
3.57023e-5
-0.000122458
-0.00123514
0.000887836
-1.16744e-5
0.000110467
4.16492e-5
0.000428451
-0.000157786
0.000843945
-4.36575e-5
2.22568e-5
0.00571931
3.22015e-5
2.41964e-5
-4.15565e-7
-1.18947e-5
4.45965e-5
-0.00118936
-0.00218355
0.00220819
0.000657081
0.000589942
0.00135327
0.00474101
-3.01998e-5
-0.000483347
4.5932e-5
0.000314879
4.20328e-6
-5.38522e-6
7.45803e-5
-7.68803e-5
-0.000236878
0.000452805
-2.21065e-5
-1.14999e-5
4.78594e-5
-1.40059e-5
-0.000993025
0.00180486
0.00150534
-0.00308983
2.45591e-6
5.91148e-6
-1.00686e-5
-1.94127e-5
0.00391676
-0.00207068
5.76759e-7
2.39833e-7
0.00146581
-0.00125364
2.49935e-6
1.80689e-6
3.1895e-7
-9.52239e-7
0.000381551
-0.000332645
3.49087e-6
-3.07667e-6
-5.31663e-7
4.39385e-7
-0.000138507
-4.2605e-6
2.16e-5
-4.88018e-7
3.86008e-6
-1.20166e-6
-1.57354e-5
1.1656e-6
3.70595e-6
-9.29242e-5
-8.91493e-5
3.09715e-5
3.71401e-6
-5.73812e-5
-2.58844e-5
-2.88226e-5
0.000148039
8.60367e-5
-0.000349146
0.000181592
-5.32019e-5
0.000253766
-0.000412467
-0.00165817
0.00513431
0.00536603
4.90929e-5
-0.000102129
-0.000114011
-7.12596e-5
-0.0097961
0.0161379
-0.000114334
-0.00213704
0.000997021
0.00451759
-0.0116106
-0.0647288
0.0115415
-0.0143286
-0.00751294
-0.00570273
0.00718578
-0.00541806
-0.00196869
0.00111708
0.0602409
-0.0517825
7.37162e-7
-3.16454e-7
4.20907e-6
7.46371e-6
5.837e-7
8.80218e-6
-1.39684e-5
3.72944e-7
-3.22358e-6
1.28489e-7
1.75122e-7
-1.44016e-6
2.04811e-7
-9.90524e-8
-1.43978e-6
4.96685e-7
9.07916e-7
-3.47731e-7
-2.18588e-8
-1.17602e-6
1.88771e-7
-9.86625e-7
2.05988e-6
3.49499e-7
-5.98083e-8
7.78872e-7
-8.94214e-8
-3.30269e-8
1.82146e-9
-4.19747e-8
2.96847e-7
-1.98187e-7
-3.91881e-8
-5.36867e-7
-5.05179e-8
3.25446e-9
1.07777e-8
-2.12397e-7
7.80087e-8
-3.73169e-9
-1.55264e-9
1.29471e-8
2.49327e-7
-1.36697e-8
2.80315e-8
2.19813e-8
1.16344e-8
-4.32416e-8
6.19876e-8
3.74735e-8
-5.65414e-8
-5.48002e-8
5.48401e-8
2.92765e-8
-3.95038e-8
-2.96521e-8
1.85493e-7
-2.50366e-8
1.94666e-8
-6.58139e-7
1.2718e-7
-1.06605e-8
8.64126e-8
-8.57956e-7
6.38545e-6
-3.95933e-8
2.27221e-7
-4.58445e-5
1.13088e-5
-6.16788e-7
7.57421e-7
-4.00992e-5
5.20555e-5
6.29585e-9
9.07171e-7
0.000142862
6.50883e-5
-1.05096e-5
4.2131e-6
-0.000490715
-4.06213e-6
-7.87574e-6
1.98544e-6
-0.00153366
0.000437341
-2.29039e-6
9.50632e-6
-0.00665219
0.00500307
6.91267e-7
-9.56519e-6
-0.00539409
0.00498521
-0.00226269
6.4383e-6
-1.39202e-5
-0.0031469
0.000891995
-4.83895e-6
0.000597891
4.14033e-6
-0.00108336
-7.30239e-6
1.84573e-5
-1.51348e-5
1.98764e-5
-3.92294e-5
-4.2035e-5
0.000105325
-7.68323e-5
5.42006e-5
8.54191e-5
-0.000330468
-0.000188945
0.000462955
0.000251542
-0.000653002
3.46143e-5
5.41101e-5
-0.000101396
-0.000130933
0.000632372
-0.00150724
-0.000422872
0.000398542
-6.16598e-7
-3.12136e-6
3.18424e-6
1.4057e-5
0.000863432
-0.000814684
0.000563297
1.97275e-7
0.000585825
-0.000471601
0.000389433
-1.20563e-7
0.000125271
-9.60272e-5
0.000140023
2.30505e-7
-1.73989e-5
8.1579e-6
1.57303e-6
-4.88231e-6
-2.46975e-6
-1.9533e-6
8.04665e-6
8.21895e-6
5.9146e-6
-8.59185e-6
-1.14767e-5
1.6137e-5
-4.29685e-5
-8.12643e-5
0.000282545
0.000289458
-0.000198097
0.000431302
0.000217177
-5.56068e-5
-0.000394247
-0.000372567
-0.00100545
0.003045
-0.000408846
0.00155841
-0.000419416
0.000336613
-0.00355722
-0.00699667
0.01869
0.076915
-0.0587698
0.0268906
-0.0571173
-0.0109813
0.0353944
-0.00642949
0.0122533
0.0115533
-0.0108141
0.00639821
4.59838e-6
-1.85172e-6
-4.95206e-6
3.91309e-7
7.12506e-7
-1.32882e-7
-1.04994e-7
4.01291e-7
7.64164e-8
-1.27079e-7
8.3486e-9
-9.81721e-8
-1.17131e-7
-3.88217e-8
9.5632e-8
-9.36648e-7
2.00055e-6
-1.79913e-6
6.7023e-8
3.58186e-8
-1.37003e-9
-1.9363e-8
1.17349e-8
-6.24138e-8
1.33672e-8
-5.11582e-8
8.80163e-8
2.74933e-8
-5.93728e-9
4.54291e-8
-8.94604e-9
-1.22614e-9
-3.61122e-9
1.56894e-8
-3.90805e-9
-6.80427e-9
3.44835e-7
-7.44802e-8
7.76809e-10
2.85274e-9
-1.38122e-7
3.40452e-8
-7.08365e-8
3.253e-8
1.99264e-9
-5.43573e-9
1.4612e-8
-5.48304e-9
-9.52297e-9
-1.6313e-9
1.37709e-8
-2.18426e-8
1.86897e-8
-1.47263e-9
1.5545e-8
-5.27053e-9
2.00749e-8
-2.33211e-8
2.02366e-8
7.44174e-10
-4.04769e-8
1.20924e-8
-2.08026e-9
-5.28599e-8
3.86441e-7
-6.10707e-9
9.4747e-9
-2.27933e-6
4.78787e-7
-1.94143e-8
1.08996e-8
-1.72032e-6
4.39852e-6
4.13339e-10
5.24291e-8
-7.80177e-6
3.11274e-6
-4.76408e-7
2.66294e-6
-1.98183e-5
6.18974e-5
1.05714e-8
-7.54292e-7
3.22018e-8
-1.0954e-6
0.000486749
2.71569e-5
9.37919e-5
-3.66687e-5
-0.0003239
2.96216e-6
3.81992e-7
-0.000241701
1.67853e-7
3.92613e-7
-2.14421e-6
8.53647e-7
1.21646e-6
-4.37015e-7
2.21697e-6
3.32773e-6
-8.30835e-6
-0.000370884
-0.000853096
0.000672899
9.86635e-5
-2.58334e-5
0.000793872
0.00189281
-4.58724e-6
1.51155e-5
-2.24266e-5
6.87686e-5
2.66849e-5
-8.65113e-5
0.000257286
0.000271039
-0.000563738
-0.000471841
8.71304e-5
-0.000246311
-9.86663e-5
0.000229559
-1.47017e-5
-5.05783e-5
5.58759e-5
0.000154105
-0.000385703
0.000292664
-6.26652e-8
4.66584e-7
-8.48245e-7
-2.46573e-6
-0.000189527
0.000147443
4.83245e-8
3.85437e-7
1.64228e-7
-6.66739e-7
8.09174e-6
1.22413e-5
6.84511e-7
-3.36114e-7
-4.18172e-7
2.63851e-7
2.39659e-5
-4.79503e-6
1.29936e-6
2.16745e-7
-2.38447e-6
1.66063e-6
-5.95077e-7
1.22605e-6
-5.39877e-6
1.46436e-5
-3.3227e-6
-4.88224e-6
1.67951e-5
1.70716e-5
6.09623e-5
-0.000212713
-8.9621e-5
2.79886e-5
-4.18531e-5
-2.3209e-5
6.01328e-5
0.000133409
-0.000986519
0.00194016
0.00157831
-0.000621515
-0.000494195
0.00041101
-0.00116926
5.21184e-5
0.00250193
0.00371322
0.00682052
-0.0153714
0.0067426
-0.00569187
0.00157099
-5.60187e-6
-0.0103792
0.0240471
-0.00852581
-0.00745712
0.0219074
-0.0218411
-3.81733e-7
-3.11151e-8
6.55139e-8
-9.22564e-8
-7.11055e-8
2.49241e-8
4.18377e-8
-3.64117e-8
1.57808e-7
-1.74541e-8
6.7409e-7
2.24105e-8
8.88364e-8
-1.69435e-8
1.18092e-8
3.12199e-8
4.71855e-9
-1.75173e-8
2.84779e-8
-1.21037e-8
-2.58019e-8
-9.03413e-9
2.69121e-9
-1.30207e-8
7.50203e-9
-3.21488e-8
-7.94636e-8
5.49597e-10
1.17356e-9
-1.63079e-9
1.40414e-9
-4.2381e-9
1.59594e-9
-3.35242e-9
3.98546e-9
3.59489e-9
-7.18871e-10
1.53448e-8
-2.83101e-9
-1.437e-9
1.17392e-9
-2.08073e-9
-4.16174e-10
6.967e-10
-2.40067e-10
-2.95683e-9
-7.17162e-9
3.64285e-9
-4.96591e-9
-1.88191e-9
5.57655e-10
5.49246e-9
-6.21263e-9
-3.02724e-9
9.02687e-9
-3.76117e-9
2.57386e-8
1.96256e-9
-4.87522e-9
-1.13319e-7
1.88428e-8
-7.64249e-10
-7.8724e-10
-6.43173e-8
1.94891e-7
5.42126e-9
-5.03706e-10
-6.18346e-7
1.65439e-7
-1.75256e-8
5.45689e-8
-8.13896e-7
2.44963e-6
1.33094e-9
-2.02647e-8
-1.10242e-6
1.85452e-6
2.15146e-7
1.96219e-7
2.25775e-5
-7.07769e-7
0.000111577
7.74174e-9
1.76293e-7
2.40713e-8
-3.72382e-8
0.00086009
-0.000297361
-0.00013073
9.95252e-6
6.37947e-8
-1.92882e-7
0.000255983
0.000820672
-0.00199461
-1.01933e-7
5.34409e-7
0.000975479
-0.00244928
0.000605275
-9.94492e-8
7.36863e-8
-0.00225098
0.00411074
0.000811808
8.97516e-8
-4.45228e-7
0.00259407
-0.00456377
-0.00203064
7.87398e-8
-4.06727e-8
-0.00244206
0.00318453
-2.97242e-8
1.12657e-7
1.61642e-7
-1.65077e-6
6.39301e-6
1.75344e-6
-7.34874e-6
0.00104105
0.00058968
-0.0016303
-0.000550941
8.56615e-6
-2.83719e-5
-1.24435e-5
3.84381e-5
-0.000179695
-0.000404666
0.000497155
0.000916295
-5.86232e-5
0.000145081
4.14259e-5
-4.55154e-5
3.20231e-6
1.06416e-5
-9.64823e-6
-4.10889e-5
-0.000100792
0.000112501
-6.81653e-5
1.7175e-6
-5.33201e-5
5.95088e-5
-5.727e-5
5.01674e-8
5.67791e-6
4.73097e-6
-7.99761e-6
-9.94941e-7
1.65708e-6
-3.83105e-7
8.27617e-7
1.3356e-6
-3.82268e-5
0.000146423
-4.65481e-6
-4.29906e-6
-3.42904e-6
-1.88729e-6
7.35077e-6
7.07476e-6
0.000621987
-0.00160963
-0.000585157
0.000241134
-1.75128e-5
-4.598e-5
2.43161e-5
-0.000334708
-0.00310369
0.00370226
0.00704331
-0.00354105
0.000460476
-0.00143263
-0.000926771
0.00222944
0.00341427
-0.00866059
-0.00375924
0.0242613
-0.00898475
-0.0403777
0.0225105
0.0458746
-0.0272992
-0.0332449
0.0287477
-0.0210427
0.015275
-0.00858736
-2.87943e-7
2.80811e-8
8.18181e-8
-1.76814e-8
-2.99997e-8
3.33801e-9
6.4234e-10
-9.54312e-9
-5.90072e-9
6.60723e-9
-1.62108e-9
3.42118e-9
5.2169e-9
-2.19756e-8
9.02867e-9
6.40354e-8
1.78271e-8
-1.01211e-8
-1.72917e-9
1.98101e-10
-8.92286e-10
-5.51352e-10
-7.45038e-11
-1.25621e-9
7.37142e-10
-1.20367e-9
2.40455e-9
-3.68519e-11
1.23476e-10
-1.00401e-10
1.86218e-10
-4.21724e-10
-2.96999e-10
2.92189e-10
7.45701e-10
-2.1922e-10
-3.19638e-9
1.22143e-10
8.45458e-11
-1.14506e-9
2.59245e-9
-2.87292e-10
1.47915e-9
8.87975e-10
-1.12595e-9
-6.97888e-10
-7.2455e-10
-3.59066e-11
6.42346e-10
1.15844e-9
-1.91335e-9
8.77287e-10
3.29253e-9
-1.60853e-9
-6.63864e-9
-1.47115e-9
8.22529e-10
-8.56375e-10
1.05668e-8
-1.62899e-9
9.52195e-9
-1.14786e-8
-3.28347e-8
-3.14584e-8
2.39778e-9
-1.41264e-8
1.77817e-8
-3.08593e-8
9.42394e-8
-2.10615e-8
-3.89179e-8
2.06658e-7
-2.15707e-7
-4.70528e-9
1.91782e-8
-1.1188e-7
-3.05056e-6
-1.80295e-5
9.18907e-9
-3.33494e-5
9.73359e-6
-9.65371e-9
6.164e-9
-4.20532e-6
3.62932e-6
-4.93706e-8
-2.78491e-8
-0.000129321
-1.593e-8
1.12739e-8
4.21517e-8
-1.39162e-8
-2.05831e-8
4.06274e-8
-2.15812e-7
1.31372e-7
-3.01959e-7
8.72596e-7
-0.00150578
0.00124538
-0.000119289
0.00199629
-0.000141487
-0.00400761
-3.05525e-7
8.62194e-7
-2.74558e-6
-6.20278e-7
3.53996e-6
-0.0011993
-0.00177581
0.0023816
0.00290148
-5.33294e-6
1.56875e-5
3.69887e-6
-2.64786e-7
2.52108e-5
0.000137348
-4.70297e-5
-0.000408172
-1.711e-5
2.15139e-5
-2.11375e-6
-7.18742e-7
-6.45533e-6
1.99065e-5
-4.61704e-5
4.90841e-5
-3.37971e-5
-3.84721e-6
4.72203e-6
-1.17704e-7
-1.95544e-5
2.68808e-5
-2.46604e-5
-7.66619e-6
1.74709e-5
-1.29393e-5
4.36032e-6
7.16493e-7
-1.30545e-6
4.86824e-7
4.01702e-5
-4.07295e-5
-6.63834e-7
-2.97608e-6
1.37749e-6
-2.37302e-7
-0.000366382
0.00100805
0.00010515
-9.62039e-5
-1.22084e-6
7.29675e-6
-5.00627e-6
7.1323e-5
0.00382473
-0.00984933
-0.00112857
0.0011129
0.000329479
-0.000177935
-0.000199167
-6.66081e-5
0.000151366
0.00313995
-0.00343812
0.0122313
-0.0127949
0.0138178
-0.0013164
-0.0115696
-0.00618051
0.0158805
-0.033873
0.0510521
-0.0548198
0.0422003
1.33842e-8
1.33206e-9
-1.25813e-9
2.06672e-9
2.95237e-9
-4.87154e-11
-2.62745e-9
-1.73205e-8
-3.11964e-8
9.93352e-10
-3.82198e-9
1.15174e-8
-3.04e-9
6.07849e-10
-1.80127e-10
-1.05315e-9
-5.56337e-10
9.10517e-10
-1.74122e-10
4.31117e-10
-1.378e-10
1.70965e-10
-2.44357e-9
8.12432e-10
3.89788e-9
-5.72556e-10
2.58034e-9
-1.22022e-10
-4.1483e-12
-1.74569e-11
-5.28485e-11
-2.16373e-10
-2.2583e-10
-3.31942e-13
-3.83468e-10
-2.04485e-10
-2.99855e-12
1.8884e-11
4.14315e-11
1.62741e-10
1.54451e-10
-3.751e-10
2.78187e-10
-1.19754e-10
-5.37382e-10
3.06762e-10
-1.62827e-10
-1.61178e-10
-7.02388e-11
1.88065e-10
5.71134e-10
2.48476e-10
-3.37641e-10
1.13298e-9
6.22995e-10
-3.06599e-10
2.37549e-10
-1.7352e-9
5.23668e-10
5.15168e-9
1.1864e-9
-1.81946e-9
-3.44793e-9
-1.19312e-8
-6.56334e-8
5.81158e-8
-5.34366e-8
4.42605e-8
4.85521e-9
2.14115e-8
-2.897e-8
-4.62357e-8
-1.75682e-7
1.22733e-7
-1.08818e-7
2.37611e-8
1.83485e-7
1.73576e-6
1.68836e-8
8.76898e-6
-4.53612e-7
-3.34764e-8
-8.28631e-9
-1.14535e-5
7.5523e-6
4.19176e-9
-5.65223e-9
1.74673e-8
3.4877e-5
0.000224287
-3.82597e-9
6.01883e-9
0.000436437
-0.000507426
-7.49424e-10
7.69791e-10
0.00173356
-0.00152259
2.25875e-9
-1.1714e-8
-0.00408364
0.00359491
2.93658e-9
-3.26526e-9
0.00616639
-0.00555098
-2.82939e-9
8.26851e-9
-0.00573518
0.00576067
6.27538e-9
-8.4838e-9
0.00321476
-3.04884e-8
-7.03048e-8
1.39356e-7
-2.73844e-8
9.48635e-8
-2.85291e-7
0.00516084
0.00382753
-0.00380779
-0.00381322
-0.00614341
-0.00214558
-6.77296e-8
1.94914e-7
1.18536e-7
-5.25618e-7
1.07705e-6
4.9033e-7
1.34042e-5
0.00126884
-0.00253938
-2.04072e-6
2.58051e-6
1.49633e-6
-4.3033e-6
-6.29121e-5
0.000161022
-9.6111e-6
1.15642e-5
-4.80844e-7
-2.58904e-6
1.29392e-6
2.87302e-5
-2.3619e-5
3.26237e-5
-1.82283e-5
-6.43063e-6
3.66471e-5
-2.28715e-5
-1.04944e-5
2.15412e-5
-1.584e-5
-7.44254e-6
0.000109932
-9.61338e-5
9.39079e-6
3.09777e-6
-6.12122e-6
2.37351e-6
0.000266911
-0.00027447
5.40874e-6
1.68842e-5
-4.46915e-5
2.90684e-5
-2.10611e-5
1.77991e-6
-0.00227559
0.00213955
-0.000772599
-5.07901e-5
3.07029e-5
1.53859e-6
-0.000133634
0.000279817
-0.00119727
-0.0204387
0.0250447
0.0141157
-0.0132606
0.0182161
0.0056135
-0.00537896
0.00575997
-0.00350433
0.00716879
0.0079913
-0.0156906
-0.0213791
0.033234
0.0333048
-0.0485576
-0.0252543
0.0473513
0.00649859
-0.0315329
0.00953113
-3.16104e-9
2.56713e-9
-9.802e-11
-1.42894e-10
2.4301e-10
3.51842e-10
-8.8063e-11
-2.08543e-10
1.23362e-10
-1.42441e-9
-4.53439e-10
6.69238e-10
-5.69417e-11
-5.1609e-10
4.32688e-11
3.1649e-10
6.40997e-11
-9.30036e-11
-7.92756e-11
8.17191e-11
-8.65492e-13
-1.8179e-11
2.25849e-12
3.14716e-11
-1.69353e-11
4.21968e-10
4.20746e-10
7.11085e-11
-2.69201e-10
8.818e-10
5.9976e-12
-1.06315e-11
7.22552e-12
-1.49373e-11
6.1084e-11
-3.70745e-10
-5.85676e-10
-4.24298e-10
-1.13103e-9
1.30871e-11
1.28314e-11
5.92627e-11
-8.83638e-11
1.80969e-9
3.30114e-10
-4.45501e-10
-4.01562e-11
-3.40252e-11
-9.75077e-11
1.14602e-9
5.03022e-10
1.2615e-10
8.49132e-10
7.90816e-11
-1.15243e-9
7.61527e-10
2.71906e-9
3.28958e-9
2.63452e-9
3.50854e-9
4.8561e-9
-5.5773e-9
-5.51694e-8
6.77849e-8
-5.97237e-8
8.20824e-8
-1.71315e-8
-9.82247e-9
-9.57429e-9
1.7082e-8
-1.96226e-8
-4.42834e-8
-2.28145e-7
2.41476e-7
-2.25264e-7
2.00197e-7
-4.60499e-8
7.42612e-8
-5.54449e-7
-1.03977e-7
-3.10846e-8
-2.76061e-8
-3.34627e-9
1.91961e-8
-5.75838e-9
1.63486e-9
-6.5492e-6
-6.9449e-5
-1.47665e-10
1.88597e-9
-0.000232309
0.000171048
6.23037e-10
-0.000304285
0.000346521
-1.97469e-9
-1.10131e-9
3.83096e-10
-3.54147e-10
0.00147691
-0.00134524
0.000190027
-0.00157839
3.21802e-10
-1.12493e-9
-0.00314559
0.00299051
0.00375238
6.14234e-11
3.70117e-10
0.00430073
-0.00448306
-0.0059516
3.24394e-10
-1.05552e-9
-0.00319769
0.00344238
0.00463865
-5.27988e-10
2.38948e-9
-2.1162e-9
-0.000956009
-0.00130266
-8.97742e-9
2.75303e-8
0.00467897
1.42692e-8
7.54009e-9
-1.20882e-8
3.31164e-8
-5.6309e-8
-5.5074e-8
-0.00151072
-0.00515145
0.00342784
0.00143457
0.00756475
-6.89531e-8
1.88517e-7
-4.11637e-7
6.07335e-7
3.09629e-7
0.000110825
0.000237809
-0.000469679
-0.0001376
-0.000922423
-1.41207e-6
1.67782e-6
8.25027e-7
-1.36539e-6
-9.20359e-6
6.76108e-5
-5.73658e-6
8.77652e-6
-3.35827e-7
2.30201e-5
1.22794e-5
-2.66664e-6
-2.15772e-5
4.95813e-5
-1.69404e-5
6.98041e-5
4.87837e-5
-4.74991e-5
-2.03303e-5
8.34936e-5
-6.69758e-5
0.000153762
0.000153118
-0.00015268
7.45681e-5
-2.03632e-5
-2.30656e-5
-0.000246014
0.000176994
-0.00143306
-0.00168271
0.00134764
-0.000415291
0.000567346
-0.000234454
2.03812e-6
0.000121136
0.000396108
0.0001663
-1.71237e-5
0.0121981
-0.0118609
0.00372964
-0.00445842
0.00218036
-0.00122038
0.00123711
-0.00380518
-0.00350956
0.0178126
-0.0216704
0.00561644
0.0132829
0.00401089
-0.0116375
-0.0106104
0.00836793
-0.00251585
0.0124473
-0.0327177
0.0205048
0.036172
-0.0358928
-0.0245733
-5.24993e-10
-3.42093e-10
2.71521e-9
-1.7325e-10
-6.75337e-10
-2.97159e-10
-1.17258e-10
7.07907e-11
-1.72858e-11
-2.37156e-13
-4.89411e-12
-2.90891e-9
1.64245e-9
-6.58265e-10
-1.06265e-9
5.56374e-10
-8.91925e-9
1.53931e-11
2.4394e-13
1.29462e-11
1.57784e-11
-1.17155e-11
-3.21058e-11
1.72033e-9
1.00937e-9
3.01371e-9
2.50129e-9
1.06762e-8
7.30703e-11
3.40678e-12
8.6763e-11
-1.18712e-10
-8.74022e-11
-6.65147e-9
-3.83481e-9
-1.25263e-8
-2.2519e-9
3.423e-10
1.1773e-10
1.94384e-10
1.81124e-10
1.68497e-8
4.46045e-9
-3.51574e-9
2.76643e-10
-1.57496e-9
-2.25367e-9
6.54023e-9
6.21857e-9
-7.9713e-9
1.79163e-9
3.72373e-9
-2.14249e-8
2.26871e-8
-1.29307e-8
3.66644e-8
-3.05481e-8
6.9117e-8
5.30607e-8
6.16953e-8
5.32274e-8
-7.25818e-8
-1.51958e-7
1.09408e-8
-1.52076e-7
2.26637e-7
-2.09669e-7
2.56038e-7
3.37793e-7
2.8874e-7
2.05788e-8
-1.48779e-6
2.36048e-6
-1.66639e-8
1.02609e-9
1.29305e-8
-4.32794e-9
3.14163e-9
8.44629e-6
-3.08436e-5
2.24996e-5
-2.06696e-5
-6.92603e-10
-1.11429e-10
0.000111945
-1.19537e-5
-0.000187458
1.38401e-8
-2.70379e-9
2.59629e-9
-3.4171e-10
0.00147189
-3.04278e-10
-7.40946e-11
-9.86785e-11
1.89323e-10
5.84962e-11
-5.91525e-10
1.52431e-9
5.97892e-10
-2.67747e-9
-0.00183674
0.0010747
0.00225254
0.00414877
-0.0043185
-0.00558914
-4.68275e-10
-0.00479054
2.35664e-9
-9.81818e-10
-3.7363e-9
1.90652e-8
-5.48883e-9
-0.00069805
-0.0008663
0.00262592
0.000823601
0.00246618
-4.25669e-8
-8.12191e-9
-4.8313e-7
4.25069e-7
4.79227e-7
6.96544e-5
-3.96385e-5
-0.000184207
-5.39822e-5
-0.000187902
-1.95904e-6
3.22924e-6
-5.65361e-8
1.18695e-5
8.008e-6
-3.60243e-7
-1.02955e-5
2.52485e-5
-5.4351e-6
5.55589e-5
-4.38211e-6
-4.16641e-6
-7.29603e-5
0.000172144
-0.000148196
0.000152772
-1.23674e-5
-1.36307e-5
0.000109099
-0.000204679
0.000273711
-0.000982899
0.000876138
-0.00109438
-0.000392213
0.000300628
-3.66049e-5
-9.46423e-6
-0.000708864
0.00069601
-0.00125508
0.00362661
-0.0020801
0.00757476
0.00612765
-0.00446588
0.00107917
-0.00137594
0.00343628
-0.000678557
-0.00225106
0.00476352
-0.00841507
0.0219526
-0.0208582
-0.00149651
0.0323818
-0.0310636
0.0273665
-0.0385544
-0.0125657
0.01819
0.0205892
-0.0192792
0.0156995
-0.0181838
7.85968e-10
7.83782e-10
-8.60349e-11
5.37659e-12
-7.87769e-9
3.16953e-8
-2.29271e-10
5.34068e-9
-3.83611e-9
6.9027e-11
-7.01187e-11
1.50087e-11
-2.15492e-11
-5.1176e-11
-4.81145e-11
-6.08639e-9
2.96797e-8
-3.53996e-8
-1.289e-8
-3.08209e-8
-1.30193e-7
1.13509e-10
1.06e-11
1.29682e-10
1.52205e-10
-2.08648e-10
-2.90899e-10
3.15352e-8
1.09868e-7
-7.09036e-9
1.05415e-7
-1.0773e-7
7.44154e-10
1.65272e-10
6.97359e-10
-1.08402e-9
-1.08403e-9
-8.8835e-8
-2.6652e-8
-3.73554e-8
-9.68205e-8
3.1711e-8
4.64692e-9
-1.59741e-10
3.85072e-9
3.71572e-9
-2.44022e-8
-5.21436e-8
-2.3649e-8
1.0418e-8
9.60789e-9
-6.234e-8
3.35396e-8
-1.8414e-10
-4.1111e-8
-2.29328e-7
-1.99658e-7
-1.33754e-7
1.04501e-6
-1.63084e-7
-3.5131e-8
8.47537e-8
-6.54184e-8
1.63552e-7
-1.00688e-6
-6.7983e-6
-3.52132e-7
-3.51678e-6
9.24822e-6
-1.44603e-8
1.61596e-8
-3.24947e-9
8.99406e-9
1.29024e-11
6.92211e-5
-0.0001454
6.12935e-5
-8.96656e-5
-9.35786e-9
-7.7231e-10
0.000183351
-0.000137624
5.07732e-5
-7.2584e-8
-1.11477e-8
9.48497e-10
-5.95162e-10
8.84355e-10
-0.00440498
0.00713731
-3.40362e-5
0.00181094
-2.01717e-9
3.33964e-10
0.00106246
-0.00217037
1.08613e-10
-3.91605e-11
-0.00317211
0.00410428
-1.56712e-10
0.00331144
1.28716e-10
-1.44549e-10
9.90217e-12
5.10065e-10
-1.60987e-9
-1.15407e-9
-0.000601653
0.00086326
0.00015
0.0012754
-0.00344066
-0.00202614
4.70914e-9
-0.00119501
-1.76943e-8
3.2091e-8
6.09791e-10
1.23307e-8
-4.3654e-9
-0.000174395
0.000101109
0.000508019
0.000134337
7.33876e-5
5.44231e-8
-1.54691e-7
1.74885e-8
8.37364e-7
-1.34423e-6
1.2046e-5
-3.26793e-5
-1.44657e-5
-2.9125e-6
1.78362e-5
5.10734e-6
-1.37673e-5
3.07505e-6
1.92702e-6
-2.26958e-6
3.34238e-5
-6.01145e-5
2.48465e-5
-1.03798e-6
2.38002e-7
3.1787e-5
-0.000477099
0.00119347
-0.0023542
0.00140194
-0.000442429
5.61842e-5
-2.60617e-5
1.46254e-5
-7.5719e-5
-0.00153865
0.00288998
-0.00494137
0.00779612
-0.00578289
0.00351032
0.000696169
-0.000272668
7.86658e-6
0.000425091
0.00648554
-0.00414161
-0.00539701
0.00806046
-0.00449956
0.00818809
-0.0133716
0.0117809
0.015698
-0.0112506
0.0104683
-0.0166945
-0.00302239
0.00468074
0.0116447
-0.0193411
-0.00671687
0.0162872
0.00595748
-0.0145465
-0.00173699
0.00651638
1.7038e-8
8.60842e-10
3.54792e-10
1.3355e-11
-1.81948e-7
2.66104e-7
-5.31434e-8
1.80147e-7
-2.87273e-7
-8.57493e-9
-1.82983e-9
-4.80815e-10
7.61475e-11
-2.37777e-10
-3.78008e-10
-5.09992e-10
-3.33282e-7
5.38991e-7
-9.03689e-7
2.06964e-6
-4.04087e-7
3.68023e-9
-1.89499e-9
-1.35053e-9
2.20452e-9
-3.00042e-9
-2.40814e-9
3.19639e-7
1.98776e-7
2.30871e-7
7.07143e-7
-9.02108e-7
-1.3753e-9
1.67557e-8
8.89797e-9
-5.58662e-9
-1.47208e-8
1.66813e-7
1.70108e-7
-1.39987e-6
-1.01422e-6
-1.04916e-8
4.15533e-8
5.86342e-8
6.61284e-8
3.09868e-7
1.71059e-7
-8.7681e-7
-1.15442e-6
-1.55389e-7
-2.61686e-8
2.68113e-7
6.27009e-7
-1.52888e-6
-1.21932e-7
-1.06244e-7
-1.54372e-6
-2.13865e-6
8.29937e-7
-1.06065e-7
-5.14684e-8
1.56579e-5
1.82006e-6
1.9749e-5
-2.34458e-5
8.01469e-7
-5.18497e-5
-2.56042e-7
1.46535e-7
-3.94356e-8
0.000369598
-0.000479083
0.00017327
-0.000425378
-2.61347e-7
1.3374e-7
0.000625967
-0.000139629
-1.37343e-7
-0.00111428
9.43986e-8
-3.40371e-8
9.64755e-9
-0.0101898
0.00921432
-0.00275591
0.00397928
-5.41002e-9
3.55775e-10
0.000883519
-0.000544862
-1.67976e-9
3.26344e-10
-0.00283454
0.0027261
-5.03659e-10
0.00339418
-4.17423e-10
1.41905e-9
2.43108e-9
-1.44244e-8
3.23068e-9
0.00136723
-0.000325899
-0.000499762
-0.00146596
-0.00355987
0.000304883
2.16931e-8
0.00024917
-8.45637e-8
-6.53735e-8
1.94558e-7
2.01921e-7
-3.36398e-6
-8.47966e-6
-2.93447e-6
-4.92157e-6
-0.000166441
-1.21759e-6
1.0629e-6
5.15514e-6
-4.30351e-6
-1.19936e-7
1.3936e-6
2.99112e-6
-3.96235e-6
-1.90992e-5
1.49488e-5
6.22608e-5
-4.92613e-5
2.81523e-7
8.8784e-7
-1.09062e-6
-6.7483e-7
-0.000179226
0.00014693
0.000456448
-0.000403907
-1.28528e-6
1.69334e-6
-6.4224e-6
-1.75073e-6
-0.00103323
0.00195143
-4.67029e-6
3.77684e-6
-1.30274e-6
-0.00297576
0.00317054
0.00385571
-0.00445375
0.000538851
-4.3346e-5
9.64296e-5
-3.54013e-5
7.05008e-5
0.00288541
-0.00678084
0.000679407
0.00532464
-0.00564297
0.000534386
-0.000825516
0.0105532
-0.0117646
0.00773124
-0.00791564
-0.000639562
0.000720345
-0.0108471
-0.0002886
0.022958
-0.00932386
-0.0354672
0.0136989
0.0267349
-0.0154993
4.9039e-8
1.08804e-8
2.79126e-9
2.97868e-10
-5.90017e-7
1.60361e-6
1.42356e-6
1.25806e-8
-5.62303e-8
-1.74187e-8
-2.53882e-9
1.18006e-9
3.19414e-9
-1.09708e-8
-4.13377e-9
-3.43527e-6
-1.40351e-6
-7.8999e-6
-3.86635e-6
5.91266e-6
-7.19119e-8
-1.14618e-6
8.80059e-8
1.26652e-7
9.05938e-10
1.61553e-8
-1.39416e-8
7.89351e-9
2.18995e-8
-3.70102e-8
-2.44367e-8
-2.53042e-8
6.80443e-6
6.19386e-6
1.92507e-5
2.11169e-5
-1.35989e-5
4.71571e-8
1.82654e-7
3.93699e-8
4.30699e-8
-4.57335e-8
5.24614e-6
4.96224e-6
-3.65284e-5
-2.81428e-5
-1.47961e-7
9.62723e-8
3.50847e-7
3.70395e-7
7.18809e-6
5.67737e-6
-2.81915e-5
-2.83999e-5
-7.26534e-7
-6.85755e-7
1.29523e-6
2.8209e-6
-3.17524e-6
-2.01742e-6
-3.89049e-5
-7.51821e-6
3.26327e-6
-1.85962e-5
-3.2057e-5
-4.89302e-5
2.03679e-5
8.90605e-6
-2.96962e-6
0.000136557
-0.000310331
0.000215663
-0.000416659
2.5134e-7
4.65241e-9
4.82562e-7
0.000800797
0.000374909
2.95459e-6
-2.62827e-6
8.51895e-7
-0.00124367
0.00251202
0.000116658
0.00195146
-8.32137e-7
-2.15342e-8
-0.00308111
-0.00281904
3.81076e-8
1.63852e-7
-5.34511e-8
0.00679129
-0.00428997
-0.000531653
8.83001e-9
1.00062e-7
-1.60618e-8
-0.00634762
0.00455809
-0.00294193
3.83412e-9
2.67793e-8
-7.9712e-9
0.00454932
-0.00418615
0.00502248
2.34714e-8
2.54106e-9
-0.0023936
0.00204113
-2.38912e-8
9.39842e-10
0.00462161
-0.00379973
-3.09607e-8
3.68852e-8
-0.000898115
0.00214476
-8.99935e-8
1.46986e-7
2.85819e-7
-3.19154e-7
-7.34949e-7
-6.58681e-7
7.62198e-5
0.000183402
-4.33506e-5
-3.44408e-5
-0.000379785
3.08062e-5
1.50128e-6
3.48596e-6
-5.08573e-6
-1.13501e-5
1.73066e-5
2.54806e-6
3.89952e-6
-1.00811e-6
3.36519e-5
3.10317e-5
-5.22944e-5
-7.40578e-5
0.000138954
5.48829e-6
2.72223e-6
-1.16908e-6
-9.0413e-6
0.000151736
-0.000323758
-0.000261551
0.000654846
2.76159e-6
5.0757e-6
-8.77451e-7
-2.51758e-5
0.000342675
-0.00112344
-0.00023681
0.00155975
1.03813e-5
6.07922e-7
2.9897e-6
-7.93421e-6
-0.000479647
-0.00151968
0.00192283
0.000535829
-0.00455601
0.00225401
0.000581379
6.27175e-6
-0.000184425
-0.000136246
1.39361e-5
-3.10853e-5
0.00915968
-0.00718044
-0.0133771
0.0133028
0.0159058
-0.0210933
0.0174887
-0.0123683
0.0190387
-0.0229587
0.00536858
-0.0129721
0.0241125
0.00229044
0.00146071
-0.0107219
-0.0077719
0.0109961
-3.26805e-5
-0.00294955
9.66679e-6
-2.53814e-5
1.12868e-6
-6.15806e-7
-7.98995e-8
-1.35819e-8
-4.86094e-8
4.92591e-8
-4.47016e-8
-0.000108912
-7.45711e-5
7.12701e-5
-1.03455e-5
-1.88904e-5
8.75172e-5
4.56586e-7
1.57751e-6
-4.89837e-7
4.39389e-7
-1.25443e-7
-3.02657e-8
-1.49728e-7
-3.4401e-7
-2.34932e-7
0.00016224
0.000152091
-0.000217229
0.00026787
-0.000293894
1.07534e-6
-2.86383e-7
1.29603e-7
1.16237e-6
1.32233e-7
0.000147543
0.000141055
-0.000753747
-0.000707006
-1.29094e-6
-2.01152e-6
1.34156e-6
2.11037e-6
0.000163378
0.000156759
-0.000728097
-0.000694788
-1.0657e-6
-1.00422e-5
3.47345e-5
8.70068e-5
-7.39052e-5
-7.68941e-5
-0.0008231
-0.000227912
-0.00016087
0.000313145
0.000505064
0.000943965
0.000210348
-0.000175546
4.89242e-5
-0.00180533
0.00149449
-0.00157871
0.00279934
-1.529e-5
8.41193e-6
8.36159e-5
-0.00385266
-0.0045357
-2.11978e-5
-7.71819e-6
4.48327e-7
0.00702537
-0.0072708
0.00699858
-0.0107107
6.87854e-7
-5.27381e-7
0.0131866
-0.00953174
1.45268e-6
-1.27568e-7
-0.0127026
0.00918969
-1.45197e-7
-9.40743e-8
0.00991534
-0.00675102
5.79026e-7
-3.9705e-8
-0.00600612
0.00452069
-2.48158e-7
9.62237e-8
0.00441673
-0.00457241
-8.04229e-8
8.1214e-7
-1.9742e-7
-1.73335e-6
1.21978e-6
1.00555e-6
-0.000988026
0.000153331
0.000176658
0.000317921
-0.00540177
-0.000259164
-2.5997e-6
-6.73003e-6
6.58644e-6
-2.27074e-6
-1.20636e-5
4.99272e-5
-1.48334e-5
-1.05314e-5
-0.000137062
8.41195e-6
2.12616e-5
-2.77477e-5
-2.59037e-5
9.06069e-5
2.70962e-5
-1.42227e-5
-0.000153663
2.77297e-5
1.30979e-5
-2.74009e-5
7.21928e-5
2.29182e-5
8.75546e-5
-1.29107e-5
-0.000508204
-0.000255987
-0.000247395
-0.00025937
0.00104781
-3.78445e-6
4.71943e-5
-1.00833e-5
-0.000136696
-0.000466041
-0.00201358
0.00354425
0.00299339
0.00166577
-0.00636678
5.025e-5
-0.000818471
3.6017e-5
0.000912088
-9.67559e-5
0.00023375
0.00069602
0.00769569
-0.00399643
-0.00671858
0.0070088
0.00300674
-0.00888064
0.00147192
0.0079875
-0.00387593
-0.00506825
0.00513662
2.80276e-5
-1.57733e-5
4.43451e-6
-1.82133e-6
-3.05116e-7
4.95319e-7
-0.000359176
0.000813901
0.000212236
8.91485e-5
-1.28648e-5
-1.3262e-6
5.74643e-6
-9.81721e-7
-1.27512e-6
4.60058e-7
-4.71961e-6
0.00269642
0.00297168
-0.00339714
-0.00019164
0.00101632
-0.00384012
-5.20419e-5
4.21215e-5
-1.72797e-5
-1.08668e-5
6.74367e-6
1.29078e-6
1.8441e-6
1.83656e-5
5.57583e-6
0.00354185
0.00319982
0.0108126
-0.0132479
0.0190439
-7.17075e-5
4.31235e-5
-1.64184e-5
2.85575e-6
-7.91014e-5
0.00335015
0.0026838
-0.018265
0.0190986
0.000282948
-0.000488253
-0.000599735
-0.00139064
0.000171641
-0.0135604
0.0109584
-0.00337138
0.00226588
-0.00190989
0.00164432
-0.00453288
-0.00398479
0.000774759
-0.00035797
-0.00390329
0.00682542
0.0107809
2.49019e-5
0.0010622
-0.000225278
9.87447e-5
-0.0175556
0.0155342
-0.0186756
0.027381
0.0140266
-1.55678e-5
-5.82465e-5
-1.83101e-5
-0.0318953
0.0234825
-0.0176422
4.3024e-6
5.76783e-5
3.36711e-6
0.0352419
-0.0241688
0.0173321
-3.16726e-6
-4.20954e-5
8.17244e-6
-0.039081
0.0216329
-0.0145943
-1.6621e-7
-9.54472e-6
-1.93585e-6
0.0156981
-0.0112323
0.0100347
7.58661e-6
-9.50634e-7
-0.0053498
0.00418914
1.48245e-6
0.00110428
4.56718e-6
-1.91986e-6
-9.89213e-6
8.08706e-5
-5.85703e-5
2.04082e-5
-0.000399068
-0.00131688
-8.95025e-6
0.000971699
0.00965873
-0.000128866
-1.7601e-5
0.000151884
1.69773e-5
-0.00030717
0.000135807
0.00162557
-0.000129831
-0.000142379
-0.00364636
0.000807995
-0.000298552
-0.00128311
0.00131011
-0.000183849
0.00161904
-0.000130473
-0.00694344
0.00283569
-0.00277621
0.000499033
-0.00761058
0.00438858
0.0116902
-0.0118373
-0.00118072
-0.000602504
6.72302e-5
0.0056636
-0.00340918
0.000931556
-0.000147612
-0.0217362
0.0195597
-0.0106612
0.0319391
-0.0242036
0.0146269
-0.0379455
0.0282326
-0.0170503
0.0604324
-0.0321157
0.0169316
-0.0198616
0.0131857
-0.00939484
0.00784225
-0.0044742
0.00366725
0.000816249
-5.02132e-5
-8.99173e-5
8.46529e-5
2.03916e-6
-1.64569e-5
-0.0217231
0.0117504
-0.000126366
-0.00205588
-0.0111937
0.000289949
-0.000251179
5.302e-6
-6.67417e-8
-6.28089e-5
0.00022474
-0.0468641
-0.00563569
-0.0427821
0.0622418
0.0203113
-0.00207154
0.00271918
-0.00113991
0.000341133
0.000229963
-0.000226523
1.98646e-5
9.51029e-5
-0.000455935
0.00118613
-0.0217676
-0.0269546
-0.0267696
0.0623961
-0.0508419
0.0680866
-0.0521515
0.000600555
0.000273968
-0.000120489
0.000408654
0.0013833
-0.00445709
0.00397193
-0.043133
-0.00563969
0.0117672
0.0727854
-0.0521578
-0.00332782
0.00452557
0.00592678
0.0140548
-0.0101652
0.000896127
-0.0111383
0.0683158
-0.050845
0.0205523
-0.0181464
0.0149024
-0.019644
0.0277558
0.0280631
-0.0280101
-0.0025991
-0.000155936
-4.24308e-5
-0.00180359
-0.0283053
-0.0510119
0.0399737
-0.000137937
0.00384364
-0.00312542
0.000388615
0.0607012
-0.0516763
0.0715672
-0.0675881
-0.0466054
0.000184949
0.000786401
-0.000504696
0.0705562
-0.090173
0.0741493
-4.39446e-5
0.000537501
0.000236086
-0.0239478
0.000118946
-0.00240133
-0.000539344
-0.000238154
0.00230159
-0.000512847
0.000554066
-0.000814878
0.0147864
-0.0088121
0.000453815
-0.0672987
0.00833204
-0.00443421
-8.05869e-5
-0.000544143
-0.0117148
0.00612409
0.000152818
0.00169332
0.000573019
-0.000426047
0.00177176
-0.0023275
-0.00428237
-0.00707552
0.0193939
-0.0170708
0.0040844
0.00669222
0.00112172
-0.00315442
0.00415627
-0.00338887
0.00900747
-0.0127185
-0.00389025
-0.00440302
0.0177875
-0.0114677
-0.000998864
0.00668194
0.0105025
-0.0149729
0.0197636
-0.0149686
0.0229031
-0.0211255
0.0220128
-0.0370983
0.0463583
0.0110008
-0.00452124
-0.00475287
0.000659462
0.0122604
-0.00711392
0.00477631
0.00393229
-0.00263686
-0.0404259
0.0587343
-0.0520968
0.0571556
-0.0490598
0.0546305
-0.0722748
0.00188814
-0.000876015
0.0293974
-0.00608423
-0.0010885
0.00210059
-0.00106438
-0.00187131
0.0216133
-0.0114849
0.00117952
0.00484672
-0.00633349
0.00363905
0.00153266
-0.00985885
0.0291087
-0.0110905
0.0014141
0.00734865
-0.0135717
0.0144689
-0.00874074
-0.00134321
0.0106511
-0.0246986
-0.00516388
-0.000319549
0.00886548
-0.0185828
0.0253607
-0.0247696
0.0158142
-0.00181031
-0.0135432
0.0362772
0.0030611
-0.00331753
0.00841846
-0.0181175
0.0289486
-0.0353074
0.0327656
-0.0215095
0.00573945
0.0120432
-0.0296346
0.0814804
0.00523547
-0.0124703
0.023009
-0.0331263
0.0378555
-0.0340259
0.0230993
-0.00996465
-0.000882254
0.0127208
-0.00563284
0.012379
-0.0204964
0.0280373
-0.0309651
0.0278582
-0.0194068
0.00897477
-0.000504276
-0.00442099
-0.00628878
0.0113424
-0.0151497
0.0175435
-0.0180624
0.0146292
-0.00707628
0.00405373
0.000602422
-0.00106586
-0.000688535
0.00835046
-0.0137112
0.00647033
-0.0177916
0.00522369
