-0.000529373
0.00257995
-0.00330321
0.000282654
-0.00296903
0.00302455
-0.00347114
0.00460542
0.00178584
-0.00251389
0.000369258
0.00222907
0.000959336
-0.000506668
-0.00100324
-0.000627423
0.000600332
-0.000770577
0.00224904
-0.000855102
-0.000495954
-0.00323894
0.000976766
-0.000345231
0.000636965
0.00259559
-0.00156925
0.00135265
8.30164e-6
-0.00140358
9.37355e-5
0.000300896
0.00139751
-0.000318739
-6.7313e-5
-0.000850031
6.53791e-5
-3.73707e-6
-2.32447e-5
-0.000206483
0.000119021
-8.60574e-5
0.000537748
0.000734787
9.43579e-6
-0.00122878
0.00178336
-0.00241304
0.00286137
-0.00291279
0.000401487
0.00195416
-4.86708e-5
-0.000966113
4.86524e-6
4.45582e-5
3.45643e-6
0.00102663
-0.00243373
0.000562081
-0.000979652
0.00361063
0.000188683
-0.00287589
0.00124491
8.17324e-5
-0.00134706
0.00262394
-0.00349978
0.00349826
-0.00269586
0.000493679
0.00140613
-0.000217486
-0.000735474
-1.54097e-5
0.000362212
-1.2757e-5
5.36155e-5
-0.000819426
0.00183751
-0.00179597
0.00104761
0.000286848
-0.00185163
0.00295037
-0.00307505
0.0022997
-0.00126897
0.000540378
-0.000176332
0.00116763
-0.000321511
5.41713e-5
-0.00111484
0.000251097
0.000500593
0.000732225
-0.0020061
0.00256651
-0.00231528
0.00116692
0.000421649
-0.00163515
0.00196729
-0.00157783
0.000979353
-0.000238367
-0.000439209
0.000120147
0.000366212
4.1413e-5
-0.000110506
-3.4025e-7
-4.41709e-5
0.000954413
-0.000109157
-0.00072777
0.00204923
-0.00308389
0.00326992
-0.00234759
0.000882526
0.000332809
-0.000858342
0.000817213
-0.000548505
0.000283039
-0.0002524
0.000107252
-1.56089e-6
-0.000330921
0.000745806
-0.00186281
0.00315486
-0.00338305
0.00266882
-0.00144999
0.000401477
0.00015941
-0.000365223
0.000503042
-0.000532573
9.09096e-5
2.65268e-5
-1.2238e-5
3.81419e-5
-0.000391554
1.81808e-5
-0.00052345
0.0011978
-0.00210162
0.00266145
-0.00208753
0.00129346
-0.000558337
0.000166707
5.75241e-5
-0.000148026
0.000376283
-0.00017559
8.26155e-5
-7.80242e-5
3.92985e-6
-0.000556801
0.00107315
-0.00140628
0.00118122
-0.000846874
0.000410379
-0.000315795
1.36896e-5
8.85804e-5
-3.85063e-7
-5.50936e-5
3.33516e-5
3.13757e-5
6.5171e-5
7.43139e-5
-0.000548186
0.000770607
-0.000519588
0.000392316
-0.000222754
0.000344806
-0.000228774
3.8107e-5
-5.12355e-5
1.80383e-5
-1.40775e-5
-5.83572e-5
3.54165e-6
0.000242282
-0.000391958
0.000222468
-0.000329173
0.000218355
-1.83129e-5
-5.27593e-5
0.000109322
3.04956e-5
-4.02223e-5
-5.89281e-5
1.25211e-5
0.000191789
-0.000121124
0.000102753
-9.63632e-5
4.33324e-5
1.6718e-5
-4.74491e-5
4.51626e-5
2.02305e-6
-1.30804e-7
0.000147387
-0.000458599
0.000273535
-0.000257905
0.00131896
-0.00085254
0.000540969
-0.000206828
-0.00388488
0.00197661
-7.01384e-5
-0.000890562
0.00217016
-0.00140382
0.000553666
-0.00144931
0.000730928
3.03545e-6
0.000551132
-4.55511e-5
-0.000418807
-3.6264e-5
-0.000304623
0.000916412
0.000276849
-6.09059e-7
-0.000707373
-0.000329979
0.000288012
-4.29836e-6
-9.06982e-5
2.95833e-5
0.000161401
0.000150027
-1.43385e-5
-2.21356e-5
6.52026e-7
-0.000208619
0.000145964
-0.000131097
0.000217684
-0.000306318
-8.37458e-5
6.51155e-5
0.000118335
4.70243e-5
-4.76141e-5
4.47089e-5
-0.000182146
4.47377e-5
0.000177383
-3.61774e-6
-0.000420775
-3.80363e-5
-1.11037e-5
1.55719e-5
1.44041e-5
4.43774e-6
-4.18224e-6
2.08985e-5
-6.47521e-5
-1.30197e-5
-4.96932e-5
0.000102583
-2.61694e-6
-0.000319669
-3.48788e-6
-1.34945e-6
-3.11088e-6
7.21061e-7
4.06814e-6
-3.43803e-7
4.4282e-8
0.00024085
-0.000677819
-1.85772e-5
-5.74767e-7
-0.000159267
0.000224476
-7.89256e-5
0.000629512
-0.00076079
2.28935e-5
0.000134612
3.126e-6
-2.98647e-7
-4.27627e-6
2.0563e-7
5.14012e-8
-1.73573e-8
-1.88302e-9
-0.00157744
0.0021587
-0.0021535
1.61712e-5
-4.6328e-6
5.12402e-7
0.00205753
-0.00186564
0.00183998
-2.30051e-6
1.24779e-6
1.0512e-6
-0.00249395
0.00212794
-0.00147239
1.34429e-6
-9.96879e-7
-3.56572e-7
0.00277141
-0.00212623
0.000946526
4.2126e-6
-7.85563e-7
4.4588e-7
-0.00208527
0.00160665
-0.000996485
0.000353358
-2.16437e-5
3.02522e-6
-1.81723e-6
2.90398e-7
0.000931526
0.00059795
-0.000213844
-8.60595e-6
4.88522e-6
3.01833e-6
1.89532e-6
-0.000757121
0.000376465
0.000421188
-0.000372207
0.00019926
-5.0799e-5
6.62072e-7
3.36728e-6
-2.45849e-6
2.02595e-6
-4.4076e-6
-0.00011586
-9.3928e-5
4.77091e-5
9.11785e-6
7.49614e-6
-4.31315e-6
1.69042e-6
-1.05928e-6
5.64022e-7
6.03197e-5
-3.35957e-5
-4.07526e-6
-3.00936e-5
2.2211e-5
1.78481e-5
-4.40424e-5
1.11778e-5
1.33335e-5
-6.76376e-6
3.59964e-7
5.33576e-7
-1.24072e-7
-3.54974e-7
2.48897e-6
-1.63667e-6
8.21106e-6
-1.443e-5
-3.39235e-6
4.92253e-6
-1.69412e-5
2.09972e-6
-1.11008e-6
-5.09916e-6
-6.36022e-7
-1.80924e-6
-4.87778e-6
3.6026e-6
9.75562e-8
-7.43479e-7
-1.07514e-6
2.04844e-7
4.99614e-6
-8.48209e-7
-4.11409e-8
4.96748e-6
-1.26671e-6
1.08665e-6
7.70417e-7
8.0918e-7
3.87895e-6
-1.58315e-6
-2.10577e-6
3.92388e-7
2.7664e-7
-6.08606e-7
-1.16083e-6
3.62654e-7
-4.9569e-7
-1.0624e-7
-5.6832e-6
0.000220195
-0.000131923
-0.000362361
8.58434e-5
-3.3027e-6
9.48637e-5
0.000294288
0.000111379
-0.000230022
0.000184977
-0.00070525
0.000827736
-0.000864324
0.00146471
-0.00153482
0.00134798
-0.00190496
0.00180066
-0.00117775
0.00172988
-0.00151784
-0.00110473
0.000946533
0.00100472
-0.000646934
7.46419e-7
1.2841e-5
-2.10326e-5
-6.92214e-5
5.2504e-5
-1.16893e-5
1.9119e-5
0.000423037
-0.000714911
0.000388585
0.000248112
-0.000113212
-0.000114676
9.63383e-6
1.01117e-6
-5.28045e-6
6.72103e-7
2.62077e-7
3.60837e-5
1.87053e-5
-7.10593e-6
-1.80894e-5
2.49171e-6
-1.44675e-5
2.50621e-6
-4.32644e-7
-2.44044e-7
1.07949e-5
1.23804e-6
-5.13671e-6
1.72155e-6
-7.9085e-7
-1.31369e-7
-1.04222e-5
-2.3568e-7
-7.57226e-7
2.06972e-6
2.8417e-7
-7.25268e-7
7.39104e-6
2.8058e-6
-3.19224e-7
-4.95385e-5
2.96634e-5
2.71527e-8
-5.17895e-8
-3.7273e-8
2.6124e-7
-5.21114e-8
4.19227e-8
-1.40733e-7
0.000247043
1.43611e-8
0.000672023
-0.000523344
1.34601e-5
-0.000880587
0.000923124
-8.6668e-6
-0.000688194
1.14752e-8
-7.29131e-9
-3.36921e-8
-1.08566e-8
3.86663e-8
-3.44578e-9
5.84014e-9
0.00168884
-0.00153397
0.00139408
-2.67e-7
9.16977e-8
-2.15869e-8
-0.00261243
0.0023381
-0.00211871
-1.8883e-7
2.35208e-8
-2.33151e-8
0.00310402
-0.00285098
0.002558
6.62362e-8
1.3056e-9
-1.75293e-9
-0.00284614
0.00265935
-0.00235897
-1.64525e-7
3.63969e-8
-6.06393e-9
0.00207369
-0.00166692
0.00180648
-2.77296e-8
6.72839e-9
-6.17978e-9
-0.00115943
-0.000876379
-1.43108e-7
-8.74811e-9
-1.17447e-8
0.000925577
-0.000729027
-0.000616988
0.000402242
-0.000339334
-1.07549e-6
3.64617e-7
-1.4518e-7
6.89676e-8
0.000202682
9.81003e-5
-3.602e-7
6.5281e-8
-3.72253e-8
-8.55776e-5
6.10178e-5
2.78924e-5
5.57199e-6
7.03558e-8
-5.88195e-9
3.48825e-8
5.10745e-8
-7.04631e-6
4.12222e-6
1.99169e-6
-3.83613e-7
7.40398e-10
2.59147e-8
-1.90832e-8
-1.24034e-8
-4.60764e-7
-4.67454e-8
3.39424e-7
7.10067e-7
-1.11178e-6
1.02786e-6
1.11628e-8
3.75317e-7
7.4487e-9
-3.46387e-8
-3.9848e-9
-7.87301e-8
-3.30974e-7
3.89406e-7
-1.6908e-7
1.81584e-8
3.20837e-7
2.218e-7
-6.40415e-8
1.80175e-7
-2.1957e-8
5.64462e-9
1.04503e-7
-4.16189e-7
-6.35693e-8
3.533e-8
8.54733e-8
-2.32959e-8
-1.73777e-7
8.3035e-8
-5.12784e-8
-1.15293e-7
-3.28468e-8
-4.69784e-9
-3.39413e-8
7.70428e-9
-8.47583e-8
1.28541e-8
1.97489e-7
-3.87605e-8
-5.34903e-9
3.1273e-8
3.19869e-8
4.63113e-9
7.13619e-9
2.04636e-9
-2.83163e-6
1.70857e-5
1.66786e-5
-9.91859e-5
0.000104698
-5.21633e-5
1.60358e-5
-0.000206821
5.95507e-5
0.000376113
-0.00049641
-9.31901e-5
0.00103896
-0.000200829
-0.00101539
-8.76309e-5
0.000600798
0.00056407
-0.000131349
-0.0010119
-1.74505e-5
0.000654338
0.000144199
-0.000546756
-4.68242e-7
-2.68214e-6
3.77539e-6
-7.91809e-6
2.94336e-6
-3.67476e-6
-0.000203733
0.000528098
0.00015394
-0.00029512
-9.16952e-5
0.000127933
8.63649e-8
-2.78749e-7
6.50857e-8
2.90827e-8
4.75154e-5
-6.11132e-5
-2.15505e-5
2.71008e-5
1.2505e-7
-7.33879e-7
1.67566e-7
-3.03838e-8
8.63353e-6
-1.08337e-5
-3.07881e-6
3.93522e-6
-2.80573e-8
-2.27063e-7
7.37609e-8
-1.83778e-8
9.7793e-7
-1.29941e-6
-2.66984e-7
4.41457e-7
2.432e-6
-1.53394e-6
6.56823e-9
-1.05813e-5
4.24333e-6
3.48139e-7
4.62352e-8
-1.44057e-7
4.99429e-8
-2.30955e-8
4.94106e-8
-2.22356e-8
-0.000349955
-6.49437e-6
7.3529e-5
0.00143487
-0.00106144
-1.27834e-5
5.26107e-9
1.19366e-8
-2.77543e-9
7.78537e-10
-4.86212e-9
-0.000850537
0.000986686
3.89204e-9
1.20643e-10
0.00228161
-0.0018759
8.47733e-9
-2.37099e-9
-0.00306822
0.00286706
4.58804e-9
-2.54063e-9
0.00329285
-0.00324148
5.66901e-10
-8.84665e-10
-0.00231134
0.00271057
2.09064e-9
-2.78553e-10
0.00151768
-0.00191716
1.05129e-9
-2.45105e-10
-0.000912092
0.00113268
9.25538e-9
-2.89697e-9
0.000525522
0.000439374
2.73604e-8
-2.1264e-8
1.20163e-9
-0.00027331
0.000165324
0.000108478
-0.000171733
2.38759e-9
-6.41399e-9
1.96613e-9
-3.47015e-5
-1.84156e-5
-1.21081e-8
8.14201e-10
1.2136e-9
8.30495e-6
-2.67981e-6
-1.03005e-6
-6.60885e-7
6.06648e-9
-4.08472e-9
1.84637e-9
2.65535e-9
-1.9905e-7
2.69736e-7
1.89687e-7
6.91487e-8
-2.7805e-11
-4.63881e-10
-6.2624e-10
-9.18617e-10
-6.53377e-8
1.23681e-9
1.48822e-8
1.05018e-8
8.68908e-9
1.23157e-8
5.54326e-10
-7.49701e-10
9.25346e-9
-7.07679e-9
-4.2215e-9
-4.0493e-8
5.42361e-8
3.08241e-8
-4.1946e-8
-5.59271e-9
-3.35125e-9
-1.36811e-9
-1.34867e-9
9.00827e-9
1.21785e-8
-6.97119e-9
1.54958e-8
-5.0058e-9
-1.3121e-8
-7.48785e-9
-1.61394e-9
-1.52709e-9
-2.3612e-10
-1.32934e-8
-1.31224e-9
-2.64963e-9
8.43089e-9
4.62652e-9
-2.70651e-9
-2.80757e-9
3.70294e-9
4.43372e-9
1.97409e-9
4.39539e-10
-2.131e-10
4.46878e-9
-2.68557e-5
0.000634627
-0.000541024
-0.000890859
0.000640003
-0.000360964
0.00035177
0.000683729
-0.000751241
0.000467609
-0.000696152
0.000747037
-0.000586571
0.000433695
-0.000844895
0.00028997
0.000462375
0.00147008
0.000615714
-0.00153618
-0.00122695
-1.96226e-6
4.28525e-6
-1.57716e-7
2.39113e-5
7.38259e-6
-1.43557e-5
-2.09409e-5
6.97945e-5
0.00130821
-0.00171926
-0.00091653
0.000827801
0.000482656
0.000506661
0.000301727
-0.000505495
-0.000452079
-3.39499e-8
5.79257e-7
-3.72885e-7
1.81263e-6
-5.24529e-7
-5.77727e-7
0.000218265
-0.00020258
-6.0057e-5
-9.89386e-5
-5.88259e-5
9.59157e-5
5.56599e-5
-8.6029e-9
-2.36356e-8
-3.83514e-9
-7.91455e-8
-3.07446e-5
4.62657e-5
1.37344e-5
-1.84396e-5
5.02244e-8
-5.11579e-8
8.52754e-9
-2.02492e-9
-5.49917e-6
7.63795e-6
1.81689e-6
-2.09108e-6
6.57781e-8
-6.76751e-8
-2.2379e-8
-2.01174e-7
-5.23197e-7
7.13002e-7
8.97309e-8
-1.35927e-7
3.41464e-6
-1.86614e-6
-4.87377e-7
-1.29547e-6
3.54441e-6
-5.83745e-7
1.41277e-8
-3.21915e-8
6.47221e-8
-8.61936e-9
-1.75629e-8
9.58009e-9
5.29223e-9
7.39755e-5
-7.54184e-5
2.95877e-5
-0.000597477
0.000848825
-1.41273e-5
-2.48051e-9
-1.55403e-9
-6.41894e-9
2.24379e-9
1.56035e-9
5.05712e-10
0.000458536
-0.00142229
-5.04505e-10
-2.41571e-10
0.00152616
1.51319e-11
0.00322745
-0.00500219
0.00128417
-0.0033882
0.00618723
-0.0010131
-0.00373481
4.75994e-10
-2.92052e-10
8.61202e-10
8.59727e-11
1.09634e-10
-4.75755e-11
-2.75985e-10
9.53952e-11
0.00313389
-0.00417415
0.00348021
6.44289e-10
-1.52635e-10
7.70761e-11
-0.00215526
0.00274687
-0.00270288
2.06977e-10
-3.10635e-11
3.11491e-11
0.00157297
-0.00142889
0.00172464
4.62437e-11
-1.14048e-11
1.3172e-11
-0.000782021
-0.0010019
4.64181e-10
-2.63051e-11
0.000631215
-0.00024418
-0.000382319
0.000619788
9.58227e-10
-4.10675e-10
-3.86335e-11
3.81415e-11
-5.02772e-11
0.000278036
-0.000356587
-1.27348e-9
3.88538e-10
-0.000113691
-5.95096e-5
3.51032e-9
8.22877e-10
2.70741e-5
1.37876e-5
-2.08045e-6
1.62954e-5
-2.61901e-9
5.0387e-9
-5.60634e-9
5.57594e-9
8.21077e-10
-8.83312e-7
-1.84933e-7
-5.83031e-9
-2.27618e-9
7.28841e-7
-8.89739e-8
-2.37719e-7
-8.40244e-8
-8.32671e-10
2.04578e-9
1.82651e-8
-1.46207e-8
-2.63274e-8
-2.70173e-9
3.84218e-8
7.05999e-8
4.05647e-9
1.09195e-8
-4.20359e-10
4.36119e-10
4.70072e-9
-7.53269e-10
-2.99507e-9
9.60715e-9
-5.89577e-10
9.74496e-10
1.14486e-9
4.66438e-10
4.34844e-10
5.20191e-10
1.32356e-9
7.67943e-10
-4.05311e-10
-1.70884e-10
-5.95376e-9
1.22861e-9
-1.65188e-9
1.70784e-10
-7.32515e-10
2.25364e-10
1.1939e-10
-5.85437e-10
5.82407e-10
-1.6927e-9
1.77295e-9
6.14018e-11
-1.72946e-9
-1.53127e-9
-6.75431e-10
-1.71215e-10
9.57657e-11
-8.11659e-10
-3.36114e-10
-3.08377e-12
6.08772e-11
1.67692e-10
-1.57576e-10
7.48441e-10
-2.44335e-10
3.48769e-10
-7.60966e-11
-2.22849e-10
3.31097e-10
1.16122e-9
9.16687e-10
6.31962e-10
2.3957e-10
1.07215e-10
1.35291e-10
-6.55176e-11
-9.07434e-11
-8.02422e-11
-1.86919e-10
-1.09789e-9
-1.51324e-9
-1.64014e-9
-1.16342e-9
-4.76966e-10
-1.08794e-10
-0.000146743
0.000174457
-0.000108218
0.00055542
-0.000550464
-2.2564e-6
-0.000564854
0.000196086
0.000488911
-0.000227379
-0.000440196
0.000881681
6.1634e-5
-0.000725584
-4.27837e-6
7.53897e-5
-0.000113799
0.00013893
-0.000131943
8.19997e-5
-0.000124272
0.00132721
-0.000939837
-0.000602984
0.000282771
0.000301823
0.000169387
-0.000224597
1.65485e-6
-7.29823e-6
9.06435e-6
-2.61034e-5
9.96318e-6
0.00017163
-7.93536e-5
-8.3642e-5
-5.01102e-5
6.73582e-5
-9.81196e-8
1.12551e-7
2.98146e-7
-7.33121e-7
9.6062e-7
-1.92147e-7
-3.86972e-5
3.05672e-5
6.70676e-6
1.35091e-5
8.04116e-6
-1.53511e-5
-5.86511e-6
-3.34653e-8
-3.0611e-10
1.17496e-7
-8.81013e-8
1.33107e-7
2.43539e-6
4.58269e-7
-3.04749e-6
-5.61682e-7
-2.20457e-6
4.23256e-7
7.73584e-7
1.33159e-6
-4.33563e-7
-5.66319e-8
2.96916e-7
-1.92172e-7
-3.50759e-7
-8.88867e-8
7.83409e-6
8.08055e-7
-1.22315e-5
3.453e-5
9.06209e-6
9.14557e-9
3.64643e-9
4.947e-8
-1.28189e-8
-9.60436e-10
0.000258272
-0.000158928
9.55515e-5
-0.000845404
0.000644674
-0.000132474
2.18909e-10
-7.35846e-10
5.94276e-11
2.08507e-10
-1.37915e-10
1.18343e-10
0.00106869
-1.48677e-11
0.000882735
-0.00212137
0.000899849
-0.00112176
0.00153377
-0.00137856
-4.43118e-11
2.8937e-11
3.54469e-11
-1.70731e-11
-3.17181e-11
1.43709e-11
0.000437174
-0.00156688
-1.81916e-11
1.85291e-11
8.80711e-5
0.00111641
-9.75442e-12
-5.637e-12
-0.0011716
-0.000618777
3.88386e-12
2.89482e-11
0.000440674
0.000176882
-0.000297399
-0.000125344
0.000203897
2.53015e-10
-1.29135e-10
4.55971e-11
5.65737e-12
1.83852e-10
8.72413e-5
-0.000181849
-6.15888e-10
1.53102e-10
2.2062e-5
-9.87788e-6
2.01963e-6
3.30373e-6
-8.58536e-6
-4.9868e-9
6.00317e-9
-6.51731e-9
4.92069e-9
6.12079e-10
1.30484e-6
-3.35555e-7
3.8958e-8
1.35065e-7
-8.27487e-8
2.72627e-8
-2.8784e-8
3.24375e-8
-2.94939e-8
-2.16788e-9
-4.99053e-8
-3.14969e-8
-1.14187e-9
-5.28359e-9
-1.46937e-10
1.6967e-8
5.77895e-9
-2.36637e-9
-8.63703e-10
-1.03213e-9
3.77012e-9
-1.65196e-9
-4.9768e-9
-3.21472e-9
-7.3962e-10
1.46481e-9
-6.57322e-10
-5.17951e-9
9.07074e-9
-6.89238e-9
-6.80836e-9
-5.4952e-10
-2.08122e-10
1.99915e-10
-1.511e-10
9.41792e-11
2.20982e-10
-6.53523e-10
6.47362e-10
7.16275e-9
-2.33206e-8
7.10777e-11
3.49975e-11
7.78454e-11
-1.12931e-10
-1.63601e-10
2.1336e-10
2.6609e-10
5.41732e-10
6.62749e-12
1.99689e-10
-3.98451e-10
1.2023e-9
2.96094e-10
3.07752e-10
9.41092e-11
-6.30016e-10
2.20561e-9
3.03411e-9
3.74766e-9
4.22047e-9
2.26537e-9
7.19127e-10
-3.16707e-10
-1.23793e-9
-1.27618e-9
-4.95217e-10
-4.78916e-9
-6.0518e-9
-8.48959e-9
-1.02613e-8
-9.12386e-9
-3.38928e-9
-3.36688e-9
0.000308621
0.000455741
-0.000297628
-0.000668884
0.0003433
0.000849054
-0.000566114
-0.00112936
0.000677965
0.000803125
-0.000314889
0.00075443
4.50875e-5
0.000214897
-0.000245103
0.000301635
-0.000285789
0.000165625
-0.000325811
0.000671165
-0.000641432
-0.000189966
8.48691e-5
4.35028e-5
3.04989e-5
-1.68089e-5
7.25228e-7
-3.41128e-5
2.69371e-5
-0.00010371
3.76853e-5
5.69476e-5
1.83444e-5
-2.25923e-5
-2.30058e-5
1.7045e-5
-3.93826e-7
2.92088e-6
-3.08255e-6
8.19435e-6
-3.60399e-6
-2.26354e-5
1.03751e-6
8.70721e-6
8.23668e-6
-8.97699e-6
-2.14794e-7
8.75152e-7
-1.10132e-6
6.23299e-6
4.27648e-6
-6.22008e-6
-1.69368e-7
1.5738e-6
-1.65645e-6
1.28571e-6
1.39324e-7
-1.30659e-6
1.06396e-6
-1.21216e-6
3.54842e-6
-1.21624e-5
-3.94489e-6
-3.70386e-8
1.51856e-7
-1.03277e-7
-1.33439e-7
-4.72819e-8
-5.2389e-5
3.29083e-5
-2.19222e-5
0.000179404
3.11076e-5
6.03779e-12
5.78332e-9
2.04272e-8
-7.27804e-9
-1.47982e-9
0.000536692
-0.000405287
0.000140326
-0.00108846
0.000986789
-0.000248675
2.85031e-10
-5.61846e-10
9.21489e-10
7.96804e-10
-1.06736e-10
1.07062e-10
0.000990915
4.53407e-11
-0.000520835
-0.000483735
0.000156772
0.000680057
0.001325
-0.00136379
-0.000469702
-0.000451127
-1.76249e-11
-1.90505e-11
-2.99889e-11
9.74097e-11
-0.00188725
0.00165497
0.00105561
-2.25667e-11
5.00577e-11
0.00278305
-0.00165013
-0.00163506
4.80598e-11
3.89391e-11
-0.00255042
0.000820254
0.0023589
-2.31467e-10
3.61833e-10
0.000277728
0.000279793
-0.000380235
-9.14022e-5
9.59114e-5
1.00368e-10
9.38583e-11
-3.23768e-10
2.68723e-5
-5.19928e-5
-3.61403e-10
6.9272e-11
-5.01632e-6
2.53592e-8
1.26133e-6
-1.31431e-7
5.79237e-7
-4.37369e-9
3.46903e-9
-4.153e-9
2.08396e-9
-1.23255e-10
-5.61324e-7
1.17698e-7
3.90963e-8
-3.35038e-8
3.07063e-8
3.10954e-8
-2.32524e-8
2.72013e-8
-1.8451e-8
-1.37491e-10
-8.68444e-9
-2.35871e-9
-1.23145e-10
-3.81991e-9
1.37042e-8
-1.01915e-8
-1.36518e-9
8.23309e-10
3.97038e-10
5.73619e-10
3.79619e-8
-2.04357e-8
-3.03764e-8
3.33305e-10
-3.96456e-10
-4.65077e-11
2.41923e-12
-9.35062e-9
6.74228e-9
2.39109e-8
-9.45594e-8
5.5653e-10
-1.84601e-10
5.15078e-11
-2.34533e-10
-7.92184e-11
-3.8719e-10
4.43961e-10
-3.19934e-9
1.99048e-8
-4.02316e-8
7.50246e-10
1.06027e-10
3.43328e-11
-1.56393e-9
-4.93036e-10
7.93936e-10
3.71778e-9
4.23776e-9
2.16145e-9
1.91743e-9
1.48619e-10
6.36776e-10
1.82709e-9
6.96928e-9
-6.72056e-9
4.93452e-9
1.63306e-8
-1.79739e-8
2.03035e-8
2.46241e-8
2.92831e-8
1.41247e-8
1.40538e-8
1.04307e-9
-1.68321e-8
-4.64502e-9
-1.15951e-8
-6.54683e-8
-4.49219e-8
-9.62138e-8
-6.0346e-8
0.000164376
0.000117558
-7.8362e-5
-0.000143021
-0.000158469
0.000129299
0.000176374
0.00016869
-9.61196e-5
-5.04887e-5
0.000197167
-0.000193117
-0.000139639
-0.00111652
0.00106335
0.000722436
-0.000290446
-6.47595e-5
-1.03879e-5
-3.25683e-7
-1.16598e-5
-4.71439e-5
5.16508e-5
-9.83549e-5
7.40156e-5
1.22235e-6
3.4615e-6
2.61248e-6
-3.53127e-7
-1.31519e-6
1.07753e-6
5.40394e-6
-3.53609e-6
1.70124e-5
-6.32557e-6
-2.43985e-6
-4.13737e-6
-4.45418e-7
1.4996e-6
-9.33609e-7
6.45542e-7
6.75953e-7
-2.02614e-6
2.99126e-6
3.37319e-6
-3.18828e-6
1.34638e-6
8.91941e-7
-1.55981e-6
2.46011e-6
1.76959e-6
-2.14663e-6
3.85693e-6
1.7182e-6
-2.64555e-6
4.77521e-7
6.26327e-8
-3.15591e-7
1.3885e-5
-1.02554e-5
3.2359e-6
-3.90819e-5
-6.24859e-6
-9.85751e-9
1.89117e-8
-4.11734e-9
2.88515e-8
-7.4411e-9
-9.85151e-5
8.66489e-5
-2.7329e-5
0.000244298
4.31223e-5
-1.26397e-9
4.32462e-9
8.46783e-9
-6.95573e-9
-2.5811e-9
0.000187027
-0.000446589
0.000232693
-0.000213915
-0.000228048
0.000552022
-0.000207263
6.57584e-10
-2.38846e-9
-4.67777e-10
1.20677e-9
-2.85956e-9
-0.000123372
9.31889e-11
-3.30573e-11
1.03337e-10
-2.221e-10
-2.29575e-10
-4.87702e-11
-3.7708e-10
0.000129379
6.03346e-10
-1.84678e-9
-1.19884e-5
2.9388e-5
-4.74357e-10
5.01583e-11
-3.07105e-7
-2.23732e-6
9.08135e-10
-2.8946e-6
1.4417e-6
-2.75274e-9
-9.41514e-10
-2.77958e-8
7.25174e-7
6.48389e-9
-2.66845e-7
-1.20691e-9
-2.00236e-9
-6.30848e-10
9.0151e-8
-3.03379e-8
-1.19986e-8
6.48001e-9
-3.24068e-8
1.42978e-8
3.88218e-9
1.14319e-8
-1.66877e-8
9.87562e-9
1.25919e-8
-2.36957e-9
-1.44978e-9
9.61154e-10
4.48244e-8
-2.20807e-8
-4.8463e-8
5.36033e-11
-5.36782e-11
-3.46289e-10
1.34073e-7
-4.75804e-8
-1.09695e-7
1.46446e-9
-7.54583e-10
-8.5312e-10
3.83149e-8
8.30985e-8
-3.4034e-7
-1.40112e-9
2.5689e-9
3.51697e-10
8.40426e-11
5.13129e-9
-3.32353e-8
9.07795e-8
-1.68682e-7
-4.25112e-10
-2.15008e-10
-9.78841e-10
-2.16656e-9
6.38777e-10
-2.83277e-9
-2.00288e-10
-2.6897e-9
-6.19283e-9
2.47696e-8
1.11479e-9
1.24139e-8
-1.15879e-8
4.10795e-9
2.39879e-8
-2.89419e-8
3.9787e-8
-6.38645e-9
-4.64299e-9
9.6967e-8
4.33578e-8
1.3614e-8
4.90123e-9
3.71755e-9
-1.54314e-7
9.97404e-8
-5.80089e-8
-5.61884e-8
1.59127e-7
1.36881e-7
1.27034e-7
3.03921e-7
5.75461e-8
-5.75241e-8
-1.4844e-7
0.000414132
-0.000356571
-0.000502447
0.000661003
-0.000492915
0.000474295
-0.000694547
-0.000322971
0.000551641
0.000149033
-0.000349913
-0.00011701
0.000236675
0.000328091
-0.000249407
-0.000700562
0.000340158
2.3147e-5
5.87303e-5
-1.5037e-5
-1.29101e-5
-3.87035e-5
-4.61289e-5
2.78261e-5
6.17348e-5
3.33678e-5
-3.27332e-6
-8.77914e-5
1.5668e-6
3.96251e-6
-1.57489e-6
2.74781e-7
1.72086e-7
2.76843e-6
2.31427e-6
-1.24373e-6
-1.5932e-6
1.38526e-5
-5.28902e-6
8.11254e-7
-3.93219e-7
-3.70352e-8
9.79114e-7
1.86404e-7
-9.71519e-7
-2.60751e-7
2.12897e-7
-2.6799e-7
1.23077e-6
-3.21656e-8
-3.53969e-7
8.99565e-7
1.02667e-6
-6.49537e-7
2.54422e-6
-4.56033e-8
-5.17362e-7
5.84928e-7
4.23716e-7
3.81272e-7
5.6008e-6
4.43368e-9
-1.03685e-6
-1.59454e-7
-1.2344e-7
5.65818e-7
1.97192e-5
-1.65449e-5
2.52009e-6
-7.20102e-6
-4.36967e-5
-2.10792e-6
-2.89208e-8
1.14886e-7
2.60096e-8
-1.11152e-7
-0.000124838
0.000100327
-2.83287e-5
5.38618e-5
0.000223967
2.47198e-5
5.352e-9
-3.21366e-8
5.69032e-9
-1.84335e-8
4.08293e-8
8.51712e-9
0.000374623
-0.000240513
5.8964e-5
-0.000193302
-0.000677317
0.000616554
5.34576e-5
-9.39794e-10
4.79277e-9
-5.24721e-10
1.78867e-9
-1.84653e-9
0.000912197
-0.00105203
2.74232e-10
5.02217e-10
-0.000970554
0.00145637
1.03093e-9
-3.00421e-9
0.000673292
-0.00121559
8.36238e-11
-2.0855e-9
-0.000265108
0.000777862
5.67153e-10
1.12288e-9
-6.87105e-5
-0.000125964
3.13301e-9
-7.2757e-9
0.000164992
-0.000162068
4.94267e-9
-1.71862e-8
2.13669e-5
9.18424e-6
-5.3428e-9
-2.77204e-6
-9.45852e-6
-1.2694e-9
2.87719e-8
-2.82872e-6
-1.53021e-6
3.24397e-9
6.99784e-9
7.20093e-9
3.54384e-7
-2.63976e-7
-8.7708e-9
3.9292e-8
-3.10498e-8
2.57191e-8
-1.20692e-8
-9.83536e-9
4.54506e-9
1.92288e-9
9.80085e-9
4.66e-8
-2.8068e-8
-3.65893e-9
2.22715e-9
-1.43142e-7
1.01664e-7
9.91939e-10
-1.30282e-9
9.65655e-10
2.50674e-7
-6.22248e-10
-9.06943e-10
-1.15003e-9
4.20641e-7
8.51773e-8
-6.83921e-7
4.79463e-9
2.88955e-9
-3.78308e-9
1.64954e-7
1.79995e-7
-1.29131e-6
-4.30545e-9
1.00052e-8
2.31539e-9
-1.12975e-7
3.15266e-7
-4.91017e-7
6.40735e-10
-8.90716e-9
-1.53886e-9
5.97867e-9
4.57687e-9
1.00486e-8
-3.09443e-9
-4.00513e-8
6.52481e-8
1.84592e-9
-7.44758e-11
-2.40406e-8
2.14718e-8
7.52242e-8
-6.76792e-8
-5.53379e-8
-7.48036e-8
-2.92963e-8
6.99863e-9
-2.32206e-7
7.74042e-8
1.81131e-7
-1.60937e-7
4.57599e-7
3.41419e-7
-2.70951e-7
-5.4256e-7
-1.52515e-7
-6.71664e-7
-9.10405e-7
3.04526e-7
-2.59604e-7
1.28385e-7
5.98725e-7
3.78342e-7
5.20899e-8
1.37036e-6
-8.85028e-7
8.37079e-8
1.63797e-6
1.01203e-6
2.03705e-7
4.14379e-6
-6.0891e-7
5.08137e-7
-0.00052587
0.000577652
0.000685689
-0.00054088
-0.000575608
0.000454901
0.000368347
-0.000257328
-0.00021336
8.00259e-5
0.000188402
-5.59476e-5
-0.000166855
3.57646e-5
-6.01416e-6
7.94181e-7
-0.000124302
5.0544e-5
0.000266609
-0.000383464
0.000150072
0.000496569
1.54729e-5
-7.82342e-6
-2.9821e-6
-9.13177e-8
8.88021e-10
2.42042e-8
-1.38602e-5
6.02006e-6
-6.29101e-6
6.23507e-6
-8.3084e-8
-5.70704e-8
-4.47413e-8
9.99803e-8
4.09769e-7
4.9931e-7
-1.95315e-7
1.81704e-6
-5.35857e-7
4.44301e-9
-6.25563e-8
8.12451e-8
2.58067e-7
-2.89682e-8
-1.02928e-7
1.62083e-7
-9.12685e-8
3.11308e-8
4.61071e-7
-7.79342e-8
-2.94965e-8
-1.58107e-7
-1.28285e-6
1.7188e-6
8.59895e-7
-1.29167e-7
-6.01726e-8
-1.65876e-6
-3.54885e-6
4.16581e-6
2.74316e-6
-6.07584e-8
-5.74491e-7
-1.10146e-7
-3.43112e-7
8.40462e-7
3.92255e-7
-1.26902e-6
-2.53029e-5
-1.30984e-5
1.09181e-5
5.49201e-6
1.37461e-7
-5.01236e-7
-1.36934e-7
4.56842e-7
-7.73519e-6
-8.83794e-5
6.55613e-5
-1.12022e-5
7.59513e-5
-3.76728e-5
-2.0482e-8
9.68017e-8
-1.15412e-8
3.24839e-8
-7.30744e-8
-3.1544e-9
5.99008e-5
0.000343684
-0.000176199
-0.000509592
-0.000364605
0.00113868
-0.00034798
0.0001267
-4.8197e-9
1.45826e-8
4.40333e-9
3.30793e-9
0.000624529
-0.00140114
0.000212758
1.29529e-8
-4.02565e-8
-0.000736367
0.00142841
1.63629e-5
-4.88353e-9
-1.5557e-8
0.000700343
-0.00123275
-0.000198012
7.30404e-9
3.57414e-8
-0.000508283
0.000629589
0.000216282
3.70422e-8
-1.2466e-7
0.000263355
-0.000208446
-0.000181335
3.58771e-8
-1.69387e-7
-1.10954e-5
4.94048e-5
1.03679e-5
-2.18972e-8
1.39327e-7
-8.1645e-8
-1.7e-6
1.51721e-6
-2.47418e-8
-2.59762e-7
8.34626e-7
-3.60592e-8
1.60674e-7
-1.24472e-7
3.21039e-8
-1.00937e-7
6.68805e-8
-8.35369e-9
2.05096e-8
3.90564e-7
-2.92898e-7
-7.32606e-9
2.51995e-9
3.82016e-7
-3.63547e-7
1.45337e-9
5.58458e-9
-9.65945e-7
1.22771e-6
-1.36925e-9
-9.98076e-9
4.62419e-9
2.18559e-6
-4.84886e-9
-1.36212e-8
-1.98775e-8
9.61828e-7
4.27827e-6
-5.407e-6
-9.03096e-9
9.37653e-8
1.06133e-9
-4.4555e-7
2.46174e-6
-3.5438e-6
2.97996e-8
-1.88218e-8
-2.3568e-9
-1.10011e-7
2.85934e-8
1.27744e-7
-4.57287e-7
2.99373e-8
1.3198e-7
-2.78326e-8
-2.26407e-8
4.16523e-8
-3.06078e-8
1.33781e-7
-3.39929e-8
-4.60916e-8
1.4193e-7
-1.81239e-7
-6.19002e-8
1.35098e-6
-1.01282e-6
-1.82465e-6
1.73955e-7
-1.82985e-6
-4.88525e-7
1.04325e-7
-3.12632e-6
2.52133e-6
-2.11929e-6
1.68164e-6
-5.4422e-6
-3.19268e-6
-5.63478e-6
1.08025e-6
-6.06281e-6
-1.29965e-5
-6.36583e-7
7.32763e-6
-6.03975e-6
9.23893e-6
9.38975e-7
1.03297e-7
2.24438e-5
6.04597e-8
2.49325e-6
4.23728e-5
-4.69773e-6
0.000229534
-0.000185639
-0.000398001
0.000179142
-0.000531722
0.00029342
0.000568668
-0.000327541
8.20433e-5
0.00014143
-5.71986e-5
2.33082e-5
-1.35408e-5
7.08567e-6
-7.68088e-6
9.61344e-7
9.54265e-7
1.93112e-6
-1.63819e-5
3.18864e-6
-7.72159e-5
2.98887e-5
-3.8343e-7
1.35845e-7
-6.15596e-7
2.60202e-7
-2.25309e-6
6.96614e-7
-3.75565e-6
1.76785e-6
-9.49573e-8
1.70589e-8
-5.66316e-8
3.60337e-8
3.1794e-8
6.97642e-8
-2.17155e-8
1.46369e-8
1.4688e-7
-7.98938e-8
-6.90878e-8
3.43386e-7
6.58674e-8
-4.81362e-7
1.96577e-8
-8.09593e-9
-4.36513e-10
-1.30142e-8
1.658e-6
-4.73012e-6
3.07146e-8
8.46334e-9
-7.86504e-9
-4.42222e-10
2.76493e-6
-1.13372e-5
1.16399e-7
7.61319e-9
-3.0819e-8
4.50302e-8
-1.5568e-6
8.78866e-7
3.69735e-6
-9.86447e-6
-4.17683e-6
-2.04148e-6
1.42585e-6
6.20422e-7
1.60042e-6
-4.509e-6
-1.35802e-6
3.55229e-6
1.21338e-5
1.8729e-5
-7.92251e-6
-8.12674e-6
-3.03429e-7
8.23928e-7
1.64426e-7
-3.31303e-7
-4.50906e-6
-7.22987e-5
2.36326e-5
5.30988e-5
0.000131038
-9.03156e-5
-1.18482e-5
1.90133e-8
-1.19737e-7
-4.54965e-8
1.20838e-7
-4.92227e-9
2.31409e-8
-3.48167e-8
8.65682e-8
1.19326e-7
-9.21137e-8
3.67743e-8
7.91124e-7
-4.88813e-5
2.97232e-7
-8.13833e-7
-3.95349e-5
2.1354e-5
-1.21868e-5
-3.93232e-7
4.20563e-7
-2.33301e-7
-1.42311e-6
4.50016e-7
-4.00129e-6
3.38331e-7
2.30815e-7
-3.39374e-7
-5.18844e-8
5.62541e-7
-4.39889e-7
-1.5761e-7
-2.85623e-7
8.87865e-8
-1.32055e-6
9.08026e-7
-2.55781e-8
9.87136e-8
4.04438e-6
-2.69981e-6
-1.08475e-8
2.21449e-8
1.84222e-6
-3.81821e-6
1.58872e-8
1.17357e-7
-1.66087e-7
-1.46694e-6
1.11405e-5
-2.24818e-9
3.78023e-8
5.75024e-8
-6.05206e-8
-2.5202e-6
1.73237e-5
-2.58637e-7
-2.05919e-7
-1.18292e-7
1.16655e-6
-2.64004e-6
1.12618e-5
-9.50341e-8
1.41088e-6
6.40843e-7
-3.10644e-6
-3.05432e-8
9.60027e-7
2.29258e-6
-9.99172e-8
-3.26889e-7
-5.06116e-8
-2.0482e-7
-4.80798e-8
1.44772e-7
1.19203e-7
3.94322e-7
8.67804e-7
-2.89256e-7
5.40064e-8
-2.42286e-7
-4.81494e-7
2.3117e-6
-4.50798e-7
7.39879e-8
2.83136e-6
-5.70504e-6
-2.46133e-6
3.74401e-5
1.43209e-5
1.9675e-5
6.04458e-6
-2.3606e-5
-1.15561e-5
1.81961e-6
-4.04551e-5
-6.5403e-6
3.96467e-6
1.55922e-5
-5.34681e-5
-5.02721e-5
6.26925e-5
-0.000145589
-1.94915e-5
-4.42379e-5
2.66894e-5
0.000352643
-0.000234737
-0.000328995
-4.41501e-5
9.43061e-5
0.000251263
0.000141365
-0.00049066
-0.000505092
0.000709877
0.000157191
1.78996e-5
-6.0494e-5
-3.45452e-5
2.93647e-5
-4.98033e-5
6.95683e-5
-2.85709e-5
0.000175748
-5.91699e-5
-0.00028699
4.47992e-5
-5.69698e-6
8.98914e-7
-5.74239e-6
4.42828e-6
3.07093e-7
-9.32889e-7
-9.66097e-6
3.15658e-6
-1.30851e-6
2.84975e-7
-6.86902e-7
1.22239e-7
-1.51732e-7
1.41757e-7
-6.32498e-7
-2.90818e-7
-3.30758e-8
9.56054e-9
-3.02171e-8
-9.0551e-10
1.0184e-7
-8.24739e-7
1.22014e-7
1.6334e-7
-7.46072e-8
-4.91198e-7
3.78958e-6
-5.4804e-6
3.67098e-8
6.11818e-6
1.96495e-5
-2.18497e-5
2.61896e-9
2.82957e-5
3.24166e-5
-5.43118e-5
-4.22466e-7
-1.83824e-7
1.27955e-7
2.23639e-9
1.12189e-5
-2.47532e-5
-8.14408e-6
1.61607e-5
4.1024e-6
3.07284e-6
-1.74082e-6
-1.01166e-6
-1.95948e-6
4.01274e-6
6.28518e-7
-8.8351e-7
-2.78843e-6
2.98344e-6
-1.64448e-6
-6.45949e-8
6.06356e-9
7.31219e-8
2.50596e-7
-2.6512e-7
-2.97646e-7
-0.00113699
0.00122364
-0.000479668
0.000710217
0.00184914
-0.00145312
-0.00186494
0.000330145
8.35926e-8
2.07273e-7
-1.44972e-8
-1.21392e-6
-0.00239812
0.00256639
0.00204634
-6.88925e-7
2.93207e-6
0.00262739
-0.00354243
-0.00213668
4.52496e-7
-1.70232e-6
-0.00387122
0.00440242
0.00218499
-3.57772e-7
7.31432e-7
0.00127767
-7.24753e-5
-0.000878108
-1.44253e-7
7.83485e-7
-0.000381552
-0.000419894
0.000235434
-2.23925e-6
8.63916e-6
0.000131085
0.000119474
-5.0296e-6
6.06375e-6
3.92617e-6
1.4759e-6
2.44314e-7
8.17896e-6
1.33394e-6
-6.03506e-6
-7.40269e-6
2.13792e-6
1.40676e-6
-5.71129e-7
-4.74617e-7
1.45552e-6
-3.33472e-6
3.82449e-7
-2.31988e-7
1.31537e-9
-1.10715e-5
7.03571e-6
-2.82847e-8
1.68018e-7
2.71499e-5
-1.62378e-5
-1.24309e-7
-3.52205e-5
3.45685e-7
-1.6283e-5
-5.14518e-5
7.4169e-5
5.39733e-7
-3.67641e-6
-4.91088e-5
5.18744e-5
-5.09785e-6
-5.0608e-6
-4.77842e-6
2.79197e-5
3.99365e-6
1.92617e-6
-3.73015e-6
-7.07128e-7
1.0309e-7
3.5133e-6
-1.50042e-5
1.97444e-5
-3.87098e-6
-2.78363e-6
5.08547e-7
-8.50148e-7
-5.68388e-7
2.18016e-6
-2.34826e-7
-7.78222e-7
5.10933e-8
-2.08717e-6
1.04107e-5
-1.49446e-5
-6.62414e-6
4.13546e-5
-1.02366e-5
2.03192e-6
3.958e-5
-0.000100915
0.00010213
-4.88601e-5
-6.2219e-5
4.25378e-5
0.000335207
-0.000276033
0.000254911
0.000405784
-6.63902e-7
-6.8526e-5
0.000229022
-0.000130545
2.69138e-5
0.000487968
-0.0014775
0.000978453
-0.000340338
-0.00156719
-0.000376219
-0.000133248
6.74573e-5
0.000192041
-3.8644e-5
4.77957e-6
6.12767e-5
-0.000457873
0.000176968
0.000559899
-0.000622949
2.16652e-6
5.0408e-5
0.000232902
-0.000483515
-0.000143795
0.000306914
-1.4257e-5
8.05128e-5
8.35363e-6
1.91037e-7
3.30492e-5
-1.27386e-5
-2.59075e-5
4.59559e-6
-6.29373e-6
1.04518e-6
1.73704e-6
-4.91464e-6
-2.69576e-6
7.33021e-6
-3.72927e-7
1.06423e-7
-4.56749e-7
1.66285e-7
3.51723e-8
-9.45963e-7
3.79162e-6
-1.4563e-6
2.32749e-6
-7.92507e-6
-1.67178e-7
-7.57272e-7
8.67624e-7
9.4946e-7
-1.95108e-7
5.10455e-7
-7.9148e-7
5.90209e-7
-4.31604e-6
1.46701e-5
1.24224e-8
-4.75274e-8
-8.32445e-8
-1.43527e-8
-1.55154e-5
5.77543e-5
-2.50211e-9
7.09197e-9
-3.32942e-8
4.65703e-9
-3.40085e-5
6.87936e-5
-2.92354e-8
7.7949e-9
-6.7476e-9
4.10642e-9
4.53931e-5
-6.63825e-5
-2.71491e-5
3.69682e-5
6.15728e-7
2.86039e-7
-1.7232e-7
-7.32666e-8
-6.82174e-6
8.78049e-6
3.62851e-7
2.69918e-6
2.792e-6
-8.0465e-7
-8.4248e-7
5.87932e-7
-4.72388e-7
1.87861e-6
5.46349e-7
-1.65991e-6
0.000158016
-0.000161599
3.50763e-5
-8.41269e-5
-0.000311837
0.000231218
-1.52427e-5
-2.41043e-7
1.31471e-8
1.2567e-6
-8.6461e-7
-0.000632693
-5.73562e-6
0.000880397
2.95462e-6
-7.31773e-6
8.73869e-6
3.45982e-6
-1.165e-6
-0.000866131
0.00120946
-2.6605e-5
2.86508e-5
-1.42513e-5
-0.000346594
0.000949767
-1.99895e-5
3.96781e-5
0.000225283
-0.000601424
-6.9971e-5
2.45704e-5
-3.34783e-5
4.33631e-5
-0.000156823
4.8293e-5
1.09488e-6
-6.05522e-6
-8.55059e-6
1.43593e-5
2.61708e-6
-7.98648e-6
-3.3718e-6
5.94594e-7
7.56403e-6
-1.42382e-6
-6.05939e-8
1.39053e-6
-1.43868e-5
1.75198e-6
-1.13879e-6
3.41448e-7
-5.5898e-5
3.2535e-5
-9.11685e-8
-2.99819e-6
2.04605e-6
9.61932e-5
-5.70074e-5
-5.26748e-7
-1.72392e-6
-5.85933e-7
3.81854e-6
6.74627e-5
-0.000110922
6.81982e-7
1.37778e-6
-2.67425e-6
-2.18539e-6
4.13343e-5
-0.000173909
8.57004e-6
4.23065e-5
1.34411e-5
-0.000112711
-2.02276e-5
-0.000167915
-1.35e-5
-1.60806e-5
-1.24275e-5
0.000142969
-2.30074e-7
4.41987e-5
-7.71396e-5
-0.000324166
6.29421e-5
3.0722e-5
-0.000171425
9.07497e-7
-1.14956e-6
-5.8167e-7
1.67159e-5
0.000335311
-6.91915e-5
2.64473e-5
0.000152329
-7.82325e-6
5.35479e-5
-5.38323e-6
-2.63626e-6
-0.000572241
-1.4264e-5
0.000284665
-0.000521809
-0.000638469
-0.000373851
-0.000158858
0.000590508
-0.000113212
1.10781e-5
0.000492457
0.00250606
-0.00124198
-0.00415142
0.00376635
-0.00217492
0.000892646
-0.00282624
0.00133463
0.000718834
-0.000904601
0.000478511
-0.000327828
-0.000795467
0.000333187
0.000663999
-0.000232707
-0.000115999
-0.000111317
-2.53592e-5
-1.05236e-5
-3.90717e-6
1.12903e-5
7.20943e-5
-5.62558e-6
-0.000147936
0.000213999
-0.000759983
0.000794113
-0.000330744
0.000309599
8.06124e-5
-1.1735e-5
-9.52582e-6
3.85266e-5
1.70932e-5
-5.46604e-5
-6.46361e-6
2.24058e-6
-7.21721e-6
1.34731e-7
1.41597e-5
-3.75505e-5
2.07462e-5
-1.86325e-5
5.9135e-5
3.23099e-7
-5.74457e-7
7.41499e-7
-1.61365e-6
-6.46439e-7
-1.10131e-5
1.22704e-6
6.47829e-6
-4.57729e-7
-5.63639e-6
1.37611e-5
-1.41869e-6
-2.43356e-5
-3.81277e-5
6.47752e-5
2.32135e-7
-9.78664e-5
-0.000102365
0.000144049
3.08755e-8
4.06346e-10
8.15539e-5
-3.64303e-5
3.46724e-8
2.05652e-8
-1.35731e-8
4.29265e-9
-6.03405e-6
-1.07203e-5
-9.60408e-6
3.72743e-5
1.50051e-7
-2.91452e-7
1.05147e-7
9.65426e-8
-5.24536e-6
1.38668e-5
2.8245e-6
-5.32921e-6
3.0962e-5
-1.33395e-6
-1.25926e-5
3.3704e-5
1.24924e-6
5.98788e-7
3.4151e-7
-3.1724e-6
-7.75992e-5
2.08309e-6
1.25725e-5
-1.10104e-5
-9.24996e-6
0.00148589
-0.00251153
0.0011011
-0.000293776
-0.00225756
-0.0002176
0.00283681
-0.000901827
1.14663e-5
-3.91635e-5
-3.07687e-5
3.42681e-5
0.0019259
0.00118679
-0.0029568
3.28905e-5
-2.10161e-5
-0.000470048
0.00208408
1.22081e-5
-4.04939e-5
-0.000908289
0.00148287
8.24313e-5
-0.00012
9.16192e-5
0.000642198
-0.000602705
3.38013e-5
-3.50402e-5
-0.000152083
-2.42562e-6
2.00955e-5
-4.64549e-6
-2.48517e-6
-3.77623e-6
2.45878e-6
3.81399e-5
-1.72203e-5
-1.97898e-6
-1.55715e-6
2.4697e-5
-3.90908e-6
4.11753e-6
1.32414e-5
-1.08296e-5
-4.82173e-5
4.87458e-5
-6.63205e-7
-0.000151118
8.86598e-5
-9.86393e-7
0.000204347
-1.59182e-5
0.000192522
0.000352843
-0.000368391
-6.97865e-5
0.000242697
0.000555596
-0.000492567
0.000360644
-0.000597371
-0.000111626
0.000974998
-0.000894155
0.00109915
0.000684122
-0.00223747
-4.20897e-5
6.1373e-5
0.000117545
-6.30075e-5
0.00404246
-0.00111494
-0.000623752
0.00303817
1.29499e-5
1.58961e-5
-4.67731e-5
-0.000483457
-0.00513705
0.00123369
0.0010365
-0.00273672
-0.000255073
0.000806122
0.000119968
-3.87402e-5
0.00160746
-0.000979869
0.00469184
-0.00557097
0.00418766
-0.0061597
0.0190814
0.0188976
0.0111199
-0.0217601
-0.00242576
0.000417869
-0.00113628
0.00216382
-0.00062975
-0.0186401
0.012451
-8.16525e-5
1.15831e-5
0.000164037
-2.12617e-5
0.000130734
-0.000229641
0.000245909
0.000509136
-0.000445305
-0.000302063
0.00022874
-0.000176623
-0.000191586
4.16966e-5
-8.41511e-5
0.000102199
5.68548e-5
-1.73668e-5
-1.17404e-5
3.81469e-5
-0.000514184
0.000822775
-0.000155397
0.000256071
4.67259e-5
-4.46776e-5
9.64021e-7
-4.25216e-5
9.94987e-5
-8.81811e-5
-4.42231e-5
1.53034e-6
4.86033e-6
1.36894e-6
-7.01922e-6
1.55261e-6
6.12653e-5
2.23364e-7
-1.55884e-5
2.38088e-5
-4.1505e-5
2.30257e-5
-3.9479e-5
6.70546e-5
8.5621e-7
9.85846e-6
-1.72286e-6
-1.97516e-5
-2.52449e-6
7.8646e-6
-7.3874e-6
2.78486e-6
5.1598e-5
-6.13087e-5
-3.43467e-7
8.86026e-7
-9.15448e-7
5.12647e-7
9.56702e-5
-0.000107611
-3.06729e-8
3.74219e-8
-1.10086e-8
9.54478e-8
-9.02948e-5
5.7368e-5
2.0059e-5
2.3468e-5
1.13793e-8
-5.03358e-10
3.63682e-5
-6.07224e-5
-5.66564e-8
-2.52712e-8
2.59239e-8
-6.15959e-8
1.73072e-7
-2.21186e-5
3.61558e-5
-1.29729e-5
5.27559e-6
3.662e-6
-9.02641e-7
1.58033e-7
-3.14118e-6
3.35165e-6
7.98058e-7
4.98764e-6
-1.70261e-5
-1.19925e-5
6.69858e-6
7.79265e-6
-9.79958e-6
-0.00018661
0.00057458
-0.00019192
-0.000384702
0.000199918
0.00119011
0.000112495
-1.8692e-5
6.05451e-5
4.61039e-5
-0.000109403
-0.00176697
9.03115e-5
0.00239802
-7.57206e-5
-0.00332106
5.25429e-5
-0.00728647
0.00597186
0.00012258
-8.33942e-5
0.00492593
-0.00176807
-0.0021555
-0.000153549
0.000112115
-0.000842696
0.00027866
5.17951e-5
-0.00216063
0.00110122
3.59737e-5
-0.000101823
4.88314e-5
0.000399061
-0.000688682
2.75504e-5
-1.94042e-5
-0.000106062
4.06375e-7
3.58677e-5
2.2591e-5
-7.7328e-5
-5.51741e-5
4.19295e-5
-4.34698e-5
2.38801e-5
-1.13339e-5
-4.1459e-6
-4.29573e-6
5.52686e-5
-4.14426e-5
2.41561e-5
-6.53247e-7
0.000221295
-0.000114534
5.69761e-6
0.000119529
-9.91204e-5
-0.000229757
0.00011558
1.50617e-5
0.000140554
4.46982e-5
-0.000314963
-0.000397343
0.000354806
-6.67574e-5
0.000607719
0.000354958
-0.0011724
-0.000888699
0.000548802
-0.00137555
0.00219619
0.00149731
-0.00243709
-0.000428533
-0.00398348
0.00192795
0.00411786
-0.00230074
0.00393184
0.000461419
0.00504223
-0.0065328
-0.0031792
0.00880625
0.00061772
-0.000273986
-0.00188107
0.000301781
-0.00382587
0.0101788
0.00478346
-0.00923379
-0.000165763
0.000110247
0.000481485
0.00028225
0.00196404
0.00750946
-0.00271202
0.00312931
-0.00315647
0.0086437
-0.0268544
-0.0213296
-0.00754167
-0.00285392
0.00555888
0.00256748
-0.00493458
-0.000189893
-0.000167858
0.0484514
-0.0408514
0.0341258
-0.0172832
0.00900835
0.000247239
-1.8128e-5
-2.98171e-5
0.000150431
-0.000158152
4.22077e-5
0.000104539
-0.000206966
0.000276498
-0.000182435
-3.62496e-5
0.000229859
-0.000204039
-0.000191186
-0.000145276
0.000170066
-5.73861e-5
0.000141166
-7.59173e-5
8.89721e-5
4.93281e-6
-0.00013376
0.0003141
-0.00022496
3.04859e-5
1.33734e-6
-9.31678e-5
0.000154857
-0.000107987
0.000110634
-0.000192372
-3.65359e-6
-1.08419e-6
1.99623e-5
-2.72599e-5
-6.97442e-6
6.53884e-5
-3.97861e-5
-1.30688e-6
2.59928e-5
5.95297e-6
-2.05833e-6
-2.51773e-5
5.23886e-5
1.38406e-6
-1.10114e-6
-5.41136e-5
5.7119e-5
5.02803e-8
-2.83921e-7
4.69224e-6
-8.95627e-5
-1.75754e-8
-4.14674e-9
1.49406e-7
4.14189e-8
-7.65883e-5
0.00013995
7.67102e-5
-0.00013396
6.98726e-10
9.47894e-10
-3.97381e-5
3.01172e-6
-2.99782e-5
1.64575e-7
-1.52548e-6
6.49159e-6
-3.09942e-5
5.48232e-5
1.80641e-5
-5.66348e-5
4.94664e-5
-4.30001e-5
-0.000364152
0.00127849
4.9943e-5
-1.74701e-5
5.17718e-5
-0.000154489
-0.00249163
0.000218909
0.00331441
-0.000186295
-0.00377661
0.000132457
0.00371378
-8.07461e-5
-0.00328665
5.72369e-5
0.000883352
-4.99176e-5
0.00063548
7.16429e-6
-0.0001425
9.64139e-5
0.000200114
0.00161208
5.93465e-5
-0.00203038
0.000917724
-5.82969e-7
-6.74919e-6
2.302e-6
1.84365e-5
7.33635e-6
6.55598e-5
-8.85296e-7
-7.33789e-6
4.42748e-5
-8.7243e-5
-5.11719e-5
2.66317e-5
-5.18977e-5
-0.0007751
0.000761992
3.95271e-5
-1.35251e-5
-0.000464574
0.000391296
0.00017576
-8.85889e-5
-0.000513942
0.000773302
0.000214756
-0.000306265
-0.00120188
0.00168268
4.97815e-5
-0.000370792
-0.00252165
0.00366931
0.00333006
-0.000765748
-0.00718811
-0.00651117
0.0119372
-0.00207077
-0.000839427
0.0103801
-0.00851617
-0.0166139
0.00914692
-0.0233106
0.000421461
-0.0102753
0.0374736
-0.0146663
0.0209238
-0.00343343
0.00794361
-0.0204881
0.0187204
-0.00596394
0.00872751
-0.0233061
0.00162881
-0.00637724
0.00668328
-0.00354177
0.000792444
0.0644809
-0.0927424
0.0795607
-0.0550584
0.0274355
-0.00854913
-0.00221822
0.00915811
-5.9161e-5
7.48298e-5
-0.000202033
0.000152834
-0.000327594
0.00034626
-0.000208879
-1.18958e-5
0.000198525
-0.000296443
0.000315129
-0.000443197
-0.000264848
0.000460119
0.000197773
-0.000119639
-5.97224e-5
-0.000263794
0.000396903
-0.000442725
-0.00028673
0.000186039
1.17471e-5
6.94052e-5
-0.000153313
-3.88185e-5
0.000103183
-7.82757e-5
0.000175123
-0.000296264
0.00026475
0.000330602
-3.94702e-5
7.26785e-5
3.08441e-5
-4.25746e-5
2.84071e-5
-0.000211789
0.000153101
-7.77303e-6
-1.78467e-5
-0.000105148
-6.80423e-6
5.58892e-5
-3.55703e-5
-7.76409e-5
7.91201e-5
-7.82952e-6
-2.02584e-5
-4.43352e-5
1.97441e-5
2.87962e-6
1.16066e-6
-6.13533e-5
0.00014163
-8.81457e-7
3.28091e-7
-0.000175676
0.00015113
2.13229e-8
-3.40393e-8
-1.0339e-7
1.97177e-9
2.32975e-9
7.89271e-5
-8.07735e-5
-1.59744e-5
7.81315e-5
-1.07983e-7
1.518e-8
-1.38908e-7
1.09079e-6
1.64772e-6
4.93549e-5
-0.000113927
0.000133537
5.68929e-6
-8.50931e-5
9.49799e-5
6.38406e-5
-3.23475e-5
3.14386e-5
-0.000213183
0.000723378
1.60162e-5
-2.86806e-5
-0.000116504
-0.00177854
0.000256673
0.00306626
-0.000315584
-0.00415874
0.000285694
0.00439155
-0.000197812
-0.00358833
0.000110151
0.00192629
-5.44593e-5
0.000592126
3.09136e-5
-0.00352376
-3.91479e-5
-0.00355805
0.00508483
-9.21608e-5
5.87081e-5
0.00126216
-0.00118106
0.00183562
0.00030009
-1.85383e-6
8.49827e-6
-1.46418e-5
-0.000759492
0.00140513
-9.01921e-7
1.1583e-6
0.000338311
-0.000467217
-0.000408162
-0.000515287
0.00110716
-3.68769e-6
-1.69655e-6
-1.21858e-6
1.89155e-6
0.000644569
-0.00112895
0.00092174
-0.00028698
-3.7359e-5
1.35496e-5
-0.00116187
-7.65841e-5
7.03564e-5
0.000326227
0.000205016
0.000659966
0.000652902
0.000176712
9.39687e-5
0.00159581
-0.00417951
-0.000858206
0.00239291
-0.00133316
0.0107984
-0.0179314
-0.00508655
0.00321813
0.0252435
0.0160502
-0.0313833
0.00969546
-0.0113313
-0.0132511
0.0101441
0.0401153
-0.0574049
-0.0331616
0.0565637
-0.00878321
0.0149426
0.0281172
-0.0218309
0.020942
-0.049179
0.0294189
-0.0315995
-0.00308168
0.00750942
0.0100361
-0.0255218
-0.0124535
-0.001208
0.00304827
-0.0409327
0.0459994
-0.101359
0.12591
-0.113175
0.0729377
-0.029474
-0.00116193
0.0185191
-0.0344892
0.0385594
-0.000237963
-8.48626e-5
0.000435857
-0.000474518
0.000312286
-3.11437e-5
-0.000225444
0.000354495
-0.000350164
0.000277449
-8.00937e-5
9.6946e-5
0.000463915
-0.000465727
0.000440864
0.000216911
-0.000449074
0.000453129
-0.000522095
-0.000253262
0.000150011
-0.000373512
0.000330235
-0.00028712
-0.000105115
6.79481e-5
-3.47741e-5
0.000237897
-0.000190013
-2.46971e-7
4.39686e-5
-0.000133304
8.81054e-5
-0.00010711
8.92929e-5
0.000121766
7.11644e-5
-9.47207e-5
7.71932e-5
-6.65399e-5
-7.01143e-5
0.000118842
-8.21575e-5
4.62111e-5
3.53887e-5
6.81154e-6
-1.75316e-5
4.15561e-5
-2.86403e-5
1.31301e-5
4.77955e-6
2.07361e-5
-5.64586e-5
0.00010756
-0.000165942
-1.01547e-6
1.34763e-7
0.000164385
-0.000118491
3.85144e-8
-7.36589e-8
1.11901e-7
3.91924e-5
5.29674e-5
-0.000130751
-4.49279e-7
1.20349e-6
-5.65404e-6
0.00019678
-0.000261576
-0.000119604
0.000283905
-2.75868e-5
0.00016298
-0.000591572
6.40713e-5
0.000143547
0.00154405
-0.000294081
-0.00286705
0.000366916
0.00395279
-0.000332358
-0.00408518
0.000227435
0.00296531
-0.000116603
-0.00101277
4.43744e-5
-0.00102898
-1.38994e-5
0.00230106
8.52233e-6
-0.00249993
-3.25321e-6
-0.00188017
-5.23253e-7
0.00696743
-0.00457135
-3.20861e-7
3.52668e-7
-2.0158e-7
0.000776688
0.00138674
-0.0024768
4.70206e-6
-7.35691e-7
1.48285e-7
0.00238498
-0.00106199
-0.00121511
7.17266e-5
-2.16706e-5
0.00454822
0.00242251
-0.00774875
-0.000238352
0.000401107
0.000338101
-0.000189338
-0.00283514
0.00837637
0.00388586
-0.00916736
-0.00305365
0.00523433
0.000809555
-0.000682791
0.00214624
-0.00279284
-0.00063718
-0.00304544
-0.00360235
-0.00122868
-0.00023688
0.00891291
-0.0156535
0.0223732
0.00945763
-0.00668383
0.00567314
-0.0304492
0.0394792
0.022346
-0.0153524
-0.0506155
0.0662426
-0.0791895
-0.0690705
0.041953
-0.0309463
0.0933669
-0.0998799
0.0412416
-0.0231252
0.0158331
-0.142457
0.122571
-0.0503355
0.107018
-0.135218
0.118068
-0.0671701
0.0111807
0.0249202
-0.0352415
0.0266728
0.00200054
0.00026209
-0.000377057
0.00048753
-1.57711e-5
0.000355039
-0.000514444
0.000507625
-0.000323874
1.68086e-5
0.000273242
-0.000416088
0.000383695
-0.000232321
-4.15105e-6
-0.000280115
0.000309796
0.000363397
-0.000338063
0.000407513
-0.000608324
0.000471311
-0.000415924
-0.000291245
0.000237157
-0.000173142
0.00033644
-0.000285329
0.000243275
0.000127264
-8.71869e-5
4.68848e-5
-0.000199314
0.000152505
-6.50669e-6
-3.24266e-5
-0.000119602
0.000111802
-7.9921e-5
7.38452e-5
-8.15361e-5
6.14772e-5
5.12521e-5
-3.31284e-5
-2.65277e-5
-1.69328e-5
1.86003e-5
-8.85078e-6
-4.58839e-6
6.05618e-5
-8.51246e-5
0.000101489
1.78938e-6
-6.18315e-7
-9.57254e-5
5.41501e-5
1.81659e-7
-3.41236e-8
1.22627e-7
1.27585e-5
-9.19776e-5
0.000179624
-1.27133e-7
-4.80092e-7
8.7015e-7
-0.000254111
0.000384522
-0.000329113
-3.13618e-5
1.6296e-5
-1.62328e-5
0.00012553
-0.000166925
-0.00019321
0.0003052
-2.51052e-5
0.00048015
-0.000177564
-0.00111751
0.000299499
0.00209522
-0.000337506
-0.00293876
0.000288695
0.00293385
-0.000178426
-0.00174833
6.81171e-5
-0.000189982
-3.44233e-6
0.00209097
-1.45437e-5
-0.00359756
1.135e-5
0.00433141
-5.93457e-6
0.00774472
-0.00933594
2.19127e-7
2.38342e-6
-0.00657431
0.00587561
-0.00448475
0.000217011
-1.42147e-8
-1.91636e-7
-5.76408e-8
0.002534
-0.00440686
0.00538935
2.50282e-7
8.74012e-7
-9.63068e-8
-0.00470521
0.00189472
0.00236415
-4.58982e-5
8.39032e-6
-0.00711425
0.011802
-0.000861165
-0.000446237
0.000155995
-0.0125121
0.0109147
-0.00638651
-0.00295593
0.00182317
0.000149762
0.00672329
-0.00223876
0.00323674
-0.00994338
0.0142321
-0.0208616
-0.0143477
0.00875867
-0.00317925
0.0287861
-0.0384916
-0.0301496
0.0219943
0.0519617
-0.0729674
0.0925635
0.0669256
-0.0502848
0.0390687
-0.134499
0.115873
0.0699267
-0.113823
0.10198
-0.0805549
-0.0948622
0.112376
-0.0808523
0.01411
0.0532243
-0.098213
0.113174
-0.0879762
0.0295861
0.0322817
-0.0667064
0.0640436
-0.0339393
-0.0140688
0.092015
0.000215531
0.000293184
-0.000492432
-0.000598846
0.000577488
-0.000468542
0.000263352
2.77285e-5
-0.000304873
0.000443775
-0.000390397
0.000210676
3.16931e-5
-0.000187087
0.00028878
-0.000283749
0.000733345
-0.000651291
0.000389322
0.000254863
-0.000221076
0.000171943
-0.00025634
0.000206511
-0.000164943
-0.000132002
9.30089e-5
-5.19831e-5
0.000127884
-9.70502e-5
1.261e-5
1.82785e-5
9.87255e-5
-0.000129194
6.44779e-5
-6.48101e-5
8.17179e-5
-5.89669e-5
-2.99365e-5
2.67041e-5
2.27649e-5
1.19916e-5
-1.36757e-5
1.22282e-5
1.63446e-6
-5.21016e-5
5.10371e-5
-4.24286e-5
-1.03263e-6
4.81114e-7
3.01209e-5
-1.74541e-6
-2.63164e-7
2.42331e-7
-1.04453e-7
-4.6501e-5
0.000108805
-0.000221754
4.65394e-7
-1.85484e-6
1.8217e-6
0.00042155
-0.000495639
0.000350777
1.15861e-6
-0.000144573
0.000125288
-0.000257761
-7.26739e-5
-0.000300547
0.000255388
0.000674686
-0.000275589
-0.00123884
0.000236522
0.00169224
-0.000156789
-0.00150544
4.69509e-5
0.000387285
4.36995e-5
0.00129788
-7.82012e-5
-0.00272265
6.11162e-5
0.00356234
-2.85023e-5
-0.00477171
1.14416e-5
0.00577213
-2.10045e-6
-0.00481917
0.00181746
0.00309906
1.61675e-7
-2.99448e-7
1.00256e-6
-0.00623333
0.00757174
-0.0087095
-3.24018e-6
2.97064e-7
-2.57286e-7
0.00765384
-0.00360036
-0.00251787
-5.39129e-6
6.96343e-6
0.00755336
-0.0157956
0.00132828
0.000254248
-3.31785e-5
0.0136983
-0.0117613
0.00679985
0.00682512
-0.00344047
0.00204049
-0.011092
0.0123098
-0.00879119
0.00956188
-0.0105715
0.015534
0.016564
-0.00973757
-0.00328279
-0.0223624
0.0321299
0.0328866
-0.0240155
-0.0460747
0.0801766
-0.147069
-0.0652903
0.052067
-0.0420545
0.172468
-0.12402
0.0986816
0.0803978
-0.0790381
0.0731839
0.0129688
-0.0654412
0.0802423
-0.0735978
0.0382029
0.0227996
-0.084029
0.113398
-0.0958433
0.0480739
0.0118353
-0.0537013
-1.83537e-5
0.0012808
-0.00162763
-0.000637789
0.00037899
-0.000174718
-6.09251e-5
0.000284402
-0.00040009
0.000361779
-0.000184761
9.3012e-6
-0.000114486
7.83253e-5
0.00015012
-6.41435e-6
0.000211136
-0.00015745
-0.000189381
0.00019784
-0.000139108
0.000130548
-0.000131951
9.10148e-5
0.000106069
-7.78298e-5
4.20105e-5
-7.55875e-5
4.37383e-5
-4.8769e-6
-3.56408e-5
-4.11103e-5
9.12078e-5
-5.27458e-5
4.97722e-5
-9.08726e-5
5.24995e-5
2.80468e-5
-1.3281e-5
-1.41719e-5
-7.98062e-6
1.14857e-5
-1.13836e-5
1.12516e-6
2.66012e-5
-1.43245e-5
4.49871e-6
-2.53293e-7
9.05332e-8
2.4897e-6
-1.43059e-5
1.43948e-7
-6.91767e-7
-2.42459e-7
4.457e-5
-6.17359e-5
9.2484e-5
6.01872e-7
-3.10137e-6
1.27115e-5
-0.000138565
4.572e-6
7.54084e-5
4.89345e-5
5.32884e-5
-0.000311335
0.00029479
-0.000473363
0.000600374
-0.000375597
0.000233588
0.000600223
-8.11496e-5
-0.00072894
-2.02433e-5
0.00041782
0.000123287
0.000525898
-0.000185046
-0.00182256
0.000179391
0.00285453
-0.000125115
-0.00280685
5.83532e-5
0.00311559
-2.11984e-5
-0.00206645
0.00199353
0.000261934
-0.00620846
1.20387e-7
-7.06008e-8
-1.92845e-6
0.00982928
-0.0088671
0.0103982
7.58874e-7
-5.40796e-7
7.73807e-8
-0.00983085
0.00572629
0.000541836
2.36029e-5
-6.1375e-6
-0.00646063
0.00850559
-0.00109739
0.000173943
-7.86429e-5
-0.00822331
0.00410577
-0.000669918
-0.0114967
0.00458178
-0.00547594
0.00891509
-0.0273739
0.0186152
-0.00477351
0.00640748
-0.0113733
-0.00781411
-0.0081195
0.0250843
0.0139893
-0.0223234
-0.0280176
0.0184709
0.0241914
-0.0326813
0.0488118
0.0613546
-0.0439288
0.0353658
-0.00233314
-0.0240607
0.0418321
-0.0568683
-0.124159
0.106924
-0.0618712
0.0322964
0.00579646
-0.059683
0.112983
-0.136513
0.116844
-0.0582713
0.00825746
0.0178555
-0.0306338
0.000498126
-0.000373007
-0.000628019
0.00120134
-0.000389698
0.00032255
-0.000231008
9.69125e-5
6.16291e-5
-0.000205038
0.000294152
-0.000230158
0.00010471
-1.32161e-5
-4.32964e-5
-8.43463e-5
5.89257e-5
-0.000258171
-2.9802e-5
2.77721e-5
0.000543185
-7.27086e-5
0.000116107
-0.000132124
8.21047e-5
-4.06409e-5
6.8939e-5
-6.30592e-5
-5.45403e-5
5.17555e-5
-2.851e-5
7.27703e-5
-7.83792e-5
4.55404e-6
1.43051e-5
-1.45231e-5
6.52018e-5
5.38927e-5
-2.21964e-5
1.34349e-5
-1.07474e-5
-9.22573e-6
-1.32554e-6
1.15325e-5
-9.29131e-6
1.50157e-6
-2.18135e-6
4.5233e-6
-3.20645e-6
8.67617e-6
-5.43742e-6
1.92567e-6
-1.26315e-6
-1.1234e-5
1.58588e-5
6.49516e-7
1.26275e-6
1.09102e-6
-2.49273e-5
2.14127e-5
-2.469e-5
1.03248e-6
4.40939e-6
-7.80132e-6
3.93685e-5
6.35049e-5
3.53685e-5
-7.21492e-5
9.50421e-5
-0.000145352
-0.000180232
0.000158625
-1.81099e-5
0.000383893
-0.000352921
-0.000422885
0.000117251
0.000210932
-3.4449e-5
-0.000250515
-0.000148169
0.000213271
0.000192031
9.27635e-5
-0.000279366
-0.000732107
0.000298286
0.0016141
-0.000259706
-0.00184825
0.000141777
0.00196727
-5.50884e-5
-0.00183665
1.26366e-5
0.00115794
0.000290002
0.000547232
-0.00400665
1.04005e-6
1.95382e-6
2.64698e-7
8.01232e-7
-5.2532e-6
0.00610282
-1.39516e-7
-0.00890719
0.0091605
-0.00792861
1.96107e-6
-4.55812e-7
1.35813e-7
0.00953519
-0.00644687
0.000716924
1.00192e-5
-5.13497e-6
0.00464153
-0.00662326
0.00398661
-2.02449e-5
1.15966e-6
0.00575217
-0.00498501
0.00278412
-0.00047591
0.000898605
0.00108873
-0.000366968
-4.64964e-5
0.0127399
-0.0148344
0.0130619
0.00539007
0.000321888
0.00181282
-0.00284894
-0.0110291
0.0123276
0.0192565
-0.0125878
-0.00894358
0.0105356
-0.0181772
-0.0422127
0.0276555
-0.0195997
0.000557403
-0.00249561
0.00735412
-0.0396683
0.0359371
0.0810894
-0.0220217
-0.00806072
0.0155665
-0.0231224
0.0364951
-0.0337517
0.0173982
0.00647471
-0.0287562
0.0630635
-0.0980075
0.118996
-0.0878732
0.0438096
-0.0118481
-0.000524137
-0.000474161
0.000989752
0.000290463
-8.98363e-5
-3.61966e-5
0.000109041
-0.000149837
0.00011119
-4.76284e-5
1.31276e-5
-3.41363e-6
-2.28961e-5
5.54379e-5
-0.000577198
0.000315584
3.45064e-5
5.29865e-5
-3.83485e-5
-3.22025e-5
-3.80871e-6
-1.19353e-5
-2.96799e-5
2.23941e-5
1.62668e-5
4.92506e-6
1.5352e-5
-4.10635e-6
-3.70277e-6
-1.98467e-5
-3.5031e-5
2.1761e-5
3.97542e-6
-1.15587e-5
4.16068e-6
-1.11531e-5
9.52676e-6
3.11906e-6
-2.47045e-6
1.47877e-6
-4.83711e-7
-8.08242e-6
8.72444e-6
-2.002e-6
1.12639e-6
5.06387e-6
-9.28695e-7
-5.12972e-6
4.66489e-6
1.06984e-6
-9.58407e-8
-3.02959e-6
2.88582e-6
-2.15544e-6
-4.42279e-6
4.36991e-7
9.18701e-6
-1.57909e-5
6.31528e-6
-1.67778e-6
-1.93703e-5
-1.95691e-5
3.30341e-5
-7.39751e-5
6.87326e-5
-4.48426e-5
-0.000202088
0.000149541
-9.77113e-5
0.000378599
-0.000209897
-5.73557e-5
-7.54262e-5
0.000145074
0.000460889
-3.84252e-5
-0.000297474
-0.000194406
0.000411136
0.000501746
-0.000372807
-0.000899719
0.000259639
0.00103678
-0.000152663
-0.000883769
5.29956e-5
0.000129645
-0.00023446
-0.000658801
0.00310696
-2.21439e-6
2.82635e-6
8.10532e-6
-0.00459742
0.00480849
-0.00634742
0.00785912
-0.00745145
9.09952e-8
1.91491e-7
0.00581109
-0.00150584
-9.23111e-7
8.97111e-7
-0.00338139
0.0046332
2.08651e-5
-2.06118e-6
-0.00492729
0.00308512
0.000328223
-4.94393e-5
-3.97002e-5
-1.97751e-5
-8.2754e-5
-0.00154658
0.000615874
-0.000398021
-0.000282824
0.000175361
0.00472387
-0.00447273
-0.00723809
-0.000503618
-0.00133931
0.000572788
0.00310318
0.000740468
-0.00370892
0.00120244
-0.00037
0.00732882
-0.00214006
0.00331837
-0.0113721
0.00844711
-0.0108646
-0.0196301
0.0418785
-0.00191159
-0.0068279
0.0121004
-0.0136057
0.0175973
0.00620073
-0.00695222
-0.0342205
0.0265611
-0.0352591
0.0506769
-0.0610858
0.0457638
-0.023112
0.000606112
0.00231709
-0.000528312
0.00119966
-0.000441999
-0.000323054
0.000338605
5.24735e-5
1.82879e-5
-4.72914e-5
8.18524e-5
-5.73164e-5
7.90116e-6
-6.13323e-6
7.11956e-6
-3.94025e-6
-3.78644e-5
-1.13661e-5
0.000324269
-0.000182706
5.42436e-5
-0.000868811
1.06981e-5
-1.8963e-5
1.9792e-5
1.48562e-5
-1.16461e-5
1.00663e-5
-1.07963e-6
-4.75274e-6
3.21059e-6
-3.95441e-6
1.15725e-5
-1.42667e-5
-1.09507e-5
6.83844e-6
-3.55904e-6
2.74652e-6
3.44244e-6
-2.14883e-6
3.07112e-7
3.29428e-6
-4.46494e-6
-4.37352e-7
-1.11426e-6
2.99623e-6
-3.14245e-6
3.93393e-7
2.39008e-7
3.17619e-6
-3.8513e-6
-2.66467e-7
1.25906e-7
3.05467e-6
-2.87774e-6
-7.55975e-9
2.70153e-6
-3.84786e-6
-1.21067e-7
1.30542e-6
-1.95498e-6
3.60579e-6
-4.98679e-6
1.80569e-6
-1.78172e-6
-1.2e-5
1.95689e-5
-1.5916e-5
2.09004e-5
-1.00009e-6
3.93003e-6
1.40728e-7
2.84866e-6
-7.66284e-6
1.57548e-5
-4.46842e-5
6.05224e-5
2.58828e-5
-4.09998e-5
-0.000140195
0.000234608
-0.000181037
0.000103757
4.44424e-5
-0.000146751
5.22236e-5
-2.7341e-5
0.000120437
-0.000125122
-0.000617661
0.000412272
-1.06771e-5
0.000295586
0.000122189
-0.000482046
-0.000265732
0.000506164
0.000586865
-0.000299833
-0.000516874
0.000158655
-7.62118e-5
0.000123702
-0.000199508
0.000179614
0.00114121
-2.98303e-6
-9.28011e-6
-1.77748e-5
1.46376e-5
-6.03406e-6
-0.00213729
5.79568e-6
0.00279661
-0.00298999
0.00283696
0.0037154
-1.28023e-7
-8.90187e-7
-1.14552e-7
5.41703e-7
6.20396e-7
-0.00629499
0.00467852
-0.00565176
-0.00226944
0.0022614
-2.31804e-7
-4.18563e-8
3.19747e-7
-9.02015e-8
0.000942073
-0.00190877
-2.76764e-6
1.05457e-6
0.00197261
-0.000949731
1.13314e-5
5.40458e-6
-0.000373229
0.000478268
0.000220516
-8.86735e-5
-0.00114327
0.000732869
0.00122865
-0.000481162
-0.000671829
-0.00160703
-0.000295988
0.00043339
-0.000588648
0.00210832
0.000117942
-0.00488448
-0.00561913
0.00302753
-0.00138106
0.00255035
-0.000657929
0.000682781
-0.0034948
0.00365792
0.0119334
0.00538272
0.00740867
-0.00451684
0.00450556
-0.0242571
-0.0568612
0.0589541
0.0165874
0.0122752
0.00220134
-0.00155851
0.00373248
-0.00702313
-0.035472
0.0470599
0.00183118
-0.0144372
0.0104965
0.0120372
-0.0147443
-0.000938556
0.00331049
-0.000298037
0.000974139
4.42049e-5
8.66144e-6
-7.59723e-6
-1.43816e-5
1.42839e-5
-4.31822e-5
2.18926e-5
2.58597e-5
7.84922e-8
1.29122e-6
-8.65378e-6
0.000316581
-0.00034135
-0.000450284
2.54467e-6
-4.6698e-6
-4.76311e-6
2.37061e-6
2.43957e-6
2.97098e-7
-8.767e-6
4.04102e-6
-1.23301e-6
-2.11186e-6
-6.61637e-7
6.62312e-7
-2.73663e-7
3.44696e-7
6.19278e-7
2.61686e-7
-3.48818e-8
-3.15398e-7
-4.38274e-7
4.60195e-8
-5.17896e-8
6.67262e-8
-4.2742e-7
-7.95397e-7
6.94759e-8
9.06433e-7
-1.14736e-6
-7.7762e-7
4.00897e-8
1.24226e-6
-1.20263e-6
-1.21784e-6
1.75985e-6
2.5691e-8
-1.63105e-7
9.38154e-7
-1.13506e-6
7.55357e-7
-3.30469e-7
2.94575e-7
6.22245e-7
2.95539e-7
2.73281e-7
-2.15327e-6
-1.32674e-7
2.34616e-6
-1.19533e-6
1.40503e-6
8.60529e-6
2.76627e-7
9.11955e-6
-5.28837e-5
4.32697e-5
-4.09507e-5
4.4021e-5
-6.01433e-5
0.000169286
-5.78649e-5
5.40057e-5
-9.21746e-5
-3.96484e-5
3.15525e-5
-0.00017753
2.11116e-6
5.38472e-5
-0.000107505
0.00104712
-0.000870996
9.34802e-5
-0.000639176
0.000160029
-0.000327618
0.00022447
-2.33172e-5
2.92423e-5
0.00028208
-1.35425e-5
1.90871e-5
-9.79336e-5
5.60221e-5
-0.000109064
-0.000581766
4.6044e-5
0.000528159
-0.000942249
0.00114961
-0.00139312
0.00258646
-2.00504e-6
-3.66018e-6
-0.00245844
0.00144695
-6.32373e-8
1.16619e-7
-0.00041407
0.000247983
-0.000144575
0.000421173
5.05265e-7
-4.65078e-7
-4.53885e-7
2.52563e-7
0.000709036
-0.000692445
0.000347433
-1.42939e-6
0.000452096
-0.000324941
0.000287801
6.06744e-6
-5.41014e-5
-4.92093e-6
-1.4005e-6
2.99093e-5
9.27606e-5
-5.61439e-5
4.48669e-5
-6.5435e-5
-5.28516e-5
0.000745615
0.0004759
-0.000179294
-8.1678e-5
-0.00017959
6.13371e-6
-0.00105141
0.000474422
0.000893314
0.000997098
-0.000517307
0.00164994
0.0256698
-0.023601
-0.0679101
0.035813
0.0307604
0.00698324
0.000684079
-0.00139384
-0.000851641
-0.000854369
0.00133078
-0.00202326
-0.0154359
-0.0851011
0.0964279
-0.0551839
-0.0265198
0.0113406
-0.00185475
9.82689e-5
2.83143e-5
-8.25602e-5
6.82749e-6
-6.44263e-6
-1.11161e-5
1.37929e-6
-4.79046e-6
-6.30081e-6
8.4913e-5
-6.46944e-6
8.44237e-5
0.000169132
-0.000125086
-4.41959e-5
1.86656e-5
2.00657e-6
1.61367e-6
-1.86581e-6
3.31815e-8
7.09477e-8
-6.24943e-7
-1.03257e-7
2.23664e-6
-3.42586e-7
1.39314e-6
-2.69183e-5
2.4983e-7
1.07928e-8
5.08528e-7
-7.26246e-8
1.51888e-8
-4.47254e-7
-8.03096e-8
-2.33639e-8
-3.87934e-8
1.29975e-7
8.45525e-8
-7.28561e-8
3.75562e-8
1.34963e-7
-2.56655e-8
1.57275e-8
1.21784e-9
-3.83396e-8
1.02762e-8
-5.15518e-8
1.12714e-8
-1.9723e-7
3.43514e-7
5.12322e-10
-1.27071e-9
-1.47258e-8
5.38002e-9
-4.0234e-7
4.49931e-7
3.47886e-8
-1.68695e-8
-1.29356e-7
2.43147e-8
-3.92988e-7
5.56351e-7
-4.91507e-8
-3.29131e-7
-2.00781e-7
5.8091e-8
-2.94881e-9
1.97775e-7
-1.28907e-7
-2.46385e-7
5.9972e-8
-3.83971e-7
-1.55857e-6
-2.13727e-7
8.52247e-7
7.72012e-7
-3.37454e-6
-1.04284e-5
3.48127e-6
1.54569e-5
-1.13698e-5
-5.51807e-6
-1.5532e-5
2.11811e-5
-1.17954e-5
9.0081e-6
-1.10435e-5
3.23332e-5
0.000174567
-6.85195e-5
1.43555e-5
-3.11375e-5
0.00014033
-0.000174092
-2.70492e-5
0.000193712
-2.9499e-5
4.16633e-5
0.000767292
-7.53822e-5
-3.21722e-5
5.49564e-6
4.68425e-6
-4.98089e-5
-6.9842e-5
-0.000223093
0.000210387
-1.89133e-5
0.000378306
9.93372e-6
0.000560886
9.06394e-5
-0.000289984
-0.000155682
0.000194648
4.82949e-5
-9.92533e-5
0.000155958
-0.00048876
-0.000201647
0.000573765
6.75093e-6
9.95169e-6
-1.932e-5
-4.96244e-5
-0.000468749
0.00115294
0.000254981
-0.000690618
-3.63731e-8
-5.84789e-7
4.42432e-7
2.56204e-6
0.000239539
0.000139382
8.8645e-8
-7.42584e-8
-0.000330352
0.000219238
-2.62407e-7
4.20338e-7
-1.32957e-8
-6.07308e-8
-0.000119255
6.82792e-5
-4.57339e-6
1.83964e-7
1.06453e-6
1.74219e-7
7.11732e-5
1.46808e-7
-1.16665e-5
-1.33407e-6
-4.18942e-6
1.13531e-6
-4.45989e-6
1.12555e-5
1.09099e-5
6.95403e-5
5.4739e-5
-2.33142e-5
-7.89694e-6
1.33475e-5
3.74453e-5
3.08125e-5
-0.000190876
-6.98093e-5
0.000327427
-0.000133486
-1.17737e-5
-0.000112287
0.000459469
0.00200764
-0.00614049
-0.00635406
-0.00011306
-0.000542679
-1.95036e-5
8.93803e-5
0.0114046
-0.0185269
-0.0166489
0.00864695
0.00285159
0.00665793
0.0152139
0.107265
-0.0148553
0.0294556
-0.000101182
0.00660317
-0.00395292
0.00324971
0.00261172
-0.00141835
-0.0966642
0.0780058
-8.67277e-7
6.37476e-7
4.29418e-6
-2.67782e-5
-1.89862e-6
-3.82023e-5
5.59464e-5
-2.96986e-6
9.47808e-6
-1.33775e-6
3.89835e-7
-1.69282e-6
5.91112e-7
-3.68196e-7
-1.10968e-6
3.3114e-7
5.61378e-7
3.88689e-8
-6.91203e-8
4.55411e-6
-6.85216e-7
3.88833e-6
-8.74808e-6
5.07949e-9
-2.99627e-9
-1.10861e-8
1.77184e-9
1.20445e-7
-3.39859e-8
1.28084e-7
-1.18962e-6
1.85844e-8
-4.26136e-9
2.81102e-8
-8.89157e-9
9.28129e-9
-3.18755e-8
-1.83448e-8
4.09156e-9
-5.88052e-9
-3.52313e-9
4.73622e-8
1.93359e-9
-3.63282e-8
5.57269e-8
7.09798e-8
-2.23714e-9
-1.10406e-7
1.48187e-7
9.15847e-8
3.20709e-9
-1.43278e-7
1.49414e-7
8.01228e-8
-2.07873e-7
-3.35184e-9
5.25287e-9
-6.99994e-8
8.10689e-8
-2.10747e-8
3.14759e-9
-7.31944e-8
6.97718e-10
-1.29502e-8
8.9474e-8
5.39019e-8
-1.64877e-7
-5.88116e-7
1.54277e-7
3.5303e-7
-3.96032e-7
-5.20922e-7
3.42483e-7
-1.73354e-8
-6.97079e-7
5.08488e-6
-1.3764e-7
7.08727e-6
-4.32619e-6
-4.54616e-6
9.90081e-7
3.47723e-6
-3.62852e-6
-0.000182357
8.73349e-5
3.74972e-7
-4.16906e-6
-0.000843483
0.000581707
7.48853e-7
5.27553e-6
-0.00068676
0.000562092
-0.000100179
-1.12565e-5
2.88142e-5
-0.000257763
-0.000245236
3.91225e-6
0.000576778
-1.97088e-6
-0.00058242
1.99584e-5
-4.82834e-5
2.62871e-5
1.19449e-5
-5.48881e-5
-1.81903e-5
6.55221e-5
5.7495e-5
9.28443e-5
-0.000134039
-0.000273459
-4.28025e-5
0.000155957
1.27648e-5
-7.27479e-5
-2.27466e-6
-9.27999e-6
8.94645e-6
2.85784e-5
-6.59926e-6
-4.40713e-5
5.74932e-5
-9.74332e-5
-2.14647e-8
7.34911e-8
-9.93458e-9
-4.08675e-7
-5.28136e-5
4.91157e-5
6.06842e-7
-1.00232e-8
-9.87231e-5
7.86403e-5
-5.45341e-5
4.12058e-9
-3.18161e-5
2.80296e-5
-4.46116e-5
-4.73695e-7
6.39957e-6
-2.92328e-6
-1.06211e-7
4.04935e-6
1.38298e-6
2.53684e-6
-9.64633e-6
-8.65608e-6
-1.16675e-6
2.59907e-5
1.25273e-5
-9.94692e-6
4.76669e-5
0.000101559
-0.00034589
-0.000354318
0.000165635
-0.000324014
-0.000254779
9.10869e-5
0.000480311
0.000478621
0.0010817
-0.00359774
0.0015786
-0.00383133
-0.00123782
0.00028319
0.00351282
0.0150828
-0.0430303
-0.149046
0.125817
-0.0698703
0.11131
0.0462792
-0.0700117
-0.0175451
0.00175802
-0.00841497
0.0100141
-0.00655769
-2.00253e-5
4.53088e-6
2.36337e-5
-1.20121e-6
-8.6736e-7
9.7452e-7
-1.1317e-7
4.62988e-7
-3.21321e-8
-3.40036e-8
4.22951e-8
-7.45397e-8
-5.86943e-8
1.01141e-7
-3.61212e-7
4.11991e-6
-9.95372e-6
8.33827e-6
3.38569e-8
1.90487e-8
-6.31482e-10
-4.97286e-10
-1.4027e-9
2.49084e-7
-4.81354e-8
2.05224e-7
-3.91774e-7
9.40231e-10
-7.29589e-11
5.10034e-10
3.76413e-10
1.09662e-8
1.01226e-8
-6.47766e-8
4.93954e-10
-2.86788e-10
3.28152e-9
-1.46013e-9
-3.16796e-9
8.75347e-9
-1.04086e-9
4.19906e-10
-1.49982e-9
3.28542e-10
3.8499e-9
-7.52747e-9
1.21321e-9
-1.91303e-10
-4.81886e-10
-3.11103e-10
3.42118e-8
-5.20381e-8
-7.88125e-10
1.44709e-10
-1.74587e-9
5.73834e-10
5.27726e-8
-6.44726e-8
2.79563e-9
-7.50892e-10
-1.63721e-9
3.67465e-8
-3.42945e-8
-5.24254e-10
5.48225e-9
-1.39541e-8
6.73568e-9
-3.27073e-8
6.43181e-9
1.11942e-9
1.18198e-8
-1.86937e-8
2.2211e-8
3.57566e-9
-5.19895e-8
1.18488e-7
2.63219e-8
4.23205e-7
-2.4225e-6
-2.52046e-7
1.7077e-6
-3.21146e-8
8.95887e-7
-7.78656e-7
2.46919e-6
1.54189e-5
-2.91368e-6
1.03614e-5
-3.04492e-6
-1.12972e-5
-1.04102e-6
1.99667e-7
-4.10372e-5
5.19478e-7
-7.99006e-7
3.28766e-6
4.05537e-7
-5.07117e-6
-4.86641e-6
1.05088e-6
4.91882e-6
-9.33582e-6
-0.000298079
-0.000481895
0.000451936
0.000334832
-0.000448859
0.000721443
0.000882788
-1.25299e-6
6.02204e-6
-7.74838e-7
8.51564e-6
-1.99259e-6
1.05605e-6
-2.9062e-5
-7.93733e-5
8.07814e-5
0.000188904
-8.75285e-6
1.36719e-5
1.28706e-5
-2.92768e-5
2.75449e-7
1.98997e-6
-1.49979e-6
-7.77732e-6
2.67364e-5
-2.96633e-5
9.55875e-9
6.0729e-8
-6.47556e-8
-1.68729e-7
4.37132e-5
-2.63494e-5
-3.88182e-8
-1.12626e-8
-1.13977e-7
9.26987e-8
3.5225e-6
-3.25132e-6
-7.23654e-7
4.88888e-7
3.59677e-7
-6.74572e-7
-7.56616e-6
1.67497e-6
-2.10715e-6
5.78203e-7
3.29654e-6
-3.11591e-6
-1.42898e-7
-1.06079e-6
5.25909e-6
-1.93128e-5
3.77704e-6
6.35459e-6
-2.04418e-5
-2.19218e-5
-0.000100986
0.000298879
0.000142088
-4.42611e-5
5.33764e-5
2.66509e-5
-8.16776e-5
-0.000142499
0.000518657
-0.000476338
-0.00141912
0.000640954
0.000443324
-0.000583059
0.00242924
0.00048765
-0.00538226
-0.00892233
-0.00899473
0.0221992
-0.0134235
0.0096795
-0.00800479
0.00377271
0.0277945
-0.0642366
0.0457185
-0.0241103
0.00235184
0.00884634
1.22313e-6
-5.91048e-8
-1.16088e-7
-8.87851e-8
-5.03566e-8
1.91035e-8
2.11398e-8
1.06077e-7
-7.00607e-7
2.55218e-7
-3.20128e-6
-1.63581e-8
-3.02322e-7
3.99088e-8
3.49834e-8
2.27966e-8
2.19991e-9
-9.81307e-9
2.27593e-8
-8.8772e-9
-1.55683e-8
-2.71063e-9
6.91696e-10
5.12834e-8
-2.97432e-8
1.466e-7
3.80948e-7
5.59542e-10
2.9797e-10
-2.19866e-10
3.13187e-12
1.68581e-8
-4.18149e-9
1.40174e-8
-1.78252e-8
4.21067e-11
2.35124e-11
2.20403e-10
-6.56511e-12
-1.93346e-9
-5.19004e-9
6.36171e-11
-3.36493e-11
-1.48722e-11
7.3361e-10
-9.64058e-9
-3.41423e-11
1.01143e-8
-1.2493e-8
-6.77891e-9
5.88997e-11
1.64109e-8
-1.72087e-8
-6.81695e-9
2.21182e-8
-2.54783e-10
6.3692e-10
5.72123e-9
-8.53535e-9
-1.78818e-9
-6.28734e-11
5.58716e-9
-3.06959e-9
-2.39536e-10
5.57422e-10
-1.40393e-9
-1.38815e-9
-6.86641e-10
3.18684e-9
1.31041e-8
-4.59742e-8
-1.38609e-8
-3.79502e-8
1.00976e-9
2.73101e-8
1.22477e-7
2.28342e-7
-2.8171e-7
-6.50887e-8
1.78888e-6
3.06281e-7
3.72387e-6
2.09296e-9
-1.04245e-7
7.64258e-8
-2.36318e-7
7.64444e-5
1.49895e-5
-8.4478e-5
3.16128e-5
-5.05307e-8
2.48274e-7
-0.000101017
0.000232994
-0.00014601
1.1483e-7
-7.16028e-7
0.000412893
-0.000556054
-0.000195018
2.81818e-7
-6.76132e-7
-0.000747971
0.000924904
0.000578898
-2.11953e-8
1.08788e-6
0.000893703
-0.00111836
-0.000954468
-7.20009e-7
1.8865e-6
-0.000980463
0.00086895
-6.89553e-7
1.60011e-6
-1.55244e-6
6.08469e-7
-6.90146e-7
-3.39897e-7
1.05245e-6
-0.000187717
-0.000343464
0.000381572
0.000809659
-1.40046e-6
3.9299e-6
1.51768e-6
-4.90867e-6
6.03868e-6
2.51398e-5
-1.9392e-5
-6.85535e-5
4.63453e-6
-1.14632e-5
-4.2916e-6
5.92281e-6
5.37775e-7
7.44972e-8
-5.75143e-7
4.58907e-7
9.61188e-6
-9.96153e-6
9.31804e-7
-3.2626e-7
1.10347e-5
-8.48577e-6
8.3495e-6
4.53892e-7
6.49197e-8
-1.03275e-6
2.30557e-6
2.34576e-6
-1.69816e-7
7.20715e-7
-1.46784e-6
-1.75275e-6
5.41702e-5
-0.00020896
4.97038e-6
7.92426e-6
4.22812e-6
2.31113e-6
-9.28704e-6
-7.15797e-6
-0.000780238
0.00180739
0.000862446
-0.0003702
1.94223e-5
7.72336e-5
-4.87776e-5
0.000746586
-0.000510375
0.00389041
-0.00456278
0.00273597
-0.00174314
0.00691175
-0.00782603
0.0126148
-0.01795
-0.0105569
0.0294441
-0.00451129
-0.0188367
0.025975
0.00112557
-0.0414566
0.0122828
0.0365253
-0.0282928
0.0347559
-0.0318208
0.0227922
1.37789e-6
-1.04257e-7
-4.31144e-7
4.92077e-8
1.02514e-7
-1.36159e-8
-1.32807e-8
-9.95967e-9
-3.548e-9
4.19638e-9
-2.0228e-9
2.73218e-9
3.85585e-9
9.70882e-8
-4.12724e-8
-3.08832e-7
-8.46511e-8
5.89399e-8
-1.28396e-9
2.5171e-10
-3.79546e-10
-1.37705e-10
-3.52647e-12
5.09342e-9
-3.02165e-9
5.61826e-9
-1.13822e-8
1.38465e-11
2.2253e-11
-1.16096e-11
-2.85401e-12
2.45185e-9
6.29085e-10
-1.23115e-9
1.34841e-11
-1.56128e-12
-5.64904e-11
-4.13988e-10
9.79889e-10
-3.53048e-9
1.16057e-11
9.53514e-12
3.14376e-11
2.62495e-9
-3.12182e-9
-3.05632e-9
-5.13307e-12
-8.23055e-12
-3.11822e-11
4.93643e-9
-6.3421e-9
9.88376e-10
8.15071e-11
-8.95755e-11
-3.36328e-11
1.90146e-9
-2.14758e-9
3.16704e-10
2.16525e-9
-1.12966e-11
7.80555e-10
-3.34872e-10
-1.68204e-9
-1.3619e-9
-1.79454e-9
6.62752e-10
-1.1905e-9
3.22447e-9
-4.97889e-9
-5.31222e-10
-1.01341e-9
7.91252e-8
-2.85796e-8
-9.20878e-10
-2.59989e-8
1.30789e-7
-4.18098e-7
-1.77097e-6
-3.44891e-8
-1.95342e-6
1.19609e-6
1.40979e-8
1.9763e-10
-3.13468e-6
3.03565e-6
2.99741e-8
-7.10082e-11
-4.34332e-5
1.24107e-9
-9.26014e-9
-8.24911e-8
-6.64076e-8
3.12111e-7
1.71632e-7
9.17961e-9
-3.01185e-8
-3.12806e-10
1.79982e-8
0.000843764
0.000929264
-0.000996296
-0.000695595
-0.000858131
-0.00112915
2.01077e-8
-1.2418e-7
4.38411e-7
5.66266e-8
-3.96958e-7
5.23842e-5
0.000157349
-0.000112542
-0.000302627
3.451e-7
-1.18782e-6
-3.68744e-7
2.31918e-7
1.24492e-6
-3.20812e-6
-7.28243e-7
1.15941e-5
1.57268e-6
-1.6148e-6
2.79078e-7
1.88147e-6
-1.58805e-6
7.96633e-7
3.3582e-6
-1.64817e-6
1.12279e-6
6.89271e-6
-1.16107e-5
7.95965e-6
2.54633e-6
3.60182e-7
1.94287e-6
1.22705e-5
-3.12022e-5
2.64256e-5
7.67286e-7
-3.88866e-7
-1.05423e-7
-3.40439e-7
-6.48445e-5
6.91035e-5
9.38026e-8
-1.46119e-6
-4.95458e-7
-1.05596e-6
0.000512586
-0.00134383
-0.000168897
0.000150734
5.30799e-7
-3.75252e-6
1.5892e-6
-8.19415e-5
-0.00384804
0.00895076
0.001769
-0.00160215
-0.000617822
0.000213307
0.000337182
-0.000487059
0.000173576
0.00550689
0.0207393
-0.0300065
6.23077e-5
-0.00399534
-0.0126562
0.00595158
-0.00381043
-0.00244441
0.0211889
-0.0451538
0.0591885
-0.0540136
-4.7185e-8
-2.06934e-9
5.9645e-9
4.04103e-9
2.24738e-9
-8.90858e-11
-1.86878e-9
8.54097e-8
1.61996e-7
-8.00708e-9
1.39279e-8
-6.11393e-8
1.06815e-8
-2.8423e-9
-1.83388e-9
-1.11849e-9
-3.75743e-10
6.71703e-10
-1.92399e-10
3.00499e-10
-1.23556e-10
4.33548e-11
1.1235e-8
-3.78715e-9
-1.94391e-8
3.06283e-9
-1.33304e-8
-6.27833e-11
-4.12273e-12
1.40172e-12
-6.41608e-12
1.11271e-9
7.42761e-10
-2.30424e-10
1.86688e-9
7.04311e-10
2.12667e-12
1.70647e-12
1.31498e-12
-9.52198e-11
4.17281e-10
-1.12239e-9
-3.1132e-13
-2.97904e-13
-1.40981e-11
6.05531e-10
-6.78265e-10
-1.01216e-9
4.81376e-11
1.71748e-11
-3.70792e-11
1.37946e-9
-1.97311e-9
7.2085e-10
1.9629e-10
1.68082e-11
1.0869e-10
4.34436e-10
-8.09289e-10
6.94603e-10
2.49218e-11
-8.668e-10
-6.99966e-10
-5.20408e-10
-2.3904e-9
2.33063e-9
-2.06703e-9
1.3548e-9
2.48979e-9
9.12865e-9
-2.14796e-8
-2.30405e-10
-2.22509e-10
1.09576e-9
-1.17763e-9
4.81931e-9
8.58447e-8
2.41858e-7
-8.52565e-10
1.07917e-6
7.14166e-8
-1.35696e-10
-9.49754e-10
-2.28844e-6
3.36326e-7
-5.44185e-9
3.08134e-9
-8.83454e-9
7.31308e-6
5.59885e-5
1.35113e-9
1.00073e-9
0.000101229
-8.8509e-5
-6.83141e-11
-4.71869e-10
0.000160281
-0.000257244
-2.65815e-9
1.74601e-8
-0.00034127
0.000552023
-1.03376e-8
3.30352e-8
0.000577614
-0.000902213
-4.87819e-9
-2.91195e-8
-0.000764335
0.00113756
4.18746e-8
-1.23205e-7
0.000879518
-1.83933e-9
8.40779e-9
-8.1877e-9
5.93378e-9
-2.00658e-8
4.44731e-8
-0.000228624
-0.000539333
0.000470462
0.000185419
0.000180619
0.000465408
1.71857e-8
-3.02672e-8
2.33185e-8
4.01319e-10
-2.96174e-8
-4.60348e-9
1.43426e-6
-3.92101e-5
7.73879e-5
1.28032e-7
-5.61263e-8
-1.11982e-7
1.41292e-6
-3.53075e-6
4.86717e-7
3.66302e-7
4.28726e-7
3.2823e-8
4.27789e-6
-2.52098e-5
1.79797e-5
-1.06538e-6
5.42795e-6
-1.16363e-6
8.56594e-6
-6.97709e-5
6.24499e-5
-2.12312e-6
7.90758e-6
-3.52363e-6
6.9283e-6
-0.000175815
0.000164374
4.55337e-6
2.16529e-6
-4.16304e-6
1.4389e-6
-0.000395864
0.000422287
2.36066e-6
1.08496e-5
-2.95533e-5
3.04279e-5
-1.21805e-5
2.88158e-6
0.00291235
-0.00280822
0.00111827
5.03582e-5
1.99671e-5
-6.99006e-5
-0.000396045
0.000294563
-0.00156123
0.0166967
-0.0201834
-0.0149351
0.0138535
-0.0160472
-0.00662435
-0.00539502
0.00653718
-0.00114601
0.00137146
-0.00210228
0.00663093
0.0160494
-0.0256573
-0.0330501
0.0479537
0.0321129
-0.0563718
-0.0191249
0.0476952
0.00453031
1.7505e-8
-1.03459e-8
7.97907e-10
1.08641e-9
5.21174e-10
2.84152e-10
-7.76823e-11
-1.48953e-10
1.11841e-10
8.56061e-9
6.50068e-10
-2.95221e-9
4.23422e-10
7.19811e-10
-3.74822e-10
3.6757e-12
-2.67113e-10
-1.2152e-10
-4.30814e-11
6.30327e-11
1.97414e-12
-1.85744e-11
3.21326e-12
1.45797e-11
-5.48017e-12
-1.63925e-10
-2.78562e-10
-5.55608e-10
2.82628e-10
-1.40273e-10
1.02383e-12
-3.46646e-12
4.38132e-12
-4.15519e-12
-4.64027e-13
7.13339e-11
-2.8675e-10
2.05002e-10
-3.35774e-11
7.82085e-12
5.80854e-12
-1.26652e-12
3.32053e-12
1.69244e-10
-9.48169e-11
-3.37185e-10
1.54204e-11
-5.29228e-11
-1.75408e-10
3.47319e-10
-5.39922e-10
2.96636e-10
5.56318e-10
1.937e-10
-9.12033e-10
1.14934e-10
-1.51438e-10
3.86024e-10
1.80985e-9
2.47455e-9
2.85709e-9
-2.82901e-10
-1.88894e-9
2.58822e-9
-2.39162e-9
2.63366e-9
-9.60688e-9
-6.36569e-9
-3.82138e-9
7.32461e-9
-8.12874e-9
5.69053e-11
1.31943e-9
-5.06462e-10
5.53191e-10
3.73789e-10
1.05105e-10
7.39884e-10
-1.73208e-7
-2.68389e-7
6.15033e-7
1.21647e-10
-1.94034e-10
6.78982e-10
-5.21477e-10
1.51166e-9
-3.27613e-6
-9.14365e-6
2.82189e-10
-1.52175e-9
-5.22628e-5
2.56884e-5
1.04387e-10
0.000122508
3.1399e-5
-5.56207e-11
-8.18248e-11
-1.18567e-11
3.04885e-10
-0.000375261
0.000813241
-0.00047679
4.07697e-5
-5.30627e-10
2.6041e-9
0.000483187
-0.001082
-3.68911e-5
-1.39682e-9
3.29198e-9
-0.000502916
0.00149048
-6.02258e-6
1.82414e-9
-7.2735e-9
0.000896055
-0.00140523
5.34532e-5
-9.42565e-10
4.50915e-9
-8.70716e-9
-0.000415963
-0.000278127
5.62376e-10
2.60233e-10
4.04068e-5
-2.59387e-9
-1.92887e-9
2.52521e-9
-8.01785e-9
9.70259e-9
8.19737e-9
3.45808e-5
5.053e-5
-8.64443e-5
-3.74818e-5
6.36958e-5
-1.87011e-8
3.76542e-8
-1.68072e-8
-3.2981e-8
8.62475e-9
-2.44651e-6
5.41859e-7
9.73465e-6
-2.4606e-6
9.4868e-6
-1.0575e-7
2.73224e-7
-3.68557e-8
-1.66521e-5
-8.72038e-6
8.26714e-6
-7.59398e-7
2.42616e-6
-4.84351e-8
-4.49844e-5
-2.896e-5
2.78687e-5
-6.1215e-6
1.91263e-5
-3.65051e-6
-0.000108124
-8.83992e-5
9.2543e-5
-1.32562e-5
4.35179e-5
-3.51617e-5
-0.000207813
-0.000261122
0.000258618
3.89055e-5
-9.89996e-6
-1.5485e-5
-0.000111957
9.84522e-5
0.001713
0.00252315
-0.00202789
0.000670621
-0.000930687
-0.000155456
-6.92194e-5
0.000322574
-0.000626219
0.000830908
-7.42208e-5
-0.0157002
0.0156847
-0.00528063
0.0062866
0.00433336
-0.00346955
0.00258438
-0.00677794
0.00618256
-0.0185457
0.0258984
-0.0105445
-0.0199267
0.00174017
0.0208803
0.00707643
-0.0132833
0.00244925
-0.0146593
0.0387625
-0.0175588
-0.0411638
0.0314797
0.028675
6.16472e-10
-4.16039e-10
-6.39725e-11
1.05051e-11
1.24975e-10
7.24361e-11
3.07113e-11
1.05598e-11
-1.47201e-11
-6.00791e-12
-3.04985e-12
-2.60241e-11
-1.1579e-10
-3.28981e-11
-9.80458e-11
3.22295e-12
-1.35625e-10
2.94978e-11
-3.04003e-12
2.24737e-11
2.39987e-12
-2.84101e-12
-1.23559e-11
2.71413e-11
-4.13247e-11
4.34015e-11
1.64395e-10
3.58825e-10
1.96193e-11
4.61205e-12
3.52223e-11
-5.54439e-11
-3.92851e-12
-1.76129e-10
-1.83933e-10
-3.04229e-10
-3.27352e-11
1.16924e-10
8.16433e-11
3.00095e-11
1.92845e-10
4.47086e-10
3.27378e-11
-7.66251e-12
-1.80826e-10
-1.07614e-9
-1.64524e-9
1.48431e-10
1.21899e-10
-1.56149e-10
1.18689e-9
3.46142e-9
-1.45191e-8
6.65132e-10
-4.61138e-10
1.41682e-9
-1.29056e-9
2.04878e-9
3.71445e-8
3.75719e-8
3.21352e-8
-5.02994e-8
-7.88158e-8
8.97149e-10
1.97657e-9
-1.89184e-9
1.86758e-9
-1.45628e-9
1.95439e-7
1.52197e-7
1.61124e-7
-8.74623e-7
9.4977e-7
8.24875e-10
9.21965e-11
-1.03519e-11
5.56782e-12
1.85922e-10
4.1172e-6
-1.40052e-5
1.0975e-5
-4.88363e-6
1.19207e-12
-1.57598e-10
9.29016e-6
-4.02685e-5
6.98863e-5
4.35444e-10
-1.39413e-10
1.3017e-10
-8.26286e-12
0.000456012
8.04605e-11
4.90653e-10
-4.35341e-10
4.59709e-10
-2.79845e-10
7.83102e-10
-1.5798e-9
-1.10239e-10
9.55525e-10
-0.000405047
-0.00104441
0.000767225
0.000284264
0.00212923
-0.000342272
4.37528e-10
-9.02812e-5
-1.49249e-9
1.57328e-10
-2.01277e-9
5.40203e-9
-1.49228e-9
7.33107e-6
1.80088e-5
-1.40985e-5
-8.5468e-6
8.47031e-6
-1.22328e-9
-2.03063e-8
-1.28151e-7
3.18431e-8
1.44474e-7
3.2154e-6
-4.77975e-7
1.63663e-7
-9.19764e-6
3.44638e-6
-6.52469e-7
1.20506e-6
-8.85113e-8
-3.41586e-5
1.93335e-6
1.31624e-6
-4.00432e-6
1.0237e-5
-2.66615e-6
-9.77459e-5
9.25647e-6
6.81518e-6
-2.8661e-5
6.60372e-5
-5.48193e-5
-0.00024058
1.37454e-5
2.65823e-5
2.94933e-5
-0.000100192
0.000162446
-0.000475955
0.000431772
0.0015127
0.000689979
-0.000522583
7.19431e-5
-3.36553e-5
-0.000347896
0.000216768
-0.000465259
0.00169671
-0.000702259
-0.00935849
-0.00947015
0.00705244
-0.00176889
0.00249924
0.00125019
0.00162164
-0.00167602
-0.00279082
0.00472784
-0.0106504
0.0161619
0.000487804
-0.0468774
0.0493404
-0.0423669
0.0546154
0.0191118
-0.0262616
-0.0189852
0.0226372
-0.0230591
0.0269645
1.27883e-10
1.07591e-10
5.94195e-11
8.94997e-12
-3.21748e-10
7.09243e-10
-2.78261e-10
7.09055e-11
-4.61454e-10
-2.56105e-10
-1.23558e-10
9.30708e-12
-2.01355e-11
-1.10339e-10
-2.11634e-11
-5.76825e-11
9.39421e-10
-1.36074e-9
2.47079e-10
-3.5721e-10
-3.38125e-9
2.74058e-10
-9.10271e-11
2.07435e-10
1.82318e-11
-3.88785e-11
-1.01616e-10
8.27822e-10
2.9518e-9
-3.05312e-10
3.99601e-9
-3.3374e-9
2.79815e-10
-7.25158e-11
1.74692e-10
-4.56823e-10
-3.2833e-10
-2.09553e-9
-6.21509e-10
-8.73369e-10
-2.17632e-9
4.28061e-10
3.72046e-9
-1.58328e-9
1.15266e-9
4.19126e-9
-5.46678e-10
-1.34809e-9
-1.96723e-8
-6.36373e-10
5.1119e-9
-1.76646e-9
1.03494e-9
-5.22857e-11
-1.77234e-8
-1.61972e-7
-1.32543e-7
-7.19717e-8
6.69962e-7
-5.11667e-9
3.9524e-10
-1.96994e-9
2.09265e-9
-2.524e-9
-5.61361e-7
-4.38285e-6
-1.03563e-7
-2.46971e-6
5.52777e-6
-1.5073e-9
4.12116e-10
-7.3617e-10
5.96625e-10
-1.38391e-10
3.49332e-5
-8.17263e-5
1.9253e-5
-4.00336e-5
-3.16442e-10
2.39084e-11
8.29499e-5
-3.34989e-5
-4.07767e-5
-2.37937e-9
-5.16778e-10
9.23502e-11
6.43579e-11
-1.08324e-11
-0.000433495
0.000145695
-0.000748507
0.000639871
8.39202e-11
-1.4562e-10
-0.00101577
0.00127246
1.40951e-10
-8.01154e-11
0.00142803
-0.00181536
-1.0629e-10
-0.00147259
7.34616e-11
-4.70988e-11
3.25379e-10
-1.09678e-10
-6.64258e-10
-1.77732e-10
-0.000158032
-0.000182984
0.000608895
1.61028e-5
0.000765471
-9.91886e-5
3.32739e-9
3.8837e-5
-1.01033e-8
1.88187e-8
3.74124e-9
1.28829e-9
-8.5442e-9
-7.9528e-6
5.41337e-5
-2.34199e-5
8.79473e-7
-0.000155402
4.32376e-8
-1.03114e-7
1.83391e-8
2.97039e-7
-6.21873e-7
9.64712e-7
-1.62002e-6
-7.75314e-7
-1.34393e-6
5.18848e-6
2.50839e-6
-7.12346e-6
-6.21209e-6
-5.46705e-7
8.21504e-8
1.76441e-5
-3.39885e-5
-4.53e-5
1.60746e-6
-4.06189e-7
3.44738e-5
-0.000186082
0.000345957
-0.000656229
0.000471757
0.000713424
-8.25686e-5
4.08684e-5
-2.52093e-5
0.000128101
-0.000539079
0.00135533
-0.00211373
0.0044388
-0.00338597
-0.00533004
-0.00138105
0.00053214
-3.56379e-5
-0.000574336
0.0045876
-0.00203316
-0.00370328
0.00271891
-0.00914787
0.0169122
-0.00526743
-0.0200877
-0.0286228
0.0237537
-0.0216972
0.0302297
0.00609524
-0.00909131
0.00315033
0.0109183
0.000883039
-0.0147257
-0.0072847
0.0192439
0.00891543
-0.00984943
1.49703e-9
8.2164e-10
5.85033e-10
7.94718e-11
-6.36854e-9
5.94237e-9
-3.9171e-9
4.14407e-9
-3.12462e-9
-2.51134e-9
-1.85428e-9
-1.05495e-9
1.36115e-10
-8.86999e-11
-9.97594e-10
-2.17576e-10
-8.88256e-9
1.7937e-8
-3.27557e-8
6.48436e-8
-9.01705e-9
6.55762e-9
-4.53233e-9
-1.64522e-9
1.74402e-9
-1.51539e-9
-5.16686e-10
7.47238e-9
4.61772e-9
3.24979e-9
1.86235e-8
-2.08837e-8
-1.89331e-9
9.04681e-9
3.91996e-9
7.49585e-10
-7.15478e-9
3.8857e-9
4.02613e-9
-3.17935e-8
-2.37081e-8
-1.26699e-8
1.75797e-8
4.36213e-8
6.26166e-8
8.23568e-9
4.75235e-9
-2.01347e-8
-2.87502e-8
-9.01049e-8
-7.07513e-8
8.97014e-8
3.61496e-7
-4.08094e-8
-2.79685e-9
1.58228e-7
-9.72197e-7
-1.40737e-6
2.29871e-8
-3.01672e-9
-2.14494e-9
1.00796e-5
3.84711e-6
1.25364e-5
-1.55139e-5
2.21183e-8
-3.05468e-5
-4.31133e-9
4.8522e-9
-1.52069e-9
0.000200959
-0.000316257
9.97321e-5
-0.000194135
-7.32817e-9
4.37985e-9
0.00017716
-0.000100627
-5.91244e-9
-0.000132223
3.26608e-9
-1.96743e-10
-7.58544e-11
0.000393328
-0.000620359
-0.000210277
-0.00026527
9.56814e-10
-3.32191e-10
9.33754e-5
0.000496522
7.11716e-10
-1.55989e-10
0.000105204
-0.000767363
2.52196e-10
-0.000208713
-1.7654e-10
-3.16208e-10
7.88983e-10
9.1728e-10
3.09557e-10
0.000487724
-0.000104819
3.37388e-5
-0.000657761
-0.000250583
0.000295025
1.08204e-8
0.000173828
-5.13209e-8
-3.99603e-8
1.08486e-7
1.12971e-7
1.20498e-5
-2.15502e-5
-1.62433e-5
-4.64612e-6
-7.41904e-5
-6.70181e-7
6.18238e-7
2.59126e-6
-2.38302e-6
-1.31208e-7
6.91317e-7
1.26171e-7
1.46914e-6
-8.51098e-6
7.68202e-6
2.3215e-5
-2.25053e-5
1.59351e-7
-3.26397e-7
1.25298e-6
1.63532e-7
-5.21831e-5
5.81432e-5
9.42007e-5
-0.00013688
2.14945e-6
-2.4295e-6
1.16785e-5
5.37964e-7
-0.000125423
8.79271e-5
1.16148e-5
-5.12121e-6
1.75878e-6
3.38974e-5
0.000965044
5.51571e-5
-0.00101505
-0.00097962
1.6555e-5
-6.2959e-5
5.24659e-5
-0.000112763
0.00278016
-0.00609685
-0.00558784
0.0085021
0.0107099
-0.0145875
-0.00296491
-0.0243451
0.0366115
-0.0236166
0.0208246
0.00211539
-0.00275854
0.0209674
-0.0168703
-0.0248978
0.016048
0.0313259
-0.0128853
-0.0214928
0.0112425
9.16546e-9
4.44034e-9
5.05962e-9
4.97412e-10
-1.84521e-8
6.54205e-8
3.04768e-8
-2.2045e-8
-1.23695e-8
-1.2136e-8
-1.11685e-8
8.38827e-9
4.7262e-9
-1.8493e-8
-3.41863e-9
-8.68949e-8
-3.57609e-8
-2.56276e-7
-1.05009e-7
1.52221e-7
-3.50575e-8
3.5825e-8
5.0343e-8
1.951e-8
4.18081e-8
1.44627e-8
-3.57388e-8
2.52389e-8
2.96326e-8
-3.10114e-8
-8.62481e-9
-1.28436e-8
1.53915e-7
1.39834e-7
6.02412e-7
5.05213e-7
-2.98767e-7
3.06059e-9
1.73503e-7
2.67194e-8
2.15948e-8
-9.80308e-9
1.21997e-7
1.1539e-7
-8.1268e-7
-6.37683e-7
-7.53861e-8
6.77461e-8
2.03884e-7
3.53305e-7
1.8452e-7
1.49513e-7
-6.5095e-7
-6.82485e-7
-3.71048e-7
-4.03472e-7
6.25733e-8
8.07274e-7
-8.73737e-8
-5.51838e-8
-1.00845e-6
-1.83967e-7
4.45781e-6
-1.31357e-5
-2.40325e-5
-3.61474e-5
5.41464e-7
2.42698e-7
-7.6053e-8
8.47434e-5
-0.000154717
0.000142061
-0.000231536
-3.58493e-9
-7.09216e-9
-5.50936e-9
0.000443249
0.00036454
1.42601e-7
-6.97841e-8
2.75429e-8
-0.000700538
0.00105904
-0.000518715
0.00110824
-5.49281e-8
9.56873e-9
-0.00166578
0.000910436
-2.24828e-9
-2.25288e-8
5.00614e-9
0.00225074
-0.0012805
0.000684758
-2.60606e-9
-1.27162e-8
8.67446e-9
-0.00184145
0.00115439
-0.000686039
-1.50473e-9
-2.97819e-8
1.00491e-9
0.00117382
-0.000804362
0.000605494
1.16262e-8
2.86386e-10
-0.000664068
0.00038007
-8.3026e-9
-3.74768e-9
0.00146746
-0.00125559
3.99629e-8
-8.79118e-9
-0.000334315
0.000811138
2.26711e-9
-1.09847e-7
1.10798e-7
1.60159e-7
-4.43016e-7
-3.40593e-7
2.00439e-6
7.32341e-5
-4.63327e-6
1.67876e-6
-7.75126e-5
-5.71289e-6
8.02886e-7
1.19489e-6
-2.32361e-6
-1.96876e-6
6.37051e-6
-4.07789e-8
-1.07491e-6
-1.19255e-7
3.08488e-6
-5.71435e-6
-1.21685e-5
5.00792e-5
8.36433e-6
-6.59237e-7
-3.92771e-7
8.48285e-8
1.12268e-6
-0.000210904
4.86713e-5
0.000681226
-0.000273584
-9.092e-7
-2.07119e-7
-1.10362e-7
2.30663e-6
-0.00174551
0.000864066
0.00384105
-0.00202281
3.04664e-6
2.58444e-6
-9.67592e-6
9.17376e-7
-0.007571
0.00360388
0.00954272
-0.00436617
-0.010221
0.00403589
-0.00191643
0.00038702
0.000343537
-0.000424481
8.71764e-5
-0.000114263
0.0113064
-0.00261451
-0.00981393
-0.000669413
0.00605058
0.0050016
-0.0122544
-0.00292224
-0.00729008
0.0174534
0.00365611
0.00562466
-0.019366
-0.0108706
0.00484941
0.00890326
0.023112
-0.0349156
-0.000696219
0.00949216
2.18024e-7
-6.16491e-7
-2.45968e-7
-3.41118e-8
-9.17302e-8
-1.14132e-7
1.27864e-8
8.11688e-8
-7.9705e-8
-3.05979e-6
-1.84827e-6
2.08578e-6
6.07545e-7
-6.98242e-7
1.82307e-6
4.03119e-7
-1.25852e-8
4.36283e-7
1.90916e-7
-1.76634e-7
-1.15322e-7
1.67158e-7
-3.36891e-7
-1.51774e-7
3.65724e-6
3.28741e-6
-5.88268e-6
7.22188e-6
-7.61699e-6
4.28203e-7
-1.30191e-6
3.32043e-7
5.41032e-7
-9.39198e-9
3.40988e-6
3.21723e-6
-1.5697e-5
-1.59845e-5
-5.25036e-7
-6.26796e-7
1.17426e-6
2.34069e-6
4.0995e-6
3.9888e-6
-1.64295e-5
-1.63511e-5
-3.58239e-6
7.9943e-7
2.15825e-5
4.97994e-5
-1.95469e-6
-2.03853e-6
-2.095e-5
-5.0632e-6
-7.85111e-5
0.000119438
0.000214066
0.000423774
5.31525e-6
-4.80087e-6
1.51369e-6
-0.000697629
0.00052112
-0.000694768
0.00105122
-6.39907e-7
1.71445e-7
1.80152e-6
-0.00134934
-0.00178918
-4.85066e-8
-8.61315e-7
2.04555e-7
0.00238204
-0.00226428
0.00253268
-0.00338133
-2.11268e-7
-2.01916e-8
0.00383261
-0.00300239
7.87161e-8
9.68884e-8
-0.00343707
0.00265792
-4.68362e-7
5.57865e-8
0.00250461
-0.00182163
6.36879e-8
-5.99829e-8
-0.0015037
0.00124093
1.56127e-7
2.93026e-8
0.00113964
-0.00134017
-1.55709e-7
8.14321e-8
4.68301e-7
-8.79643e-7
-1.3718e-6
-1.8222e-7
-0.000185669
4.74708e-5
2.12993e-5
5.57756e-5
-0.00122579
-3.70342e-5
9.30461e-7
4.06806e-6
-3.51879e-6
-2.53461e-5
2.39274e-5
-3.0907e-6
-1.82399e-6
4.60543e-7
-2.32113e-5
8.84789e-5
-9.58273e-5
-0.000248677
0.000305796
-7.94538e-6
-5.40079e-6
1.72379e-6
2.88074e-5
0.000783962
-0.000891479
-0.00186014
0.00220027
3.15881e-6
-7.74176e-6
3.16866e-7
4.6231e-5
0.00491871
-0.00413981
-0.00607656
0.0102214
-2.07858e-5
-2.87835e-7
-9.93498e-6
-1.53501e-5
0.010578
-0.0129398
-0.0158151
0.0125014
0.0135176
-0.0161639
0.000166228
0.000137503
0.000453824
0.000155456
-0.000119913
0.000158574
-0.0183157
0.0169446
0.0163482
-0.0138555
-0.0117165
0.00972372
0.00804402
-0.00772835
-0.00731361
0.00850979
0.00611118
-0.0114942
-2.21507e-6
-3.73464e-7
-1.05988e-7
-1.65938e-6
1.66826e-7
4.88035e-7
-4.91346e-6
1.74009e-5
6.17991e-6
1.08207e-5
-4.58372e-6
4.1368e-6
3.64627e-6
-1.55289e-6
-3.19408e-7
3.43697e-6
-3.84162e-6
5.96291e-5
6.04321e-5
-7.79746e-5
-2.73479e-5
1.85397e-5
-3.92386e-5
-1.79197e-5
1.99415e-5
-2.59001e-5
-1.43276e-6
4.41197e-6
6.07311e-7
-7.84404e-6
1.03168e-5
5.44556e-7
8.32859e-5
6.8453e-5
0.000214935
-0.000279103
0.000405021
-3.33549e-5
5.77674e-5
-4.2341e-6
-9.88319e-7
-3.50776e-5
8.497e-5
6.41216e-5
-0.000405367
0.000421992
9.18368e-5
-0.000152784
-0.000188275
-0.000485748
2.983e-6
-0.000321605
0.000264231
-8.11177e-5
0.000730775
-0.0006667
0.000567045
-0.00137476
-0.00127296
2.39242e-5
-9.3267e-6
-0.000106153
0.00183528
0.00303141
2.68779e-6
1.70543e-5
1.69149e-5
-4.9638e-6
-0.0044262
0.00376538
-0.00469088
0.00640913
0.00398711
-5.142e-7
9.50624e-6
3.68502e-6
-0.00671342
0.0055055
-0.00464174
3.94772e-7
-1.42544e-5
-4.24044e-6
0.00674726
-0.00523396
0.00423601
1.49141e-6
2.31502e-5
-2.8189e-6
-0.00675919
0.00425984
-0.00328824
-9.72052e-7
-1.17804e-6
3.61255e-6
0.00277582
-0.00223428
0.00223115
-1.11885e-5
-4.99058e-8
-0.000759665
0.000790454
2.62515e-6
0.00018868
2.44212e-6
1.66616e-5
-1.33287e-5
-0.000123992
0.000153798
7.0627e-6
-1.42233e-5
-0.000507689
0.000109388
-0.000115513
0.00117635
-1.32154e-5
-6.58143e-5
-0.000395328
0.000161503
0.000923868
-0.000863331
-0.0001278
-2.10402e-5
1.31598e-5
0.000397586
-0.00191905
0.00156241
0.00364711
-0.00471797
9.31853e-5
-0.000155201
4.23735e-6
0.000567266
-0.00539965
0.00783984
-0.00471977
0.00725126
-0.00838006
-0.0112187
0.0159878
-6.94175e-6
0.000288048
-0.000111732
2.2991e-6
3.26657e-5
-4.38555e-5
6.17198e-5
0.0119904
-0.0183022
0.0162123
-0.00730038
0.0127429
-0.014821
0.00204706
-0.00695613
0.0101644
0.00429126
0.00153579
-0.00541669
-0.0010102
-0.000791338
0.00351576
0.00085941
-6.36323e-5
-0.00175591
0.000111088
2.16496e-5
-6.82826e-5
0.000110386
-4.32595e-5
3.49294e-6
-0.000414999
0.000108726
-5.74169e-5
-0.000731441
-4.36861e-6
0.000148913
-0.000277185
0.000107623
-0.000209331
-4.58351e-5
7.23626e-5
-0.000964662
-9.24417e-5
-0.00051812
0.00109677
0.000453398
-0.00128989
0.0014559
-0.000854597
0.000439527
0.000317403
-0.000332749
0.000461091
8.73283e-5
-0.000165342
0.000370348
-0.000494052
-0.000506945
-0.000460208
0.00136504
-0.000218913
0.000597577
-0.000527938
-0.000682433
0.00165161
-0.000404186
0.000291495
0.000269776
-0.00075268
0.00118564
-0.00105246
-8.54045e-5
0.000327824
0.00114149
-0.000945276
-0.000288584
-0.000758263
0.000515967
0.00184868
-0.00237929
-5.83094e-5
-0.0003703
0.00159169
-0.00128395
0.000287019
-0.00148697
5.17073e-5
-0.0025023
0.00242422
0.00429199
-0.00585027
0.000485319
2.95436e-5
-1.2977e-5
0.000531459
-0.00318042
-0.00763188
0.00732929
4.5925e-5
-0.000973846
0.000892691
-8.96039e-5
0.00750726
-0.00459149
0.0105959
-0.0085917
-0.00791686
-9.2758e-5
-0.000373806
0.000224359
0.00905539
-0.013262
0.0116729
5.11343e-5
-0.000270407
0.000251685
-0.00392083
-0.000132898
0.00123642
0.000312719
0.000247124
-0.00166029
0.000870487
-0.00055916
-0.00481747
0.00121002
0.00241635
0.00443996
-0.00623035
-0.0036416
0.00151682
0.000120899
0.000514945
0.00082396
-0.000694643
-0.00016076
-0.00277058
-0.000388133
0.000406782
0.00197737
-0.000197189
0.000521344
0.00360851
-0.00311284
0.00132478
-0.0113967
-0.000514115
-0.000373295
-0.00486351
0.000438872
0.00120922
0.00380287
-0.0021306
-0.0029312
0.000837995
3.69949e-5
0.000700185
-0.00120389
-0.000536686
-0.000669961
-0.00648156
0.00366962
-0.00063682
0.00953717
-0.00313803
-0.00127057
-0.00999655
0.00719602
0.00308198
0.00413517
-0.00392245
-0.00079987
-0.0166372
0.011259
-0.00469456
0.00438523
-0.00172445
-0.00144627
0.0160944
-0.00865205
0.00515177
-0.0131244
0.00962997
-0.00857923
0.00132819
-0.00142349
-0.00026261
0.0011485
-0.00248452
0.00308528
-0.0037977
0.00217228
0.000154318
0.000692057
-0.00213122
0.00422838
-0.00620392
0.00742483
-0.00533609
0.00209163
0.000826381
-0.000208712
-0.000844477
0.00294275
-0.0060819
0.00919435
-0.0103879
0.00866893
-0.00423823
-0.000154906
-0.00075087
0.000734978
0.000144236
-0.00255359
0.0063882
-0.0101132
0.0115715
-0.00954777
0.00506914
0.000918833
-0.000922178
0.00163356
-0.00222568
0.00202664
5.30138e-5
-0.00395033
0.00798489
-0.010024
0.00921095
-0.00581071
3.17154e-5
0.00727968
-0.00237629
0.00435824
-0.00543123
0.00417474
-0.000709505
-0.00341931
0.00643811
-0.00788437
0.0073522
-0.00231834
0.00360393
-0.0066753
0.00855775
-0.00825047
0.00555376
-0.00177518
-0.00175053
0.0063144
-0.0129984
0.0163939
0.00606732
-0.0097369
0.0100532
-0.00876131
0.00605117
-0.00447364
-0.00069562
0.00296804
0.00764029
-0.00964563
0.0100847
-0.00799501
0.0126215
-0.00183566
-0.00897663
0.00614844
