0.00251328
-0.000538203
0.00357034
-0.0117822
0.00137165
-0.00435262
0.00593043
-0.00652642
-0.00232523
0.00487672
0.00322128
-0.00506621
-0.00327354
0.00144349
0.00373323
0.00430744
-0.00319794
-0.00872911
-0.0450928
0.0259568
0.0315432
0.0680092
-0.0197203
0.00518057
-0.00445524
-0.0560348
0.0243202
-0.00962007
-0.00349317
0.00159616
0.00303783
-0.00335744
0.00264921
0.00250107
0.00134817
-0.0036519
-0.00084567
-0.000961226
0.000316893
-0.00934038
-0.021691
-0.00962566
0.0303562
0.0558866
-0.0200928
0.029297
-0.0197702
0.00871733
0.000207704
-0.00542717
0.00202901
0.00532628
0.00010078
-0.0033651
-8.01267e-5
3.5289e-5
1.07083e-5
0.0235992
-0.0396098
-0.0102927
-0.0170884
0.0601973
0.0562993
-0.0500408
0.0267158
-0.0206858
0.0125098
-0.00261437
-0.00557551
0.00932142
-0.00856628
0.00180108
0.00489009
-0.000746418
-0.00264808
-3.8638e-5
0.00125365
-5.09461e-5
0.00018506
-0.0117804
0.0213422
-0.0165838
0.0104047
-0.0020346
-0.00665516
0.012289
-0.0130296
0.00977327
-0.00546662
0.00233777
-0.000600369
-0.00511363
0.00755468
0.000665879
0.00351206
-0.00816894
0.00445722
0.00561327
-0.00821067
0.00500311
0.00149738
-0.00927598
0.0153094
-0.0170773
0.0144982
-0.00984471
0.00566288
-0.0012115
-0.00243801
0.000522707
0.00219316
0.000154906
-0.000589274
2.02443e-5
-0.000191516
-0.00159916
0.00349791
-0.0014727
0.000260684
0.00449765
-0.0111587
0.0169204
-0.019353
0.0176194
-0.0131978
0.00848628
-0.00527246
0.00259848
-0.00183784
0.000609581
-3.78725e-5
-0.000794783
-0.00225894
0.0042657
-0.00987331
0.0150313
-0.0180961
0.0176308
-0.0143883
0.0102427
-0.00696513
0.00762527
-0.00812715
0.00169097
0.000551306
0.000202945
0.00241368
-0.00207942
-0.00240722
0.00252109
-0.00457086
0.00840566
-0.0130743
0.0136889
-0.012517
0.009821
-0.00751898
0.00448667
-0.00588938
0.00659249
-0.00297257
0.00175958
-0.00175828
0.00115775
0.00251201
-0.00490884
0.00729795
-0.00768865
0.00739376
-0.00623884
0.00853597
-0.00607722
0.00826434
-0.00257965
-0.000931763
-0.00056104
-0.00093764
0.000363565
4.70885e-5
0.00263596
-0.00394664
0.00331672
-0.00324744
0.00312368
-0.00915324
0.00732257
-0.00102565
-0.00254242
0.00273009
-0.00170131
0.000100544
3.55899e-5
-0.00112751
0.0019093
-0.00166623
0.00290438
-0.00233593
0.000616947
0.00188106
-0.00334781
0.00271793
-0.000471094
0.000287835
-8.06136e-5
-0.000926576
0.000755484
-0.000806907
0.000821781
-0.00193787
0.000185122
0.00194731
-0.000281257
2.02821e-5
-4.16021e-5
0.000670245
0.000621326
-0.000397719
-0.000814819
-0.00179686
0.0011787
-0.000229529
-0.000144346
0.0059935
-0.00332965
-0.000263886
0.00135167
-0.00460327
0.00356782
-0.00190042
0.00463679
-0.00364428
0.00203397
-0.00380997
0.0033724
-0.00168914
0.00223715
-0.00210353
0.000296256
0.000737147
-0.00153112
0.000387055
-0.000406476
-6.54182e-5
-0.0011759
-0.0113154
0.00355975
0.0236423
0.0181896
-0.00401602
0.000292476
-0.000619994
-0.0375364
0.000528125
-0.000205532
0.000149147
0.000213573
-2.92801e-6
0.000144333
-0.000144611
-7.99499e-6
7.66448e-5
0.0064588
-0.0260252
0.0065559
0.0235812
-0.000490042
-0.0558415
-5.31265e-5
1.8892e-5
2.79708e-5
-3.69454e-5
-1.12328e-5
1.37664e-5
0.00351298
-0.0112301
-0.00112521
-0.00387847
0.0179826
-0.000462029
-0.0371009
6.34881e-6
-1.50656e-6
-2.26757e-5
-3.62034e-6
1.8516e-5
-2.92852e-6
2.29244e-6
-0.00137752
-0.00305754
-6.26049e-5
-3.31773e-6
-2.37087e-5
-0.000313975
0.000987817
0.000323118
0.000689469
0.000206624
-3.10209e-5
7.50661e-6
1.59668e-7
-1.1284e-5
1.59072e-6
-2.07818e-6
-1.15964e-7
-4.18957e-7
-0.00117738
-0.00185003
0.00413721
6.7502e-5
-1.92878e-5
2.78877e-6
0.00444308
-0.00191702
-0.0016252
-9.93858e-6
5.15469e-6
4.56234e-6
-0.00712189
0.00468677
-0.000838678
-3.24249e-6
6.27225e-6
-2.93174e-6
0.00881804
-0.00641379
0.00242743
-3.39507e-5
-5.33363e-6
-1.03909e-6
-0.00671002
0.00522884
-0.00336671
0.00217101
-0.000545362
0.000125105
-5.32296e-5
1.13726e-5
0.00298017
0.00193646
-0.00101523
0.000315978
-1.47403e-5
6.53519e-5
1.64266e-5
-0.00239147
0.00106107
0.00130707
-0.00117623
0.000649288
-0.000150806
0.000533163
-0.00022851
8.06431e-5
-9.07107e-6
-2.15042e-5
-0.000346117
-0.000307263
0.000146403
-8.44709e-5
0.000527603
-0.000575871
0.000144258
-4.07678e-5
-1.45485e-5
0.000176751
-4.72932e-5
4.27779e-7
-4.57924e-5
-1.03223e-6
-0.00010288
0.000238561
-0.000598802
0.000292962
-0.000217353
-4.92819e-5
0.000156149
-1.34895e-6
-4.73088e-5
-3.87402e-6
4.43874e-6
8.72081e-6
1.0561e-5
1.41325e-5
-2.07e-5
0.000101843
-1.47339e-5
-7.18147e-7
-2.82512e-5
0.000135993
7.46264e-5
-5.99324e-6
7.68779e-5
-4.48341e-6
-1.10692e-5
3.32428e-7
-4.61029e-6
3.05456e-6
-2.65821e-6
-1.58794e-6
-2.97975e-5
7.8268e-6
4.79319e-6
-7.34783e-6
-5.98243e-5
-3.05116e-5
2.02902e-5
-6.30473e-6
2.51461e-7
3.08571e-7
3.87102e-6
7.22961e-6
-3.87499e-6
-2.2935e-7
1.34006e-5
0.000109783
0.00145928
-0.0036094
-0.00109962
0.00231063
-0.00379342
0.00763602
0.000247668
-0.00154855
0.00214287
0.000168714
0.00127395
-0.00191027
-0.000148488
-0.00142332
0.00210424
-0.000265293
0.00168837
-0.00218054
0.000628429
-0.00168277
0.00198142
0.00122769
-0.00150212
-0.00126844
0.00123247
1.41726e-5
0.000185182
2.66682e-5
-0.000117381
-4.90817e-5
0.000189632
-0.00020976
-0.000453291
0.00101823
-0.000911976
-0.000442537
0.000457662
0.000257277
-0.000204255
6.67025e-5
-0.000439158
0.000174528
-4.7998e-5
-0.000111858
7.59635e-5
4.18238e-5
-2.03548e-5
0.000367043
-0.00212488
0.000380409
-5.52167e-5
-1.26319e-5
2.1867e-6
2.87875e-6
1.49223e-6
0.000167582
-0.000453018
6.76401e-5
-0.000593063
-5.05125e-5
-6.70683e-7
-1.24401e-6
-4.93138e-8
6.75478e-7
-0.000136527
0.00026437
2.86126e-5
-6.04277e-5
-0.000286768
-2.76126e-5
-7.76137e-7
3.9917e-7
-3.08989e-7
-5.29415e-7
-2.08085e-9
7.87642e-8
0.000581198
2.15312e-7
0.00271441
-0.00177419
3.53655e-5
-0.00356055
0.00300539
-6.42031e-5
-0.00150466
1.97631e-7
-9.78986e-8
-2.35241e-7
-5.89072e-8
2.27159e-7
-1.42407e-8
4.77494e-8
0.00711367
-0.00531747
0.00331029
-1.33718e-6
4.3868e-7
-1.17701e-7
-0.0104333
0.00844183
-0.00641599
-6.86352e-7
-2.46756e-8
-9.79065e-8
0.0107893
-0.00984857
0.00830663
1.06218e-6
-3.22731e-7
7.92838e-8
-0.00802421
0.00840931
-0.00768669
-1.19829e-7
5.13442e-7
3.38712e-9
0.00476648
-0.00485295
0.00539372
-3.03098e-6
9.06119e-7
-3.28386e-7
-0.00200262
-0.00221481
-3.58419e-6
-1.3611e-7
-2.54468e-7
0.00137543
-8.23498e-5
-0.000830021
0.000801313
-0.000833931
-1.60827e-6
1.27819e-6
-2.36696e-7
6.15169e-7
0.0001873
0.000188684
4.1591e-6
-3.59593e-7
-2.06447e-9
-2.98265e-5
-7.89809e-5
-1.1894e-5
-8.81983e-6
5.59165e-6
2.60846e-7
-4.09158e-7
-4.83434e-7
1.44761e-5
-1.87959e-5
-5.18357e-6
-2.01859e-6
-4.84834e-8
7.27327e-6
-3.21792e-7
-1.6819e-6
1.49121e-6
-1.45017e-6
-2.39691e-7
6.28912e-7
6.45707e-7
-3.27742e-6
-1.09809e-7
3.23941e-6
-8.09786e-7
-7.64968e-8
-5.77924e-8
-4.05866e-8
-1.01337e-7
-2.17319e-7
-5.24764e-8
-3.68083e-7
-2.03006e-6
-1.24343e-6
1.31783e-6
-4.28221e-7
-3.62805e-6
-4.24988e-7
-4.19734e-6
2.00809e-6
-5.10213e-7
-1.48533e-8
-5.0902e-9
5.48088e-8
5.67376e-8
-5.39951e-9
3.47879e-7
7.28383e-7
5.46432e-8
-3.78475e-7
6.93215e-7
1.26113e-6
1.03035e-6
-3.57202e-7
-7.19575e-7
2.51732e-8
-4.4074e-8
-1.9762e-7
-1.88771e-7
8.52768e-8
-1.09421e-8
-5.06678e-7
-0.000697459
-0.000315759
0.00348769
-0.0114464
0.0118186
-0.00880718
0.0026775
-0.00102298
-0.00148577
0.000455842
0.00143795
-0.000381082
-0.0016275
0.000319927
0.00144411
9.87695e-5
-0.0011388
-0.000382069
0.000756578
0.00067019
-0.000585822
-0.000300712
0.000388505
0.000206711
4.01217e-5
6.22611e-5
-0.000168043
0.000240369
-8.1644e-5
0.000237818
-0.00016697
-0.000235109
4.64116e-5
0.000136203
4.27151e-6
-7.86548e-5
9.29379e-6
-2.35464e-5
4.88432e-6
-1.71919e-6
-1.54437e-5
4.7699e-5
1.21867e-5
-2.55573e-5
2.23977e-5
-0.000110278
2.3701e-5
-4.59133e-6
-6.70086e-6
1.18431e-5
2.97767e-6
-4.83012e-6
8.94436e-6
-2.80386e-5
8.46741e-6
-4.10898e-6
-1.13244e-6
1.74355e-6
3.4756e-7
-6.28159e-7
4.048e-5
-2.44976e-5
-9.47614e-7
-0.000123379
0.000159378
-1.31035e-6
-6.27423e-8
2.1411e-7
-2.61694e-8
2.4822e-8
-7.38323e-8
1.97967e-8
-0.00144696
-4.77453e-6
0.000275824
0.00632464
-0.00458882
2.98378e-5
-1.85955e-9
-1.14899e-8
-1.61441e-8
3.32267e-9
2.90588e-9
-0.00444831
0.00445698
2.10468e-8
5.21549e-10
0.0130779
-0.00917758
4.40867e-8
-1.31132e-8
-0.0144729
0.0123886
4.6723e-9
-1.07983e-8
0.00996869
-0.0108155
-3.13405e-8
8.52643e-9
0.000256957
0.00542439
6.14443e-8
1.90807e-9
-0.00214623
-0.0020981
9.57862e-8
-3.85003e-8
0.00183101
0.000413976
7.25625e-8
-2.67703e-8
-0.0011047
6.01213e-6
4.17773e-9
-1.21481e-7
-5.51464e-10
0.000591056
-0.000773733
-0.000305093
9.8556e-5
-1.74929e-8
-2.96184e-9
2.43383e-8
0.000135728
4.38336e-5
1.11097e-7
4.41985e-8
5.01564e-9
-5.18083e-5
3.04235e-5
1.62077e-5
5.77807e-6
1.83007e-7
4.7167e-8
-2.00227e-8
-1.81462e-8
-3.69526e-6
-5.62605e-7
4.58074e-7
2.71737e-7
5.66247e-8
3.35034e-7
-1.16579e-8
-5.69697e-8
9.75648e-8
-3.99401e-7
-8.75542e-8
3.04939e-8
1.24562e-7
3.43108e-8
-5.43648e-8
7.71925e-9
3.39032e-8
-2.19625e-8
-1.31124e-8
1.07453e-9
-3.43177e-8
-2.79754e-7
1.21935e-7
-7.51498e-8
-2.7318e-8
-6.59979e-9
5.09668e-9
1.09772e-9
-4.76291e-9
3.60919e-9
-9.03587e-9
4.01797e-8
8.30332e-8
2.43899e-8
-4.03492e-8
1.09793e-7
1.55391e-7
1.49113e-7
2.67757e-8
1.9257e-8
9.01569e-9
-1.67256e-9
1.71142e-9
-2.87403e-9
-2.58523e-8
-2.45078e-8
7.06222e-9
4.41099e-9
-7.13392e-8
-6.34916e-8
0.00122488
-6.205e-5
-0.000258194
0.000217224
-0.000684207
0.000935267
-7.01861e-5
-0.000786673
0.00144279
-0.00150882
0.00144821
-0.0017389
0.00187612
-0.000896945
0.00148968
-0.000794851
-0.000577578
-0.00208776
-0.000858265
0.00228783
0.00143857
0.000379385
0.000809925
-0.0022662
0.00817189
-0.00452372
0.00234227
-0.00596169
0.00132456
-0.00141281
0.00236392
0.000972625
-0.00114649
-0.00040414
-0.000577454
-0.000330308
0.000598301
0.000348096
-6.69259e-6
-5.17267e-5
9.40706e-5
-0.000240281
0.000197239
-7.08759e-5
-0.000207495
0.000256106
7.78689e-5
0.000103025
5.43779e-5
-0.000103117
-6.52773e-5
1.32752e-7
-2.03762e-6
3.42539e-6
-8.693e-6
3.6798e-5
-5.06029e-5
-1.71173e-5
2.14638e-5
-9.02062e-7
-6.5992e-6
2.08221e-6
9.76953e-7
7.07216e-6
-9.13609e-6
-2.39495e-6
2.56968e-6
-4.95984e-6
-1.87864e-6
3.26843e-6
1.15866e-5
7.00861e-7
-8.88241e-7
-1.16171e-7
1.64035e-7
-3.3079e-5
7.73432e-6
7.51556e-7
-2.60185e-5
-1.788e-5
4.02051e-5
-2.44632e-8
4.33749e-8
-8.41957e-8
1.36476e-8
2.95641e-8
-1.35658e-8
-9.09273e-9
-7.78957e-5
-0.000165585
-0.000186136
-0.00149995
0.00327406
0.000277599
3.1396e-9
2.93586e-9
9.27177e-9
-3.50958e-9
-1.40351e-9
-1.00364e-9
0.00122948
-0.00625591
-8.0252e-10
6.83601e-10
0.00984269
-4.12305e-10
0.0230025
-0.0350421
0.0106204
-0.0265604
0.0416663
-0.0060101
-0.0240853
2.89049e-9
-1.72231e-9
4.49282e-9
6.11447e-10
-1.46606e-10
-8.60259e-11
-1.07493e-9
4.79592e-10
0.0129302
-0.0197151
0.0180862
7.59025e-10
4.46471e-10
1.2205e-10
0.0154417
-0.00569543
-0.00779408
-3.07777e-9
6.6378e-10
-3.18183e-10
-0.0591607
0.0273679
-0.0141072
4.6041e-10
-6.17195e-10
2.66963e-10
0.0185413
0.00722839
1.65053e-8
1.10632e-10
-0.0084161
-0.000943968
0.003207
-0.00366948
4.83374e-9
-1.052e-9
-7.51856e-9
3.43758e-9
2.49845e-10
-0.00141292
0.00175693
-1.20801e-10
3.09744e-10
0.000581733
0.000310638
-3.51935e-9
-3.95124e-9
-0.000151741
-6.4684e-5
2.15872e-5
-0.000108452
-2.0065e-9
1.17689e-9
9.63438e-10
3.51055e-9
1.30877e-9
7.10493e-7
-4.99515e-6
7.93929e-9
2.59133e-9
-4.53042e-6
1.34886e-6
2.41788e-6
8.45761e-7
5.02852e-9
1.04464e-9
-4.389e-9
8.64235e-10
2.98243e-10
-2.07694e-11
-7.97712e-7
-4.37429e-7
1.37131e-7
1.23176e-7
7.23284e-9
1.38178e-8
-9.78264e-10
-1.26712e-9
2.92477e-8
-1.25425e-7
-3.39182e-8
-2.53162e-9
1.07276e-8
-4.4014e-9
-3.68182e-9
-5.61908e-10
1.47064e-8
-4.50764e-9
-4.24326e-9
-2.04143e-9
1.14685e-9
-1.31849e-8
3.38157e-10
-2.91299e-9
1.59692e-10
8.3513e-10
1.10179e-9
2.81864e-10
-5.48269e-11
4.10272e-10
1.16593e-11
6.10179e-9
9.32848e-9
4.66252e-9
-3.80475e-9
3.06882e-9
-1.09112e-8
3.73985e-8
7.79805e-9
-1.57065e-10
3.67022e-9
-2.21019e-10
8.52386e-10
-1.42545e-10
1.20294e-10
-8.72955e-11
-4.0313e-11
-6.06493e-10
-2.54104e-9
-3.53072e-9
-2.2524e-10
-2.51742e-10
2.9554e-9
-5.57703e-9
-5.97239e-9
-1.12794e-9
6.34645e-10
-9.5576e-10
5.60086e-10
1.18832e-9
9.87671e-10
2.71243e-10
-3.60788e-10
-1.8111e-9
2.53915e-9
-0.000331293
0.000452871
-0.000831765
0.000296627
-0.000518377
0.000938138
0.000239063
-0.00108096
-0.000693126
0.000295776
0.0011915
-0.00144222
-9.77231e-6
0.00128156
-0.000618583
-0.00182612
0.00282517
-0.00180543
0.00171653
-0.00057393
0.000367777
-0.00196347
0.00157178
0.000869586
-0.000495862
-0.000431483
-0.000241364
0.000328576
1.059e-5
6.43798e-5
4.76325e-6
0.000570381
-0.000136161
-0.000216636
0.00012997
0.000109506
5.96507e-5
-8.83973e-5
-8.15742e-8
-4.66639e-7
-4.54904e-6
5.1706e-6
-1.94925e-5
6.42897e-6
4.73045e-5
-4.40802e-5
-8.98971e-6
-1.68956e-5
-8.75842e-6
1.99557e-5
7.73306e-6
7.017e-7
-5.43192e-7
-7.7229e-6
1.00961e-5
-2.94769e-7
-3.31426e-6
-8.21371e-7
4.34055e-6
8.26151e-7
0.000120587
-2.50532e-5
-4.56842e-5
-6.31305e-5
3.2e-5
6.03206e-8
-4.55234e-7
2.36008e-7
5.66504e-7
1.39946e-7
-0.000419362
-6.13363e-5
0.000622148
-0.000641582
-0.000505188
-1.2191e-8
-8.42728e-9
-8.4866e-8
2.79556e-8
2.13027e-9
-0.00123703
0.00103675
-0.00297257
-0.000179869
0.0010685
0.00468871
-4.3186e-10
1.12424e-9
-2.79568e-10
-3.9272e-10
2.26591e-10
-2.21325e-10
0.00647566
4.24067e-11
0.0203972
-0.0226945
0.0125872
-0.0416808
0.0266987
-0.0110913
-2.88385e-10
1.19606e-10
-4.50711e-12
-2.5812e-11
-1.0461e-10
6.91232e-11
0.0164283
-0.00791717
3.10987e-11
2.89781e-11
0.0175708
-0.0296541
1.04952e-10
8.04876e-13
-0.0570318
0.0669905
-2.75349e-10
9.6553e-11
0.00167295
0.00115652
-0.00223736
-0.000433301
8.58579e-5
-2.83612e-11
1.29971e-11
-1.70778e-9
6.18498e-10
-2.79734e-10
0.000131569
0.000239208
-7.08134e-10
2.15668e-10
-0.000132814
5.21762e-5
-5.79613e-6
-1.68065e-5
4.04849e-5
-3.85564e-9
5.83557e-9
-6.52624e-9
6.49641e-9
1.19399e-9
-6.09769e-6
1.3989e-6
-2.63116e-7
-7.29724e-7
1.5482e-7
3.53813e-10
-2.31969e-9
2.38299e-9
-4.27511e-9
6.55899e-10
3.33684e-7
2.90903e-7
7.78265e-10
5.15066e-11
-1.38164e-8
-1.0399e-7
-4.47331e-8
3.52435e-8
1.71212e-9
9.13338e-11
-7.94314e-10
9.57068e-10
-1.19055e-9
3.49223e-8
4.95993e-9
-1.82125e-8
7.7291e-10
3.451e-10
-1.66663e-9
1.14435e-9
8.65913e-10
5.86232e-9
3.87448e-9
-1.23492e-9
-4.15605e-11
-3.78387e-10
-5.56634e-12
-1.50205e-10
8.30456e-11
-9.45147e-10
3.33101e-9
6.6997e-11
5.80032e-11
6.12447e-11
-5.45463e-11
1.07386e-12
1.88762e-10
1.64279e-9
-4.19144e-10
-7.62446e-11
-1.27323e-10
-6.91998e-11
-1.57366e-10
6.88887e-11
5.84426e-11
1.5754e-11
-1.33527e-10
-5.16576e-10
-6.95876e-10
-9.08207e-10
-2.64976e-10
2.70716e-9
-7.72402e-12
-9.4114e-10
-9.62947e-10
1.48909e-9
9.75691e-10
7.06632e-10
7.68657e-10
9.31844e-10
2.65373e-9
-1.79928e-9
-8.86515e-9
-1.08157e-9
0.000215063
0.000287222
-0.000226655
0.000336492
-0.000757893
-0.00132762
0.00142423
0.00249799
-0.0017553
-0.00200208
0.000810464
-0.00153992
-0.00076013
-0.000858923
0.000793166
-0.000157285
0.00042687
-1.83078e-5
-0.000223843
-0.00122356
0.00131929
0.000341757
-0.000198953
-7.62668e-5
-5.03774e-5
2.87898e-5
3.0336e-5
0.000186374
-0.000113269
0.000542976
-0.000193126
-8.4652e-5
-2.26396e-5
3.52362e-5
3.37542e-5
-2.64832e-5
5.03806e-6
-3.46156e-5
1.99128e-5
-5.96757e-5
3.92465e-5
3.18408e-5
-4.05254e-6
-1.29674e-5
-1.11616e-5
1.31237e-5
2.14082e-5
-6.33293e-5
5.55373e-5
-8.42975e-6
-5.52012e-6
8.95366e-6
4.53256e-5
-0.000166524
0.000158344
-1.92835e-6
-3.19655e-7
2.13824e-6
9.85409e-5
7.53324e-5
-0.000401055
0.0006827
0.00040625
6.20134e-8
-2.74047e-7
1.37783e-7
2.72222e-7
8.62679e-8
0.00109315
-0.00151647
0.00242306
-0.00665059
-0.00296103
-3.85874e-10
-1.02771e-8
-5.77283e-8
9.3463e-9
2.79784e-9
-0.00734981
0.00717302
-0.0117693
0.00738334
-0.00169758
0.0184162
-5.92631e-11
-3.79879e-10
-1.02965e-9
1.05719e-9
4.85878e-11
-3.60455e-11
0.00756779
1.94308e-11
0.0384765
-0.0320047
0.0120847
-0.0381335
-0.0659258
0.0497526
0.0484215
-0.00675895
-7.71967e-11
3.92069e-11
-7.10646e-11
2.27318e-10
0.033001
-0.0321554
-0.0247414
-6.07235e-11
1.32369e-10
0.00520535
0.00537319
-0.0124552
-1.62802e-10
3.37767e-10
-0.0258049
0.00442249
0.0459986
1.74025e-10
-2.24814e-11
0.00372612
0.00161732
-0.00232852
-0.000485099
0.000533727
1.28128e-10
-1.99819e-10
1.06369e-10
9.57276e-5
-0.000185132
-7.73714e-10
4.31357e-10
1.609e-5
-1.78156e-6
1.51161e-7
1.42433e-6
-4.74607e-6
-6.90777e-9
5.78174e-9
-6.47184e-9
3.58266e-9
-6.37333e-10
3.14297e-6
-6.30432e-7
-3.04022e-7
1.6461e-7
-5.96955e-8
4.70883e-9
-5.05841e-9
5.31587e-9
-5.38115e-9
-2.10276e-10
2.07076e-8
1.74284e-8
1.15621e-8
2.44929e-8
-1.99923e-9
2.26019e-9
-1.69339e-9
-5.22916e-9
-1.71717e-9
-6.43933e-9
-5.38369e-9
2.8293e-9
4.06598e-9
2.31598e-9
-1.55207e-9
-3.64444e-9
-3.68579e-10
1.00057e-9
-7.07967e-10
-3.51798e-9
1.3054e-8
3.77862e-9
-2.39475e-11
2.26767e-10
-1.88297e-10
-3.04608e-11
6.82224e-10
-8.96569e-11
9.26824e-10
-2.43029e-9
4.97325e-9
4.53968e-10
9.97015e-11
-1.91666e-11
-2.59827e-10
-1.31738e-10
5.75697e-11
2.32994e-9
-3.44508e-10
-4.23228e-9
-2.72374e-9
-7.58781e-10
-7.80137e-10
8.10294e-10
2.34478e-10
4.39418e-10
-7.91644e-10
-2.06059e-9
2.97239e-9
-1.97556e-9
-3.06707e-9
-8.54122e-9
1.22479e-8
1.58144e-8
-8.96047e-9
1.45172e-9
-4.4081e-9
1.67086e-8
7.31481e-9
3.64639e-9
1.60544e-8
-1.20436e-8
-0.000225339
0.000317149
-0.000220457
-0.000469415
0.000873835
-0.000817616
0.00050129
-0.000649626
3.73836e-5
0.000823769
-0.0011801
0.000935192
9.62326e-5
0.0022889
-0.0021418
-0.0015113
0.000609188
0.000141386
1.82118e-5
-8.50488e-7
7.20819e-5
0.000167408
-0.000236575
0.000170519
-0.000155866
-2.58032e-6
-5.45734e-6
-3.50286e-6
7.42007e-7
1.83831e-6
-2.16541e-5
-4.09011e-5
1.93235e-5
-7.41721e-5
3.96282e-5
4.11557e-6
6.30444e-6
2.53026e-7
-2.42541e-6
1.58012e-6
-4.55069e-5
-4.39463e-5
5.21003e-5
-4.7037e-6
-5.07997e-6
5.2386e-6
-0.000125008
-0.000107676
0.000136197
-3.8691e-6
-2.75628e-6
4.12415e-6
-0.000336175
-0.000250278
0.000325926
-8.82904e-7
-1.60111e-7
8.79549e-7
-0.00109621
0.000949479
-0.00052411
0.00355915
0.000786596
4.23463e-8
-1.4497e-7
-1.62722e-8
1.52072e-7
6.32545e-8
0.00675299
-0.00638696
0.00392041
-0.0194287
-0.00551607
9.426e-10
-1.05166e-9
-1.11871e-8
-2.91726e-9
-1.03595e-9
-0.0342883
0.0253814
-0.0241341
0.0425803
0.0274361
-0.0151742
0.0278184
3.73957e-10
-2.19162e-9
3.01735e-10
-1.16537e-9
1.46275e-9
0.00680685
-2.93691e-10
3.05178e-10
5.7906e-10
-5.97608e-10
-4.34332e-10
-4.84852e-10
-9.0693e-10
0.000579427
-3.02298e-10
7.79408e-10
7.37188e-6
0.000138639
1.29166e-10
4.68449e-10
-2.44811e-5
1.52541e-5
-5.46473e-10
-1.27858e-5
-1.78591e-6
1.32952e-9
1.18213e-9
3.91477e-6
-4.92138e-6
-1.29375e-6
3.3872e-7
-3.85805e-9
1.44878e-9
-9.16645e-10
-9.91362e-8
8.62045e-8
1.37292e-7
1.08913e-9
1.97859e-7
6.29031e-9
-4.92526e-9
3.74316e-9
7.27535e-10
-1.40963e-9
-8.54417e-8
5.63226e-9
2.56893e-8
-7.49904e-9
-5.89367e-9
2.76896e-9
7.85912e-9
-3.00908e-9
8.08015e-9
3.31479e-9
-1.80899e-8
5.86652e-9
1.45394e-8
7.72382e-9
-9.16365e-9
-4.69878e-9
-4.62047e-9
-1.18007e-8
4.52361e-8
-6.57683e-9
1.17991e-8
7.85571e-10
-4.19763e-10
-3.0844e-9
5.66167e-9
-1.19674e-8
2.14868e-8
-1.85212e-9
1.82988e-9
-3.53477e-10
-1.14621e-9
1.14567e-10
5.71405e-9
7.22509e-10
4.81758e-9
5.55457e-9
-6.06687e-9
2.00742e-9
4.38255e-9
-3.52901e-9
2.03986e-9
6.07916e-9
-2.91628e-9
2.53165e-10
-2.8271e-8
3.81775e-8
-4.70704e-8
-5.15346e-8
-2.59078e-8
-7.5958e-9
-7.97622e-9
-2.73733e-8
8.65131e-9
9.40157e-10
-2.77603e-9
-1.91998e-8
-1.24541e-8
-1.34484e-8
-4.20895e-8
1.01149e-7
-7.71759e-8
1.74236e-7
-0.000956279
0.00102004
0.000650668
-0.000487211
0.00076462
-3.30559e-5
3.70108e-5
-0.000640306
0.000423533
0.000853192
-0.0005268
-0.000447648
0.000210865
-0.00040326
0.000242794
0.00135406
-0.000609183
-6.19743e-5
-0.000122835
3.03451e-5
2.82892e-5
8.59517e-5
-1.30453e-5
-1.53896e-5
9.62434e-5
-0.000364149
0.000165514
0.000628374
-5.70237e-7
-9.76329e-6
2.4073e-6
-5.99702e-7
-2.10626e-7
-2.44594e-5
-1.89652e-5
1.20136e-5
1.9411e-5
-3.80297e-5
1.86399e-5
-1.24747e-6
6.33313e-7
5.13128e-8
-5.47795e-5
-2.8177e-6
9.7988e-6
4.0807e-7
-3.8464e-7
4.36849e-7
-0.000135713
-5.1263e-7
2.33164e-5
-1.77003e-6
-2.08541e-6
2.02944e-6
-0.000321529
1.95821e-6
6.13113e-5
-1.78658e-6
-1.30489e-6
2.0653e-6
-0.00068969
-4.72902e-6
0.000135233
-3.50096e-7
-1.89708e-7
5.9893e-7
-0.00257001
0.00195245
-0.000284246
0.00094031
0.00567598
0.000262033
-4.49296e-8
1.59564e-7
3.78178e-8
-1.18266e-7
0.024891
-0.0120871
0.00226018
-0.00975681
-0.0438292
-0.00272163
5.76306e-9
-3.03305e-8
4.37366e-9
-1.38183e-8
3.03492e-8
2.15978e-9
0.0165477
-0.0222139
0.0380815
-0.0334094
0.0118632
-0.0102998
-0.0451775
2.336e-9
-7.47902e-9
-2.73447e-9
6.71633e-9
-1.18304e-8
-0.0364315
0.0407547
9.03937e-10
5.70353e-10
0.0426388
-0.0537316
1.89573e-9
-5.74098e-9
-0.0257175
0.0312373
6.06053e-10
-4.0245e-9
0.00756612
-0.00872206
2.52847e-9
-1.16989e-9
-0.000468255
0.000258814
1.52086e-9
-1.37125e-8
-0.000350049
-0.000447053
-3.34614e-9
1.30683e-8
-0.00030059
7.50519e-5
-5.62037e-10
-2.5174e-7
0.000159557
1.4306e-9
-2.36056e-9
3.95512e-5
1.30226e-5
-3.79856e-10
-2.56537e-9
-4.34862e-9
-2.1863e-6
1.045e-6
1.75126e-9
3.59664e-7
-1.54031e-6
-3.35894e-9
-1.64467e-9
-5.02373e-7
6.91926e-7
1.07196e-7
-8.50776e-8
-5.45947e-9
3.73084e-9
1.0222e-8
-9.75171e-8
1.77088e-8
-1.23057e-8
-4.16245e-8
6.96722e-8
3.80627e-9
-3.28152e-8
-2.68901e-8
2.02767e-8
6.98684e-9
-5.37224e-8
-1.15519e-8
8.67903e-8
2.53038e-8
-5.47607e-9
-1.72322e-8
-2.0055e-8
-2.67609e-8
1.60646e-7
-1.88297e-8
4.4869e-8
1.09012e-8
1.55667e-8
-3.99069e-8
6.16895e-8
2.21338e-9
-4.15571e-8
-8.87488e-9
3.1596e-8
2.07792e-10
-1.9125e-8
7.2671e-9
5.85852e-9
-9.26299e-9
1.16461e-8
1.63508e-8
-1.261e-8
8.75682e-9
2.24123e-8
-2.53847e-8
7.86703e-8
1.30195e-7
5.77249e-8
-1.86652e-8
-9.08675e-8
3.73376e-8
4.888e-8
3.00897e-10
6.24143e-8
-1.14163e-8
4.80987e-8
4.93555e-8
1.7279e-8
6.8519e-8
6.1478e-8
-3.54548e-7
7.75896e-8
8.81629e-7
-5.96099e-7
-5.39956e-7
-9.99137e-8
-1.44077e-7
5.23288e-8
-8.70748e-8
-1.7913e-7
-6.44896e-8
-7.87897e-8
-3.0023e-7
4.6428e-7
-6.2632e-7
0.000212974
-0.000375916
-2.8634e-5
5.51526e-5
-0.000242584
0.000108616
0.000283506
-0.000133446
-7.78622e-5
2.68089e-5
-0.000185721
7.81807e-5
0.000269844
-7.54131e-5
2.3573e-5
3.66379e-7
0.000486085
-0.000241887
-0.000858398
0.000872028
-0.000406971
-0.000982812
-3.15787e-5
1.29407e-5
6.79027e-6
6.57163e-7
-7.72608e-7
1.0824e-7
1.74591e-5
-1.15842e-5
-5.87926e-5
1.41063e-5
1.08974e-7
8.48941e-8
-3.41794e-9
-1.31525e-7
-6.52684e-6
-5.61816e-6
2.8108e-6
-8.67045e-6
3.55633e-6
-4.17158e-9
6.17805e-8
2.73054e-8
-2.48624e-5
8.7665e-7
1.45458e-6
2.07859e-7
-2.76277e-7
2.76978e-7
-5.87204e-5
8.38656e-6
3.70655e-6
-1.06108e-6
-1.92772e-6
2.25961e-6
-0.000111465
1.65594e-5
8.06424e-6
-1.4772e-6
-2.61121e-6
2.8203e-6
-0.000365403
1.17147e-5
7.85152e-5
1.36059e-5
-3.74767e-7
8.35491e-7
3.17281e-7
-8.27586e-7
0.00412187
0.00151769
-0.00159091
-0.000646594
9.77822e-8
-2.89795e-7
-7.26403e-8
1.87786e-7
-0.0274657
0.0371127
-0.0220756
0.0164941
0.0378622
0.0107064
-1.11798e-8
2.12815e-8
1.53284e-8
-2.91794e-8
4.58799e-8
2.26768e-8
0.00510631
-0.00943973
-0.012793
0.0108361
-0.006941
-0.014411
0.0240751
0.0266641
-1.17795e-8
4.16394e-8
1.10349e-8
2.57776e-9
0.00387529
0.0170084
-0.0250291
2.04821e-8
-8.01769e-8
0.00342398
-0.0202127
0.0130183
-6.14098e-10
-5.67603e-9
-0.00853645
0.0200932
-0.00147727
1.97929e-8
-2.05229e-8
0.0076079
-0.0108554
-0.00185821
3.73218e-8
-1.14803e-7
-0.0039684
0.00345721
0.00184177
-5.67835e-8
1.10592e-7
0.000225714
-0.000844029
-0.000140586
1.13044e-8
-8.72453e-8
4.21478e-8
2.59116e-5
-2.09998e-5
2.10783e-8
6.15193e-6
-3.54833e-5
2.39244e-10
-8.62297e-8
7.10806e-6
-1.12406e-6
1.16682e-8
-3.60716e-9
4.80921e-8
-1.1235e-6
-5.10241e-8
4.36883e-8
5.56841e-7
-1.5201e-7
-4.63693e-8
4.46967e-8
2.96367e-8
-3.4402e-7
1.13507e-7
-1.50744e-7
-1.14204e-7
1.21154e-7
6.7547e-8
-2.69274e-7
-1.86037e-8
-9.74687e-8
-8.11361e-8
-1.09471e-7
-5.24324e-7
6.51989e-7
-4.3003e-8
3.89544e-7
5.58899e-10
5.42786e-8
-3.05695e-7
4.07929e-7
1.25821e-7
-4.57482e-8
1.00777e-8
-5.17358e-7
-1.87255e-8
2.87398e-9
1.56533e-8
2.52324e-9
5.50625e-7
-1.76306e-7
-9.86842e-8
2.02879e-7
6.73661e-8
-2.71654e-7
5.9126e-8
-1.31227e-8
1.90781e-7
8.6008e-8
-3.56852e-8
3.08302e-7
-2.56597e-7
2.07127e-6
-3.24858e-7
2.86242e-6
9.52073e-7
-2.21988e-7
-3.45365e-7
4.44611e-7
3.57906e-7
6.76544e-8
1.11505e-7
4.98484e-7
4.07013e-7
-4.50964e-8
7.341e-7
3.3927e-7
-3.14809e-6
-7.15997e-7
9.53221e-6
-1.15416e-5
-1.46056e-6
-8.22251e-7
-2.05153e-6
4.75455e-7
-1.31995e-6
-2.54437e-6
5.12047e-6
-0.000438333
0.000318462
0.000545265
-0.000230054
0.000230819
-0.000219074
-0.000115136
-2.10187e-5
5.25978e-5
-5.97142e-6
-2.76509e-5
1.6349e-5
3.78531e-6
-4.49981e-6
1.82225e-6
-1.4518e-6
-2.42503e-6
4.11091e-7
0.000103915
-3.63367e-5
0.000240871
-0.000108674
6.87731e-8
-5.29234e-8
2.33398e-8
-1.9999e-9
5.97474e-6
-2.53103e-6
-3.81956e-7
-1.88698e-6
2.52938e-8
7.47262e-9
-2.22501e-9
-1.10418e-8
-6.62134e-7
-9.78184e-7
3.08663e-7
1.76335e-7
-1.39959e-6
5.11954e-7
-5.0583e-8
4.39721e-7
-2.09059e-8
-6.93938e-7
-1.99077e-6
-4.23084e-7
2.18741e-7
5.54736e-7
1.50972e-6
-3.89158e-6
-4.13222e-6
-9.66164e-7
8.13844e-7
1.24647e-7
1.34894e-6
-6.41236e-6
-1.71345e-5
-2.83709e-7
3.84842e-6
-4.89265e-6
-1.42903e-6
1.39082e-6
1.95493e-6
-4.32947e-6
0.0005486
0.000246684
-0.000172474
-7.7355e-5
7.39415e-7
-1.58686e-6
-3.42626e-7
2.31958e-7
-0.00848321
-0.00454124
0.00368242
0.0016776
-4.75602e-8
-1.62912e-7
-4.47463e-8
5.83517e-7
0.0136728
-0.0292425
0.0165741
-0.0103014
-0.0154633
0.00664865
-0.0109996
5.57163e-9
-2.1831e-7
-1.27308e-7
3.33465e-7
-2.98639e-8
1.25621e-7
-5.79879e-8
1.63147e-7
2.30984e-7
-2.60725e-7
6.07941e-7
-3.39744e-7
0.000703909
-1.70162e-7
0.000199001
0.00143191
-0.000916297
0.000139818
2.42697e-7
-2.71998e-7
2.27778e-7
5.16823e-7
1.91711e-5
0.000181815
-1.67993e-5
-6.56127e-8
1.71665e-7
2.26185e-6
-2.92077e-5
5.23143e-8
1.40036e-7
1.5375e-5
-4.8676e-6
1.7005e-7
-1.18738e-7
1.18249e-6
-4.11388e-6
-5.24742e-7
3.72014e-7
7.99322e-7
-7.92556e-8
-2.05803e-7
4.70198e-7
2.00541e-7
2.44379e-6
-1.90188e-6
1.2313e-7
-1.36872e-6
-4.54432e-8
1.70545e-7
2.69799e-7
-2.22599e-7
3.14367e-7
-1.96162e-6
-1.09032e-6
-1.00268e-6
-4.6911e-7
4.95448e-6
3.43142e-7
-1.16245e-6
-3.76047e-7
5.11376e-6
2.4052e-6
-1.12141e-5
-1.13743e-8
-1.66297e-8
-2.16816e-7
-1.31476e-6
-6.72604e-7
1.17989e-7
-2.13683e-6
5.75705e-8
-2.22285e-7
2.47223e-8
-9.33864e-8
3.7106e-6
-1.4352e-6
-9.18232e-7
1.82533e-6
9.96325e-7
-4.84581e-6
8.6256e-7
-1.63186e-7
2.07405e-6
-3.89745e-8
-1.1951e-6
3.05818e-6
-9.71833e-7
-2.71439e-5
-9.44966e-6
2.84342e-5
1.94347e-5
-3.47054e-6
3.21095e-6
-4.46185e-7
6.0293e-7
8.21993e-7
5.84963e-6
2.99356e-6
-5.16186e-6
1.73619e-5
-1.57369e-5
2.66748e-5
-2.58874e-5
-0.000122473
0.00012085
8.56595e-5
-2.06122e-5
-1.00094e-5
4.21368e-6
-1.61435e-5
2.9652e-6
-1.81965e-6
2.5545e-6
1.03405e-5
-2.07308e-6
-3.84303e-6
-5.16218e-6
-1.02248e-6
2.62974e-6
-0.000152256
7.32983e-5
-0.000204139
8.90544e-5
0.00028547
-1.28804e-6
-2.12526e-7
-6.67413e-8
2.34641e-7
-1.47594e-7
1.00779e-5
-1.74107e-6
4.24308e-5
-1.48225e-5
4.29073e-8
-1.47146e-8
2.33209e-8
4.33071e-10
9.22216e-7
-3.19607e-7
1.275e-6
-4.83616e-7
4.47606e-9
2.49118e-8
8.93034e-9
-5.52548e-8
-2.09972e-7
-7.05134e-7
7.82625e-7
-2.84843e-7
-1.01854e-7
3.488e-7
3.96342e-6
-5.77304e-6
-3.19401e-7
5.51222e-6
1.43895e-5
-1.56263e-5
-8.96944e-7
1.05192e-5
1.5397e-5
-1.94889e-5
4.8833e-5
2.35646e-5
-1.5045e-5
-6.93506e-7
2.78566e-6
-3.69966e-6
1.23628e-6
-6.70959e-6
-0.00138621
-0.000539935
0.000451529
0.000151272
1.28647e-6
-5.14951e-6
-2.30221e-6
7.05599e-6
0.00537908
0.00556782
-0.00279989
-0.00243637
-7.06041e-7
2.15611e-6
1.08363e-6
-1.76259e-6
-9.34131e-7
0.0203135
-0.0220549
0.0117901
-0.0137888
-0.0319338
0.0252939
0.0300846
-0.0113371
1.25928e-7
5.22331e-7
1.92282e-8
-2.50793e-6
0.0411508
-0.0439323
-0.0326611
-1.38248e-6
5.71277e-6
-0.0458241
0.06072
0.0358796
1.03873e-6
-3.40623e-6
0.0680827
-0.0754223
-0.0384336
-8.67045e-7
9.75375e-7
-0.0226609
0.00108312
0.0158936
-1.65031e-6
5.96985e-6
0.00489209
0.0167838
-0.00364335
1.56954e-6
-2.88698e-6
-0.00281935
-0.00588567
2.77489e-6
-3.41343e-6
-0.00025985
-7.96868e-7
-2.75796e-6
-0.000378737
-6.86824e-7
3.11482e-6
0.000369702
-0.000111016
-2.41191e-7
1.6292e-7
2.37503e-5
-6.28961e-5
4.70444e-7
1.82461e-7
8.4918e-6
-1.89299e-6
1.4294e-6
-9.52144e-7
-3.75084e-8
-7.06398e-7
-3.48252e-6
2.18489e-6
-1.96016e-6
4.30974e-6
3.39589e-6
1.70066e-6
5.77476e-6
-8.91749e-6
2.65701e-6
1.85436e-7
5.08599e-6
-5.47372e-6
-2.02211e-5
3.01332e-7
7.26419e-7
-2.37252e-6
8.36542e-6
6.29922e-6
4.32353e-6
7.91779e-8
-9.35975e-8
-1.96904e-7
1.46723e-6
-1.42706e-6
-5.68058e-5
1.42521e-7
7.6042e-7
-2.5403e-5
8.35389e-7
-3.92444e-6
4.24422e-7
-5.46296e-8
6.07765e-5
-1.38293e-5
-3.73784e-6
1.6806e-5
1.66093e-5
-8.78771e-5
1.57876e-5
-2.51016e-6
-1.40667e-6
-1.13964e-5
-1.27513e-5
-3.2005e-6
2.49005e-5
-9.11101e-6
-2.75845e-5
2.89143e-5
-3.55402e-5
-3.12458e-5
8.99514e-5
2.39218e-5
-0.000316944
0.000227077
-5.73739e-5
-1.85652e-5
0.000133166
-0.000109545
4.71573e-5
0.000177911
-0.000150445
0.000124473
-7.43406e-5
-0.000154281
3.56243e-5
-3.05594e-5
1.00598e-5
-7.64559e-6
1.24217e-5
2.29791e-6
-1.10727e-6
1.66286e-5
-1.34057e-5
-5.95772e-6
1.43679e-5
3.73413e-6
-9.57522e-6
7.72438e-7
-2.74281e-6
-2.87079e-5
1.07511e-5
-5.44323e-5
1.49644e-5
8.474e-7
-1.50859e-7
2.39535e-7
-6.71497e-8
-2.92011e-7
8.54302e-7
4.62041e-6
-1.97546e-6
3.81366e-8
-4.65156e-8
-1.06215e-7
3.35891e-7
6.42852e-8
2.35669e-7
-5.72852e-7
2.15721e-7
-1.49362e-7
9.5799e-7
-5.19083e-7
-2.42805e-6
2.4994e-6
2.03522e-6
1.08198e-7
-9.62578e-8
1.24786e-7
-1.1212e-7
-4.11813e-6
1.67805e-5
1.95743e-7
8.19599e-9
1.07859e-8
-3.38012e-8
-1.03108e-5
4.25596e-5
4.59734e-7
5.26397e-8
-8.6334e-8
1.47048e-7
-1.83409e-5
2.58484e-5
3.5052e-6
-8.27536e-7
-8.21475e-8
-1.36111e-7
2.65847e-6
1.87496e-6
2.05469e-5
-4.70123e-5
-0.000125173
-3.66946e-5
2.82609e-5
8.31693e-6
1.56488e-5
-3.80253e-5
-1.87954e-5
4.3085e-5
0.00120167
0.000948065
-0.000498145
-0.000321559
-5.56965e-6
1.3799e-5
3.22373e-6
-9.10038e-6
-0.00503591
0.00731188
-0.00289372
0.00279808
0.00813287
-0.00455307
0.00170722
1.98233e-7
-1.56728e-6
2.34252e-6
-1.40557e-6
0.01112
-1.18668e-5
-0.0151746
6.18402e-6
-1.40351e-5
1.59958e-5
7.25882e-6
-2.80447e-6
0.0379477
-0.0478676
7.70973e-6
-3.75015e-6
-3.68406e-5
0.0168563
-0.0434292
1.00848e-5
-1.94121e-5
-0.0108991
0.027825
0.00352895
-1.30684e-5
1.80158e-5
-0.00198755
0.00751694
-0.00243044
-7.91357e-7
3.56107e-6
0.000432725
-0.000606749
-9.80874e-7
4.2343e-6
9.56662e-5
-2.82142e-5
-1.05546e-6
-6.68479e-8
9.87259e-6
-1.84915e-5
1.82357e-6
7.68302e-7
-1.69575e-5
1.39425e-5
7.10178e-6
-4.31244e-6
-6.37688e-6
-9.92076e-5
4.85772e-5
-1.21513e-5
7.51976e-6
-2.51293e-6
-1.22275e-5
-3.87284e-6
2.57336e-5
-6.93052e-6
1.31154e-5
2.7994e-6
9.62693e-6
-1.12555e-5
-1.23612e-5
-4.22477e-6
1.71462e-5
3.22997e-5
0.000189194
5.59971e-5
-0.000471592
8.47119e-7
1.23954e-5
-2.03176e-5
-0.000149329
-0.000117673
0.00071401
-4.51105e-7
-4.03969e-6
4.85716e-6
-0.00123791
0.000324447
0.000155962
-0.000596684
2.47297e-7
-1.0554e-6
5.62234e-7
1.45577e-6
0.000864127
-0.00026668
-6.03696e-5
0.000323431
1.52623e-5
-7.75138e-5
5.10399e-6
-1.22131e-6
-0.000509286
3.91175e-5
9.37109e-5
-0.000295773
-2.70114e-5
0.00088259
0.000351363
-0.00114491
0.000177385
-3.73086e-5
4.86224e-5
-0.000121271
4.53241e-5
0.000345989
-0.000348207
0.00025327
-0.000117787
-0.000120341
0.000391064
-0.00143774
0.00142659
5.43534e-6
-1.11465e-5
-2.51884e-6
-1.71348e-7
-5.72292e-7
1.27536e-5
-1.93599e-7
2.57548e-5
4.45205e-5
-2.29379e-5
1.03958e-5
-7.73225e-6
2.25112e-5
-1.27485e-5
-2.05692e-5
-2.7593e-5
2.27323e-5
-1.55433e-5
1.06209e-5
-9.71095e-6
-2.5561e-6
8.17041e-8
-2.51397e-6
-3.74465e-7
-7.41837e-6
4.07196e-7
2.83492e-7
-1.83127e-8
2.53656e-7
-2.51834e-7
-1.69061e-6
3.69244e-6
-2.37914e-6
1.99971e-6
-4.73229e-6
6.11511e-7
-1.66419e-6
2.3256e-6
-2.29376e-6
-1.24087e-6
1.48376e-6
4.06304e-6
-9.4971e-7
-3.67361e-6
-2.19199e-5
3.07457e-5
2.09017e-7
-2.75816e-5
-5.48667e-5
7.66616e-5
-1.57017e-8
-4.94319e-5
-9.36591e-5
9.97755e-5
-1.80577e-8
1.10871e-7
-4.82855e-6
8.30605e-5
-4.19512e-6
-2.56454e-6
1.80868e-6
-1.52455e-6
7.9435e-5
-0.000148419
-7.47235e-5
0.000170177
0.000178519
9.32539e-5
-5.5515e-5
-2.28495e-5
-2.88163e-5
5.92719e-5
1.45755e-5
-2.80565e-5
-0.0013328
-0.000475082
0.00055266
-0.000728166
0.000218017
4.6964e-6
-5.46239e-6
-4.90183e-6
0.00142079
3.88437e-6
2.53348e-5
-2.17986e-5
-1.72398e-5
-0.0178757
0.0400774
-0.0179414
-0.00360542
0.0237002
0.0171125
-0.0449658
0.0142306
2.17981e-5
-6.93506e-5
-6.1631e-5
6.01626e-5
-0.0194335
-0.0438519
0.0461924
7.03496e-5
-3.77072e-5
0.0055709
-0.0761079
-7.18532e-6
3.05857e-5
0.0487885
-0.0661433
-4.33645e-5
5.74259e-5
-3.60684e-5
-0.0303986
0.0274973
-1.87094e-5
1.91937e-5
0.00767648
-0.000999718
-0.000646462
9.78269e-7
1.87894e-6
0.000175458
-0.000476482
-1.32447e-5
7.59648e-6
4.6144e-5
-7.80441e-5
-3.09561e-6
-5.5799e-7
0.000108775
0.000533025
-0.000256635
8.41621e-6
-1.33321e-5
5.2544e-5
1.92103e-5
-1.22864e-5
-2.37359e-5
-2.40748e-5
-8.62156e-5
-1.49733e-5
-3.62379e-5
4.28405e-5
-0.000299433
-1.53559e-5
-4.04333e-5
3.9914e-5
0.00173959
-0.00260441
8.04877e-6
-6.1031e-5
5.79624e-5
0.00362124
0.00184906
-0.00517624
5.08959e-8
-1.90523e-6
-2.11067e-6
2.13147e-6
0.00671894
-0.00209779
-0.00093537
0.00316385
4.74614e-6
-1.25118e-5
3.798e-6
1.63171e-5
-0.0034933
0.00098191
0.000709392
-0.00151522
0.00039659
-0.00133923
-8.76572e-5
-2.57686e-5
0.000261824
-3.26001e-5
-0.000129209
0.000259396
-0.000287286
0.000544856
-0.00155903
-0.00197851
-0.00118594
0.00235043
0.000760821
-4.20074e-5
0.00316998
-0.00284382
0.00111614
0.00182916
-0.00134844
-1.78621e-5
2.32208e-5
1.98708e-5
-1.94799e-5
9.38225e-6
5.29516e-6
-2.71864e-5
-8.54694e-5
6.58722e-5
5.93053e-5
-2.4296e-5
-8.11521e-6
2.32385e-6
1.21291e-5
-3.59663e-6
-1.18745e-6
2.00533e-6
-1.16641e-6
9.57846e-6
-1.61576e-6
1.70639e-5
-2.9052e-5
5.91445e-6
-9.9329e-6
-1.68494e-6
8.39732e-7
2.16994e-7
2.48229e-6
-5.58377e-6
6.94966e-6
9.73571e-7
-1.56629e-7
-3.51931e-7
1.03957e-6
-2.50716e-7
1.25955e-6
-5.8727e-6
-4.83232e-6
2.24543e-6
-3.12973e-6
5.47006e-6
-3.40583e-6
4.43856e-6
-7.44687e-6
6.7279e-6
7.15942e-5
-6.55445e-5
-5.82013e-5
3.54827e-7
-1.10979e-6
9.84682e-7
-3.578e-7
9.44736e-5
-9.2749e-5
5.66282e-8
-1.32913e-7
1.15422e-7
-6.40346e-8
0.000123803
-0.000120676
6.05194e-8
-2.87001e-8
2.64546e-8
-8.84893e-8
-5.3889e-6
2.00243e-5
-0.000107415
0.000118522
-4.6017e-7
1.07346e-7
0.000186409
-0.000205315
1.40718e-5
5.19369e-6
-3.36031e-6
-4.6205e-6
2.02753e-5
-8.73202e-5
0.000112839
-4.29185e-5
3.39599e-5
-0.000206162
-6.19572e-5
3.02754e-5
9.99245e-5
-8.59836e-5
1.03473e-5
-3.67644e-6
-1.75627e-5
0.00019523
8.71307e-6
1.49479e-5
-5.91859e-6
0.00123252
-0.0092372
0.00336366
0.00918494
0.000799145
-0.0260682
-0.00199213
-3.83509e-5
0.000119569
8.55664e-5
-0.000188604
0.0415828
0.000138123
-0.0622391
-0.000101409
0.097948
3.71822e-5
0.257867
-0.199491
-3.47406e-5
8.74493e-6
-0.176419
0.0581971
0.0812949
5.37858e-5
-4.09244e-5
0.0265786
-0.0152093
-2.65119e-5
0.0870888
-0.043783
-2.00503e-5
5.61731e-5
-2.28609e-5
-0.0151031
0.0250616
-1.48114e-5
1.03589e-5
0.00462982
-0.003203
-0.00104898
0.000500397
-0.00178128
1.80503e-5
-1.38873e-5
1.5706e-5
-1.0065e-5
-0.00054185
0.00099536
-0.00029288
-9.46614e-6
1.07912e-5
9.95891e-5
3.91705e-5
-2.81806e-5
1.60045e-5
-2.74134e-5
-0.00030226
-1.32191e-5
3.05735e-5
-1.64736e-5
0.000154914
0.000341606
0.00018638
-0.00131828
4.20855e-5
-4.35189e-5
-0.000196597
0.00154084
0.00135509
-0.00336389
6.36805e-5
-4.44724e-5
-0.00638553
0.01053
0.00666583
-0.0121047
2.59388e-5
0.000241259
-0.000121774
0.0142779
-0.00773683
0.00919336
-2.76574e-5
-0.000298125
-0.0104908
-0.00410338
0.00865516
-2.4005e-5
1.6544e-5
6.33393e-5
-6.76617e-6
-0.00350554
0.0062007
0.00295202
-0.0045315
0.000171769
-0.000527351
-0.00018154
-6.72413e-6
-6.59442e-5
0.0010364
-0.000308548
5.94562e-5
-6.02359e-5
-0.000519652
0.0015032
0.00150398
-0.000374757
-0.00159064
0.00112847
-0.000743169
0.00321056
-0.00177092
0.000874306
-0.00342386
0.00343107
-0.00328813
0.00186617
-0.000691451
-6.82407e-5
-1.51357e-5
2.0883e-5
-2.61708e-5
2.74633e-5
-1.19637e-5
-6.26205e-6
2.26138e-5
-3.14055e-5
1.2275e-5
1.41622e-5
-8.7855e-6
2.52166e-6
1.57049e-5
-6.64202e-7
-3.91386e-6
-3.10949e-7
5.12279e-6
8.60861e-6
-1.73994e-5
-2.23121e-7
4.9069e-6
-1.39438e-5
1.27723e-5
-1.91334e-6
1.36504e-6
8.83191e-6
-1.42027e-5
1.16967e-5
-8.72281e-6
1.52167e-5
-2.75168e-6
2.30132e-5
-6.63871e-5
3.75409e-5
8.14839e-5
-8.85554e-6
6.36347e-6
-5.11652e-5
6.32983e-5
-6.73222e-7
1.85903e-7
-5.51893e-5
0.000151556
-8.30056e-8
9.52978e-8
-0.000107429
0.000152813
8.19296e-8
6.09123e-8
-4.2793e-5
-0.000118333
-5.17127e-8
1.25732e-7
-5.63213e-8
2.18819e-8
-0.000201337
0.000218572
0.000185721
-0.000213701
5.06115e-7
9.94706e-7
-8.49761e-5
-1.40153e-5
-3.19142e-5
-1.46433e-5
2.33614e-5
-0.000141565
-3.66348e-5
5.5458e-5
1.18138e-5
-3.59673e-5
-0.0018432
0.0010054
0.0071421
-0.0236647
-0.0010237
-5.43887e-5
0.000138794
-0.000281284
0.0461093
0.000358016
-0.0619972
-0.000265596
0.0751484
0.000156596
-0.0837951
-6.20548e-5
0.0876305
7.62169e-6
-0.0202794
1.73677e-5
-0.0172279
0.00285051
6.48091e-5
-4.80366e-5
-0.0120794
-0.0521262
-3.64112e-5
0.042328
-0.0206499
-7.39561e-7
6.17252e-6
-9.15561e-7
0.0059732
-2.33091e-6
-0.00382813
3.97215e-7
2.26636e-6
6.70568e-5
0.000158432
8.38684e-6
-6.2268e-6
-0.000104234
3.14476e-5
0.000612724
-5.50782e-6
1.69615e-6
0.000478407
0.00138258
-2.58476e-5
1.26192e-5
-0.00172314
0.00321129
-2.7551e-5
4.2403e-5
-0.000169698
0.000304539
-7.77743e-6
4.05775e-5
-0.0160163
0.0231798
-0.000192851
5.6502e-5
-0.0255473
-0.0150888
0.0265232
0.000122175
3.1335e-5
-0.000558216
0.000482357
-0.025031
0.0135442
-0.0166491
-1.93762e-5
0.000512906
0.0154416
-0.0073659
0.00662645
0.000158897
-0.000266876
-0.000621511
-0.00138965
9.57506e-5
-9.27079e-5
0.00013992
-0.00110747
0.000816761
-0.000899481
0.000455871
-0.000270987
-0.00352721
0.0064565
-0.00674781
0.00569567
-0.00367404
0.00181484
-0.00062814
0.000203564
-1.22887e-5
1.3588e-5
-5.96069e-6
-2.10836e-5
3.11508e-5
-2.69519e-5
1.1539e-5
6.74354e-6
-1.82899e-5
1.75071e-5
-2.34904e-6
-1.58629e-5
-2.0478e-5
2.79765e-5
5.79318e-6
-7.04336e-6
1.52948e-5
1.00596e-5
-1.39894e-5
1.93394e-5
4.31375e-6
3.0628e-7
2.23726e-6
-6.21581e-6
1.07089e-5
3.19779e-6
-4.05639e-6
-8.36676e-7
-1.21026e-5
1.90645e-5
-2.00599e-5
-1.685e-5
4.45666e-6
2.49607e-6
-1.4656e-5
1.16916e-7
-9.30307e-6
1.86523e-5
-1.60494e-5
1.37049e-5
-3.08799e-5
1.49253e-5
5.00389e-6
-1.02417e-5
-8.45535e-5
-0.000171126
0.000230284
1.06948e-6
-0.000169652
-0.000259289
0.000316283
-5.86908e-7
-3.52384e-7
7.51177e-5
0.000108104
2.16117e-7
-8.86583e-8
-0.000199781
0.000189387
-1.80329e-7
-3.3715e-8
-4.38229e-8
5.66064e-7
-7.24275e-7
0.000118395
-9.93567e-5
-2.94454e-5
0.000112472
3.72645e-6
2.91312e-6
1.50281e-6
-1.8511e-5
-2.55587e-5
6.87052e-5
-0.00015615
0.000160894
-0.000117386
-9.16329e-5
7.11743e-5
-0.00140264
0.000678328
-0.000582215
0.00404753
-0.0125034
-3.40008e-5
5.08169e-5
-0.0002591
0.0291584
0.000456065
-0.0474446
-0.000481654
0.0609284
0.000366099
-0.0617995
-0.000195997
0.049385
6.49895e-5
-0.0230505
-2.66387e-7
-0.0287908
-1.97495e-5
0.090426
2.96778e-5
0.0924733
-0.127428
5.50218e-5
-3.96874e-5
-0.0301197
0.0411745
-0.0272135
9.26503e-5
1.83856e-6
-1.04766e-5
7.2553e-6
-0.00876994
0.0324162
7.66684e-7
-6.58066e-7
0.00542791
-0.019656
0.0103217
0.00316335
-0.00509234
1.83985e-6
-7.14473e-7
2.90401e-7
-4.97655e-7
-0.00129187
0.000572397
-8.91987e-5
0.00141664
3.01605e-6
-6.92792e-7
-0.0115619
1.47654e-5
-6.98702e-6
0.000462673
-3.06862e-5
-0.0033656
-5.67606e-5
-5.32951e-5
3.91352e-5
0.0249085
-0.0468227
4.57107e-5
-0.00020186
0.000137222
0.0394013
-0.0371551
0.000269937
-0.000202476
0.0335181
0.0179434
-0.0267994
-0.000432163
0.000446547
0.000579874
-0.00049034
0.0185143
-0.0182504
-0.0106524
0.0108809
0.00023749
-0.000380334
-0.000835017
0.000741719
-0.000807051
0.000224178
-0.000968948
0.00319479
0.0016959
-0.00364101
0.000320978
3.95183e-5
-5.6782e-5
-0.000181723
-0.000198697
0.00114234
-0.000314385
0.00482636
-0.00856939
0.00988802
-0.00845442
0.00559451
-0.00284822
0.00109472
-0.000438189
0.000263658
1.76298e-5
-1.00095e-5
-2.32526e-5
1.96349e-5
-5.88877e-6
-9.57008e-6
1.71962e-5
-1.31017e-5
9.72274e-7
9.52107e-6
-1.49635e-5
-1.54494e-5
-8.2305e-6
1.41225e-5
-1.74548e-5
1.23669e-6
3.16116e-6
-3.31337e-5
5.13179e-5
4.26949e-6
1.22443e-5
1.81156e-5
-1.98226e-5
2.05577e-5
-2.14899e-5
2.352e-5
-1.59302e-5
-1.98702e-5
1.83252e-5
-9.93948e-7
3.62505e-5
2.71407e-5
-1.61377e-5
1.58885e-5
-1.60068e-5
-1.32829e-5
0.000107063
-9.31364e-5
9.57987e-5
-0.000143063
1.65239e-5
-2.59153e-5
1.76027e-5
-1.11088e-5
0.000180723
-0.000188976
4.44653e-6
-1.0397e-5
7.98489e-6
-3.82893e-6
-1.09312e-6
-0.000173839
0.000110461
4.25991e-5
-0.000127632
2.89222e-7
6.87835e-8
0.000158555
-0.000119127
-2.82479e-7
5.83575e-7
-2.03039e-6
2.33736e-5
9.4117e-5
-0.000191309
8.71222e-6
-2.4446e-5
9.40485e-5
0.000264713
-0.000317742
-0.000118361
0.000301267
0.000490718
-0.00276144
0.00863755
-3.74115e-5
0.000325987
-0.0207128
-0.000499656
0.0339653
0.000507241
-0.038995
-0.000351421
0.0293712
0.000147704
-0.00693937
-3.96323e-6
-0.0198681
-4.83518e-5
0.042961
4.42342e-5
-0.0473705
-2.63599e-5
0.0103752
1.35736e-5
-0.0115844
1.01003e-5
0.120663
-0.0973067
-1.40681e-7
2.27109e-7
-8.20557e-8
0.0431086
-0.0136666
0.00108851
-1.15362e-7
-3.24225e-8
8.79495e-8
0.00103878
0.00683634
-0.0217855
-3.63397e-6
9.4551e-7
0.0453327
0.022567
-0.0646436
-1.16827e-5
-3.93643e-6
-1.76987e-5
9.99012e-6
-0.0153649
0.0487045
0.0166577
-0.0300466
0.0141677
-0.0343804
6.85818e-6
3.52739e-6
-0.0860064
0.0997057
0.0626718
-0.0696903
0.000275227
0.000160276
-6.08441e-5
0.0433908
-0.04712
0.0412197
-0.000529851
0.000434271
-0.000433869
-0.0343781
0.0264036
-0.00100459
0.000768615
-0.0180745
0.012457
-0.00481029
0.0020125
-0.00142424
0.00122179
-0.0057275
0.011798
-0.00417826
0.00788543
-5.66685e-5
0.00345308
-0.0032021
-0.00143592
-0.00410695
0.00876674
-0.0107144
0.00941436
-0.00608509
0.00274383
-0.000664449
-2.47698e-5
-0.000111694
2.43365e-6
-7.46405e-7
-5.4538e-6
5.63805e-6
-1.20331e-5
1.37638e-5
-9.25538e-6
-1.66776e-6
1.30651e-5
-1.69782e-5
1.04403e-5
2.62955e-6
-1.69646e-5
2.79321e-5
5.72529e-5
-6.7284e-5
-4.85394e-5
4.16883e-5
-3.05386e-5
1.1142e-5
-1.23884e-5
1.42396e-5
-2.92378e-6
2.53964e-5
-4.23666e-5
-1.47219e-5
1.56595e-5
-1.61503e-5
5.71754e-5
-6.55494e-5
6.3034e-5
1.5568e-5
-1.38298e-5
-4.8768e-5
2.92356e-5
1.24599e-5
-1.37564e-5
1.22439e-5
-2.85426e-5
2.79884e-5
9.93289e-7
-1.07255e-5
9.18429e-6
-3.07935e-5
3.40116e-5
-8.48475e-6
6.33135e-6
6.73855e-7
7.28979e-6
-5.97201e-5
8.59923e-5
-6.47949e-7
1.17405e-7
-8.45378e-5
3.65558e-5
1.72862e-7
3.40658e-7
-1.52673e-6
4.73137e-5
-0.000147786
0.000255853
1.67469e-6
1.08089e-5
5.7468e-6
-0.000336801
0.000470134
-0.000357743
0.000538049
-0.000277582
0.000187999
-0.00162335
0.00230876
-0.000143306
0.000217108
9.45613e-5
-0.0056347
-0.000402091
0.010843
0.000492763
-0.0148848
-0.000398567
0.0100736
0.000189911
0.00842715
2.46941e-5
-0.0347957
-0.000144925
0.0546918
0.000151351
-0.0561981
-9.89135e-5
0.0337015
4.92968e-5
0.0116883
-1.9297e-5
0.070804
-0.0824544
-1.76429e-5
1.53418e-5
-0.0895511
0.0789694
-0.0843558
0.039752
-7.40841e-8
5.87322e-8
-1.89666e-6
-0.0131773
-0.00760216
0.0177386
-3.65672e-8
-9.27454e-9
-1.36287e-8
-0.0124966
-0.0100779
0.0421952
1.87626e-6
-2.71001e-7
-0.075605
0.10417
3.27168e-5
1.89548e-5
-6.63968e-6
-0.0899644
0.052815
0.0027677
8.81671e-5
-6.1144e-5
-0.0612885
0.0790022
-3.13096e-5
-6.49588e-5
-0.0558454
0.042968
-0.0343021
0.00082854
-0.000557047
0.000307504
0.0262699
-0.0186287
0.001443
-0.00116016
0.0114648
-0.00485878
-0.00233098
-0.00217172
0.00188028
-0.00166871
0.0127163
-0.0149397
-0.0126817
0.0213145
-0.00217036
0.00126182
0.00182877
-0.00264533
0.00226501
-0.00777485
0.00288229
0.00233831
-0.00642657
0.00825249
-0.00706207
0.00382112
-0.000593414
-0.00113191
0.00127733
-0.000283464
-0.00118309
-1.96124e-6
-1.44427e-6
6.73487e-6
3.96715e-6
-4.637e-6
7.8881e-7
6.92807e-6
-1.42803e-5
1.54209e-5
-8.16185e-6
-3.7956e-6
1.54395e-5
-2.94092e-5
4.03956e-5
-3.20882e-5
8.91436e-6
-1.3663e-5
1.42503e-5
-1.07068e-5
3.06151e-5
-5.68751e-5
7.18786e-5
9.45023e-6
-9.86689e-6
9.7307e-6
-9.48548e-5
0.000111739
-0.000118447
-8.95549e-6
8.18323e-6
0.000117992
-9.36321e-5
-9.74359e-6
1.31382e-5
-7.85652e-6
0.000153044
-0.000185397
0.000135245
6.70195e-6
-8.29843e-6
-8.44657e-5
5.71352e-5
1.51094e-5
-3.17183e-5
1.18345e-6
-7.99547e-5
6.34868e-5
-4.39383e-5
1.30077e-6
-3.52384e-7
2.1806e-5
1.86372e-5
-1.62828e-6
1.31513e-6
-1.07103e-6
-8.28905e-5
0.00016134
-0.000301302
-2.31562e-6
9.91714e-6
-4.91225e-5
0.00054056
-0.000606423
0.000383607
2.16839e-5
0.00160333
-0.000933374
-0.000182278
-0.000236188
0.00165306
0.000554882
-0.00297887
-0.000447855
0.000476984
0.000186998
0.0112241
7.86104e-5
-0.0347335
-0.000274884
0.062145
0.000342556
-0.0770783
-0.00028566
0.0660536
0.000169032
-0.0328302
-6.92322e-5
-0.0151243
2.1408e-5
0.0493038
-4.33989e-6
-0.0616406
0.0445117
-0.00338038
1.7813e-7
-7.75912e-7
2.23524e-6
-0.0246501
0.0383068
-0.0481799
1.28985e-7
1.7603e-9
-5.65452e-8
0.0383939
-0.00253563
-0.0499839
2.90073e-7
-3.18837e-7
0.0858142
-0.150422
-5.2827e-5
-1.02756e-5
1.26802e-6
0.116328
-0.0767901
0.0291312
-0.000249825
0.000131029
0.0389437
-0.0935049
-0.000374201
0.000294374
0.0584053
-0.0308319
0.0190841
-0.000992232
0.000602051
-1.85421e-5
-0.013209
0.00829291
-0.00165826
0.00132413
-0.00322122
-0.00333219
0.0136802
0.00233401
-0.00209896
0.00191463
-0.0194932
0.0170965
-0.0181787
-0.00123328
0.00174416
-0.00220489
0.004546
-0.00257299
-0.000305443
0.00264112
-0.00350367
0.0021894
0.000644324
-0.00316543
0.00378683
-0.00269749
0.00117234
0.000357472
7.55665e-7
1.02627e-6
-2.95708e-6
-6.06609e-7
3.49739e-6
-8.13339e-6
1.21563e-5
-1.18883e-5
5.70025e-6
3.59305e-6
-1.00016e-5
1.61126e-5
1.10054e-5
-9.45358e-6
6.67949e-6
1.49245e-6
-5.36655e-6
4.25115e-6
-5.4413e-5
8.41839e-5
-7.99226e-5
-4.48512e-6
5.59734e-6
-4.58502e-6
0.000109618
-0.000133308
0.000145436
4.06062e-6
-2.74329e-6
-0.000157655
0.000210711
4.12542e-6
-7.33735e-6
2.56585e-6
-0.000175114
0.00032586
-0.000193877
2.61294e-6
-1.99165e-6
0.000119233
-8.34904e-5
1.17917e-5
4.12353e-5
1.8161e-5
6.6293e-5
-2.60488e-5
3.61554e-6
-1.06943e-5
6.1659e-6
1.23356e-5
-3.02957e-5
3.78322e-6
-2.25302e-5
9.3951e-6
7.36921e-5
-9.27807e-5
0.00012857
-1.9664e-5
-7.10332e-6
2.50997e-5
-0.000181315
1.0109e-5
-0.000888745
1.06938e-5
0.000820779
-0.00216025
0.00112261
-0.00109926
0.00150816
-0.00117825
0.000389179
0.00623235
0.000118903
-0.0189548
-0.000375524
0.0412919
0.000493506
-0.0662112
-0.000488203
0.0784288
0.000376327
-0.0677145
-0.000228289
0.0332862
9.67407e-5
-0.000856769
-3.07261e-5
-0.00980489
0.0202011
-0.00965002
-0.0360096
1.45342e-7
2.20252e-7
-3.79194e-6
0.0663292
-0.0616343
0.0756335
-2.86111e-8
2.62996e-8
-2.71693e-8
-0.0717037
0.0354008
0.02168
-9.85993e-7
2.51473e-7
-0.0749564
0.085115
4.32986e-5
-7.36796e-6
3.30718e-6
-0.0858093
0.0298789
-0.0118337
0.000435905
-0.000177216
-0.0413027
0.0687055
0.000965238
-0.000685653
-0.0267343
0.00540689
-0.00144985
0.000567212
0.000163915
-0.0008592
0.00201957
-0.0013931
0.00148564
-0.00107659
-8.45247e-7
0.00204102
-0.00449195
-0.00243205
0.00188015
-0.00171167
-0.000495283
0.00395063
-0.000738507
0.00195812
-0.00801848
0.00611042
-0.0021968
0.00128369
-0.00122693
0.00253631
-0.00478507
0.00645254
-0.00627149
0.00382297
-0.00218537
0.000975102
-3.15562e-6
1.89835e-6
-3.56611e-6
-4.06949e-6
3.88727e-6
5.45246e-8
2.88249e-6
-5.12972e-6
6.75503e-6
-8.29712e-6
7.46795e-6
-3.54263e-6
-1.63533e-6
6.73644e-6
-8.56318e-6
3.84249e-6
-3.92109e-8
5.78268e-6
-3.00287e-6
2.47264e-6
-1.4376e-6
4.99798e-6
-3.30606e-5
5.14612e-5
-7.36999e-5
7.88248e-5
1.60868e-6
-2.835e-6
2.62316e-6
-7.97806e-5
0.000114158
-0.000125531
-2.63167e-6
2.0251e-6
0.000129279
-0.000132701
-8.64033e-7
-7.0708e-7
-0.000240214
0.000130412
5.33844e-6
-9.42135e-6
-8.97479e-6
-2.64321e-5
2.36005e-5
-3.16199e-5
-6.31725e-5
-1.36393e-6
7.57272e-5
-5.5105e-5
2.27294e-5
-1.68522e-5
4.01433e-5
-3.15452e-5
-2.54442e-5
2.9948e-5
1.52813e-5
4.21536e-5
1.75606e-5
-4.11344e-5
3.00841e-5
-2.53615e-5
6.76262e-5
-1.89484e-5
3.67106e-5
3.03959e-5
0.000193207
5.53395e-5
0.000119617
0.000315799
-0.000432327
-0.000460574
0.000411667
-0.00022984
0.00382598
-0.00442381
-0.00106713
0.00012223
0.00281759
9.13089e-5
-0.00799966
-0.000653492
0.0167225
0.00064176
-0.032956
-0.000581918
0.0499458
0.000481146
-0.0610832
-0.000356221
0.045742
0.000181936
-0.0215029
-5.40521e-5
0.00400763
1.03638e-5
0.00134113
0.00323851
0.00697171
-0.0332358
8.62671e-7
4.47227e-6
-3.20835e-7
1.08229e-6
-4.99372e-6
0.0452989
1.80994e-8
-0.0723513
0.0855024
-0.0684229
-9.04307e-8
2.14175e-8
-5.38046e-9
0.0899007
-0.0648156
0.00769307
-4.93369e-7
2.46207e-7
0.0521152
-0.0820841
0.0461218
4.65493e-7
1.16614e-7
0.0830624
-0.0831336
0.0403588
1.98446e-5
0.0390391
-0.0270851
-0.000817923
1.26891e-6
-0.0208417
0.0175663
-0.00985048
-0.000397315
7.89917e-5
-0.000103113
0.000123444
0.00350804
-0.00102073
-0.00107135
0.000768288
0.00059115
-0.00106407
0.00196495
0.0018033
-0.00131736
0.0010217
-0.000256334
-0.00226704
0.00149976
-0.00334498
0.00175982
0.0051854
-0.000102231
-0.00100291
0.000113009
0.000899545
-0.00148092
-0.00381155
0.00235764
-0.0044571
0.00417459
-0.00482593
0.00605051
-0.00717984
0.00551919
-0.00365861
0.00201218
-5.33315e-6
-5.8272e-6
1.18548e-5
7.78718e-6
-4.9652e-6
4.78789e-6
-3.78855e-6
1.64478e-6
1.31905e-6
-2.81637e-6
2.09857e-7
-4.46255e-7
-6.04721e-6
1.07763e-7
-1.08705e-5
5.70109e-6
2.32279e-5
3.68595e-5
-3.239e-5
-4.60567e-5
1.76399e-7
2.03698e-7
-7.08481e-5
5.97185e-5
8.18718e-5
-2.78432e-7
-1.92756e-7
-8.09622e-5
7.03567e-5
-2.10851e-6
5.42089e-8
1.07872e-6
-4.42748e-5
4.58538e-5
-1.05095e-5
-4.34031e-6
9.10853e-6
-8.82451e-6
8.04428e-6
2.04227e-5
-5.1689e-6
-2.12419e-5
3.5785e-5
-1.21016e-5
6.67467e-6
1.50325e-5
-2.89617e-6
-5.51208e-5
6.78072e-5
3.60557e-6
-6.20946e-7
-5.96965e-5
7.26545e-5
-4.25654e-6
-0.00012051
1.35093e-6
0.000244731
-0.000402119
8.29408e-6
-3.25245e-5
-3.9364e-5
-0.000405672
0.000515626
-0.00112148
0.000181482
-0.000125266
-0.00216843
0.000413584
-0.00194932
0.00629312
-0.00486778
-0.000381993
8.03134e-5
0.0102935
0.00154446
-0.0110343
-0.0007548
0.0205963
0.00047336
-0.0277569
-0.000313822
0.0321935
0.000196117
-0.0233742
-6.69343e-5
0.0106557
1.24887e-5
-0.00228651
0.0016133
-0.00644729
0.031098
-2.2155e-7
6.97348e-8
7.56255e-6
-0.0504788
0.0466051
-0.0774099
0.11089
-0.0916331
-1.06199e-8
-9.82686e-10
0.0809374
-0.0351701
2.07741e-8
-4.12958e-8
-0.0248761
0.0539699
-9.47193e-7
1.43108e-7
-0.0768522
0.0598914
-1.79283e-5
3.30277e-6
2.38318e-6
8.23313e-7
-0.0364987
0.022948
-3.94973e-5
2.49839e-5
1.98618e-5
-1.1863e-5
-0.0159763
0.02265
0.0144385
4.15135e-5
9.45247e-5
-4.48544e-5
-0.0054166
0.000733577
0.000275572
-0.000119359
-0.000372343
-0.000467722
0.000264268
-0.000519568
0.00060929
-0.00050863
0.000618426
-0.00259364
0.00555494
0.00185322
0.000100321
-0.000618639
0.000708624
-0.000809746
0.00237832
-0.00454945
0.00972027
-0.00509522
0.00425713
-0.00435438
0.00452382
-0.00371431
0.00222685
-0.000415624
0.000408833
-8.42358e-6
1.94713e-5
-6.14012e-6
-9.129e-6
8.11058e-6
2.68313e-6
-2.0428e-6
1.35687e-6
-1.25939e-7
-6.23913e-7
9.57967e-7
-4.44132e-7
1.82412e-6
-1.56162e-6
-8.14405e-7
-4.64692e-8
5.99677e-6
-3.34447e-6
9.97773e-7
-1.53012e-5
8.14503e-6
-1.53974e-5
1.87431e-5
1.89534e-5
-1.81533e-5
-3.73147e-7
5.23024e-8
-1.38505e-7
3.86877e-8
7.54722e-8
2.3831e-5
-4.04681e-5
-5.44341e-5
3.29516e-5
7.88626e-8
-4.43953e-8
4.60256e-5
-2.39311e-5
-3.47002e-5
-1.04763e-7
4.05027e-7
2.32161e-5
-2.85455e-6
1.17017e-6
-1.47921e-6
-4.19659e-7
6.07166e-7
8.7612e-6
-1.24875e-5
-9.07042e-7
9.22511e-8
2.49553e-5
-4.36277e-5
-9.3222e-8
5.60316e-5
-9.84287e-5
1.07496e-7
1.82978e-6
-4.00975e-5
9.29227e-5
-7.14524e-6
2.56594e-6
-2.55268e-6
-0.000317913
0.000506105
-0.000392813
0.000492952
-1.26113e-6
1.11665e-5
1.5996e-7
2.79655e-6
-2.10561e-5
0.000307697
-0.00073408
0.000958477
7.31929e-5
-0.000108346
-0.00213357
0.00339426
-0.000448392
0.000261936
3.84019e-5
-0.00206784
6.3267e-5
-0.00128687
0.00781273
-0.0107168
-0.00202904
0.00140372
0.00577165
0.000331233
-0.00942853
-0.000116125
0.012136
9.63446e-6
-0.01762
4.10531e-6
0.0122603
-1.49903e-5
0.000723649
-0.000352925
-0.00173752
0.00158388
0.0127113
-1.38842e-6
-6.93811e-6
4.0661e-7
3.50086e-6
1.47313e-5
-0.0229181
-1.92008e-7
0.0329264
-0.041337
0.0345863
0.0529433
3.25992e-8
1.54062e-7
-5.81685e-9
-1.30755e-8
-2.10522e-7
-0.096943
0.0851138
-0.0928823
-0.0588832
0.0543552
1.58105e-8
6.4375e-9
-1.624e-8
-6.55097e-9
-0.00889411
-0.0163478
1.09325e-7
-5.44548e-8
0.031531
-0.0201391
-1.0363e-6
-1.17127e-7
0.00845638
-0.00546682
-1.68954e-5
6.8159e-6
0.000809535
-0.00104307
-9.52003e-5
3.81616e-5
0.00102869
0.000134035
-0.000229868
0.000146046
-1.80941e-5
-2.20186e-5
-8.49905e-5
0.000323407
0.000346919
-0.00020464
0.000105236
-0.000191363
-1.5793e-5
8.9202e-5
-0.000546644
0.000692383
0.00165621
-0.000309325
-0.000412975
0.000262914
-0.00025886
-0.00378039
-0.00906608
0.00905111
0.00165968
0.00203796
-3.40946e-5
0.000124496
-0.000265676
0.000430889
0.00774659
-0.0118025
0.00211685
-0.00099055
0.00111762
-0.0019895
0.00180211
0.000202172
-0.000252935
-6.41141e-6
1.71695e-5
1.3696e-6
-6.91682e-7
1.87114e-6
-1.7369e-6
-9.06525e-7
-2.634e-7
1.5886e-7
3.62695e-7
2.57461e-7
-2.31761e-7
-1.89179e-7
5.77786e-6
-6.43616e-6
-7.81538e-6
1.92172e-6
-3.99731e-6
-5.57062e-6
2.97596e-6
5.81467e-6
-9.88697e-9
-1.51709e-7
1.35479e-5
-6.01901e-6
-1.29048e-5
-2.09153e-8
5.93002e-8
3.38463e-9
2.58549e-8
9.33013e-6
1.71234e-5
-6.12705e-6
-2.78558e-7
-6.07216e-8
-1.34978e-5
3.89055e-6
7.99422e-8
-1.91607e-7
-2.67042e-6
3.7627e-7
2.92737e-6
-3.95284e-6
-7.19729e-6
1.47688e-7
9.44186e-6
-9.74805e-6
-1.08846e-5
2.56456e-5
7.83547e-8
-2.74784e-7
9.20234e-6
-1.38283e-5
1.05416e-6
-4.83448e-7
4.58377e-7
8.27285e-6
9.63845e-6
3.8445e-7
-5.38212e-5
-1.34489e-7
5.42774e-5
-5.05586e-6
4.09732e-6
0.000135952
-2.80407e-7
0.000142058
-0.000827348
0.000624332
-0.000110853
0.000120376
-0.000363863
0.00271099
-8.77266e-5
0.000166424
-0.000311576
-0.00345514
0.00186948
-0.000614637
0.000677097
-0.00554021
0.00808615
-0.000224514
0.000181409
-0.00531691
0.000164384
-0.00444597
0.00899658
-0.00530752
-0.000757055
0.000368907
0.0033769
-9.77906e-6
-2.48927e-5
-1.00536e-7
2.53187e-5
7.3452e-5
-0.00694093
-1.37154e-6
0.00739613
-0.0125555
0.0181485
-0.026176
0.0444025
1.81919e-7
6.65293e-7
-0.0507649
0.0429997
1.86139e-8
3.40564e-8
-0.0312616
0.0287243
0.0124147
-0.00663381
-1.74309e-8
1.87887e-8
1.83556e-8
-5.92993e-9
0.00393699
-0.00520547
0.00184043
5.23176e-8
0.0078969
-0.00627915
0.00539063
-4.70351e-7
0.00105675
-0.000436361
0.00106442
-2.51791e-6
-0.000331615
0.000178829
-1.26072e-5
-0.000127429
-2.98201e-5
-6.27474e-5
-3.9179e-5
1.62518e-5
6.89783e-6
1.44302e-5
1.8296e-5
7.61409e-5
6.21135e-5
0.000230115
-6.16173e-5
4.00898e-5
-0.000109939
0.00421041
-0.0038549
-0.0093534
0.00637414
0.0012126
-0.00435921
-7.87624e-5
0.000200833
-0.000216208
0.000184352
-7.21493e-5
0.00011127
0.00333166
0.00260975
-0.00267527
0.00141648
0.000825342
0.000244703
-0.000517641
2.23802e-6
6.93958e-7
-2.00739e-6
-4.34217e-7
4.97945e-7
1.9556e-7
-4.2857e-8
9.56792e-9
-4.96779e-8
1.63639e-6
-1.23603e-7
1.63298e-6
3.0225e-6
-2.28562e-6
-9.41395e-7
2.94402e-7
-5.89279e-8
5.64156e-7
-9.98776e-7
-3.29875e-7
1.55905e-7
-2.12907e-6
4.77594e-7
5.04525e-8
-4.67329e-9
2.23137e-8
-5.27012e-7
2.00884e-6
-5.24527e-7
4.58471e-6
-1.35599e-6
-8.37279e-9
-9.8395e-9
-2.88469e-6
6.58443e-7
1.53807e-6
5.01092e-8
2.07681e-8
-3.75642e-8
-3.35091e-7
1.86295e-6
-8.7551e-7
1.5512e-8
-4.21141e-7
-5.67169e-7
3.39322e-7
-1.40702e-8
3.15339e-8
-6.28113e-7
5.15441e-7
-4.84267e-8
3.13429e-11
7.27987e-9
2.01926e-8
-2.56465e-6
3.41971e-6
4.02691e-8
-2.96045e-8
-2.0554e-7
4.40132e-8
-3.62004e-6
6.83485e-6
-7.89966e-8
-4.29754e-6
-6.01952e-6
8.19603e-8
4.58766e-8
3.00554e-6
-1.7639e-6
-7.55941e-7
1.74651e-7
-1.27005e-5
-2.68454e-5
-6.51038e-7
2.5675e-6
1.45843e-5
-5.42897e-5
-2.90269e-5
9.61073e-6
0.000251862
-3.10789e-5
-9.376e-5
-0.000186835
0.000200068
-4.30081e-5
3.086e-5
-0.000534341
0.00193363
0.000438429
-0.000170979
-0.000272665
-0.00179765
0.000606483
-0.000337085
-6.87039e-6
-3.61542e-5
0.00237453
-0.00251205
-0.000395877
0.00287837
0.00108711
-0.000355494
-0.000622841
0.00136789
0.000119899
0.000147607
-0.000117366
-7.93492e-5
5.83371e-5
-0.000191768
-0.000335521
0.00085735
-1.07162e-5
-0.00177281
-6.35755e-7
0.000851742
-0.00175691
0.00313797
-0.00845143
-0.00466932
0.0118527
-7.97052e-7
-1.53466e-6
2.57308e-6
4.35473e-6
-0.0123014
0.026725
0.0104117
-0.02351
-7.58339e-8
-7.70467e-8
2.4903e-7
6.23341e-8
0.0179999
-0.00359059
-6.59636e-9
-2.08569e-8
-0.00331006
0.00168871
4.10184e-8
-2.04477e-8
1.79536e-9
-3.04618e-9
-0.00284111
0.001262
3.98889e-7
-3.39316e-8
-9.09708e-8
-1.24439e-8
0.000659684
-1.42439e-5
1.08855e-6
7.47126e-8
2.97556e-7
-8.23624e-8
0.000140609
-0.000114045
-7.34115e-5
-5.85214e-6
-4.62861e-6
2.04608e-6
1.73421e-5
-1.67898e-6
2.67646e-6
5.36881e-6
-2.8801e-5
-8.01348e-6
-2.46713e-5
6.93381e-6
-1.37437e-6
1.0847e-5
7.04078e-5
0.000345521
-0.00106197
-0.00104895
9.27436e-6
2.74348e-5
1.06373e-5
-1.27842e-5
0.00192188
-0.00312653
0.000527619
0.000288107
-0.000210855
-0.000545041
-0.000935543
-0.00439177
0.000536692
-0.00162069
0.000891603
-0.000281709
-0.000475173
0.00030468
1.63258e-5
-7.96124e-6
0.00395398
-0.00309627
-5.46145e-8
4.68739e-8
-6.33668e-8
-5.23435e-7
-3.66259e-8
-6.88173e-7
1.04293e-6
-4.00867e-8
1.99199e-7
-7.30553e-9
-6.77553e-9
1.58636e-8
8.15084e-9
-2.89195e-9
-3.05874e-7
1.33652e-7
2.16766e-7
-1.43316e-7
7.0426e-9
9.05418e-8
-1.2565e-8
7.7105e-8
-1.60903e-7
1.30217e-7
-2.20544e-8
2.8469e-7
-3.38398e-8
3.70964e-9
-6.33948e-10
2.32321e-9
-2.41789e-8
-7.82463e-8
-1.29983e-8
-1.97584e-7
-1.45333e-8
-2.86978e-9
-5.16044e-10
-6.44523e-8
2.65673e-8
2.4367e-8
-5.41367e-8
3.20568e-7
6.66764e-8
-1.88879e-7
2.18923e-7
8.68376e-7
-3.68776e-9
-9.6521e-7
1.16828e-6
7.31782e-7
2.69438e-9
-1.25762e-6
1.38774e-6
5.57149e-7
-2.58303e-6
-8.41074e-9
1.33885e-8
-5.90668e-7
9.6512e-7
-5.03542e-8
8.67274e-9
-1.18646e-6
3.95845e-7
-4.10026e-8
2.5983e-7
8.45722e-7
-2.99043e-6
-1.65189e-6
4.3985e-7
5.37352e-6
-7.82294e-6
-1.51014e-6
1.30162e-6
1.60088e-7
-3.69007e-6
1.19061e-5
-4.44926e-7
7.0704e-5
8.47454e-6
-1.13843e-5
7.38168e-5
7.71637e-5
0.000100251
0.000187115
-3.52116e-5
2.37528e-5
-1.64008e-5
0.000631423
-0.000564226
-5.7621e-5
-2.20146e-5
0.000381254
-0.000501016
0.000364916
0.00041637
-0.00110762
0.000352003
-0.000302783
-0.00013191
0.000197025
0.000110745
-9.8437e-5
0.000188003
-0.000361054
0.000166869
0.000355041
-0.00120014
-0.00054079
0.00168549
-7.23863e-6
-7.16987e-6
1.65792e-5
1.15273e-5
-0.0016212
0.00478884
0.00128244
-0.00396745
-6.2956e-7
3.42281e-7
1.19271e-6
-2.15828e-6
0.00224801
-0.00628083
-0.0003125
-0.000723521
2.7275e-8
1.13688e-7
-1.32173e-7
-4.28738e-7
0.00188373
-0.00177181
0.00194102
5.07982e-9
-0.000429881
0.000305593
4.39994e-5
3.75897e-9
-0.000480954
0.000398553
-0.000592624
4.09856e-8
8.05145e-5
-3.26518e-5
-1.27149e-5
-3.28091e-7
9.45736e-6
-9.03257e-7
-5.75291e-6
-3.8782e-7
-2.39474e-7
-2.43052e-7
-3.16502e-7
6.97581e-7
7.32849e-6
1.79793e-5
-5.93193e-5
-6.19353e-5
-1.42289e-6
-2.93528e-6
3.15389e-6
-1.50773e-6
7.9614e-5
8.18348e-5
0.000164168
-0.000593487
-4.96492e-5
8.89876e-5
7.64268e-5
-3.04684e-5
0.000639557
-0.00083774
0.00208419
0.00684981
-0.00604645
0.00382462
-0.00525692
-0.00324242
0.00348198
0.00233663
-0.00146334
-0.00051434
0.000375252
-0.000187846
-3.78282e-7
9.52484e-8
4.35978e-7
-2.72826e-8
-2.39834e-8
1.17759e-8
2.06525e-9
-4.14239e-9
7.26464e-10
-3.48862e-8
-6.3838e-9
-2.60404e-8
-3.31875e-8
5.40629e-10
-7.03823e-9
7.81376e-8
-1.86506e-7
1.5995e-7
2.10117e-8
9.98534e-9
-5.28922e-10
-7.43471e-9
4.92781e-9
4.93398e-9
-1.06584e-9
4.22263e-9
-7.17275e-9
1.02647e-8
-2.31465e-9
1.67399e-8
-3.64339e-9
-3.33106e-9
1.76719e-9
-1.20487e-9
-2.02702e-9
-2.33738e-9
1.13259e-7
-2.49808e-8
-1.12257e-8
5.6836e-8
-4.0776e-8
1.01794e-8
-2.62078e-8
1.05032e-8
1.27767e-8
4.78843e-8
8.17373e-9
-2.0746e-9
-2.75176e-9
-1.81968e-9
2.69754e-7
-4.02695e-7
4.6785e-11
5.74425e-10
-3.10923e-9
5.17877e-10
4.62607e-7
-6.03468e-7
6.46046e-9
-1.56602e-9
-4.05037e-9
3.17132e-7
-3.84043e-7
-1.77147e-9
1.61191e-8
-1.10322e-7
2.1237e-8
-9.27299e-8
1.94757e-8
1.19994e-7
7.2525e-8
-6.00937e-8
8.79389e-8
-2.60969e-8
-1.55094e-7
3.06194e-7
8.138e-9
1.01568e-6
-3.54537e-6
-7.0323e-7
5.33988e-6
4.10416e-7
-3.4133e-6
1.68008e-5
-3.56992e-5
3.2222e-5
-1.2738e-5
-6.57517e-6
-8.1392e-7
3.0516e-5
-3.78049e-5
-2.20217e-5
2.7834e-5
-2.20071e-5
3.34958e-5
-0.000123492
1.74962e-5
-6.85887e-5
-6.63245e-5
2.65772e-5
9.65511e-5
-0.000199212
2.61619e-5
-9.70937e-6
-9.282e-6
-3.58365e-5
5.75216e-5
-7.52098e-5
7.13642e-5
-4.59537e-5
0.000180973
-0.000117053
0.000470941
7.45355e-5
-0.000345369
-1.34427e-6
7.90061e-6
-1.01129e-6
-2.18524e-5
0.000166887
-0.000682507
-0.00010305
0.000236395
5.20261e-7
1.30307e-6
-1.71734e-6
-3.28413e-6
-0.0008202
0.000374571
-1.11837e-9
-3.25829e-8
4.39748e-8
1.35114e-7
0.000437428
-0.000141295
-1.32728e-9
-1.50728e-8
3.00746e-9
2.22838e-8
0.000168752
-4.84427e-5
3.29233e-8
-2.40097e-8
-2.10653e-8
2.44304e-8
-0.000105307
2.03572e-5
6.11043e-8
3.80749e-8
-4.00553e-8
5.81169e-8
4.15511e-6
-2.05762e-6
-2.2575e-7
4.0366e-7
7.41028e-7
8.70897e-7
-3.66801e-6
-3.83422e-6
1.95432e-6
-5.31754e-6
-2.95104e-6
9.03564e-7
9.38282e-6
2.31721e-6
-1.11432e-5
-3.49635e-5
1.74328e-5
-5.73038e-5
2.47492e-6
-4.64519e-6
9.10204e-5
2.17281e-5
-0.000103949
-4.73463e-5
4.43969e-5
0.000417696
-8.51767e-6
-0.000207134
0.000272955
-9.88201e-5
0.000281615
-0.000169613
-0.00119548
0.00314815
-0.00286272
0.00256847
-0.00221085
0.0014011
2.54978e-8
1.51973e-9
-2.94774e-9
1.34128e-9
-1.00447e-9
7.51658e-9
1.13332e-8
1.9823e-9
-1.35567e-8
4.07631e-9
-6.25671e-8
-1.25519e-9
-6.17102e-9
7.37886e-10
1.80744e-11
1.66701e-10
-6.23138e-10
-4.48495e-9
8.22437e-9
-3.61726e-9
-8.11449e-9
-3.05558e-9
9.38194e-10
9.12101e-10
-6.62207e-10
2.80672e-9
7.43425e-9
1.03694e-10
4.26533e-10
-5.45748e-10
5.56735e-10
-4.48956e-10
3.65399e-9
5.17142e-10
-3.0385e-10
1.36806e-9
-2.94424e-10
5.33453e-9
-1.02295e-9
-1.52872e-8
-7.99853e-10
-3.4745e-10
-2.64255e-10
3.38033e-9
2.08691e-8
-1.13529e-7
-2.32171e-9
9.47576e-8
-1.00689e-7
-7.36319e-8
3.76653e-10
1.53665e-7
-1.57084e-7
-5.66008e-8
2.06452e-7
-3.23504e-10
1.50008e-9
5.26738e-8
-8.24705e-8
-5.12217e-9
6.87713e-10
5.33943e-8
-2.5397e-8
-1.88814e-9
2.56169e-9
-1.96314e-8
8.78561e-9
4.87087e-9
1.6783e-9
4.39603e-8
-1.44384e-7
-2.59206e-8
1.86861e-7
2.43663e-8
-1.46082e-7
-1.47403e-7
-2.11357e-7
1.51586e-6
-2.98554e-6
-1.47985e-6
8.94638e-6
-2.90562e-5
-3.04146e-7
-1.07859e-6
-4.33542e-6
1.12334e-5
-0.000131702
9.2161e-5
-6.98691e-5
3.63596e-5
2.20749e-6
-1.05031e-5
-0.000168888
8.57919e-5
0.000315613
-5.56533e-6
2.93906e-5
0.000166147
-5.71004e-5
-0.000281323
-5.67394e-6
7.31714e-6
-0.000121137
-9.6391e-6
0.000227833
-3.24365e-7
1.0079e-5
6.03676e-5
8.34194e-5
-0.000158528
-9.12157e-6
2.63863e-5
5.14149e-5
-0.000104752
-1.00443e-5
2.27979e-5
-2.28467e-5
4.17679e-6
1.68295e-5
2.65338e-7
-1.02172e-5
1.00775e-5
4.273e-5
-3.29329e-5
-0.000110723
4.77097e-6
-3.1921e-5
-1.6628e-5
4.45293e-5
4.83342e-6
6.87316e-6
-1.17341e-5
-1.15896e-5
-0.000125553
0.000296695
6.02788e-5
-3.58562e-5
-1.81724e-7
-4.66973e-7
4.91687e-7
1.5164e-6
-0.000150522
0.000180777
-0.000258822
-5.37256e-8
9.58519e-5
-2.3732e-5
-3.14499e-6
-2.70759e-8
2.19846e-5
-1.4472e-5
3.44538e-5
-6.09e-8
-8.73103e-6
9.52803e-7
1.52871e-6
-7.0592e-7
-1.01342e-6
3.82526e-6
-2.3818e-8
-2.02027e-7
8.46433e-7
2.52845e-7
-1.89279e-6
2.26405e-6
1.15344e-5
-2.07056e-5
-1.69754e-5
7.57515e-6
1.92665e-5
-6.90717e-5
1.75026e-5
-0.000131297
0.00014431
-0.000308326
-5.76971e-5
1.25431e-5
7.53357e-5
0.000114778
-0.00129975
0.000971304
0.000245101
-0.000234067
-0.00120213
-8.25001e-5
0.00145797
8.65569e-5
-0.00142106
0.000167465
0.00112297
-0.000389037
-0.000229199
-0.000760987
0.000784994
-0.000635695
2.75334e-8
-2.00157e-9
-8.60166e-9
1.20603e-9
2.07137e-9
-1.61648e-10
-1.14447e-10
-3.24356e-11
-5.42189e-11
1.84498e-9
-4.07467e-10
1.02941e-9
1.64628e-9
1.9142e-9
-8.17931e-10
-6.24546e-9
-1.65998e-9
1.17834e-9
-5.73744e-10
6.85004e-11
-3.08317e-10
-1.99407e-10
-3.04851e-11
4.48227e-11
7.95968e-11
1.26262e-10
-2.38382e-10
-1.70378e-11
4.78351e-11
-5.26008e-11
8.22773e-11
2.10664e-9
-8.68391e-10
-8.2024e-11
3.15761e-10
-9.53529e-11
-1.05284e-9
-4.61853e-10
9.55407e-9
-3.94759e-8
8.51203e-10
-9.95821e-11
5.54513e-10
2.75095e-8
-2.88348e-8
-3.49469e-8
-1.99114e-10
-2.3521e-11
-1.33618e-10
5.03605e-8
-6.13456e-8
8.53129e-9
2.41778e-10
-7.27208e-11
-3.3637e-10
1.97969e-8
-2.12993e-8
3.90045e-9
1.81817e-8
1.89352e-11
4.85802e-11
1.51282e-9
-3.56474e-9
1.8926e-10
-9.98402e-11
9.83992e-9
-1.61859e-8
-1.3478e-9
7.43997e-9
2.18173e-9
7.08394e-9
-4.24575e-8
2.34107e-8
1.42728e-8
4.86872e-8
-3.82984e-7
1.77093e-7
1.35782e-6
5.90911e-7
7.06976e-6
-1.3479e-6
-1.3888e-7
-9.9485e-8
-1.80602e-6
2.7945e-6
2.4935e-7
1.05397e-6
-2.16957e-5
-1.07519e-7
7.39168e-7
2.28786e-6
9.8611e-8
4.13108e-6
2.59295e-6
-3.12676e-7
-2.25103e-8
-1.00564e-6
2.96918e-6
-0.000123403
-0.000148372
0.000146258
8.16726e-5
0.000164417
0.000199884
-6.46783e-7
7.7931e-7
-1.57016e-6
-1.48482e-6
5.72342e-6
2.47595e-5
1.445e-5
-4.26755e-5
-8.91782e-6
-1.40527e-5
3.63536e-5
5.28261e-6
4.52341e-6
-1.22966e-6
-4.35527e-6
2.23529e-6
1.14012e-5
-2.84912e-5
3.64827e-5
-5.3534e-6
-5.54276e-8
3.31168e-7
-8.07989e-7
-7.52544e-5
7.58283e-5
-9.31687e-5
-1.64769e-7
3.55964e-7
-3.81701e-7
2.44153e-5
-2.96416e-6
1.93779e-6
-2.59323e-7
7.40203e-7
-7.11244e-7
4.18779e-6
-2.05962e-6
3.5168e-6
-2.66971e-6
1.3873e-6
-1.55762e-6
-5.06397e-7
4.09283e-7
4.24566e-7
-2.68856e-6
-9.22208e-6
2.27878e-5
3.66943e-6
-3.15328e-6
-3.38456e-7
4.88863e-5
-3.41972e-5
0.000171235
3.12041e-5
-4.46773e-5
-3.94799e-5
3.10552e-5
0.000278375
-0.000263352
-0.00018332
0.000285519
-0.000100925
0.00323454
-0.000782276
0.000939897
0.000393503
-0.000287922
0.000591461
0.000148502
-0.00205868
0.00134959
-0.00102374
0.00100444
-0.0010994
0.00106074
-1.00674e-9
-9.95079e-11
7.81117e-11
1.54837e-11
5.18588e-11
-2.31511e-10
-7.33295e-10
1.73891e-9
3.30038e-9
-1.7406e-10
3.04898e-10
-1.26367e-9
2.41183e-10
-4.40757e-11
-1.46243e-11
-1.58273e-11
9.25605e-12
2.73665e-10
-6.53986e-11
1.47529e-10
-4.85308e-11
6.35679e-11
2.21572e-10
-8.02077e-11
-4.0193e-10
7.00065e-11
-2.70973e-10
-4.49498e-11
-4.69937e-13
-6.90549e-12
-2.26929e-11
2.81863e-10
5.66409e-11
3.10567e-11
3.46658e-11
1.34417e-11
-2.91232e-12
9.12014e-12
2.10321e-11
-1.62011e-10
3.40149e-9
-1.2254e-8
9.84113e-11
-4.55716e-11
-1.81561e-10
6.80019e-9
-7.03467e-9
-1.1725e-8
1.02898e-11
4.69382e-11
6.47271e-11
1.50509e-8
-2.05169e-8
6.21317e-9
1.98043e-11
-2.34802e-11
-2.28575e-11
5.58722e-9
-8.54492e-9
4.63063e-9
2.52903e-11
8.07814e-12
-5.76958e-11
1.6185e-11
-6.32532e-10
3.85008e-10
1.04776e-9
-3.44363e-9
1.89254e-10
1.58387e-9
-3.20868e-9
-4.00395e-10
1.71912e-10
-3.57181e-9
2.40067e-11
-2.31915e-8
-7.54054e-9
-1.28831e-7
2.76301e-8
-3.71759e-7
1.01832e-7
-4.43498e-9
3.36561e-9
-2.58174e-7
1.15236e-7
5.48332e-8
5.26993e-8
-2.35415e-7
6.4595e-7
1.38005e-5
6.93433e-8
-1.40564e-7
2.59346e-5
-7.37878e-6
6.49498e-9
-4.74984e-8
-2.31232e-5
-1.83373e-5
1.40122e-7
-6.52944e-7
9.52837e-5
-3.67992e-5
1.6401e-7
-2.56933e-7
-0.000186601
0.000123506
2.01351e-8
-4.42325e-7
0.000227845
-0.000190804
6.04914e-7
-1.74618e-6
-0.000219235
-1.30946e-7
-1.09789e-7
3.36688e-7
-1.02212e-8
1.02679e-8
-2.42848e-7
-6.43973e-5
4.24326e-5
-1.2124e-5
5.7237e-5
7.00563e-5
-8.85594e-5
9.83904e-8
3.66044e-7
5.00411e-7
-1.86634e-6
3.77649e-6
1.89355e-6
-1.60847e-6
-3.18585e-5
6.0277e-5
-3.48394e-6
4.24584e-6
2.63475e-6
1.39821e-7
2.44577e-6
-5.56314e-6
-1.60313e-5
1.67705e-5
-1.59792e-6
-8.68871e-8
1.1246e-6
-1.96662e-6
-3.1352e-5
2.89774e-5
-3.48554e-5
-1.40853e-7
1.77051e-6
-2.0003e-6
7.31628e-6
-2.11118e-6
4.84465e-7
-4.71012e-8
3.74401e-6
-3.76476e-6
-1.0314e-7
-3.66998e-6
2.45551e-6
-7.41452e-7
7.80489e-6
-8.63173e-6
7.66597e-6
-3.45539e-6
-9.78395e-6
6.50778e-5
-8.81249e-5
6.69707e-6
-4.68958e-5
4.66902e-5
-2.16454e-5
-0.000232049
0.000224631
8.5811e-5
-0.000731249
0.000635928
-0.00314
-6.79828e-5
0.000147168
0.00020215
-0.000160803
7.70153e-5
9.8821e-5
-0.0068561
0.0102935
-0.00240787
0.00338817
0.00131237
-0.00185566
-0.00109588
0.00148613
0.00103369
-0.00143734
-0.000850927
0.00138988
0.000673973
-0.00123561
-0.000476016
3.66051e-10
-2.28636e-10
1.48334e-11
1.38186e-11
6.0579e-12
1.82643e-12
-5.36992e-11
-6.22809e-11
4.40034e-11
1.82039e-10
1.38016e-11
-6.3776e-11
6.41486e-12
1.93952e-11
-5.60983e-12
-3.30348e-13
-3.67106e-12
-3.5152e-12
1.38609e-11
3.22306e-11
-3.6656e-12
-9.64642e-12
3.75696e-14
1.19014e-11
-5.6228e-12
-5.89011e-11
-7.08348e-12
4.09253e-12
7.12052e-12
-3.80302e-12
2.92755e-14
-3.4113e-12
-1.25588e-12
-3.10643e-12
2.92395e-11
3.15388e-10
-2.89772e-9
-6.60108e-12
-2.4535e-11
-6.18125e-12
2.18753e-12
1.64218e-11
-3.07553e-11
1.53386e-9
-1.16345e-9
-3.80916e-9
-1.18748e-11
1.29067e-11
3.66591e-13
3.67144e-9
-6.0738e-9
2.85547e-9
3.08688e-12
-6.26875e-12
7.46657e-12
1.15923e-9
-2.53698e-9
2.32305e-9
-1.47915e-11
-3.20046e-11
-4.80239e-11
-2.88151e-10
-5.8355e-10
5.53312e-10
-3.62289e-10
1.58082e-10
2.21184e-11
1.20064e-10
-5.96638e-10
1.09051e-10
-1.39489e-10
-1.95733e-10
-4.53579e-10
4.301e-10
-4.7502e-10
1.64938e-9
6.4376e-9
-2.81668e-9
2.86308e-8
-1.88239e-8
4.27571e-8
4.71734e-10
7.56133e-10
-7.34741e-10
2.40529e-9
-1.74567e-8
-3.79808e-7
-1.51421e-6
1.33012e-8
-3.1096e-8
-8.62826e-6
4.24847e-6
-2.34087e-9
1.55401e-5
-4.21653e-6
3.89956e-10
-2.24049e-9
7.1399e-9
-2.74991e-8
-5.08463e-5
5.6413e-5
-4.08286e-5
4.13379e-5
1.76739e-8
-6.06496e-8
7.91342e-5
-3.77302e-5
-0.000103525
8.76402e-9
-2.51134e-8
-9.89411e-5
-2.3993e-6
0.000180902
4.80489e-8
-1.17809e-7
3.28237e-5
4.46159e-5
-0.00017004
-2.03341e-8
7.74864e-8
-1.29849e-7
-3.42847e-6
0.000142078
-2.3994e-8
9.76807e-8
-4.13346e-5
9.61687e-9
3.21169e-9
-1.58173e-8
5.404e-8
-1.03468e-7
-1.34747e-7
4.10581e-5
0.000106099
-7.43425e-5
-3.85055e-5
-0.000163759
-1.996e-7
2.88779e-7
-7.75602e-7
1.10256e-6
4.94816e-7
-3.49263e-6
-8.60005e-6
1.41464e-5
4.99237e-6
2.85128e-5
-1.98477e-6
1.84571e-6
1.33986e-6
7.96688e-7
9.24721e-7
-3.11115e-6
-6.4968e-6
5.01705e-6
-8.2505e-7
1.13685e-6
9.27739e-7
-1.27619e-6
-9.84086e-6
2.16271e-6
-1.17193e-5
2.12565e-6
2.27143e-6
-2.49657e-6
6.89397e-6
-1.704e-5
1.19689e-5
3.24311e-6
6.37251e-6
-6.13465e-6
-9.19588e-6
1.48738e-5
-2.77482e-5
0.000120333
-5.64006e-5
-2.30174e-5
-5.38386e-5
4.32557e-5
-1.53745e-5
2.21187e-5
-6.01508e-6
-0.00017719
0.000557167
-0.00210935
0.00204232
-0.000346974
0.000295899
-0.000305312
0.000109388
-0.000132893
0.00793296
-0.00736103
0.00536997
-0.0106456
0.000995219
-0.00020557
0.000103776
-0.000523508
0.00060203
0.000286405
-0.00130872
-7.76885e-5
0.000801918
-0.000221786
0.00043373
-0.000933175
0.000299078
0.000839048
-0.000396627
-0.000530702
1.30011e-11
-9.70559e-12
-1.76683e-12
1.10444e-12
3.56588e-12
2.50304e-12
2.40074e-12
-2.88977e-12
-5.91195e-12
3.37301e-12
-7.89999e-13
2.99175e-12
-2.95926e-12
-4.45227e-13
-2.94253e-12
-1.89717e-12
-2.61604e-12
-6.8281e-13
1.81174e-12
-1.42782e-12
1.44325e-12
4.41961e-13
1.99188e-13
-1.8692e-10
-6.14087e-12
6.11778e-11
3.47142e-13
3.28102e-12
-2.66063e-14
-2.6606e-13
-1.24249e-12
1.46771e-12
-6.34079e-12
-4.86785e-11
-1.14556e-9
-3.54645e-11
7.39278e-11
1.8779e-13
-1.51525e-12
-2.03951e-12
-2.07809e-12
6.07221e-10
-8.74398e-10
7.96831e-10
7.49384e-12
1.25772e-11
1.71927e-11
-1.53491e-11
-2.43245e-10
5.96026e-10
-6.14593e-12
-4.92046e-11
1.66994e-10
-2.73887e-11
-2.96943e-10
6.44777e-10
-5.54636e-10
6.41684e-10
-4.6377e-10
-4.4037e-10
-4.30275e-10
5.85604e-10
9.75491e-10
-1.23338e-10
-5.91648e-10
7.05038e-10
-6.68188e-10
4.52562e-10
5.17524e-10
-2.57932e-9
2.3594e-9
2.61393e-9
9.87171e-9
-2.0984e-10
1.24374e-10
-4.21092e-10
-2.8886e-10
-3.53506e-10
2.50823e-7
-4.91136e-8
1.53179e-6
-4.40744e-7
2.83743e-9
-6.37202e-9
-1.51749e-7
-4.63743e-6
5.57811e-6
9.87437e-12
-1.07708e-9
1.82922e-9
-8.71695e-10
3.90247e-5
-5.07609e-9
-2.65241e-9
-1.81974e-8
1.20475e-8
-4.61392e-9
1.21406e-8
-1.90223e-8
2.62616e-10
4.99897e-9
8.81798e-5
8.18074e-5
-0.000100665
-0.000133826
-0.000142176
0.000134321
-2.69556e-10
0.000130444
2.44803e-9
6.20532e-9
-2.95714e-8
5.94691e-8
2.76225e-8
1.9379e-5
3.74634e-5
-7.25803e-5
-2.59544e-5
-9.68465e-5
-1.26174e-7
1.15899e-7
-3.83712e-7
6.47984e-7
2.23105e-7
-2.50696e-6
1.2861e-7
6.6772e-6
2.56025e-6
8.53776e-6
-6.25409e-7
2.80954e-7
4.4376e-8
1.14746e-6
-3.36953e-7
-2.24249e-7
1.11892e-7
-2.46669e-6
8.81248e-7
2.39504e-6
-2.45482e-7
-1.75859e-7
7.22023e-6
-1.94416e-5
1.60025e-5
5.24871e-6
-1.12401e-7
-7.45855e-7
-9.32649e-6
4.58041e-5
-6.17999e-5
0.000163505
-0.000158
-2.89031e-5
-1.78361e-5
1.36484e-5
-2.0131e-6
2.20119e-6
9.50569e-5
-0.000509507
0.00067871
-0.00153296
0.00163952
0.000163764
0.000224704
-0.000170559
4.28152e-5
-6.79788e-5
-0.00254729
0.00407978
0.000522318
-0.0012514
0.000407336
-0.000213333
0.00051961
-0.00109055
0.00125969
-0.00132768
0.00108166
-0.00134826
-0.000456712
0.000639588
0.000376702
-0.00114742
0.00149533
-0.00113134
-2.67243e-12
-2.88224e-12
-1.10659e-12
1.4206e-12
-2.50731e-12
1.43654e-11
5.45854e-12
3.25481e-12
5.57864e-12
5.20291e-12
2.00654e-12
-1.10971e-12
1.64528e-13
2.64042e-12
3.11305e-14
8.21788e-13
1.59585e-11
-1.04649e-11
-7.28439e-12
-2.09356e-11
-5.46022e-11
-5.96041e-12
2.0995e-12
-4.23491e-12
4.19559e-13
1.85394e-13
1.08965e-12
-2.00883e-11
4.19959e-11
-4.28635e-12
2.13001e-11
-3.81535e-11
-3.40407e-12
1.66073e-12
-1.92429e-13
3.53716e-12
2.6336e-12
-1.11628e-10
-3.97622e-11
1.87715e-10
-3.9771e-11
2.5108e-11
-5.93674e-11
3.82117e-11
-4.05586e-12
-6.63811e-11
-4.42235e-11
3.07666e-11
2.7633e-10
5.73269e-11
-7.38545e-11
4.91666e-11
-1.20624e-10
4.11979e-10
2.10413e-10
2.09645e-9
1.61228e-9
7.26903e-10
-7.85698e-9
3.34037e-11
-1.5793e-10
4.66799e-10
-3.92734e-10
7.04135e-10
6.59237e-9
5.19224e-8
1.00349e-9
2.86995e-8
-5.19136e-8
7.41894e-11
-6.17528e-12
8.94086e-11
-1.34198e-10
1.40956e-10
-5.12113e-8
5.19791e-7
-4.47789e-9
-1.72791e-7
5.22208e-10
-1.39231e-9
1.23289e-6
2.12236e-7
-3.64517e-6
-1.13465e-10
-2.42874e-10
6.49898e-10
-3.21913e-10
1.34052e-9
-5.6053e-5
7.04516e-5
-2.32678e-5
1.51133e-5
-4.74137e-10
1.11269e-9
4.64394e-5
-1.31081e-5
-1.37686e-10
2.4866e-9
-0.000114589
7.78677e-5
-4.2932e-9
0.000148538
2.56118e-9
-9.38419e-10
2.1548e-9
-3.51829e-9
9.60245e-11
3.19737e-10
4.66274e-5
7.76487e-5
-0.000111736
-9.50073e-5
-0.000186165
9.91506e-5
-1.45418e-9
6.43207e-5
-1.95401e-10
-5.38319e-10
-2.43343e-8
3.55048e-8
3.0308e-8
5.95059e-6
4.36888e-6
-2.31441e-5
-5.80628e-6
-3.39212e-5
-7.19073e-8
1.00125e-7
-1.19184e-7
2.63949e-7
1.64754e-7
-5.8849e-7
1.09976e-6
9.24642e-7
2.75779e-7
2.50587e-7
-7.6124e-7
2.56048e-6
1.88529e-7
-7.66785e-8
8.87997e-8
-6.39581e-6
1.32503e-5
1.23172e-6
-4.10499e-8
4.67738e-9
-1.74705e-5
5.78602e-5
-6.22367e-5
0.00011337
-0.000134784
-1.79235e-5
1.98959e-6
-9.88406e-7
6.53673e-7
-3.32089e-6
0.000198369
-0.000468204
0.000164324
-0.000334517
0.000745231
0.00012765
3.35017e-5
-1.37385e-5
9.50786e-7
1.4211e-5
-0.00070248
0.00162444
3.4313e-5
-0.000395247
-0.000171053
0.000419047
-0.000279511
0.000527308
0.000735151
-0.00056036
0.000511869
-0.000755818
-0.000140174
0.000219108
0.000671815
-0.000647383
-0.000857298
0.00125797
0.000992971
-0.00163451
-0.000171689
0.00067185
-1.20115e-11
-1.49469e-11
-1.02502e-11
-8.63891e-13
-7.66341e-11
1.15872e-10
2.17745e-11
8.38618e-11
-1.81554e-10
3.94716e-11
3.24283e-11
1.75649e-11
-3.49976e-12
1.71583e-12
2.12445e-11
2.39099e-12
-1.06929e-10
2.15375e-10
-2.36353e-10
6.3697e-10
-1.43674e-10
-1.36344e-10
9.46417e-11
3.46756e-11
-2.93562e-11
2.41479e-11
9.50607e-13
1.30674e-10
4.00503e-11
7.70439e-11
2.53044e-10
-3.14032e-10
2.92911e-11
-1.36378e-10
-5.24302e-11
-4.9723e-11
7.58228e-11
9.70295e-12
5.58142e-11
-4.3552e-10
-2.49879e-10
2.33998e-10
-1.81542e-10
-6.14665e-10
-8.97956e-10
5.30905e-11
3.19681e-11
-2.19241e-10
-2.56317e-10
1.05502e-9
1.43517e-9
-6.7482e-10
-4.33439e-9
-3.42612e-10
-3.06106e-11
-2.96946e-9
1.16646e-8
1.77023e-8
2.70944e-10
-6.96931e-11
6.41038e-11
-1.22481e-7
-5.53851e-8
-1.45917e-7
1.90006e-7
3.63838e-10
3.3036e-7
-1.9947e-10
9.41751e-11
-5.93954e-11
-1.54997e-6
3.68314e-6
-5.81666e-7
6.85522e-7
-4.09801e-11
-4.1473e-11
2.04984e-6
6.89217e-7
-8.64595e-12
-9.82855e-6
1.81106e-10
-1.20211e-10
2.25072e-10
-9.13293e-5
8.71541e-5
-1.64762e-6
3.63958e-6
-8.75749e-11
6.17835e-11
8.61437e-5
-6.94468e-5
-4.99003e-12
3.23979e-10
-0.000136175
0.000136029
-5.02852e-10
0.000167412
2.61946e-10
-3.27911e-10
6.1052e-10
-1.38104e-9
8.97536e-10
4.12058e-5
5.3041e-6
-6.03486e-5
-6.60984e-5
-0.00014643
5.77812e-5
-2.3038e-9
2.22941e-5
1.16539e-8
2.92231e-8
-3.31278e-8
-4.32979e-8
2.57371e-6
-4.04755e-6
-2.57917e-6
-7.76779e-7
-6.72151e-6
2.13782e-7
-2.37399e-7
-7.06918e-7
8.58425e-7
-2.50547e-8
6.11273e-8
-2.81418e-8
5.4249e-7
1.92424e-6
-2.49209e-6
-4.31823e-6
6.34286e-6
-7.55511e-9
-6.83885e-9
-1.53941e-8
3.60124e-11
7.70719e-6
-1.42802e-5
-9.27381e-6
2.89515e-5
-5.55116e-8
6.63397e-8
-3.17905e-7
-6.93666e-9
1.67039e-7
3.55923e-5
-3.70783e-7
1.29728e-7
-3.51996e-8
-0.000119809
-0.000122395
0.000237017
-0.000327325
2.48878e-5
-1.12093e-6
2.62499e-6
-1.45362e-6
3.17192e-6
0.000454439
0.000113148
-0.000470183
0.000201972
0.00023933
-0.000282861
-3.90627e-5
0.000550067
-0.000559236
0.000395968
-0.000413708
-3.4261e-5
4.14768e-5
-0.000156835
-0.000324848
0.000897693
-3.01188e-5
-0.00182084
0.000415503
0.00151987
-0.000927375
-1.21722e-10
-7.50973e-11
-8.54637e-11
-4.90757e-12
-3.80476e-10
3.01047e-10
5.95725e-10
3.79582e-10
1.95808e-10
1.97707e-10
1.87293e-10
-1.79667e-10
-9.60748e-11
3.77624e-10
5.3575e-11
-1.12238e-9
-5.13303e-10
-2.26878e-9
-1.18272e-9
3.13844e-9
-3.66688e-10
-1.34833e-9
-8.95767e-10
-2.53836e-10
-7.12836e-10
-1.9394e-10
7.15577e-10
-5.06806e-10
-5.94373e-10
6.05286e-10
9.00527e-11
2.0349e-10
2.22431e-9
1.71507e-9
5.65867e-9
6.8588e-9
-4.18325e-9
1.55402e-12
-3.3121e-9
-4.02959e-10
-4.93689e-10
-1.18124e-10
1.30379e-9
1.17322e-9
-1.12149e-8
-6.97306e-9
1.20553e-9
-4.20454e-10
-2.35546e-9
-5.02415e-9
1.53663e-9
1.2999e-9
-7.00185e-9
-6.05495e-9
2.66932e-9
8.50172e-9
4.62635e-9
-5.72004e-9
-9.20044e-10
-6.64351e-10
-8.38772e-9
-1.46585e-9
-6.43091e-8
1.50028e-7
2.98971e-7
4.47213e-7
5.73453e-9
4.60679e-9
-1.6246e-9
-9.99101e-7
1.67262e-6
-1.68696e-6
2.61645e-6
4.10238e-10
-1.62753e-11
-6.68202e-10
-4.83735e-6
-5.51339e-6
9.59435e-10
-1.02103e-9
1.66962e-10
7.30932e-6
-9.0348e-6
1.20756e-5
-9.75366e-6
1.06101e-9
-3.82297e-10
7.14003e-6
-3.84473e-5
1.61926e-10
8.04971e-10
-2.03804e-10
2.87252e-5
-4.20702e-5
2.02506e-5
8.94755e-11
4.74333e-10
-2.50187e-10
-4.4874e-5
7.54509e-5
-0.000100942
2.43703e-12
5.3364e-10
3.96061e-10
4.54893e-5
-0.00010056
0.000180741
-1.1221e-9
-1.14273e-9
-2.07289e-5
4.84165e-5
4.9664e-9
-4.05369e-11
5.8957e-5
-7.34901e-5
-1.12534e-8
5.37863e-9
-2.12462e-5
6.0484e-5
-7.27194e-9
4.11076e-8
-1.38696e-8
-8.4862e-8
4.67611e-8
9.79076e-8
-2.56216e-6
4.57709e-6
1.34048e-6
1.80908e-6
3.35833e-6
-2.67221e-6
-1.99538e-7
-2.73048e-8
4.13686e-7
-1.88675e-7
-8.23872e-7
3.74016e-8
-3.66192e-7
-5.94812e-9
-7.00561e-7
2.2563e-6
7.5396e-7
-1.05091e-5
2.69011e-6
-1.42236e-8
-6.18638e-9
7.3522e-9
-2.54616e-8
3.55466e-5
-1.78703e-5
-9.82761e-5
6.28242e-5
7.10096e-9
-1.80609e-8
5.96374e-9
8.21437e-8
0.000223794
-0.00016506
-0.000441947
0.000349288
2.07094e-7
-8.93903e-8
2.25818e-7
6.65507e-8
0.000768224
-0.000587906
-0.000905095
0.000755058
0.000838819
-0.000797931
2.89817e-5
-5.04682e-6
-7.55142e-6
6.14071e-6
-1.31293e-6
1.00831e-6
-0.00054951
0.000590092
-3.82411e-6
-5.8851e-5
0.000593585
-0.000654522
0.00054392
-0.000811952
0.000967805
-0.00105403
0.00056168
-0.000822631
0.0013161
-8.9087e-5
0.000185841
-0.000638438
-0.000250795
0.000462247
2.27593e-5
-0.000149417
2.11734e-9
-1.22118e-8
5.39521e-9
1.7071e-10
1.55987e-9
1.84605e-9
-4.19962e-10
-1.57078e-9
1.58147e-9
-3.20799e-8
-2.37814e-8
2.46158e-8
-1.8653e-8
4.39532e-9
2.08652e-8
-6.62341e-9
1.09157e-9
-7.71636e-9
-2.47131e-9
3.46211e-9
2.23274e-9
-3.43055e-9
6.29224e-9
2.58495e-9
4.93073e-8
4.27723e-8
-6.5967e-8
7.4703e-8
-6.79563e-8
-7.4962e-9
2.51399e-8
-6.04591e-9
-1.0121e-8
-1.66242e-9
3.45702e-8
3.40079e-8
-2.29002e-7
-1.73106e-7
8.55185e-9
1.37861e-8
-1.28356e-8
-3.06591e-8
3.17656e-8
3.53976e-8
-1.70066e-7
-1.53504e-7
2.63654e-8
2.83836e-8
-2.13656e-7
-5.46571e-7
-2.09758e-8
-2.9158e-8
-1.52618e-7
-7.2005e-8
8.19918e-7
-1.40164e-6
-2.33221e-6
-4.42015e-6
7.21145e-8
-6.20632e-8
2.10636e-8
7.39752e-6
-5.84133e-6
6.76183e-6
-1.0579e-5
-3.94041e-9
2.12307e-9
1.58641e-8
1.24483e-5
1.15622e-5
-1.10914e-8
1.58304e-8
-5.61039e-9
-1.76644e-5
2.00685e-5
-8.52393e-6
2.0656e-5
8.94284e-9
1.22772e-10
-1.59084e-5
-7.23186e-6
-2.78005e-9
-2.73724e-9
9.56952e-6
1.72467e-5
1.27874e-8
3.23706e-11
-5.29231e-6
-1.73715e-5
-7.32982e-9
1.21438e-9
1.8667e-7
1.37769e-5
7.87752e-9
-1.04343e-8
8.70817e-6
-3.18432e-5
2.6427e-8
-6.64568e-8
-7.30916e-8
1.96723e-7
7.74976e-8
1.58181e-7
2.52748e-6
-1.4996e-6
-1.73385e-6
-1.75421e-6
4.87068e-6
2.95025e-6
-3.27518e-7
6.33018e-8
7.15683e-7
3.44982e-6
-3.86098e-6
-1.81036e-7
1.81708e-7
1.73493e-7
3.34264e-7
-1.05135e-5
1.34917e-5
2.63727e-5
-3.86641e-5
-2.7993e-7
6.77704e-8
2.89738e-8
-1.39294e-7
-6.39997e-5
9.78272e-5
0.00012989
-0.000214422
-1.17149e-7
-2.62867e-7
3.62437e-8
1.54807e-6
-0.000262176
0.000357774
0.000371964
-0.000755166
8.41459e-7
-2.83853e-7
4.76234e-8
7.99464e-7
-0.000441723
0.00084121
0.000261784
-0.000642154
-0.000120867
0.000365046
-1.01888e-5
1.48838e-6
-7.20697e-6
3.71699e-6
-7.3457e-7
-2.28516e-6
-7.61028e-5
5.46135e-5
0.000328267
-0.00047394
-0.000376914
0.000595246
0.000225392
-0.000385867
-5.78996e-5
8.88645e-5
-1.74459e-5
8.12716e-5
5.5791e-8
-3.18572e-9
4.94427e-9
2.61879e-8
-4.74401e-9
-8.99015e-9
-1.2177e-7
3.0113e-7
3.49558e-8
-1.36406e-7
7.27209e-8
-7.35226e-8
-5.20065e-8
2.89008e-8
4.95308e-9
-6.49424e-8
6.93084e-8
6.98415e-7
9.01748e-7
-8.82338e-7
3.98019e-7
1.57528e-7
-1.40441e-6
2.48646e-7
-3.01835e-7
4.23771e-7
-5.98083e-9
-7.38274e-8
-1.26655e-8
1.48163e-7
-1.81545e-7
-2.14938e-8
7.17731e-7
8.21371e-7
2.92707e-6
-3.42862e-6
4.23575e-6
5.3115e-7
-9.87079e-7
8.21877e-8
-1.99682e-8
3.91153e-7
5.79467e-7
5.77947e-7
-4.04964e-6
3.85785e-6
-1.23996e-6
2.19827e-6
2.51077e-6
6.0424e-6
6.57904e-8
-2.60357e-6
1.81201e-6
-7.91065e-7
-9.95922e-6
9.51893e-6
-7.11014e-6
1.84032e-5
1.44019e-5
1.68999e-7
-9.36723e-9
1.88817e-7
-2.36537e-5
-3.39634e-5
-5.45351e-8
1.1059e-7
-5.21863e-7
2.08165e-7
5.62743e-5
-4.99465e-5
5.40348e-5
-8.05622e-5
-3.54628e-5
-6.15955e-9
-3.83222e-7
-8.68328e-8
8.37089e-5
-6.14614e-5
3.89776e-5
3.68642e-9
3.98449e-7
6.47006e-8
-8.47362e-5
5.84453e-5
-3.43566e-5
-4.6015e-8
-4.69856e-7
1.07715e-7
8.62097e-5
-4.86798e-5
2.69053e-5
4.34601e-8
-1.07736e-7
-1.37464e-7
-3.55308e-5
2.43934e-5
-1.6218e-5
3.74116e-7
1.04543e-7
8.44588e-6
-7.07189e-6
-4.25876e-7
-2.46412e-6
-5.0602e-7
-6.72074e-7
1.80561e-6
2.89381e-6
-5.4709e-6
-3.12029e-6
6.20363e-6
8.0262e-6
-2.84325e-6
-1.69816e-6
-1.18837e-5
9.76915e-7
7.5916e-6
1.23384e-5
-1.41157e-5
-2.8232e-5
4.30452e-5
-4.99465e-6
2.11128e-6
2.40883e-7
4.19713e-6
4.91687e-5
-6.99069e-5
-8.38227e-5
0.000151941
-1.9031e-7
-4.41929e-6
3.90411e-7
1.8698e-5
0.000103644
-0.000207006
0.000177594
-7.72198e-5
0.000153909
6.58794e-5
-0.000136242
-1.16732e-5
9.06091e-8
2.75342e-6
-1.85575e-5
1.11037e-5
-3.31926e-6
-3.35174e-7
-5.6751e-5
3.28464e-5
2.95554e-5
5.38062e-5
4.63617e-5
-0.00017517
-8.75497e-5
-3.25615e-5
0.000186873
0.000229083
-5.7684e-5
-8.20959e-5
-7.59252e-5
3.43064e-5
1.24115e-5
2.58753e-5
-1.65978e-5
8.93417e-6
-1.42084e-6
-3.4179e-7
1.02068e-6
-1.7385e-6
7.8997e-7
-6.65749e-8
-5.2418e-6
4.35972e-6
8.10522e-7
1.06771e-5
-5.48028e-6
-2.11693e-6
4.22543e-6
-1.95628e-6
3.67681e-6
7.16815e-7
-1.07505e-6
-9.02277e-6
-7.20257e-7
-1.25539e-5
1.42376e-5
1.90815e-6
1.83801e-5
-2.08323e-5
1.09923e-5
-6.63352e-6
-4.81133e-6
5.28357e-6
-7.84718e-6
-1.38569e-6
2.53666e-6
-5.3075e-6
-3.34814e-6
-3.64112e-6
-4.38899e-6
7.98578e-6
-1.64112e-5
1.89929e-5
-9.03177e-6
1.138e-5
-2.56161e-5
6.86608e-6
-5.02393e-6
-3.71813e-6
9.80644e-6
-1.65044e-5
-6.26155e-7
-5.68556e-7
-7.6459e-7
8.15336e-6
-1.61562e-7
2.88609e-6
1.58258e-5
-5.14616e-6
-2.2096e-5
3.18193e-5
2.13359e-6
2.84257e-6
-2.93257e-6
6.38705e-6
4.4695e-6
1.33473e-5
9.2819e-6
2.98638e-5
-2.29638e-5
-5.40795e-5
7.61848e-5
-1.48245e-5
-1.27754e-6
5.15532e-7
-1.61045e-5
3.53764e-5
9.55877e-5
-9.44118e-5
-1.41567e-6
2.90197e-5
-2.50846e-5
3.10512e-6
-8.60452e-5
3.90147e-5
-0.000133054
9.93436e-5
0.000102015
2.08712e-6
7.92519e-6
-5.20101e-6
-0.000104389
0.000166605
-0.000150224
-7.36015e-7
5.70709e-6
-3.38345e-6
5.09321e-5
1.99521e-6
-2.43395e-5
-6.08311e-6
-3.59483e-6
2.69905e-5
-9.92571e-6
8.10742e-6
0.000128652
-8.81842e-6
-7.23259e-5
-0.000129138
5.01147e-5
9.55797e-5
-3.76737e-5
-2.59619e-6
-7.05341e-6
2.76711e-5
-5.66053e-6
1.98418e-6
3.08963e-5
5.52373e-6
-6.8029e-6
-4.50239e-6
-9.5123e-6
1.41752e-5
-7.26852e-5
-4.46865e-6
4.03274e-5
0.00029808
-1.75196e-5
5.45825e-6
1.53471e-5
1.71147e-5
-2.81348e-5
2.49199e-5
-4.70277e-5
8.6737e-5
6.01752e-6
-7.90183e-5
2.39447e-5
3.64804e-6
-1.63452e-5
4.25254e-5
-4.40079e-5
7.23913e-5
-4.6927e-5
8.11789e-5
-8.48392e-5
7.25638e-5
-0.000164018
0.00019726
4.73078e-5
-0.000111709
5.0704e-5
-5.93916e-6
0.000349259
-0.000246446
9.69639e-5
-8.02466e-5
3.499e-5
-0.000143653
0.000261616
-0.000229248
0.000225632
-0.000218776
0.000247488
-0.000309578
-1.77608e-5
2.08295e-5
1.15716e-5
-1.39888e-5
3.03445e-5
-4.08756e-5
5.5783e-5
-3.52524e-5
-2.55507e-7
-3.83066e-6
1.60146e-5
-4.29499e-5
7.58813e-5
-0.000104161
8.20746e-5
-4.02106e-5
-1.02121e-5
1.31731e-5
-1.18054e-5
-4.84578e-6
4.48995e-5
-9.90341e-5
0.000137044
-0.000131917
7.5307e-5
-1.43451e-5
2.12815e-5
-3.5782e-5
4.49961e-5
-3.1617e-5
-1.6556e-5
8.65957e-5
-0.000141068
0.000143631
-9.50845e-5
1.21361e-5
2.40803e-5
-4.29266e-5
6.99929e-5
-9.60449e-5
9.31585e-5
-4.41952e-5
-3.67106e-5
0.000110614
-0.000142866
0.000117996
-2.93554e-5
-5.85618e-5
5.16039e-5
-0.000101239
0.000146112
-0.000154403
0.000111835
-3.05986e-5
-5.99751e-5
0.000134922
-0.000163902
7.08683e-5
-6.09836e-5
0.000117461
-0.000161669
0.000177084
-0.000149793
9.01367e-5
-4.421e-6
-0.000127303
0.000324421
-0.00043008
-7.82123e-5
0.000124843
-0.000137621
0.000137217
-0.000130246
0.000111315
5.38269e-6
-6.97499e-5
-4.43651e-5
4.97128e-5
-6.73588e-5
0.000130477
-0.000263569
4.27946e-5
-5.50144e-5
-2.35763e-5
