-0.00939345
0.0505394
-0.0553924
-0.0129222
-0.0625941
0.0549244
-0.0632066
0.0743505
0.0406575
-0.0514682
0.0256377
0.0501862
0.0256771
-0.031586
-0.0318675
-0.0261511
0.0204048
0.00268599
-0.00834625
0.00289002
0.000607863
0.0128859
-0.00135213
0.00560966
-0.00465585
-0.00962286
0.00873504
-0.0182301
0.02338
0.0192262
-0.0144883
0.0178546
-0.0159048
-0.0163667
-0.00621864
0.0125699
0.00629499
0.00366106
-0.00193188
-0.000125781
0.00150617
-0.000345549
-0.00336838
-0.00169154
0.00176801
0.00206145
-0.00463006
0.0105297
-0.0138568
0.0146044
-0.00574256
-0.00950592
-0.000469121
0.005538
0.000843751
0.000104663
-0.000182434
-0.00356717
0.0095518
-0.00231905
0.00302866
-0.0145852
0.000860698
0.0127596
-0.00783427
0.00498637
-0.00192455
-0.00308762
0.0076181
-0.00945011
0.00798586
-0.00260962
-0.00433178
0.00087028
0.00268601
0.000143118
-0.00136975
3.32775e-5
-0.000211301
0.00652823
-0.00987579
0.0115544
-0.0117248
0.00962939
-0.00492262
-0.000323314
0.0036058
-0.00389004
0.00246728
-0.00122502
0.000642631
0.0108431
-0.0125944
0.00227389
-0.0106867
0.0160999
-0.00273019
-0.00983839
0.0134297
-0.0161319
0.017756
-0.0162234
0.0113553
-0.00542137
0.00102592
0.000866709
-0.00105426
0.000416654
0.000582826
-0.000300194
-0.00046941
-0.000131646
0.000168756
2.08576e-5
0.000110019
0.0100638
-0.0105257
0.0111095
-0.0134574
0.017931
-0.0205191
0.0188594
-0.013787
0.00776713
-0.00318413
0.00079017
-6.05279e-5
-8.46949e-5
0.000237955
-0.000116828
-1.66556e-5
-0.00535152
-0.00856045
0.0112536
-0.016884
0.0185406
-0.0166509
0.0119848
-0.0069448
0.00323385
-0.00115892
0.000540154
-0.000418497
0.000116316
-7.07105e-6
4.88171e-5
0.00631207
-0.00350376
-0.00434216
0.00529749
-0.0073247
0.01055
-0.0132114
0.0111813
-0.00804467
0.00469118
-0.002485
0.000927819
-0.000732157
0.000378548
-0.000174777
8.53639e-5
-8.61108e-5
0.00146079
0.00314756
-0.00505284
0.00647842
-0.00568933
0.00441548
-0.00259997
0.00234781
-0.00106085
0.00105786
-0.000307844
2.30736e-5
-4.35236e-5
-0.000931797
0.000199394
-0.000116642
0.00230532
-0.00315169
0.00222929
-0.0017855
0.00117323
-0.00217616
0.00151589
-0.000151891
-0.000220165
0.000180048
-7.6036e-5
0.000170264
1.49949e-5
-0.00091628
0.00147369
-0.000883208
0.00132066
-0.000884729
3.69059e-5
0.000344896
-0.000665852
0.000167917
7.94715e-5
0.000209184
-3.94895e-5
-0.000697683
0.000438151
-0.000385933
0.000374094
-0.000235803
-4.60644e-5
0.000279641
-0.000152632
-6.23818e-6
-4.41955e-6
0.00130557
-0.00767899
0.00466096
0.00215004
0.0210376
-0.0164627
0.0169891
-0.00585025
-0.0657332
0.0431328
-0.00115141
-0.0360084
0.0522641
-0.0533008
0.0546826
-0.0562235
0.0624275
-0.0658097
0.0516519
-0.0663738
0.058831
-0.0356425
0.0476107
-0.041385
-0.0195873
0.0218554
0.0140054
0.0138838
-0.00630749
-8.11287e-5
0.000376573
-2.47287e-5
-0.000212885
-0.000674191
-0.000398972
-4.94411e-6
1.17813e-5
0.000773485
-0.0108973
0.00603719
-0.00687065
0.00333134
0.00159739
-0.00320405
4.84994e-5
-0.000699949
-0.000416806
-5.80766e-5
0.000192492
-2.01907e-5
-0.00018148
1.24753e-5
0.000490775
0.00137259
-5.54026e-5
-0.000634041
0.000373019
3.6568e-5
-0.000176685
-7.37912e-6
-6.26592e-5
5.25278e-5
0.000175071
0.000145211
2.36729e-8
0.000157601
0.000268477
-7.85111e-5
-0.000128129
8.15416e-5
6.23017e-5
1.48995e-5
-3.09284e-5
-0.00120054
0.0030399
8.90861e-5
-3.06861e-5
-0.000646056
0.00125688
-0.000109197
0.00178449
-0.00285758
-4.88052e-5
-0.000217884
-1.78051e-5
1.13814e-5
1.91542e-5
-2.55281e-6
-4.0599e-6
-2.02457e-6
-1.03691e-6
-0.0046155
0.00943613
-0.0122354
-4.15311e-5
1.23639e-5
6.58697e-8
0.00394707
-0.00576119
0.00987815
2.28005e-6
-2.7565e-6
-2.9681e-6
-0.00340706
0.00482876
-0.00724636
2.23632e-6
1.40555e-6
9.37045e-7
0.00271005
-0.0031263
0.0041656
-1.25292e-5
1.17685e-6
-7.7087e-7
-0.0016223
0.00147221
-0.00105707
0.00255892
-2.83964e-5
9.72434e-6
-3.59509e-6
6.17548e-7
0.000600834
0.000271669
-0.00069094
2.17231e-5
-1.88851e-6
2.47362e-6
7.9451e-7
-0.000334355
0.000107383
0.000152077
-8.36558e-5
8.34689e-5
-1.74324e-5
2.1249e-5
-1.25043e-5
4.0747e-6
-6.80513e-7
-2.24621e-7
-4.91604e-5
-3.58452e-5
1.31144e-5
-5.16518e-5
1.0688e-5
-1.58581e-5
2.77029e-6
8.79476e-8
-9.73388e-7
2.22582e-5
-5.15122e-6
6.20208e-7
1.26413e-5
-2.53648e-5
-6.75988e-5
0.000149298
-7.1916e-5
-1.55182e-5
3.87682e-6
-2.63688e-6
4.95552e-6
2.00184e-8
-1.11337e-6
-2.57499e-6
4.11417e-7
-5.46598e-6
2.0058e-5
1.13566e-5
-1.54953e-5
5.44354e-5
-5.97235e-6
4.28746e-6
1.50851e-5
9.54723e-6
9.54535e-6
1.16243e-5
-4.3343e-6
-3.34788e-7
9.86257e-7
7.83795e-7
-1.96857e-6
-3.78953e-6
-7.12063e-7
4.08595e-7
-1.53805e-5
3.49888e-6
-3.20498e-6
-2.98304e-6
-5.09386e-6
-1.07288e-5
4.43388e-6
4.40571e-6
-1.64427e-7
-1.15759e-7
1.62041e-6
3.53017e-6
-9.87384e-7
1.49438e-6
1.02516e-6
-0.000529292
0.011157
-0.0119995
-0.0219312
0.0198298
-0.0189973
0.0146077
0.03892
-0.0408322
0.0381539
-0.061594
0.067041
-0.0644062
0.0767879
-0.0827142
0.0765369
-0.0708105
0.0738735
-0.0589615
0.0427517
-0.0459823
0.0246559
0.0143041
0.00496677
-0.00361021
-0.0155789
4.46281e-5
5.8278e-5
-0.000333511
-0.00089037
0.0012578
-0.00012068
0.000230533
-0.00255554
-0.00267326
0.0173859
0.00421135
-0.0132824
-0.00351097
0.00800811
-2.43568e-6
1.74188e-5
-1.34365e-5
-4.13586e-7
0.00204022
-0.00413001
-0.00099848
0.00181894
-1.57901e-6
1.10258e-5
-3.1694e-6
4.44642e-7
0.000414711
-0.000702723
-0.000155389
0.000242545
-3.19131e-8
-9.08004e-6
1.82587e-6
1.56215e-5
-1.23145e-7
5.26634e-5
-7.50286e-5
-1.51897e-5
2.02114e-5
3.66109e-5
-2.63735e-5
-2.88295e-6
-0.000102566
0.000135107
2.39438e-8
1.09029e-5
4.09821e-7
-4.77218e-6
8.69172e-7
-6.67451e-7
2.46021e-6
0.000432848
-2.36281e-7
0.000363167
-0.000489162
1.03107e-5
-0.000510806
0.000938847
1.95425e-5
-0.0011605
6.80212e-7
-1.3022e-7
2.38657e-7
1.67904e-7
-7.72188e-8
3.85751e-8
-3.10036e-8
0.000848796
-0.00138788
0.00230694
3.09997e-7
-1.47423e-7
3.18441e-8
-0.00105968
0.00158307
-0.00244491
5.83491e-7
-8.89579e-8
4.40594e-8
0.00108611
-0.00156051
0.00227833
-2.15299e-7
2.52586e-8
9.96715e-9
-0.000879057
0.00119669
-0.00173309
2.53426e-7
-2.05484e-8
-9.04342e-10
0.000565998
-0.000585278
0.000927358
-2.28968e-7
6.97766e-8
-1.34034e-8
-0.000311083
-0.000313334
-1.85687e-7
3.2183e-9
-1.74169e-8
0.000214013
-0.000125439
-0.000134797
0.000114179
-9.57416e-5
-7.44857e-9
3.8144e-8
1.46542e-9
2.47708e-8
3.57597e-5
2.28777e-5
2.61565e-7
-2.16494e-8
1.67073e-9
-1.16345e-5
6.5694e-6
2.40163e-6
-1.18778e-6
9.45128e-8
6.74822e-8
-2.24173e-8
-4.10206e-8
-8.47133e-8
2.23141e-7
1.80191e-7
6.15718e-7
7.51218e-9
2.04159e-7
-6.23146e-9
-3.09998e-8
-1.53646e-7
8.59556e-9
-1.18177e-7
-2.55323e-7
1.23165e-6
-2.31363e-6
-4.42172e-8
-6.26522e-7
-4.21614e-8
6.0982e-8
-7.22198e-8
9.56395e-9
2.15223e-7
-4.08132e-7
8.30938e-8
-1.06828e-7
-8.6533e-7
-6.74744e-7
1.59795e-7
-5.35819e-7
-1.20081e-7
-4.64338e-8
-4.32815e-7
9.17054e-7
1.07892e-7
-7.10574e-8
-7.81436e-8
4.27572e-8
1.55016e-7
-5.58298e-8
1.30878e-7
3.09184e-7
1.05818e-7
1.65131e-8
1.24099e-7
3.80343e-8
2.0417e-7
-3.48725e-8
-3.98352e-7
3.29701e-8
-8.33336e-9
-7.55078e-8
-8.58458e-8
-1.60824e-8
-2.2822e-8
-2.88663e-8
-0.000532269
0.000948232
0.00242535
-0.0147013
0.0104998
-0.00463982
0.0120913
-0.00888122
-0.0307829
0.0239713
0.051746
-0.0358322
-0.058985
0.0327683
0.0297439
0.00543215
0.0111589
-0.0450212
-0.0370111
0.0718438
0.0370955
-0.0495901
-0.0327879
0.0373224
-6.28143e-6
-3.2081e-5
4.65941e-5
-4.29594e-5
0.000154844
-0.000101388
0.0235331
-0.0306468
-0.0129892
0.0159464
0.0059907
-0.00579807
-6.79655e-7
2.46438e-6
7.45638e-7
-1.68592e-7
-0.0024643
0.00228255
0.000899574
-0.000831913
-7.43061e-8
7.1752e-7
-1.23331e-7
5.12352e-7
-0.000292613
0.000274672
8.49637e-5
-8.32429e-5
-2.09295e-8
-2.93963e-7
8.62422e-8
5.90503e-9
-2.18415e-5
2.33856e-5
4.82452e-6
-7.008e-6
-4.11711e-6
3.55714e-6
2.97691e-7
9.09881e-6
-2.86112e-5
3.38324e-8
-7.99827e-7
2.07726e-6
-8.27363e-7
3.49017e-7
-6.61796e-7
3.53493e-7
-6.52546e-5
-3.13228e-5
1.22103e-5
0.000354507
-0.000354441
-3.94419e-6
-8.71162e-8
-1.77153e-7
1.84578e-8
-4.20239e-9
6.98897e-8
-0.000181374
0.00035913
-1.55787e-8
-2.23687e-9
0.000336771
-0.000531258
-1.22613e-8
5.92692e-9
-0.000468678
0.000711929
-9.95332e-9
3.82084e-9
0.000515541
-0.000748307
-1.22999e-9
2.09033e-9
-0.000360154
0.000593953
2.50499e-9
-1.12159e-10
0.000227957
-0.000389287
4.58765e-9
-1.56914e-9
-0.000127942
0.000211861
3.67907e-9
-1.27647e-9
6.8762e-5
7.20999e-5
-2.28623e-9
-3.59871e-9
-3.40861e-10
-3.34737e-5
1.4827e-5
1.09623e-5
-2.31283e-5
-4.4134e-10
2.37793e-10
9.94755e-10
-2.6967e-6
-1.45556e-6
7.40151e-9
1.55472e-9
2.37333e-11
3.81841e-7
-5.76638e-9
3.24031e-8
-8.24998e-8
1.36655e-9
5.06154e-9
-8.30563e-10
-1.60628e-9
-3.65199e-8
1.99696e-8
2.52656e-8
3.19295e-8
2.79187e-9
9.40092e-9
-4.04582e-10
-7.22956e-10
-1.20444e-8
-2.27072e-9
-1.71604e-9
2.95261e-8
-1.30061e-8
-2.16044e-8
-2.07791e-9
1.1859e-9
-4.02363e-9
-1.26105e-10
-2.40021e-9
3.52343e-8
-5.18481e-8
-6.59552e-8
7.9936e-8
9.34398e-9
5.36081e-9
2.18166e-9
1.87196e-9
-6.60794e-9
-1.31454e-8
7.12724e-9
-1.23722e-8
1.34857e-8
3.15265e-8
2.01977e-8
4.64608e-9
9.22151e-9
7.21268e-9
2.75499e-8
3.29211e-9
5.52573e-9
-1.50679e-8
-3.95201e-9
1.82246e-9
1.09421e-9
-8.69467e-9
-1.04249e-8
-5.08715e-9
-1.13527e-9
-3.10289e-9
-9.41099e-9
0.00137598
0.00456013
0.0110932
-0.015526
-0.00655554
0.0245378
-0.0269337
0.0178574
0.00341376
-0.0205081
-0.0103057
-0.00545367
0.0230282
-0.00285463
0.0253707
-0.014962
-0.0233101
-0.0488583
-0.0207285
0.0458027
0.0576355
-0.000197226
0.00023742
0.000509363
0.00082321
0.00397294
-0.00278284
-0.00118216
-0.00703139
-0.0624273
0.0567097
0.0390877
-0.0254798
-0.0223918
-0.0168065
-0.0109309
0.01601
0.0204964
-2.8494e-6
1.5816e-5
1.83613e-5
7.48458e-5
-9.32694e-5
-0.00010014
-0.00795248
0.00564593
0.00129472
0.00297053
0.00196198
-0.00273462
-0.00136639
-2.38716e-6
1.50002e-7
1.18002e-6
-1.75584e-5
0.000712477
-0.00126843
-0.00029246
0.000451095
5.57494e-8
-7.40517e-8
4.93936e-8
1.51214e-6
0.000109605
-0.000176006
-3.4333e-5
4.54782e-5
6.49962e-9
-1.34149e-8
-2.40378e-8
6.64791e-8
9.5063e-6
-1.49954e-5
-1.69224e-6
2.99339e-6
6.36654e-7
-5.85634e-7
-4.78574e-8
-1.29355e-6
3.74087e-6
-1.30741e-8
-1.33509e-7
5.33993e-7
-1.32367e-6
2.10583e-7
2.08255e-7
-1.48902e-7
-5.97908e-8
1.85562e-5
-1.35078e-5
2.59532e-6
-0.00010129
0.000152747
-7.29871e-7
3.4059e-8
1.626e-8
9.04542e-8
-2.96389e-8
-2.21511e-8
-5.70786e-9
0.000101903
-0.000285906
5.40431e-9
3.61556e-9
0.000133464
-9.94423e-10
0.00018477
-0.000298392
6.00289e-5
-0.000183734
0.000391189
-8.13679e-5
-0.000302644
-4.19169e-10
4.27261e-10
-1.7657e-9
7.53263e-11
-1.22089e-9
2.85344e-10
5.12535e-10
-1.78225e-10
0.000163986
-0.000282947
0.000334588
-9.9403e-10
2.54086e-10
-1.31742e-10
-9.40293e-5
0.000185214
-0.000302479
-5.38158e-10
7.07452e-11
-6.55571e-11
1.3043e-5
-6.1244e-5
0.000164468
2.72587e-10
-2.03715e-10
9.79315e-11
-3.72474e-5
-0.000103263
6.74673e-10
9.54785e-12
4.61196e-5
-1.90275e-5
-3.0426e-5
6.37991e-5
2.26584e-10
-4.31777e-11
-2.85952e-10
1.22756e-10
1.30963e-11
2.07627e-5
-3.45695e-5
1.58549e-10
-4.54903e-11
-7.99857e-6
-4.3521e-6
-4.7932e-10
-2.55259e-10
1.5342e-6
9.74571e-7
5.05168e-8
8.29611e-7
2.8959e-10
-4.33868e-10
5.83901e-10
-4.63265e-10
-2.25027e-11
-1.23723e-7
-5.84071e-8
4.06658e-10
5.12122e-11
4.50228e-8
8.19147e-9
-6.83992e-9
-3.36383e-9
3.65757e-11
1.97398e-10
-2.54729e-10
8.20012e-11
1.73546e-10
-7.24906e-11
-1.07235e-9
4.57601e-9
1.22869e-9
2.84931e-9
3.49818e-10
2.64776e-10
-7.16297e-11
4.95632e-12
-1.61525e-10
1.9858e-10
-4.94667e-10
2.81909e-10
-1.75683e-9
-5.11435e-10
-8.84632e-11
-1.02003e-10
1.63268e-10
1.16458e-10
-2.29459e-10
-1.90207e-10
5.21281e-9
-2.58748e-9
2.89156e-9
-1.17707e-10
5.83285e-10
6.13842e-11
4.96329e-11
3.93554e-10
-4.73889e-10
1.35466e-9
-9.81466e-10
1.3646e-9
3.33682e-9
3.1617e-9
1.33145e-9
5.36902e-11
-3.7212e-10
2.78368e-9
6.60319e-10
7.9889e-11
1.85277e-11
-3.5318e-10
1.44564e-10
-1.62066e-10
1.98732e-10
-2.28569e-10
-4.0172e-11
-6.9771e-11
-6.49981e-10
-1.40416e-9
-8.96694e-10
-2.14118e-10
1.8231e-10
-5.10866e-10
-4.16075e-10
-1.00367e-10
-1.16726e-11
7.5187e-11
1.08585e-10
3.65756e-10
4.62709e-10
2.06432e-10
1.95857e-11
-8.9711e-11
1.9353e-10
0.0103823
0.0408687
-0.0365629
0.0374702
-0.0530806
0.0266116
-0.0233929
-0.0205776
0.0141952
0.018639
-0.00789039
-0.0219901
-0.00898217
0.0137267
-0.000359585
0.0108993
-0.017052
0.0213433
-0.0196339
0.0109526
-0.028734
-0.037961
0.0197541
0.0165469
-0.00476554
-0.00739534
-0.00434026
0.00524313
0.000185247
-0.000777823
0.00108306
-0.00361015
0.00110362
-0.00466854
0.00138345
0.00193767
0.00135038
-0.00153906
-7.80659e-6
1.13695e-5
1.74861e-5
-6.53431e-5
7.54235e-5
2.63154e-7
0.000914244
-0.000590292
-0.00012904
-0.000300719
-0.000199205
0.000316379
0.000115758
-1.63193e-7
-3.14685e-7
5.75979e-7
3.43354e-6
6.42776e-7
-4.497e-5
-1.41613e-6
5.22797e-5
8.78279e-6
-1.02842e-7
1.16616e-8
1.3927e-8
9.39471e-8
3.62861e-7
1.44599e-6
-4.42264e-6
4.24267e-6
4.98101e-6
1.25247e-6
6.54454e-7
-1.02433e-7
-8.63807e-7
2.90188e-6
5.82263e-7
-1.51291e-7
-7.76811e-8
-7.04945e-7
2.16308e-7
2.25078e-8
2.23411e-5
-1.78583e-5
9.2038e-6
-7.12279e-5
6.61856e-5
-1.11004e-5
-1.39372e-9
8.11309e-9
-2.29496e-9
-2.37555e-9
1.21332e-9
-1.70472e-9
7.52712e-5
4.5716e-10
3.14102e-5
-0.000107975
5.47119e-5
-1.10311e-5
4.91417e-5
-0.000100023
1.0544e-11
-9.15138e-11
-2.57046e-10
5.66427e-11
5.98089e-11
-1.8939e-11
-3.41977e-5
-4.03614e-5
3.24903e-11
-1.60541e-11
7.08798e-5
-1.00947e-5
1.35233e-11
-9.80495e-12
-0.000164706
6.78209e-5
-5.38473e-11
1.77082e-11
3.27076e-5
1.10505e-5
-1.83436e-5
-7.65989e-6
1.46095e-5
-1.04986e-11
9.51498e-12
-6.12762e-11
1.9747e-11
-1.42092e-11
5.04429e-6
-1.22355e-5
3.29814e-11
-1.18304e-11
1.63253e-6
-6.67846e-7
9.69511e-8
2.11609e-7
-5.93619e-7
4.80302e-10
-4.05361e-10
4.51415e-10
-3.52081e-10
-4.42198e-11
8.88896e-8
-2.51014e-8
2.93668e-9
7.70293e-9
-9.72125e-9
-1.3925e-10
1.00926e-10
-1.07523e-10
9.95664e-11
-4.6355e-11
-1.93533e-9
-1.38244e-9
1.67086e-11
3.56546e-11
-3.55753e-10
7.63936e-10
3.99479e-10
-1.93061e-11
4.81156e-11
-5.70315e-12
-7.77382e-12
-1.02244e-11
1.8795e-11
-1.22716e-10
-8.71156e-11
3.03906e-11
-7.57388e-11
1.55873e-11
-1.82835e-11
5.93776e-12
3.07524e-12
-1.66652e-11
1.97562e-12
9.63385e-12
-1.94444e-11
-9.7097e-11
2.32659e-12
2.49225e-12
1.72966e-11
-9.81662e-12
6.72352e-12
1.16009e-12
2.24852e-11
-3.20611e-11
-1.42732e-11
6.55108e-11
3.56089e-11
9.43987e-11
9.5457e-12
-1.51023e-11
-8.0037e-12
2.11561e-12
-5.21823e-12
6.1801e-12
-1.10541e-11
-1.45974e-11
-2.70438e-11
-6.10956e-11
-1.74381e-10
-1.30884e-10
-3.91987e-11
2.08464e-11
-1.01316e-11
-4.65659e-11
-1.73015e-11
6.50089e-13
4.9291e-12
9.98929e-12
4.54151e-11
5.83146e-11
3.12326e-11
1.88553e-12
-8.86837e-12
7.91312e-12
0.0329067
0.0279072
-0.00932188
-0.0172493
-0.0220094
0.00635308
0.0187839
-0.00490213
-0.00985442
0.00673673
0.00527569
-0.00149799
0.00620056
0.0357349
-0.0396902
0.0513272
-0.0532619
0.0287826
-0.0447881
-0.00947097
0.000370815
0.00252147
0.00127452
-0.000605834
-0.000615234
0.000273851
0.000198863
-0.00456019
0.00402863
-0.0166351
0.00513828
-0.00118505
-0.000570513
0.000389094
0.000494876
-0.000304294
-4.3122e-5
0.00028128
-0.000353244
0.000963991
-0.000351501
0.000443652
3.87815e-5
-0.000152629
-0.000166707
0.000159677
-8.3491e-6
3.33622e-5
-5.94249e-5
-0.000120987
-8.6386e-5
0.000114267
-2.14648e-6
1.02869e-5
-2.31432e-5
-2.10193e-5
9.31742e-7
2.10318e-5
-3.69067e-7
-1.72158e-7
3.4497e-6
-8.03843e-7
-8.12184e-6
5.59259e-7
-2.16196e-6
2.02032e-6
2.0582e-6
6.4129e-7
-3.20195e-6
2.61612e-6
-2.6835e-6
1.50857e-5
3.54046e-6
-2.62685e-9
-6.96547e-8
-4.11722e-7
5.30691e-8
1.78583e-8
4.84882e-5
-3.63114e-5
1.9902e-5
-0.000105494
8.21431e-5
-2.8778e-5
-1.63346e-10
-4.17531e-9
-6.78115e-9
8.85651e-9
-3.67246e-11
1.30756e-9
8.78544e-5
4.0467e-10
-3.90342e-5
-2.51912e-5
3.28022e-5
1.91763e-5
0.00011339
-0.000101062
-6.72474e-5
-8.83433e-5
1.17467e-10
-4.14271e-10
1.60991e-11
-1.60662e-10
-0.000157071
0.000129023
0.00011849
-1.25131e-12
3.64709e-11
0.000224135
-0.000127977
-0.000160228
6.99147e-12
-2.67341e-11
-0.000210095
6.45154e-5
0.000223061
6.28965e-12
-2.60734e-11
2.25291e-5
1.47738e-5
-2.11307e-5
-4.13595e-6
5.13534e-6
-1.10943e-11
-4.26184e-13
1.41684e-11
9.58186e-7
-2.55511e-6
2.88389e-11
-1.08485e-11
-2.64081e-7
5.72349e-9
6.26571e-8
-1.15738e-8
5.10303e-8
3.68086e-10
-2.52233e-10
2.85716e-10
-1.45655e-10
1.91572e-11
-3.72939e-8
7.40774e-9
2.64888e-9
-2.2651e-9
2.77825e-9
-9.72873e-11
6.14575e-11
-6.03655e-11
5.45395e-11
-1.15514e-11
-6.63348e-10
-5.81637e-11
-1.18167e-11
-1.40496e-10
4.33938e-13
-6.78619e-12
1.05089e-11
4.39043e-11
7.92562e-12
3.31996e-11
-4.58487e-12
7.0266e-14
1.80635e-12
-2.63085e-12
-5.26657e-12
5.44535e-12
-3.56455e-12
2.297e-13
1.82106e-12
-2.83523e-12
2.72867e-12
-1.75203e-12
-7.07013e-13
1.62184e-12
-4.14718e-12
3.25764e-12
9.30222e-14
6.10002e-13
6.34255e-13
-3.18618e-13
3.3348e-13
1.10686e-12
6.37632e-13
-2.82982e-12
4.89644e-13
4.4292e-12
1.00415e-11
1.43658e-11
1.25049e-12
-1.38355e-12
-4.78473e-13
1.40314e-13
-3.14979e-13
3.88674e-14
-1.13242e-12
-1.12239e-12
-3.95798e-12
-8.80511e-12
2.11549e-12
-2.01469e-11
-1.64319e-11
-7.83636e-12
6.44163e-12
2.13167e-12
-4.83088e-12
-3.16417e-12
3.18709e-13
2.86723e-13
5.91856e-12
7.04901e-12
4.91839e-12
-1.37427e-12
0.0322871
0.0380866
-0.0283566
-0.0369094
0.00584753
-0.0144635
0.0239497
0.0141732
-0.0367654
0.0550384
-0.0418465
0.0230727
-0.0106096
-0.00785736
0.0130763
0.00329011
-0.00199114
-0.000455085
6.8263e-5
5.64343e-5
-0.0013787
-0.00722695
0.00809084
-0.0187735
0.0128031
5.19507e-6
-7.43813e-5
-6.80894e-5
4.35542e-6
2.90513e-5
7.9976e-5
0.000606477
-0.0004495
0.00228971
-0.000744199
3.158e-5
7.87834e-5
1.71296e-5
-2.36659e-5
1.18956e-5
1.82006e-5
4.0618e-5
-0.000173294
-4.81158e-5
-5.95991e-5
5.41542e-5
6.12923e-6
1.62666e-5
-5.49139e-5
-4.54644e-5
-3.36619e-5
4.47167e-5
2.25126e-6
5.83284e-6
-1.87706e-5
-8.25405e-6
2.05796e-7
8.02479e-6
1.63667e-6
-3.13105e-6
2.25591e-6
-4.14224e-6
-6.95606e-6
3.31519e-7
-1.14919e-6
1.98455e-7
1.43278e-6
4.72477e-7
-9.99139e-6
8.68237e-6
-3.55002e-6
2.94785e-5
5.21968e-6
8.26184e-9
-8.01927e-9
-4.64812e-8
-1.76571e-8
-1.0966e-8
8.08592e-5
-6.68939e-5
3.80202e-5
-6.2221e-5
-0.000114028
0.000101962
-3.47243e-5
6.32077e-9
-2.16585e-8
-6.90838e-9
2.05744e-8
-4.47241e-8
6.27054e-5
2.40161e-9
-1.79959e-9
-1.63796e-9
8.21386e-10
-8.28204e-11
1.82443e-11
9.21876e-11
-2.12971e-6
-3.18793e-11
1.06549e-10
3.51978e-6
-3.40481e-7
7.4916e-12
2.35147e-11
-5.47167e-7
5.75059e-7
-9.55054e-12
-1.64808e-7
6.12092e-8
4.74334e-11
-3.34413e-11
6.15834e-9
2.26542e-8
-2.89125e-9
-1.16513e-8
1.58839e-10
-4.99483e-11
3.20131e-11
5.42319e-9
-1.83632e-9
-6.48459e-10
3.41729e-10
-1.95334e-9
-5.2412e-11
2.38325e-11
-2.75401e-11
9.66669e-12
-3.20774e-12
7.75895e-10
-1.32371e-10
-8.9991e-11
4.77756e-11
-3.43006e-13
-5.8169e-13
-5.2945e-12
-5.37211e-12
-1.89514e-11
-7.68963e-12
-1.50063e-12
-2.84333e-14
4.78185e-13
2.9399e-12
-6.20105e-13
1.24362e-12
2.06846e-13
-1.0638e-12
1.85111e-12
2.66791e-13
-3.67366e-13
4.82645e-13
-3.45196e-13
-6.04893e-14
2.50979e-13
-6.09138e-13
1.10134e-12
-1.59728e-13
4.32051e-14
-2.16895e-13
-3.6083e-13
6.1187e-13
1.62396e-14
1.07555e-14
5.65394e-14
1.45446e-14
-1.20095e-13
1.18379e-13
-2.43082e-14
-1.61666e-13
1.40134e-13
2.53487e-14
5.11703e-13
-2.70906e-13
-2.15091e-13
1.99743e-12
9.72029e-14
-1.30385e-13
-4.32901e-15
6.69661e-15
-4.26802e-15
2.50516e-14
-1.95937e-13
6.2379e-14
-8.57424e-14
-1.60825e-12
-2.42897e-12
-2.18574e-12
-6.9242e-13
2.9856e-13
-4.65244e-13
-1.40551e-13
0.0210491
-0.00827936
-0.0471022
0.0634193
-0.0330399
0.070051
-0.0861812
-0.0782393
0.0889001
0.0609788
-0.0693265
-0.0350286
0.0420625
0.0183119
-0.0207344
-0.0139051
0.0123571
-0.00104019
0.000475119
0.000229983
1.62288e-5
-0.00622101
-0.011559
0.00571246
0.0193467
-0.0117655
0.00744155
0.0147516
-5.71069e-5
8.73096e-6
2.77997e-5
-1.00516e-6
-4.72182e-6
0.000299621
0.000170424
-9.24073e-5
-3.20763e-6
0.00195371
-0.000643416
-1.47487e-5
6.02383e-6
1.21826e-6
5.87719e-5
1.32366e-5
-9.75007e-5
7.4429e-6
-2.8177e-6
2.71657e-6
2.16208e-5
-3.7484e-6
-1.72474e-5
-1.56036e-5
-2.13487e-5
1.92906e-5
7.64119e-6
-1.64826e-6
-6.73666e-6
-1.95551e-5
-1.5218e-5
2.57884e-5
2.96193e-6
-5.45541e-7
-2.39463e-6
-4.38233e-6
-1.51965e-6
9.25299e-6
2.52002e-6
-3.32261e-6
6.55984e-8
-7.91473e-7
-5.3637e-6
-8.58286e-7
-4.5423e-7
1.68379e-6
2.89778e-7
-1.22448e-6
-2.6495e-5
1.36063e-5
-2.2379e-6
9.4765e-6
5.12832e-5
2.36338e-6
5.42877e-8
-3.42049e-7
4.80372e-8
-1.83633e-7
4.41974e-7
1.09247e-7
-1.75059e-5
6.17928e-5
-6.33773e-5
3.34609e-5
-2.74922e-5
-1.61715e-5
5.63491e-5
-2.38511e-8
1.01794e-7
7.78568e-9
-1.38782e-8
4.38445e-8
8.19133e-5
-5.71359e-5
-1.85709e-9
2.10301e-9
-0.000111574
0.000114572
-1.53474e-10
1.63851e-9
9.24936e-5
-0.000105403
7.78767e-11
-1.73231e-10
-4.99421e-5
6.9182e-5
-2.11337e-10
1.30649e-10
1.38513e-5
-1.67097e-5
-3.81638e-10
1.29511e-9
-3.88596e-6
2.52052e-6
-2.35227e-10
1.21527e-9
-2.8366e-7
-1.0799e-6
1.32619e-10
3.18377e-7
4.51583e-8
3.80126e-10
-1.24191e-9
-6.63135e-8
-4.17666e-8
-1.58612e-11
-1.80362e-10
-1.4553e-10
1.12921e-8
-8.97993e-9
8.81272e-11
1.88201e-9
-1.42985e-9
-2.05925e-11
-3.35551e-10
-4.59439e-10
3.43221e-10
4.74348e-11
5.73326e-10
-9.05604e-12
1.55242e-11
-1.97731e-10
1.73718e-11
-3.96109e-12
3.38629e-11
4.90786e-11
1.35255e-11
4.11043e-11
1.39382e-12
-2.75879e-12
-6.85244e-12
6.22584e-12
-1.72963e-12
-3.78816e-13
2.90402e-12
-3.55122e-13
-2.23878e-12
-2.97331e-13
-1.0703e-12
-7.15721e-14
5.3649e-12
2.73928e-13
-1.8869e-13
-3.6015e-14
7.50644e-13
-2.22866e-12
3.03216e-12
5.49581e-14
3.13404e-15
-5.56861e-15
2.51455e-14
5.35537e-14
7.47673e-15
4.30481e-15
5.6849e-14
-3.98526e-13
2.4739e-14
3.15565e-14
-6.85488e-14
-2.83691e-15
4.6298e-14
-2.66741e-14
7.811e-15
-1.18265e-13
-6.02858e-14
1.91417e-14
-1.20583e-13
5.74327e-14
3.43694e-14
5.83666e-14
-2.24052e-14
-9.86252e-14
3.72169e-13
8.51722e-13
8.4438e-13
5.36843e-13
2.49919e-13
2.95825e-13
3.98784e-14
-3.0202e-13
2.97123e-13
4.02278e-13
1.23407e-13
-4.14621e-13
2.03963e-13
-1.17824e-13
-5.9172e-13
-5.5618e-13
-1.65624e-13
-8.0203e-13
-1.1022e-12
-9.64035e-15
-0.0531634
0.056379
0.0836268
-0.0741583
-0.0873841
0.081711
0.0695437
-0.0693157
-0.0451373
0.0486827
0.025906
-0.0230834
-0.0129106
0.00779889
0.000622328
-0.00176606
0.00252862
-0.00267007
0.00164423
-0.0143509
0.00339083
0.0242235
-0.000334105
0.000517708
3.1161e-5
-1.30277e-5
1.6242e-5
-1.73489e-6
-0.00236311
0.000865868
-0.00396093
0.00181438
1.36396e-6
1.46138e-6
1.34679e-6
-1.8374e-6
3.81454e-5
3.49118e-5
-1.31014e-5
0.000187121
-4.51325e-5
-1.37817e-7
6.85124e-7
9.06364e-8
7.30381e-6
-2.59616e-6
-9.90501e-6
4.73832e-6
-1.25761e-6
1.01166e-7
2.93166e-6
-1.56585e-6
-1.87015e-7
-9.09632e-6
-2.61189e-5
3.08625e-5
1.03169e-6
-6.45831e-7
-9.74271e-8
-2.76527e-5
-5.53022e-5
6.42384e-5
3.89151e-7
-1.49112e-7
-3.51415e-8
-2.78804e-8
-4.17092e-6
1.01029e-5
4.55319e-6
-1.65465e-5
-3.64885e-6
-1.28089e-6
1.30481e-6
5.06738e-7
1.60417e-6
-6.52638e-6
-1.75769e-6
6.5702e-6
2.43915e-5
-4.00287e-5
2.17467e-5
-1.40431e-5
-3.44404e-5
-9.78034e-6
-2.6443e-7
1.46339e-6
-2.41253e-7
6.61968e-7
-1.46816e-6
-1.81255e-7
-4.74312e-5
5.14195e-5
-8.73181e-6
4.08715e-5
7.88453e-5
-5.90558e-5
-8.95515e-5
-7.22387e-6
4.49522e-9
-4.74409e-8
-7.12536e-9
2.30322e-8
-8.39224e-5
6.48016e-5
0.000101516
-3.87499e-10
3.17012e-9
6.27702e-5
-4.99404e-5
-7.8263e-5
3.04196e-11
3.4937e-9
-3.38544e-5
2.8485e-5
4.11405e-5
-1.6651e-9
-3.47749e-9
1.42719e-5
-1.11734e-5
-1.36384e-5
-5.5167e-9
2.00332e-8
-5.46583e-6
3.18843e-6
4.66263e-6
-1.96932e-9
1.30898e-8
2.52757e-7
-6.67033e-7
-4.97326e-8
3.97007e-10
-6.22394e-9
2.33296e-9
6.09954e-9
2.73621e-8
2.18717e-9
-9.24847e-9
3.96147e-9
-9.8858e-10
-7.95788e-9
1.74297e-9
-3.37669e-11
-1.70366e-10
6.80778e-10
-9.48699e-11
8.92286e-11
-1.25518e-10
8.05613e-10
1.6095e-13
-4.63645e-12
-3.73595e-12
1.86964e-11
-9.77759e-12
9.79945e-12
-2.60487e-12
1.76323e-11
3.03718e-12
-5.48729e-12
2.88697e-12
-9.03247e-12
7.53224e-13
-3.58152e-12
3.19919e-13
-7.08223e-12
-1.4628e-11
2.59487e-11
3.74119e-13
-3.22135e-14
-1.80179e-13
3.85687e-12
-1.78307e-11
2.1515e-11
3.03239e-14
7.10944e-13
5.80748e-14
-1.01892e-12
1.14191e-14
1.50732e-13
1.47847e-13
-2.27681e-12
1.08734e-12
-3.40287e-13
-1.97327e-13
4.10073e-13
-7.80012e-14
3.16508e-13
-7.09569e-14
9.6958e-15
4.29766e-13
1.74232e-13
-7.04126e-14
3.53074e-13
-2.14267e-13
-1.03663e-12
2.53904e-13
-2.69545e-12
-1.12031e-12
2.89038e-13
5.1663e-15
2.89982e-13
1.03168e-12
-1.72658e-13
8.17652e-13
8.50295e-13
1.63015e-12
-2.04819e-13
8.90852e-13
3.43349e-12
1.80449e-12
1.95502e-12
-4.66021e-12
8.09122e-12
1.95583e-12
-5.65614e-13
-5.3474e-12
-1.72209e-12
2.47528e-12
-1.19042e-11
-1.13816e-11
0.0109894
-0.00924817
-0.0262669
0.0109795
-0.0645465
0.028141
0.0890297
-0.0858232
0.0772711
-0.0690247
0.0263673
-0.00750666
0.00168381
-0.000253698
0.000208264
0.000121036
-5.20052e-5
-6.09522e-5
0.00180687
-0.000957266
-0.000787738
-0.000146319
1.00245e-5
-3.69717e-6
2.11156e-5
-8.19183e-6
-0.00027742
7.61872e-5
-0.000724616
0.00025511
2.67244e-6
-5.34939e-7
1.80774e-6
-4.50045e-7
3.72154e-6
4.23729e-6
-1.32723e-6
-8.85666e-7
8.46179e-6
-9.11115e-7
-5.63111e-7
4.00047e-6
1.15695e-6
-5.9507e-6
2.57898e-7
-8.95775e-7
4.51678e-7
-1.38076e-7
2.89656e-5
-7.36428e-5
2.75912e-8
-2.7795e-8
7.36652e-8
-2.87961e-8
4.19096e-5
-0.000185574
5.07707e-9
7.9787e-9
1.77117e-9
3.64408e-9
-1.70229e-5
1.66724e-6
5.41729e-5
-0.000162362
-4.17607e-7
-2.04428e-7
1.26845e-7
5.57595e-8
2.33955e-5
-7.39055e-5
-2.22638e-5
6.70975e-5
6.92725e-6
3.87877e-6
-2.89402e-6
-1.34812e-6
-4.94739e-6
1.63873e-5
3.10748e-6
-1.04244e-5
-2.12313e-6
1.3814e-5
-1.01627e-5
-1.71514e-7
-9.48566e-6
4.58025e-6
7.17492e-6
2.63932e-7
-4.30163e-7
1.08257e-7
-3.22489e-7
1.40632e-7
-4.40881e-7
-5.53572e-8
-7.88634e-9
-3.07711e-8
2.70352e-8
-3.75369e-8
-7.41108e-8
4.80712e-7
-1.34242e-8
-3.38649e-9
6.38405e-8
-1.47455e-8
1.37366e-7
1.9572e-8
-2.47698e-8
1.18191e-8
9.08614e-8
-2.37051e-8
4.34014e-9
-1.61464e-9
-4.75825e-9
1.9469e-8
-2.32967e-10
1.47122e-9
-3.18614e-9
2.0652e-8
-4.00929e-10
8.68516e-11
-1.08186e-10
6.02214e-10
-2.46151e-11
9.13655e-11
-1.28618e-10
7.28461e-10
-1.3534e-11
2.97458e-12
-1.6512e-12
2.97675e-11
8.5603e-12
1.06933e-10
-7.61042e-11
-1.35176e-11
-6.10473e-11
1.05975e-12
-5.66931e-12
1.80976e-12
-3.69013e-12
-2.87802e-12
-9.91948e-11
-1.156e-12
-1.29832e-11
-1.64381e-12
1.74109e-11
2.65947e-11
-5.89186e-11
-2.99518e-12
1.57043e-11
4.39957e-12
-1.78724e-11
-5.69653e-13
2.68726e-12
-9.24099e-13
-3.21408e-12
-1.23488e-12
2.69581e-13
-4.83477e-12
-7.61873e-14
2.82962e-13
5.78996e-14
8.84535e-13
8.39259e-12
-3.15209e-12
-1.84268e-12
3.66987e-12
-1.28921e-12
6.10243e-12
-1.17395e-12
1.75785e-13
4.34672e-12
8.29004e-13
-1.77391e-12
-1.15421e-12
-4.46944e-12
1.96249e-11
8.92549e-12
-2.35039e-11
-2.41481e-11
4.96851e-12
1.39481e-11
-2.13111e-13
1.39918e-12
-1.46755e-12
1.21023e-11
1.62611e-11
-1.35578e-11
1.62086e-11
5.71149e-11
-2.8857e-11
2.75528e-11
0.0493309
-0.0322169
-0.0753803
0.0591605
0.0872336
-0.0925556
-0.0859756
0.11784
0.117358
-0.139922
-0.0364753
-0.000287851
0.0127744
0.000930134
-0.0032284
0.00232894
0.0025074
-0.000723828
0.0114407
-0.00332334
-0.0213377
-0.00174652
0.000229497
-3.65206e-5
0.000192889
-0.000143841
0.00042285
-0.00016421
0.000261859
-0.000144542
4.07936e-5
-8.92477e-6
2.51273e-5
-4.88704e-6
-1.73198e-5
2.76961e-6
-7.90688e-5
2.26902e-5
1.14123e-6
-1.8758e-7
1.13686e-6
-8.46903e-7
-3.71381e-7
-1.02492e-5
1.5344e-6
1.01947e-6
7.39283e-7
-1.66472e-5
5.00495e-5
-7.73456e-5
-2.28565e-7
9.69587e-5
0.000339768
-0.000381896
1.06654e-8
0.000517493
0.000583617
-0.00106476
-3.39504e-8
-1.5161e-8
9.34135e-9
-4.46802e-10
0.000206268
-0.000511676
-0.000179389
0.000422839
1.04673e-6
4.09296e-7
-3.28463e-7
-1.08986e-7
-4.85107e-5
0.00012768
3.05063e-5
-7.84682e-5
-1.71914e-6
-3.74051e-6
1.239e-6
1.66404e-6
5.51414e-6
-1.57413e-5
-4.0508e-6
8.46986e-6
1.70904e-6
3.25717e-5
-4.48776e-5
1.74431e-5
-1.91196e-5
-4.56865e-5
2.40594e-5
6.25747e-5
-1.12951e-5
6.59299e-8
-1.6591e-7
-1.31694e-8
3.50591e-7
4.67265e-5
-3.6744e-5
-5.65483e-5
1.82147e-7
-8.06979e-7
-4.00468e-5
4.4333e-5
4.4332e-5
-1.29486e-7
4.89469e-7
4.54383e-5
-5.03391e-5
-3.14709e-5
1.05872e-7
-1.76605e-7
-1.40475e-5
8.22157e-7
1.09563e-5
9.57426e-8
-4.51279e-7
4.77602e-6
-6.56587e-7
-2.67954e-6
2.19175e-7
-9.26338e-7
-9.46892e-7
3.31509e-7
3.71088e-7
-4.27732e-7
1.46708e-8
-1.11061e-7
-2.50333e-9
5.84229e-9
-8.78025e-8
4.57172e-7
-7.68058e-9
2.15418e-9
-4.22193e-9
1.76194e-8
-4.46832e-10
1.68624e-9
-1.99943e-9
2.2534e-8
-3.11609e-10
4.55892e-11
7.6247e-11
8.94309e-11
-1.92226e-11
7.89602e-11
-4.63244e-10
9.98595e-10
-1.38305e-10
3.00482e-10
1.42342e-10
1.31713e-10
2.72745e-10
-5.78692e-10
4.70871e-11
-3.25941e-11
3.39984e-10
-3.9638e-10
-6.55303e-11
-1.02047e-11
3.60106e-11
-4.75261e-11
1.11913e-11
1.45614e-11
1.33671e-11
-1.00523e-13
1.42084e-13
2.94712e-13
-9.95298e-13
8.60107e-12
-1.46229e-10
1.31085e-12
2.68462e-12
-6.42084e-11
-1.04294e-12
5.27019e-12
-5.29093e-13
-2.08732e-14
1.45055e-10
-3.13729e-11
-9.84712e-12
3.89283e-11
-2.3861e-11
1.25585e-10
-2.25554e-11
3.21396e-12
-1.10057e-11
-2.81288e-12
-4.6359e-11
-1.56603e-12
7.06716e-11
-5.19847e-12
-9.6017e-11
6.24638e-11
-4.96474e-11
-4.99032e-11
-8.48924e-11
-1.71129e-10
4.0875e-10
-3.25528e-10
8.55277e-11
-1.50617e-10
4.17646e-10
-2.25444e-10
7.87807e-11
2.39367e-10
7.19689e-10
-0.00917761
0.00550239
0.0160463
-0.0122984
0.0352326
-0.0444998
0.107278
-0.0581721
-0.111684
0.111166
0.000513307
-0.00572894
-0.00934365
0.0205949
0.00553836
-0.0125349
0.00055503
-0.00287235
2.38814e-5
-1.19702e-5
0.00167401
6.63189e-5
0.000878311
-0.00015267
0.000243436
-5.51855e-5
5.25075e-5
7.84285e-6
7.36506e-5
-7.42952e-5
1.60981e-5
-4.14143e-6
1.26747e-5
-1.7274e-6
3.88356e-7
2.90944e-6
-1.73296e-5
5.45569e-6
-1.51032e-5
4.60226e-5
-3.13567e-8
-1.30186e-5
-3.4627e-6
2.90792e-5
7.05672e-7
-2.353e-6
3.74315e-6
-2.54306e-6
-6.07731e-5
0.000268287
-5.41989e-8
2.65634e-7
3.00068e-7
7.79546e-8
-0.000304128
0.00119733
-7.95879e-10
-3.17838e-8
1.3119e-7
-2.28461e-8
-0.000632337
0.00152691
7.77931e-11
-5.02951e-10
2.62684e-8
-1.32477e-8
0.00106121
-0.00180714
-0.000869725
0.00154006
8.79754e-8
2.54323e-8
-1.91303e-8
-6.69985e-9
-0.000297832
0.000600763
0.000180417
-0.00036604
-6.91817e-7
-6.36105e-7
2.94091e-7
2.11319e-7
3.75714e-5
-8.11358e-5
-1.463e-5
3.09898e-5
-4.72982e-6
4.95577e-6
-7.30636e-7
2.26725e-6
9.05113e-6
-4.50198e-6
1.50426e-7
-1.89623e-6
2.62435e-6
-7.79993e-8
4.44847e-7
1.15637e-5
1.62866e-6
-1.40806e-5
-8.5805e-7
2.12654e-6
-2.7248e-6
-1.09992e-6
3.5643e-7
-2.61729e-6
1.57295e-6
3.01719e-6
-3.73018e-6
4.36474e-6
-4.12189e-7
1.15542e-6
1.6598e-6
-3.68726e-6
2.54005e-7
-8.41295e-7
-1.25972e-7
-1.9337e-6
2.80675e-6
7.53109e-8
-2.02556e-7
6.00261e-8
-1.07749e-7
4.4663e-7
-1.05459e-8
1.72729e-8
-8.00429e-8
5.55632e-7
-3.5586e-9
1.00875e-9
-2.52746e-9
1.10954e-9
-1.55225e-10
1.35562e-9
-7.98394e-9
5.27022e-8
-8.54846e-10
6.88206e-10
4.90338e-10
7.19471e-10
-2.16098e-10
-4.51986e-9
1.62591e-9
-7.12412e-10
-2.44106e-9
-2.29238e-10
-3.04298e-11
-5.77631e-11
1.01934e-9
-1.60075e-10
1.00167e-9
-8.53472e-11
1.29636e-10
-3.35434e-11
2.62933e-10
-3.50039e-10
1.28041e-9
1.66555e-10
3.08504e-11
8.78429e-11
-8.81804e-10
-6.49027e-11
2.06093e-10
1.35586e-11
-5.86486e-10
-3.25006e-10
2.06683e-9
-1.33982e-12
-6.77214e-12
1.63237e-12
-3.65362e-9
8.85393e-10
3.95375e-10
-1.59425e-9
-4.65915e-13
1.5624e-12
9.19228e-13
1.06765e-11
2.17918e-9
-6.39615e-10
-1.42563e-10
7.1687e-10
-2.09746e-11
1.13187e-10
-6.6183e-12
7.9003e-13
-1.02155e-9
9.33898e-11
1.35545e-10
-5.39638e-10
8.18866e-11
-1.57312e-9
-5.33277e-10
1.85102e-9
-2.71305e-10
5.15875e-11
4.56301e-12
-8.4128e-10
3.69101e-10
1.33429e-9
-1.10146e-9
4.80364e-10
-1.68125e-10
2.45945e-9
-2.11841e-9
3.06795e-9
-2.50826e-9
-0.0947089
0.0886071
0.140698
-0.0674629
-0.110073
0.0311178
0.0199256
-0.00185537
-0.0028173
0.00179955
-0.00151721
0.00383881
-0.0488266
0.0170094
0.067803
-0.00507029
0.0345257
-0.0377976
0.0125274
-0.0125421
-0.00281193
0.000171169
0.000100051
-0.000501343
-0.000285035
0.000950843
0.000310844
-7.66233e-5
0.000134208
9.52129e-6
-9.45268e-5
0.000310762
-0.000140659
0.000173381
-0.000604921
-2.04611e-5
1.47559e-5
-4.30163e-5
0.000157741
9.88188e-6
6.03214e-5
3.65229e-5
-2.99329e-5
-5.16811e-5
-0.000283117
0.000388058
6.34437e-6
-0.000419848
-0.00072587
0.00125647
-9.88469e-7
-0.0024699
-0.00234463
0.00377843
-1.18013e-7
1.07134e-9
0.00263853
-0.0022545
2.02396e-9
6.41633e-9
-2.24065e-10
1.9162e-9
-0.00106921
0.0016378
0.000575681
-0.00106194
-1.06411e-7
-5.96715e-8
3.02548e-8
1.47412e-8
0.00015109
-0.000246799
-4.57251e-5
5.59826e-5
-8.14024e-7
1.93068e-7
3.00733e-7
-5.51802e-7
-1.21456e-7
-6.35675e-6
1.70676e-6
5.36663e-6
1.28042e-6
-2.14468e-6
-3.92323e-6
4.85864e-6
3.141e-6
-2.57518e-5
3.48035e-5
-1.70491e-5
1.86757e-5
3.96976e-5
-1.51557e-5
-3.68312e-5
1.63969e-5
-3.32657e-6
1.24931e-5
9.86688e-6
-1.26259e-5
-3.20962e-5
7.18795e-6
3.66828e-5
-1.04123e-5
8.14188e-6
5.78323e-6
-2.27521e-7
-1.56906e-6
4.30617e-6
-2.30403e-6
2.40295e-6
-7.82558e-6
1.25386e-5
-1.09187e-5
8.55319e-7
-8.71408e-7
-2.59657e-6
2.80699e-6
-1.89138e-7
-3.42105e-9
2.47006e-8
-5.65549e-8
2.43081e-7
-6.82734e-9
7.73846e-9
-3.33103e-7
5.26653e-7
5.65474e-9
-6.26289e-9
1.41502e-8
-4.59728e-8
5.27858e-9
3.83882e-8
-1.26068e-8
4.67196e-8
-1.98791e-7
3.71192e-9
5.71479e-9
-1.28022e-8
3.86316e-11
-3.73353e-9
-1.09128e-9
-2.32244e-10
-3.83269e-9
7.11425e-9
1.14154e-10
4.3563e-11
-7.42366e-10
1.51462e-9
5.32859e-9
-8.21673e-9
1.67171e-11
-6.08242e-11
1.78516e-10
1.18151e-8
5.29475e-9
-1.61049e-8
-9.80019e-12
7.05706e-12
2.13493e-11
-1.03075e-11
1.94961e-8
-5.60699e-9
-2.19175e-9
7.63515e-9
-6.71652e-12
1.6646e-11
-5.80807e-12
-5.15157e-11
-7.65064e-9
2.13175e-9
1.33289e-9
-3.0629e-9
-5.99909e-10
2.17539e-9
1.51748e-10
4.13912e-11
5.75861e-10
1.02195e-10
-1.43833e-9
1.95315e-9
-1.25102e-9
2.02083e-9
-7.09142e-9
-5.14521e-9
-2.49655e-9
5.53902e-9
-2.70197e-9
7.85175e-10
-9.01989e-9
5.83953e-9
-1.99055e-9
6.06851e-9
-3.9963e-9
0.0531484
-0.0669266
-0.0761859
0.078102
-0.078492
0.0638765
-0.0244655
-0.0162548
0.0122866
0.00586505
0.0161561
0.00497947
0.0198829
-0.00103697
0.001587
-0.00176491
-0.00416911
0.00149295
-0.010959
-0.00544319
0.0216438
-0.0479399
0.00688441
-0.0118601
-0.00183115
0.000514617
0.000445167
0.000522739
-0.00143258
0.000943776
0.000566027
7.7529e-5
-0.000744832
-0.000191966
0.000641482
-0.000131565
-0.000534971
-7.73021e-5
7.72989e-5
-0.000141212
0.000263895
-0.000123485
0.000286717
-0.000526683
9.64504e-5
0.000977005
-0.00106518
-0.000650681
1.08746e-5
-3.60413e-5
3.6857e-5
-1.29689e-5
0.000910134
-0.00110829
1.30027e-6
-3.53088e-6
4.04494e-6
-2.19428e-6
0.00213333
-0.00301198
5.95937e-8
-5.87256e-8
-4.96252e-8
-1.28152e-7
-0.00338204
0.00296128
0.00262712
-0.00219899
-9.25944e-9
-3.37485e-9
-0.00177018
0.00106009
-7.07631e-9
-3.75521e-9
3.87964e-9
3.19345e-9
-1.75834e-8
0.000417003
-0.000343494
9.84772e-5
-2.6774e-5
-6.19145e-8
5.48956e-8
5.86595e-10
2.85454e-8
-6.95907e-8
2.2935e-6
-3.49277e-5
3.91889e-5
1.08293e-7
-1.51824e-5
-6.12677e-6
2.05516e-5
7.76712e-6
-1.09342e-5
3.67276e-6
-5.57026e-6
-1.31342e-5
7.25258e-6
-1.92296e-6
2.82105e-6
-1.15014e-5
-1.28877e-5
3.59991e-5
-9.42391e-6
-3.53818e-5
9.04552e-6
3.17169e-5
-3.3512e-6
-2.00787e-5
-4.02038e-6
2.57788e-6
-1.97423e-5
1.89491e-5
2.23257e-6
1.52376e-6
-9.2782e-7
2.21403e-5
-1.93701e-5
-3.19713e-7
1.64147e-6
-6.48603e-6
-3.90732e-6
1.6264e-6
-3.2081e-6
1.06068e-5
-6.13414e-6
5.4578e-7
-9.67338e-7
-1.70889e-6
1.18216e-6
-1.35301e-7
-3.06593e-8
4.47479e-8
1.21846e-8
-1.4279e-7
3.59475e-7
-3.0698e-7
4.66737e-7
-6.00826e-7
-4.08078e-8
1.4684e-7
-3.60198e-8
-4.83512e-8
1.49349e-7
-8.32724e-9
4.22306e-9
-9.88737e-9
1.88844e-8
-9.67206e-9
-1.22127e-7
7.59266e-8
1.02492e-8
-1.63822e-8
1.27432e-8
-3.82306e-8
-3.36442e-9
6.30547e-9
4.38638e-9
-7.4305e-9
1.13e-9
-4.18438e-9
1.81492e-9
2.08556e-9
1.13183e-9
-1.69408e-9
-1.94974e-8
3.78606e-8
2.41066e-8
-5.81982e-8
4.50025e-12
1.27404e-10
-2.98475e-10
6.61203e-8
-2.92916e-8
3.2556e-8
2.28143e-12
-3.04139e-12
-3.36232e-8
-1.13963e-8
2.56937e-8
6.02588e-11
-4.60279e-11
-1.55805e-10
3.41135e-11
-8.62664e-9
1.49205e-8
5.78425e-9
-1.06029e-8
-2.66461e-10
8.26794e-10
3.54748e-10
3.41484e-12
2.09487e-10
6.65158e-9
-1.83928e-9
4.59859e-9
2.38022e-10
-4.6101e-9
1.51067e-8
8.80416e-9
1.17538e-8
8.25197e-9
-1.37565e-8
2.63218e-9
-6.29595e-9
3.23342e-9
-1.40621e-9
-2.10428e-8
1.63609e-8
-1.33923e-8
8.36798e-9
-9.30066e-9
9.06507e-9
0.0384656
-0.0575928
0.0804499
-0.103614
0.0841299
-0.0532897
0.0166691
0.00396788
-0.0190507
-0.0411302
0.0346233
0.0182958
0.0270064
0.0147481
-0.00530362
0.00877253
-0.0266685
0.0130613
-0.0291856
-0.00029045
0.00284052
-0.00731778
0.00410361
-0.00284821
-2.2792e-5
0.000886672
-0.00159886
0.000922818
-0.00134038
0.00237824
0.000201365
0.000416376
-0.00210937
0.00220119
0.00167276
-0.000433746
0.000211337
-0.000730555
1.3724e-5
-3.48705e-5
1.10183e-5
-0.000264108
-2.3554e-5
-8.08884e-6
5.53946e-6
-0.000964074
0.00134184
-1.24916e-6
9.48013e-7
-0.00117179
0.00074015
5.55259e-8
-3.83872e-8
-4.75692e-7
-4.74299e-8
0.00132802
-0.000233635
-0.00061861
-0.000203699
-1.528e-8
6.61345e-9
-0.000185812
-6.43819e-5
0.000366654
3.92465e-9
-1.16255e-8
1.83673e-8
0.000159383
-0.000113746
-3.53114e-5
0.000101598
2.2441e-6
3.03264e-7
-1.51736e-6
3.07336e-6
-3.42474e-8
-1.0978e-5
1.60742e-5
4.59073e-5
-5.19967e-6
-8.31463e-5
5.14969e-6
8.46132e-5
-3.69583e-6
-6.837e-5
6.46728e-7
4.42486e-5
7.2342e-7
-2.54228e-5
-2.29318e-6
1.42124e-5
-3.97665e-6
3.86967e-6
2.20657e-5
-1.78333e-5
1.5593e-6
2.68856e-6
-7.39797e-6
-3.28044e-6
1.43683e-6
-1.98815e-7
1.20225e-6
-8.55469e-7
9.47937e-8
2.32333e-8
-7.07929e-7
2.7629e-8
3.17571e-9
-1.73936e-8
9.58407e-8
3.11841e-8
-6.43565e-8
2.94264e-8
7.11026e-7
-5.67518e-7
-1.18527e-8
1.05475e-8
4.11342e-7
-1.41902e-7
-6.79459e-9
8.77527e-9
2.97049e-8
7.42625e-9
-3.01536e-9
6.27581e-9
1.95816e-8
-4.25699e-8
-6.78082e-10
1.82023e-9
-8.98247e-8
1.47006e-7
-4.20426e-11
3.1575e-10
-1.43107e-7
-6.27245e-8
1.26691e-7
-1.4676e-11
-6.25426e-11
2.86335e-10
-1.31249e-10
-1.04083e-7
4.97763e-8
-5.67192e-8
2.14705e-11
-4.06551e-10
5.15435e-8
-2.1466e-8
2.20177e-8
-4.02588e-10
6.53642e-10
-1.90446e-8
2.41241e-8
-8.14685e-9
-1.08847e-8
2.73936e-8
4.26325e-9
-8.96179e-9
3.69586e-10
2.79261e-10
9.79005e-11
-3.46829e-8
4.19705e-8
-3.38169e-8
2.38285e-8
-1.40802e-8
8.01858e-9
-4.18813e-9
3.41628e-9
0.0372663
-0.0487058
0.035425
0.0631061
-0.0953524
0.0984918
-0.0742612
0.0326004
0.00753771
-0.0332555
0.0531101
-0.0911931
-0.0740926
0.106792
0.0240088
-0.0237331
0.023638
0.00676616
-0.0142506
0.012027
0.0201646
-0.0191174
0.00121574
-0.00881997
0.0179848
0.00443574
-0.011144
0.00726485
-0.00251227
0.00509767
-0.00365043
-0.00756585
0.00311716
-0.00587655
-0.00232312
0.00313327
-0.00210219
0.00239652
-0.00142009
0.000879284
-5.31632e-5
0.000706523
0.000130857
-0.000260371
0.000312925
0.00140919
-0.00203099
4.40101e-5
0.00078133
0.0026275
-0.00337683
-1.07526e-5
-2.3916e-6
-0.00133869
0.00111452
2.0504e-6
-7.60315e-7
-0.0010611
0.00101389
-4.01416e-8
6.00889e-8
2.42264e-7
-5.56365e-8
1.64064e-8
0.000399566
-0.000864786
0.000614592
-0.000625264
3.4121e-9
-5.17717e-9
-4.17379e-9
2.88838e-10
-4.97714e-10
-0.000305036
0.000458259
-0.000242747
9.96857e-9
0.000144201
-0.000149637
4.01025e-7
-3.956e-8
-1.37009e-8
-4.06865e-7
1.02259e-6
-5.76439e-5
8.90482e-5
1.21073e-5
-1.96848e-6
-8.97892e-5
2.33308e-6
0.000143816
-1.44331e-6
-0.000157468
-6.55906e-7
0.000130849
3.09875e-6
-8.67765e-5
-4.64379e-6
4.70047e-5
6.38658e-6
-2.19224e-5
-1.06688e-5
1.32365e-5
-8.50554e-6
1.24694e-5
1.559e-5
-1.23471e-5
2.91132e-6
-2.65276e-6
2.85764e-6
2.46621e-8
3.73165e-7
-2.26072e-6
2.11056e-6
-1.559e-6
3.70506e-6
8.64006e-8
-7.30086e-8
8.34307e-7
-2.53153e-6
2.01398e-6
9.74184e-7
-2.00803e-6
1.19802e-8
-7.51278e-9
-9.37317e-9
2.0789e-8
-7.96244e-7
1.3649e-6
-1.00333e-6
4.80538e-7
2.77491e-9
-2.45836e-10
-3.65617e-7
2.46568e-9
-2.77186e-9
3.93119e-8
-2.79953e-9
-2.03884e-8
-3.92239e-10
-9.97726e-10
1.7317e-9
2.11167e-7
-3.99174e-7
-6.07572e-11
-2.6309e-10
5.50661e-10
2.67749e-7
-2.04207e-7
-1.95609e-10
8.37055e-11
1.55447e-7
6.77805e-8
-1.10546e-7
5.20466e-10
-7.60728e-10
-7.78041e-10
4.84215e-10
7.19376e-8
-7.19502e-8
-3.60744e-8
5.40079e-8
-8.69727e-10
1.56513e-9
2.86733e-9
-1.88578e-9
1.50343e-9
-3.62047e-8
2.43311e-8
-3.57249e-8
-2.37824e-8
3.97643e-8
-1.0141e-9
1.73025e-9
-2.02383e-10
-1.00916e-9
-5.53112e-10
-4.43469e-9
-4.23101e-8
5.73939e-8
-5.96717e-8
5.13214e-8
-3.53672e-8
1.92442e-8
-7.5468e-9
6.33281e-10
3.41415e-9
-4.19484e-9
-0.0583212
0.0504556
0.073379
-0.0714366
0.0420056
0.00338201
-0.0444412
0.0664801
-0.0707996
0.0641532
-0.0422543
-0.015664
-0.0312772
0.020797
-0.0145815
-0.0263711
0.0435537
-0.0594599
0.0771698
0.0289677
-0.014394
0.00967048
-0.00652549
0.00443339
0.00853242
-0.00500728
0.00280186
-0.00294124
0.00191813
-0.00119081
-3.68073e-5
0.000514719
-0.000402756
0.000651484
-0.000427259
-0.00104283
-0.000895953
0.00118572
-0.00179525
0.00262896
0.00021411
-0.000409457
0.00030847
-0.000154722
-0.00339008
0.00388361
4.69435e-5
-0.000116459
8.33297e-5
-3.51857e-5
-1.22077e-5
0.00233624
-0.0034641
0.00225163
-0.00219196
2.51778e-6
-3.39238e-7
0.00177305
-0.00140733
-5.17257e-8
6.01951e-8
4.8094e-9
0.00106577
-0.000766068
0.000623878
2.90514e-9
-4.83034e-10
-2.14694e-9
-0.000492383
0.000366288
0.000156917
-0.000318938
-1.3012e-8
1.79796e-7
-3.26087e-7
-0.000116235
-2.81572e-5
4.9355e-7
0.000130808
2.68752e-8
-0.000209076
-1.79468e-6
0.000236907
4.49398e-6
-0.000208732
-6.98538e-6
0.000145769
8.18161e-6
-8.13692e-5
-8.24088e-6
3.66596e-5
7.55246e-6
-1.39677e-5
-5.53492e-6
4.92233e-6
-2.39316e-6
2.20128e-6
1.4653e-5
-1.19909e-5
-5.69256e-8
5.35943e-8
6.7675e-8
6.67057e-6
-4.26035e-6
3.50361e-6
4.07152e-9
-1.99794e-9
1.31716e-8
-2.9178e-6
2.26244e-6
-1.59851e-6
-2.36971e-10
-1.23652e-9
1.25444e-6
4.20014e-7
-1.04322e-6
-7.42836e-10
-1.81375e-10
-5.65757e-10
8.19729e-10
-1.7301e-7
3.68238e-7
5.81243e-8
3.12508e-8
2.4843e-7
-6.62276e-7
3.13305e-10
-3.01402e-10
-9.79156e-7
1.31007e-6
6.56658e-7
-8.20578e-7
6.15568e-11
6.62514e-11
-2.0205e-10
4.17211e-7
-3.61573e-7
2.58426e-7
3.78648e-10
-1.80571e-10
6.25446e-11
-1.81348e-7
1.2456e-7
1.31706e-9
-7.51698e-10
-8.53259e-8
7.11116e-8
-6.20142e-8
-7.4907e-9
3.76019e-9
-2.23715e-9
5.93936e-8
-6.68406e-8
3.3658e-8
-5.44795e-8
3.47664e-9
-1.98061e-8
1.52121e-8
5.30834e-8
-6.29305e-8
6.73555e-8
-5.85499e-8
3.95966e-8
-1.85403e-8
2.94103e-9
4.85391e-9
-6.54585e-9
6.6697e-9
-0.0443846
0.0636636
-0.0437407
-0.0371531
0.0457863
-0.0465624
0.0349726
-0.00291526
-0.0426618
0.0825484
-0.100344
0.0959323
-0.0823936
0.061047
0.0798068
-0.100893
-0.0683428
0.0667442
-0.0615834
0.0403303
-0.0236355
0.0162184
0.0354968
-0.0240585
0.0147331
-0.0100603
0.00646711
-0.00423842
-0.00935111
0.00596569
-0.00355184
0.00272674
-0.00165625
0.00169722
-0.000290344
0.00102608
-0.000755817
0.000445399
-0.00105485
0.00206498
-0.0026789
-0.000225039
0.000125539
0.00314261
-0.00345068
-6.05357e-5
2.59606e-5
1.12865e-5
0.0032299
-0.00229693
0.00180513
-4.20985e-6
1.37414e-6
-0.00148114
0.00114925
-3.4444e-7
5.00392e-8
-2.43965e-8
-0.000848421
0.000620978
-0.000505885
3.78495e-9
5.61259e-10
-2.32768e-9
0.000424893
-0.000435244
0.000334855
-3.86684e-8
1.00734e-8
2.87846e-9
3.06349e-8
-5.46951e-8
0.000203087
-0.000303938
6.92843e-5
3.2639e-8
6.20529e-5
2.81836e-7
-0.000168958
-1.39612e-6
0.000254276
3.74736e-6
-0.00029667
-7.00034e-6
0.000276668
9.89581e-6
-0.000206433
-1.11451e-5
0.000122315
1.07306e-5
-5.72415e-5
-9.86954e-6
2.21126e-5
8.41903e-6
-6.89775e-6
1.26766e-5
-1.58639e-5
-4.85535e-6
4.46007e-6
-1.20186e-5
1.17911e-5
-1.20305e-5
8.24597e-6
-1.16892e-8
1.26804e-8
-5.22533e-7
-6.92097e-6
5.69677e-6
-5.19153e-6
-4.06988e-10
3.59164e-9
-5.43171e-9
4.75772e-6
-3.98181e-6
2.89039e-6
-1.79226e-10
4.8753e-10
-1.95649e-6
1.21009e-6
2.49355e-10
9.15188e-11
-4.15869e-11
-4.57529e-7
-1.76484e-7
6.43581e-7
-1.5321e-11
-4.98952e-11
-1.11021e-6
1.11577e-6
8.06725e-11
-4.62524e-12
-6.54634e-7
4.01098e-7
-2.58738e-7
-5.83882e-10
3.00547e-10
-1.67889e-10
1.6648e-7
-1.08506e-7
-1.64789e-9
1.02534e-9
7.52012e-8
-6.35892e-8
6.04238e-8
6.61967e-9
-4.06901e-9
2.5744e-9
-7.68448e-8
7.16678e-8
5.99942e-8
-9.31372e-8
1.74652e-8
-1.94288e-8
-1.81016e-8
1.66339e-8
-9.70652e-9
4.82111e-8
-5.50506e-8
5.8799e-8
-5.98417e-8
5.04757e-8
-3.01942e-8
6.88318e-9
1.0099e-8
-1.71561e-8
1.79436e-8
-1.50503e-8
2.5993e-8
0.0190549
-0.0483898
0.0427705
-0.0226545
0.0207018
-0.00622035
-0.0242812
0.0659839
-0.102931
0.118486
-0.106624
0.081613
-0.0683229
0.0654772
-0.0624501
0.0446884
-0.0484585
0.0372939
-0.0183554
-0.0291267
0.0201131
-0.0132491
0.00923272
-0.00553818
0.00332425
0.00887016
-0.00589708
0.00363137
-0.00198098
0.00112265
-0.00189155
0.000491367
-0.000809862
0.000871776
-0.000384371
0.00108916
-0.0020861
0.00236393
0.000137891
-0.000109704
-0.00245211
0.00239851
4.67645e-5
-3.79949e-5
-3.73568e-6
-0.00279592
0.00177521
-0.00102009
2.37929e-6
-1.06794e-6
0.000749614
-0.000599712
3.96151e-7
-1.10023e-7
1.06672e-8
0.000463749
-0.000355048
0.000348285
-2.94051e-9
-6.22031e-9
2.72895e-9
-0.000459878
0.000486282
-0.000329924
-5.07502e-9
-1.17141e-8
-2.25895e-8
0.000244075
1.65764e-5
1.43464e-7
-0.000140687
-5.4727e-7
0.000198688
1.73773e-6
-0.000268119
-4.10113e-6
0.000314116
7.44196e-6
-0.000307659
-1.06114e-5
0.000245541
1.21723e-5
-0.000157186
-1.14028e-5
7.77104e-5
9.5454e-6
-2.79235e-5
-9.5314e-6
7.44324e-6
1.02388e-5
-1.31201e-6
-1.09904e-5
9.07215e-6
-7.84906e-6
4.37169e-8
-1.9991e-7
6.21191e-7
7.19073e-6
-6.38369e-6
6.23768e-6
-1.34373e-9
3.82911e-9
-1.46956e-8
-5.84566e-6
4.80998e-6
-3.35687e-6
-9.24248e-11
3.87734e-10
1.8011e-6
-7.56462e-7
-8.74345e-11
-2.39107e-11
3.14163e-11
1.08735e-7
5.80086e-7
-6.35612e-7
-8.3887e-11
7.05262e-11
1.01571e-6
-1.53597e-6
-2.30477e-10
1.20745e-10
7.82312e-7
-3.46094e-7
1.89327e-7
6.85231e-10
-3.40221e-10
2.39144e-10
-1.15893e-7
7.53929e-8
1.69232e-9
-1.08436e-9
-5.24822e-8
5.34327e-8
-7.96963e-8
-5.97854e-9
3.90353e-9
-2.56992e-9
9.22632e-8
-7.30198e-8
7.47147e-8
1.84021e-8
-1.31422e-8
8.6406e-9
-3.15738e-8
4.20208e-8
-4.45075e-8
4.17547e-8
-3.04818e-8
9.51628e-9
1.38593e-8
-2.95379e-8
3.17093e-8
-2.53207e-8
2.19508e-8
-1.86174e-8
0.00911557
0.0226491
-0.0265877
-0.00875502
-0.00701432
0.0315008
-0.0645083
0.0955596
-0.109519
0.101255
-0.0681403
0.0523207
0.0328954
-0.0385801
-0.025328
-0.00118983
-0.0110038
0.00701622
0.0182034
-0.0153262
0.00966631
-0.00459111
0.00368343
-0.00195379
-0.0064563
0.00456749
-0.00278371
0.00129614
-0.000594192
0.00121962
0.000245143
0.000359265
-0.000588652
0.000327035
-0.00100654
0.0021693
-0.00176962
-0.000149097
5.99963e-5
0.00178332
-0.00159771
-4.52923e-5
3.47862e-5
-3.89752e-6
0.00158278
-0.00062376
0.000160186
4.99061e-7
1.1752e-7
-0.000170711
0.000187478
-2.01878e-7
1.92168e-7
-2.64465e-8
-0.000195414
0.000141974
-0.000122402
3.24338e-8
1.25375e-8
-5.00649e-9
0.000143354
-1.13251e-5
1.22593e-8
-3.76193e-5
-5.77415e-8
2.41883e-7
-2.53115e-7
0.000282689
-0.000318698
5.06624e-7
-0.000210206
-1.44573e-6
0.000254088
3.29464e-6
-0.000289995
-6.06206e-6
0.000292099
8.96957e-6
-0.000246772
-1.06488e-5
0.00016896
1.04376e-5
-9.31278e-5
-7.69395e-6
3.68258e-5
7.07512e-6
-1.07737e-5
-6.12042e-6
5.60073e-6
-5.4016e-6
6.23996e-6
3.62605e-8
4.95651e-8
-1.11174e-6
-6.96621e-6
5.50809e-6
-5.57509e-6
-9.09966e-10
1.26125e-9
-6.61153e-9
5.16692e-6
-3.64891e-6
1.48818e-6
-3.80188e-11
1.86135e-10
7.03645e-7
-2.00876e-7
3.2359e-11
-1.54352e-13
4.64402e-12
1.48736e-6
-6.43943e-7
1.20042e-6
1.40451e-10
-6.44878e-11
-1.01232e-6
1.32785e-6
3.98828e-10
-2.3709e-10
-2.54488e-7
1.14002e-7
-1.10299e-7
-5.2299e-10
3.50391e-10
-4.08932e-10
7.06436e-8
-5.28885e-8
-1.37645e-9
8.74482e-10
2.93988e-8
-2.15302e-8
2.53294e-8
4.94418e-9
-3.05725e-9
1.98984e-9
-7.65158e-10
-1.40967e-8
8.80379e-9
-5.98709e-9
7.12161e-8
-6.02017e-8
3.4512e-8
-2.23147e-8
8.485e-9
1.2926e-8
-3.47854e-8
4.7488e-8
-4.59494e-8
2.99467e-8
-2.28722e-8
1.63611e-8
-1.16871e-8
0.00397862
-0.006503
-0.00448962
0.0170302
-0.00571054
-0.00074683
0.0110167
-0.0251844
0.0464695
-0.0664115
0.0794509
-0.063752
0.0445291
-0.032342
0.026446
0.0213028
-0.0154135
-0.0026411
0.00439986
-0.00234301
0.00660539
0.00587705
-0.00812855
0.00889837
-0.00487308
0.0016457
-0.0018796
0.001337
0.00289121
-0.00281039
0.00177438
-0.00119833
0.00109043
-0.000802679
7.9323e-5
5.79055e-5
-0.000812713
-0.00102923
0.000204476
-0.00011106
6.97685e-5
4.19061e-5
-0.000531586
-5.43502e-5
3.82979e-5
-3.58048e-7
-4.32268e-5
-1.86959e-5
1.04257e-5
-1.5119e-6
2.62659e-5
-4.2984e-6
1.35329e-6
4.12956e-5
-6.42226e-5
-2.22594e-7
-3.02142e-7
3.46038e-8
7.66081e-5
-4.10118e-5
2.49213e-5
-1.32016e-7
-7.11213e-9
-1.88888e-8
-3.82522e-5
-4.70197e-5
-8.66463e-9
1.78081e-8
-5.37583e-5
9.73167e-5
9.40649e-5
-6.68511e-5
1.80899e-8
-3.23652e-7
3.98397e-7
0.000242811
-0.000197685
-3.72202e-7
0.000151043
1.01964e-6
-0.000247003
-2.10932e-6
0.000249282
3.93516e-6
-0.000247728
-5.87728e-6
0.000210612
7.438e-6
-0.000154377
-6.37765e-6
7.7342e-5
5.11959e-6
-2.50359e-5
-4.3156e-6
4.97764e-6
4.15649e-6
-2.97763e-6
3.95754e-6
2.43632e-6
3.01316e-7
1.09015e-6
-1.02956e-7
3.32497e-7
-1.59128e-6
-3.80921e-6
9.01098e-9
4.74903e-6
-3.54716e-6
3.21592e-6
-9.23955e-11
-3.07922e-10
-2.10689e-9
-3.12911e-6
1.29313e-6
1.30933e-6
1.61395e-11
-1.15979e-11
-3.47774e-6
4.08304e-6
-1.60948e-6
6.70299e-13
-2.02616e-12
-3.22623e-6
2.95046e-6
-1.34309e-6
3.09225e-13
-1.4207e-6
9.62034e-7
-6.08198e-7
4.59867e-12
4.66069e-7
-3.6144e-7
2.06014e-7
3.23646e-10
-1.47831e-10
1.68178e-11
9.065e-12
-9.10843e-8
4.30712e-8
8.90006e-10
-5.78604e-10
-1.46363e-8
6.97505e-9
-1.02819e-8
-3.01286e-9
1.64486e-9
-9.65349e-10
9.19864e-9
1.73872e-8
-2.02372e-8
1.59172e-8
-1.52003e-8
-4.93651e-8
-8.69208e-9
-1.25925e-8
6.8081e-9
-2.32398e-9
2.81617e-9
2.27718e-8
-1.2593e-8
3.3563e-9
8.22552e-9
-2.96887e-8
4.64405e-8
-5.63256e-8
4.26566e-8
-3.02922e-8
1.87024e-8
-0.00519138
0.00172119
0.00245344
-0.0123081
0.0149709
-0.0265584
0.0345536
-0.0394172
0.0308111
-0.0192293
-0.00887384
0.00570232
0.00408434
-0.000556908
-0.00179482
0.00118772
-0.00132225
-0.00322315
0.00167707
0.00159287
4.80213e-5
0.000486601
0.00159022
-0.00106043
-0.000960358
-0.000132078
-0.000172687
0.000471325
-0.000147747
0.000260088
0.000398216
-0.000240755
5.52105e-5
0.00051392
-0.00015923
0.000103306
-7.19897e-5
-5.51302e-5
9.35261e-5
0.000332378
-7.192e-5
4.18774e-5
-3.75267e-5
-0.000129707
6.23522e-5
0.000115681
2.59263e-6
1.85479e-5
-1.35571e-5
-2.63576e-5
4.13188e-6
5.77642e-6
-2.13187e-6
5.05638e-6
8.31578e-7
-3.0352e-6
-1.02707e-6
7.0139e-7
-5.06617e-6
1.26338e-7
1.68772e-5
2.47521e-7
-9.33765e-8
7.64257e-8
-0.000154983
7.66011e-5
1.43337e-7
-0.000113553
1.22935e-7
-4.73044e-7
4.07517e-7
-0.000214447
0.000326643
-9.07105e-7
0.000377509
1.12211e-6
-0.000217302
-2.12667e-6
0.000203292
2.94247e-6
-0.000163141
-3.60084e-6
0.000109226
3.08235e-6
-5.61319e-5
-2.19395e-6
1.70574e-5
8.54283e-7
-1.40723e-6
9.58568e-7
-1.0392e-6
-3.43018e-8
-5.87531e-8
2.11598e-6
1.28189e-6
-1.90032e-6
1.1376e-6
-1.3687e-7
9.15051e-7
2.47883e-9
5.74286e-9
7.0384e-7
-3.03916e-6
-2.67642e-11
2.94385e-11
5.37973e-6
-4.46692e-6
5.54034e-12
-8.63262e-12
3.81548e-6
-2.50251e-6
1.69766e-12
-8.41471e-13
1.40582e-13
-2.5e-12
1.32363e-6
-7.20114e-7
5.29917e-12
-3.7799e-12
-3.50555e-12
2.0388e-12
3.35539e-7
-3.79595e-7
-3.01581e-7
-1.25332e-11
-2.73455e-11
1.27212e-11
1.02708e-7
-8.79032e-9
-1.8653e-10
8.47072e-11
3.47563e-9
3.24092e-10
-4.74127e-10
4.43681e-10
-5.8343e-10
3.63839e-10
-5.12028e-10
-7.9661e-9
1.44346e-8
1.79781e-8
-2.00761e-9
8.3293e-10
-8.5553e-10
1.2166e-9
-2.69358e-8
1.05513e-8
8.47815e-9
-1.58863e-8
4.29346e-8
-5.08854e-8
4.83248e-8
-4.15323e-8
2.2862e-8
-2.03726e-9
3.9075e-9
-0.000938474
0.00507216
-0.00180691
0.0119733
-0.00781191
-0.00698123
0.0109646
-0.0137291
0.0193289
-0.0141482
0.000682609
-0.000990108
-0.00119047
7.98504e-5
0.000245242
-6.79902e-5
0.00106488
-0.000691032
0.000141897
-0.00319796
-0.000388688
0.000300974
-0.000717012
-0.000521082
0.000442955
-0.00038735
7.55212e-5
7.94119e-7
-7.71211e-5
0.000128115
-0.00054267
0.000639701
0.000565988
-0.000323065
3.42662e-5
-0.000102169
-0.000265993
0.000134796
0.000105009
-3.49844e-5
4.99357e-5
-6.99436e-5
5.87721e-5
-2.81188e-5
2.57325e-5
-2.84652e-5
1.63033e-5
-1.77765e-5
1.64922e-5
-5.16274e-6
-6.43897e-6
-1.09577e-5
7.3673e-6
4.33219e-6
-4.08625e-6
1.87442e-6
-1.97901e-6
-1.2214e-6
2.78812e-6
-1.43739e-6
8.06535e-6
-1.86985e-6
1.30092e-6
1.05447e-6
-9.288e-7
5.73948e-7
-6.16403e-7
2.90769e-7
-2.24988e-6
-1.22184e-6
-1.16448e-5
1.3164e-5
-1.58754e-7
1.06632e-7
-6.32543e-8
-4.46328e-5
9.27615e-5
1.05605e-7
-1.94664e-7
0.000317852
-0.000257831
-0.000148025
1.30461e-7
-0.000146707
6.12157e-8
-5.43424e-7
8.05467e-7
-0.000440808
0.000322603
-4.99034e-7
0.000129012
8.57095e-7
-0.000145964
-1.15514e-6
0.000142036
1.78216e-6
-9.03539e-5
-1.3866e-6
4.75376e-5
-7.55581e-8
1.13258e-8
8.36532e-8
-2.87863e-7
-3.04742e-7
-2.33188e-7
-4.74804e-7
4.1332e-7
-3.76253e-7
-6.37039e-6
5.26603e-7
-9.35998e-8
-6.20062e-7
2.73318e-7
-5.20457e-7
-1.82018e-7
-1.31114e-8
3.32586e-8
-1.32111e-9
9.93877e-9
2.40964e-8
-2.94991e-7
1.43393e-6
-1.3794e-6
-2.54215e-6
2.93291e-6
1.05037e-10
1.56944e-10
2.72522e-10
-1.48783e-9
-3.72324e-6
2.79319e-6
-1.24078e-11
6.89319e-11
-1.70077e-6
1.11818e-6
-2.42267e-12
8.28446e-12
-3.23884e-7
1.98448e-7
3.22285e-12
-4.49524e-13
1.13903e-8
1.7948e-8
3.03355e-11
-1.032e-11
-1.9614e-8
-6.03863e-11
4.28919e-9
-1.39564e-9
9.19386e-11
1.03859e-9
-1.36302e-10
-1.97586e-10
-2.37588e-10
1.15158e-10
-5.19684e-11
1.06309e-10
1.58968e-10
1.62933e-10
-1.17e-9
1.8862e-10
4.6069e-9
2.68024e-10
5.55141e-10
-2.18238e-10
2.02837e-10
-8.18882e-9
-3.1625e-8
2.24972e-8
1.20258e-8
1.29104e-8
8.63836e-10
-1.56597e-9
1.53461e-9
-7.93674e-10
4.85586e-9
-1.21098e-8
2.45806e-8
-5.32109e-8
6.87652e-8
-5.61464e-8
3.78129e-8
1.37836e-8
-8.61152e-9
0.000429219
0.00308618
-0.00186641
0.00394302
-0.00815513
0.0054122
0.00548654
-0.0089962
0.00423561
0.00559175
-7.85835e-5
0.000291446
9.57392e-6
0.00113985
-0.00109249
-0.00233721
-5.37123e-5
0.0001637
0.000243734
-0.000106836
-0.000102939
-6.70868e-6
-2.78491e-5
-0.000160529
4.99013e-5
9.42492e-5
3.25315e-5
-1.18072e-5
1.26716e-5
-1.436e-5
-3.97443e-5
-5.64754e-5
1.58378e-5
3.33717e-6
1.21995e-5
4.06804e-5
-8.77494e-6
7.26339e-9
3.41324e-6
4.74794e-6
6.60103e-7
-4.76388e-6
5.56815e-6
3.80066e-6
-2.10257e-6
-5.00097e-6
4.36003e-6
3.85456e-6
-4.18675e-6
8.67262e-7
-4.61271e-7
-2.7999e-6
2.95854e-6
7.57547e-8
6.82856e-10
1.66952e-7
-1.7021e-6
7.58984e-7
-2.19902e-7
-1.99541e-7
4.10031e-7
1.12941e-7
-1.03682e-7
-1.63097e-6
1.04571e-8
-3.71281e-6
-1.73067e-8
4.80961e-8
-2.99013e-8
9.27851e-5
-9.24529e-5
2.13791e-9
-1.31062e-7
0.000330113
-0.000159019
-0.000136842
2.27107e-7
-1.19652e-7
-9.45136e-5
-1.06998e-8
4.01339e-7
-6.24374e-7
0.000245505
-0.000202108
4.35239e-7
-0.000150793
3.99722e-7
-8.46171e-7
5.29694e-7
3.6759e-8
-2.23809e-8
-5.86732e-8
2.07208e-6
1.39717e-5
2.539e-6
-9.18832e-6
-4.56078e-5
1.29265e-7
-1.03605e-6
-6.49919e-8
1.48623e-7
7.83088e-9
-2.8999e-7
3.60063e-7
-3.36391e-8
-4.20034e-8
-1.05939e-6
1.80358e-6
1.43662e-9
5.78774e-9
-2.28882e-6
2.79474e-6
1.50479e-6
-1.62449e-6
4.35019e-11
-4.23212e-10
-2.15222e-10
5.40474e-10
-1.20725e-6
1.14764e-6
-7.96618e-7
-2.36059e-11
-5.07668e-7
3.60711e-7
-3.01715e-7
-3.13173e-13
-4.31902e-8
1.76686e-8
-4.12753e-8
1.11698e-12
1.09786e-8
-6.17594e-9
1.5851e-9
4.50621e-10
1.07804e-10
2.56382e-11
1.66999e-11
-4.70802e-12
-3.2754e-12
-5.41824e-12
-3.36708e-11
-3.15739e-11
2.01635e-10
5.1082e-11
-2.28331e-11
-7.50399e-11
8.74632e-11
8.16053e-9
-8.14495e-9
-2.42632e-8
1.30558e-8
2.87161e-9
-3.64348e-9
3.66792e-9
-1.1648e-8
5.6059e-9
-2.69594e-9
1.80488e-10
-2.31413e-10
-1.50253e-9
-9.63171e-8
1.21329e-7
-8.0446e-8
-5.05285e-8
5.56161e-8
-3.93193e-8
-0.00128745
-0.00018285
0.0011371
0.00238714
-0.0023167
-0.00268833
0.000236855
-0.00089806
-0.001262
0.000253075
-2.5155e-5
0.000246161
0.00075625
-0.000492888
0.000268655
0.000345456
0.000400393
0.000165874
-8.87445e-5
-3.64659e-6
1.62658e-5
2.0859e-5
7.3187e-6
6.15063e-6
-1.68424e-6
5.40057e-6
-7.54461e-5
-8.68671e-6
-6.37104e-7
-2.36413e-5
3.81746e-6
1.29692e-6
-1.24557e-6
7.92633e-6
-4.26987e-7
-2.2278e-6
-4.07844e-6
-1.75694e-6
1.55195e-6
-3.07963e-7
-1.23728e-5
3.42462e-6
-4.28765e-7
-3.46534e-7
2.58029e-6
-1.13476e-6
-9.95791e-7
-1.56572e-7
9.68304e-7
-1.696e-6
6.08532e-7
1.66617e-8
1.1669e-6
-2.78855e-7
1.55349e-6
-1.63649e-6
-4.65344e-7
7.60258e-8
-5.6119e-8
9.90291e-8
1.18137e-6
-1.37929e-6
-5.55308e-8
8.44677e-7
-3.97893e-7
4.93e-8
-9.04565e-8
-3.57325e-7
1.83117e-7
3.62123e-7
-4.61573e-8
-5.15842e-8
3.26067e-8
2.49944e-7
-1.57119e-6
2.07507e-8
-6.72101e-9
2.16333e-5
-6.3151e-6
-1.12072e-8
2.02797e-5
4.11167e-9
5.94214e-9
-2.58175e-9
8.05403e-5
-4.6949e-5
2.42835e-8
-9.89594e-8
0.000137671
-6.50904e-5
2.80491e-8
7.76756e-8
0.000108386
-0.00010287
3.65001e-7
4.32603e-5
-1.73611e-7
1.87503e-7
0.000173401
-2.30963e-7
-8.40286e-8
2.21551e-8
4.06339e-8
-1.21229e-7
-4.50743e-5
-7.13749e-5
7.25621e-5
3.19885e-5
-2.41951e-5
6.40122e-5
0.000150027
2.41804e-9
9.35799e-6
1.5612e-8
-4.4631e-6
4.70973e-9
-5.84616e-9
3.22963e-8
-3.64497e-8
-7.97117e-8
1.65118e-7
8.80716e-8
2.22614e-8
-1.8213e-7
6.13637e-7
-3.20588e-7
6.28584e-7
4.53256e-7
-9.88826e-7
-9.21093e-9
-2.26516e-8
3.97704e-8
7.56933e-8
1.19052e-6
-5.80432e-7
-1.39144e-10
-2.03589e-9
4.01471e-7
-3.32159e-7
-6.25499e-13
1.00034e-10
-3.55547e-11
-5.49147e-11
8.92132e-8
-8.17595e-8
-4.65014e-12
1.72996e-11
1.16551e-11
-3.43746e-11
-3.88604e-8
4.8566e-10
-3.36092e-13
4.71724e-13
-4.95809e-13
-5.92493e-12
-5.01082e-9
3.91482e-9
2.34238e-9
3.07244e-12
2.48568e-12
-3.54577e-12
-6.64522e-10
-3.18852e-12
1.0914e-10
-2.46914e-11
-6.44873e-11
-2.83032e-11
-1.64338e-11
8.61404e-11
2.43796e-11
-7.97904e-12
1.56549e-10
5.72212e-10
-1.78703e-9
-1.91698e-9
1.82006e-10
-4.2708e-10
-4.7057e-10
1.73883e-10
3.46447e-9
-5.82823e-9
1.86687e-9
-2.37194e-10
9.4779e-10
-5.99651e-9
1.74878e-8
1.02093e-7
-3.96603e-8
5.66649e-8
-3.4455e-8
3.15946e-8
1.71639e-8
-9.72747e-9
-2.76898e-9
1.30451e-9
-1.01894e-7
9.67106e-8
2.37572e-5
3.60005e-5
0.000926367
-6.93843e-5
-4.94587e-6
-0.000209391
0.000222907
-0.00010022
-2.21605e-5
-3.02887e-5
3.75382e-5
-0.000326285
8.46743e-5
-5.98687e-5
-0.000124981
2.28713e-5
3.51032e-5
-2.55406e-6
-4.24005e-6
1.33275e-5
-2.22661e-6
1.01107e-5
-3.80653e-5
-6.21116e-7
8.24975e-7
-5.83662e-8
1.79755e-7
2.17188e-7
-2.12856e-8
4.14839e-7
-3.15315e-6
-3.27044e-7
7.91962e-8
-3.48026e-7
2.16499e-7
-6.51342e-8
-8.10006e-8
6.14175e-7
-1.35059e-7
7.55898e-8
1.39687e-10
-8.70529e-9
-3.1591e-7
5.97075e-8
-1.86672e-7
-1.90096e-7
1.67216e-8
3.20079e-7
-4.62763e-7
-2.64668e-7
6.58411e-8
3.87689e-7
-3.96661e-7
-2.52274e-7
4.75497e-7
-2.92172e-8
9.8693e-9
1.89304e-7
-1.83892e-7
4.45033e-9
-3.78192e-9
1.37162e-7
-7.25548e-8
2.15942e-8
-1.53768e-7
-4.80423e-8
2.61076e-8
1.05893e-6
-2.54067e-7
-8.38845e-9
3.59299e-9
9.42011e-7
-1.37061e-6
2.71813e-9
-1.1394e-9
-2.19412e-6
-1.96612e-6
-1.59825e-9
-2.03565e-9
1.27886e-5
-3.32206e-9
-2.06669e-9
-8.51787e-9
-4.94695e-5
2.88956e-5
-1.54088e-9
-8.1188e-10
-0.000201227
0.000159264
2.97879e-9
5.65518e-9
-0.000166011
0.000161251
-0.000102507
-2.91725e-8
8.14832e-8
-0.000116699
9.1562e-5
9.32123e-9
-6.69137e-5
-7.15078e-9
3.82477e-5
-4.50296e-10
-5.01372e-9
-3.75133e-9
6.26679e-9
-1.48446e-8
-1.19615e-8
3.25224e-8
9.68122e-8
-1.4519e-6
4.07374e-7
5.79586e-6
-5.34495e-8
1.3981e-7
6.712e-8
-1.85239e-7
-1.40219e-7
-2.15149e-7
4.2082e-7
5.25413e-7
1.6855e-7
-4.30735e-7
-9.83503e-8
9.09557e-8
1.77061e-9
1.21222e-8
-1.15693e-8
-5.53218e-8
2.16903e-7
-1.99392e-7
1.43979e-7
1.1363e-10
1.38771e-7
-1.10582e-7
9.8328e-8
2.31441e-10
2.67106e-8
-2.08517e-8
3.39348e-8
3.30307e-13
-4.69519e-9
2.00902e-9
2.08196e-10
1.16225e-11
-1.94146e-10
4.14533e-11
1.22528e-10
-2.60244e-11
9.42564e-12
-2.75921e-11
-1.57847e-11
4.71412e-12
2.49352e-11
2.51208e-11
-1.0011e-10
-9.55392e-11
-2.82049e-10
8.21781e-10
3.38179e-10
-9.6139e-11
1.29508e-10
1.35405e-10
4.26337e-10
-1.14603e-9
2.84546e-10
5.73723e-10
-2.26767e-9
1.14372e-9
1.73385e-9
1.28066e-8
-3.6331e-8
-1.33207e-7
1.14908e-7
-8.75333e-8
1.1259e-7
9.12106e-8
-8.88157e-8
-8.10903e-8
5.44488e-8
2.96939e-8
-2.16119e-8
1.10504e-8
-9.13426e-5
-3.84552e-5
0.00014135
1.36103e-5
2.54625e-5
2.21373e-5
-2.10966e-5
9.04876e-5
1.40066e-6
2.17725e-6
1.2514e-5
-7.07657e-6
-4.84638e-6
1.28688e-6
-8.57273e-7
1.75697e-5
-5.72861e-5
3.92526e-5
1.09232e-6
9.23738e-7
3.50245e-7
-2.33782e-8
-2.07625e-7
7.02678e-7
-1.46088e-7
4.86258e-7
-1.93371e-6
-4.88502e-8
3.64656e-8
-2.5019e-8
1.55102e-9
5.49796e-9
3.37944e-8
-1.61868e-7
-1.24968e-8
8.76139e-9
-3.88331e-7
9.39882e-8
-1.52867e-8
-7.59588e-9
1.59473e-7
-4.04467e-8
9.98575e-8
-3.81944e-8
-1.15501e-8
2.99169e-8
-3.0477e-8
7.28311e-9
1.25954e-8
6.12163e-9
-9.43977e-8
1.58727e-7
-1.98108e-8
-1.22701e-9
-3.25496e-8
1.09665e-8
-1.36538e-7
1.61941e-7
2.71424e-8
-8.19561e-9
-5.64905e-9
-9.18455e-8
6.85308e-8
4.24659e-9
-9.05529e-9
3.59971e-8
-2.38772e-8
5.08551e-8
-1.01962e-8
1.55265e-8
-8.47259e-9
3.95036e-8
-1.14637e-7
-4.74898e-9
2.55898e-9
2.68811e-7
-8.70247e-8
-7.64018e-10
-1.48719e-10
5.01572e-7
-1.15074e-6
3.87058e-10
1.75475e-10
-7.88765e-10
2.25383e-9
-7.37888e-6
-2.25354e-6
1.59671e-6
1.81155e-7
5.36209e-6
1.14106e-9
1.44938e-9
-1.36667e-5
1.61493e-9
-1.91862e-9
8.207e-9
-6.42182e-10
1.23619e-9
-8.02116e-10
2.15419e-9
9.83173e-10
-2.82642e-9
5.25403e-6
1.8778e-5
-1.21588e-5
-3.4409e-6
3.52828e-6
-1.28452e-5
-4.7521e-5
-1.12697e-9
4.09055e-9
-5.60627e-9
1.82616e-8
6.23304e-9
-2.16564e-8
-1.09335e-6
-1.03094e-6
2.43546e-6
1.60526e-6
1.99778e-8
-6.09881e-8
-2.10856e-8
5.13881e-8
5.64543e-8
2.05467e-7
-2.24056e-7
-6.46524e-7
-9.25186e-8
6.62645e-8
-9.96105e-11
-1.51573e-9
2.96563e-9
8.405e-9
-4.18422e-8
3.1681e-8
-2.32078e-11
-1.1238e-9
-3.64899e-10
2.02779e-9
3.30728e-9
2.14288e-9
-4.29289e-11
4.98304e-11
1.7541e-11
2.44256e-10
5.41395e-9
-1.02278e-9
-8.40102e-12
-1.22081e-11
1.15197e-11
7.42385e-11
-2.85086e-10
1.16559e-10
-7.41918e-12
3.39177e-11
-8.06072e-12
1.60347e-11
-3.22768e-12
-7.8558e-12
9.56443e-11
-3.15409e-10
-1.597e-10
5.20763e-11
1.5056e-11
5.28228e-12
-2.35549e-11
-2.98933e-11
-2.13143e-9
4.81685e-9
2.91069e-9
-1.05479e-9
1.37622e-10
-1.97175e-10
1.63127e-9
8.49852e-11
-2.90285e-9
-7.74934e-9
9.81144e-9
-2.16476e-8
5.30536e-9
-6.06499e-9
-3.95019e-9
3.70194e-9
2.74617e-8
-7.15294e-8
8.38896e-8
-9.52386e-8
9.94373e-8
-7.10433e-8
-2.05989e-6
-8.88413e-6
5.41551e-6
-2.01975e-5
-1.07449e-5
7.41861e-7
1.19169e-6
4.60804e-7
-2.83871e-6
3.529e-6
-1.45365e-5
3.06295e-6
-3.07098e-7
-8.29471e-7
3.77831e-6
5.27904e-6
8.41321e-7
-6.17992e-7
2.03275e-6
-7.09174e-7
-9.05264e-7
-1.19639e-7
-6.66555e-8
2.05407e-7
-7.06133e-8
6.41244e-7
1.68829e-6
3.47196e-8
2.42691e-8
3.47044e-9
-1.01566e-8
4.48539e-8
-1.35133e-8
3.20066e-8
-8.67829e-8
-3.28203e-9
1.34066e-9
-1.6025e-8
2.55408e-9
8.25758e-9
-1.20208e-8
8.84365e-10
6.43639e-10
-4.62303e-9
6.01316e-10
2.16187e-8
7.92666e-9
-2.43722e-8
3.37215e-8
9.56772e-9
-1.25634e-9
-3.6194e-8
4.10551e-8
1.70538e-8
-5.29184e-8
-2.93557e-9
1.51505e-9
-1.29041e-8
1.90061e-8
1.34402e-9
-8.90725e-10
-1.29752e-8
7.93269e-9
1.84313e-9
-5.24286e-9
3.94892e-9
-2.47425e-9
1.837e-8
-4.10993e-9
1.43888e-9
-7.76776e-10
1.91032e-8
-6.57901e-8
-4.70976e-10
1.74185e-10
-4.91192e-8
6.15987e-8
-2.32802e-10
1.40579e-10
3.57138e-7
-2.98537e-10
8.22451e-6
7.16891e-12
2.393e-12
2.57183e-10
-7.48347e-10
3.07051e-5
-2.13627e-5
1.89506e-5
-8.95752e-6
-9.4512e-11
5.50087e-10
4.67023e-5
-3.37107e-5
-8.24521e-5
3.36133e-10
-1.84626e-9
-5.88873e-5
4.87111e-5
7.91589e-5
4.02108e-10
-7.1128e-10
6.38077e-5
-5.82721e-5
-7.7391e-5
5.7262e-11
-8.78322e-11
-5.42583e-5
5.26511e-5
7.11921e-5
1.5359e-11
-3.92039e-12
3.54623e-5
-3.09437e-5
-8.68881e-11
2.57981e-10
-7.55717e-11
-3.477e-10
1.48146e-9
3.4719e-10
-1.58309e-9
-4.55354e-6
-1.46542e-6
7.14984e-6
-1.44442e-6
1.67623e-9
-6.00725e-9
-2.47967e-9
7.9068e-9
7.49353e-7
1.75493e-6
-2.15518e-6
-4.11321e-6
-1.28249e-8
3.28621e-8
8.38347e-9
-9.30554e-9
-1.16176e-8
-3.86473e-8
3.37614e-8
1.5913e-7
-2.18067e-8
2.29255e-8
-1.46387e-8
-5.45109e-9
-1.08467e-8
1.14276e-8
-1.20548e-8
-6.5509e-10
1.29296e-9
8.19793e-10
-1.6189e-9
-3.17745e-10
4.04128e-10
-2.41176e-11
-8.51821e-11
9.23727e-12
-8.388e-11
3.54085e-10
-2.74483e-11
-1.32623e-10
-1.97762e-12
2.50693e-12
-1.41664e-12
-3.50572e-12
9.72752e-10
-2.68831e-9
-9.11341e-10
3.79935e-10
8.70631e-12
5.24527e-11
-7.04384e-11
5.71035e-10
-9.25825e-9
1.51219e-8
1.54235e-8
-7.1029e-9
-1.98275e-9
9.05606e-9
-1.63323e-8
3.1916e-8
-2.63273e-8
-5.51626e-8
5.50599e-8
8.50683e-8
-8.0463e-8
-1.05045e-7
9.51054e-8
9.6833e-8
-8.48402e-8
-5.84818e-8
5.95114e-8
-2.18073e-8
8.5882e-9
8.11352e-11
5.72558e-6
-8.57002e-8
-2.14906e-6
-5.69652e-7
1.32881e-7
-1.17048e-7
-5.80648e-7
-1.79713e-6
-8.70555e-7
2.84443e-7
-2.33945e-7
2.29137e-7
2.81939e-7
3.56306e-7
-1.61619e-7
-1.2201e-6
-3.53703e-7
2.89512e-7
-8.29144e-8
2.2167e-8
-1.4191e-8
-6.57231e-9
-2.21152e-9
1.65538e-8
-7.40134e-9
2.56637e-8
-3.62393e-8
2.31297e-9
9.51604e-10
5.48003e-11
-5.73426e-10
4.49128e-9
2.46235e-9
-5.20416e-9
-7.33474e-10
2.77441e-10
4.07461e-9
-1.25679e-9
-3.20511e-10
7.72113e-9
-2.77459e-9
1.62263e-10
-1.86148e-9
-5.96873e-9
7.65113e-9
4.69873e-9
7.69752e-10
4.40125e-11
-1.21309e-10
-9.52707e-9
1.3185e-8
-2.75763e-9
4.81317e-10
-9.38595e-11
4.65867e-10
-3.73149e-9
4.52309e-9
-6.40988e-10
-3.9753e-9
-3.32647e-12
-1.34296e-10
-2.34744e-10
1.11521e-9
7.31957e-10
-9.98273e-11
-1.06215e-9
8.0595e-10
8.09508e-10
-2.56816e-9
9.711e-11
-2.25889e-10
6.43326e-9
-3.23255e-9
1.89694e-10
-6.94537e-11
5.54759e-11
-3.15708e-8
-3.08828e-7
-3.1986e-11
-1.76474e-6
3.57949e-7
2.06967e-11
2.30761e-12
1.04961e-7
-5.94386e-7
4.98636e-12
-4.95279e-11
6.32546e-6
-3.96042e-12
-4.67199e-11
-1.39476e-10
-5.79858e-11
1.4016e-11
3.27077e-11
-6.48813e-11
2.77796e-11
-6.91083e-11
2.04989e-10
6.21508e-6
-1.34186e-5
6.44803e-6
-8.38868e-6
1.88476e-6
3.27557e-5
-5.78159e-11
1.48622e-10
-5.01614e-10
-1.23411e-10
6.88115e-10
5.41363e-6
8.28586e-6
-1.1256e-5
-1.41956e-5
-1.09594e-9
3.31735e-9
6.33255e-10
5.47129e-11
-9.1018e-8
-5.60877e-7
1.69854e-7
1.75001e-6
-3.25562e-9
3.77406e-9
-9.99839e-11
-1.37828e-9
2.66654e-8
-7.62864e-8
-8.74313e-9
8.19437e-9
-6.28265e-9
-7.51348e-10
5.59628e-9
-1.41844e-8
-3.41264e-9
3.79199e-9
-4.25261e-9
-3.12079e-10
2.40197e-9
-6.1189e-9
5.14332e-10
2.03374e-10
-1.90697e-10
8.66263e-11
9.24572e-10
-2.43206e-9
3.67739e-11
-1.05967e-11
-7.38326e-12
-1.89716e-13
-6.88775e-10
1.92354e-9
1.7885e-10
-9.25186e-10
-1.11297e-13
-1.92781e-11
6.49079e-12
-6.71636e-11
6.89501e-9
-1.91346e-8
-1.46876e-9
1.64309e-9
-4.03949e-10
8.6662e-11
2.20529e-10
-1.35587e-9
7.56949e-10
1.68501e-8
1.64369e-8
-3.35384e-9
-4.4295e-8
3.89074e-8
-1.91021e-8
-2.79282e-8
-2.71418e-8
5.41879e-8
-8.75335e-8
1.07958e-7
-9.75296e-8
6.22554e-8
3.25046e-8
1.1662e-7
9.09826e-8
4.78959e-7
4.61624e-7
7.94019e-8
-1.53417e-7
3.3289e-7
7.16572e-7
-4.40303e-8
-3.71384e-9
-2.52774e-7
-2.36964e-8
-2.78836e-8
-1.09313e-7
-1.81905e-7
-8.99951e-8
4.8473e-8
-1.57166e-8
1.74477e-8
-8.54687e-9
1.11883e-9
4.06163e-8
-1.38596e-8
-7.31657e-8
1.02288e-8
-5.91584e-8
-3.19103e-9
-7.80876e-11
5.99016e-10
-5.0474e-10
2.62275e-9
2.65175e-9
-1.41351e-10
7.25206e-9
2.40977e-9
1.24159e-10
1.55386e-10
-7.95378e-11
-5.0421e-10
-8.57316e-11
2.00266e-9
-2.31027e-10
1.12857e-10
5.73778e-10
-1.29413e-9
1.64205e-9
1.45429e-9
-4.01294e-11
-1.34423e-10
-1.68974e-10
-2.37183e-9
3.62815e-9
-1.54794e-9
8.93505e-11
7.48633e-12
-1.04225e-10
-7.94187e-10
1.47384e-9
-9.7098e-10
-1.57519e-12
3.37753e-11
5.2366e-11
9.31512e-11
4.94006e-10
-5.59696e-10
3.43807e-10
-1.96321e-10
-5.27578e-11
-3.71135e-10
5.41061e-10
4.9088e-11
-6.50232e-11
6.97978e-11
-1.66223e-11
-2.19781e-12
1.18948e-9
2.16298e-8
9.89897e-12
5.96773e-8
-1.91796e-8
-1.21295e-11
-6.03064e-12
1.1524e-7
-1.02312e-7
-6.3557e-12
-1.58419e-13
5.71993e-12
-4.8505e-7
-5.35492e-6
-2.26999e-12
8.33638e-12
-1.1618e-5
8.20346e-6
-1.336e-12
5.37812e-12
-1.84421e-5
2.53682e-5
-7.3343e-12
3.58026e-11
3.3656e-5
-4.17425e-5
-1.20392e-11
3.12517e-11
-4.34001e-5
5.27149e-5
-5.88362e-12
5.76298e-12
3.68073e-5
-4.89422e-5
5.64553e-12
-1.494e-11
-1.96517e-5
-7.91038e-12
-1.38289e-11
2.68678e-11
-4.16206e-12
1.45015e-11
-4.76262e-11
-2.83747e-5
-2.22778e-5
1.9853e-5
1.92114e-5
3.75691e-5
1.66254e-5
-9.10394e-12
3.88322e-11
1.52097e-11
-9.70219e-11
2.20145e-10
1.06436e-10
-2.47333e-8
-5.68133e-6
1.18142e-5
-3.18086e-10
3.55221e-10
3.07315e-10
1.09767e-8
2.54598e-7
-6.56887e-7
-1.50715e-9
1.48015e-9
6.81216e-11
-1.78367e-9
4.75771e-8
-1.46159e-7
-3.19367e-9
2.96488e-9
-2.36345e-9
-5.6966e-10
1.74749e-8
-4.66862e-8
-1.04825e-9
1.13669e-9
-1.39395e-9
-8.01162e-11
6.22216e-9
-1.61408e-8
1.5131e-10
2.92359e-11
-5.10967e-11
-9.4689e-12
2.42167e-9
-6.05869e-9
1.50305e-11
9.50161e-11
-2.15175e-10
1.18682e-10
-2.30035e-11
5.04572e-12
-3.94927e-9
3.83795e-9
-2.75707e-9
1.25889e-10
-7.99249e-11
-1.98867e-10
-3.58441e-10
7.31011e-10
-3.35367e-9
-4.51425e-8
6.07797e-8
2.72044e-8
-2.47595e-8
3.68399e-8
9.6472e-9
-2.00075e-8
1.98789e-8
-1.43799e-8
2.48529e-8
3.34257e-8
-4.71502e-8
-5.76125e-8
7.89904e-8
6.68747e-8
-9.46307e-8
-3.40788e-8
7.46237e-8
-1.40835e-8
-3.319e-8
4.47237e-8
7.42609e-8
-5.84315e-9
6.80536e-9
2.73289e-8
5.68665e-8
5.53553e-8
3.21204e-9
-1.04422e-8
7.99517e-9
3.66374e-8
1.26909e-9
-1.09845e-8
2.22907e-9
-9.01491e-9
-7.36671e-9
2.98446e-10
-1.60838e-8
-1.90442e-8
-1.42506e-8
2.18804e-9
1.59249e-9
-1.02079e-9
-9.24556e-11
6.15876e-10
-2.67496e-10
-5.29233e-10
-9.52163e-10
-2.01821e-9
6.766e-10
-2.79955e-10
-2.20053e-11
-1.62479e-10
1.83862e-11
-5.24497e-11
-9.80856e-11
1.45045e-10
4.51943e-10
7.29481e-10
-1.18622e-11
2.687e-11
8.64154e-12
-3.38493e-11
7.4318e-11
-2.92753e-10
2.82588e-10
4.20072e-10
2.7372e-11
-2.6806e-11
2.0657e-11
-5.04323e-10
9.14032e-10
-5.58591e-10
5.37724e-12
-5.98979e-12
-3.46399e-11
-1.26777e-10
3.52568e-10
-4.19072e-10
-3.8369e-12
1.14622e-11
-6.53035e-12
8.81517e-11
3.14461e-10
-4.43776e-10
3.87666e-10
-4.58519e-10
2.5795e-11
-3.25364e-12
1.64307e-10
-5.06209e-11
2.26695e-11
2.95225e-11
-2.81683e-11
2.37412e-11
-2.64301e-11
4.28278e-11
-8.34799e-10
1.814e-10
-4.8637e-9
2.26876e-9
-3.39259e-9
-2.34413e-12
-1.36325e-12
8.11601e-12
-2.52937e-12
2.90536e-12
1.21757e-7
1.08894e-6
-1.22966e-13
-1.81032e-14
4.2405e-6
-2.76823e-6
3.52407e-13
3.08892e-6
-4.09255e-6
1.29619e-13
-1.28101e-14
-3.67924e-13
1.52321e-12
-9.55054e-6
8.98093e-6
-5.00739e-6
1.2384e-5
-9.22835e-13
3.60075e-12
1.52831e-5
-9.3326e-6
-2.36543e-5
-1.1792e-12
3.33279e-12
-1.6801e-5
5.57837e-6
3.13115e-5
-5.61459e-13
-4.26249e-13
-1.07827e-6
3.48709e-6
-1.90699e-5
-2.83586e-14
7.03031e-13
-1.12718e-12
2.0379e-5
-2.44362e-7
-1.77877e-12
5.89587e-12
-3.54162e-5
2.53556e-12
1.1004e-12
-2.11783e-12
6.54995e-12
-1.0782e-11
-1.10537e-11
7.2348e-6
2.91005e-5
-1.72873e-5
-6.56625e-6
-4.6512e-5
-5.27191e-12
1.43187e-11
-4.98627e-11
9.00079e-11
3.95113e-11
-4.31674e-7
-1.15411e-6
2.06961e-6
5.47384e-7
4.48218e-6
-1.4996e-10
1.37212e-10
1.44831e-10
3.84655e-8
5.64004e-8
-2.9585e-7
-5.59693e-10
4.82662e-10
1.36492e-11
1.48956e-8
1.27929e-8
-4.74488e-8
-1.1431e-9
1.04016e-9
-8.78784e-10
5.35969e-9
4.38232e-9
-1.86097e-8
-3.68416e-10
7.34449e-10
-6.82346e-10
2.04806e-9
1.64096e-9
-6.5433e-9
5.66905e-10
-1.31772e-10
-2.48713e-10
-1.32433e-9
9.35902e-10
-2.50566e-9
-3.00966e-9
2.60067e-9
-2.4896e-9
1.22206e-9
-1.29329e-9
9.79213e-11
4.58685e-10
3.11413e-9
-3.70518e-10
2.02982e-10
2.05794e-8
-1.9646e-8
5.8983e-9
-6.94649e-9
6.55367e-9
-1.98157e-9
2.56584e-9
-1.40605e-8
6.70662e-9
5.28706e-9
1.97074e-9
-1.85789e-8
-6.45848e-9
3.24144e-8
-1.97936e-9
-3.09564e-8
1.04228e-8
-1.20664e-8
3.02086e-8
-7.31412e-8
5.76998e-8
7.78312e-8
-8.91237e-8
-4.81199e-8
4.43886e-9
9.18052e-10
6.69023e-10
1.08098e-9
-6.82615e-10
4.45168e-9
6.68398e-9
6.42051e-9
-5.50397e-10
3.29248e-10
-3.20727e-11
1.30984e-10
-1.03735e-9
1.10817e-10
-1.00512e-9
8.40705e-11
4.43529e-11
-5.81257e-11
3.82193e-10
-8.13534e-11
6.93256e-11
2.3213e-11
-2.64144e-12
4.66669e-11
-9.50636e-11
-1.69912e-10
1.05979e-10
-3.66296e-11
-3.19184e-12
-4.5603e-12
4.57244e-13
-6.52568e-12
9.74157e-12
1.71303e-11
1.35121e-10
7.25286e-11
-3.23443e-11
-8.04265e-13
1.81876e-12
4.68416e-12
4.09815e-13
-7.38171e-11
1.14147e-10
-1.34339e-10
3.14811e-12
-1.01195e-12
-5.07005e-12
1.15318e-11
3.10213e-11
-8.85977e-11
-1.99655e-12
3.09256e-12
-5.73471e-12
-1.78481e-11
1.24525e-10
-2.73628e-10
2.54552e-10
-3.51203e-10
1.75084e-11
9.11256e-12
2.09798e-13
-3.98995e-11
7.86838e-11
2.02591e-11
-8.82966e-12
6.26331e-12
-1.23197e-11
2.49959e-11
-5.93043e-10
1.67397e-10
-6.68618e-12
2.06311e-9
-6.1249e-9
-1.23983e-12
-4.23573e-13
1.75895e-12
-6.72621e-13
1.11966e-12
-8.49567e-8
5.20648e-8
-4.83755e-7
1.79511e-7
1.06892e-13
-4.23476e-13
-3.15645e-7
4.15208e-7
6.07056e-7
3.22294e-14
1.67343e-14
-6.33906e-14
6.36659e-14
2.5427e-6
2.23263e-13
3.73982e-13
3.50554e-13
-9.01985e-14
3.83824e-14
-8.21459e-14
2.00026e-13
8.71338e-14
-3.70647e-13
1.95213e-5
1.32549e-5
-3.03008e-5
-3.07047e-5
-1.06717e-5
4.18265e-5
-9.41015e-14
2.98353e-5
5.93855e-13
-1.72488e-13
-1.74038e-13
1.54791e-12
-7.1568e-14
3.57591e-6
5.04894e-6
-1.4391e-5
-3.98656e-6
-1.58265e-5
-4.98342e-12
4.6347e-12
-2.48284e-11
4.46389e-11
1.7803e-11
-3.11469e-7
1.97284e-7
8.34796e-7
2.40512e-7
9.13355e-7
-5.56119e-11
5.10332e-11
1.42263e-11
2.81528e-8
-3.94987e-8
4.66587e-9
-1.39242e-10
2.04495e-10
-2.46282e-11
8.49785e-9
-7.46691e-9
3.62423e-9
-5.86002e-10
1.12744e-9
-1.0427e-9
2.81943e-9
-1.88685e-9
5.58632e-10
6.71562e-10
-1.26039e-9
1.65819e-9
-6.21129e-9
5.52046e-9
-1.95678e-9
-5.17223e-10
3.95879e-10
-8.3128e-11
-3.30277e-10
-4.85318e-9
4.27542e-9
-7.33973e-9
2.31365e-8
-1.27473e-8
1.34035e-8
9.11907e-9
-6.49037e-9
1.55429e-9
-1.70495e-9
1.97227e-8
-4.32513e-9
-1.25109e-8
9.35145e-9
-1.43797e-8
3.63841e-8
-2.10353e-8
-2.47052e-9
6.13207e-8
-5.66692e-8
4.70552e-8
-7.05301e-8
-2.0443e-8
3.15294e-8
1.74107e-8
-1.5397e-8
1.6587e-8
-3.48321e-8
-1.06638e-9
-2.16532e-9
-2.7646e-9
-1.19188e-9
4.69502e-10
1.20296e-10
2.02331e-10
-9.67036e-11
6.09777e-10
9.59339e-10
7.52426e-10
1.24046e-11
-8.29903e-11
4.13743e-11
-7.77304e-12
1.57875e-11
-1.20942e-10
6.41141e-12
-1.17782e-10
3.7782e-12
-1.76252e-11
-1.65099e-12
4.42803e-11
-1.03802e-11
5.04392e-12
3.02201e-13
3.03851e-13
1.23938e-11
-1.15697e-11
-1.10102e-11
1.62605e-11
-7.42369e-12
2.65599e-15
-1.54029e-13
-5.09005e-13
-1.73385e-13
-1.01676e-12
6.15115e-12
4.32289e-12
-2.43738e-11
4.12568e-12
-3.67796e-12
8.65085e-13
-4.99282e-13
7.84566e-13
3.57367e-14
8.26794e-13
1.81205e-12
-5.81464e-12
-1.48988e-12
1.2316e-12
-2.21353e-11
4.67454e-11
-1.59203e-10
-2.59573e-12
-4.68734e-11
-3.90004e-11
-2.57421e-11
2.36533e-10
-1.39903e-11
5.38286e-12
-6.29009e-12
-9.93927e-13
8.37851e-12
-7.65497e-10
-7.18831e-10
1.22497e-10
1.61583e-9
-6.38129e-9
6.87897e-13
-3.61578e-13
8.50394e-13
-2.76882e-13
3.23584e-13
-2.02492e-8
-3.40471e-9
-8.77292e-8
1.74185e-8
5.43446e-14
-1.81041e-13
5.06471e-8
1.75382e-7
-4.00994e-7
-5.52337e-15
9.6956e-15
-2.55387e-14
1.36834e-14
-5.26029e-14
-6.8245e-7
-1.29964e-6
-3.45771e-6
7.77561e-7
2.60874e-14
-1.03211e-13
3.60559e-7
3.4158e-6
3.60341e-14
-1.17576e-13
-3.93166e-6
1.15824e-6
4.53505e-14
8.978e-6
-2.24554e-14
9.9519e-15
-2.47377e-14
2.54005e-14
3.1152e-14
-1.18184e-13
6.51445e-6
5.16002e-6
-1.46529e-5
-1.25309e-5
-8.54593e-6
1.58413e-5
-8.06329e-14
8.796e-6
-4.96506e-14
2.22501e-13
-5.20386e-13
1.27137e-12
6.13968e-13
8.28595e-7
6.32314e-8
-3.08186e-6
-6.22347e-7
-3.17461e-6
-1.22521e-12
4.60147e-13
-4.52742e-12
2.29435e-11
-1.22151e-11
-4.97499e-8
1.40038e-7
6.08338e-8
1.11377e-8
-5.09618e-8
4.47831e-11
-9.21972e-11
1.38049e-10
-5.64495e-9
9.05651e-9
2.12427e-10
-3.22518e-10
-4.70752e-11
-1.36144e-10
-1.66619e-10
8.80222e-11
-2.89904e-9
7.63319e-9
-1.56576e-8
8.86095e-9
-6.28841e-10
7.60164e-11
-3.36987e-11
1.79984e-11
-7.18576e-11
-9.83235e-9
1.98919e-8
-3.86738e-8
6.32813e-8
-4.22926e-8
5.39498e-9
7.60956e-10
-3.36278e-10
1.45341e-12
6.82824e-10
4.64636e-8
-2.49263e-8
-3.34068e-8
3.32418e-8
-3.50625e-8
5.42109e-8
-4.52272e-8
2.50147e-8
2.64536e-8
-1.6243e-8
1.18858e-8
-2.4372e-8
-3.20545e-9
5.86161e-9
3.96684e-8
-3.29306e-8
-2.81599e-8
2.8465e-8
2.27276e-8
-3.05883e-8
-1.77849e-8
1.78648e-8
-1.53823e-10
-3.02212e-10
-3.58256e-10
-1.00442e-10
4.9613e-11
2.95222e-11
3.17374e-11
-6.0035e-12
-1.96606e-12
8.43678e-11
1.27611e-10
9.40609e-11
-5.12539e-12
-9.91443e-12
3.31597e-12
3.59458e-13
6.05743e-12
-1.84744e-11
4.0986e-12
5.83366e-14
-1.39238e-11
2.89873e-13
5.89354e-12
-8.6693e-13
9.57692e-14
-9.07396e-14
2.63056e-13
-1.14975e-12
7.4565e-13
-3.62636e-12
9.50843e-13
5.82276e-13
1.21636e-13
2.50171e-13
-4.00356e-14
9.90291e-13
-1.28693e-12
4.69177e-12
-2.3487e-12
2.76271e-13
-4.72053e-13
-3.74551e-12
1.83367e-12
1.07653e-11
1.95884e-11
2.67928e-12
5.82045e-13
-3.97179e-13
5.51657e-13
-1.9343e-11
-2.69299e-11
7.89245e-12
1.01334e-10
-8.27772e-13
1.35214e-12
8.09231e-11
-2.45659e-10
-4.41575e-10
1.83488e-12
-1.15449e-12
-9.32379e-13
2.50604e-9
1.4243e-9
2.71552e-9
-4.16123e-9
2.68006e-13
-9.41626e-9
-1.62931e-13
9.07693e-14
7.90608e-14
3.6883e-8
-1.06252e-7
1.9546e-8
-2.99116e-8
-4.13117e-15
-2.9111e-14
-8.54119e-9
-3.90244e-8
2.33805e-14
6.98929e-8
-7.61078e-15
-9.15305e-16
-7.43192e-15
3.51442e-6
-3.50072e-6
1.45966e-6
-2.91254e-6
8.04867e-16
-9.35017e-15
3.41772e-6
-2.4428e-6
-4.91259e-17
-9.49993e-15
-4.52598e-6
4.87957e-6
3.92131e-15
6.38096e-6
-5.7762e-15
4.86569e-15
2.29466e-14
-8.08225e-14
1.50906e-14
2.35644e-6
5.12e-7
-4.40077e-6
-4.09123e-6
-4.63293e-6
4.97635e-6
9.16553e-14
1.57106e-6
-3.85717e-13
7.7665e-14
7.24303e-13
1.14046e-12
1.33092e-7
-2.7826e-7
-1.86701e-7
-1.05161e-8
-3.68898e-7
-6.56184e-12
7.685e-12
2.68394e-11
-2.61798e-11
3.92187e-11
1.29148e-9
-1.27928e-8
1.95578e-8
-1.02928e-10
8.11957e-11
3.54644e-10
-2.71436e-10
4.05752e-11
-1.68951e-9
1.0422e-9
3.13966e-11
-1.08124e-9
8.38014e-10
2.92471e-9
-2.43863e-9
-2.26191e-11
2.83994e-11
5.76954e-11
-6.57807e-11
-7.0421e-9
1.42164e-8
-6.65167e-12
8.18919e-12
3.16616e-12
-2.37062e-8
2.27484e-8
3.45519e-8
-4.59631e-8
7.4982e-10
-7.02302e-11
8.33079e-11
-3.50294e-11
9.00864e-11
4.36946e-8
-5.99986e-8
-2.64821e-8
5.05681e-8
5.75185e-9
-2.56408e-8
7.50947e-9
3.67355e-9
7.60759e-9
-2.89037e-9
-1.46393e-9
4.47433e-10
-1.32236e-9
8.43485e-9
-3.40325e-8
8.3616e-9
1.57814e-8
-1.59091e-8
-5.41439e-9
8.89688e-9
-1.44807e-9
-2.24216e-11
-3.98353e-11
-4.6677e-11
-1.24261e-11
6.12569e-12
-2.37204e-12
2.98687e-12
3.96959e-12
1.09768e-11
1.56688e-11
1.27317e-11
-6.56502e-13
-1.80554e-12
3.62664e-13
8.98885e-14
8.5762e-13
-2.74076e-13
1.31854e-12
-1.54407e-12
-5.16846e-13
2.15549e-13
-6.10896e-13
-2.41669e-12
-4.58647e-12
-5.17095e-12
-2.59386e-12
9.97641e-13
1.77027e-13
1.28075e-13
-3.83128e-13
-6.05679e-13
-9.58164e-13
-6.40092e-13
-6.0313e-13
-1.947e-12
-1.74615e-12
1.3529e-12
1.26304e-12
1.60322e-12
8.08294e-13
1.63438e-12
1.7827e-12
-3.67289e-13
-5.37652e-13
3.48432e-12
2.85963e-12
-1.30473e-11
1.55267e-11
4.21197e-11
1.06912e-10
-6.68328e-13
-4.56275e-13
2.83616e-12
2.95693e-12
-6.43673e-11
-1.09984e-10
-1.39595e-10
7.22393e-11
-2.55813e-13
2.59189e-13
3.80927e-12
8.28169e-13
1.57942e-9
-3.47057e-9
-7.08401e-9
-1.06681e-8
-1.75872e-12
-6.13767e-13
1.06706e-13
2.36971e-8
-3.38379e-8
4.31745e-8
-6.59723e-8
3.55432e-14
-3.19051e-15
-1.26183e-13
1.47361e-7
2.14321e-7
-2.61057e-13
2.14735e-13
-7.88547e-14
-2.99938e-7
2.96886e-7
-5.69702e-7
6.05554e-7
2.15347e-13
-3.99396e-14
-1.13746e-6
1.97398e-6
7.78525e-15
7.49023e-14
-1.2065e-14
1.3447e-6
-1.27302e-6
2.30154e-6
5.65127e-15
3.03759e-14
-2.86474e-14
-1.48611e-6
2.12203e-6
-3.31854e-6
9.85446e-15
1.23e-13
-2.56607e-14
1.34595e-6
-2.73183e-6
5.29356e-6
4.85325e-14
5.15264e-16
-7.07792e-7
1.25201e-6
-1.90184e-14
-1.61309e-14
2.46214e-6
-3.2056e-6
-1.99508e-13
2.33418e-13
-9.48451e-7
2.99015e-6
-5.52593e-13
1.02789e-12
1.61336e-12
-2.69526e-12
-4.22938e-12
-3.04887e-12
-9.36155e-8
2.04303e-7
7.99066e-8
6.90707e-8
1.05554e-7
-1.19451e-7
7.38682e-12
2.10421e-11
-2.73048e-11
-6.86891e-11
9.82853e-11
1.57117e-9
-1.35284e-8
-1.22008e-10
-2.19156e-8
2.04732e-10
-3.16723e-10
-5.39325e-10
9.01383e-10
-3.31055e-11
-2.21057e-10
3.25093e-10
-8.28247e-10
1.24218e-9
-2.26329e-9
-2.42264e-9
4.96453e-9
-8.6442e-12
1.38687e-11
8.46094e-12
7.3878e-12
3.81582e-9
-9.39569e-9
-4.37906e-9
1.50273e-8
1.40518e-11
-4.47609e-12
1.8611e-12
1.59876e-11
7.54099e-10
-1.92007e-8
6.39303e-9
1.91597e-8
-2.12639e-8
-8.65802e-9
-4.67135e-10
1.73882e-11
-1.05223e-10
2.76289e-10
-2.63801e-11
-2.54429e-11
5.17441e-8
-1.60733e-8
-7.94585e-8
4.48144e-8
9.06452e-8
-6.89983e-8
3.3373e-8
-7.15599e-8
5.45867e-8
-3.30067e-8
4.10719e-8
-3.18402e-8
2.39989e-8
-2.01178e-8
1.3058e-8
-1.13836e-8
1.42538e-8
-1.32715e-8
1.06153e-9
1.91843e-9
-4.91093e-13
1.66223e-12
3.96488e-13
1.20913e-12
1.74873e-12
1.61723e-12
6.79099e-13
-8.02448e-13
-3.44144e-13
9.10736e-12
6.48124e-12
-5.17345e-12
4.37051e-13
2.53599e-12
-9.60165e-12
-1.63727e-13
-8.48036e-13
-7.37469e-13
-1.21719e-12
-3.85447e-13
1.2407e-12
-3.28215e-12
-3.11709e-12
-5.78182e-12
-1.54763e-11
-1.52878e-11
1.76956e-11
-2.35099e-11
2.87893e-11
1.03527e-11
9.08539e-12
1.80347e-12
4.46256e-12
-1.22673e-11
-1.5242e-11
-1.45663e-11
7.50157e-11
7.31314e-11
-6.54972e-11
8.74731e-11
3.32826e-10
7.72744e-10
-1.69983e-11
-1.54669e-11
7.65692e-11
7.26596e-11
-1.28566e-9
1.11189e-9
4.72301e-9
1.17332e-8
6.65871e-12
6.23803e-12
8.63005e-11
2.0917e-11
-1.43658e-8
1.32493e-8
3.38894e-8
8.98501e-8
-1.80497e-11
1.48225e-11
-3.63524e-12
-1.06144e-7
6.12369e-8
-1.67175e-7
1.71785e-7
1.45805e-12
-8.25904e-13
-8.84583e-12
-2.37716e-7
-5.53327e-7
1.32772e-12
3.11254e-12
-6.86985e-13
4.62858e-7
-3.08277e-7
8.53388e-7
-6.68097e-7
7.62244e-13
4.76321e-14
7.65288e-7
-1.02922e-6
-2.41186e-13
-2.78782e-13
-7.34478e-7
1.06296e-6
1.53365e-12
-3.80594e-13
5.78416e-7
-8.59369e-7
7.56444e-13
-2.65141e-14
-4.53582e-7
7.21255e-7
-2.94114e-13
1.49746e-13
6.17492e-7
-1.41021e-6
-1.56016e-13
1.13578e-12
-5.80499e-13
-6.55949e-12
1.17727e-12
7.71836e-12
5.79749e-9
-3.23177e-8
-5.15017e-8
-3.49946e-8
-2.84566e-7
8.29453e-8
-1.66699e-11
-9.61024e-12
3.56049e-11
2.37565e-11
-9.20993e-11
-1.8792e-9
7.1978e-9
4.60329e-9
8.23601e-9
-3.88328e-11
2.14233e-10
-2.32e-12
-4.07095e-10
-1.59004e-10
3.45605e-10
1.6419e-10
8.88614e-10
6.04453e-10
4.4911e-10
-2.25075e-9
2.3349e-10
-4.0709e-11
-8.26751e-11
1.44828e-11
5.89413e-10
8.70894e-9
-2.60585e-9
-1.05639e-8
1.32999e-8
4.68994e-11
-6.19544e-11
1.05991e-12
2.31493e-10
2.61594e-8
-2.38665e-8
-5.73586e-8
3.41936e-8
5.6423e-8
-6.84232e-8
-6.05853e-10
1.69978e-9
-2.21235e-10
-1.42119e-9
1.12253e-10
-4.41374e-10
-8.8407e-8
9.42408e-8
9.21526e-8
-9.79904e-8
-7.27329e-8
7.64397e-8
4.62255e-8
-4.57427e-8
-2.58976e-8
2.18258e-8
1.28241e-8
-1.2577e-8
-1.68494e-12
8.46843e-13
1.30453e-12
8.07757e-13
3.25609e-12
-4.64572e-13
4.05881e-11
-6.59952e-11
-2.1929e-11
-1.50211e-11
7.2021e-12
-9.48412e-12
6.66956e-13
-1.07773e-11
-5.4006e-12
-2.78205e-11
-2.76689e-11
-2.77203e-10
-3.00254e-10
3.40355e-10
5.053e-11
-1.44717e-10
4.60455e-10
1.86647e-12
-1.76472e-11
4.21094e-11
-1.25751e-11
5.44786e-11
-4.68848e-12
1.19333e-10
5.51437e-11
-3.38767e-10
-3.80817e-10
-3.36635e-10
-1.16355e-9
1.4057e-9
-2.13305e-9
-9.69615e-10
4.27384e-10
1.57205e-10
-6.90207e-10
-4.6423e-9
-3.5901e-10
-2.81572e-10
1.98861e-9
-2.15953e-9
5.92413e-9
-7.31989e-9
-1.20832e-8
-4.28045e-8
-1.3208e-11
1.48357e-9
-1.24418e-9
3.42519e-10
4.19268e-8
-3.21106e-8
4.5893e-8
-7.88594e-8
-1.30109e-7
-8.18651e-11
4.65978e-11
5.7019e-10
1.07113e-7
2.71035e-7
-1.09052e-11
-1.24166e-10
-5.52883e-11
1.69713e-11
-2.49974e-7
1.74711e-7
-3.38399e-7
3.43789e-7
4.94796e-7
2.50261e-12
-4.32772e-11
-1.47422e-11
-3.2823e-7
3.9371e-7
-5.53336e-7
-1.9276e-12
6.28807e-11
1.80796e-11
2.8792e-7
-3.53996e-7
5.02758e-7
-5.24836e-12
-1.02773e-10
1.11805e-11
-2.33477e-7
2.60915e-7
-3.9057e-7
-4.97044e-13
-2.21255e-13
-1.16052e-12
1.02576e-7
-1.6871e-7
3.29087e-7
-6.49898e-12
2.58606e-12
-3.04468e-8
9.0361e-8
-7.3131e-13
-3.56137e-9
1.89332e-11
9.17945e-11
-5.55525e-11
5.28658e-11
2.17776e-10
-1.86866e-11
1.72434e-9
-4.82932e-9
2.40279e-9
-1.14043e-9
3.48857e-8
-3.0861e-9
-3.00526e-12
-8.05803e-10
1.23135e-10
1.94882e-9
-1.45819e-9
-1.82826e-9
4.79789e-10
-8.01938e-11
2.73368e-9
-4.43625e-9
3.00145e-9
8.22808e-9
-1.05805e-8
-5.70862e-11
-1.68304e-9
1.48828e-10
7.79763e-9
-1.47334e-8
2.01499e-8
-1.06591e-8
2.94145e-8
-2.7135e-8
-4.67392e-8
6.28755e-8
1.16737e-9
-1.69835e-10
2.98517e-10
-8.34446e-9
4.78454e-9
-1.1708e-9
8.90325e-11
6.99316e-8
-8.62797e-8
7.44748e-8
-7.99661e-8
8.22701e-8
-8.19429e-8
7.8288e-8
-7.29402e-8
6.86755e-8
-1.06038e-7
6.37036e-8
-4.70732e-8
3.34825e-8
-2.42266e-8
2.20479e-8
-1.37678e-8
7.67434e-9
-7.64995e-9
-1.73061e-10
3.04505e-11
2.30307e-11
-1.46542e-10
6.32483e-11
-2.0354e-10
2.50734e-9
-1.41981e-9
-2.41276e-11
7.04303e-10
1.37861e-9
-1.04475e-11
3.73716e-10
-1.15443e-10
4.18244e-10
-6.50346e-10
3.03116e-9
5.64601e-9
8.98128e-10
5.46321e-9
-7.67951e-9
-3.01096e-9
1.13123e-9
-1.0873e-9
2.83667e-10
-8.71677e-10
-4.62669e-10
2.36712e-10
-8.1819e-10
7.75215e-10
-3.88256e-9
1.67386e-8
2.63633e-9
3.88449e-9
3.7218e-9
-8.17498e-9
7.70235e-9
-9.9083e-9
8.95518e-9
4.59155e-9
-5.48873e-9
-9.98154e-11
2.11722e-9
8.16348e-9
-2.7812e-8
5.59934e-8
6.57936e-9
8.07692e-10
-1.81511e-9
-1.19274e-8
9.95677e-9
-1.39188e-8
1.83363e-8
2.45724e-8
6.9169e-8
-1.0604e-7
2.30643e-10
2.10293e-9
-1.20759e-8
1.0226e-8
-2.36814e-9
-7.06548e-8
5.3756e-8
-8.47412e-8
1.04383e-7
1.39941e-7
-2.49429e-7
-2.25009e-9
-1.35733e-10
6.47986e-11
-3.71607e-9
-1.05931e-7
-2.20994e-7
2.69174e-7
-2.17032e-10
5.15383e-9
-4.94312e-9
4.47691e-10
2.16007e-7
-1.64497e-7
2.78633e-7
-2.32171e-7
-2.49973e-7
4.36413e-10
2.07274e-9
-1.14313e-9
2.35343e-7
-3.28268e-7
3.05272e-7
-1.71383e-10
1.42303e-9
8.92316e-9
-1.02448e-7
4.11197e-10
-7.51333e-9
-1.33553e-9
-9.35357e-10
9.69345e-9
-5.28538e-9
2.15336e-9
-1.51098e-9
3.62647e-8
-1.66335e-8
-6.30814e-9
-2.05713e-7
9.17863e-9
-4.36672e-9
5.80067e-11
-1.54063e-9
1.10508e-8
-4.08455e-9
4.88424e-11
1.74883e-8
5.61872e-11
9.32662e-10
-1.34357e-8
6.25998e-9
1.33217e-8
-3.41109e-10
-2.15878e-8
2.16121e-8
1.33886e-8
-7.73758e-9
-2.6754e-9
3.37959e-8
-1.11094e-8
9.38154e-9
-3.09152e-8
3.26827e-8
2.07053e-8
1.27175e-8
-3.2895e-8
1.45223e-8
-3.02242e-8
-7.89608e-9
-2.62827e-8
5.18137e-8
-4.84152e-8
3.36982e-8
-7.14905e-8
4.59274e-8
-4.95216e-8
8.07751e-8
-9.13762e-8
-1.90688e-8
-1.88066e-8
2.18922e-8
-8.31356e-10
8.91511e-8
-6.12499e-8
2.04193e-8
-2.48116e-8
1.11264e-8
8.07964e-8
-1.2558e-7
9.79691e-8
-1.04617e-7
1.00896e-7
-9.95025e-8
1.25457e-7
-1.26891e-9
3.09527e-9
-5.55706e-9
1.93262e-9
1.00984e-9
-4.46468e-9
1.13245e-8
-1.44803e-8
-5.77512e-9
5.84039e-9
-5.03132e-9
1.494e-9
6.4348e-9
-1.96009e-8
2.68152e-8
-4.23338e-8
-8.58427e-9
8.66377e-9
-1.16915e-8
1.34706e-8
-9.70158e-9
-2.54692e-9
2.16584e-8
-4.20981e-8
5.31872e-8
-8.83653e-8
8.0974e-9
-1.48885e-8
2.34517e-8
-2.93487e-8
2.61841e-8
-1.06888e-8
-1.3686e-8
3.92527e-8
-6.58034e-8
1.22411e-7
6.07665e-9
-1.37126e-8
2.5462e-8
-4.0505e-8
5.07859e-8
-4.79442e-8
2.99179e-8
-2.57343e-9
-2.71342e-8
6.1567e-8
-9.88819e-8
2.53962e-7
1.74062e-8
-3.69465e-8
5.8247e-8
-7.04932e-8
6.66177e-8
-4.7044e-8
2.03796e-8
5.05581e-9
-2.26213e-8
4.67884e-8
-2.33071e-8
4.71341e-8
-6.85733e-8
8.006e-8
-7.45638e-8
5.5291e-8
-3.16413e-8
5.16428e-9
1.63096e-8
-2.53705e-8
-4.02098e-8
6.76355e-8
-7.57236e-8
7.25854e-8
-5.63312e-8
4.43689e-8
-1.61395e-8
1.15176e-8
-5.1806e-8
6.60076e-8
-6.9272e-8
5.28595e-8
-7.55715e-8
2.77726e-8
6.31155e-8
-4.08204e-8
