0.0064984
-0.0283072
0.027144
0.00360296
0.0343746
-0.0269593
0.0244845
-0.0288339
-0.0216926
0.0252065
-0.0105439
-0.0193825
-0.0119538
0.0130011
0.0123317
0.0116984
-0.00872123
0.0061894
-0.00535534
0.000582057
-0.00258481
0.00685911
-0.00311598
0.000209303
-0.00224165
-0.00496971
0.00319392
-0.00058326
-0.00799417
0.00148141
0.00465887
-0.00796762
-0.00290375
0.00738393
0.00277546
0.000593922
-0.00331304
-0.00147648
0.000944525
0.00302173
0.00296708
0.00226724
-0.00851961
-0.0143611
0.00333461
0.00204636
-0.00604184
0.00951881
-0.0124293
0.0131651
-0.000254497
-0.00913536
0.000533312
0.00413538
-0.000578798
-0.000352788
6.82067e-5
-0.0106102
0.0219481
-0.00165854
0.00948077
-0.0325422
-0.0112887
0.0259147
-0.0116944
0.00259545
0.00592004
-0.014014
0.0194573
-0.0195689
0.0150812
-0.00218012
-0.00785862
0.00108633
0.00386761
-1.68871e-5
-0.00184305
7.65691e-5
-0.000272416
0.00516764
-0.0136596
0.0123568
-0.00655569
-0.00279156
0.0129951
-0.0196328
0.0198525
-0.0145924
0.00800692
-0.00334812
0.000898463
-0.0128957
0.00850485
-0.00230108
0.0119633
-0.00958485
-0.00327942
-0.00124808
0.0103568
-0.0137438
0.0111185
-0.0029328
-0.00719722
0.0140308
-0.0148587
0.0113052
-0.00686217
0.0016112
0.00305647
-0.000729525
-0.00264475
-0.000223594
0.000766037
-1.62569e-5
0.000266823
-0.0100292
0.00584801
0.000152952
-0.00921597
0.0149037
-0.0149193
0.00853648
0.000277966
-0.00664824
0.00840933
-0.00692165
0.00456688
-0.00233735
0.0019527
-0.000776319
2.90575e-5
0.00377243
-0.00154151
0.00822056
-0.0148195
0.0154764
-0.0108847
0.00400624
0.00128694
-0.0035299
0.00397472
-0.00506895
0.00546944
-0.00104756
-0.000331663
-1.63372e-6
-0.0021178
0.00269991
0.000955699
0.00137549
-0.00508632
0.00987228
-0.0123801
0.00905381
-0.00471068
0.00100132
0.000757609
-0.00144695
0.00237487
-0.00410917
0.0019265
-0.0010129
0.00100203
-0.000253798
0.00244918
-0.0051024
0.00666339
-0.00532596
0.00344601
-0.00110244
0.000103535
0.00132443
-0.00253257
0.00059978
0.000589795
-0.000107462
-6.00678e-5
-0.000208657
-0.000342801
0.00271342
-0.00381702
0.00245433
-0.00171535
0.000714018
-0.000251479
-8.42805e-5
-2.86193e-5
0.000951013
-0.000750891
0.000492604
0.000272176
1.45481e-5
-0.00122239
0.00200418
-0.00104873
0.00148596
-0.000919675
1.91967e-5
-4.4406e-5
-2.3069e-5
-0.000850882
0.000401154
0.000309431
-7.04003e-5
-0.000993704
0.000609326
-0.00049075
0.000449112
9.03438e-5
-0.000141084
-8.03365e-5
-0.000233855
-1.42067e-5
8.08338e-6
-0.00130447
0.00122849
0.00276284
0.00172802
-0.00246751
-0.008034
0.0313644
-0.0199441
0.0167259
0.0047015
-0.0024525
-0.0269482
-0.00985425
-0.00295808
0.0176141
0.0130242
-0.00627291
-0.00122256
-0.0151647
0.016619
-0.0119534
0.0125625
-0.0182483
0.0214241
0.0108799
-0.00952288
-0.0160927
-0.0109996
0.00724142
0.000268498
0.0025176
-0.000816737
-0.00517865
-0.00410029
0.000919633
-0.000212268
0.000623065
0.00776879
0.00707545
-0.00485646
0.00680857
-0.00730646
-0.00237062
0.00279105
0.0024882
0.00130905
-0.000883146
-0.00141774
0.00575791
-0.00145919
-0.00530758
0.00013214
0.0125179
-0.00144701
-0.000230294
0.000727721
0.000170023
0.000109658
-1.73933e-5
-0.000762366
0.00245778
0.000263027
0.000977242
-0.00395192
0.00010021
0.00876088
-0.000423984
8.69654e-5
0.00026314
-3.27261e-5
-0.000149534
-2.2436e-6
8.00116e-6
-0.00109753
0.00433359
5.81245e-5
5.91313e-5
0.00117064
-0.00192523
0.000455529
-0.00372993
0.00567519
-0.000180328
-0.000354622
-6.76184e-6
-1.61448e-5
1.61789e-5
-8.0586e-6
5.22401e-6
3.58557e-6
4.30019e-6
0.00884383
-0.016609
0.019133
-9.58083e-5
2.67181e-5
-5.15299e-6
-0.00750632
0.0102019
-0.014788
1.63712e-5
-7.73362e-6
-5.80133e-6
0.00622808
-0.00832671
0.00999912
-9.33557e-6
4.0549e-6
2.42657e-6
-0.00496235
0.00559606
-0.00502977
-1.0562e-5
5.36376e-6
-2.08875e-6
0.00303342
-0.00315049
0.00198717
-0.00174397
0.000290141
-5.68048e-5
2.82152e-5
-5.07485e-6
-0.00110163
-0.000857854
0.000669274
-1.29104e-5
-3.349e-5
-3.74713e-5
-1.92961e-5
0.000742919
-9.53208e-5
-0.000365977
0.000449576
-0.000268669
0.000125456
-0.000127465
2.88649e-5
5.09251e-9
-1.37785e-5
3.91343e-5
6.22161e-5
0.000114794
-7.22832e-5
-7.65172e-5
-0.00017627
0.000164108
-4.5549e-5
1.67921e-5
-8.27955e-7
-2.92975e-5
-3.01933e-5
-1.18338e-5
6.79339e-5
-6.58538e-5
-0.000102579
0.00023383
4.68571e-5
-0.000163722
9.943e-5
8.89289e-6
-3.98549e-5
1.29936e-6
1.34864e-5
1.54598e-6
-6.51632e-6
-2.41634e-5
4.96012e-5
2.03634e-5
-2.83408e-5
8.98034e-5
-1.16022e-5
7.60472e-6
3.77297e-5
-2.24632e-5
-2.67393e-6
3.89498e-5
-4.51226e-5
2.42696e-7
8.1317e-6
2.25259e-6
-1.84287e-6
-1.48953e-5
8.06341e-7
1.50652e-6
-2.6789e-5
7.04898e-6
-8.0882e-6
-3.24527e-6
5.64716e-6
-2.41006e-5
8.67566e-6
1.82967e-5
-9.50497e-7
-8.02536e-7
2.8332e-6
6.32982e-6
-1.7286e-6
3.26905e-6
-1.99582e-6
0.00276649
0.068602
-0.134438
-0.0719354
0.0938318
-0.135333
0.265479
0.0522377
-0.0683776
0.0716573
-0.0304115
0.0360989
-0.0306881
0.00348244
0.000161343
-0.00988563
0.0175172
-0.0253589
0.0315815
-0.0201102
0.0308737
-0.0319428
-0.0229325
0.0203957
0.0210216
-0.0122612
-0.000732959
-0.00166799
0.00409188
0.00135752
0.000953438
0.00599483
-0.00938409
0.00922251
-0.01436
0.0051052
0.00423508
0.000923723
-0.00145167
-0.0022752
-4.99714e-5
8.9673e-7
0.00013899
-0.000464679
0.000107071
0.00191728
0.000220794
-0.00117071
-8.169e-5
0.000463456
-7.7625e-5
-2.67083e-6
-0.000182031
0.000585951
0.000103072
-0.000254614
-4.09503e-5
9.11783e-5
-1.20832e-5
0.000160834
1.0385e-5
-4.3111e-5
9.76086e-5
1.55029e-5
-3.38462e-5
-7.19821e-5
-3.21274e-6
-3.32972e-6
0.000232523
-0.000242755
9.48505e-6
-2.1098e-6
-4.08727e-6
1.19621e-5
2.75676e-6
1.46791e-6
-5.92339e-6
-0.000863942
-1.33722e-6
-0.000103907
0.000816292
-6.22935e-5
7.75038e-5
-0.00156092
-7.08752e-5
0.00240155
-1.95545e-6
7.77722e-7
7.37914e-8
1.18943e-7
-3.62738e-7
-6.83554e-8
-2.24715e-7
0.000859023
0.00166121
-0.00432697
2.16182e-6
-6.62596e-7
1.94787e-7
-0.0021592
-0.000985249
0.00412254
9.10739e-7
-5.45878e-8
1.49761e-7
0.00274833
0.000289924
-0.00341113
-5.42208e-7
4.94118e-8
-2.26567e-8
-0.00244449
0.000272491
0.00249295
9.15979e-7
-3.48208e-7
4.16496e-8
0.00179027
-0.000613743
-0.000760828
1.08971e-6
-3.20696e-7
1.29226e-7
-0.000873459
-1.29993e-5
2.04097e-6
7.75468e-8
1.73641e-7
0.000710846
-0.000858546
-0.000470121
0.000149945
1.61381e-5
9.09052e-6
-3.30246e-6
1.26709e-6
-7.24495e-7
0.000185164
4.89678e-5
1.86593e-6
-4.61468e-7
3.05289e-7
-0.00010709
9.05157e-5
4.44442e-5
1.9172e-5
-1.81046e-6
-6.13408e-8
-1.79221e-7
-2.87838e-7
-1.60433e-5
8.07492e-6
3.89882e-6
3.86527e-6
4.34737e-8
-1.8563e-6
2.30088e-7
4.77189e-7
-5.82736e-7
-2.65258e-7
-6.75407e-7
-1.61822e-6
3.59564e-6
-7.76772e-6
-7.27903e-8
-3.70132e-6
1.20664e-7
2.85437e-7
-2.63158e-8
1.52148e-8
9.0127e-7
-1.28135e-6
4.41073e-7
-1.03353e-7
-1.62451e-6
-1.26363e-6
2.07631e-7
-1.10679e-6
8.71917e-7
5.56748e-8
2.11727e-8
3.07109e-6
6.29154e-7
-2.89054e-7
-3.0878e-7
1.15158e-7
5.49948e-7
-2.46436e-7
2.4294e-7
6.10345e-7
2.15303e-7
9.35467e-8
8.93685e-8
-2.99678e-7
5.11663e-7
-4.56273e-8
-1.53675e-6
1.27651e-7
4.73917e-9
-1.55537e-7
-1.77646e-7
-4.76122e-8
-4.33335e-8
8.87924e-8
-0.0237696
-0.00855223
0.117015
-0.390606
0.401408
-0.296137
0.0937668
-0.0467345
-0.0489895
0.0318062
0.0145441
0.00101769
0.0232569
-0.0298405
-0.0318884
0.0268496
0.0208869
-0.000281685
-0.00428879
-0.0225995
-0.00345721
0.0191247
0.00968222
-0.021057
0.00117495
0.00237019
-0.00603583
0.00934242
-0.00294937
0.00821139
-0.0112427
0.0225216
0.00792246
-0.0129348
-0.00451406
0.00571524
1.03423e-5
9.38693e-5
-0.000138558
3.09575e-5
0.00227275
-0.00279477
-0.00101441
0.00126989
-5.19272e-6
2.65244e-5
-5.35915e-6
5.5686e-7
0.000405099
-0.00052227
-0.000146074
0.000196419
-2.38203e-6
5.88922e-6
-1.58466e-6
1.04822e-6
4.76993e-5
-6.75589e-5
-1.34738e-5
2.40615e-5
1.4214e-5
-1.29079e-5
-2.13154e-6
-4.07156e-5
8.16115e-5
1.52668e-6
2.48965e-6
-8.19704e-6
2.07555e-6
-1.17501e-6
2.85318e-6
-9.88391e-7
-0.000464783
0.00012613
8.59454e-5
0.00161354
-0.00072166
-1.19271e-5
2.12285e-7
5.7427e-7
4.794e-8
5.58213e-10
-2.16594e-7
-0.00184359
0.000907215
-1.69474e-8
-5.09182e-9
0.00700459
-0.00343544
-7.06764e-8
1.63524e-8
-0.00849357
0.00536875
-2.22031e-8
1.92595e-8
0.0077597
-0.00551152
5.92709e-9
1.09884e-9
-0.0042126
0.00392394
-3.10048e-8
1.82999e-9
0.00236334
-0.00250817
-3.27501e-8
1.1042e-8
-0.00132654
0.00140067
-9.98623e-8
3.17848e-8
0.000744335
0.000501459
-2.31079e-7
2.0955e-7
-6.93811e-9
-0.00038648
0.000268345
0.000166055
-0.000220212
-1.14272e-8
5.06574e-8
-2.73841e-8
-5.91602e-5
-3.12491e-5
7.04183e-8
-2.183e-8
-1.08196e-8
1.62785e-5
-6.51108e-6
-2.75278e-6
-9.7908e-7
-9.06971e-8
2.06444e-8
2.8449e-9
-1.79156e-8
-1.5334e-7
4.20695e-7
2.57e-7
2.58209e-7
-1.09452e-8
-7.13376e-8
7.26858e-9
2.11447e-8
-6.62824e-8
1.53944e-8
-2.44746e-8
6.9912e-8
-9.80468e-8
-1.06695e-7
7.30566e-9
4.09263e-9
-1.12777e-9
3.57145e-9
-1.0151e-8
1.5478e-7
-1.8393e-7
-2.10023e-7
3.36417e-7
6.02921e-8
3.3226e-8
1.34005e-8
1.32083e-8
-3.17331e-8
-5.53174e-8
2.75704e-8
-5.19674e-8
2.70268e-8
6.83709e-8
4.62325e-8
1.83988e-8
-1.26612e-8
-2.93523e-8
8.81775e-8
6.28399e-9
1.87142e-8
-7.4121e-8
-1.84708e-8
8.88615e-9
8.38835e-9
-1.93024e-8
-2.41121e-8
-1.44586e-8
-3.54968e-9
1.72949e-8
-2.76069e-8
0.0398443
0.0380181
-0.0545555
-0.0371641
0.0142783
-0.00150201
0.0438421
-0.0145936
0.0268658
-0.0339457
0.0556576
-0.0500377
0.0534558
-0.0317932
0.0138785
-0.0182952
-0.00229277
0.0373861
0.0140279
-0.0474839
-0.0188379
0.0126363
0.0272077
-0.0753926
0.273667
-0.151793
0.0776434
-0.201296
0.0538701
0.03322
-0.0558726
-0.0313386
0.029509
0.0183185
0.0213023
0.013069
-0.0217712
-0.0188212
-0.000249996
-0.00172089
0.00315124
-0.00807363
0.0064953
-0.00235071
0.00961427
-0.00877702
-0.00271966
-0.00473763
-0.002866
0.00468086
0.0026407
-1.49558e-5
3.40099e-6
9.11069e-5
-0.000269582
-0.00150396
0.00227268
0.000692593
-0.000937304
-1.21837e-6
1.32649e-6
2.24325e-6
-1.21362e-6
-0.000285409
0.00039694
9.68422e-5
-0.000111583
-8.21147e-7
3.86165e-7
1.44354e-7
1.22884e-6
-2.85722e-5
3.89798e-5
4.96197e-6
-7.63292e-6
3.72335e-6
-1.87499e-6
-1.71462e-6
-5.84543e-6
-1.92361e-7
4.40226e-6
8.38394e-7
-1.7822e-6
3.81369e-6
-6.332e-7
-1.06872e-6
5.48481e-7
3.27529e-7
-6.29498e-5
-7.19439e-5
4.66311e-5
-0.000693665
0.00119308
5.73519e-7
-1.30774e-7
-1.02268e-7
-3.67994e-7
1.34053e-7
7.43775e-8
3.31434e-8
0.000136208
-0.00205322
-1.10678e-8
-1.69455e-8
0.00582519
3.18656e-9
0.0136394
-0.0209529
0.00567397
-0.0147309
0.0254231
-0.00330035
-0.0144399
-2.53255e-9
1.65291e-9
-6.47532e-9
-8.64888e-10
6.83709e-9
-1.6102e-9
2.06296e-9
-5.9656e-10
0.0121072
-0.0156862
0.0120498
-4.08867e-9
6.82996e-10
-5.20909e-10
-0.00529179
0.00774443
-0.00777258
2.54479e-10
-1.14727e-10
-1.55744e-12
-0.00185514
-0.00119184
0.00264539
-1.0577e-9
7.58729e-10
-4.02847e-10
-0.000107107
-0.00141725
-8.28561e-9
7.04477e-11
0.000668086
-0.000825193
-0.000575898
0.000901148
-7.97623e-9
2.6051e-9
2.93781e-9
-1.65536e-9
-1.78569e-10
0.000536899
-0.000556759
5.19873e-9
-1.911e-9
-0.000221193
-0.000104209
-5.96527e-9
2.91629e-9
5.63529e-5
2.7618e-5
-6.60335e-6
3.17163e-5
7.10393e-9
1.65728e-9
-2.38725e-9
8.06822e-9
1.17271e-9
-4.90379e-7
1.99276e-7
5.49391e-10
-3.63466e-9
1.19761e-6
-4.34841e-7
-4.83908e-7
-1.57719e-7
-3.82094e-9
3.25278e-9
2.81953e-9
-2.22191e-9
-2.3145e-9
1.30356e-9
1.03922e-7
1.01262e-7
-5.22746e-9
8.48314e-9
-3.37841e-10
-3.65847e-9
3.39436e-10
9.05375e-10
-2.53748e-9
1.96786e-8
-1.3171e-9
-5.34928e-9
-1.20266e-8
-1.41745e-9
6.16006e-10
-4.13953e-10
8.28207e-11
2.53292e-9
1.07086e-10
-3.67152e-9
2.45707e-8
-8.25429e-9
1.41161e-8
1.55721e-10
3.16441e-9
5.58215e-11
6.95001e-10
3.07117e-9
-2.72825e-9
6.88939e-9
-5.83827e-9
1.37894e-9
8.24779e-9
8.1154e-9
4.25735e-9
-5.10111e-10
1.08381e-9
-2.7913e-10
2.11083e-9
4.806e-10
-1.15125e-9
-1.73026e-9
5.75627e-10
-9.18589e-10
1.25334e-9
-1.23565e-9
-6.38023e-11
4.31249e-10
-1.23501e-9
-3.72925e-9
-2.59359e-9
-5.08691e-10
-2.67317e-11
-1.4672e-10
-4.57614e-10
-4.55171e-10
-1.68311e-10
7.37749e-10
1.7682e-10
9.49097e-10
1.34112e-9
6.02468e-10
6.56329e-11
-4.95889e-11
1.08404e-10
-0.0289684
-0.0101066
-0.011263
0.014037
-0.00301803
0.0308612
-0.0185627
-0.0378013
0.00852075
-0.00769241
0.0178035
0.0426224
0.00866046
-0.0490356
-0.0204364
-0.0600155
0.0950266
-0.0606236
0.0555404
-0.0205616
0.0246648
0.0497692
-0.0522304
-0.0259228
0.0189303
0.0135664
0.00721293
-0.0102825
0.000373713
0.0019313
0.000328019
0.0183515
-0.00422073
0.00780343
-0.00380043
-0.00407094
-0.0023839
0.00330928
2.10355e-5
-1.04326e-5
-7.27556e-5
0.000107143
-0.000518796
0.000125019
-0.00195938
0.0015266
0.000355526
0.000701653
0.00043006
-0.000822846
-0.000315494
4.61272e-7
9.36997e-7
-6.41993e-6
5.60193e-6
9.0843e-6
0.000135012
3.15509e-5
-0.000174615
-3.26167e-5
1.08885e-5
-2.17508e-6
-4.99922e-6
-5.99221e-6
5.99778e-6
-3.02351e-6
1.79311e-5
-9.97867e-6
-2.1934e-5
-5.49185e-6
-4.15836e-5
-5.19389e-6
5.62779e-5
-1.52491e-5
-4.59207e-5
5.12655e-7
3.28388e-7
3.26445e-6
-1.0024e-6
-8.58118e-8
0.000375427
-0.000116924
-0.000228561
-0.00184781
0.00135383
0.000362907
1.49074e-8
-4.29296e-8
1.69387e-8
1.10934e-8
-8.91778e-9
7.74341e-9
0.00360281
-1.38737e-9
0.00566274
-0.00988732
0.0041741
-0.0094715
0.00884278
-0.00478502
3.95337e-10
3.21473e-10
1.62303e-9
-5.08503e-10
1.97146e-10
-1.94953e-10
0.00399434
-0.0066234
7.43434e-11
2.08786e-12
0.00209197
0.000480812
-4.05983e-11
4.18016e-11
-0.0106399
0.00577772
2.75894e-10
-7.97186e-11
0.00161714
0.000711867
-0.00129164
-0.000443421
0.000581426
-2.89489e-10
-8.6589e-11
8.93806e-10
-3.59007e-10
1.82863e-10
0.000284689
-0.000472198
4.21548e-10
-1.01549e-10
3.64452e-5
-1.87951e-5
5.33642e-6
6.47976e-6
-1.67917e-5
-8.54342e-9
1.22546e-8
-1.36449e-8
1.42671e-8
2.74132e-9
2.56987e-6
-5.9595e-7
4.07167e-8
2.73162e-7
-4.14519e-8
2.6161e-9
-1.95587e-9
1.84578e-9
-1.91279e-9
2.72892e-9
-1.20263e-7
-5.46558e-8
-2.25147e-10
-6.05811e-10
1.25309e-8
3.78105e-8
4.37225e-9
-5.9939e-9
-1.91801e-10
-1.14463e-10
2.22961e-10
1.40656e-10
-4.28325e-10
-4.9346e-9
1.23698e-9
2.49146e-9
-1.21819e-9
1.27207e-10
1.30153e-10
-5.00468e-11
-2.12904e-10
-6.53998e-10
-4.77811e-10
4.6673e-10
-1.82431e-10
-8.67447e-10
-4.25003e-13
8.29961e-11
7.67968e-11
2.63493e-11
-3.34193e-10
1.66578e-11
1.82458e-10
-1.48548e-10
-1.29793e-10
3.71992e-10
-7.45454e-11
2.05027e-10
1.11415e-10
-1.49966e-10
-8.39659e-11
2.06169e-11
-3.16711e-11
5.28856e-11
-6.70268e-11
-8.11316e-11
7.85206e-12
-1.45666e-10
-4.98195e-10
-4.0146e-10
-1.01884e-10
8.89961e-11
7.3849e-12
-5.71677e-11
-6.6311e-11
-8.98775e-12
7.49184e-11
3.93986e-12
1.17973e-10
1.62208e-10
1.07037e-10
-9.33354e-11
-2.75259e-10
-7.2516e-11
0.000362083
0.00977415
-0.012628
-0.00934945
-0.000856999
0.00204264
0.0090784
0.0157011
-0.0152045
-0.0225771
0.0109936
0.0712044
-0.0244301
-0.0257352
0.0265083
-0.00315251
0.00880242
-0.00526806
-0.00477076
0.0492237
-0.0686268
-0.014254
0.0127434
0.00298813
0.0016478
-0.00101145
0.00103606
0.00508172
-0.00295221
0.0156246
-0.00522457
0.0028014
0.000452516
-0.00114271
-0.0010178
0.000831567
8.89152e-6
-0.00038594
0.000269881
-0.00150401
0.000554138
-0.00116187
7.31613e-5
0.000456325
0.000429295
-0.00048547
9.83771e-6
-5.29826e-5
0.00012212
0.000343727
0.000240427
-0.000357332
8.66521e-6
-3.77453e-5
6.28392e-5
7.6339e-5
1.15734e-5
-8.19451e-5
1.75444e-5
7.84647e-6
-5.23557e-5
6.21311e-5
6.20539e-5
-2.37497e-6
1.02045e-5
-5.66052e-6
-9.67723e-6
-3.2155e-6
2.4822e-5
-0.000132333
0.000283386
-0.000526273
-0.000330737
-7.11028e-10
4.05838e-7
1.8612e-6
-4.21624e-7
-1.08415e-7
8.18665e-5
0.000150152
-0.00138739
-0.00105279
0.00187125
0.00205186
9.51781e-9
-7.52208e-9
5.5453e-8
1.35545e-9
-3.80902e-9
2.17036e-9
0.00300333
8.66431e-10
0.00318875
-0.00533383
0.00157475
-0.00252778
-0.0042794
0.00235455
0.00484231
-0.000967889
1.96948e-10
-6.90052e-10
-2.56234e-11
-7.00515e-11
-0.00179198
0.000991164
3.2951e-5
-1.39684e-10
3.67313e-10
0.00976837
-0.00464889
-0.00675443
-4.38795e-11
3.47196e-10
-0.011666
0.00326051
0.0134109
-1.43241e-10
3.12356e-10
0.0014018
0.00119039
-0.00163233
-0.000390801
0.000397724
4.87983e-10
-6.94369e-11
-8.96176e-11
0.000109439
-0.000199839
-1.51221e-9
7.13306e-10
-1.22784e-5
-3.67714e-7
3.93746e-6
-8.98399e-8
6.32522e-7
-1.53559e-8
1.25069e-8
-1.42274e-8
8.07233e-9
-1.24736e-9
-1.0265e-6
2.32042e-7
4.84529e-8
-6.25305e-8
5.47658e-8
1.88353e-9
-8.33021e-10
3.62555e-10
-9.18207e-10
1.35318e-9
-1.6885e-8
-5.81161e-9
1.05105e-9
-9.95805e-9
2.23377e-10
-2.40333e-11
-1.6955e-10
1.3104e-9
1.60339e-9
1.54668e-10
5.4978e-10
-2.41843e-10
-5.00589e-10
-4.98921e-11
1.73445e-10
3.12402e-10
-2.93577e-11
-1.30181e-10
1.15456e-10
3.53405e-10
-1.37616e-9
-2.43969e-10
-1.22968e-11
5.44386e-12
-2.63558e-11
-8.42654e-13
1.50684e-11
9.0773e-12
-2.242e-11
2.83606e-10
-5.84958e-10
-1.78723e-11
4.40481e-12
-1.85587e-11
1.57474e-11
4.12888e-11
7.79766e-12
5.78899e-11
1.7256e-11
-7.99222e-11
-5.97399e-11
-2.12488e-11
-1.83634e-11
-4.55626e-11
-3.8136e-11
-1.56775e-11
2.28472e-11
3.14465e-11
-1.00651e-10
-1.71997e-11
-4.07543e-12
-5.51836e-11
4.38834e-10
5.53538e-10
-9.30467e-11
-1.29646e-11
-1.02978e-10
3.02776e-10
-1.75305e-10
-3.78338e-11
-1.87296e-10
-7.42805e-10
-0.00309711
0.0160083
-0.0121859
-0.0199184
0.0330305
-0.031206
0.0193277
-0.0260028
0.00984556
0.00762713
-0.0196153
0.0244072
-0.0344293
-0.139282
0.138265
0.088288
-0.0367914
-0.00856918
-0.000768423
0.000197726
0.00204054
0.00374442
-0.00613136
0.00208149
-0.00212488
0.000122656
0.000128466
9.51289e-5
-2.21874e-5
-5.65903e-5
-0.000198863
-0.000536019
0.000261101
-0.00169373
0.000613985
-0.000133828
-0.000192543
-2.03963e-5
7.62331e-5
-5.25285e-5
-5.18035e-5
-3.34756e-5
0.000216497
0.000166094
0.000188179
-0.000187849
-2.91049e-5
-3.13732e-5
8.92477e-5
0.000149268
0.00010994
-0.000147177
-4.11259e-5
-3.77789e-5
6.66363e-5
3.22736e-5
5.50417e-6
-2.78301e-5
-0.000116906
0.00010845
-6.53004e-5
0.000393487
0.000101532
-1.21992e-6
3.77082e-6
2.71099e-7
-2.64197e-6
-1.61346e-6
0.000729759
-0.000687932
0.000466745
-0.00220282
-0.000645417
-6.69749e-8
1.70814e-7
4.93096e-7
-1.75044e-7
-6.15004e-8
-0.00489091
0.00282908
-0.00290629
0.00560183
0.00440581
-0.00169976
0.0034233
9.9812e-9
-2.65819e-8
-1.16941e-8
3.30837e-8
-6.67616e-8
-0.000515445
4.04542e-9
-2.74044e-9
-2.36932e-9
1.06534e-9
-1.13333e-9
-6.6922e-10
-1.16369e-9
0.000603209
2.15558e-10
-1.0095e-9
-8.08999e-5
0.000141774
-3.07835e-10
7.16742e-10
1.48109e-6
-1.3173e-5
1.09059e-11
-1.13387e-5
3.32267e-6
-1.97384e-10
9.05838e-10
7.96062e-7
7.50807e-7
-3.05662e-7
-7.41305e-7
-9.11309e-9
2.96724e-9
-2.09625e-9
2.71051e-7
-7.30332e-8
-3.44588e-8
1.9004e-8
-5.92778e-8
7.11783e-10
2.22104e-11
-1.08749e-10
-1.21821e-10
-7.8022e-10
2.13229e-8
-4.86809e-9
-9.23496e-10
1.90478e-9
6.34492e-10
-2.70248e-10
-6.5757e-10
-6.24689e-10
-6.63602e-10
-5.19236e-10
1.89267e-9
-5.98702e-10
-1.53695e-9
-3.26032e-10
2.96592e-10
2.19634e-10
5.29276e-10
1.22417e-9
-4.75567e-9
4.2534e-10
-7.36703e-10
-5.10447e-11
2.24956e-11
-1.69882e-11
-4.00903e-10
1.25287e-9
-2.33575e-9
1.20118e-10
-1.06816e-10
2.05171e-11
6.36084e-11
-4.64576e-12
1.28661e-10
2.88752e-11
1.15042e-10
9.48894e-11
1.6875e-10
-1.14166e-10
-2.61475e-10
2.15772e-10
-1.17823e-10
-3.87763e-10
2.30322e-10
-9.99924e-11
-9.71329e-10
5.12941e-10
-4.77834e-10
-8.44559e-10
-5.86023e-10
-1.00822e-10
-2.22548e-10
1.84365e-9
-7.08529e-10
7.85837e-11
2.41724e-10
6.02308e-10
1.83595e-10
2.35717e-10
1.03049e-9
3.05752e-9
-6.76486e-10
2.68497e-9
-0.0324153
0.0347368
0.0218176
-0.0099973
0.0218551
-0.00265127
-0.00698889
-0.0171026
0.0240326
0.0298155
-0.0333697
-0.0352259
0.0352032
0.050618
-0.0364723
-0.0933097
0.0470459
0.00253569
0.00757372
-0.00179614
-0.00189466
0.00121321
-0.00316554
0.000981776
0.00717191
-0.0150398
0.00745377
0.0245305
-0.000228278
0.00072732
-5.22744e-5
2.53426e-5
5.35454e-6
-0.000277144
-0.00042238
0.000212022
0.000585901
-0.000681741
0.000377783
3.86751e-5
-2.04895e-5
-6.45139e-7
-8.08999e-5
-2.70523e-5
9.9609e-5
-1.57677e-5
1.24077e-5
-1.54549e-5
-4.70307e-5
3.3401e-6
2.87943e-5
5.76913e-5
6.91416e-5
-5.80516e-5
-4.93437e-5
1.95744e-6
1.86283e-5
5.47116e-5
4.13345e-5
-3.49825e-5
-8.35181e-5
1.99225e-7
2.00592e-5
3.47395e-6
5.78853e-7
1.7978e-6
-0.000301037
0.000226326
-3.13797e-5
0.000108908
0.000668972
3.11946e-5
1.27207e-7
-4.77249e-8
2.78234e-8
-7.91911e-7
0.00316882
-0.00144562
0.00024342
-0.00122213
-0.00561268
-0.000310624
4.00924e-8
-2.94409e-7
7.94604e-8
-2.3134e-7
4.91444e-7
1.39457e-7
0.00281104
-0.00413975
0.00561738
-0.00464951
0.000518289
0.000626512
-0.00614324
-3.88277e-8
1.5626e-7
1.12138e-8
-1.80038e-8
6.54988e-8
-0.00340065
0.00256801
-3.71506e-9
9.14627e-9
0.00390071
-0.00316393
3.2328e-9
-4.70772e-9
-0.00206379
0.000661352
1.64019e-9
-1.08229e-8
0.000468172
0.00119842
2.85953e-9
1.11289e-9
-0.000396518
-0.000307384
4.33486e-9
-2.15615e-8
0.000559424
-0.000693967
1.40421e-9
-3.88543e-10
2.45954e-5
5.95016e-5
-7.83137e-9
-1.73343e-5
4.29543e-6
8.68327e-10
3.19828e-8
5.71126e-6
-6.38191e-7
5.78082e-10
1.27035e-9
1.29922e-9
4.101e-7
-4.29556e-7
-1.02135e-9
1.54653e-7
-1.90669e-7
5.99238e-10
1.96175e-9
-6.17028e-8
5.30177e-8
1.42037e-8
2.28944e-8
5.86481e-10
-2.20913e-10
-1.1176e-8
1.9192e-9
-1.83244e-9
1.0866e-9
2.02348e-9
1.06938e-9
9.36498e-10
3.39892e-9
3.49418e-10
-2.54882e-10
4.73011e-10
5.66716e-9
1.20467e-9
-9.14697e-9
-1.37085e-9
-6.57268e-10
1.0583e-9
2.17084e-9
2.7546e-9
-1.7021e-8
1.22719e-9
-2.91664e-9
-6.72266e-10
-1.44222e-9
4.24647e-9
-6.59093e-9
-1.39198e-10
2.47794e-9
5.1657e-10
-1.84579e-9
-1.81412e-11
-4.73292e-10
1.51865e-10
-1.70252e-10
6.54525e-10
-6.94877e-10
-9.36868e-10
7.54033e-10
-5.40359e-10
-1.38389e-9
1.52481e-9
1.50653e-9
2.80045e-9
1.46579e-9
-4.97686e-10
5.56956e-9
-2.18796e-9
-3.0369e-9
3.84276e-10
-4.48014e-9
-1.39167e-10
-1.73263e-9
-1.31182e-9
3.06057e-10
-2.29264e-9
-5.23872e-9
-7.2696e-9
7.05344e-11
1.32436e-8
-8.2034e-9
-1.03006e-8
-2.64759e-9
4.4139e-9
-7.18382e-10
3.81839e-9
5.50059e-9
5.48442e-10
-1.09504e-10
1.65014e-8
1.87014e-8
-4.17236e-9
-0.00147622
-0.00081347
0.0133418
-0.0143812
-0.0253909
0.0214616
0.0298477
-0.0216461
-0.028308
0.0162875
0.0287682
-0.0130607
-0.0246616
0.00716842
-0.000702479
-0.000561763
0.0173774
-0.0089925
-0.0295484
0.0269474
-0.0131706
-0.0295099
0.00202377
-0.00083721
-0.000435306
-7.50361e-5
3.9067e-5
6.03111e-6
-9.60528e-5
-0.000110991
-0.00305429
0.0010032
-6.90402e-6
-1.27098e-6
-2.78013e-6
5.3389e-6
-3.93446e-5
-8.61823e-5
3.08974e-5
-0.000181623
7.38037e-5
-4.41974e-7
-3.06453e-6
2.08872e-6
-1.43146e-5
1.73142e-6
9.27949e-6
-4.69182e-7
2.06774e-6
-3.30102e-6
-1.20601e-5
3.27986e-6
1.64568e-6
1.54637e-5
5.21195e-6
4.05735e-8
-1.4707e-5
3.06243e-6
1.24285e-6
-1.01413e-5
-3.20741e-5
4.25067e-5
-4.23969e-5
1.72652e-6
8.99497e-6
1.62344e-6
-1.98532e-6
6.31503e-6
4.1241e-6
-1.514e-5
0.000506029
0.000173171
-0.000190764
-7.32242e-5
1.63037e-6
-6.46146e-6
-1.85139e-6
6.51927e-6
-0.00361114
0.0049009
-0.00287687
0.00215975
0.00500878
0.00137935
-2.67166e-7
1.54524e-6
-3.45829e-7
8.38223e-7
-1.7533e-6
-2.65002e-7
0.00242309
-0.0019322
-0.00115856
-0.00181262
-0.00408491
0.00314174
0.00415496
0.00291617
-1.48875e-8
-4.76938e-8
-1.24532e-8
1.26034e-7
0.00403866
-0.00308173
-0.00434692
4.99097e-8
-1.64865e-7
-0.00256878
0.00181966
0.00273038
-6.57531e-9
-2.57514e-8
0.00107314
-0.000470646
-0.00113737
2.57621e-8
1.71013e-8
-0.00043602
9.27044e-5
0.000505527
7.56481e-8
-2.34229e-7
0.000209929
-9.4501e-6
-0.000337606
-3.73333e-8
-2.10206e-8
-1.10082e-5
-4.29357e-6
-7.30129e-6
-5.51746e-9
4.58476e-8
-4.71768e-8
8.07799e-7
-1.74562e-6
-1.21599e-8
3.30187e-7
-2.91074e-7
2.74907e-9
4.54325e-8
-4.01768e-8
5.1757e-8
-5.54806e-10
-2.50465e-9
-2.60556e-8
6.46716e-9
5.81518e-9
-7.64173e-9
3.09541e-9
-1.05399e-9
4.89417e-9
-4.75208e-9
-1.15273e-9
3.54618e-9
-1.20152e-8
1.59017e-8
1.95432e-9
1.08189e-9
-1.713e-9
2.8567e-8
1.36978e-9
3.51322e-9
5.147e-9
1.18148e-8
5.56444e-8
-6.94441e-8
2.98998e-9
-2.428e-8
-9.50134e-11
-5.74523e-9
3.26643e-8
-4.38372e-8
-7.44286e-9
2.52941e-9
-6.64148e-10
3.10568e-8
-2.72914e-10
6.96445e-10
-2.28979e-9
-1.81986e-10
-3.26584e-8
1.04031e-8
5.72429e-9
-1.18689e-8
1.7405e-9
-6.92816e-9
1.50852e-9
-7.30169e-10
-1.10627e-8
-4.77488e-9
1.82663e-9
-1.96107e-8
1.62615e-8
2.88589e-8
-6.9955e-9
6.26356e-8
2.431e-8
-5.79772e-9
2.75709e-8
-2.99341e-8
-1.4072e-8
-6.82631e-9
6.225e-9
-1.63475e-8
-1.08433e-8
8.59416e-9
-2.3043e-8
-6.37535e-8
-5.3728e-8
-2.14142e-8
1.35423e-7
-1.9724e-7
-3.78133e-8
3.84155e-8
5.04646e-8
-8.82907e-9
-1.00796e-8
2.00049e-7
1.88435e-7
-0.0123643
0.0080234
0.0124475
-0.00444964
-0.00785798
0.000245178
0.0154783
-0.0156369
0.0118569
-0.00403232
0.00313044
-0.000469073
-0.000675803
0.00063572
-0.000607319
0.000346744
0.000129187
0.000109155
0.00405573
-0.00152331
0.00807076
-0.00377303
-2.87858e-5
8.56406e-6
-3.71137e-5
1.66585e-5
9.80989e-5
-5.17298e-5
-0.000239931
2.36546e-5
-6.10695e-6
1.34404e-6
-3.61844e-6
1.58459e-6
-3.23756e-6
-8.73664e-6
2.335e-6
1.29553e-6
-2.50403e-5
5.43634e-6
-1.07928e-6
1.41971e-6
1.56761e-6
-1.14125e-6
-6.43658e-7
4.00504e-7
-3.19892e-7
-6.5979e-8
1.03387e-5
-4.25544e-5
-5.83541e-7
8.40185e-9
-9.50168e-8
1.38765e-7
3.52465e-5
-0.00013383
-1.98179e-6
-5.47847e-8
4.33478e-7
-5.20531e-7
-1.46006e-5
4.66629e-6
4.74466e-5
-0.000130714
6.40615e-5
2.78624e-5
-1.96028e-5
-8.70202e-6
2.17994e-5
-6.44379e-5
-2.09605e-5
6.00564e-5
-0.00110616
-0.000577734
0.000477616
0.000210035
-5.01303e-6
1.62391e-5
3.54256e-6
-1.17863e-5
0.00128497
-0.00336967
0.00202304
-0.000737932
-0.000612716
9.25348e-5
-0.00138643
4.1312e-7
-8.35317e-7
1.8023e-7
-5.00581e-7
1.32429e-7
-6.48215e-7
-4.40456e-7
3.17146e-7
4.14868e-7
-4.01434e-7
7.108e-7
2.77927e-7
4.39391e-5
1.20615e-7
-1.26698e-5
8.24474e-6
2.8483e-6
6.62713e-6
-1.08292e-7
7.14208e-8
4.84475e-8
-8.81565e-7
1.40602e-6
-1.42105e-6
3.22094e-7
2.61589e-8
-8.98429e-8
-6.09301e-8
2.02268e-7
3.21248e-9
-8.9783e-8
-9.53443e-8
3.15012e-8
-1.76707e-8
1.09574e-8
-8.36627e-9
2.18439e-8
5.60299e-8
-4.18093e-8
-6.48251e-9
-5.23226e-9
2.19387e-8
-5.0033e-8
-7.1226e-9
-6.04426e-8
6.57686e-8
-1.34414e-8
1.46078e-7
3.41938e-9
-8.59564e-9
-1.49762e-8
7.21739e-9
-3.31702e-8
2.1115e-7
6.69291e-8
5.25833e-8
2.78758e-8
-2.96046e-7
-3.67504e-8
1.26587e-7
2.3885e-8
-3.12875e-7
-1.44947e-7
6.78048e-7
-1.50098e-10
3.31796e-9
2.47184e-8
7.694e-8
4.04179e-8
-6.9081e-9
1.25962e-7
1.07482e-9
-5.36499e-9
2.01428e-9
1.1758e-8
-2.1822e-7
8.40297e-8
5.31059e-8
-1.0721e-7
2.57315e-8
-1.25435e-7
2.2197e-8
-3.40021e-9
-1.18726e-7
6.64221e-9
6.76211e-8
-2.38193e-7
2.14401e-8
-4.49713e-7
-2.03014e-7
5.22769e-7
4.80049e-7
-8.92636e-8
-8.52711e-8
3.32804e-8
-4.07447e-8
-7.42428e-8
-1.58739e-7
-6.4105e-8
1.22987e-7
-2.81314e-7
-8.97833e-7
5.16367e-7
-5.11664e-7
0.00790871
-0.00370762
-0.00999121
6.68656e-5
0.00671081
0.0058634
-0.00100961
-0.0130771
-0.0104715
0.0200142
0.00240529
0.00138311
-0.00175752
0.00130943
0.00095307
-0.00333306
-0.00442502
0.00227373
-0.00283692
0.00184372
0.00267296
0.00268827
-0.000296569
4.70624e-5
-0.000354365
0.00028506
0.000477877
-0.000127529
0.00153152
-0.00053038
-8.56565e-5
1.87725e-5
-4.36196e-5
7.39844e-6
2.11857e-5
-2.66685e-8
1.64747e-5
-3.34528e-5
-1.98173e-6
2.49104e-7
-1.97656e-6
7.58623e-7
1.06431e-6
-7.64864e-6
-6.55539e-6
4.7876e-6
-3.68055e-6
-8.98952e-6
2.78778e-5
-4.05187e-5
1.53472e-6
5.01751e-5
0.00018928
-0.000213028
-2.93987e-7
0.000380317
0.000399681
-0.00071779
5.41994e-6
2.639e-6
-1.64597e-6
-9.20194e-8
0.000167057
-0.000382165
-0.00015221
0.000338503
-0.000177938
-6.62384e-5
5.71897e-5
1.80645e-5
-4.70284e-5
0.000120582
3.43444e-5
-8.75235e-5
0.000556249
0.000715061
-0.000322369
-0.000317797
7.03947e-6
-2.06441e-5
-3.95459e-6
1.27614e-5
2.69976e-6
-0.00185588
0.00243822
-0.000806872
0.00103956
0.00196219
7.07268e-5
-0.00324013
0.000393915
1.24431e-6
-1.82184e-6
7.58881e-8
-5.14362e-6
-0.000869868
-0.00106262
0.00222998
-2.35493e-6
9.49743e-6
-0.000454929
0.00231775
-0.000802339
1.57464e-6
-5.09985e-6
0.00245799
-0.00349368
-0.000619736
-1.17487e-6
1.47632e-6
-0.000776359
-0.000113405
0.00032715
-2.06669e-6
7.37195e-6
0.000308645
5.66082e-5
-0.000150713
1.31613e-7
3.68677e-6
-8.75777e-5
3.41862e-5
-1.43655e-6
1.7673e-6
4.05539e-6
4.96923e-7
-3.61182e-7
2.42906e-6
3.22088e-7
-1.98093e-6
-2.39051e-6
7.54006e-7
3.86331e-8
-5.68075e-8
-1.55051e-7
3.13123e-7
-4.69026e-8
-9.39898e-8
-1.92215e-8
1.54426e-8
-1.52461e-7
1.02014e-7
1.22063e-8
-3.65213e-8
3.73037e-7
-2.36079e-7
4.3644e-8
-4.61479e-7
-1.31221e-7
-1.85416e-7
-6.22852e-7
9.57791e-7
-1.22266e-7
-2.2413e-8
-5.5473e-7
5.96074e-7
1.23208e-6
-3.8953e-8
-7.70667e-8
2.64358e-7
-5.08264e-7
-3.72447e-7
-2.51101e-7
-6.57698e-9
-1.3742e-9
2.63235e-8
-1.88159e-7
1.73357e-7
3.35986e-6
-1.00169e-8
-4.38084e-8
1.50033e-6
1.90639e-8
-9.8585e-8
6.18605e-9
-5.19587e-9
-3.59218e-6
8.10771e-7
2.13442e-7
-1.00633e-6
4.50821e-7
-2.34344e-6
3.83178e-7
-4.76462e-8
1.24224e-7
7.73689e-7
4.6722e-7
2.78759e-7
-1.17743e-6
3.12501e-7
6.66313e-7
-7.39759e-7
8.56156e-7
8.06339e-7
1.727e-6
2.32486e-6
-7.15974e-6
5.62721e-6
-1.49101e-6
3.09395e-8
-3.43516e-6
3.05538e-6
-1.48132e-6
-3.47741e-6
-1.03284e-5
0.00057832
-0.00062117
0.000242451
-0.000438442
0.0007303
0.000193354
-0.0147741
0.00479152
0.0186692
-0.0212955
-0.0081833
0.00886694
0.0134078
-0.0287187
-0.00842364
0.0185321
-0.00100484
0.00507876
-0.00100159
0.000489437
-0.0012008
0.000289727
-0.00165378
0.000295292
-0.000390921
6.17449e-5
7.07721e-5
-0.00017515
8.67918e-5
0.000204775
-2.27217e-5
7.51775e-6
-2.50328e-5
1.48622e-6
4.41813e-6
-4.1835e-5
0.00015993
-6.59965e-5
0.000102196
-0.000305729
3.11438e-6
1.38239e-5
-1.92013e-5
-8.12021e-7
-8.32323e-6
2.15867e-5
-3.35181e-5
2.5526e-5
-3.08745e-5
7.91194e-5
6.20728e-7
-2.10299e-6
-3.6793e-6
-6.07094e-7
-0.000149653
0.000482669
7.98647e-8
3.4261e-7
-1.5136e-6
2.97083e-7
-0.000385958
0.000843054
3.73507e-7
-7.85711e-8
-3.40653e-7
8.68071e-8
0.000720438
-0.00106478
-0.000650398
0.00105667
-1.5565e-5
-4.22942e-6
3.4434e-6
9.15642e-7
-0.000274275
0.000536768
0.000203928
-0.000418379
0.000156809
0.00012308
-6.58135e-5
-4.13498e-5
4.98469e-5
-0.000123685
-2.5293e-5
9.92437e-5
0.000253971
-5.25845e-5
-0.000120196
-0.000103057
-0.000499748
0.00012447
9.82468e-5
-1.65001e-5
3.97277e-5
1.23816e-5
-1.14673e-5
-5.60408e-5
-2.39906e-5
-0.000213861
1.3291e-5
-2.27926e-5
2.69942e-5
1.02896e-5
-3.6602e-6
-8.83449e-5
-8.76535e-5
-1.25444e-5
1.79348e-5
-5.2365e-5
-0.000135673
0.0002618
-6.19933e-6
1.15289e-5
8.38179e-5
-0.000180116
-2.86838e-5
7.0858e-6
-8.49089e-6
9.22663e-6
-4.79979e-5
1.64296e-5
3.48057e-7
-1.27715e-6
-2.9349e-6
2.94439e-6
3.27834e-7
-2.0281e-6
2.44846e-7
8.09836e-8
1.15424e-7
5.05796e-8
-8.46934e-8
-1.05695e-7
-1.58044e-7
-3.07773e-7
4.66875e-7
-2.15712e-7
-7.61346e-7
4.57183e-7
1.14351e-7
1.80079e-6
-1.14058e-6
1.30778e-6
-7.95519e-7
1.58266e-7
4.69576e-7
1.94282e-7
-1.15128e-6
7.53908e-7
-1.41648e-6
-2.39845e-7
-5.79905e-7
6.58822e-7
1.0619e-6
4.62768e-7
-1.88595e-6
-1.97583e-6
-1.14225e-5
-3.38422e-6
2.86293e-5
-1.09551e-7
-1.40813e-6
1.27944e-6
8.77885e-6
6.9723e-6
-4.2564e-5
6.34547e-8
5.13505e-7
-5.65119e-7
7.3632e-5
-1.9233e-5
-9.20966e-6
3.53045e-5
1.51255e-8
-2.46344e-8
-5.04723e-8
-2.68098e-7
-5.0997e-5
1.57202e-5
3.61012e-6
-1.89774e-5
3.8177e-7
-1.86083e-6
3.87947e-8
-1.34453e-8
2.93622e-5
-2.31915e-6
-5.64764e-6
1.6938e-5
2.88092e-6
2.4724e-5
9.61738e-6
-3.01479e-5
3.99544e-6
-9.04293e-7
-3.73879e-6
9.18987e-7
1.11501e-7
-9.00804e-6
9.23393e-6
-7.12167e-6
3.208e-6
-3.24137e-5
2.83087e-5
-4.01943e-5
3.53792e-5
0.0179827
-0.0119489
-0.0316509
0.0151991
0.0270847
-0.0161249
-0.00486524
-0.0175734
0.000790019
-0.000953957
0.000100017
0.000308096
0.000677654
0.000315386
-0.00282118
0.0232259
-0.0442899
0.0428171
-0.0203829
0.0186204
0.00507719
-0.000793466
-0.000423492
0.00111941
0.000132699
-0.00137884
-0.000385052
0.000135142
-0.000456861
2.37045e-5
0.000490455
-0.00124445
0.000756724
-0.000583945
0.00179589
-8.52208e-6
1.84083e-5
-4.16287e-5
5.94794e-5
9.28211e-6
-0.000441916
-2.03138e-5
0.000277087
1.71034e-5
0.000104514
-5.98063e-5
-6.09479e-5
-0.000128398
-6.18056e-5
0.000240353
1.00244e-5
-0.000959528
-0.000545821
0.00103435
1.33338e-6
1.45958e-7
0.00125044
-0.00137715
-4.97377e-7
-2.84137e-7
2.85601e-8
-9.26508e-8
-0.000925191
0.00139652
0.000666957
-0.00132831
2.36585e-5
1.17424e-5
-6.85948e-6
-2.83983e-6
0.000252097
-0.000546694
-0.000167789
0.000446995
1.90103e-5
-5.7989e-5
-5.0551e-6
3.52729e-5
3.08999e-5
-9.04705e-5
0.000179263
-3.87844e-5
-5.1342e-5
1.44406e-5
5.29984e-5
-4.96953e-5
-3.17542e-5
-0.00231201
0.00217705
-0.000828911
0.00155332
0.00377094
-0.00135367
-0.00270227
0.000703871
3.57602e-5
-0.000116517
-9.22311e-5
9.23946e-5
-0.00315911
0.000458715
0.00303806
0.000102717
-5.48234e-5
0.000721785
-0.000375485
3.47594e-7
4.75812e-6
-0.00061434
0.000445574
1.92265e-5
-3.2091e-5
3.04416e-5
0.000199269
-0.000181866
8.15138e-6
-7.87556e-6
-5.35137e-5
1.94823e-5
1.74961e-8
-1.26514e-7
-4.58456e-7
-1.08306e-6
8.03122e-6
3.11501e-6
-2.36546e-6
1.6624e-7
1.03156e-6
2.61838e-7
3.00193e-7
-2.14644e-6
-8.01296e-6
5.29865e-6
-1.23899e-6
2.72345e-6
-2.50877e-7
-2.10627e-6
1.41733e-6
1.069e-6
2.62296e-6
5.06097e-6
1.68727e-6
3.98634e-6
-4.68109e-6
1.79388e-5
1.78784e-6
4.60644e-6
-4.48577e-6
-0.000104407
0.000155994
-9.59417e-7
7.12517e-6
-6.72138e-6
-0.000216291
-0.000109722
0.000308303
1.13254e-7
1.31091e-7
-4.28338e-8
-1.85548e-7
-0.000398898
0.000124065
5.4889e-5
-0.000185739
1.62393e-7
1.35982e-7
-1.25345e-7
-1.39798e-6
0.000203228
-5.67906e-5
-4.06638e-5
8.74244e-5
9.96212e-6
-3.28378e-5
-2.90944e-6
-1.23021e-6
-1.58756e-5
3.84184e-6
-2.35195e-6
-1.46866e-6
6.76814e-6
-1.42348e-5
4.02954e-5
5.46503e-5
3.35779e-5
-6.54578e-5
2.88328e-5
-5.33149e-6
0.000103622
-6.72602e-5
2.72494e-5
-5.05699e-5
3.80092e-5
-0.000206973
-0.00411794
0.00354614
0.00208492
0.00514794
-0.0138523
0.0233225
0.063795
-0.0510565
-0.0423883
0.0242091
-0.0044691
-0.00837507
0.00151551
-0.00207807
0.00246844
0.000347906
-8.79662e-5
-0.000623373
-0.00047706
-0.0300923
0.0473149
-0.0092886
0.0151019
0.00286888
-0.00289832
6.29699e-5
-0.00120974
0.00256874
-0.00261958
-0.00121641
0.000167031
-9.44894e-5
-6.78517e-5
-7.36991e-5
3.53442e-6
0.00199763
4.98149e-5
-0.000655257
0.00093663
-0.00161479
0.000965766
-0.00141056
0.0023432
-4.49809e-5
-0.000483099
0.000543737
0.000228336
-0.000107592
0.000332311
-0.000301777
0.000113375
-0.00015947
2.3352e-5
-1.51967e-5
3.85809e-5
-3.74776e-5
2.10266e-5
3.48302e-5
-0.00010959
-1.74941e-6
2.08033e-6
-5.97002e-7
5.92627e-6
-0.00116167
0.000365371
0.00131018
-0.000695541
5.18572e-7
-4.37713e-8
-0.00139881
0.00140869
1.60374e-6
6.28451e-7
-3.74803e-7
-8.84903e-7
3.68029e-6
0.000691619
-0.000969066
0.00043623
-0.000697481
-3.90695e-6
-1.18685e-5
2.71372e-6
-6.05631e-7
4.14391e-6
-0.000325421
0.000470415
-0.000140142
-1.0709e-5
4.26605e-5
4.09802e-5
-1.91458e-5
0.000467763
-0.000354923
6.41704e-5
-0.000297704
-0.00087177
0.000372497
-1.98443e-5
-7.20134e-5
0.000228814
0.000151271
-0.000329753
-0.000537126
0.000226615
0.000444723
-0.000159585
0.000241334
6.66565e-5
0.000860204
-0.000737034
4.58796e-5
-3.97737e-5
-0.000648149
0.000287233
0.0002093
-4.96445e-5
2.69407e-5
0.000309257
0.000208734
8.74264e-6
-0.000398768
0.000248029
6.64482e-6
-1.76192e-5
1.04788e-5
5.7399e-5
-8.49699e-5
5.06968e-6
-2.89992e-6
-2.35882e-5
5.57814e-5
-8.60363e-6
-1.34441e-5
3.85025e-5
-4.05971e-6
3.19715e-6
-3.76109e-6
2.97802e-6
7.75204e-6
-1.73705e-6
2.72434e-6
1.36642e-6
-2.14863e-6
-7.82839e-6
-2.00543e-6
3.10392e-6
-1.86215e-6
-1.90829e-6
-2.19274e-5
3.13846e-5
-3.35802e-6
1.89544e-6
-4.56087e-6
-4.0615e-5
-1.40414e-5
9.27292e-5
-4.62378e-6
4.74499e-6
1.54102e-5
-0.000103884
-8.35015e-5
0.000208967
-7.27301e-6
5.00454e-6
0.000386545
-0.000641503
-0.000401637
0.000734421
-3.05344e-6
-2.82625e-5
1.4171e-5
-0.000864995
0.000464972
-0.000550989
3.31842e-6
3.50831e-5
0.000626059
0.000242828
-0.000513311
2.15246e-6
-4.04923e-7
-7.94339e-6
8.66213e-7
0.000206125
-0.000361036
-0.000172306
0.000262836
3.10802e-6
-1.01312e-5
-4.70972e-6
2.50949e-6
6.78301e-6
-4.8e-5
1.44617e-5
1.33051e-5
6.72889e-6
5.31231e-6
-1.3189e-5
-3.37e-5
-0.000114856
-9.90785e-5
0.000132405
-7.33072e-6
4.26517e-5
-4.41794e-5
1.55577e-5
8.42655e-5
-9.78724e-5
9.72979e-5
-6.58268e-5
7.46308e-5
-3.2129e-5
0.00340554
-0.00805472
0.0112269
-0.0110956
0.00339324
0.00685261
-0.0166399
0.0247157
-0.0143474
-0.0135466
0.0195759
-0.00866225
-0.0117372
0.000350976
0.00285778
0.000795696
-0.00268751
-0.00356129
0.0032406
0.000844825
-0.00278569
0.00595547
-0.00503057
0.000437473
-3.8835e-7
-0.0029513
0.00471358
-0.00366298
0.0031288
-0.00529672
-2.49369e-5
-0.000217383
0.000869744
-0.000719001
-0.000812318
0.00255389
-0.00172639
0.000449816
-0.000222069
0.000223939
-7.24288e-5
0.000215822
-0.000921148
4.40333e-5
-4.0751e-5
0.00046653
-0.0011224
-7.62765e-6
-1.33281e-5
0.000900099
-0.000300031
-9.48587e-7
-5.43332e-7
7.21154e-6
3.02562e-6
0.000962951
-0.000313418
-0.00101731
0.000690253
4.70172e-7
-6.01597e-8
0.00105883
0.000685737
-0.00119725
-1.24498e-6
-1.79274e-7
2.66358e-7
-0.000614135
0.000183908
2.63888e-5
-1.11725e-5
0.000125182
-2.35793e-5
-3.97415e-5
3.92352e-6
1.30213e-5
-0.000128871
0.000328334
-0.000525474
3.09164e-5
0.000618545
-0.000167129
-0.000425021
0.000361178
0.000231364
-0.000597938
-8.62891e-5
0.00057738
2.21642e-5
-0.000211256
-2.52257e-6
-0.000346498
-1.18698e-5
-2.34508e-5
4.63602e-6
0.00022458
-0.000122038
2.99743e-6
0.000460607
-0.00017439
-1.29958e-6
2.81636e-6
-8.90448e-7
-4.98013e-5
1.36495e-7
-1.37127e-5
-8.40551e-8
-7.10036e-7
-1.72821e-5
2.84648e-5
-1.14162e-6
1.14307e-6
1.57567e-5
0.000234682
-0.00023554
6.78124e-7
-2.26227e-7
0.000108693
-0.00016046
2.80913e-6
-1.4202e-6
0.000139406
-0.0002258
2.99128e-6
-4.58664e-6
2.96797e-5
-3.16978e-5
8.21971e-7
-4.46722e-6
0.000984091
-0.00141684
2.27372e-5
-6.47433e-6
0.0015628
0.000912003
-0.00161942
-1.43975e-5
-3.99089e-6
6.67263e-5
-5.71725e-5
0.00152207
-0.000814371
0.000991383
2.37151e-6
-6.20643e-5
-0.0009004
0.000429144
-0.000375828
-1.35917e-5
3.43961e-5
-8.82763e-6
0.00015617
-3.24456e-5
-4.2569e-5
9.64466e-5
-2.4251e-5
-3.04834e-6
4.73981e-5
-6.67733e-5
2.16513e-5
5.93863e-5
-0.000172323
0.000199473
-0.000162976
9.27106e-5
-3.61204e-5
-1.46039e-5
7.22557e-5
0.00492171
-0.00664701
0.00329026
0.0114284
-0.0183675
0.0187163
-0.0124393
0.00168793
0.00873902
-0.0152771
0.01633
-0.0264067
-0.0181273
0.0292377
0.0130857
-0.00793249
-0.00123163
-0.00462365
0.00560532
-0.00762042
-0.00134707
-0.000650201
6.08289e-5
0.00113432
-0.00161708
-0.000631469
0.00112965
-0.000911419
0.00440914
-0.00685813
0.00694345
0.00638491
-0.000565591
0.000915381
0.000556469
-0.000583943
0.000480065
-0.00620097
0.00504357
-0.000216489
-5.11709e-5
-0.00419208
-0.000163683
0.00261819
0.000300402
0.00042769
-0.00116582
-0.000323587
0.0018114
0.00232457
-0.00357169
0.000146848
6.99457e-5
-0.00211575
0.00109569
-5.14766e-5
1.92292e-5
-0.000253083
-0.000414283
1.23289e-6
-2.24053e-6
-6.3119e-6
1.48758e-6
-5.58622e-7
-0.000621009
0.000787239
-0.00102318
0.00136135
3.1485e-7
4.58542e-7
3.48467e-8
-1.91725e-7
-7.68274e-7
0.000895689
-0.00104265
0.00035877
1.67477e-6
-0.000145067
-1.1232e-5
1.46233e-5
-6.40657e-6
-3.85062e-6
6.79278e-6
-6.20011e-5
-0.000170555
0.000298682
-0.00057696
0.000202931
0.000854129
-0.000447389
-0.000811869
0.000756543
0.000554557
-0.000966772
-0.000250819
0.000939204
4.99862e-5
-0.00058207
2.60779e-5
-3.16728e-5
-3.23432e-5
0.000833406
2.12626e-5
0.00082144
-0.0012464
3.4881e-6
-1.25226e-5
-0.000401414
0.000244019
-0.00051653
-0.000141532
1.16357e-6
-8.56505e-6
-1.52715e-6
0.000303643
-0.00063582
7.73652e-7
-3.04693e-7
-0.000137974
0.000223392
0.00012522
0.000168969
-0.000344789
-3.87266e-7
1.8224e-7
-1.43777e-7
3.13924e-7
-0.000198158
0.000281861
-0.000159867
-6.43796e-5
-3.51563e-7
5.6188e-8
0.000798698
-1.57618e-6
7.90406e-7
-2.65628e-5
3.3026e-6
0.000193335
6.41338e-6
5.60597e-6
-3.88538e-6
-0.00153925
0.00288508
-5.4578e-6
2.29692e-5
-1.5312e-5
-0.00244327
0.00229752
-3.25379e-5
2.38642e-5
-0.00205846
-0.00108559
0.00162916
5.32409e-5
-5.60922e-5
-7.19668e-5
5.99241e-5
-0.00110165
0.00106111
0.000612165
-0.000606311
-3.17074e-5
5.01842e-5
0.000108758
-9.52159e-5
0.000101936
-7.43868e-5
0.000116672
-0.000287974
-0.000181889
0.000328255
0.000115105
-0.000261509
-0.000115383
4.41527e-5
2.0785e-5
-0.000148199
-0.000103788
-9.12683e-5
0.000261911
-0.000313129
0.000233164
-9.27273e-5
-3.79255e-5
0.000153729
-0.00032786
0.000399797
-0.0109121
0.00550597
0.0176262
-0.0210642
0.0176664
-0.008665
-0.00158436
0.00871527
-0.0113529
0.0122143
-0.00564853
0.00255819
0.00293117
-0.00535472
0.0065997
-0.00110561
-0.000807485
0.00475873
-0.00522813
-0.00278743
0.00171379
-0.00669398
0.00709695
-0.00714073
-0.00120473
0.000735425
-0.000323962
0.00669326
-0.00596927
-8.33205e-5
0.000506227
-0.00666462
0.00413914
-0.00445539
0.00412183
0.0041909
0.000222101
-0.000833614
0.00036224
0.000472836
-0.00378124
0.00616661
-0.00414792
0.00242326
-0.00159238
0.00251983
-0.000984929
0.0023009
-0.00157162
0.000738895
0.000272054
0.00258324
-0.00244224
0.00134553
-0.00113198
-5.85526e-5
7.87279e-6
0.000406304
0.000251701
1.68593e-6
-1.78569e-6
-9.44812e-8
-0.000690201
0.000916825
-0.00102246
-3.37953e-8
-6.43567e-8
1.05723e-6
0.000838255
-0.000393671
-4.56935e-5
6.62035e-5
3.10755e-6
-1.93804e-5
0.000107407
-0.000443212
0.000746569
-0.000316837
-0.000916902
0.000681823
0.000814911
-0.00109698
-0.000469579
0.00133018
0.000103516
-0.00117818
0.000108742
0.000650411
-0.000147434
2.03764e-5
0.000100179
-0.000549932
-4.65243e-5
0.000873955
2.13467e-5
0.000791699
1.57307e-5
-0.00311972
0.00204518
-2.94806e-7
6.2682e-7
-2.72175e-8
-0.000352745
-0.000500111
0.000737198
3.06742e-8
1.2766e-10
6.59084e-8
-0.000382159
-0.000451372
0.00158512
4.38067e-7
-1.14579e-7
-0.00317649
-0.00155212
0.004428
9.59399e-7
7.79823e-7
2.11678e-6
-1.19685e-6
0.00105809
-0.00330486
-0.00113915
0.0020911
-0.000824906
0.00206444
2.22876e-8
-9.93693e-7
0.00528897
-0.00619737
-0.00385261
0.00442154
-3.17215e-5
-1.77302e-5
6.09083e-6
-0.00279708
0.00300386
-0.00260232
6.3724e-5
-5.11555e-5
5.01074e-5
0.00214631
-0.00162531
0.000124825
-9.39766e-5
0.00108662
-0.000717649
0.000232562
-0.000264584
0.000184003
-0.000154658
0.000426981
-0.000816424
0.000320952
-0.000570208
2.98786e-5
-0.000460502
0.000424623
0.000163057
0.000126755
-0.000340254
0.000389891
-0.000260099
4.31227e-5
0.000138298
-0.000225319
0.000218168
-7.46965e-5
-0.00124909
-0.000468213
0.00209622
-0.0027206
0.00667516
-0.0122219
0.0168821
-0.0168931
0.0113949
-0.00323208
-0.00345828
0.00639488
-0.0058724
0.00165805
-0.00187385
0.00199675
0.00316648
-0.00324862
0.00429155
-0.00433633
0.00472963
-0.00534821
-0.00326921
0.00272583
-0.00196296
0.00542071
-0.00563706
0.00568275
0.00131107
-0.000685627
7.6826e-5
-0.00535844
0.00466056
0.000467724
-0.00096181
-0.00413281
0.00435299
-0.00341679
0.00169107
-0.00174685
0.000978048
0.00243679
-0.00166543
5.73059e-5
-0.000899417
0.000993237
-0.000494274
-0.00026327
0.00113757
-0.000786855
0.000538325
0.000104828
-3.6056e-5
-0.000170751
-0.000231583
9.35311e-6
-1.40574e-6
7.0772e-7
0.000521797
-0.000667451
0.000700755
-1.19106e-7
8.51468e-8
-7.93044e-7
-0.000565624
0.000348223
-3.19753e-5
3.9591e-6
-2.37206e-6
5.25744e-6
-3.37592e-5
3.74093e-5
0.000286213
-0.000500469
0.000503788
-0.000121447
-0.000864411
0.000317284
0.000863704
-0.000677468
-0.000581381
0.00110454
0.000141772
-0.00134427
0.000245866
0.00116036
-0.000412777
-0.0005551
0.00035929
-0.000234092
-0.000215171
0.00103768
0.00010049
-0.00165788
-3.80458e-5
-0.00333839
0.00396649
-2.94924e-5
2.77061e-5
0.00291339
-0.00251181
0.00188004
9.07229e-5
-1.4748e-7
5.16438e-8
-3.44713e-6
-0.00126802
0.00183141
-0.0017494
-5.65234e-10
2.84645e-8
-3.00651e-8
0.000768117
0.00110309
-0.00328011
-2.35033e-7
3.73033e-8
0.00534812
-0.00702814
-4.13346e-6
-2.34704e-6
8.22935e-7
0.00594723
-0.00343751
-0.000181055
-1.16894e-5
7.91695e-6
0.00401916
-0.00526479
1.45173e-6
9.49068e-6
0.00371993
-0.00282504
0.00222935
-9.95225e-5
6.59649e-5
-3.49596e-5
-0.00168561
0.00117551
-0.000178571
0.000141321
-0.000701497
0.000267409
0.00019438
0.000286517
-0.000242489
0.000210454
-0.000859756
0.000995893
0.000857096
-0.00139756
0.000288429
-0.000160285
-0.000259893
0.000365013
-0.000305828
0.000491303
-0.000134038
-0.000180288
0.000381556
-0.000399875
0.00021111
7.734e-5
-0.000298115
0.000356798
-0.000270087
6.36276e-5
0.000160681
-0.00215398
0.00262142
-0.00308081
0.00380239
0.00295344
-0.00899231
0.0115673
-0.00971985
0.00481487
0.000126712
-0.0026794
0.00246452
0.000214982
-0.00164979
0.00309127
-0.00322439
0.0057453
-0.00583712
0.00415587
0.00299377
-0.00256544
0.00187363
-0.00354424
0.00363777
-0.00353907
-0.00115035
0.000406208
0.000342089
0.00323046
-0.00291228
-0.00103309
0.00133809
0.0035061
-0.00496677
0.00262902
-0.00279549
0.00340103
-0.00240763
-0.00138638
0.00129374
0.00117263
-0.000257796
-0.000735646
0.000722324
9.36781e-5
-0.000181218
0.000209114
-0.000109902
-6.43351e-5
2.94939e-5
-3.58001e-5
0.000207132
-1.07244e-5
2.78239e-6
-1.63689e-7
-0.000340868
0.000388945
-0.00041579
-1.42731e-7
9.68024e-7
-7.64166e-8
0.000427654
-0.000299278
-1.16048e-5
-9.52979e-7
4.59017e-5
-4.55629e-5
0.000419192
-0.000541821
0.000113225
0.000964909
-0.000253321
-0.000713868
0.000524199
0.000190887
-0.000861253
0.00032872
0.00106146
-0.000685868
-0.000900449
0.000768915
0.000354501
-0.000608216
0.000345361
0.000347978
-0.000979689
-0.000139146
0.00176653
4.17645e-5
-0.00239874
-8.05415e-6
0.0019265
-0.000533196
-0.00188378
3.52599e-7
-1.46582e-6
4.23808e-6
0.00323737
-0.00342739
0.00320765
-2.72023e-8
3.52312e-8
-1.24018e-7
-0.00183254
-0.000873058
0.00420861
-3.57545e-8
4.28153e-8
-0.00609087
0.00987178
6.61818e-6
1.28366e-6
-1.59922e-7
-0.00746016
0.00470683
-0.00168419
3.17653e-5
-1.65442e-5
-0.00282172
0.00656634
4.9228e-5
-3.80358e-5
-0.00401726
0.00211073
-0.00132176
0.00011881
-7.16361e-5
-5.47394e-7
0.000909425
-0.000564632
0.000204257
-0.000160623
0.000212466
0.000225214
-0.000900086
-0.000307729
0.000269878
-0.00024033
0.00127626
-0.00111262
0.00118071
0.000204107
-0.000258245
0.000302141
-0.000159911
-0.000110857
0.000268347
-0.000394476
0.000355417
-0.000112386
-0.000228242
0.000476513
-0.000495677
0.00032961
-0.000100732
-7.64438e-5
-0.00300613
-0.0216917
0.0327142
0.00571678
0.00184668
-0.00549686
0.0059456
-0.00392841
0.00115799
0.000576504
-0.000609355
-0.000733477
-0.00155408
0.00158575
0.00197464
-0.00103205
0.00247035
-0.00162912
-0.00229706
0.00226309
-0.00144482
0.0016673
-0.00215543
0.00181605
0.000693725
-9.2958e-6
-0.000737987
-0.00173073
0.00115604
0.00154148
-0.00283891
-0.00141916
0.00354026
-0.00206378
0.00273223
-0.00503691
0.00294062
0.00116175
-0.000596508
-0.00142319
0.000654555
0.000517525
-0.00070417
9.72734e-6
-0.000157872
2.1681e-5
-3.41832e-5
1.31738e-5
-1.12681e-5
8.14987e-5
-0.000130111
6.38153e-6
-3.37152e-6
3.87206e-7
0.000205101
-0.000181257
0.000159426
-5.19491e-7
1.65519e-6
-7.62011e-6
-0.000154279
4.82639e-5
-2.47139e-5
-0.000153434
-4.36445e-5
0.000202368
-0.000166404
-0.00181769
0.00251043
0.000188565
0.000594419
-0.000341464
0.000309719
0.000545284
-0.000794247
-0.000669122
0.00101783
0.000549757
-0.000991112
-0.000146091
0.00075248
-0.000370089
-0.000450079
0.000672067
0.000188518
-0.000984198
-5.88457e-5
0.00055894
-0.000657195
-0.000476599
0.00361633
2.70089e-7
4.48398e-7
-7.38067e-6
-0.00535887
0.00442368
-0.00439618
-4.30371e-9
9.98857e-10
-4.46416e-8
0.00346365
-0.000942462
-0.00229463
1.22302e-7
-2.99422e-8
0.00490701
-0.00542919
-5.43222e-6
9.12786e-7
-4.10277e-7
0.00486118
-0.00164449
9.69086e-5
-5.50733e-5
2.23114e-5
0.00315144
-0.00502183
-0.000123476
8.70574e-5
0.00180201
-0.000497792
0.000293633
-6.67765e-5
-2.34896e-5
0.000110444
-0.000249123
0.000169276
-0.000181902
0.000129841
-3.05836e-5
-0.000124224
0.000288927
0.000317285
-0.000240608
0.000213278
3.81442e-5
-0.000311992
0.000135232
-0.000266671
-0.000236112
0.000287611
-0.000299364
0.000393917
-0.000306241
3.27618e-5
0.000321545
-0.00057522
0.000598472
-0.000365528
0.000169382
-2.94557e-5
-5.1251e-5
-0.0114834
0.0137416
0.0133907
-0.0273041
0.00614329
-0.0050256
0.0014806
0.00137324
-0.00257822
0.00219026
-0.00111037
0.00022108
-0.000299331
0.00067525
-0.00113114
-0.00138104
0.00102967
0.0102985
-0.00277205
0.00129978
-0.0194662
-0.00088741
0.00137413
-0.00144446
0.000628808
-0.000840648
0.00121828
-0.00128411
-0.000176657
-0.000209255
0.000743362
0.00167163
-0.00193128
-0.00123023
0.00162549
-0.000637321
0.00168405
0.00347741
-0.00175673
0.00044156
-0.000389842
-0.000385831
0.000219194
0.000450781
-0.000354827
0.000264907
-3.74067e-5
1.77784e-5
-2.67261e-5
5.44239e-5
-3.11506e-5
1.06742e-5
-7.38117e-7
-7.18575e-5
8.37595e-5
-2.86146e-6
4.30222e-6
-1.81247e-6
-0.000101214
5.13586e-5
-1.10919e-5
3.86993e-7
-1.94675e-6
4.10491e-6
-1.49089e-5
0.000340229
-2.09954e-5
3.78076e-5
0.000590656
-0.000764584
-0.000733796
0.000678289
1.2616e-5
-0.000273184
0.000255802
-0.00176963
0.000171105
-0.000143274
0.000195563
0.000213134
-0.0011629
-0.000293997
0.00117739
0.000345189
-0.00109555
-0.000264189
0.000918428
2.53668e-5
-0.00068207
0.000219358
0.000348703
-0.000454715
-0.000102447
0.000527666
1.92448e-5
-0.000203101
-0.000446114
1.88662e-5
0.00247877
1.60058e-6
8.63666e-6
-6.04291e-7
2.01009e-6
-9.28609e-6
-0.00356398
2.66314e-8
0.00510921
-0.00512772
0.00372239
1.15415e-8
-2.91282e-9
6.13765e-9
-0.00451547
0.00289728
7.34961e-5
5.95306e-8
-2.98395e-8
-0.00286273
0.00408218
-0.00254671
-6.66866e-8
-1.05155e-8
-0.00380911
0.00366843
-0.00184851
-2.46589e-6
-0.00151734
0.000936864
0.000422772
-1.63188e-7
0.00047842
-0.00036149
0.000160887
4.65909e-5
-8.15277e-6
1.22699e-5
-1.52853e-5
-1.35407e-5
-2.6949e-5
0.000130174
-9.20368e-5
-1.44101e-5
7.05761e-5
-0.000138737
-0.000231468
0.000164955
-0.000125637
0.00010608
0.000170437
-0.000175956
-0.000130046
9.61896e-5
0.000137268
-4.14105e-5
4.37947e-5
3.07863e-5
-0.00012012
0.000192931
-0.000316332
0.000276079
-0.000479822
0.000308739
-1.83505e-5
-0.000291261
0.00052965
-0.000464513
0.000312528
-0.000153899
0.0203835
0.0113542
-0.0318339
-0.00587134
0.00123233
0.000570963
-0.000826849
0.000572674
-0.000274631
0.000222876
0.000433608
-0.000271121
-0.000368436
-0.00151184
0.0312851
-0.0166578
0.000370261
0.000546016
-0.000367816
-0.000132609
-2.03121e-5
1.22251e-5
0.000161637
-0.000164222
-0.000512259
6.5754e-5
0.00040967
0.000734818
-0.000780596
-0.000453688
-0.000931373
0.000572302
0.000524383
-0.00067706
0.000186604
-0.000327222
0.00030823
0.000151113
-0.000127526
-0.000161464
3.37842e-5
-0.000292321
0.000313273
6.02081e-5
-2.83693e-5
-6.63088e-6
-7.10228e-6
-0.00011654
8.23123e-5
1.43227e-5
-4.89022e-6
-3.34695e-5
1.09815e-5
-1.05342e-5
-2.83507e-6
5.80581e-6
1.71493e-6
6.25139e-6
5.48225e-6
-8.41777e-7
-5.30743e-5
1.53003e-5
-2.81066e-5
6.37738e-5
0.000319278
-0.00021922
0.000153565
0.000693511
8.5523e-5
-0.000301247
0.000176996
-0.000670742
0.000174085
-0.000197018
0.00261199
0.000149546
-0.00130498
-0.000153322
0.000836649
0.000102129
-0.00056606
1.14468e-5
0.000360415
-0.000143829
-0.000121328
0.00019259
2.10303e-5
4.07841e-5
-3.66827e-5
0.000500885
-0.00204496
-3.79862e-7
9.80148e-8
1.39967e-5
0.0031093
-0.00301328
0.00438238
-0.00604488
0.00488304
-1.08253e-8
-5.89662e-9
-0.00422448
0.00200284
-3.01766e-9
3.23219e-9
0.000729008
-0.00219946
1.16316e-7
-1.68474e-8
0.00314056
-0.00243154
2.13257e-6
-3.82142e-7
-2.79099e-7
-1.0279e-7
0.00135714
-0.000806782
4.60749e-6
-2.91956e-6
-2.29004e-6
1.37221e-6
0.000504858
-0.000888824
-0.000358863
-4.72003e-6
-1.09502e-5
5.12572e-6
0.000129388
-2.65018e-5
-3.21434e-5
1.35226e-5
1.54477e-5
5.55861e-5
-1.42523e-5
8.87633e-6
-7.41343e-5
6.07751e-5
-7.48006e-5
-0.000225831
0.000430402
0.000203687
-2.47267e-5
7.36012e-5
-8.49735e-5
0.000101791
0.000287304
-0.000428792
0.000889656
-0.000355923
3.64271e-5
0.000184789
-0.000324845
0.000329036
-0.000197454
1.31114e-5
-1.2731e-5
0.0231081
-0.0585481
0.0182541
0.00769798
-0.00938622
-0.00132838
-1.34621e-5
0.000209457
-0.000243409
0.00014114
8.15576e-5
-2.38926e-5
0.000127348
-4.55471e-5
0.00231814
0.000319831
-0.0177109
0.00979125
-0.00294178
0.0457208
0.000110987
-0.000183234
0.000177823
9.27607e-5
-4.36401e-5
0.000166422
-1.46938e-5
0.00034733
-0.000126693
1.57e-5
-1.481e-5
0.000121095
0.000326386
-0.000188646
-9.25961e-5
-1.69981e-5
-0.000389367
0.000192392
0.000351362
8.74739e-5
-0.000113718
-0.000239259
5.78683e-6
8.49032e-5
-9.66539e-5
1.06445e-5
1.61379e-6
0.000109041
-0.000146689
-5.49834e-7
5.18126e-6
9.09588e-5
-5.33364e-5
-1.9713e-6
2.92533e-5
-1.17651e-5
2.19504e-6
2.01122e-6
-2.47329e-5
1.06693e-5
-1.10335e-5
2.59944e-6
-2.22024e-6
-6.55366e-7
-6.70128e-6
7.38142e-6
-1.13796e-5
3.12241e-7
1.85091e-5
3.21759e-8
1.91675e-6
-3.58066e-5
-1.27403e-5
3.95901e-5
-5.43659e-5
0.000127459
-0.000185026
0.000122898
-0.000196395
-0.000757355
0.00044802
5.67197e-5
0.000117323
9.7311e-5
3.72559e-5
-0.00016028
0.000194293
-0.00338943
0.00233861
-6.37423e-5
0.000548121
5.36385e-5
-0.000167821
-2.24857e-5
-1.8952e-5
-4.99561e-5
2.41017e-5
7.14349e-5
-3.58219e-5
3.24779e-5
-6.84867e-5
0.000133518
-0.000133401
-0.000802245
-2.594e-6
-1.22172e-5
1.09129e-6
6.06422e-6
2.74991e-5
0.00145234
-4.4868e-7
-0.00198358
0.00233862
-0.00199146
-0.00293633
5.13933e-8
2.97518e-7
-7.78754e-9
-2.68657e-8
-3.66788e-7
0.00535248
-0.00483102
0.00512916
0.00366041
-0.0032857
-2.90995e-10
7.12498e-9
4.32287e-9
-2.04949e-8
0.00105978
0.000183108
-1.39415e-8
7.9888e-9
-0.00115998
0.000660898
1.15648e-7
1.73679e-8
-0.000255027
0.000166336
1.92868e-6
-7.76888e-7
-2.71022e-6
1.73456e-5
1.09086e-5
-4.35126e-6
-2.10281e-5
-1.53047e-5
3.82319e-6
-1.00747e-6
-7.0726e-7
1.47341e-6
2.47346e-6
-3.81324e-5
-4.1241e-5
2.40195e-5
-1.21546e-5
2.21967e-5
5.77273e-7
5.23456e-6
-3.98968e-5
3.06214e-5
0.000136999
3.64309e-5
4.78407e-5
-3.10448e-5
3.11474e-5
-0.000252796
-0.000660481
0.000596883
9.29146e-5
7.96381e-5
8.30789e-6
-6.16467e-6
2.43214e-5
-4.64573e-5
0.000755849
-0.0011128
0.000183141
-2.34345e-5
-0.000119252
0.000231511
-0.000207889
-6.36792e-5
5.42706e-5
0.0169019
-0.0506433
-2.00386e-5
-0.00525999
-0.000278436
0.000661328
3.59389e-5
0.000125738
-8.49567e-5
-5.69033e-5
4.88348e-7
-1.90929e-6
0.000588017
-0.0173282
0.0190743
0.0247616
2.55195e-5
-4.70187e-5
-3.71333e-5
1.72545e-5
-7.20329e-6
-3.41191e-6
0.000447098
-5.17767e-5
3.24011e-5
8.30654e-5
2.55766e-5
6.97982e-6
-1.93426e-7
-7.45827e-6
-7.83546e-5
-0.000163255
5.91195e-5
-7.60091e-6
2.41882e-6
0.000133856
-3.91361e-5
2.79898e-6
-1.30002e-5
-2.63105e-5
-1.6993e-6
3.1391e-5
-4.05659e-5
-1.75388e-5
1.35796e-7
3.6679e-5
-3.61637e-5
-3.75951e-5
3.8568e-5
-9.30498e-7
8.12297e-8
2.85329e-5
-3.15036e-5
3.06952e-7
-1.337e-7
1.56067e-9
1.79896e-5
-8.44482e-6
3.4271e-7
4.04662e-6
-3.34534e-7
-3.48699e-6
2.50786e-6
7.14611e-6
-8.02354e-6
-1.47068e-6
-8.298e-6
4.82084e-5
-3.84776e-5
-0.000188361
0.000203924
4.81516e-5
-0.000149334
-0.000155898
0.00028493
-0.000509368
5.95338e-5
-3.84116e-5
-0.00101965
-1.01967e-5
3.89174e-5
-4.3079e-5
-0.000511369
0.000422545
1.85558e-5
0.000357221
-2.04573e-5
4.10908e-5
-3.81823e-5
2.31442e-5
-1.88294e-5
-0.000210874
-1.76087e-5
-4.67393e-5
1.8445e-6
4.54324e-5
0.00014183
0.00042647
-3.38257e-6
-0.000425319
0.000727025
-0.00101086
0.00147522
-0.00248516
3.33276e-7
1.1982e-6
0.00295681
-0.00275126
2.57132e-8
6.27982e-8
0.00233811
-0.00218875
-0.00115464
0.000821189
2.83532e-9
-1.04156e-8
-6.83044e-9
1.38636e-8
0.000251807
-0.00017786
0.000173369
-7.33746e-9
-0.000177495
0.000155334
-0.000163664
5.34794e-8
-2.12886e-5
8.26862e-6
-3.29929e-5
2.85838e-7
1.00392e-5
-7.66557e-6
2.36251e-6
6.26914e-7
7.60495e-8
7.14634e-6
4.47227e-6
-1.83221e-6
-7.84945e-7
-1.64989e-6
-9.73188e-7
-8.84103e-6
6.39664e-6
6.39844e-6
7.55072e-6
-4.53227e-6
1.28283e-5
0.000275383
-0.000249674
-0.000532662
0.000378452
1.53813e-5
-0.000391544
-8.2211e-6
2.58418e-5
-1.1185e-6
-8.66687e-6
7.38829e-6
-1.25784e-5
0.000332578
-0.000103267
7.35213e-5
1.14893e-5
7.11071e-5
-0.000168221
0.000152632
-0.002966
-0.000940634
0.00211294
-1.51552e-5
7.5654e-5
2.73641e-5
-5.17666e-6
1.82987e-5
1.33222e-5
-0.0048561
0.000364048
-0.00480004
-0.00932196
0.006948
0.00171277
-0.000445164
-5.67686e-6
4.29204e-6
-1.12425e-5
3.74219e-6
-1.73115e-6
7.35462e-6
-6.20801e-6
-0.00013353
2.09225e-5
-6.79348e-5
0.00155423
-1.37841e-5
5.07855e-6
-3.3689e-5
1.14612e-5
-1.76063e-6
2.45974e-5
2.62274e-5
-6.83106e-6
-1.57319e-5
-1.77497e-6
5.19312e-7
-2.47374e-8
4.04509e-6
-1.57149e-5
8.04826e-6
-1.95451e-7
-5.02313e-7
4.72098e-6
-3.08685e-6
-1.39409e-6
-3.55855e-8
-7.00407e-6
1.33814e-5
3.5801e-7
2.66073e-8
-4.9548e-7
-6.65787e-8
-1.32734e-5
1.38277e-5
3.14945e-7
-1.25176e-8
7.83903e-8
-8.22685e-8
-1.23039e-5
1.57654e-5
1.42604e-8
-9.81325e-6
4.94767e-6
-3.82563e-8
1.8372e-7
4.44169e-6
-2.26659e-6
-1.27408e-6
2.74161e-7
1.02176e-6
9.83387e-7
-1.15204e-6
4.43064e-6
-1.02226e-6
3.31168e-6
-4.86922e-5
1.60747e-5
-1.44119e-5
-5.23376e-5
5.22305e-6
1.35559e-5
-1.78263e-5
-7.69965e-5
5.44946e-5
1.30337e-5
-4.2001e-5
0.000708046
-0.000273539
-4.64261e-6
3.93885e-5
0.00100674
-0.000537289
-1.31751e-5
-9.15596e-5
-1.27939e-5
9.19063e-6
-0.000795016
1.45772e-6
2.19838e-6
1.17352e-6
7.15082e-6
7.409e-6
0.000226136
0.000288202
-0.000229165
-0.000147366
9.76054e-5
-0.000359818
-0.000664436
-6.64383e-5
-1.30359e-5
0.000118369
-5.37786e-6
-4.73353e-5
9.51195e-5
-0.000173001
0.000469829
0.000270086
-0.000675651
-1.45747e-6
-2.81566e-6
4.72048e-6
8.52544e-6
0.000748159
-0.00158926
-0.000701518
0.00153802
-1.32062e-7
-1.35495e-7
4.40539e-7
1.01389e-7
-0.00133932
0.000424958
-5.31433e-9
-4.28626e-8
-4.05836e-6
7.18295e-5
-4.4085e-9
5.36848e-9
-8.17353e-10
-1.89062e-9
8.94654e-5
-1.68745e-5
-4.49787e-8
4.03437e-9
1.05671e-8
4.68584e-10
-2.11487e-5
2.45312e-6
-1.2157e-7
-9.22545e-9
-3.53216e-8
9.44083e-9
-4.51824e-6
5.78994e-6
2.61726e-6
6.64575e-7
5.25275e-7
-2.29694e-7
-9.62276e-7
1.8657e-7
6.16999e-7
2.70922e-7
-1.80739e-6
-1.06588e-6
2.88768e-6
-9.69017e-7
9.30367e-8
-1.21011e-6
5.32701e-6
2.22052e-5
-6.63799e-5
-7.02872e-5
-1.88182e-6
-1.2332e-6
3.32466e-8
1.0388e-6
0.000108734
-0.00017096
0.000165295
-4.66007e-5
2.43448e-5
-0.000153119
-3.59697e-6
0.000114188
8.58482e-5
-4.65364e-5
3.15598e-5
-8.08588e-5
-1.74254e-5
8.1797e-6
8.172e-6
-4.22296e-6
-6.44469e-5
-1.88909e-6
-3.61329e-6
1.47644e-6
-1.41288e-5
0.00152681
0.000102281
0.00226524
-0.00321063
2.77928e-5
-0.000329809
5.02796e-5
-7.92153e-6
6.07146e-6
-2.04663e-6
1.42936e-7
-2.10506e-6
1.40259e-6
3.17278e-6
2.0219e-6
-6.99522e-7
-0.000266379
3.82754e-5
-0.000225864
0.000503083
-1.12157e-6
1.15584e-7
-2.95922e-6
3.8428e-7
-6.82464e-6
1.3247e-6
-7.02559e-6
7.06566e-5
1.15572e-6
2.46647e-8
2.51064e-6
-5.75559e-8
-4.05348e-7
1.87085e-6
2.2898e-7
-1.64147e-7
4.72679e-7
-4.25219e-7
2.18747e-6
-6.2088e-7
-1.54189e-6
2.2178e-6
1.85218e-6
-3.72646e-8
-3.60407e-6
4.95794e-6
3.33625e-6
1.97341e-8
-4.99356e-6
5.05398e-6
2.69946e-6
-5.78594e-6
2.63488e-8
4.87691e-9
-2.41073e-6
2.41548e-6
-5.42443e-8
1.4786e-8
-1.83887e-6
1.01965e-6
-7.5648e-8
4.49825e-7
6.64125e-7
-2.3443e-7
-2.76603e-6
7.29691e-7
-2.15419e-7
3.21166e-7
-2.52806e-6
2.28474e-6
-2.30566e-8
5.91287e-7
1.94397e-5
-5.6265e-7
-6.20108e-6
3.33925e-6
-1.95113e-5
-1.46138e-6
-2.95364e-6
7.63662e-7
0.000360126
-7.91894e-5
-3.14295e-7
2.01732e-6
0.00123089
-0.00108629
2.38772e-7
-2.02158e-6
0.000759853
-0.000970131
0.000688564
5.29606e-7
-7.34699e-7
0.000674326
-0.000558572
-1.58837e-7
0.000348988
-6.8782e-7
-0.000165267
-1.46999e-5
3.38754e-5
-1.59597e-5
-1.95373e-5
6.68419e-5
3.2925e-5
-9.96384e-5
-1.34999e-5
-1.42969e-5
3.12238e-5
2.57831e-5
0.000105681
-0.000299868
-9.63806e-5
0.000279089
-1.11534e-6
6.50347e-7
2.10547e-6
-3.99946e-6
-0.000192452
0.000492555
7.64113e-5
-1.84765e-5
4.63078e-8
2.01251e-7
-2.29277e-7
-7.58495e-7
-0.000213633
0.000205055
-0.000174591
5.33113e-9
-6.43262e-5
5.49613e-5
-5.54069e-5
5.08898e-9
3.49659e-6
-4.72915e-6
1.10419e-5
-4.40821e-9
-2.2358e-6
6.11641e-7
2.89197e-7
3.83209e-8
-2.25642e-7
5.00696e-8
6.00845e-8
-1.28956e-7
1.17849e-8
8.72813e-8
6.37596e-8
-8.49281e-8
6.03442e-7
1.13804e-6
-3.85048e-6
-3.98027e-6
7.52494e-7
-1.40275e-6
-1.03765e-6
3.76316e-7
4.95318e-6
3.63866e-6
1.57164e-5
-3.53154e-5
4.01121e-6
-1.01946e-5
-2.39437e-6
3.04213e-7
4.66292e-5
3.87243e-5
-7.15851e-5
-0.000172661
0.000162868
-7.25016e-5
9.70935e-5
1.61904e-5
-1.83914e-5
3.18314e-5
-3.18471e-5
-3.45192e-5
3.37719e-5
-2.04036e-5
0.00121555
-0.000150684
-0.00149745
8.0073e-5
-6.10562e-5
-2.86954e-5
-1.36857e-6
-3.09863e-7
-5.77329e-8
-2.75669e-7
-5.23211e-7
-1.48324e-7
-9.95568e-8
-2.07189e-6
2.01998e-5
-0.000247515
0.000657347
-0.00052825
1.94023e-7
9.22569e-8
-3.74353e-8
4.74282e-8
-4.54606e-8
-1.46369e-5
2.75697e-6
-1.22123e-5
2.32299e-5
-7.60813e-8
1.91558e-8
-1.469e-7
4.33198e-8
-5.32586e-7
-5.9965e-7
3.88933e-6
2.9516e-8
1.58178e-8
-1.03378e-6
2.10115e-7
1.26248e-8
4.26153e-7
3.77577e-7
-9.0077e-8
2.24982e-7
-9.539e-8
1.87628e-7
-4.32687e-7
-4.50607e-8
1.43141e-8
1.79458e-8
8.61362e-9
1.21279e-6
-1.75712e-6
-1.24712e-8
-2.16596e-9
8.23439e-9
3.71176e-9
1.86675e-6
-2.23119e-6
-1.22686e-8
3.22145e-9
-3.01191e-9
1.29023e-6
-9.69759e-7
-5.22612e-9
2.81522e-8
-5.51309e-7
3.70387e-7
-1.5443e-7
3.18337e-8
-2.492e-7
1.26284e-7
-1.00172e-7
1.54514e-7
7.84609e-8
-1.28966e-9
4.66087e-7
2.1833e-8
-3.38608e-7
1.98455e-6
-1.19923e-6
8.83531e-6
1.84001e-8
-7.21022e-7
5.52502e-7
-1.69429e-6
5.2368e-5
-2.08519e-5
-1.32749e-5
-9.58483e-7
5.36494e-5
9.77293e-7
2.01918e-7
5.71109e-5
-7.01705e-8
8.66179e-9
-1.22863e-7
-5.84305e-7
4.09544e-6
4.69748e-6
-1.96507e-6
-6.03184e-6
1.21376e-5
5.22512e-5
-7.79708e-6
-2.55222e-5
-6.90732e-5
0.000109117
-0.000147072
0.000110016
2.9838e-6
-1.14766e-5
8.91873e-6
-3.26036e-5
-7.5537e-6
2.89023e-5
-2.3171e-6
1.46497e-5
-2.11745e-6
-4.06371e-5
-2.1222e-5
6.76817e-5
2.1148e-5
-4.67746e-5
9.14327e-7
2.31332e-6
-3.03985e-6
-5.84787e-6
9.74199e-5
-6.44986e-5
2.39104e-10
-5.20441e-8
7.05402e-8
2.23207e-7
8.19789e-6
-1.7241e-5
3.14277e-10
-2.71406e-8
-7.40041e-9
4.205e-8
-8.46163e-6
-7.30934e-8
-5.92076e-9
3.47892e-9
3.47357e-9
3.53165e-9
1.72919e-6
-3.12506e-7
-1.21733e-8
-1.55389e-9
1.49431e-8
-1.15214e-8
-9.15241e-8
3.56314e-8
3.42968e-8
-9.2809e-8
3.98846e-8
7.5129e-8
-2.37833e-7
-2.4289e-7
-4.24072e-7
1.24185e-6
6.30765e-7
-1.99514e-7
5.77515e-7
5.54734e-8
-4.60018e-7
-1.90004e-6
2.5144e-6
-3.43057e-6
-5.66586e-6
2.56285e-6
6.27643e-6
-5.36005e-7
4.56087e-6
-5.19625e-6
-7.68133e-6
-2.53705e-5
-2.47493e-5
5.85003e-5
-3.52366e-5
2.65563e-5
-1.94237e-5
8.6015e-6
6.04726e-5
-0.00010898
6.97688e-5
-1.32807e-5
-3.97444e-5
5.30614e-5
-5.29808e-5
-7.99185e-6
6.37017e-6
-5.11617e-7
8.8604e-8
6.19524e-8
7.25136e-8
-5.50928e-6
4.27829e-5
-2.36524e-5
0.000206938
4.36935e-6
1.17979e-5
-9.26604e-7
-8.39444e-7
1.73722e-7
-4.35884e-8
-2.21294e-8
5.0597e-8
-2.48684e-8
-6.05379e-8
6.11494e-10
8.77375e-9
-2.78443e-6
1.74311e-6
-8.9963e-6
-2.44891e-5
3.05908e-9
-2.0178e-9
-4.44742e-12
-4.02129e-9
-1.0086e-6
3.26243e-7
-8.44717e-7
1.05028e-6
-1.20232e-8
3.24924e-9
-4.648e-8
9.70186e-9
-1.8963e-7
3.01734e-7
4.88672e-9
1.72947e-9
1.12008e-7
-3.0423e-8
-2.9319e-7
2.23669e-8
3.6812e-7
-4.43718e-7
-2.75508e-7
-1.54152e-9
6.11718e-7
-6.20781e-7
-2.56547e-7
7.97567e-7
-1.90865e-9
1.79766e-9
2.13865e-7
-3.06953e-7
-7.87123e-9
1.18469e-9
2.14667e-7
-1.32051e-7
-3.32544e-9
4.85782e-9
-7.10879e-8
4.6401e-8
5.47632e-9
2.98349e-9
-3.75057e-8
5.29187e-8
-4.33311e-8
3.20596e-7
8.73045e-9
-2.52162e-8
-2.02796e-7
-4.27222e-7
2.30998e-7
6.93786e-8
-3.04075e-6
-3.05445e-7
-5.48802e-5
2.5629e-9
7.88902e-8
1.01346e-8
-2.22154e-9
-0.00024873
0.000170365
-0.000126174
6.60986e-5
-5.75449e-9
1.03168e-8
-0.000311119
0.000151234
0.000596815
1.53127e-8
-1.34191e-8
0.000295486
-8.88339e-5
-0.000518411
-9.03327e-8
3.21809e-7
-0.000203115
-4.22122e-5
0.000406235
-4.94573e-9
-7.82124e-7
8.86454e-5
0.000178992
-0.000267326
6.26147e-7
-1.73387e-6
0.000113143
-0.000209481
6.81173e-7
-1.58144e-6
1.44835e-6
2.78126e-8
-1.70812e-6
-3.16346e-7
1.64757e-6
1.8975e-5
7.98949e-5
-6.14769e-5
-0.000208096
-1.76063e-6
6.18567e-6
3.06778e-6
-8.8097e-6
8.60353e-6
1.22661e-5
-2.09789e-5
-2.07055e-5
1.59113e-5
-3.76572e-5
-1.03389e-5
9.79123e-6
-2.8266e-7
-8.02875e-7
8.1304e-7
2.65169e-6
2.40134e-5
-2.83621e-5
2.42661e-5
-1.04582e-7
4.48789e-6
-9.3046e-6
9.67558e-6
-1.73011e-8
-1.76339e-6
-3.1151e-7
-3.01175e-7
1.12802e-9
7.29851e-8
-4.10141e-8
-2.95846e-8
-1.00142e-8
2.45696e-7
-9.20872e-7
1.76737e-8
3.43206e-8
4.07214e-8
1.3268e-8
-1.02176e-7
1.61212e-7
-3.15154e-6
7.10215e-6
3.64301e-6
-1.6074e-6
1.181e-6
-3.94821e-6
7.07861e-7
-4.51448e-6
2.16315e-6
5.46168e-6
-1.87257e-5
1.10173e-5
-5.64906e-6
5.09716e-5
-0.000144443
0.000161181
-8.99963e-5
-0.000125967
0.000101398
6.82756e-5
-6.76716e-5
1.01836e-5
8.92284e-6
-7.27303e-5
3.8111e-5
7.60201e-5
-7.4815e-5
8.36603e-5
-7.96928e-5
5.7505e-5
-8.97318e-5
5.69633e-6
2.98043e-5
-2.73087e-6
-3.85638e-6
-8.95199e-8
3.97839e-7
5.29e-8
-2.51073e-8
1.67763e-8
-9.98206e-10
6.94579e-9
1.09147e-8
-5.92626e-6
2.55824e-6
2.02092e-5
5.38203e-6
-4.56872e-6
-4.10572e-9
2.00386e-10
-1.31773e-9
6.15625e-10
4.19888e-10
-2.9687e-7
1.86759e-7
-3.44805e-7
7.45418e-7
2.32393e-11
-2.11128e-10
2.05234e-10
-7.6258e-10
-1.17291e-7
-6.39364e-8
7.22863e-8
-2.69387e-9
8.6523e-10
8.94328e-9
3.30711e-8
-7.93466e-9
-1.24519e-7
-8.31429e-9
1.27458e-9
-4.53178e-9
1.06174e-7
-1.15634e-7
-1.21968e-7
1.27606e-9
2.21805e-10
2.63693e-10
1.92778e-7
-2.40606e-7
3.05034e-8
4.42541e-10
-1.66995e-10
-1.69803e-10
7.89488e-8
-8.43835e-8
1.14844e-8
6.62425e-8
-9.69895e-11
1.29896e-10
7.76151e-9
-1.34037e-8
2.56432e-10
-1.60789e-10
2.20734e-8
-1.55367e-8
-2.3103e-9
1.27709e-8
-2.46774e-10
5.52904e-9
-8.06437e-8
4.63982e-8
-3.70853e-9
2.34797e-8
-1.09823e-7
3.7271e-7
2.7585e-6
2.66266e-8
1.33659e-5
-2.62029e-6
-1.1819e-8
-1.15813e-9
-3.05763e-6
5.00142e-6
-2.15633e-8
-1.43347e-8
-3.84316e-5
2.82511e-9
-5.52877e-9
1.57601e-8
5.14496e-8
-2.86375e-7
-1.84927e-7
7.46588e-8
-2.56428e-8
1.25542e-7
-3.59367e-7
-0.000230527
-0.000282324
0.00027621
0.000152409
0.000308361
0.00038573
9.36759e-8
-2.22773e-7
6.16329e-7
1.92548e-7
-9.49858e-7
4.44528e-5
2.5776e-5
-7.69979e-5
-1.56127e-5
1.65435e-6
-4.52234e-6
-1.00994e-6
-7.0044e-8
-2.06134e-6
-7.71639e-6
3.85119e-6
2.03561e-5
4.57568e-6
-5.89468e-6
9.77525e-7
-1.16885e-8
4.87242e-7
-1.33768e-6
1.18326e-5
-1.21872e-5
1.05921e-5
1.54119e-8
7.87847e-8
-2.77572e-7
2.28033e-6
-4.04592e-6
4.06525e-6
4.83953e-8
-8.19091e-8
-3.2503e-8
-6.0683e-7
-2.31292e-7
7.85613e-8
1.22387e-7
-2.73657e-7
2.55958e-7
-1.70501e-8
-2.38097e-8
2.91953e-8
-1.71396e-7
2.22183e-6
-5.64654e-6
-7.66274e-7
6.61829e-7
-3.01899e-8
3.05294e-6
-2.14096e-6
1.04695e-5
-1.47098e-5
3.33928e-5
7.02244e-6
-6.58584e-6
1.4656e-5
-1.59613e-5
-1.01795e-5
1.43783e-5
-4.6579e-6
0.00026373
5.01663e-5
-7.28897e-5
3.4017e-6
-1.91719e-5
-2.82089e-5
2.53342e-5
-0.000189043
0.000140797
-6.29207e-5
-3.34602e-5
0.000102392
-0.000113705
2.21062e-6
3.36693e-7
-1.36435e-7
-7.24603e-8
4.86996e-9
2.49492e-9
-6.89453e-9
-5.64227e-6
-1.11081e-5
6.59921e-7
-6.47522e-7
4.31566e-6
-5.7861e-7
7.53983e-8
3.80764e-8
9.15537e-9
-2.90271e-9
2.20871e-9
-7.99622e-11
1.04357e-9
-2.83907e-10
-1.43138e-12
-7.02977e-7
2.44585e-7
1.3021e-6
-2.19932e-7
8.93092e-7
-1.54067e-10
-6.04319e-11
6.65333e-12
1.89446e-10
-6.35313e-8
-4.64807e-8
1.17268e-8
-1.22791e-7
-4.63433e-8
3.32152e-11
-7.48581e-11
-1.85462e-10
6.85966e-9
-1.03311e-9
-3.48457e-8
-1.07977e-9
4.81161e-10
1.78184e-9
2.52366e-8
-2.74218e-8
-4.30868e-8
-2.39552e-10
-4.29993e-10
-2.45614e-10
5.68383e-8
-7.84426e-8
2.45288e-8
1.27304e-10
-1.59417e-11
-6.54215e-11
2.17572e-8
-3.35451e-8
1.71467e-8
7.77952e-11
-6.11094e-12
-1.08134e-10
2.43147e-9
4.41912e-9
-2.54007e-9
5.9305e-9
-5.02644e-9
3.7321e-10
2.68269e-9
-5.45062e-9
-6.60129e-11
-1.07705e-9
-1.56692e-9
3.0549e-11
-3.65326e-9
-1.68012e-8
-2.6545e-7
6.16667e-10
-8.08143e-7
1.95588e-7
-8.17363e-11
7.54949e-10
-3.29731e-7
1.26039e-7
4.91771e-9
-2.86086e-9
9.03924e-9
8.73586e-7
2.34052e-5
-1.82374e-9
8.22782e-10
4.42684e-5
-1.02401e-5
1.42608e-10
7.16163e-10
-5.08703e-5
-2.47211e-5
-6.10218e-10
-4.1512e-10
0.000190898
-8.55593e-5
4.53124e-9
-1.99585e-8
-0.000363179
0.000251752
4.69963e-9
2.52373e-8
0.000436609
-0.000375404
-4.38458e-8
1.23412e-7
-0.000415111
1.50864e-8
2.17094e-8
-4.95496e-8
7.32336e-9
-2.26635e-8
7.62061e-8
-0.000118709
7.82118e-5
-2.28453e-5
0.000104118
0.000131284
-0.000163254
1.2346e-8
-5.93602e-8
-4.25079e-8
1.8957e-7
-3.81983e-7
-1.7458e-7
-2.80826e-6
-5.71697e-5
0.000108627
5.88659e-7
-7.20901e-7
-3.70522e-7
2.8842e-7
4.04007e-6
-9.57812e-6
2.58574e-6
-2.76666e-6
3.37807e-7
3.98548e-9
8.04756e-7
-2.55174e-6
5.10523e-6
-5.01543e-6
4.41781e-6
3.14218e-8
7.10271e-8
-6.90176e-7
9.62175e-7
-1.42678e-6
1.58391e-6
1.99708e-8
-6.46869e-7
3.71053e-7
1.79245e-8
-2.40688e-7
9.32481e-8
2.96953e-8
-1.68901e-6
1.7499e-6
5.42882e-7
-1.13378e-11
-1.19112e-6
4.42398e-6
-5.7112e-6
4.47939e-7
1.19577e-5
-1.17215e-5
4.79434e-6
-1.43832e-5
1.44035e-5
4.84801e-6
-5.03795e-5
4.43151e-5
-0.000219159
5.58795e-5
-5.6039e-5
-4.99319e-5
5.00083e-5
-5.84026e-5
-2.52687e-5
-0.000507384
0.000739686
-0.000181546
0.000262572
0.000101571
-0.000141042
-2.59844e-5
4.8347e-5
-6.42914e-5
5.31884e-5
8.63134e-5
-0.000109719
-5.73448e-5
0.000108221
1.44111e-5
-1.28458e-6
5.97955e-7
-3.80914e-8
-2.56661e-8
-7.87852e-9
-2.20268e-10
1.1943e-10
-5.88852e-10
2.27409e-10
-6.24359e-7
-3.5015e-8
2.27674e-7
-1.82793e-8
1.13734e-9
9.77799e-9
5.8579e-9
5.82559e-9
1.09194e-9
-1.51047e-10
1.58668e-10
-1.2839e-11
-1.06933e-11
1.33328e-11
4.05403e-11
1.3081e-11
1.04478e-8
1.76574e-8
3.73329e-8
-2.5892e-8
1.08115e-8
-1.09207e-11
-1.01708e-11
1.99541e-11
2.33476e-11
-2.76645e-10
-2.75233e-9
-7.76721e-9
-1.40881e-8
1.54405e-10
6.32412e-11
-2.03449e-11
-1.78704e-10
3.22111e-10
5.78244e-9
-4.39885e-9
-1.39586e-8
6.19322e-11
-1.10403e-10
1.31352e-10
1.3677e-8
-2.28817e-8
1.0867e-8
-2.65595e-12
-3.73747e-11
-2.91007e-11
4.37722e-9
-1.00161e-8
8.05225e-9
2.42384e-11
1.82441e-14
-2.8243e-11
1.29701e-9
8.30648e-9
-8.69035e-9
8.463e-9
-6.95633e-9
-1.56416e-10
5.49202e-11
-1.07224e-9
2.52088e-10
-7.874e-11
2.0213e-10
-4.52777e-9
3.33173e-9
-3.44348e-9
1.73713e-9
1.26164e-8
-5.01759e-9
6.40472e-8
-3.71023e-8
7.1195e-8
-6.30648e-10
1.31247e-10
-4.82403e-10
4.67289e-10
-1.39508e-9
-6.18101e-7
-2.06573e-6
-3.34397e-10
1.60912e-9
-1.39116e-5
6.30302e-6
-1.07795e-10
3.16117e-5
-9.94375e-6
-2.45538e-11
1.03217e-10
-9.49766e-11
2.2101e-10
-0.000100515
0.000113319
-8.35653e-5
8.27465e-5
5.60365e-11
-7.61125e-10
0.000152514
-7.2238e-5
-0.000201458
9.74557e-10
-2.39432e-9
-0.000186515
-1.15018e-5
0.000345312
-2.30088e-9
7.87347e-9
5.36315e-5
9.49135e-5
-0.000319629
1.30132e-9
-5.73133e-9
9.63714e-9
2.75152e-7
0.000264015
3.50499e-9
-1.24316e-8
-8.10753e-5
-3.68425e-9
-2.16894e-9
3.71048e-9
-1.08321e-8
1.75059e-8
1.87361e-8
7.43604e-5
0.000195766
-0.00013527
-6.92822e-5
-0.000304815
1.86629e-8
-3.86813e-8
1.15525e-7
-1.82113e-7
-8.01906e-8
-6.06607e-6
-1.54599e-5
2.52392e-5
8.45854e-6
5.14615e-5
3.38134e-7
-3.22734e-7
-2.01159e-7
6.39426e-7
1.17758e-6
-5.00973e-6
1.0965e-6
-9.54287e-7
1.66913e-7
1.20514e-7
1.78704e-7
-8.6748e-7
1.9028e-6
-1.33433e-6
1.61415e-6
-3.63966e-7
-2.91003e-7
-4.91522e-9
4.31682e-7
-3.11048e-7
2.7596e-7
-8.85351e-7
-1.12545e-6
1.00633e-6
3.06144e-7
6.99143e-7
-2.09273e-6
4.56243e-6
-1.29829e-6
7.08339e-6
1.05669e-5
-8.57389e-6
2.88931e-6
-3.99353e-6
-3.11566e-6
-1.15347e-5
3.77851e-5
-0.000137101
0.000137405
-2.2722e-5
-5.78662e-5
5.88102e-5
-2.0722e-5
2.38801e-5
0.000553117
-0.000505718
0.000374736
-0.000756152
9.92572e-5
-9.64335e-5
0.000106716
-8.2063e-5
1.83821e-6
1.14271e-5
-8.45705e-5
5.56109e-5
4.82033e-5
-4.56257e-5
-9.71662e-6
7.52404e-5
-1.86117e-5
-0.000105371
7.49675e-5
8.9301e-5
-6.12018e-8
7.00353e-9
6.94785e-9
-2.35321e-9
-5.29381e-9
-2.96457e-9
-1.15274e-9
-2.87307e-11
-3.36967e-11
2.17156e-12
7.44454e-12
-4.27071e-9
1.75507e-8
-2.1876e-11
1.27297e-8
2.35796e-9
-5.73696e-9
2.99622e-12
8.77623e-12
-2.63711e-12
1.30687e-12
4.1458e-12
-2.05721e-12
-1.04557e-9
2.18313e-9
3.47092e-9
-2.50704e-9
1.23056e-9
-1.65908e-12
-1.04599e-12
9.97311e-12
-1.13101e-11
6.53041e-11
-1.76352e-10
-4.25455e-9
-1.62511e-9
7.22507e-10
-8.12677e-12
6.42283e-12
9.17519e-12
2.14232e-11
2.24125e-9
-3.2441e-9
3.07346e-9
1.35631e-11
-9.55448e-12
-1.33377e-12
-2.08973e-10
-5.40741e-10
2.4196e-9
2.44819e-11
-2.94539e-12
-4.52606e-11
-1.95821e-9
4.69845e-9
-8.17762e-9
7.99834e-9
-9.38875e-9
4.87297e-11
6.50031e-11
2.52195e-12
-1.50768e-10
-9.0721e-12
5.5892e-10
-4.07159e-9
4.81616e-9
-4.76661e-9
5.09285e-9
5.33368e-9
-1.5323e-9
6.37354e-9
-1.50189e-8
4.13939e-8
-8.64858e-10
-7.92205e-11
2.49065e-10
-5.91075e-11
-1.59387e-10
4.57133e-7
-4.25675e-7
2.50108e-6
-7.88325e-7
-5.18868e-11
2.18592e-10
2.426e-7
-8.67484e-6
1.05887e-5
1.90643e-11
4.5113e-11
-7.10448e-11
1.28609e-11
8.49724e-5
3.98472e-11
-3.36796e-10
6.63257e-10
-6.1685e-10
2.25559e-10
-6.33431e-10
9.46577e-10
-2.02185e-10
3.10236e-10
0.000169442
0.000163242
-0.000196609
-0.000252166
-0.000285471
0.000254527
3.04913e-10
0.000242626
-1.05204e-9
-2.43887e-11
2.01892e-9
-5.32468e-9
-1.44709e-9
3.51936e-5
6.90967e-5
-0.000133164
-4.68055e-5
-0.000180054
1.56035e-8
-1.49041e-8
6.45511e-8
-1.07726e-7
-4.14534e-8
-4.24337e-6
2.33218e-7
1.18116e-5
4.00351e-6
1.54191e-5
1.28899e-7
-9.49064e-8
6.03427e-9
3.85364e-7
-5.16009e-7
-3.07943e-7
1.48861e-7
-2.33143e-8
3.80062e-8
-2.48108e-7
-8.8968e-8
6.02798e-8
-1.07092e-7
9.1084e-7
-5.88849e-7
-9.99346e-7
1.64548e-8
1.19343e-7
8.85246e-7
1.72924e-7
-2.29638e-7
-2.44642e-6
1.50939e-6
6.23854e-6
2.96948e-6
-2.19528e-6
3.2642e-7
-1.87526e-7
-2.81487e-6
-2.58914e-5
3.17042e-5
-6.83091e-5
9.06631e-5
-3.50477e-5
-3.62166e-5
2.73543e-5
-7.31131e-6
1.00046e-5
-0.000149101
0.000273333
2.43311e-5
-9.67891e-5
5.42577e-5
-8.77277e-5
0.000118824
-7.49933e-5
-0.000116394
0.000135646
-0.000136138
0.000161245
6.88103e-5
-8.28694e-5
-4.6067e-5
-3.19698e-5
7.88248e-5
-5.60439e-6
1.12851e-9
8.07892e-10
1.78786e-10
-7.53898e-12
-7.31457e-9
-4.13359e-10
-9.39046e-10
1.64042e-9
-3.50988e-10
-1.85277e-10
-2.47509e-11
6.10491e-12
-3.45924e-12
2.04943e-12
1.02831e-13
-5.09471e-10
2.13062e-9
-6.50223e-11
1.6099e-9
-3.64679e-10
-6.55604e-11
-4.87839e-12
3.09063e-12
-3.64393e-12
1.30379e-12
1.89194e-13
-4.25571e-12
-3.44313e-10
3.18242e-10
2.68278e-10
-3.38739e-10
2.0291e-10
1.93764e-13
1.48458e-12
2.87235e-12
-5.31147e-12
2.28507e-13
-2.00374e-10
-1.78232e-10
7.99367e-10
-1.19973e-10
1.13787e-10
-2.42807e-11
3.63767e-11
1.72711e-11
-1.82909e-11
-2.88647e-10
5.93379e-10
3.69059e-11
6.62487e-11
-5.61197e-11
-7.1801e-10
1.65984e-9
-5.62465e-9
1.24115e-10
8.24656e-11
-1.38325e-10
-5.30978e-10
1.30194e-9
-2.82354e-10
-6.23769e-10
2.3621e-9
-2.42351e-9
4.58881e-9
-5.68249e-10
-6.29113e-9
1.14851e-10
-3.20757e-9
2.68093e-8
4.38194e-10
-2.29912e-10
5.24809e-10
-1.6453e-10
7.89247e-11
8.19928e-7
-1.08073e-6
5.62963e-7
-1.40939e-6
1.57917e-11
-2.05319e-11
4.50604e-6
-7.62462e-7
-7.29033e-6
1.93958e-12
1.82298e-11
-3.57464e-11
8.4418e-12
-2.56514e-11
-0.000127753
0.000162579
-5.10073e-5
3.98243e-5
-9.95364e-12
7.37613e-11
8.86798e-5
-2.50953e-5
-4.56932e-11
1.06528e-11
-0.000227792
0.000157273
1.95433e-10
0.000295759
-1.18475e-10
3.67205e-11
-9.59987e-11
1.95272e-10
-9.14536e-11
1.53825e-10
8.82081e-5
0.000154113
-0.000217338
-0.000179897
-0.000372154
0.000186454
2.44402e-10
0.000120408
-6.20011e-11
-1.8474e-10
2.11576e-9
-4.31038e-9
-2.29689e-9
1.07004e-5
8.78839e-6
-4.27522e-5
-1.04243e-5
-6.54944e-5
4.94557e-9
-3.48088e-9
1.6171e-8
-5.60745e-8
1.18346e-8
-1.00442e-6
1.96161e-6
1.57227e-6
4.10846e-7
5.21946e-7
-3.37794e-8
2.21422e-8
-5.39743e-9
-1.64514e-7
1.64088e-7
6.5973e-10
-7.19701e-8
-1.94802e-7
2.14158e-9
-1.02897e-8
-4.86544e-7
-3.12567e-6
1.30229e-5
-2.47259e-5
1.06386e-5
2.77012e-6
-2.8053e-7
1.59273e-7
-1.0578e-7
5.22067e-7
-6.89664e-6
1.32817e-6
-4.20537e-5
5.36518e-5
-4.06863e-6
-1.94983e-5
-7.06766e-6
2.49352e-6
-2.80715e-7
-1.55214e-6
-1.52241e-6
8.04489e-5
-1.47519e-5
-2.5913e-5
-1.47582e-5
2.55404e-5
6.91123e-6
-4.22322e-5
-0.000104608
0.000110419
-0.000111639
0.000126797
3.25186e-5
-4.42292e-5
3.33387e-5
7.01735e-6
-7.31828e-5
6.24095e-5
8.31381e-5
-0.000102263
7.4388e-6
3.59407e-5
3.41089e-10
7.72237e-11
3.08555e-11
-2.95142e-12
-8.49506e-10
-2.42277e-10
-5.19107e-11
2.1049e-10
-1.22567e-10
-4.908e-11
1.58169e-11
1.2793e-11
-2.90533e-13
-1.51262e-12
2.02761e-11
-9.16268e-13
-1.88272e-10
3.5305e-10
2.58219e-11
-9.90246e-11
1.23508e-10
-1.25585e-10
9.57262e-11
3.10884e-11
-1.6467e-11
1.12217e-11
-8.67523e-12
6.88703e-11
-2.63296e-11
1.60567e-10
-5.07935e-13
-8.81749e-11
1.612e-11
-5.94475e-11
-1.53054e-11
-7.81461e-11
-1.96715e-11
-1.10751e-10
2.41631e-11
-9.73904e-11
-5.57714e-12
1.43066e-10
7.9019e-11
-1.21938e-10
-1.28458e-10
-3.5688e-11
-9.45595e-12
-9.93422e-12
1.15771e-11
-1.10304e-10
1.06762e-9
5.89043e-10
-2.35687e-11
5.57421e-11
-8.63609e-12
-1.20248e-9
-4.72154e-10
1.78822e-9
1.98e-10
-1.97667e-10
5.57905e-10
-8.29008e-10
-3.92063e-9
1.83921e-8
1.16512e-8
1.52058e-11
-9.58052e-8
-1.49207e-10
6.24354e-11
5.38274e-11
2.00953e-6
1.79137e-8
1.37623e-6
-3.62296e-6
-9.81348e-12
-2.51626e-11
9.08263e-6
-1.06913e-6
6.6888e-11
-2.45579e-5
-1.63055e-11
-2.91899e-11
6.73429e-12
-0.000208285
0.00019445
-1.30379e-5
1.64778e-5
-2.81399e-11
2.00369e-11
0.000174319
-0.000135656
-2.42747e-11
-9.17911e-13
-0.000276756
0.000271723
1.57458e-11
0.000338316
-2.6423e-11
6.09474e-11
8.82873e-11
-3.86583e-10
2.28925e-11
8.61184e-5
9.00085e-6
-0.000119053
-0.000135041
-0.00030142
0.000113642
3.30197e-10
4.43348e-5
-7.94793e-10
-1.65018e-9
2.39653e-9
-1.40584e-10
4.95429e-6
-7.87722e-6
-4.95824e-6
-1.50385e-6
-1.38248e-5
-4.41155e-9
-8.52982e-9
4.2924e-8
1.00783e-9
-4.45724e-8
1.2532e-7
-5.72255e-8
1.02324e-6
-2.02319e-7
7.60885e-8
7.4715e-7
-3.88197e-7
-1.14306e-9
-2.84864e-8
3.97936e-8
1.79136e-9
-2.32611e-6
1.41694e-6
6.22918e-6
-4.24506e-6
5.71698e-9
-8.43377e-9
5.30377e-8
9.03006e-10
-1.45926e-5
2.82116e-5
5.33072e-8
-1.59148e-8
1.29657e-8
-4.4062e-5
3.10485e-5
5.79348e-5
-6.73438e-5
-4.06371e-6
-3.96842e-7
4.69063e-7
1.31996e-7
-3.47807e-7
5.90407e-5
-4.5895e-5
-3.33249e-5
3.76952e-5
6.38466e-6
-2.31875e-5
-1.11946e-5
-0.000153165
0.000283659
-0.000181597
0.000144882
1.74849e-5
-2.577e-5
2.92013e-5
-4.77994e-5
-3.82554e-5
6.76039e-5
3.50266e-5
-5.29617e-5
-9.44614e-6
-1.34305e-6
-1.21708e-10
-6.29361e-11
-9.99044e-11
-9.48603e-12
-1.89896e-10
-3.17984e-10
1.62247e-10
4.81144e-10
2.28421e-10
2.29606e-10
2.36182e-10
-1.81463e-10
-1.00047e-10
3.49046e-10
2.59642e-11
-1.76409e-10
-8.11799e-11
5.29335e-10
-7.58419e-13
8.82173e-10
2.05899e-10
-1.36709e-9
-1.09607e-9
-3.16562e-10
-8.48456e-10
-3.09216e-10
7.66841e-10
-5.05875e-10
-5.24452e-10
5.09246e-10
-2.32205e-11
1.14489e-10
5.2869e-10
2.9089e-10
-9.53635e-10
1.2914e-9
-1.0081e-9
1.00422e-10
-2.79143e-9
-2.10927e-10
-5.76762e-10
-5.00951e-10
1.06471e-10
6.94637e-11
-2.53204e-9
-7.75142e-10
6.19306e-10
1.19367e-9
4.86022e-10
-1.06378e-9
-2.04802e-10
-1.43213e-10
-6.40787e-10
2.70502e-10
-4.28173e-9
8.1139e-9
1.00969e-8
3.94198e-9
-2.93224e-11
-2.56136e-11
1.17062e-9
2.08948e-10
-1.26683e-8
-3.62335e-8
-3.85973e-9
-3.98742e-9
7.67136e-11
1.2834e-9
-5.30031e-10
5.19355e-8
-3.72386e-7
2.49204e-8
-1.62138e-7
3.39038e-10
6.24873e-11
-3.14508e-10
2.27546e-7
-3.826e-6
-5.90647e-10
-1.77519e-10
-8.22553e-11
8.60122e-8
4.69924e-6
1.68946e-5
1.76506e-6
1.11652e-9
-3.64155e-10
-1.59237e-5
-7.38592e-5
1.09795e-10
8.6835e-10
-1.50715e-10
0.000103847
-0.000111675
4.61563e-5
5.1572e-11
1.85405e-10
-1.68446e-10
-0.000127221
0.000175483
-0.000215602
6.01101e-11
7.07062e-10
-1.37567e-10
0.000113985
-0.00021881
0.000377312
1.86353e-10
1.57687e-11
-5.23372e-5
0.000104588
-1.28635e-10
-1.97604e-11
0.000136039
-0.000160626
-1.25415e-9
1.12485e-9
-4.56158e-5
0.00012754
-2.36101e-9
5.5827e-9
4.80028e-9
-1.26839e-8
-1.08419e-8
-6.32234e-9
-4.99077e-6
9.89474e-6
2.43986e-6
3.46332e-6
5.21329e-6
-5.07518e-6
1.4492e-8
6.16637e-8
-6.44814e-8
-2.05343e-7
2.44235e-7
8.10189e-8
-6.89276e-7
-1.67232e-8
-1.32492e-6
6.44128e-7
-8.09276e-7
-1.78942e-6
2.34102e-6
-5.60797e-10
-4.81652e-9
5.65927e-9
-6.50686e-8
4.37434e-6
-5.92568e-6
-9.35686e-6
1.30734e-5
-1.14709e-8
-1.28758e-9
4.31481e-10
4.93709e-9
1.70556e-5
-2.48935e-5
-2.67801e-5
4.02696e-5
1.6394e-7
2.62382e-9
-6.03421e-8
3.77463e-8
3.41195e-5
-5.28296e-5
-2.83975e-5
5.42988e-5
6.42393e-6
-3.74667e-5
-1.54112e-5
4.07801e-6
1.66422e-6
-4.8178e-6
9.78689e-7
-1.56802e-6
3.73549e-5
-3.77735e-7
-7.73155e-5
4.08916e-5
9.40722e-5
-6.54486e-5
1.99351e-5
-8.03567e-5
5.09409e-5
-7.27512e-6
6.72031e-5
-3.87296e-5
-3.7035e-6
-9.59833e-5
6.42346e-5
-3.47386e-6
0.000183555
-0.000278075
-6.69823e-6
7.53375e-5
1.42942e-10
-3.51611e-9
6.10693e-9
4.33968e-10
1.77498e-9
2.31384e-9
-2.34367e-10
-1.74581e-9
1.43739e-9
9.94804e-10
-3.44273e-9
3.5681e-10
-1.90103e-8
7.58293e-9
4.05589e-9
-8.514e-9
1.04748e-9
-8.8795e-9
-3.70644e-9
3.4268e-9
2.62081e-9
-4.27926e-9
5.48404e-9
1.96324e-9
1.03613e-8
9.1804e-9
-1.74732e-9
-1.13701e-9
5.76875e-9
-5.12323e-9
2.77381e-8
-5.59606e-9
-9.85772e-9
-4.53113e-9
2.00934e-9
3.02876e-9
-6.27612e-8
-1.83142e-8
5.19116e-9
1.89535e-8
5.95458e-9
-8.86977e-10
-5.47906e-9
-2.89701e-9
-1.4045e-8
-3.77803e-10
-5.15233e-8
1.09579e-7
1.39918e-7
1.45636e-7
-5.0584e-10
-5.10621e-9
3.56598e-8
-1.66195e-8
-3.20528e-7
4.53583e-8
4.2787e-7
9.9217e-7
1.2028e-8
-7.71154e-9
2.60919e-9
-1.16037e-6
-8.66588e-8
-2.10673e-6
2.32605e-6
2.59929e-9
4.30963e-10
-1.07328e-10
-3.89988e-6
-1.40318e-5
-8.60449e-9
1.78641e-8
-5.52235e-9
1.44803e-5
-6.47202e-6
3.42517e-5
-2.71778e-5
7.86467e-9
-1.55546e-10
4.32907e-5
-7.54262e-5
-1.45778e-9
-1.50608e-9
-4.47956e-5
8.66455e-5
8.32121e-9
-2.05956e-9
3.24096e-5
-6.8138e-5
3.43774e-9
2.14795e-10
-2.33732e-5
4.74193e-5
-2.71547e-9
8.10627e-10
3.38223e-5
-8.1994e-5
-1.71854e-10
6.37225e-9
-5.23117e-9
-2.201e-8
1.46476e-8
3.04866e-8
2.84569e-6
-1.97828e-6
-3.21267e-6
-3.03977e-6
-7.56788e-6
5.47356e-6
-6.54564e-8
-7.02582e-8
1.43605e-7
1.89681e-7
-4.15967e-7
-1.18908e-7
3.92746e-7
2.78671e-7
1.03697e-6
-5.08956e-7
1.10884e-6
1.07156e-6
-2.58197e-6
-2.71076e-8
1.1456e-7
-1.58018e-9
-3.7934e-7
-1.84362e-6
5.25201e-6
2.53669e-6
-9.19644e-6
-1.08952e-7
-1.71293e-8
1.49395e-8
1.18645e-7
-1.41752e-6
1.19947e-5
3.14717e-6
-1.46278e-5
-2.09817e-7
4.36403e-8
-1.50876e-7
4.39095e-7
6.337e-6
5.55824e-6
-2.7177e-5
1.20887e-5
4.71462e-5
-5.69857e-5
2.31085e-6
-1.65635e-6
4.23558e-6
4.01783e-6
-1.24086e-6
2.46403e-6
-6.66552e-5
8.78006e-5
6.24602e-5
-9.34325e-5
-4.32096e-5
7.63769e-5
2.6992e-5
-5.97344e-5
-3.23142e-5
6.21577e-5
3.56386e-5
-8.60805e-5
6.0761e-8
9.81343e-10
3.77551e-9
3.19328e-8
-3.08142e-9
-9.50151e-9
-6.58891e-8
8.89728e-8
-1.91152e-8
-1.85792e-7
8.77162e-8
-8.3018e-8
-6.76601e-8
2.83228e-8
3.91039e-9
-7.3204e-8
6.48097e-8
1.08528e-7
2.62417e-7
-1.06745e-7
4.99341e-7
3.08143e-8
-9.00074e-7
3.36471e-7
-3.79827e-7
5.03445e-7
1.56779e-8
-7.08497e-8
-1.17083e-8
1.77922e-7
-1.61366e-7
-4.34315e-8
-3.89575e-8
1.50128e-7
7.7557e-7
-6.82836e-7
4.94697e-7
3.70083e-7
-9.76728e-7
7.73578e-8
-7.66052e-8
-1.04855e-7
-1.68119e-7
-1.88081e-8
-2.85505e-7
7.72091e-8
-3.60466e-7
9.27617e-7
8.34691e-7
1.08214e-6
2.7763e-8
2.69424e-7
-4.46952e-7
-1.13993e-8
-3.98603e-6
4.31234e-6
-1.49088e-6
7.99028e-6
1.72419e-6
-5.72374e-8
5.34849e-8
8.11082e-7
-1.17904e-5
-8.48786e-6
-5.86196e-8
-3.98536e-9
-5.12347e-7
1.88845e-7
3.17461e-5
-3.33627e-5
2.35365e-5
-5.17014e-5
6.74439e-6
-9.28774e-10
-3.4216e-7
-8.94076e-8
6.59963e-5
-3.04975e-5
-7.53283e-6
-2.40055e-9
3.86886e-7
8.00807e-8
-8.15869e-5
3.74383e-5
3.78228e-6
-3.14492e-8
-5.00285e-7
6.91197e-8
0.000100036
-4.1402e-5
3.16855e-6
3.03567e-9
-2.51891e-8
-2.74733e-8
-4.12536e-5
2.01688e-5
-1.49198e-7
6.17319e-8
4.08183e-9
1.11136e-5
-4.68727e-6
-7.68015e-9
-3.71139e-6
5.89064e-8
1.46911e-7
-1.20647e-7
8.61579e-7
-2.2881e-7
-3.24383e-8
3.20629e-6
9.96361e-6
-2.6147e-6
6.43496e-7
-1.81989e-5
4.29761e-7
2.36108e-7
1.67705e-9
-3.3502e-7
3.72303e-7
2.41587e-7
-6.20517e-7
1.21845e-6
-7.45991e-8
-2.96217e-6
-4.42829e-7
-7.3391e-8
1.76483e-6
-1.73597e-6
-1.08172e-6
-1.04245e-7
1.2441e-7
1.4505e-6
-1.11583e-6
3.92023e-6
-3.21533e-6
-4.78575e-6
-4.1733e-6
5.91365e-6
6.33138e-6
-1.04485e-5
-2.69484e-6
2.61827e-6
-7.73079e-6
4.17436e-6
-1.04092e-6
-3.70186e-7
-3.0892e-5
4.12145e-6
2.19207e-5
7.39788e-5
-3.09492e-5
-1.36689e-5
-0.00010991
6.13684e-5
-6.13281e-6
0.00020072
-9.24332e-5
2.19883e-5
-6.63649e-5
3.68838e-5
-5.06123e-6
1.90734e-5
-1.01884e-5
-3.54671e-6
-1.91276e-6
-4.50211e-7
1.3082e-6
-2.11408e-6
8.61282e-7
-1.20262e-7
-1.32204e-6
2.87727e-6
1.09762e-6
1.37257e-5
-4.56559e-6
-2.78553e-6
5.2117e-6
-2.12644e-6
4.08191e-6
6.60863e-7
-5.47924e-7
-6.53365e-7
-1.18239e-7
-6.95387e-6
4.1832e-6
-1.21916e-6
2.36751e-5
-2.69684e-5
1.4786e-5
-8.14928e-6
-5.86413e-6
6.21445e-6
-8.7505e-6
-1.40394e-6
2.18977e-6
-2.66485e-6
7.10753e-7
1.11244e-7
-7.58798e-7
-2.53566e-6
-1.28495e-5
1.25492e-5
-5.27021e-6
1.29357e-5
-3.03353e-5
7.47713e-6
-5.1657e-6
-3.52154e-6
9.02276e-6
-8.83495e-6
5.95084e-6
-1.79265e-8
-2.62978e-6
7.20299e-7
4.39454e-6
3.62427e-6
1.57181e-5
-6.8387e-6
-2.46987e-5
2.17239e-5
1.98312e-6
4.41453e-6
-1.11954e-5
1.19579e-5
1.78763e-6
2.07801e-5
2.82481e-6
3.70293e-5
-3.65222e-5
-6.21553e-5
6.19718e-5
-1.42117e-5
-1.1337e-6
4.57644e-7
-1.5243e-5
5.1499e-5
0.000121175
-9.48903e-5
-1.33822e-6
2.78394e-5
-2.43706e-5
2.8706e-6
-0.000127083
7.91921e-5
-0.00017835
0.000148819
0.000118139
2.12738e-6
8.3151e-6
-5.28575e-6
-0.0001591
0.000230463
-0.000196523
-8.21404e-7
5.90829e-6
-2.11799e-6
6.56063e-5
2.03839e-6
-2.59875e-5
-6.15737e-6
-3.97578e-6
3.06881e-5
-1.31336e-5
8.54934e-6
0.000120647
-2.09581e-5
-6.43654e-5
-0.000115322
0.000106777
9.03666e-5
-3.70321e-5
-5.25067e-7
-7.13216e-6
3.58132e-6
5.79973e-6
1.21819e-6
4.05615e-5
4.62459e-6
-1.45416e-6
-1.59301e-5
-2.58984e-6
4.8563e-6
-7.98978e-5
3.44037e-5
3.17546e-6
0.000277997
-1.88585e-6
2.40634e-6
4.06985e-5
5.48028e-6
-5.63477e-6
-2.72468e-6
-1.86924e-5
8.10706e-5
-3.52542e-6
-4.08889e-5
4.81965e-7
7.15033e-7
-7.55252e-7
1.93892e-5
6.44147e-7
3.54142e-5
-3.36939e-5
1.72861e-5
-5.1824e-5
5.48154e-5
-8.72838e-5
0.000132021
2.38233e-5
-0.000119172
6.28116e-5
1.13709e-6
0.000392548
-0.000273535
0.000112597
-8.91761e-5
3.6854e-5
-0.000118095
0.000139571
-0.00015726
0.000182584
-0.000119319
0.000170067
-0.000241263
-2.31198e-5
2.55802e-5
1.21103e-5
-1.94484e-5
4.07834e-5
-5.21689e-5
6.72335e-5
-4.01437e-5
5.02218e-8
-9.1958e-6
2.83952e-5
-6.27596e-5
9.97912e-5
-0.000127253
9.49824e-5
-4.06023e-5
-1.18725e-5
9.71216e-6
-7.20784e-7
-2.67121e-5
7.77676e-5
-0.000137458
0.000170607
-0.000151658
7.81717e-5
-1.97314e-6
1.99355e-5
-2.96655e-5
2.92375e-5
-1.96499e-6
-5.93478e-5
0.00013393
-0.000179913
0.00016375
-9.40012e-5
-1.22044e-5
2.36948e-5
-4.17575e-5
6.4645e-5
-8.11048e-5
6.41203e-5
-2.66927e-6
-8.10765e-5
0.000144889
-0.000158616
0.000112867
-6.34545e-6
-0.000125241
5.31252e-5
-0.000101809
0.000140789
-0.000138272
8.55163e-5
-1.65848e-6
-8.12827e-5
0.000142717
-0.000157624
5.69477e-5
-6.80921e-5
0.000128892
-0.000172874
0.000182472
-0.000147131
8.25711e-5
1.22902e-7
-0.000124296
0.000303415
-0.000399467
-9.56788e-5
0.00015226
-0.000163829
0.000158113
-0.000141812
0.00012238
6.87237e-7
-5.87336e-5
-7.74038e-5
9.16281e-5
-0.000109484
0.00015483
-0.000298024
5.59965e-5
6.01573e-7
-5.33743e-5
