3.88161e-6
-2.11381e-5
1.69657e-5
1.13222e-5
2.70929e-5
-1.63715e-5
1.29969e-5
-1.75182e-5
-1.76681e-5
1.50984e-5
-1.72113e-5
-8.14362e-6
-8.03931e-6
1.93436e-5
3.60468e-6
9.93292e-6
-4.44417e-6
-3.0002e-6
1.60087e-5
-6.4856e-6
-4.26371e-6
-2.49779e-5
5.20402e-6
-4.35617e-6
4.65259e-6
2.16617e-5
-1.71942e-5
2.39376e-5
-1.49384e-5
-2.4284e-5
9.2728e-6
-6.7568e-6
2.05088e-5
2.69527e-6
2.20593e-6
-1.33378e-5
-2.41998e-7
-1.45737e-6
6.36191e-8
1.3094e-6
-1.13744e-6
1.79758e-6
3.65598e-6
-3.00735e-6
1.55709e-6
-1.2603e-5
1.96877e-5
-2.85034e-5
3.23784e-5
-3.096e-5
5.77265e-6
1.95271e-5
-3.10229e-7
-9.43684e-6
1.56583e-7
3.53196e-7
-1.41159e-8
6.62196e-6
-1.96578e-5
7.0053e-6
-4.47493e-6
2.93723e-5
-8.00756e-6
-2.25439e-5
7.02274e-6
6.14664e-6
-1.87297e-5
3.04333e-5
-3.64625e-5
3.37088e-5
-2.43983e-5
4.36569e-6
1.20929e-5
-1.75981e-6
-5.97626e-6
-6.78675e-8
2.82131e-6
-7.22883e-8
3.95475e-7
-2.26096e-5
1.82936e-5
-1.19134e-5
6.50935e-7
1.34033e-5
-2.63028e-5
3.24945e-5
-2.97005e-5
2.03927e-5
-1.05377e-5
4.19364e-6
-1.33759e-6
-8.44926e-5
8.03713e-5
-1.54369e-5
8.33563e-5
-9.95982e-5
1.08115e-5
4.2735e-5
-3.35478e-5
2.24787e-5
-1.0572e-5
-3.72737e-6
1.64574e-5
-2.25433e-5
2.0727e-5
-1.43952e-5
8.08971e-6
-1.6781e-6
-3.32961e-6
8.39449e-7
2.50412e-6
2.84566e-7
-7.37153e-7
-1.16651e-8
-2.92709e-7
-7.77416e-5
6.45108e-5
-5.17754e-5
3.48521e-5
-2.83001e-5
1.89182e-5
-5.95775e-6
-5.57916e-6
1.15136e-5
-1.14316e-5
8.15485e-6
-4.66904e-6
2.15493e-6
-1.67696e-6
7.10081e-7
-6.73178e-9
3.87216e-5
3.82417e-5
-2.88305e-5
2.91786e-5
-2.14425e-5
1.10016e-5
-1.58576e-6
-3.70036e-6
4.88588e-6
-4.17893e-6
4.18136e-6
-3.95076e-6
6.25569e-7
8.4764e-8
-9.02066e-8
-4.00369e-5
2.95275e-5
2.73128e-5
-2.37075e-5
2.20523e-5
-1.88924e-5
1.74517e-5
-9.96467e-6
3.81321e-6
8.76493e-8
-1.39387e-6
1.44112e-6
-1.78042e-6
2.75171e-6
-1.20992e-6
5.14347e-7
-4.40913e-7
-9.4177e-6
-1.00397e-5
1.06344e-5
-9.29985e-6
5.94421e-6
-3.12937e-6
6.23329e-7
3.30291e-7
-1.07334e-6
1.70851e-6
-3.34722e-7
-3.05016e-7
1.53742e-7
5.58273e-6
-2.61754e-6
-4.99189e-7
-5.0442e-6
5.53648e-6
-2.79162e-6
1.55548e-6
-4.86538e-7
-1.6163e-7
2.80327e-7
8.18593e-8
-5.35801e-7
2.87524e-7
-1.39511e-7
6.45264e-9
-2.35594e-7
1.79641e-6
-2.81863e-6
1.00042e-6
-1.23442e-6
6.91813e-7
-2.12279e-8
1.18865e-7
-1.37711e-7
3.18298e-7
-1.17709e-7
-4.27305e-7
6.79137e-8
1.33535e-6
-6.65105e-7
4.19498e-7
-3.25649e-7
-9.86884e-8
1.06353e-7
8.52125e-8
2.43909e-7
3.86385e-8
-2.79065e-8
-1.9465e-7
1.71097e-6
-7.72269e-7
-1.66954e-6
-3.48692e-6
1.35833e-6
9.29726e-7
-2.00354e-7
1.18589e-5
-2.96501e-6
-7.32391e-7
-2.87913e-6
-3.75164e-6
-2.43693e-6
8.50842e-6
-7.26151e-7
7.39775e-6
-1.30181e-5
5.10313e-6
-1.11765e-5
1.28254e-5
-5.76966e-6
9.16804e-6
-1.03861e-5
-3.9598e-6
3.10814e-6
3.34517e-6
3.05435e-6
-1.56356e-6
1.46353e-7
5.92808e-7
-2.15173e-7
-1.78813e-6
-9.29916e-7
4.93945e-7
-9.47266e-8
6.50827e-8
2.75921e-6
-2.30429e-6
1.49312e-6
-1.53721e-6
5.96007e-7
3.00688e-7
-6.82378e-7
1.84744e-7
-1.2043e-7
-2.06334e-7
-3.71039e-7
1.81634e-6
-4.46692e-7
-1.82554e-6
2.68612e-8
4.81333e-6
2.95363e-7
-2.68357e-8
-1.40412e-7
1.42774e-7
1.10494e-8
-6.72468e-8
-2.55756e-7
1.38404e-6
-1.01854e-7
-4.49969e-7
-2.43061e-6
4.86809e-8
3.75127e-6
9.88076e-8
-3.59543e-8
-9.12396e-8
3.21166e-8
6.24188e-8
9.56322e-10
-1.08001e-8
4.56814e-6
-1.00585e-5
-1.22649e-7
-1.81014e-8
7.53349e-6
-1.15884e-5
1.65471e-6
-2.48908e-5
3.09228e-5
-2.82592e-8
-1.23531e-6
2.08474e-8
1.84406e-9
-2.87739e-8
1.33781e-9
1.13574e-10
-9.33053e-10
-5.20408e-10
6.25666e-5
-9.61842e-5
0.000110518
1.04055e-7
-2.90155e-8
3.3018e-9
-7.42564e-5
7.35167e-5
-9.27394e-5
-1.20639e-8
7.01487e-9
6.43422e-9
8.45524e-5
-7.65911e-5
7.22289e-5
7.78621e-9
-6.14929e-9
-1.957e-9
-8.85786e-5
6.84303e-5
-4.48424e-5
2.93354e-8
-5.39703e-9
2.76909e-9
6.45906e-5
-4.66208e-5
2.91118e-5
-2.34475e-5
-1.31086e-7
1.63988e-8
-8.99138e-9
1.64071e-9
-2.7993e-5
-1.50878e-5
8.81714e-6
-3.14451e-8
2.24029e-8
1.74023e-8
8.24131e-9
2.09285e-5
-1.18832e-5
-1.12498e-5
8.6543e-6
-4.70724e-6
1.11774e-6
1.911e-8
8.5684e-9
-8.73219e-9
8.49331e-9
-2.03614e-8
3.29774e-6
2.14762e-6
-1.00059e-6
2.34924e-7
4.33738e-8
-3.12633e-8
9.60295e-9
-5.20896e-9
1.96995e-9
-1.64948e-6
1.26121e-6
1.85498e-7
4.45886e-7
-2.01434e-7
1.75811e-7
-2.78798e-7
-3.49212e-8
5.08947e-8
-2.79709e-8
5.0969e-11
5.82746e-9
-4.85022e-10
-2.31528e-9
-7.24249e-8
9.4285e-8
-8.39023e-8
8.78349e-8
-3.59535e-8
3.96332e-8
-9.23277e-8
6.05231e-9
2.19281e-9
-2.8482e-8
1.62956e-8
2.41342e-9
-8.54745e-9
1.07287e-8
5.87907e-11
-2.3129e-9
1.74583e-8
7.56856e-9
-4.63197e-8
1.87236e-8
-7.31245e-9
2.76563e-8
-6.08751e-9
3.84792e-9
3.11425e-9
-5.64587e-9
3.53604e-9
-1.52481e-10
-3.31372e-9
-4.80271e-9
-2.88368e-9
-6.05239e-10
-6.74037e-9
1.99982e-9
-1.99629e-9
1.03887e-9
-1.26594e-7
1.5885e-6
-2.37545e-6
-3.3855e-6
4.65995e-6
-5.27489e-6
3.25924e-6
7.61415e-6
-1.11852e-5
1.26755e-5
-1.49391e-5
2.03601e-5
-2.27708e-5
2.06389e-5
-2.63817e-5
2.78256e-5
-2.02069e-5
2.40645e-5
-2.16843e-5
1.29065e-5
-1.5043e-5
9.38992e-6
4.16315e-6
1.50479e-6
-3.94349e-7
-5.67733e-6
4.24162e-9
-7.9133e-8
2.87691e-8
2.11147e-7
1.47764e-8
3.08013e-8
-2.70566e-8
-2.94054e-7
-1.6707e-6
6.53135e-6
1.77948e-6
-4.99224e-6
-1.40043e-6
3.02211e-6
-8.38732e-10
1.00258e-8
-1.17473e-8
1.79117e-9
7.94101e-7
-1.56615e-6
-3.83456e-7
6.93591e-7
-2.47899e-8
1.24965e-7
-2.08673e-8
2.78268e-9
1.60285e-7
-2.70127e-7
-6.06131e-8
9.39956e-8
-2.48431e-8
5.60271e-8
-6.89225e-9
8.12523e-8
9.55889e-9
2.04813e-8
-2.92826e-8
-6.12445e-9
7.98965e-9
-8.08644e-8
-3.31228e-8
-1.4446e-8
1.4579e-6
-9.69315e-7
5.60748e-8
4.06565e-9
4.89157e-10
-1.87669e-9
-4.05805e-10
-1.93677e-10
8.90879e-10
-1.30327e-5
1.65848e-10
-6.54057e-5
3.43754e-5
1.95762e-6
5.80695e-5
-4.74937e-5
2.78022e-6
2.95863e-5
3.43964e-10
-1.2972e-10
-9.70294e-11
-1.33613e-11
2.1089e-10
-1.92718e-12
3.61075e-11
-9.61359e-5
7.04207e-5
-5.54539e-5
-1.63891e-9
5.4424e-10
-1.22066e-10
0.000141751
-0.000102959
7.9913e-5
-1.14178e-9
1.48953e-10
-1.35601e-10
-0.000163397
0.000122672
-9.31288e-5
3.24675e-10
2.32889e-11
-1.51649e-11
0.00014789
-0.00011356
8.24817e-5
-9.71584e-10
2.02281e-10
-3.52492e-11
-0.000106018
7.18737e-5
-6.63864e-5
-1.33624e-10
2.92959e-11
-3.36404e-11
5.70813e-5
3.27387e-5
-6.79166e-10
-6.28513e-11
-4.17733e-11
-4.28715e-5
4.1973e-5
2.72432e-5
-1.57373e-5
1.12474e-5
-4.3977e-9
1.45309e-9
-5.43413e-10
2.73722e-10
-8.94571e-6
-3.54098e-6
-1.37e-9
2.20667e-10
-1.44714e-10
3.89925e-6
-3.31729e-6
-1.32619e-6
-3.01568e-7
3.62046e-10
-1.39623e-11
1.36324e-10
1.8764e-10
3.7847e-7
-2.61053e-7
-1.05258e-7
-1.68177e-8
7.95844e-11
2.58215e-10
-7.78004e-11
-7.06626e-11
2.42695e-8
-2.60387e-9
-7.4886e-9
-1.03362e-8
8.18991e-9
9.86341e-10
-5.0518e-12
8.16156e-10
-1.5485e-11
-8.35213e-11
8.45004e-10
2.11978e-9
3.56422e-9
-2.76252e-9
1.8867e-9
1.98766e-10
9.77128e-10
1.37618e-9
-4.36333e-10
6.8144e-10
-4.6301e-10
-1.06402e-11
-2.37389e-10
-3.23046e-10
-1.19587e-10
4.04872e-11
-3.86232e-10
-8.07429e-11
1.35392e-9
-7.45554e-10
-7.06054e-11
-4.46849e-10
-2.29736e-10
3.51221e-11
-7.6208e-11
1.57681e-10
-1.24641e-11
-2.46365e-11
1.69164e-10
2.71386e-10
1.12658e-10
6.49819e-11
1.47156e-10
3.42179e-11
4.49333e-12
-2.85002e-11
-1.00621e-7
1.85829e-7
4.14727e-7
-3.25033e-6
2.06495e-6
-4.83601e-7
4.0479e-6
-4.36306e-6
-1.23327e-5
1.22432e-5
2.11097e-5
-1.75403e-5
-2.46299e-5
1.63678e-5
1.34158e-5
-1.63885e-6
1.88023e-6
-1.36088e-5
-1.20233e-5
2.41001e-5
1.28738e-5
-1.7168e-5
-1.18492e-5
1.34765e-5
-3.76819e-9
1.57998e-10
1.25605e-8
8.97479e-9
5.25846e-8
-4.44618e-8
8.68245e-6
-1.13413e-5
-4.8509e-6
5.96083e-6
2.26065e-6
-2.1947e-6
-2.01602e-10
1.18022e-9
1.484e-11
-6.04064e-10
-9.39342e-7
8.76297e-7
3.46565e-7
-3.24232e-7
3.76861e-10
5.26105e-9
-2.53937e-9
-1.33989e-9
-1.14009e-7
1.08796e-7
3.35303e-8
-3.35693e-8
7.6282e-8
-1.66637e-8
-1.53756e-8
-6.11862e-9
-8.76431e-9
9.61467e-9
1.96831e-9
-2.93526e-9
8.82443e-7
1.03475e-7
-3.95065e-7
4.88246e-7
-9.45068e-7
-1.24601e-7
-3.33239e-10
8.8019e-10
-3.00545e-10
1.40338e-10
-2.80217e-10
1.34473e-10
6.84135e-5
-5.99715e-6
-1.31049e-5
-0.000238235
0.000141067
6.71364e-6
-2.88339e-11
-7.02994e-11
-9.04358e-12
1.27023e-12
2.5953e-11
7.8269e-5
-8.38513e-5
1.61343e-11
-3.47235e-13
-0.000216382
0.000137424
4.75098e-11
-1.13135e-11
0.000270582
-0.00019728
2.68584e-11
-1.41539e-11
-0.00027948
0.000214905
4.16348e-12
-5.31998e-12
0.000218391
-0.000180636
1.1754e-11
-1.30783e-12
-0.000136184
0.000124488
5.52181e-12
-3.26589e-12
7.50201e-5
-7.08703e-5
3.36114e-11
-7.77927e-12
-3.85294e-5
-2.34779e-5
9.3443e-11
-8.01525e-11
-3.70573e-12
1.82562e-5
-1.2955e-5
-7.0831e-6
9.1856e-6
7.90778e-12
6.46551e-12
2.3182e-11
2.30237e-6
1.04436e-6
-4.9291e-11
2.06108e-12
-4.627e-11
-5.99474e-7
2.23721e-7
1.06328e-7
4.93742e-8
2.28324e-11
-1.14924e-11
4.97208e-11
5.238e-12
-3.11038e-9
-1.66979e-8
-6.97091e-9
-2.64774e-9
4.33808e-12
7.05091e-12
-5.1932e-12
-8.8422e-13
3.12287e-9
-1.468e-9
-7.24456e-10
-8.62433e-10
1.54793e-11
2.50348e-11
-4.25252e-12
3.09416e-12
-8.86251e-11
1.64239e-10
1.47448e-10
1.46756e-10
-3.46638e-10
9.66014e-12
-4.1022e-11
-4.36937e-12
-1.08744e-11
2.07058e-12
-7.50877e-12
-5.13803e-11
6.76472e-12
2.21006e-11
-1.03086e-10
-2.21262e-11
-4.46132e-11
-5.5127e-11
1.15992e-12
7.91752e-12
-5.14824e-12
7.6087e-12
2.77724e-11
-2.58464e-11
-4.35774e-12
-1.24193e-11
1.68486e-11
2.35374e-11
1.66878e-11
5.07607e-11
5.97664e-11
-1.12672e-10
5.37534e-11
-3.65329e-13
1.10246e-7
4.65574e-6
2.84555e-6
-1.09062e-5
-9.16479e-8
9.39726e-6
-1.05127e-5
1.21472e-5
-2.41906e-6
-7.01609e-6
-1.00966e-5
2.02272e-6
7.62931e-6
2.3218e-6
7.23346e-6
-5.53629e-6
-7.09202e-6
-1.68262e-5
-7.44137e-6
1.62772e-5
1.87208e-5
-1.2243e-7
-2.11419e-8
5.29331e-7
-9.27809e-7
2.28216e-6
-1.46261e-6
6.60312e-7
-2.87029e-6
-2.12759e-5
2.00405e-5
1.3931e-5
-9.2051e-6
-8.20379e-6
-6.2443e-6
-4.00621e-6
5.96031e-6
7.62254e-6
3.17589e-10
7.7925e-9
2.72123e-9
4.84902e-8
-6.59641e-8
-3.68645e-8
-3.00548e-6
2.12105e-6
5.07951e-7
1.15391e-6
7.62714e-7
-1.06987e-6
-5.38072e-7
-6.67779e-9
1.336e-9
1.17248e-9
-1.02799e-8
2.83588e-7
-4.9858e-7
-1.17796e-7
1.79793e-7
-5.04452e-8
8.84204e-9
6.79651e-9
2.18047e-8
4.46323e-8
-7.09675e-8
-1.41007e-8
1.85165e-8
-1.75622e-7
2.59688e-8
7.41067e-8
2.39225e-7
3.92687e-9
-6.24371e-9
-6.61782e-10
1.29459e-9
-3.0802e-6
1.43335e-6
1.43849e-7
2.25758e-6
-3.69584e-6
1.22784e-6
-5.64671e-11
1.61461e-10
-6.99144e-10
2.68032e-10
8.47273e-11
-4.46756e-11
-2.14614e-11
2.87248e-6
1.26922e-5
-2.48864e-5
0.000209174
-0.000193526
1.1129e-5
1.39443e-11
4.51386e-12
1.52138e-11
-8.5557e-12
-8.69147e-12
-2.27711e-12
-0.000229602
0.000294605
1.20478e-12
1.85915e-12
-0.000140503
-6.50299e-13
-0.000554984
0.000749067
-0.000361971
0.000579637
-0.000854942
0.000565748
0.000441749
2.57972e-12
-1.44317e-12
4.25132e-12
5.77329e-13
-9.19237e-13
-1.46581e-13
-1.38939e-12
4.55885e-13
-0.000586206
0.000593679
-0.00038912
3.59706e-12
-8.737e-13
4.45698e-13
0.000549118
-0.00048648
0.000290297
1.23372e-12
-1.27102e-13
1.88425e-13
-0.000758438
0.000426696
-0.000302116
9.12929e-14
-2.09838e-13
1.29076e-13
0.000244841
0.000140309
3.04178e-12
4.23777e-13
-0.000118422
5.25316e-7
4.696e-5
-6.86377e-5
-2.62082e-12
2.29012e-12
-2.63875e-12
1.49493e-12
4.38797e-13
-2.09657e-5
3.16746e-5
1.36868e-11
-2.30813e-12
8.04731e-6
4.40623e-6
-9.84913e-11
-2.8168e-11
-1.79606e-6
-8.23286e-7
1.35958e-7
-1.21154e-6
1.2936e-10
-1.50769e-10
1.74864e-10
-2.05287e-10
-2.09694e-11
6.58344e-8
-1.39215e-9
-1.23459e-10
-6.87643e-11
-5.38527e-8
4.42607e-9
1.88877e-8
7.13163e-9
-1.6819e-11
5.29602e-11
4.17379e-10
-3.30759e-10
-6.3899e-10
-1.16489e-10
-3.80174e-9
-5.12943e-9
-2.15356e-11
-4.68292e-11
9.07972e-12
4.04082e-12
9.13196e-11
-3.8743e-11
3.27183e-10
-7.49306e-10
-1.12511e-10
-3.8501e-11
1.89652e-11
-1.88435e-11
1.53535e-11
-3.69114e-11
4.66353e-12
-1.81663e-11
4.10691e-12
6.86595e-12
1.23721e-11
-5.76658e-11
3.12555e-12
-7.32009e-11
4.64075e-11
-3.55844e-12
-1.3736e-12
5.11217e-12
-4.00353e-12
2.41068e-12
-5.17542e-12
-2.44047e-12
-5.41912e-11
-1.29165e-10
-7.86313e-11
3.86679e-10
1.55078e-10
-1.14653e-10
5.8075e-11
1.99345e-10
9.38579e-12
1.16178e-10
1.20628e-10
-6.84979e-11
4.75049e-12
8.76938e-12
-2.13833e-12
-1.42558e-11
2.85302e-11
2.15997e-10
3.74117e-10
-3.44506e-10
-1.69794e-9
3.20917e-10
-1.26052e-10
-1.95365e-10
-6.25455e-10
-2.70533e-10
-5.11743e-11
-1.86179e-10
-8.64715e-10
-6.96781e-10
2.30089e-9
4.82018e-9
1.36006e-10
3.90657e-6
1.84341e-5
-1.66952e-5
1.89579e-5
-2.49418e-5
1.20376e-5
-1.33357e-5
-8.569e-6
9.1519e-6
8.36704e-6
-6.33615e-6
-8.23535e-6
-4.42635e-6
5.29436e-6
-7.50017e-8
4.76544e-6
-7.52794e-6
9.07591e-6
-8.29881e-6
4.75663e-6
-1.22127e-5
-1.36246e-5
7.27257e-6
6.0531e-6
-1.80755e-6
-2.78361e-6
-1.59529e-6
1.9744e-6
8.23881e-8
-3.3724e-7
4.55881e-7
-1.57079e-6
4.848e-7
-1.77502e-6
5.38049e-7
7.58267e-7
5.20496e-7
-6.04208e-7
-1.22478e-8
6.05742e-9
-5.02449e-9
-2.09318e-8
1.41387e-8
9.11121e-9
3.66379e-7
-2.34522e-7
-5.26365e-8
-1.2483e-7
-8.42294e-8
1.40085e-7
4.90869e-8
6.1827e-8
-1.87976e-8
-1.02378e-7
1.04516e-7
1.0792e-10
-2.06602e-8
-1.26662e-9
2.77271e-8
4.36768e-9
3.28665e-6
-6.30292e-7
-9.5108e-7
-2.83012e-6
4.34954e-7
6.18687e-10
-2.703e-9
2.01122e-9
4.03996e-9
8.11875e-10
-2.26019e-5
1.83458e-7
2.02407e-5
-2.72739e-5
-1.24341e-5
-4.13373e-11
-2.04875e-10
-7.62921e-10
5.60684e-10
5.57891e-11
-0.00019938
0.000121514
-0.000176174
0.000784566
-0.000431649
0.000214202
1.57511e-12
-4.06126e-12
-1.16664e-11
2.16205e-12
1.60956e-13
-2.30415e-12
-0.000833253
2.00686e-12
-0.000421262
0.000720393
-0.000802689
0.000557468
-0.000484048
0.00171477
-2.73318e-13
1.58763e-13
6.12983e-13
-5.69721e-13
-2.45958e-13
2.15509e-13
-0.000378611
0.000502731
-2.65789e-13
5.69967e-13
0.000365228
-0.000607526
-6.45776e-14
4.09202e-13
-0.000467808
0.000754963
-3.13582e-13
3.39151e-13
-2.19871e-5
1.18469e-5
-1.97658e-5
-3.98561e-6
-4.02766e-6
-4.09331e-12
2.48037e-12
-2.00347e-12
1.16829e-12
-1.73774e-13
2.20242e-6
5.15609e-6
1.09203e-11
-2.16067e-12
-2.08204e-6
6.10928e-7
2.31611e-7
-1.70192e-7
5.11757e-7
2.3711e-10
-1.98026e-10
2.30767e-10
-2.08298e-10
-2.38118e-11
-8.41268e-8
2.238e-8
-7.15992e-9
-8.83816e-9
6.2566e-9
6.66891e-10
-7.8609e-10
8.96311e-10
-9.60866e-10
-1.35512e-10
3.0639e-9
2.35402e-9
3.43694e-11
-1.46147e-10
1.08517e-10
-9.52031e-10
-4.5122e-10
1.60889e-10
-1.86455e-12
8.75381e-11
-1.62111e-10
2.84374e-10
-2.66495e-10
2.54951e-10
7.08315e-11
-1.17192e-10
1.57212e-11
4.79502e-10
-6.03857e-10
3.73613e-10
3.05079e-10
7.30236e-11
1.01755e-11
-5.39616e-12
1.04852e-12
-2.90683e-12
-6.17391e-10
1.36194e-10
-3.95165e-10
-6.09447e-10
1.6505e-9
5.83113e-12
1.0542e-13
6.46891e-12
-3.12476e-11
-2.38835e-11
4.36339e-11
3.13101e-10
1.90193e-9
1.00472e-9
1.60838e-9
9.40696e-10
3.27589e-10
7.28227e-11
7.73831e-11
2.48635e-11
-1.65589e-10
5.77885e-10
7.55258e-10
3.40692e-9
-9.15934e-10
-1.96175e-8
-2.99858e-9
-2.93079e-9
1.03051e-9
-7.92905e-9
-6.30057e-9
-1.17393e-9
-1.93849e-9
-2.80098e-9
-1.24965e-8
1.99507e-8
6.94554e-8
2.22834e-8
1.45645e-5
1.3654e-5
-4.40462e-6
-1.06522e-5
-7.58458e-6
7.30332e-6
4.8333e-6
-8.43889e-6
-4.29226e-7
7.72702e-6
5.58457e-7
-3.36072e-8
2.68376e-6
1.44908e-5
-1.6173e-5
2.03648e-5
-2.10883e-5
1.17652e-5
-1.82666e-5
-3.46156e-6
-1.55241e-7
9.215e-7
5.47346e-7
-2.37723e-7
-2.39542e-7
1.10911e-7
6.86305e-8
-1.89606e-6
1.65067e-6
-6.81012e-6
2.13574e-6
-4.5768e-7
-2.10932e-7
1.55378e-7
1.9066e-7
-1.20691e-7
4.61451e-8
-5.72784e-8
-7.62478e-8
3.6697e-7
4.94496e-9
1.81115e-7
1.40319e-8
-6.45172e-8
-7.17534e-8
7.72834e-8
3.0287e-7
-7.22658e-7
5.30142e-7
-6.17932e-8
-4.60417e-8
7.89432e-8
7.9269e-7
-2.34613e-6
1.99965e-6
-1.45527e-8
5.54466e-11
2.34863e-8
1.96935e-6
1.16611e-6
-6.78149e-6
1.58081e-5
6.2274e-6
5.83039e-10
-3.11109e-9
1.37508e-9
4.72936e-9
8.9154e-10
5.52412e-5
-4.88903e-5
5.65572e-5
-0.000300748
-6.36045e-5
-2.76607e-11
-6.84248e-11
-1.76481e-9
-2.0359e-10
2.17574e-11
-0.000984937
0.000652996
-0.000451003
0.00217871
-0.00145033
0.000660247
2.44687e-11
-8.68534e-11
7.11871e-12
1.48825e-10
-9.7476e-12
2.08557e-11
-0.00184047
7.24284e-12
-0.000193623
0.000933833
-0.00091948
0.000398423
-0.000125392
0.000808394
-0.000207014
0.00225899
3.63688e-13
-5.68553e-12
-1.64978e-12
4.73521e-12
0.000342892
-0.000816504
6.9214e-5
-1.29277e-12
3.80023e-12
-0.000269908
0.000465886
-9.49839e-5
-1.06176e-12
4.06637e-12
5.796e-5
-0.00013608
0.000207147
-4.9968e-13
2.84029e-12
1.65491e-5
3.23519e-5
-6.30416e-5
-1.85227e-5
8.78057e-6
-3.58619e-12
-1.5499e-12
-3.47121e-13
9.18031e-6
-5.33361e-6
1.20245e-11
-2.49132e-12
-1.00469e-6
1.25623e-7
3.98881e-9
-1.41686e-8
-1.28045e-7
2.4044e-10
-1.37916e-10
1.78513e-10
-1.21908e-10
7.28463e-12
5.70361e-8
-1.01585e-8
-5.88016e-9
2.77411e-9
-8.74738e-10
1.06355e-9
-1.04206e-9
1.13491e-9
-1.02249e-9
-2.1171e-10
9.71208e-11
2.57632e-10
5.67545e-11
1.39593e-10
-6.91515e-10
7.8613e-10
-4.32448e-10
6.29797e-11
-3.2459e-11
-1.25869e-10
-2.23374e-9
1.20226e-9
1.47003e-9
-7.6964e-11
2.02033e-10
1.37841e-11
-1.15391e-12
2.6355e-9
-1.78486e-9
-1.20259e-9
5.69415e-9
-4.14531e-11
-4.24486e-12
-8.07044e-12
-1.69962e-11
-2.58321e-12
-5.07672e-9
-2.88691e-10
-4.59142e-9
-3.23088e-9
6.2227e-9
9.31718e-11
-3.68675e-11
-2.46398e-11
-3.62576e-10
-1.68317e-10
2.41694e-10
2.32823e-10
4.90495e-9
2.58267e-8
1.79793e-8
7.5379e-9
7.84294e-9
2.9285e-10
1.94047e-9
-1.71811e-9
1.03086e-9
4.73628e-9
-4.32341e-9
7.35779e-9
1.15013e-8
4.05995e-8
-1.04622e-7
-1.50989e-7
1.58052e-8
-2.83951e-8
2.61575e-8
-1.10886e-7
-2.08774e-8
-2.20973e-8
-5.56641e-8
1.57535e-7
1.27688e-5
1.41013e-5
-1.06043e-5
-1.3472e-5
-3.20343e-7
-3.59412e-6
8.79454e-6
8.28716e-6
-1.64484e-5
2.26787e-5
-1.60116e-5
8.00939e-6
-3.99112e-6
-3.49111e-6
5.58873e-6
1.56566e-6
-9.11379e-7
-2.01426e-7
3.07967e-8
2.44768e-8
-5.79839e-7
-2.97991e-6
3.34223e-6
-7.50876e-6
5.19931e-6
3.8406e-10
-3.05182e-8
-2.54427e-8
2.44986e-9
1.07947e-8
-1.05251e-7
1.28012e-7
-1.50437e-7
9.36168e-7
-2.24357e-7
1.35032e-8
3.08221e-8
9.60952e-9
-9.51215e-9
4.64583e-9
-5.26135e-7
-3.92079e-7
3.2718e-7
-2.82664e-8
-3.94392e-8
5.62854e-8
-1.80855e-6
-1.1728e-6
1.40245e-6
-5.21444e-8
-4.188e-8
1.05204e-7
-5.90606e-6
-3.23886e-6
4.10536e-6
-1.58162e-8
2.56647e-10
3.43847e-8
-2.3181e-5
1.76807e-5
-7.79564e-6
7.92467e-5
1.19088e-5
2.05222e-9
-8.96891e-9
-3.00129e-11
1.6605e-8
3.72446e-9
0.000232326
-0.000192612
8.13019e-5
-0.000691957
-0.000111681
-1.0635e-11
2.32624e-10
2.95574e-10
-6.40953e-10
-3.03289e-10
-0.00200881
0.00156513
-0.000909866
0.00152619
0.00289408
-0.00246379
0.000845041
1.18295e-10
-4.15961e-10
-1.059e-10
3.02568e-10
-6.91313e-10
-0.00184966
3.32016e-11
-2.54854e-11
-1.13057e-11
-7.85286e-12
-1.51081e-11
-7.00578e-12
-1.40791e-11
0.000206363
1.44658e-13
-6.83192e-12
-8.71972e-5
4.45553e-5
9.73294e-12
-4.57113e-12
9.97141e-6
-1.47682e-5
-2.64637e-11
6.46297e-7
5.84264e-7
6.36858e-11
5.29438e-11
-1.80889e-7
2.08063e-7
6.31958e-8
-3.99029e-8
1.59927e-10
3.40252e-11
4.777e-11
-1.13074e-9
2.60227e-9
-3.97048e-9
-6.53566e-10
3.34734e-9
1.36263e-9
-1.40185e-9
7.84804e-10
4.93301e-10
-3.41168e-10
-1.12779e-9
6.23397e-10
-4.70155e-10
-2.99541e-10
-2.43558e-9
1.43296e-9
3.33379e-9
4.36191e-10
-1.42227e-10
-3.11168e-10
-7.77939e-9
3.2837e-9
6.28592e-9
-3.0854e-10
6.91381e-10
8.64545e-11
-4.41874e-9
-4.48369e-9
2.0173e-8
5.75316e-11
-1.41706e-10
2.09485e-11
4.55194e-11
2.33143e-8
-1.11499e-8
-5.40919e-9
1.47483e-8
9.23338e-12
-1.63941e-10
-1.90022e-10
-1.69635e-10
3.20047e-10
-4.18817e-8
-1.22454e-8
-4.48072e-8
-5.00937e-8
3.34299e-8
-1.6095e-10
1.16864e-9
-2.43048e-9
5.71559e-10
6.50872e-9
-7.82709e-9
1.07459e-8
3.21501e-7
-1.38393e-7
2.94345e-7
3.3901e-7
2.12514e-7
1.76891e-8
8.74898e-8
-3.96851e-8
2.79892e-8
-1.56961e-8
-1.72164e-8
4.51155e-8
5.9141e-8
7.76296e-8
6.41665e-8
-9.83942e-7
2.81297e-8
-1.09262e-6
1.18264e-5
-6.23347e-6
-2.26989e-5
2.91745e-5
-1.62165e-5
3.13556e-5
-3.79897e-5
-3.33624e-5
3.77474e-5
2.49236e-5
-2.83829e-5
-1.37869e-5
1.66004e-5
7.31686e-6
-8.08074e-6
-5.75658e-6
4.85299e-6
-3.68962e-7
2.14461e-7
6.10231e-8
-2.83239e-8
-2.55021e-6
-4.52653e-6
2.28498e-6
7.39699e-6
-3.92936e-6
2.6645e-6
4.39815e-6
-3.07668e-8
1.58274e-8
1.16488e-8
-1.7423e-9
-1.35466e-9
2.92588e-8
5.62685e-8
-1.3785e-8
-1.06614e-8
8.14208e-7
-2.69534e-7
-5.87796e-9
2.07857e-9
7.45515e-10
-4.94991e-7
5.56843e-9
-6.67654e-9
1.44147e-8
-1.81901e-9
-3.23777e-9
-1.5606e-6
3.44668e-8
1.88704e-7
-3.05896e-8
-5.53845e-8
9.07758e-8
-4.45372e-6
1.38828e-7
6.1571e-7
-9.26185e-8
-7.34272e-8
2.63043e-7
-1.14985e-5
2.04044e-7
1.64613e-6
-5.57109e-8
-2.77917e-8
1.44001e-7
-5.00643e-5
3.56885e-5
-4.37223e-6
1.6507e-5
0.000120414
3.89504e-6
-6.7369e-9
2.55886e-8
4.77515e-9
-2.14396e-8
0.000657986
-0.000328559
5.38502e-5
-0.000237359
-0.00126394
-5.54342e-5
9.65765e-10
-6.1882e-9
9.45389e-10
-3.39966e-9
8.15353e-9
1.87431e-9
0.000172966
-0.00151952
0.00150593
-0.000589167
0.000964506
0.000554733
-0.00133551
-2.91193e-10
1.38007e-9
4.14696e-11
9.75701e-12
1.42706e-10
-0.00219386
0.000895745
1.56821e-11
-1.69482e-11
0.00266965
-0.00175065
5.78587e-11
-1.72396e-10
-0.00208892
0.00140724
1.96744e-11
-1.38292e-10
0.00113943
-0.000737248
3.22116e-11
4.89594e-12
-0.000508733
0.000256028
5.24592e-11
-2.44735e-10
0.000337187
-0.000294748
5.50915e-12
-3.00192e-11
3.26024e-5
3.96828e-5
-3.07929e-11
-1.0261e-5
-1.56014e-5
-8.59471e-11
1.80062e-10
-2.33378e-6
-8.51984e-7
-1.27947e-10
-2.06307e-10
-1.24627e-10
1.17224e-7
-4.78499e-8
3.44408e-10
-1.25647e-8
2.94387e-8
-1.50476e-9
1.20701e-9
1.48273e-8
-2.2036e-8
-1.64673e-9
8.77079e-10
-2.4143e-9
1.46226e-9
-1.85034e-10
8.66206e-9
8.18989e-9
-5.97949e-9
2.47178e-9
-4.66979e-9
-9.26939e-10
-1.59769e-8
1.86635e-9
-6.02247e-10
-1.11698e-9
-2.66641e-8
-4.07824e-9
4.52089e-8
-1.12921e-9
1.94628e-9
3.77104e-10
-1.22402e-8
-7.95825e-9
8.56124e-8
1.04062e-10
-5.48874e-10
-1.09879e-10
-6.61629e-9
-2.33671e-8
3.22754e-8
-8.24792e-11
6.20249e-10
3.90543e-10
-4.42077e-10
8.90615e-10
1.86724e-7
-7.29497e-8
-3.49228e-8
2.03903e-8
-6.92576e-10
-1.90259e-9
-3.20179e-9
4.64916e-9
1.15366e-8
-7.83321e-9
-6.19392e-7
-1.01429e-6
-5.76517e-7
2.00247e-7
-4.35193e-8
4.30154e-9
2.33139e-8
-5.56829e-8
1.46951e-7
1.05978e-7
-7.90016e-8
-1.71514e-7
-1.63923e-7
-2.37877e-7
6.99372e-7
3.07629e-6
-4.11276e-7
-3.78596e-6
3.65834e-6
4.20541e-6
1.09658e-6
4.9714e-7
-2.97129e-7
4.88872e-8
4.64388e-7
5.02282e-7
4.85556e-7
1.6813e-7
-9.07948e-6
1.67369e-6
-2.36427e-5
2.43759e-5
3.57428e-5
-2.96824e-5
-3.59176e-5
3.14025e-5
2.74012e-5
-2.52038e-5
-1.68637e-5
1.63306e-5
9.41199e-6
-7.56969e-6
-4.75103e-6
2.71395e-6
2.20291e-7
-5.83004e-7
-6.16522e-8
-5.969e-7
2.81195e-6
-8.13674e-6
2.33793e-6
1.27728e-5
-5.88162e-8
1.0981e-7
5.5022e-9
-3.79015e-9
-1.19189e-8
5.37931e-9
-9.65165e-7
3.60462e-7
-1.49065e-6
7.10446e-7
-1.1386e-9
1.14719e-9
-2.03482e-9
1.79485e-10
-1.93107e-8
1.22063e-9
4.66405e-9
7.52891e-8
-1.63156e-8
5.3188e-13
-1.86463e-9
9.83564e-9
-2.27551e-7
9.92467e-9
1.29542e-9
5.96588e-8
-2.20886e-8
1.30113e-9
-6.46295e-7
9.20388e-8
2.89768e-8
-1.03967e-7
-3.89959e-7
4.85253e-7
-1.48514e-6
2.16242e-7
7.58092e-8
-4.33259e-7
-8.95084e-7
1.06455e-6
-5.96906e-6
2.14072e-7
1.21174e-6
1.50922e-7
-7.03156e-8
1.74888e-7
8.17225e-8
-2.91831e-7
9.15203e-5
2.80488e-5
-3.2189e-5
-1.08811e-5
2.89288e-8
-1.15101e-7
-3.10752e-8
1.12244e-7
-0.000530274
0.000965587
-0.000533576
0.000323054
0.000672501
0.000243873
-4.81484e-9
2.45236e-8
-3.47364e-9
9.73093e-9
-2.07596e-8
-1.42759e-9
0.00200806
-0.00201621
0.000726647
-0.00224763
-0.00338705
0.0033791
0.00311818
-0.00028202
-9.30633e-11
3.65857e-10
3.67837e-10
-4.0182e-10
0.00367626
-0.00385037
-0.00335723
6.70509e-10
-2.25991e-9
-0.00296684
0.00338274
0.00261348
5.68788e-12
-9.94238e-10
0.00194177
-0.00250149
-0.00153934
2.43114e-10
7.0716e-10
-0.00105597
0.00113155
0.000689346
9.82141e-10
-3.35275e-9
0.000486199
-0.000394996
-0.000364908
-3.19656e-10
-4.0258e-10
-1.28375e-5
8.69431e-5
1.58375e-5
4.46782e-10
-3.69922e-11
-3.34013e-11
-2.73546e-6
1.29744e-6
-9.549e-10
-6.66009e-8
1.47275e-6
3.31363e-9
-1.13768e-9
-4.6953e-7
1.16274e-7
6.66181e-9
-5.28446e-9
-2.2852e-8
1.17928e-7
-2.67044e-8
1.986e-8
-3.45233e-8
8.65764e-9
-2.29372e-8
2.33227e-8
-2.43795e-9
1.51417e-8
6.13766e-8
-8.57526e-8
6.64602e-9
-1.26865e-11
-5.45816e-9
-1.53596e-7
-1.43813e-9
1.11707e-8
2.16211e-9
-7.28377e-8
-2.95167e-7
4.00347e-7
-5.17466e-10
-9.34777e-9
3.79833e-10
3.54815e-8
-1.70221e-7
2.6915e-7
-2.08591e-9
-1.20935e-9
-4.21575e-10
1.17323e-8
1.86983e-7
-9.05073e-8
8.68562e-8
-3.19342e-8
-1.15218e-8
3.36204e-9
7.73502e-9
-4.66267e-9
-7.21228e-7
2.86269e-6
-6.65764e-7
1.89172e-7
-2.37659e-8
-3.78529e-8
3.95371e-8
2.57907e-7
-1.81467e-7
-1.2765e-5
2.45107e-6
-2.57896e-5
-1.01047e-5
2.59768e-6
-1.17782e-6
5.86807e-7
-1.1183e-6
5.48586e-7
-1.48433e-6
-1.11973e-6
-1.55611e-6
-1.37626e-6
-1.18901e-6
5.43476e-6
1.6864e-5
2.44161e-5
-5.61046e-5
8.72215e-5
1.7487e-5
-4.47545e-7
8.66064e-6
-2.15378e-6
1.37254e-5
-1.81148e-5
-9.38512e-5
5.65028e-6
-4.62171e-6
-1.23834e-5
5.21913e-6
-2.57693e-5
1.17286e-5
3.37961e-5
-3.02983e-5
2.51334e-5
-2.01642e-5
7.65224e-6
-2.68235e-6
3.47377e-7
5.79389e-8
-2.50623e-7
-1.80807e-7
-9.68322e-9
9.43034e-8
5.46231e-7
-3.3148e-7
-8.32222e-7
1.50163e-7
-1.8774e-8
5.10519e-9
-2.64194e-8
1.01157e-8
-1.1704e-7
3.22954e-8
-2.93347e-7
1.06307e-7
-2.8111e-9
8.23755e-10
-2.69157e-9
3.05852e-9
-1.41605e-9
-1.79002e-9
6.0396e-10
5.66001e-10
1.33406e-9
6.3388e-10
-1.43324e-8
8.1019e-8
1.7818e-8
-1.05843e-7
-1.64138e-8
-3.92066e-9
2.28854e-9
3.65405e-9
4.78058e-7
-1.28728e-6
-4.41749e-8
-7.97041e-9
9.06724e-9
-3.3604e-9
6.83954e-7
-3.15411e-6
-2.64263e-7
1.45432e-8
4.03772e-8
-4.10929e-8
-3.1528e-7
9.444e-8
9.33243e-7
-2.72317e-6
1.0053e-5
3.81182e-6
-2.8245e-6
-1.10555e-6
4.00016e-7
-1.22255e-6
-3.6291e-7
1.03734e-6
-0.00016586
-9.80561e-5
7.15339e-5
3.43473e-5
-7.96906e-8
2.41416e-7
4.27564e-8
-1.19134e-7
-0.000184447
-1.37139e-5
0.000143169
0.000204751
0.000789484
-0.00034155
-0.000132056
1.80633e-9
-6.55119e-9
-3.9461e-9
1.12611e-8
2.92874e-9
-2.4278e-9
4.61315e-10
4.15017e-9
9.24282e-9
-7.43669e-9
1.02881e-8
4.57677e-9
-8.57701e-5
3.94876e-10
8.17668e-7
5.40322e-5
2.59329e-5
-2.08435e-5
7.44653e-10
-1.20386e-9
1.276e-9
-9.81993e-9
2.7925e-6
-1.22307e-5
2.205e-6
-1.07617e-8
2.66139e-9
-4.53567e-7
2.61375e-6
3.55163e-8
-1.17153e-8
-9.08538e-7
2.50496e-7
9.65452e-8
-6.82179e-8
-5.86857e-8
2.1234e-7
-3.12705e-7
2.1075e-7
-3.23729e-8
-8.33666e-9
-1.23052e-7
2.87539e-7
-2.20899e-8
-1.73422e-7
1.88306e-7
9.89406e-8
-8.98329e-7
-7.67432e-9
3.24707e-8
-1.00204e-8
1.47303e-8
1.56962e-7
-1.46022e-6
2.87772e-8
6.2267e-8
1.74203e-8
-1.73946e-7
1.94126e-7
-9.83923e-7
1.98968e-8
-1.97133e-7
-7.24388e-8
3.63145e-7
1.11896e-7
-2.08048e-7
-1.21443e-7
-3.01028e-9
3.83071e-8
-9.87152e-11
7.18734e-9
-6.29454e-7
2.54394e-6
-4.44706e-7
2.83234e-7
-4.28105e-8
4.26956e-8
1.09805e-7
4.99034e-8
-1.15093e-5
5.45367e-5
-1.05163e-5
1.97808e-6
-5.41532e-7
-7.87046e-7
4.5655e-7
1.00906e-5
5.99055e-6
0.000210798
8.55544e-5
-0.000243614
-0.000218406
4.40766e-5
-1.80582e-5
2.67171e-7
-9.48055e-7
6.09051e-6
-1.75586e-5
-2.51696e-5
3.86165e-5
-0.000129102
0.000393129
-0.000311521
0.000278138
1.88615e-5
-1.18774e-5
-2.59224e-5
1.43354e-5
2.70573e-5
-2.29836e-5
-2.46792e-5
2.92866e-5
3.09932e-5
-3.4815e-5
-1.02169e-5
1.05359e-6
4.91584e-6
-7.78258e-6
4.53976e-7
-1.51365e-6
1.37556e-6
-4.54462e-7
5.25572e-6
-1.53877e-6
-9.48406e-6
2.09019e-6
-3.19358e-7
5.29434e-8
-2.62321e-7
1.77685e-7
1.59117e-7
-6.63778e-8
3.27916e-8
-3.66412e-8
-5.01664e-8
1.07566e-8
-2.88295e-8
5.68076e-9
-6.96079e-9
9.69423e-10
-3.38085e-8
8.39418e-9
-1.32168e-9
7.47367e-10
-8.67881e-10
-2.71495e-9
-2.31608e-10
-2.13623e-7
2.98321e-8
6.43268e-8
-6.37151e-10
-2.55917e-7
9.72062e-7
-1.42886e-6
-2.6484e-9
1.75732e-6
5.91685e-6
-6.64426e-6
-7.95449e-9
8.46517e-6
9.72264e-6
-1.72216e-5
7.07079e-7
3.06331e-7
-1.88465e-7
-1.43194e-8
3.29895e-6
-7.91156e-6
-2.61799e-6
5.78363e-6
-2.64398e-5
-1.04493e-5
8.4458e-6
2.7337e-6
-6.49286e-7
1.53691e-6
2.96879e-7
-6.29588e-7
-1.40217e-5
7.89665e-5
-1.25706e-5
-3.85036e-5
4.16585e-8
-9.02283e-8
-4.01373e-8
2.74165e-8
-3.12271e-8
-0.0023419
0.00295154
-0.00118364
0.00145634
0.00381098
-0.0031575
-0.00429378
0.000791995
-1.02512e-8
6.87215e-8
3.70162e-9
-8.65793e-8
-0.00483207
0.0055579
0.00440827
-4.92496e-8
1.98917e-7
0.00512678
-0.00752138
-0.00423577
2.77206e-8
-8.45412e-8
-0.00754289
0.00925132
0.00410481
-1.59251e-8
1.48604e-8
0.00234857
-2.53969e-5
-0.001532
-3.30236e-8
1.26413e-7
-0.00112199
0.00166758
0.000559872
-9.92158e-10
6.22383e-8
-4.73286e-5
0.000135742
-1.63419e-8
1.97615e-8
4.77063e-5
9.55758e-9
-6.52627e-6
3.1615e-5
-8.19161e-9
-2.38881e-8
-2.17329e-5
6.02158e-6
-1.04582e-7
3.00393e-8
-1.25201e-6
3.65678e-6
2.80379e-7
-7.75866e-8
-4.4384e-7
7.49777e-8
9.07222e-7
-5.83786e-7
-9.54381e-9
9.3295e-8
-2.36317e-6
1.43296e-6
2.18608e-7
3.01533e-6
-4.60265e-7
1.50466e-6
4.56507e-6
-6.69397e-6
-1.97864e-7
3.19165e-7
4.67796e-6
-4.91821e-6
7.52715e-7
4.24296e-7
1.16178e-7
-2.68232e-6
-4.55547e-7
-1.9634e-7
4.90648e-7
-2.36237e-7
1.22781e-6
-6.71073e-7
-7.29364e-8
-1.67234e-6
1.83331e-7
3.32418e-7
-2.51242e-7
-1.3009e-7
-9.81214e-6
4.78208e-5
-5.78785e-6
1.15433e-6
1.75441e-6
4.46828e-7
1.33893e-6
3.23694e-6
-0.00020888
0.00109654
-0.000203095
3.17717e-5
-8.79404e-6
-1.91498e-5
5.17948e-5
-1.07242e-5
-6.55292e-5
-2.85212e-7
0.000150106
-0.000112482
6.35723e-5
0.000357983
-0.000761641
-0.00133138
0.00380874
-0.00292209
0.000759654
0.000252068
-0.000599388
0.000269026
7.35355e-5
-0.00124001
0.00464663
-4.2865e-6
2.33378e-6
6.98111e-6
-3.12838e-6
6.68188e-6
-8.03357e-6
2.21818e-5
-9.842e-6
-2.45767e-5
2.54382e-5
1.48601e-5
-1.10652e-5
1.2622e-5
-2.52685e-5
-7.4441e-6
1.48219e-5
-3.90992e-7
3.38368e-6
7.31404e-8
-5.71573e-9
7.91433e-7
-9.69453e-8
-1.05828e-6
1.83591e-7
-2.75598e-7
5.33381e-8
2.74565e-8
-2.21967e-8
1.61808e-8
1.48387e-8
-1.53375e-8
1.68047e-9
-2.43556e-8
2.77559e-8
8.4109e-11
-1.7105e-9
8.99401e-9
-2.9936e-9
3.84834e-9
-2.27053e-8
-3.72831e-8
-2.35172e-7
2.17179e-7
3.06922e-7
3.26285e-11
1.10645e-9
-1.90748e-9
1.23451e-9
-1.25096e-6
4.66285e-6
1.7522e-9
-4.0108e-11
-2.70097e-10
-2.12251e-10
-5.17758e-6
2.06686e-5
5.3648e-9
1.13375e-10
-9.29695e-10
1.2006e-9
-1.0642e-5
2.44864e-5
3.99621e-8
-7.12531e-9
-1.73886e-9
-1.20402e-10
1.58827e-5
-2.6201e-5
-1.10527e-5
1.79249e-5
-2.2922e-6
-6.02669e-7
5.08748e-7
1.14688e-7
-3.13221e-6
5.31439e-6
1.00034e-6
-9.96793e-7
1.45384e-5
1.53046e-5
-6.78646e-6
-5.22635e-6
1.27649e-7
2.72852e-7
6.18277e-8
-1.23416e-6
0.00031157
-0.000380516
9.01294e-5
-0.000166593
-0.000619999
0.000487405
-3.72993e-5
2.16107e-7
-7.47159e-7
-3.27854e-8
1.1613e-7
-0.00155367
-4.78593e-7
0.0021337
2.02507e-7
-5.12268e-7
6.43012e-7
1.623e-7
-4.05494e-8
0.00281459
-0.00355262
-2.19313e-7
3.29026e-7
-9.57532e-7
-0.00188339
0.00363416
-8.54878e-8
1.83662e-7
0.0010993
-0.00210303
-0.000293611
8.60021e-8
-1.027e-7
3.83004e-5
-0.00046114
0.00014714
3.47338e-8
-8.76557e-9
-2.51987e-5
3.61131e-5
-1.08434e-7
1.93678e-8
-5.17445e-6
1.04047e-6
-6.7571e-7
1.81357e-7
-4.32009e-7
1.15717e-6
1.40929e-6
-3.89938e-7
7.94324e-7
-1.27408e-6
5.20843e-6
-3.08561e-6
2.97418e-7
8.43558e-6
-2.62516e-6
-9.80727e-6
5.86652e-6
1.02067e-6
-2.35681e-7
2.00453e-7
-3.75873e-6
-6.36445e-6
1.11181e-5
2.26581e-7
-6.37774e-7
3.62846e-7
-5.62141e-7
-4.37234e-6
1.84838e-5
-1.55244e-6
-3.98023e-6
-1.59326e-6
1.44471e-5
2.61709e-6
1.8901e-5
1.59763e-6
2.40687e-6
1.36804e-6
-1.8533e-5
1.79456e-6
-7.16e-7
9.88141e-6
4.28016e-5
-7.40312e-6
-2.92335e-6
2.14523e-5
-4.25501e-6
1.77396e-5
-3.15003e-6
-1.26322e-5
-4.52112e-5
6.38065e-6
-9.93684e-6
-2.02132e-5
-0.000192188
0.00101968
-7.71527e-5
1.45286e-5
0.00012464
4.24229e-6
3.28861e-5
8.20832e-5
-0.000259877
-0.0132518
-0.0045919
0.0161187
-0.00253275
0.000498644
0.00016497
0.00134189
-0.000629207
-0.0019147
0.00155822
-0.000606854
0.000139144
0.0121632
-0.0131301
0.0255439
-0.0221892
-1.61571e-5
8.53831e-6
2.69495e-5
-8.97856e-6
-2.33305e-5
7.764e-6
5.79372e-6
7.90409e-6
-1.07255e-6
3.95216e-7
-5.34489e-7
9.55762e-7
-5.04487e-6
1.82917e-6
8.11769e-6
-4.94047e-6
-4.00427e-5
4.77839e-5
-1.4939e-5
1.48027e-5
3.44443e-6
-4.27046e-7
-4.50747e-8
1.74555e-7
1.01292e-7
-2.2779e-7
-3.14327e-7
9.26076e-8
-2.32382e-7
-8.22043e-9
4.99338e-8
-1.47647e-7
6.91003e-8
-6.72786e-8
2.70467e-7
4.78719e-8
-1.32875e-7
1.88079e-7
-1.92002e-7
-1.36304e-7
-3.06463e-8
4.73832e-7
1.56341e-8
-1.83078e-7
-2.68828e-6
5.12756e-6
-3.31752e-9
-7.66456e-6
-1.33772e-5
2.3392e-5
6.64001e-10
-4.01995e-5
-4.21419e-5
6.3878e-5
1.21555e-10
4.95037e-10
3.74669e-5
-2.34436e-5
-7.51741e-8
-3.12463e-8
2.51598e-8
-2.05152e-8
-7.2512e-6
5.84141e-6
-4.20752e-7
8.13454e-6
2.56893e-6
1.50129e-6
-7.1505e-7
-3.71001e-7
-1.51613e-6
6.98367e-6
2.58519e-6
-9.46343e-6
6.59158e-5
-2.34207e-6
-2.58037e-5
3.48833e-5
3.07875e-6
1.78114e-6
-4.10745e-6
9.89379e-7
-0.00012357
-9.38833e-8
1.07279e-6
-6.54022e-7
-5.79001e-7
0.00614969
-0.00665351
0.00316103
-0.00528495
-0.00984743
0.00506206
0.00732016
-0.00314886
9.53614e-7
-3.46469e-6
-2.00287e-6
2.43582e-6
0.00807324
-0.00382002
-0.00757996
2.05559e-6
-1.33347e-6
-0.00168458
-0.00263754
3.71123e-8
2.67281e-8
-0.00752274
0.005751
3.08003e-7
-6.19027e-7
6.61724e-7
0.00211529
-0.00209813
4.60829e-8
-2.49559e-8
-0.000508443
0.000106709
3.23249e-5
3.66327e-7
-6.0724e-8
-7.14506e-6
3.51539e-5
-1.96002e-6
5.12485e-7
-1.44604e-5
1.23707e-5
-2.61223e-6
6.71406e-7
-9.42935e-6
-7.64086e-5
2.21517e-5
4.8766e-6
-3.53516e-6
-8.22156e-6
1.71108e-5
-9.86163e-6
-1.31777e-6
-2.32045e-5
5.63962e-6
-2.05874e-5
-4.23081e-5
4.54523e-5
6.31724e-6
-2.97562e-5
-6.55187e-5
5.61542e-5
-5.13133e-5
8.52173e-5
1.04673e-5
-0.000127357
0.000112178
-0.000161878
-9.38134e-5
0.000344025
1.80324e-5
-1.91234e-5
-4.34984e-5
1.54313e-5
-0.000667743
0.000160141
0.000103883
-0.00047493
-7.54021e-5
0.000238686
-4.03244e-6
0.000149128
0.000810529
-0.000267513
-0.00021632
0.000442727
-0.00530588
0.0195064
0.000990384
0.000286591
8.4603e-5
-0.000377115
0.00248341
-0.00310624
0.00192627
-0.00285801
0.00993001
0.00692728
0.00429516
-0.00736566
-0.0230972
0.0058282
-0.0699175
0.0517575
-0.0178392
-0.00801448
0.00336456
5.44294e-7
5.89813e-6
-3.27689e-6
-6.10198e-6
2.03335e-6
2.94124e-6
-8.20262e-6
-2.94423e-5
2.24627e-5
2.4002e-5
-1.69952e-5
-1.60461e-5
-1.91987e-5
-9.16389e-8
-4.34065e-7
5.98256e-7
1.25488e-6
-2.79761e-7
-9.14485e-7
2.11498e-6
-2.50179e-5
4.8565e-5
-7.45653e-6
1.26601e-5
2.11638e-6
-1.51394e-6
-2.44303e-7
-2.27638e-7
6.12315e-7
-4.277e-7
-1.9371e-7
3.21872e-8
1.46539e-7
9.35152e-8
-1.86144e-7
1.46608e-7
2.5382e-7
-4.11648e-7
-4.00184e-8
7.12781e-8
-1.32781e-7
6.35113e-8
-1.40522e-7
2.58106e-7
6.86699e-7
7.49178e-6
-5.93099e-6
-8.44488e-6
-5.74167e-9
1.88549e-8
-1.91098e-8
6.7948e-9
1.95179e-5
-2.37816e-5
-6.39558e-10
1.83765e-9
-2.13167e-9
1.16863e-9
4.35767e-5
-5.68048e-5
6.84867e-10
-2.34392e-10
2.04219e-10
-3.57149e-10
-4.84641e-5
4.3834e-5
2.41316e-5
-1.35954e-5
-5.09272e-9
-4.51212e-9
-1.53974e-7
-1.70578e-5
1.19556e-7
9.1106e-8
-1.49187e-8
-1.78324e-7
7.75174e-7
-7.89964e-6
2.16433e-5
-9.17322e-6
1.81436e-5
6.22137e-6
-1.84168e-6
-1.31683e-6
-3.97495e-7
4.59769e-6
7.6144e-6
-1.36104e-5
8.56999e-6
2.0941e-6
-2.53391e-6
-3.37948e-7
5.36815e-6
-0.00188939
0.00200608
-0.00062636
0.00193066
0.00345073
-0.00341244
0.000303065
-3.07137e-6
1.00141e-5
4.90985e-6
-1.13093e-5
0.00491945
7.30103e-6
-0.00579984
-5.01531e-6
0.00547625
2.23661e-6
0.0110717
-0.00918854
1.3108e-6
-1.39044e-6
-0.00800921
0.00437614
0.00240938
-1.33519e-6
1.00722e-6
0.00342287
0.00304895
2.60056e-7
-0.00666542
0.00340818
2.6483e-8
-3.35798e-7
2.7479e-7
0.000953193
-0.00161667
-2.26099e-7
2.27984e-7
-0.000299568
0.000358517
3.38791e-5
-2.97043e-5
0.000254021
3.14702e-6
-2.36601e-6
2.09855e-6
-8.17418e-7
8.47273e-5
-0.000295647
6.86511e-5
-6.19319e-6
3.36208e-6
3.36916e-5
-1.55083e-5
-2.79571e-5
1.42099e-5
3.15938e-5
0.0003808
-0.000232489
3.55072e-5
-1.69623e-5
-4.44693e-5
0.000103569
5.33382e-6
2.75125e-5
5.64684e-5
-5.43089e-5
6.94981e-6
-7.54807e-5
-4.64636e-5
0.000146863
0.000113019
-7.02342e-5
0.000203705
-0.000359123
-0.000232562
0.000450374
5.94945e-5
0.000557108
-0.000259401
-0.000737378
0.000366714
-0.000640649
-5.89066e-5
-0.000745274
0.00113137
0.000579693
-0.00173347
-0.000172253
2.08117e-5
0.00065384
-0.000135724
0.000554866
-0.0018921
-0.000386189
0.00153643
-0.00248311
0.00868996
0.00151071
0.000303731
-0.000689277
-0.00429725
0.00107073
-0.00484142
-0.00102841
0.00665601
-0.0215873
-0.012816
0.0586725
0.0519572
-0.0787222
0.0238823
-0.0638559
0.0301825
-0.0149938
0.0296471
-0.0207916
0.0129992
0.00362944
-0.0335784
0.0556823
-4.80768e-6
1.19011e-5
-1.53439e-5
1.71611e-5
-1.13906e-5
3.60418e-6
4.26237e-6
-1.12291e-5
1.06609e-5
3.44399e-5
-1.90059e-5
-1.89537e-5
-1.81991e-5
-4.75444e-6
2.01721e-6
-2.84594e-6
7.9178e-6
-8.422e-6
1.68321e-5
8.96913e-7
-1.14993e-6
3.12745e-6
-1.80718e-6
6.27059e-7
4.97361e-8
-4.22821e-7
7.65265e-7
-4.51668e-7
6.15742e-7
-1.11279e-6
-2.29303e-7
1.89033e-6
-5.20842e-6
2.81865e-6
6.98225e-6
2.18247e-7
-1.09169e-7
-4.49297e-6
8.98021e-6
1.77946e-8
-5.6839e-9
-1.02151e-5
2.43815e-5
4.15757e-9
-2.94558e-9
-2.83146e-5
4.14063e-5
6.36133e-10
-4.9379e-10
-2.27007e-5
-1.11529e-5
1.45179e-9
8.16031e-10
1.94738e-10
-6.63353e-10
-1.34481e-5
4.10413e-5
2.67477e-5
-5.65777e-5
-1.83157e-9
2.62947e-8
-4.98776e-5
-2.44076e-5
5.68186e-5
-1.65036e-7
3.49801e-6
-1.02758e-5
2.7064e-5
-2.34585e-5
-9.48829e-6
2.78248e-5
-0.000640924
-9.52849e-7
0.000781938
-0.00223404
-5.75255e-5
-9.41857e-6
2.28061e-5
-2.1505e-5
0.0043079
2.20983e-5
-0.00555822
-1.48398e-5
0.00613268
8.57434e-6
-0.00567258
-3.90617e-6
0.00533968
1.52906e-6
-0.00268466
-5.55905e-7
-0.00635685
0.00311914
-9.52003e-7
5.9973e-7
0.00312961
0.00175905
1.67298e-7
-0.000858545
0.000498672
5.79861e-8
2.24285e-9
5.54058e-8
-0.000558921
-4.39989e-7
0.00142391
-5.58402e-8
4.30987e-7
7.26427e-5
-0.000252989
6.61002e-6
-2.63599e-6
-9.39404e-5
-0.00197086
0.00161469
-5.1688e-6
1.0714e-6
-0.00123096
0.00036686
-3.91685e-5
1.57201e-5
5.88477e-6
-0.000176985
-4.59556e-5
6.88167e-5
0.000164838
-0.000165782
-7.16621e-6
9.41568e-5
0.000559223
-0.000855302
-0.0005019
0.00013926
0.00142863
0.00116897
-0.00226788
0.00030243
0.000229223
-0.00183267
0.00138421
0.00324697
-0.00178678
0.00553891
-4.83762e-5
0.00206488
-0.0102794
0.00366191
-0.00667632
-0.000335826
-0.00289485
0.016437
-0.0270033
0.00868116
0.0149963
-0.0381953
0.0340949
-0.0711079
0.0225036
-0.0254155
0.0117434
0.0501353
-0.0588813
0.042962
-0.0231985
0.00233789
0.0155518
-0.0241532
0.0402246
-9.2057e-6
1.42443e-5
-1.11788e-5
-1.71134e-5
2.42628e-5
-2.43488e-5
1.83657e-5
-8.1182e-6
-2.31062e-6
1.05246e-5
-1.71707e-5
3.3582e-5
3.21383e-5
-4.19691e-5
-7.99881e-6
1.07626e-5
-1.22745e-5
-2.84647e-6
5.83251e-6
-5.13585e-6
-7.52029e-6
6.41192e-6
-6.43431e-8
3.25359e-6
-4.87302e-6
-1.51307e-6
2.761e-6
-1.42168e-6
1.15182e-6
-2.31065e-6
1.70062e-6
3.31146e-6
-7.50349e-8
5.20946e-7
-9.67913e-7
6.26939e-7
-1.66408e-6
-1.14307e-6
6.92575e-7
2.32423e-6
-6.18901e-6
-3.56059e-7
-8.03437e-7
1.37024e-7
-1.17208e-5
-2.21217e-5
2.53513e-5
-2.26427e-8
-2.05873e-5
-2.20362e-5
2.26307e-5
5.85943e-9
1.44616e-9
-2.74761e-6
3.84952e-5
-1.22227e-9
1.61751e-9
-6.53905e-5
7.84956e-5
2.2394e-9
6.62085e-10
-6.20474e-9
2.93318e-8
-5.06344e-8
4.81443e-5
-7.54534e-5
6.5772e-5
-7.78803e-5
-4.39749e-7
1.02009e-7
2.12622e-7
-1.00082e-6
-1.08593e-6
-4.29433e-5
6.39095e-5
-4.48868e-5
-9.36242e-6
3.00468e-5
-4.12799e-5
-0.000166751
4.74884e-5
-2.74046e-5
0.000317947
-0.00103163
-2.42001e-5
4.01742e-5
-3.23298e-5
0.00250216
3.55577e-5
-0.00429856
-3.05731e-5
0.00586068
2.17211e-5
-0.00637182
-1.21345e-5
0.00566336
5.17945e-6
-0.00425389
-1.55968e-6
0.00242557
2.44195e-7
-0.00215435
-4.44381e-8
-0.00217589
0.00219261
-3.694e-7
1.42982e-7
0.000296193
-0.0012595
-0.000169705
0.000232207
5.77597e-9
-5.78021e-8
-1.05516e-7
0.00207892
-0.00626496
3.72625e-8
-4.53092e-8
-0.00124348
0.00469971
-0.00434927
-0.00232919
0.00494223
7.64526e-7
-4.97254e-7
2.72954e-8
-9.5247e-8
0.00207769
-0.00382383
0.00303837
-0.00160425
1.0414e-6
2.91825e-7
0.00160736
3.69622e-5
-7.17157e-6
-0.000200565
-7.10044e-5
-0.000110968
-0.000153561
-0.000253637
0.000224889
-0.000743827
0.00157362
0.000133622
-0.000619283
0.000466819
-0.00241251
0.00368614
0.000979145
-0.0006211
-0.00539077
-0.00326023
0.00742984
-0.00232902
0.00322669
0.00329652
-0.00218319
-0.0112143
0.0179064
0.00944605
-0.0213259
0.00437149
-0.00850185
-0.0113313
0.00751116
-0.00615747
0.0292443
-0.0232775
0.0407429
0.0308278
-0.0525272
0.0154961
-0.054216
-0.0167223
0.0201888
0.00114428
0.0179569
0.0617713
-0.0844486
0.0841062
-0.064669
0.0333423
-0.00316379
-0.0188966
0.035028
-0.0638752
0.0749546
1.93364e-5
-1.75635e-5
-2.41201e-5
2.53291e-5
-1.96681e-5
8.90997e-6
2.69984e-6
-1.13244e-5
1.59827e-5
-1.79168e-5
1.17988e-5
5.44301e-6
1.26659e-5
-8.68771e-6
6.26406e-6
9.31568e-6
-1.71388e-5
1.55407e-5
-2.02763e-5
-7.18523e-6
2.88993e-6
-4.25703e-6
2.95174e-6
-2.05799e-6
-6.05562e-7
-1.32108e-6
3.37282e-6
1.39827e-6
-9.31991e-7
-6.57042e-6
1.39315e-5
-2.78803e-7
2.12964e-7
-3.34004e-7
2.25595e-7
5.15863e-7
1.88311e-5
-2.49781e-5
2.00371e-5
-1.92061e-5
-1.2073e-7
2.2586e-7
-1.68631e-7
8.67199e-8
1.46524e-5
-6.44254e-6
-2.73334e-8
6.69371e-8
-4.87272e-8
2.14076e-8
7.3317e-9
-7.16829e-6
-8.86493e-6
3.17774e-5
-5.71241e-5
-2.46331e-9
3.32715e-9
7.30734e-5
-8.01522e-5
-1.14719e-8
3.66663e-8
-1.11752e-7
7.7637e-5
-7.15422e-5
7.38502e-5
4.15801e-7
-1.26559e-6
5.47283e-6
-7.27808e-5
7.32541e-5
4.01451e-5
-8.10494e-5
3.01805e-5
-0.000209272
0.000728885
-5.57352e-5
4.08142e-5
-0.00193438
-3.79798e-5
0.00366755
3.29995e-5
-0.00526
-2.32292e-5
0.00589281
1.23446e-5
-0.00513662
-4.21848e-6
0.00338372
2.66874e-7
-0.00137644
7.10362e-7
-7.90833e-5
-4.87635e-7
0.00276648
2.71622e-7
0.00270351
1.95149e-7
-0.0228261
0.0199054
1.55823e-8
5.70347e-9
-9.77119e-9
-0.0124786
0.00952174
-0.00929264
4.68002e-7
-6.64419e-8
2.52395e-8
0.0088888
-0.00771193
0.0061914
4.33456e-6
-1.60165e-6
-0.00576449
-0.002107
0.00567803
-0.000127503
0.000103788
1.68618e-5
-9.91609e-6
0.00128142
-0.00333332
-0.00109906
0.00220624
3.93662e-5
0.000448871
0.000328981
-0.00019906
0.00188276
-0.00253495
-0.00139967
0.00245686
0.000806852
0.000809261
-0.000538656
-0.00250327
0.00360844
-0.00492177
-0.00186963
0.00133587
-0.00142055
0.00709144
-0.0103907
-0.00550387
0.00329983
0.0156441
-0.0240497
0.0351393
0.0294221
-0.0149439
0.00907943
-0.0541257
0.0748403
-0.0370196
0.0745542
-0.0152006
0.076647
-0.0594251
-0.0808359
0.0959937
-0.0968079
0.0729165
-0.0328972
-0.00679687
0.0330319
-0.0437634
0.0438518
-0.032634
1.71664e-5
-2.59325e-5
1.80158e-5
1.46996e-5
-1.82433e-5
2.02451e-5
-2.03682e-5
1.55586e-5
-5.85522e-6
-5.2047e-6
1.3376e-5
-1.69695e-5
1.74632e-5
-1.4272e-5
-2.12533e-5
2.56481e-5
1.78422e-5
-1.70125e-5
1.57999e-5
-1.70026e-5
1.01166e-5
-7.05939e-6
-8.74098e-6
5.31584e-6
-2.25487e-6
4.45991e-6
-2.93012e-6
1.96434e-6
-1.84665e-7
2.51265e-6
-5.04678e-6
-1.29219e-6
8.02296e-7
8.02365e-6
-1.2398e-5
-5.08939e-7
3.84467e-7
-2.31768e-7
1.87615e-5
-1.86704e-5
1.41324e-5
1.21365e-7
-7.08265e-8
-6.92143e-6
-3.41691e-6
3.88073e-8
-2.14657e-8
-6.67644e-9
1.69339e-5
-2.87703e-5
4.18184e-5
2.25408e-9
3.41847e-9
-5.43771e-5
5.99586e-5
-1.06203e-8
1.20629e-8
-9.71677e-8
-5.96994e-5
5.91299e-5
-6.51166e-5
1.48336e-7
3.44116e-7
-8.5047e-9
7.1066e-5
-9.49558e-5
8.72373e-5
3.83996e-5
-1.73039e-5
1.30514e-5
-0.000118365
0.000180933
6.84568e-5
-0.000106244
4.7299e-5
-0.000546644
-4.10639e-5
0.0013244
3.38658e-5
-0.00260776
-2.70377e-5
0.00394956
1.73958e-5
-0.00454334
-6.7267e-6
0.00381604
-9.05473e-7
-0.0019114
3.6878e-6
-0.000591475
-3.09458e-6
0.00363396
1.7085e-6
-0.00705773
-6.96614e-7
-0.0151351
0.0187808
-3.92291e-7
4.34085e-7
0.0170205
-0.0168318
0.0192765
-0.0154088
-5.67607e-9
-6.89834e-9
-2.80313e-8
0.0149849
-0.0144136
0.0151689
-8.68491e-8
8.8489e-8
-1.15858e-8
-0.0155938
0.014425
-0.0116936
-4.30089e-6
9.75429e-7
0.00922733
-0.00733254
-9.91747e-5
-3.98408e-5
1.38861e-5
0.00463615
-0.00210157
-0.000242189
-0.000500082
0.0002556
0.00266936
-0.00396437
-0.00126085
0.000814198
0.00338205
-0.00364926
0.00497177
0.00277094
-0.00171276
0.00148934
-0.00729829
0.0111421
0.00687292
-0.00448139
-0.0177258
0.0294174
-0.0438612
-0.0256147
0.0160292
-0.0103957
0.0764777
-0.0820645
-0.0776865
0.123988
-0.0667225
0.0749355
0.0666112
-0.0626044
0.0369944
-0.0710935
0.090974
-0.0967162
0.0907824
-0.0630541
0.0168988
0.0300202
-0.0597758
0.0680548
-0.0652402
0.0537141
-0.0956758
-8.9925e-6
2.02892e-5
-1.81363e-5
1.23386e-5
-1.36523e-5
1.30411e-5
-9.07204e-6
1.33038e-6
7.86333e-6
-1.47593e-5
1.68015e-5
-1.53437e-5
1.50297e-5
-1.60107e-5
1.54608e-5
-1.10435e-5
2.08773e-5
-1.62359e-5
8.06134e-6
6.63078e-6
-3.78631e-6
1.38647e-6
-4.11037e-6
2.51213e-6
-1.53838e-6
9.84979e-7
-3.28014e-6
5.61394e-6
9.36111e-7
-5.43129e-7
-8.07279e-6
9.1583e-6
4.04121e-7
-4.43643e-7
1.98268e-7
-1.45327e-5
1.5846e-5
-1.05954e-5
-7.42265e-8
6.14697e-8
2.87664e-6
5.20733e-6
-3.83114e-8
5.45696e-8
6.34168e-9
-1.74664e-5
1.88315e-5
-2.14268e-5
-1.12583e-8
3.0681e-9
2.80379e-5
-3.35274e-5
2.1354e-8
-8.41026e-8
3.64531e-8
3.66717e-5
-4.02016e-5
5.70972e-5
-3.00443e-7
1.29328e-6
-1.72125e-6
-9.64378e-5
0.000113969
-8.8783e-5
-9.15713e-7
0.000125825
-0.000118315
8.57075e-5
-2.64237e-5
0.000315021
2.53026e-5
-0.000779903
-2.21771e-5
0.00156885
1.52063e-5
-0.00244109
-5.86139e-6
0.00281195
-4.13491e-6
-0.00212622
1.0401e-5
0.000374724
-1.0922e-5
0.00187616
7.27656e-6
-0.00434722
-3.15896e-6
0.00904485
1.17548e-6
-0.012237
-2.31815e-7
0.0157095
-0.0151543
0.0163086
1.346e-8
-2.68444e-8
8.46333e-8
-0.0173798
0.0174638
-0.0193325
-2.71717e-7
1.67036e-8
-2.01083e-8
0.0199879
-0.0180681
0.0142204
-2.50434e-7
5.2521e-7
-0.0090704
0.00663385
0.000136263
2.49949e-5
-3.54308e-6
-0.00357295
0.000712857
0.000433375
0.000839647
-0.000386724
-0.0030846
0.00608835
0.00219619
-0.00130665
-0.0037559
0.0029626
-0.0039747
-0.00320098
0.00169396
-0.00180576
0.00618749
-0.0103405
-0.00705749
0.00474149
0.017667
-0.036188
0.0750693
0.022695
-0.0152004
0.0103297
-0.0973156
0.0856977
-0.101694
-0.0641545
0.0471223
-0.031908
0.0572122
-0.0883191
0.0862218
-0.0727987
0.0413706
0.0074346
-0.0575241
0.0884969
-0.0896874
0.0733355
-0.0671577
0.0640816
-3.81288e-6
-1.61453e-5
1.85527e-5
9.61747e-6
-6.9984e-6
3.7056e-6
1.82275e-6
-8.53636e-6
1.36678e-5
-1.52473e-5
1.18525e-5
-1.06994e-5
-7.62207e-6
8.42501e-6
5.88178e-6
3.29344e-7
4.9131e-6
-3.11267e-6
-3.57748e-6
2.24415e-6
-6.18354e-7
2.0589e-6
-1.68166e-6
9.08175e-7
-1.47391e-6
3.2553e-6
-4.88003e-6
-6.14501e-7
2.87078e-7
6.48149e-6
-9.19506e-6
-1.79471e-7
2.99697e-7
-1.65469e-7
9.16501e-6
-1.57046e-5
8.2267e-6
7.0425e-8
-2.57409e-8
-2.27484e-7
-4.56134e-6
1.41015e-9
-6.04214e-8
-3.90311e-8
9.32671e-6
-5.81684e-6
5.71493e-6
4.07268e-8
-4.30169e-8
-1.09942e-5
1.43125e-5
2.28221e-8
4.40139e-8
2.57887e-7
-1.95256e-5
1.83154e-5
-2.14247e-5
-6.12387e-7
1.68493e-6
-7.73384e-6
3.006e-5
-5.4925e-7
-5.90208e-5
-1.60931e-5
-3.22833e-5
0.000228748
-0.000258954
-3.18283e-5
3.91985e-5
0.000417377
1.47094e-5
-0.000802968
-2.65945e-6
0.00123144
-6.96916e-6
-0.00134011
1.70124e-5
0.000728268
-2.20854e-5
0.000677976
2.0137e-5
-0.00248892
-1.35907e-5
0.00371481
6.25044e-6
-0.00667619
-2.21399e-6
0.00783664
-0.00777393
0.0095205
-0.0147474
5.81038e-9
2.25587e-9
-1.35219e-7
0.0183871
-0.0157417
0.0179931
8.54378e-8
-4.24925e-8
4.8394e-9
-0.0181007
0.0140618
-0.00718413
2.13483e-6
-5.66642e-7
-0.000415871
-0.00133518
-0.000113858
1.55074e-5
-7.08795e-6
-0.00374686
0.00136135
-0.00398018
-0.00130295
0.000497401
0.00404402
-0.00538544
-0.00368417
0.00226327
0.00144463
-0.00158418
0.00289304
0.00263015
-0.00245497
0.00361906
-0.00389762
0.0071538
0.00577882
-0.00389318
-0.00884509
0.0139014
-0.023343
-0.0185544
0.0117893
-0.00800778
-0.000535206
0.0241299
-0.0287614
0.0214924
-0.190245
0.154845
-0.0834197
0.0547308
-0.0208517
-0.0263056
0.074108
-0.10311
0.103351
-0.0716296
0.0589182
-0.0452991
0.0361715
-3.81362e-6
4.12841e-6
6.12002e-6
-1.23987e-5
4.27014e-6
-3.51574e-6
2.62288e-6
-7.3397e-7
-2.6309e-6
6.60536e-6
-1.01232e-5
9.37506e-6
-7.795e-6
6.45555e-6
-5.63155e-6
-4.79472e-6
3.34541e-6
1.96707e-6
-2.12287e-6
1.10849e-6
-4.67047e-6
-9.69405e-7
1.24604e-6
-9.52739e-7
-4.35973e-7
-7.60954e-7
8.69173e-7
-6.292e-7
1.31742e-6
-2.48637e-6
3.41989e-6
5.76094e-7
-5.33093e-7
-4.11964e-6
4.64894e-6
-2.84223e-8
4.01417e-7
1.00086e-5
-4.90786e-6
4.9884e-8
-2.34477e-8
-7.89802e-9
-1.07208e-6
-5.9597e-9
3.00893e-8
8.76996e-8
-1.03244e-7
-1.13713e-7
1.09526e-7
-5.78507e-6
4.38482e-6
-1.23724e-7
1.50486e-7
7.1195e-6
-7.73798e-6
-1.40177e-7
-8.00246e-8
-3.68612e-7
9.13421e-6
-6.10523e-6
6.28471e-6
3.63118e-7
-2.59193e-6
5.01303e-6
-1.1265e-5
4.45242e-6
-2.18003e-5
4.84181e-5
1.15354e-5
-1.06323e-5
-6.60253e-6
9.67037e-6
1.41166e-5
-0.000261045
0.00026865
-2.5446e-5
5.56881e-6
-0.000211796
-5.29062e-7
0.000368875
-1.26135e-5
-0.000507467
1.84827e-5
0.000462517
-2.98798e-5
-1.47979e-5
3.2848e-5
-0.00093756
-2.92088e-5
0.0017347
1.62776e-5
-0.00321416
-7.0394e-6
0.00415359
1.73085e-6
-0.00533047
0.00488339
-0.00615574
-0.0062258
6.39712e-8
4.90038e-8
-4.63664e-8
8.79388e-8
-2.90621e-7
0.0100757
6.00206e-9
-0.013145
0.0108293
-0.0108107
1.47823e-7
-3.54799e-8
9.10012e-9
0.0111195
-0.00540433
-0.00340854
6.64945e-7
-3.60854e-7
0.0112012
-0.0137021
0.00496093
-3.23565e-6
6.63038e-7
0.0112393
-0.0104522
0.00452375
-4.31955e-5
0.00531409
-0.00386312
0.00214388
-1.81671e-5
-0.00391747
0.00404521
-0.00344793
-0.00160267
0.000889294
-2.56698e-5
-0.0001778
0.00310374
-0.00393754
-0.00375979
0.00258913
0.00386374
-0.00686413
0.0143984
0.0112731
-0.00637069
0.00393625
-0.0338954
-0.0514966
0.0692656
-0.0382335
0.0475154
0.142084
0.0255073
0.0330143
-0.0192267
0.00766904
-0.0103678
-0.0793804
0.0450116
-0.0397515
0.00960669
0.0324022
-0.0695446
0.0949644
-0.0786487
0.059421
-0.0419071
3.57636e-6
3.76446e-6
-6.80634e-6
-1.80145e-6
1.20316e-7
1.95166e-6
-3.67295e-6
5.12643e-6
-4.69981e-6
3.40161e-6
1.82561e-6
-1.12837e-6
-8.52336e-7
1.50284e-7
2.06942e-6
-1.23947e-6
6.19342e-8
2.24527e-7
1.40909e-8
4.56194e-7
-2.11368e-8
-2.17987e-7
1.2624e-6
-9.48678e-7
-1.88236e-6
6.08178e-8
8.66115e-8
2.14271e-6
-2.03516e-6
-1.27344e-7
-1.98874e-7
1.19951e-7
1.33958e-6
-1.44312e-6
4.72829e-7
-4.75311e-8
2.55479e-8
5.19129e-7
-3.51392e-7
5.74767e-7
4.6658e-8
8.7874e-9
-3.71873e-8
3.02093e-7
-3.19704e-7
-1.1572e-6
6.73381e-7
9.44732e-8
-1.54317e-7
-1.33697e-6
3.32731e-7
2.05865e-7
-3.55892e-7
9.13644e-7
6.99018e-7
-2.29155e-7
-1.61025e-6
3.23278e-6
-1.16751e-6
2.20888e-7
1.73845e-6
6.10101e-6
-1.37593e-5
3.4776e-5
-9.45968e-7
-3.34716e-7
0.000116744
6.25244e-6
6.149e-5
-0.000273534
0.000186085
-6.09703e-6
1.33533e-6
-0.000232995
3.36234e-5
0.00018511
-2.63083e-5
-9.67116e-5
4.58724e-5
-0.000143815
-4.44475e-5
0.000603646
3.29236e-5
-0.00117265
-2.30032e-5
0.00150055
8.8196e-6
-0.00107955
0.00185181
-0.00185912
0.00306636
9.11288e-8
-2.11223e-7
1.37008e-7
-0.00380558
0.00538104
-0.00343295
0.00019892
-0.00306728
1.72843e-8
8.19596e-10
-0.00222612
0.0103599
-1.51472e-7
7.38098e-8
-0.0187964
0.0157484
1.44604e-6
6.67164e-8
-0.0138195
0.00919628
1.15706e-5
5.19436e-7
-1.02111e-6
-1.53372e-6
-0.00516996
0.0030676
-1.14911e-5
3.00558e-6
1.18481e-5
-4.01044e-6
-0.00205383
0.00227018
0.00230341
5.99805e-5
0.000113841
-5.81032e-5
-0.000880694
-0.000192368
0.000902123
-0.000450856
-2.61444e-5
-0.00143742
0.000752721
0.00313946
0.00217132
-0.00146224
0.00210666
0.0469315
-0.0920439
-0.0730454
0.00529464
-0.00202252
0.00242538
-0.00424259
0.132587
-0.062801
0.0628161
-0.0117168
-0.0310128
0.0527166
-0.0613319
0.0552618
-0.0346587
0.00751923
-0.0112779
2.51018e-6
-5.24929e-6
2.38426e-6
1.64021e-6
-1.78224e-6
2.53376e-8
-9.43486e-7
1.59929e-6
-2.76e-6
2.20988e-6
-1.11305e-7
1.46047e-7
2.50542e-7
-1.80532e-8
-6.18809e-8
6.22833e-8
-1.09109e-6
6.95867e-7
-1.69575e-7
3.1963e-6
1.36715e-8
8.13803e-8
-5.38327e-8
-1.5815e-7
1.62147e-7
1.78984e-7
-3.50333e-8
5.62553e-9
3.2463e-8
-5.8794e-8
-2.82209e-7
5.85427e-7
1.06458e-6
-5.65146e-7
-1.71572e-8
4.74202e-8
-1.02679e-6
4.60329e-7
8.33345e-7
1.7674e-8
-2.56815e-8
-5.17524e-7
-2.40381e-8
1.31219e-8
-1.19142e-8
5.01774e-8
-1.61926e-8
-2.57765e-9
9.25413e-9
1.09083e-7
-1.41987e-7
-4.02602e-8
1.12635e-7
1.09962e-7
-2.20415e-7
5.41897e-7
-1.18466e-7
-2.94955e-7
1.50983e-7
-5.21502e-7
1.26809e-6
-3.51188e-7
3.18047e-7
2.14535e-6
-3.81556e-6
3.44957e-6
-4.99087e-6
1.1058e-7
7.81166e-8
-3.57202e-8
-8.96305e-7
1.13023e-7
-5.06509e-6
1.7402e-5
-2.50694e-5
1.04974e-7
1.13647e-6
6.40951e-5
-0.000122161
-3.38579e-7
-3.23809e-6
-1.38688e-6
8.91278e-5
-9.85983e-7
1.2629e-5
-0.000148017
0.000193837
-4.3304e-5
2.87154e-5
-5.47898e-5
3.3825e-5
-2.20135e-6
-6.30262e-5
0.000135039
7.42076e-5
-0.000481157
-5.07838e-5
0.000561455
2.94304e-5
-5.16301e-5
0.000161917
-0.000249425
0.000575699
0.000906322
2.60912e-7
7.98123e-7
1.02972e-6
-1.58994e-6
-6.48388e-6
-0.0016901
-2.47372e-7
0.00187055
-0.000752563
0.00162805
0.000406134
-4.1725e-8
2.33861e-8
-1.34015e-8
6.36e-8
1.15529e-7
0.00136381
-0.0054038
0.00501151
0.00945518
-0.0105259
8.3646e-10
-6.57681e-9
1.27983e-8
-1.16685e-8
0.0133761
-0.0102876
-2.62597e-7
4.52742e-8
0.00630775
-0.00424168
-1.10965e-6
8.41613e-7
0.0013506
-0.000864771
-1.50866e-5
5.44702e-6
0.000128233
-0.000177012
-0.00013953
4.81194e-5
0.000163748
0.000298939
0.000159975
-0.000146396
0.00016336
-0.000842752
0.000121123
0.000861842
0.000927589
-0.000497739
0.000242029
-0.000502104
-0.00106118
-0.000794505
0.00773138
-0.00505456
-0.0276493
-0.000772569
-0.00111545
0.000702809
-0.000804106
0.0543581
0.181995
-0.147263
-0.0706463
-0.0725694
-0.00155773
8.35433e-5
-0.00059623
0.000639329
0.0702552
-0.0804429
-0.0018444
0.0288681
-0.0459584
0.0469029
-0.0359516
-0.00877954
0.00605482
7.40915e-7
-3.56604e-6
-3.18854e-7
3.26693e-7
7.03213e-7
-3.20726e-7
-5.8302e-7
1.3667e-6
-6.49689e-7
-8.65753e-7
1.87087e-8
-4.63256e-8
-6.62027e-9
-1.05801e-6
1.07551e-6
1.52211e-6
-2.04288e-9
-6.06362e-10
1.11873e-8
-9.0502e-9
-6.17732e-8
3.69922e-9
3.3075e-8
-1.90574e-7
8.49502e-8
2.10089e-7
-1.50124e-8
5.59083e-9
-6.17774e-9
6.80379e-9
-1.65137e-7
-3.4219e-7
1.11118e-7
-1.35621e-9
-5.81727e-9
2.59956e-7
-7.13685e-8
-1.24284e-11
-1.71121e-9
7.84647e-10
-8.55124e-9
-4.64858e-10
1.10545e-9
9.42303e-9
-3.24957e-8
-9.58746e-9
1.01039e-8
1.47394e-8
-5.99575e-8
1.00567e-8
2.13598e-8
-7.25675e-9
1.00144e-8
-9.14809e-8
4.12753e-8
-3.40176e-8
1.89559e-8
-1.45972e-7
-5.28436e-8
4.94961e-7
5.48041e-8
-6.05396e-7
7.57145e-7
2.75262e-8
-3.48747e-6
-2.50572e-7
-3.30024e-6
2.05229e-5
-1.74801e-5
1.27104e-6
-1.20737e-6
1.90807e-5
-8.09333e-5
7.901e-6
-3.37729e-6
-9.06522e-6
6.1155e-5
-3.8837e-5
-1.00354e-5
7.45721e-7
6.43949e-6
1.37398e-5
0.000154086
-0.000125224
-3.44006e-5
-9.87572e-5
-0.000122654
0.000262179
-0.000170503
-3.66328e-5
5.20523e-5
0.000180848
3.82079e-6
1.25982e-5
7.08757e-6
-1.39039e-5
-3.82729e-5
-0.000386731
-2.73606e-6
0.000178875
-0.000417584
-0.000102979
0.00114379
-0.00144798
-2.14922e-7
-2.11082e-7
0.00404232
-0.00684911
7.86416e-9
3.86715e-8
0.00874574
-0.0104297
-0.00578157
0.0061451
5.40351e-8
-2.74404e-8
-3.07731e-8
1.55213e-8
0.0046465
-0.0044312
0.00303638
-1.37311e-7
0.00198503
-0.00141644
0.00116036
-3.21666e-7
0.000188096
-7.32033e-5
0.00016666
-4.12927e-6
-6.10819e-5
4.25913e-5
-2.71933e-5
3.2508e-5
2.5835e-5
-0.00012707
-7.72185e-5
2.80917e-5
1.44619e-5
2.52459e-5
6.1032e-6
0.000160947
-0.0012118
-0.00133628
-0.000198003
4.31814e-5
-0.00023181
-0.0549001
0.0544869
0.173449
-0.0920034
-0.0530861
-0.0118391
-0.000924121
0.0028505
0.00049421
4.24361e-5
-0.000103055
0.000330311
0.0266552
0.0362281
-0.0520691
0.0389195
0.0241705
-0.0337617
0.025613
-4.67754e-7
-8.97482e-8
4.02527e-7
-2.44667e-7
1.99381e-7
3.49399e-7
-3.21738e-8
1.33751e-7
1.96292e-7
-2.45646e-7
2.25133e-8
-2.53894e-7
-5.48323e-7
3.97353e-7
1.83414e-7
-1.32647e-7
-6.27669e-8
-2.83542e-8
1.93211e-8
5.41524e-9
-4.65813e-9
2.55605e-8
-9.35451e-9
-7.41572e-9
1.35576e-9
-5.73056e-9
7.61359e-8
-2.8851e-8
8.13924e-9
-7.17752e-8
2.07912e-8
-6.67938e-10
1.60234e-9
4.81441e-8
-1.06502e-8
-2.62007e-8
1.92758e-9
8.49297e-10
-7.32744e-10
6.58624e-9
-2.35692e-8
1.33097e-8
1.77783e-10
6.48374e-10
6.70256e-9
-4.47569e-9
5.75734e-9
-4.55256e-10
-1.08359e-13
8.0138e-10
6.71836e-9
-1.26173e-9
1.22067e-8
-3.01141e-9
1.92942e-9
-3.61247e-9
-8.95343e-9
2.6269e-9
1.32772e-8
-1.43702e-9
3.15807e-9
-5.31959e-9
5.0054e-9
-7.40222e-9
9.34629e-8
-4.90924e-9
3.21891e-9
-1.1191e-8
2.16747e-8
-1.31515e-8
1.89703e-9
3.16662e-8
5.40795e-7
-2.89291e-9
-7.53781e-9
-2.3908e-7
1.20785e-6
3.4884e-7
-7.96279e-8
-5.77902e-6
1.94073e-7
2.08548e-6
5.60633e-6
-7.15296e-6
2.52135e-6
-1.39757e-6
8.85128e-6
-3.03759e-5
1.42818e-5
-6.31396e-6
-5.90985e-6
2.72357e-5
6.47013e-6
-1.58941e-5
2.00427e-6
2.3579e-5
1.15458e-7
-1.24229e-5
0.000135803
4.5791e-5
2.49466e-5
-6.2036e-6
-1.9968e-5
4.29143e-5
-4.64963e-5
-6.0142e-5
5.81956e-5
3.70228e-5
-5.42553e-5
7.61495e-5
0.000124585
3.93375e-5
2.65422e-5
-7.81238e-5
-1.43199e-5
-1.40636e-5
2.40254e-5
-0.000124325
0.000160842
0.000312155
-0.000647476
5.55819e-7
2.45707e-7
-1.20309e-6
1.32704e-6
0.00124662
-0.00242272
-0.00176377
0.00380425
-5.81766e-8
-1.45656e-7
2.5085e-7
4.8451e-7
-0.00459498
0.00226781
5.5061e-9
-1.84706e-8
-0.00156431
0.00130893
9.19868e-8
1.77994e-8
1.21248e-8
-2.30767e-8
-0.000362236
0.000329209
5.14877e-7
-1.12356e-7
-1.1221e-7
1.30748e-9
0.000145928
-1.20702e-6
1.70965e-6
1.83979e-7
7.23602e-7
-1.73246e-7
2.23157e-5
-2.07207e-5
-1.27004e-5
-1.02968e-5
-8.91074e-6
3.12118e-6
1.10406e-5
-2.03348e-6
-5.37574e-5
-6.49864e-5
0.000328194
0.000204625
-5.65263e-5
5.30207e-5
8.89153e-6
1.6665e-5
-0.000971573
-0.00389545
0.0124169
0.0126997
0.00013601
-0.000224235
-0.000253852
7.89909e-5
-0.0267846
0.0454255
0.0438294
-0.0237819
0.0025693
-0.0273924
-0.00235189
-0.035963
0.0171929
-0.0155341
-0.00106988
-0.0126467
0.00228717
-0.00173138
-0.000164473
3.03568e-5
0.0375138
-0.0380431
1.58227e-8
-1.67692e-8
-1.24273e-7
8.17571e-8
6.43826e-9
1.09558e-7
-1.66244e-7
2.75489e-8
-4.36977e-8
4.7324e-9
-4.88145e-9
4.59565e-8
-1.53924e-8
1.13093e-8
2.10492e-8
-4.46835e-9
-6.28427e-9
2.84406e-9
2.42733e-10
-1.28857e-8
2.15171e-9
-1.07336e-8
2.53202e-8
-1.70772e-9
1.16462e-10
-4.40524e-9
4.60235e-10
-3.27458e-10
4.7604e-11
-4.51444e-10
3.17072e-9
1.32108e-9
1.6354e-10
3.33178e-9
1.53564e-10
2.89383e-11
1.04564e-10
6.42049e-10
-3.10946e-10
-5.01116e-11
4.80103e-11
-2.62653e-10
-1.18129e-9
8.94527e-11
-2.25787e-11
-8.22884e-10
3.74534e-10
6.81713e-10
-7.86461e-10
-1.86555e-10
2.12728e-10
6.08761e-10
-7.74175e-10
-1.32075e-9
4.91784e-9
-7.93211e-11
-3.05548e-10
6.17127e-10
-1.13555e-9
3.23994e-10
9.62667e-11
4.34825e-10
1.88154e-8
-3.01125e-10
-1.20517e-9
-9.0342e-9
4.54493e-8
1.20476e-8
-3.80769e-9
-1.33594e-7
1.70312e-7
1.54671e-8
-4.23925e-8
-1.01304e-9
1.87326e-7
2.13497e-7
-5.9452e-8
-2.22256e-6
7.68927e-7
1.75062e-7
-9.29825e-7
-2.22248e-6
1.40761e-6
-4.89529e-5
1.78985e-5
-1.10003e-6
4.54719e-6
-0.000180062
0.000156817
-3.66269e-8
-5.37569e-6
-0.000134093
0.000153299
-0.000125339
7.17985e-6
-1.80332e-5
-0.000121612
0.000137321
-4.2962e-6
-0.000128487
4.22236e-6
8.99744e-5
9.49663e-6
-2.02278e-5
2.44228e-5
-2.59383e-5
5.75289e-5
4.79497e-5
-0.0001287
1.62182e-6
-3.57121e-6
-9.47757e-7
1.67546e-5
0.000211744
-0.00054837
-0.000267122
0.000728832
-8.79658e-7
-1.37282e-6
2.62518e-6
3.37239e-6
-0.000668688
0.00168419
0.00040072
-0.000370521
1.54605e-8
8.17907e-8
-8.82553e-8
-3.55798e-7
-0.000869717
0.000804685
-0.000577373
1.0796e-8
-0.000561105
0.00044809
-0.00039219
-5.27237e-9
-0.000110589
8.54151e-5
-0.000134941
3.64968e-8
1.85267e-5
-8.56259e-6
-2.03552e-7
-6.89678e-7
-2.82648e-6
-4.90315e-6
1.61888e-5
1.91437e-5
1.4785e-6
-9.81538e-6
-4.82446e-6
2.32802e-6
-9.97302e-5
-0.000184355
0.000653984
0.000673315
-0.000143284
0.000416793
0.000166368
-4.69676e-5
-0.000991197
-0.00110881
-0.00177397
0.00777491
0.000402852
-0.000535839
-0.00132377
0.000618781
-0.00670764
0.000906848
0.00824352
0.0406971
-0.0299912
0.0152453
-0.0331656
-0.00899111
0.0247012
0.000850892
0.00387187
0.00359287
-0.00300454
0.00149666
5.37218e-8
-2.00267e-8
-5.96277e-8
1.31413e-9
1.03768e-8
-5.69268e-9
3.18025e-9
-1.3042e-8
9.24169e-10
-5.73699e-10
-1.98746e-9
1.31173e-9
1.03613e-9
-7.24153e-10
1.05304e-9
-1.09906e-8
2.27455e-8
-2.04084e-8
-3.177e-10
-1.87584e-10
-6.65422e-11
1.04108e-10
-3.21489e-11
-6.80254e-10
1.45125e-10
-5.35492e-10
1.08867e-9
-1.28701e-10
2.28639e-11
-2.34759e-10
4.92895e-11
-1.56271e-11
-3.64393e-11
1.65202e-10
2.32488e-11
3.14886e-11
-1.64933e-9
3.35394e-10
1.83093e-11
-3.59801e-11
6.45449e-10
-1.47499e-10
3.30207e-10
-1.61668e-10
5.07449e-12
-8.87436e-11
-2.53968e-10
6.52865e-11
2.52843e-10
4.4706e-11
-1.51531e-10
2.77292e-10
-9.76059e-11
-3.02053e-11
-1.79248e-10
5.93695e-11
-2.25195e-10
3.24026e-10
1.0628e-10
-2.87149e-11
-2.41344e-12
-3.94497e-10
1.64596e-9
1.13408e-12
-9.33278e-11
-2.29167e-10
1.10466e-9
8.04976e-10
-1.41652e-10
-3.58131e-9
4.06339e-9
3.47585e-10
-1.28276e-9
-4.19092e-10
9.5725e-9
7.31523e-9
-7.05234e-9
-9.09394e-8
5.09425e-7
3.60353e-8
-6.35058e-8
-1.39772e-9
-1.17156e-7
-8.91484e-8
-1.04284e-7
9.12977e-7
2.5822e-8
1.82484e-6
-9.24074e-8
-2.90859e-6
8.32755e-7
-4.81775e-8
-9.88461e-6
1.79253e-8
4.55303e-7
-2.25878e-6
1.20104e-6
-3.35088e-6
8.12077e-7
-4.53141e-6
-3.51606e-6
9.86728e-6
1.6606e-5
5.03352e-5
-3.49037e-5
-7.92825e-6
6.4994e-6
-3.85045e-5
-0.000122827
4.67028e-6
-1.6223e-5
2.25985e-5
-7.30557e-5
-2.54382e-5
8.72259e-5
-6.79379e-6
-6.98264e-6
1.51727e-5
1.20282e-5
-8.18033e-5
0.000245694
8.76765e-5
-0.000211343
3.82499e-7
1.29874e-6
-1.45588e-6
-4.0348e-6
0.00037469
-0.000270065
-5.07639e-9
-2.69375e-8
3.60272e-8
1.08989e-7
0.00017121
-0.000128934
2.29599e-8
-1.69114e-9
7.6662e-9
-2.46043e-8
-1.19965e-5
-9.18037e-6
2.19677e-7
-1.0373e-7
-1.0999e-7
1.49099e-7
-2.20102e-5
3.89349e-6
9.54694e-7
-3.93052e-7
-1.85297e-6
1.06861e-6
2.44053e-6
1.16972e-6
-2.00751e-6
8.99391e-6
-7.33889e-6
-1.10656e-5
3.77141e-5
3.91041e-5
4.13364e-5
-0.000147037
-5.62951e-5
1.71472e-5
-0.000103136
-6.12762e-5
0.000187269
0.000331942
-0.00108598
0.00248944
0.00143981
-0.00052087
-0.000970435
0.000466477
-0.000804322
-0.00062289
0.0047435
7.13392e-5
0.00159446
-0.00310744
-0.000520932
-0.000146229
-0.00331744
0.00243528
-0.00489345
0.0115596
-0.00408196
-0.00284803
0.00866043
-0.00821924
-4.50969e-9
1.55046e-9
-4.39372e-10
2.89972e-9
1.27145e-9
-1.81686e-10
-1.79175e-10
-4.2929e-10
1.80124e-9
-1.68487e-10
7.46048e-9
-3.95902e-10
1.2239e-9
-1.61855e-11
-5.90971e-10
-6.91895e-10
-7.17663e-11
8.81479e-11
-3.98949e-10
1.38708e-10
2.05978e-10
4.42514e-11
6.95568e-12
-1.59867e-10
7.91798e-11
-3.7467e-10
-8.82322e-10
-4.58801e-12
-8.21833e-12
6.31186e-12
-5.2066e-12
-4.4472e-11
1.20531e-11
-3.47228e-11
4.94549e-11
-1.71944e-11
3.39803e-12
-6.82706e-11
1.2411e-11
2.80707e-12
1.29897e-11
6.72459e-12
1.92298e-12
3.11199e-12
-1.96159e-11
7.74646e-11
2.49569e-11
-5.00092e-11
5.89504e-11
9.79539e-12
-5.44039e-12
-6.02625e-11
8.05043e-11
-6.06147e-12
-2.52511e-11
-1.52309e-11
1.02663e-12
-1.87679e-11
6.8869e-11
4.30456e-11
4.75508e-15
-2.91121e-11
6.85572e-11
-3.17533e-11
-5.86553e-12
-1.0967e-10
4.47865e-10
9.73712e-10
-7.94633e-10
-2.62807e-9
1.07661e-8
1.6596e-9
1.13185e-9
-7.17617e-10
-2.95732e-9
-8.07369e-8
5.52902e-8
3.06286e-8
5.0846e-8
5.34363e-7
-1.7082e-7
1.01217e-5
6.32829e-10
4.83953e-8
-1.76489e-8
4.70532e-8
3.59516e-5
-3.28173e-5
3.78554e-5
-1.61148e-5
5.81633e-8
-1.96236e-7
7.80747e-5
-8.08873e-5
-9.92021e-5
-1.19791e-7
5.77385e-7
-0.000127381
0.000144672
0.00012588
-1.50995e-8
-1.77605e-7
0.000162614
-0.000196037
-0.000153226
-6.43549e-8
6.25264e-7
-0.000151203
0.000192033
0.000167872
-2.06976e-7
2.93451e-7
0.000113107
-0.00012179
8.3188e-8
-2.88447e-7
-7.64879e-8
1.42693e-6
-6.0791e-6
-1.46299e-6
6.57509e-6
-2.85833e-5
-1.44058e-5
4.56778e-5
9.1588e-6
-7.11369e-6
2.50297e-5
1.04832e-5
-3.31609e-5
4.74033e-6
1.08407e-5
-1.34293e-5
-2.51699e-5
5.29334e-5
-0.000134837
-3.42288e-5
3.90725e-5
-2.33544e-7
-3.25049e-7
4.17109e-7
1.15916e-6
8.80342e-5
-8.972e-5
5.89251e-5
7.23382e-8
4.36808e-5
-4.14247e-5
4.72869e-5
-4.80688e-8
-3.51124e-6
-3.90461e-6
6.91093e-6
-5.69931e-7
-2.55798e-6
-6.13071e-7
3.12229e-6
2.88471e-6
-2.54315e-5
0.000100227
-4.06912e-6
-2.20629e-6
-8.12293e-6
-4.69931e-6
1.92669e-5
1.58508e-5
0.000465573
-0.00130766
-0.000387069
0.000154143
-5.62646e-5
-7.60374e-6
2.76186e-5
-0.00022152
-0.00488237
0.00823651
0.00761473
-0.00351276
9.9449e-5
5.87064e-5
-0.00143727
0.00310851
0.000896818
-0.00862662
2.15092e-5
0.0188362
-0.00725417
-0.0268338
0.0134415
0.0264467
-0.013774
-0.0170268
0.0118811
-0.00426744
-0.0014556
0.00411719
-3.11919e-9
3.07641e-10
8.63658e-10
-9.479e-11
-4.18084e-10
6.62878e-11
1.14148e-10
2.49174e-10
1.03553e-10
-4.92733e-11
4.29126e-11
-4.39978e-11
-5.90892e-11
-2.45611e-10
1.01452e-10
6.85103e-10
1.97467e-10
-8.51648e-11
1.79984e-11
-4.687e-12
4.39763e-12
2.89997e-12
7.20671e-13
-1.39647e-11
7.2905e-12
-1.44753e-11
2.47742e-11
-1.034e-13
-5.81416e-13
6.43745e-13
-8.79925e-13
-6.52083e-12
-2.02038e-12
3.79491e-12
-3.35766e-12
9.18865e-13
1.66621e-11
1.14532e-12
-5.8482e-12
2.13275e-11
-7.12851e-12
-8.94671e-13
-1.14976e-11
-1.27312e-11
1.60243e-11
7.78711e-12
4.10191e-12
8.02894e-13
2.71087e-12
-1.3827e-11
2.25535e-11
-1.50615e-11
4.99857e-12
-9.80094e-12
-4.39535e-12
2.11652e-11
-3.87902e-12
3.24746e-12
-1.39268e-10
1.8025e-11
-2.08001e-12
1.69314e-10
4.81548e-10
1.75451e-10
-9.88487e-11
5.78991e-11
1.29227e-10
-9.7853e-11
1.77092e-9
2.3512e-10
5.3798e-10
-5.57553e-9
-3.34751e-9
1.51064e-10
3.83484e-9
-1.79912e-8
-1.14535e-8
-3.57817e-7
-1.23526e-9
-2.18093e-6
3.23405e-7
-7.81326e-10
2.67631e-9
6.3956e-7
-1.24553e-6
-1.39801e-8
-1.58375e-9
1.40938e-5
-1.28698e-8
1.85522e-8
1.86041e-8
1.34025e-8
3.83826e-8
-5.33687e-8
2.00856e-7
-1.08528e-7
2.54696e-7
-7.51726e-7
4.43375e-5
-4.88815e-5
1.28908e-5
-5.67142e-5
3.9809e-6
0.000143259
2.45986e-7
-6.54452e-7
2.16396e-6
5.44336e-7
-2.9302e-6
3.32995e-5
5.01853e-5
-6.82378e-5
-8.4865e-5
4.53043e-6
-1.37917e-5
-2.39408e-6
-1.35197e-7
-1.08159e-6
-3.68641e-6
1.52139e-6
1.10998e-5
1.26954e-5
-1.30533e-5
6.03261e-7
-6.08729e-7
6.40248e-7
-7.88428e-7
3.04147e-5
-1.80826e-5
2.10954e-5
-2.36111e-6
3.53859e-6
-2.35845e-6
9.72976e-6
2.40642e-6
9.76865e-6
-4.85509e-6
1.05604e-5
-8.29676e-6
4.16606e-6
-3.35834e-6
5.03491e-7
1.61942e-7
2.49589e-5
-2.46266e-5
-2.24055e-6
-8.89363e-6
3.50508e-6
7.38394e-7
-0.000255945
0.000734823
6.48331e-5
-6.09482e-5
-3.73934e-6
-1.35204e-5
1.38709e-5
-8.36958e-6
0.00335598
-0.00925167
-0.000701557
0.000752593
0.000157957
-6.05634e-5
-4.96431e-5
-0.000201183
7.04298e-5
0.00277751
0.0102003
-0.00386567
-0.0206389
0.0189218
-0.0111948
-0.0137381
-0.00599219
0.0155808
-0.0291736
0.0377826
-0.0338382
0.0203142
1.50099e-10
-8.87175e-12
-3.05915e-11
-7.08153e-11
-5.98854e-11
-7.25865e-12
2.67142e-11
-1.83598e-10
-3.25682e-10
8.09058e-12
-4.43386e-11
1.13741e-10
-2.91344e-11
1.07759e-11
1.79099e-11
2.39848e-11
1.06853e-11
-8.96061e-12
3.40659e-12
-3.91738e-12
1.88185e-12
-6.03748e-13
-2.68052e-11
9.41088e-12
4.12151e-11
-5.45546e-12
2.7332e-11
7.41845e-13
1.6314e-13
-2.27593e-14
2.93623e-13
-2.12459e-12
-4.00626e-12
-8.7763e-13
-4.76461e-12
-3.70683e-12
2.29789e-13
-1.18817e-13
1.74986e-13
5.16171e-12
1.86545e-12
3.81816e-12
2.79117e-13
-3.12284e-13
6.3717e-14
3.14051e-13
7.25883e-12
-1.00865e-13
4.64963e-12
1.15204e-12
-5.59184e-12
-2.15201e-12
9.78681e-12
-1.66518e-11
2.39537e-11
2.78002e-12
1.20342e-11
2.49346e-11
1.56595e-11
-1.01411e-10
1.96704e-12
-1.10379e-10
-9.208e-11
2.54888e-10
1.13986e-9
-9.23584e-10
8.58609e-10
-5.85304e-10
2.93792e-10
7.4765e-10
-1.54839e-9
5.27917e-10
1.96547e-9
-1.43385e-9
1.35486e-9
-8.61851e-10
6.07953e-9
1.80031e-8
-3.37279e-10
9.76308e-10
-3.20684e-8
4.12757e-10
2.65415e-10
5.31518e-7
-6.16745e-7
-6.61114e-11
-1.06849e-9
3.4739e-9
-1.68175e-6
-1.41507e-5
-1.06472e-9
2.61913e-9
-3.16834e-5
2.79379e-5
-1.5975e-10
-1.4007e-9
-8.60065e-5
8.53532e-5
1.5892e-9
-6.7999e-9
0.000172989
-0.000163999
1.52323e-9
-4.0272e-9
-0.000231921
0.000223803
3.95163e-9
-1.07818e-8
0.000197566
-0.000214612
-5.94387e-9
1.02545e-8
-0.000103677
2.70348e-8
5.4773e-8
-1.08627e-7
2.23391e-8
-7.13368e-8
2.11629e-7
-0.000163473
-0.000124899
0.000116394
0.000114052
0.000207919
8.16528e-5
4.57438e-8
-2.00485e-7
3.16675e-8
3.2948e-7
-8.83664e-7
-4.21239e-7
-3.63488e-7
-3.5474e-5
7.29538e-5
9.57596e-7
-5.63545e-7
-1.12166e-6
-5.06503e-7
3.16644e-6
-5.59556e-6
3.49154e-6
1.29085e-6
-2.21355e-7
-1.96921e-6
8.48252e-6
-6.6732e-6
-4.00259e-6
3.3383e-5
-4.45108e-6
-4.72697e-6
2.48929e-5
-2.11737e-5
-9.30404e-6
4.12806e-5
-1.9598e-5
-6.6137e-6
7.02662e-5
-6.14804e-5
3.05567e-5
2.7152e-6
-1.42405e-5
6.56425e-6
0.000178487
-0.000178529
1.16664e-5
4.8925e-5
-0.000131439
5.68527e-5
-2.17567e-6
1.12154e-6
-0.00172076
0.00158369
-0.000528632
6.59367e-5
-8.49242e-5
-7.10882e-5
8.17111e-5
0.000106921
-0.000426922
-0.0210517
0.0267227
0.0127107
-0.0117844
0.0176503
0.00457774
-0.0040832
0.00411167
-0.00654758
0.00750928
0.0214036
-0.0196529
-0.0357633
0.0354719
0.0409037
-0.0428054
-0.0218197
0.0323523
-0.00301535
-0.0128794
0.0192157
-2.90146e-11
2.78057e-11
3.0033e-13
-2.20832e-12
-5.27837e-12
-4.78623e-12
8.59708e-13
1.92556e-12
-1.10878e-12
-1.3779e-11
-9.04115e-12
5.66341e-12
1.34129e-12
-1.29678e-11
-8.2533e-12
7.41469e-12
-6.70667e-12
-5.00695e-12
-2.66228e-12
-9.32126e-13
5.55247e-13
-1.05225e-12
-1.20852e-12
-3.89036e-14
-1.26159e-13
1.30078e-11
1.2846e-11
9.7661e-13
-7.47782e-12
2.02628e-11
6.36686e-13
-1.05251e-12
6.41294e-13
-9.03406e-13
-5.43297e-13
-1.36533e-11
-1.60449e-11
-1.67803e-11
-3.661e-11
2.00596e-12
2.02398e-12
9.34966e-13
2.89351e-13
6.05692e-11
1.66621e-11
-1.41093e-11
2.77605e-12
-6.84993e-12
-1.79359e-11
3.30287e-11
3.12418e-11
-2.26637e-11
6.53316e-11
1.18192e-11
-1.15053e-10
2.51214e-11
4.67344e-11
-1.49784e-10
2.5076e-10
3.19791e-10
3.54118e-10
3.18823e-10
1.40532e-9
-1.42099e-9
1.30213e-9
-1.37099e-9
-1.24995e-9
-7.91266e-10
-4.13544e-10
8.6576e-10
-5.9041e-10
5.31875e-10
2.68804e-9
-2.71681e-9
2.55253e-9
-2.27586e-9
2.06244e-10
6.9323e-10
-7.44527e-9
-2.70398e-8
5.32462e-8
2.54367e-10
1.08448e-10
-3.28414e-10
1.02853e-10
1.23928e-11
2.64115e-7
4.98604e-6
-2.1656e-10
5.58841e-10
1.26663e-5
-1.13254e-5
1.11458e-10
4.82073e-5
-2.08879e-5
-9.18936e-11
-1.00743e-10
8.03558e-11
-2.68915e-10
-0.000132513
0.000214228
-0.000149839
9.07016e-5
1.15498e-10
-4.88122e-10
0.000170031
-0.000200662
-0.000167443
3.5261e-10
-1.28574e-9
-0.000168865
0.00016697
0.000221102
-4.44087e-11
8.3913e-10
7.23159e-5
-7.7306e-5
-0.000145586
3.94485e-10
-1.77323e-9
1.36358e-9
6.88105e-5
2.47591e-5
6.90331e-9
-2.17235e-8
-0.000178106
-1.07882e-8
-7.04036e-9
1.18844e-8
-4.15778e-8
5.70076e-8
5.95177e-8
4.60935e-5
0.000169172
-0.00010412
-4.15712e-5
-0.000264107
-6.80206e-8
1.83705e-7
-2.18771e-8
-2.52241e-7
8.7472e-9
-3.34345e-6
-7.61794e-6
1.36058e-5
5.40674e-6
2.87558e-5
-4.85141e-7
1.4291e-6
-3.20865e-7
5.83283e-6
2.62013e-6
-4.3214e-6
-4.11991e-6
1.44873e-5
1.54052e-7
1.65764e-5
8.61163e-6
-8.63626e-6
-4.03665e-5
0.000131401
-3.10197e-5
4.5946e-5
2.85723e-5
-3.02263e-5
-5.7143e-5
0.000260342
-0.000207462
0.000108997
9.15841e-5
-9.2896e-5
0.000253661
-6.04206e-5
-0.000120474
-0.000821099
0.000571972
-0.00113449
-0.0011353
0.000903407
-0.000261086
0.000352184
-0.000762713
0.000121847
9.72111e-5
0.00254274
-0.00101132
0.000216799
0.00958585
-0.00914519
0.0026995
-0.00324004
0.000217724
0.00208362
-0.00167452
-0.00253816
0.00888919
-0.0126115
0.0254208
-0.024467
-0.0264797
0.0330078
0.0227701
-0.0299398
-0.00690744
0.00500122
0.010384
-0.0281429
0.0202048
0.0325911
-0.0371561
-0.0214893
-4.5581e-13
-1.53636e-11
9.76888e-11
1.68704e-11
-1.74984e-11
2.48456e-11
2.50101e-11
1.69326e-11
1.53341e-12
5.53989e-12
4.1619e-13
-8.59918e-11
2.97364e-11
-5.08158e-12
-8.054e-11
-1.00112e-11
-3.11886e-10
-1.43787e-11
4.2119e-12
-1.04098e-11
3.47859e-12
-9.17181e-13
-2.15888e-12
6.32727e-11
5.58518e-11
9.72094e-11
4.20242e-11
2.99085e-10
7.21675e-12
-2.97242e-12
3.17098e-12
-1.1339e-11
-4.71736e-12
-2.29852e-10
-1.39886e-10
-4.33835e-10
-9.27125e-11
2.83151e-11
1.75454e-11
1.45828e-11
1.68874e-11
6.2102e-10
1.82968e-10
-1.28186e-10
1.03342e-11
-1.36959e-10
-1.80473e-10
2.29666e-10
3.25143e-10
-2.45467e-10
1.38159e-10
2.88194e-10
-1.98585e-9
3.55252e-10
1.01479e-9
-1.483e-9
1.4841e-9
-1.69079e-9
4.99507e-9
5.68126e-9
4.42806e-9
-7.31855e-9
-1.10564e-8
1.14018e-9
2.34961e-9
-2.94055e-9
2.80688e-9
-3.02758e-9
2.31539e-8
2.99631e-8
1.74961e-8
-1.03772e-7
1.09526e-7
7.52894e-10
2.28485e-10
-2.57633e-10
1.10489e-10
-8.95573e-11
3.57506e-8
-1.74955e-6
-1.04181e-6
1.68569e-7
-1.26421e-10
1.90666e-10
1.33463e-6
-5.75403e-6
1.27035e-5
3.91855e-10
-1.06279e-10
1.36249e-10
-2.20644e-11
0.000200415
-3.66782e-11
-9.72933e-11
-5.68887e-11
-4.24737e-11
-1.76755e-10
1.50801e-10
-1.06539e-9
-6.00772e-10
2.06071e-9
9.8343e-5
1.83053e-5
-0.000127576
-0.000174379
6.08533e-5
0.000219418
1.76892e-9
0.000177394
-6.84528e-9
2.30871e-9
-4.92976e-9
1.78988e-8
-1.37922e-8
2.24885e-5
3.98577e-5
-8.98253e-5
-2.58797e-5
-0.000113988
2.82084e-9
-1.41324e-7
-7.29669e-7
1.25044e-7
9.28965e-7
-3.03256e-6
8.86098e-7
6.19296e-6
4.21853e-6
7.06989e-6
-4.23813e-6
8.2556e-6
-1.19591e-7
1.10286e-5
-1.10157e-6
-1.90024e-7
-2.81262e-5
7.40629e-5
-1.46073e-5
3.44317e-5
-4.14729e-6
-1.65496e-6
-0.00022321
0.000550387
-0.000459634
9.77267e-5
-1.00352e-5
-6.9885e-6
0.000342419
-0.000699242
0.000982451
-0.00360018
0.00320633
-0.000785329
-0.000231992
0.000181304
-1.89759e-5
-2.12419e-5
-0.0027718
0.00264563
-0.00449527
0.0138831
-0.00801822
0.00616093
0.00425921
-0.00301389
0.000693587
-0.000816713
0.0127126
-0.00400197
-0.0080671
0.00424482
-0.00541698
0.0150524
-0.000928831
0.00021805
0.0256222
-0.0251987
0.0209794
-0.0307587
-0.00930294
0.0141708
-0.00433179
0.00911696
-0.00783282
-0.00961872
-6.93455e-11
-6.94361e-11
-6.99838e-11
-1.12618e-11
-1.1711e-10
1.16439e-9
1.86355e-10
2.12777e-10
1.41215e-10
2.27438e-10
1.09593e-10
-2.17485e-12
6.26544e-12
5.59356e-11
-2.67234e-12
-2.65402e-10
8.46259e-10
-9.25952e-10
-9.05977e-10
-1.35175e-9
-4.47576e-9
-1.51302e-10
7.15811e-11
-9.54773e-11
4.26647e-11
-3.95638e-11
-9.45301e-12
1.07599e-9
3.74685e-9
-1.62996e-10
2.8459e-9
-3.41487e-9
-1.5694e-11
1.51384e-10
3.86957e-11
-1.16929e-10
-8.49505e-11
-3.25891e-9
-1.06947e-9
-1.41802e-9
-3.60111e-9
1.44368e-9
4.1089e-10
9.19097e-11
3.18571e-10
3.61363e-10
-1.02984e-9
-1.82726e-9
-2.15164e-9
8.4747e-10
1.0976e-9
-2.43213e-9
1.62301e-9
-1.87642e-9
-4.61277e-9
-2.14574e-8
-1.86767e-8
-1.12028e-8
9.84049e-8
-5.98418e-9
2.83246e-10
-2.14915e-9
2.27543e-9
-2.95889e-9
-1.09243e-7
-6.30126e-7
-3.16224e-8
-2.9745e-7
7.54966e-7
-9.98001e-10
1.03922e-9
-9.04809e-10
4.3037e-10
-1.42374e-10
5.23237e-6
-1.23871e-5
2.86629e-6
-6.86169e-6
-4.16716e-10
1.2567e-10
1.67292e-5
-5.84065e-6
-1.05651e-5
-2.24044e-9
-3.41673e-10
5.09501e-11
-2.49993e-11
4.08538e-11
-0.000336183
0.000423456
-0.000197043
0.000242282
-9.71282e-11
4.17503e-11
-0.000154709
0.000190964
-3.96006e-11
3.65398e-11
7.85188e-5
-0.000140178
2.99612e-12
-6.68495e-6
5.08674e-11
-2.81155e-10
4.85684e-10
8.27507e-10
-5.10194e-9
-4.12227e-10
3.81221e-5
6.32054e-5
-7.63874e-5
-0.000116339
-0.000100831
0.000113755
1.39508e-8
7.90801e-5
-4.63481e-8
7.98122e-8
8.71521e-9
1.61941e-9
-1.25721e-8
4.16425e-6
1.29666e-5
-2.6814e-5
-4.20315e-6
-6.4478e-5
1.38788e-7
-3.60161e-7
1.82007e-7
1.77091e-6
-3.48345e-6
-3.98206e-7
6.41253e-7
8.16875e-7
2.88879e-7
5.40716e-7
1.34219e-5
-3.75238e-5
1.63191e-6
1.26249e-7
1.16557e-8
9.42509e-5
-0.000173598
1.41754e-5
-7.93614e-7
1.85541e-7
7.32668e-5
-0.00164937
0.00428271
-0.00869795
0.00502702
-0.000289979
3.94118e-5
-1.69023e-5
8.83873e-6
-4.68844e-5
-0.00560397
0.0113599
-0.0211485
0.0350142
-0.0241365
0.00242837
0.000357278
-0.000172629
-7.85079e-7
0.000324732
0.0270428
-0.0152224
-0.0197034
0.0204248
-0.0256209
0.0447285
-0.0315846
0.0118795
0.0130887
-0.0084875
0.00515695
-0.0111959
-0.0013417
0.00276886
0.0289619
-0.0135534
-0.0212861
0.00960298
0.0148642
-0.0110668
-0.0157032
0.00903272
-1.54036e-10
-6.23823e-10
-5.09772e-10
-8.32937e-11
-4.97556e-9
9.99959e-9
-7.55497e-11
6.59523e-9
-1.3191e-8
1.43585e-9
1.59131e-9
9.55508e-10
-6.34816e-11
-2.68616e-11
5.82467e-10
-4.51684e-11
-1.15393e-8
1.56099e-8
-2.49903e-8
6.48233e-8
-1.56048e-8
-3.52233e-9
2.71451e-9
7.24473e-10
-4.46688e-10
-9.29669e-11
-3.78042e-11
1.19916e-8
7.81635e-9
1.02874e-8
2.44236e-8
-3.40083e-8
1.24696e-9
-7.44098e-10
-2.02737e-10
-3.61135e-10
-1.28263e-9
6.54667e-9
6.74229e-9
-5.43661e-8
-4.00671e-8
-1.13334e-9
3.58787e-9
5.52456e-9
6.08864e-9
1.13471e-8
6.26513e-9
-3.49809e-8
-4.46737e-8
-1.39781e-8
-4.64676e-9
2.46332e-8
6.10928e-8
-5.61448e-8
-5.05142e-9
-1.05166e-8
-1.44353e-7
-2.15542e-7
2.78868e-8
-2.82113e-9
-2.7654e-9
1.53992e-6
1.28369e-7
1.88201e-6
-2.39766e-6
2.53318e-8
-4.94166e-6
-8.72087e-9
3.61801e-9
-9.72054e-10
3.3097e-5
-5.06214e-5
1.54348e-5
-3.69412e-5
-9.13211e-9
4.35904e-9
4.8976e-5
-1.38991e-5
-4.34694e-9
-7.80785e-5
2.90618e-9
-1.07551e-9
3.21168e-10
-0.000498797
0.000409965
-0.000204577
0.000196558
-3.479e-10
1.61348e-10
3.13461e-5
7.80941e-5
-6.14458e-10
4.12525e-11
-0.000117766
1.55115e-5
2.54517e-10
0.000159771
-2.8183e-9
3.31645e-9
1.50713e-8
-4.80346e-8
9.63616e-9
0.000177001
-3.013e-5
-6.91602e-5
-0.00022374
-0.000217073
0.000126913
6.17691e-8
5.85024e-5
-2.26076e-7
-1.66998e-7
5.1036e-7
5.22205e-7
1.90845e-6
-6.32172e-6
-5.36499e-6
-3.79198e-7
-2.34909e-5
-3.33994e-6
2.59023e-6
1.53768e-5
-1.15765e-5
2.88688e-8
2.03964e-7
-8.4257e-8
-2.14254e-7
-6.02282e-5
4.37514e-5
0.00020534
-0.000153961
5.71649e-8
1.73905e-7
-3.6727e-7
-2.73871e-7
-0.000614548
0.0004848
0.00162278
-0.00139487
-1.01983e-6
8.70921e-7
-3.55095e-6
-6.61464e-7
-0.00380681
0.00748575
-3.50879e-6
2.74115e-6
-3.82306e-7
-0.0121397
0.0124733
0.0173269
-0.0230991
0.000372779
-3.58944e-5
3.66056e-5
-1.66954e-5
4.65921e-5
0.022281
-0.0340728
-0.0151814
0.0311672
0.00931117
-0.0256223
0.00871334
-0.00109926
0.00703784
-0.00334454
0.000975676
0.000401197
-0.00102546
0.022746
-0.0357154
-0.0191943
0.0273451
0.0239447
-0.0203467
-0.0205849
0.0154615
-3.91039e-9
-3.34825e-9
-4.65067e-9
-5.62882e-10
-1.67285e-8
3.90813e-8
5.57485e-8
1.67365e-8
6.51769e-9
1.10882e-8
1.06504e-8
-5.62944e-9
-2.68084e-9
1.02288e-8
1.04862e-9
-1.23602e-7
-4.89249e-8
-2.4225e-7
-1.35577e-7
2.01556e-7
3.19921e-8
-9.28622e-8
-3.10142e-8
-1.29542e-8
-4.14806e-8
-1.56949e-8
2.63387e-8
-1.87285e-8
-1.47461e-8
1.00918e-8
-2.17395e-9
1.34901e-10
2.62446e-7
2.46585e-7
6.06726e-7
7.86752e-7
-5.38334e-7
1.67782e-8
-7.12e-8
-7.54315e-9
-1.53356e-9
-3.48317e-9
2.08781e-7
1.98875e-7
-1.44332e-6
-1.1398e-6
-1.42416e-8
1.573e-8
3.31805e-8
3.51879e-8
2.74079e-7
2.10579e-7
-1.12938e-6
-1.13333e-6
-5.554e-8
-1.0277e-7
1.05637e-7
2.81213e-7
-1.09447e-7
-6.85087e-8
-1.47391e-6
-2.99042e-7
2.998e-7
-1.62647e-6
-3.03908e-6
-4.7108e-6
7.25152e-7
2.70067e-7
-9.31896e-8
1.33928e-5
-3.01403e-5
2.18502e-5
-4.28749e-5
1.03005e-8
6.10687e-9
5.2733e-8
8.67227e-5
5.60607e-5
5.05076e-8
-8.79637e-8
2.80753e-8
-0.000147407
0.000277775
-5.46289e-5
0.000250065
-3.14445e-8
-9.16586e-10
-0.000406731
-2.80115e-5
1.46903e-9
1.11835e-8
-3.29556e-9
0.000707796
-0.000401055
5.0633e-5
1.15238e-9
7.56103e-9
-3.99412e-9
-0.000650648
0.000402029
-0.000228974
1.90699e-9
1.52872e-8
-4.2426e-9
0.000464509
-0.000335526
0.000330529
1.44095e-8
-2.92033e-9
-0.000265938
0.000166133
5.08278e-9
-1.32789e-8
0.000546105
-0.000442767
-1.0479e-7
1.33205e-7
-0.000106993
0.000268416
-3.17675e-7
5.56331e-7
9.44868e-7
-1.49119e-6
-2.55939e-6
-1.81009e-6
1.21113e-5
2.00959e-5
-3.78819e-6
-4.60213e-6
-5.14775e-5
2.33104e-6
4.36316e-6
1.22747e-5
-1.61973e-5
-3.85521e-5
5.72118e-5
9.32282e-7
5.27717e-7
-2.5812e-7
5.50365e-6
0.000107538
-0.000178814
-0.000259729
0.000490023
1.9023e-6
1.10591e-6
-3.80047e-7
-3.70929e-6
0.000529656
-0.00117566
-0.000830733
0.0024369
5.82013e-7
1.76381e-6
-1.98057e-7
-8.53419e-6
0.000779544
-0.00428764
0.000590042
0.00618504
8.53879e-6
-5.12617e-7
8.45309e-7
2.78405e-8
-0.0056739
-0.00667241
0.011706
0.00513899
-0.0212337
0.0013656
-0.00042225
1.53547e-5
-3.07996e-5
0.00018758
-1.64066e-5
-1.3387e-5
0.0396176
-0.0142964
-0.0538892
0.0270541
0.0566283
-0.036256
0.0095342
-0.0419772
0.024505
-0.00326175
0.0233186
-0.0113506
-0.00490671
-0.0131107
0.00652362
0.00143801
0.0109261
-0.0107629
0.000700316
0.00182726
3.91662e-7
-9.1549e-7
2.53003e-7
-1.24425e-8
9.48084e-8
1.14165e-7
-1.58655e-9
-6.36846e-8
4.84724e-8
-3.72609e-6
-2.74098e-6
2.31511e-6
-1.11268e-6
-5.7693e-7
3.69212e-6
-2.64947e-7
8.46489e-8
-4.89508e-7
-1.79289e-7
1.10392e-7
1.10587e-7
-2.4074e-7
1.59936e-7
4.10275e-8
6.377e-6
6.21672e-6
-7.62908e-6
9.51047e-6
-1.09853e-5
6.80212e-8
1.26252e-6
-2.63726e-7
-9.0415e-8
2.08551e-8
5.96866e-6
5.72812e-6
-3.10764e-5
-2.8856e-5
-1.4092e-7
1.33972e-7
1.49943e-7
1.84675e-7
6.42601e-6
5.9823e-6
-2.99548e-5
-2.80855e-5
1.88725e-7
-2.00734e-6
2.7823e-6
8.13164e-6
-2.64121e-6
-2.58907e-6
-3.22921e-5
-8.95389e-6
-1.51123e-5
3.25148e-5
4.94671e-5
9.64346e-5
7.48177e-6
-5.79779e-6
1.38573e-6
-0.000189148
0.000164517
-0.000166308
0.00029977
-3.601e-7
3.49377e-7
3.57206e-6
-0.000437783
-0.000511548
-1.08178e-6
-1.304e-7
-1.3227e-8
0.000796919
-0.000847642
0.000799082
-0.0012553
3.02194e-9
-2.19458e-8
0.00158911
-0.00106495
1.1246e-7
-3.0458e-8
-0.00159032
0.0010466
9.4096e-8
-5.72495e-8
0.00130668
-0.00079992
2.15678e-7
-3.67612e-8
-0.000805529
0.000558615
6.54394e-9
4.66847e-8
0.000589928
-0.000564236
-7.79304e-8
3.35837e-7
-2.37322e-7
-3.01559e-6
-2.11445e-7
4.34924e-6
-0.000161823
1.03773e-5
3.24653e-5
5.06933e-5
-0.00078635
-4.1682e-5
-8.87643e-6
-6.49335e-7
1.71973e-5
-9.17848e-7
-3.61425e-5
1.7298e-5
-3.03025e-6
-2.85414e-6
-2.26399e-5
3.0097e-5
5.85182e-5
-0.000151762
-2.86948e-5
3.23828e-5
1.25627e-5
-5.47091e-6
-7.19787e-5
0.000821512
-0.000338468
-0.00244207
0.00162172
6.02372e-6
2.96357e-5
-4.47474e-6
-0.00018558
0.00808534
-0.00435173
-0.0101137
0.0147668
3.37981e-5
5.31074e-6
-6.21828e-6
-3.85647e-5
0.0221421
-0.0229648
-0.0440868
0.0289282
0.0419815
-0.051396
-0.000448874
0.00117517
-0.000123254
-0.000986306
0.000103518
-0.000315554
-0.0640359
0.0667129
0.0649398
-0.0662457
-0.0502641
0.0500513
0.0317699
-0.0297639
-0.0182106
0.0149345
0.00922911
-0.00923876
3.61407e-6
-8.22247e-7
5.79667e-7
1.58949e-6
-8.77638e-8
-3.0893e-7
-1.75948e-5
3.31845e-5
7.22611e-6
-4.19234e-6
4.00681e-6
-5.06663e-6
-3.32643e-6
1.13776e-6
-2.219e-7
-3.6691e-6
1.99039e-6
0.000110718
0.000124377
-0.000136099
1.3783e-5
4.66088e-5
-0.000204938
1.25304e-5
-1.75309e-5
2.85496e-5
1.52734e-7
-1.96114e-6
1.02485e-7
1.02508e-5
-3.23522e-6
7.4274e-7
0.000145221
0.00013414
0.000471503
-0.00056163
0.000826447
3.88403e-6
-4.90098e-5
-2.15549e-6
9.51712e-7
-7.35877e-6
0.000133105
0.000107954
-0.000769619
0.000821341
3.39397e-5
-5.95291e-5
-7.16007e-5
-0.000142708
7.20414e-6
-0.000558721
0.000456197
-0.000132973
0.000235303
-0.000151262
0.000162707
-0.000508101
-0.000457346
2.54598e-5
-1.54607e-5
-0.000175993
0.000886599
0.00136323
5.78079e-7
5.52794e-5
-1.92174e-5
6.02158e-6
-0.00239659
0.00217149
-0.00256216
0.00398707
0.00175289
-3.61117e-7
-1.80457e-6
-2.67433e-6
-0.00502794
0.00338851
-0.00231629
-2.76458e-7
6.99499e-6
3.06599e-6
0.0058816
-0.00367609
0.00238957
-3.75285e-7
-1.44912e-5
2.22362e-7
-0.00693409
0.00350769
-0.00213501
-6.77747e-7
3.4494e-6
2.20098e-6
0.00270961
-0.00178782
0.00147487
-1.2445e-5
1.46623e-6
-0.00107954
0.000703337
9.52516e-7
0.000189574
8.60466e-6
4.98421e-5
-2.94013e-5
-8.91573e-5
0.000219942
-1.19358e-5
-8.24079e-5
3.70551e-5
-0.000104387
0.000393333
0.00213191
-2.56901e-5
-3.78877e-5
-0.000686447
0.000162626
0.001635
-0.00132888
0.000573172
-1.21772e-5
-5.13009e-5
-0.00149166
-0.00368928
0.00264569
0.00691207
-0.00893841
-0.000177266
0.000613896
-3.33713e-5
-0.00257305
-0.0119282
0.0165019
-0.00906511
0.0222442
-0.0212811
-0.0353125
0.0477454
0.00164353
-0.00074633
-5.04325e-5
0.00152375
-0.000928073
0.000360152
-3.119e-5
0.050834
-0.063904
0.0549037
-0.05571
0.0590991
-0.0589226
0.052829
-0.0509267
0.0484343
-0.0690659
0.0430093
-0.0326287
0.0220986
-0.0164908
0.0154298
-0.00799829
0.00474641
-0.0052716
-5.60181e-5
-2.08712e-5
6.2026e-5
-0.000120806
5.03533e-5
-1.36581e-5
-0.000993672
0.000649988
4.06273e-5
0.000608798
-0.000725583
-0.000127987
0.000311997
-0.000122931
0.000262215
3.01441e-5
2.35071e-5
-0.00213275
-0.000297903
-0.00234362
0.00302429
0.000910806
0.00134525
-0.00141048
0.00101359
-0.000547165
-0.000387317
0.000383941
-0.00060485
-7.30291e-5
7.23906e-6
0.000126321
-0.000957072
-0.00137115
-0.00139932
0.00288842
-0.00346959
0.00419314
-0.00340754
0.00126333
-0.00247543
0.00048791
-0.000190574
0.000219004
-0.000875624
0.000424555
-0.00204684
-0.000320644
0.000533276
0.00420748
-0.00312095
-0.000930752
0.00284281
0.00168166
0.00322951
-0.00150804
6.56987e-5
-0.00050953
0.00358243
-0.00274493
0.00110329
-0.00517268
0.0058332
-0.00451371
0.00775524
0.0057006
-0.00451143
-0.000274246
2.5909e-6
-8.37326e-6
-0.000157674
-0.00700025
-0.0102971
0.00701645
-1.22591e-5
0.000444267
-0.000442042
1.59262e-5
0.0139169
-0.0141332
0.0143371
-0.0151255
-0.00848291
5.22367e-5
0.000290481
-0.000132817
0.0156114
-0.0180019
0.014044
-2.39141e-5
0.000164181
-0.000163461
-0.00436218
4.986e-5
-0.00102164
-0.000110572
-0.00014735
0.00172605
-0.00135998
0.000306487
0.00552033
0.00356759
-0.00548741
-0.00554852
-0.0177941
0.00670317
-0.00300936
0.000143044
-6.14178e-5
-0.00458236
0.00258692
-0.000162502
0.0042856
-0.000477827
0.000884412
-0.00515235
0.00363168
-0.00383157
-0.00599398
0.0101601
-0.00694321
0.0166988
0.0025696
-0.00195137
0.0119172
-0.0063679
0.00654142
-0.0146259
0.0183976
-5.7682e-5
-0.00400831
0.00701707
-0.00373616
0.00846665
0.00252172
-0.0167769
0.0239975
-0.027172
0.0209716
-0.0331881
0.0270226
-0.0326135
0.0437307
-0.0548476
-0.0101742
0.000135818
0.00453766
-0.000960186
0.00804846
-0.00435175
0.00216593
-0.00265524
0.00105409
0.0522076
-0.0676116
0.0589475
-0.0667745
0.054703
-0.0597727
0.0794413
-0.00163036
0.00196597
0.0027412
-0.0022955
0.00369116
-0.00458359
0.00595922
-0.0041934
0.00185723
-0.00251777
0.00407051
-0.00680234
0.00969925
-0.0120633
0.0098794
-0.00730416
0.00186548
-0.00170162
0.00316743
-0.0062454
0.0107219
-0.0152565
0.0175774
-0.0166324
0.0117756
-0.00987206
-0.000516755
0.0012402
-0.00339074
0.00757007
-0.0132575
0.0183901
-0.0205753
0.0187534
-0.0150497
0.0137154
0.000490494
-0.0005148
1.46883e-5
0.00198653
-0.00630326
0.0121624
-0.0172055
0.0192014
-0.0181856
0.0161026
-0.0126453
0.0221734
0.00157378
-0.00247392
0.00177207
0.00166281
-0.00696199
0.0118278
-0.0142479
0.0145685
-0.0134381
0.00904447
-0.00359508
0.00631732
-0.00724466
0.00521425
-0.000627312
-0.00455786
0.00796265
-0.011707
0.0201851
-0.024002
-0.00809133
0.012736
-0.0120412
0.00862228
-0.00231171
-0.000727156
0.00419953
-0.00746608
-0.0152066
0.0187699
-0.0176362
0.00691662
-0.00547955
-0.00288608
0.0269917
-0.0128784
