-4.57949e-8
3.9582e-7
-2.48184e-7
-5.23828e-7
-5.19387e-7
2.45167e-7
-1.814e-7
2.2363e-7
3.284e-7
-2.36793e-7
5.3623e-7
1.36078e-7
1.41484e-7
-5.00558e-7
-7.95214e-8
-1.84248e-7
7.76839e-8
3.40431e-7
-1.19643e-6
3.30697e-7
1.55318e-6
1.66972e-6
-3.53167e-7
2.51282e-7
-3.74857e-7
-1.78258e-6
1.20104e-6
-1.17858e-6
3.59357e-7
1.00446e-6
-1.98367e-7
1.23672e-7
-7.42983e-7
-5.70335e-8
-4.31064e-8
3.88617e-7
1.27149e-8
2.63557e-8
-2.36342e-9
7.41198e-7
-2.38913e-6
7.86251e-7
2.45516e-6
-1.19251e-6
-1.58934e-6
1.95153e-6
-2.05226e-6
2.06239e-6
-1.80678e-6
1.39534e-6
-1.37072e-7
-7.70312e-7
6.32012e-9
2.98126e-7
-1.25174e-9
-1.07388e-8
5.19195e-10
1.31989e-6
-5.27128e-6
1.46731e-6
-1.31942e-7
8.51212e-6
-1.77661e-6
-7.33497e-6
4.25767e-6
-3.6691e-6
3.58316e-6
-3.34129e-6
2.76044e-6
-1.93394e-6
1.13389e-6
-1.1235e-7
-4.81886e-7
4.24265e-8
1.78822e-7
1.7366e-9
-6.98974e-8
1.61588e-9
-8.69298e-9
-1.1997e-5
7.35802e-6
-6.36386e-6
5.89864e-6
-5.45804e-6
4.66634e-6
-3.50361e-6
2.24578e-6
-1.18566e-6
5.01544e-7
-1.59239e-7
3.1936e-8
-7.52221e-5
5.20607e-5
-6.21234e-6
8.32658e-5
-6.6949e-5
3.84482e-6
2.41781e-5
-1.56353e-5
1.05832e-5
-8.58404e-6
7.13719e-6
-5.49039e-6
3.72095e-6
-2.1627e-6
1.06714e-6
-4.56812e-7
5.73127e-8
1.50659e-7
-2.25707e-8
-9.16381e-8
-6.24554e-9
2.37629e-8
-2.5253e-10
6.95664e-9
-8.69201e-5
4.63193e-5
-3.34676e-5
1.6828e-5
-1.23547e-5
9.94488e-6
-7.62385e-6
5.32695e-6
-3.27588e-6
1.7455e-6
-8.01743e-7
3.32038e-7
-1.19283e-7
6.31126e-8
-2.56992e-8
1.13623e-9
4.62112e-5
2.71699e-5
-1.42873e-5
1.21673e-5
-9.18067e-6
6.57102e-6
-4.20861e-6
2.38313e-6
-1.18876e-6
5.28922e-7
-3.17928e-7
2.42521e-7
-3.69356e-8
4.06288e-9
2.2073e-9
-4.33455e-5
4.80088e-5
3.17944e-5
-1.72107e-5
1.23995e-5
-7.69076e-6
6.63994e-6
-4.37836e-6
2.6937e-6
-1.43284e-6
7.1492e-7
-2.76022e-7
2.00397e-7
-1.65974e-7
6.83818e-8
-2.42348e-8
1.82218e-8
-1.21917e-5
-5.64522e-6
4.48535e-6
-3.28385e-6
2.20056e-6
-1.42988e-6
7.18396e-7
-5.40289e-7
2.3676e-7
-2.27039e-7
5.22832e-8
3.16829e-9
-4.12314e-9
6.90551e-6
-6.95282e-6
-1.81061e-6
-1.93291e-6
1.77303e-6
-8.93762e-7
5.53908e-7
-2.98523e-7
4.33362e-7
-2.78697e-7
2.00518e-8
4.43108e-8
-2.47852e-8
7.53724e-9
6.74627e-7
-8.09848e-7
3.6924e-7
-7.65816e-7
2.90929e-7
-3.64595e-7
2.16896e-7
3.45791e-9
-5.3316e-8
1.1164e-7
-2.45451e-8
-1.44097e-8
-1.75294e-7
5.0785e-8
3.38486e-7
-1.6457e-7
1.09061e-7
-9.12678e-8
2.49285e-8
1.66646e-8
-3.85438e-8
6.03525e-8
7.88591e-9
-4.02479e-9
-2.0817e-8
-4.25279e-8
1.7689e-8
1.6912e-7
4.35943e-8
-2.32839e-8
1.35329e-8
-7.43016e-9
-1.53645e-7
6.69915e-8
3.54846e-9
-2.98049e-8
8.9175e-8
-5.34869e-8
2.95893e-8
-7.29453e-8
4.37483e-8
-2.60564e-8
4.23797e-8
-3.11203e-8
1.82782e-8
-1.47373e-8
1.64027e-8
-8.02231e-9
-5.67994e-9
1.28763e-8
1.81322e-9
1.86934e-9
-3.03362e-10
1.28574e-8
1.37973e-7
-3.7147e-8
-3.25398e-7
-2.3879e-7
2.60813e-8
4.77039e-9
3.8154e-9
5.3068e-7
-4.85578e-10
-1.00037e-9
-5.10684e-10
1.93697e-10
4.08055e-10
-3.83919e-10
-1.28702e-11
-1.7918e-10
-4.23676e-11
-4.42767e-8
2.91376e-7
-6.39603e-8
-3.31254e-7
2.24821e-9
1.05137e-6
3.24454e-10
-4.72071e-11
1.91372e-12
4.98547e-11
9.966e-11
-1.6307e-11
6.99513e-8
2.49194e-7
-4.18217e-8
-9.45277e-8
-5.33433e-7
-1.82008e-8
7.81571e-7
-6.65096e-10
2.3076e-10
1.12857e-9
-2.52464e-11
-7.72608e-10
6.5434e-11
-2.7136e-11
1.36943e-6
-2.07253e-6
2.5801e-9
1.24272e-10
1.67855e-5
-1.26565e-5
7.70376e-7
-6.54994e-5
4.5854e-5
-5.43718e-7
-7.21737e-6
-2.82485e-10
-1.98713e-12
4.34943e-10
-3.51845e-11
4.97433e-11
2.90777e-12
8.22397e-12
0.000182476
-0.000148175
0.000125768
-2.21153e-9
5.61205e-10
-7.10533e-11
-0.00033781
0.000199018
-0.000133122
2.77942e-10
-1.09137e-10
-1.16676e-10
0.000483301
-0.000284
0.000135383
-4.66618e-10
1.96348e-10
1.92847e-11
-0.000581474
0.000325641
-0.000106124
-7.53831e-10
1.69477e-10
-7.51613e-11
0.00046354
-0.000254317
0.000145652
-4.99312e-5
6.01452e-9
-8.86944e-10
3.81527e-10
-7.09852e-11
-0.000206739
-8.58967e-5
2.62226e-5
2.29484e-10
-6.43491e-10
-6.87654e-10
-2.38727e-10
0.000149595
-0.000120374
-7.95577e-5
5.02259e-5
-2.41327e-5
4.32948e-6
-1.0262e-9
1.3449e-10
1.45186e-10
-2.14267e-10
5.9978e-10
2.48546e-5
1.07824e-5
-4.57583e-6
6.23799e-7
-2.21507e-10
5.85221e-10
-8.51605e-11
4.84525e-11
-1.51253e-11
-1.18831e-5
1.47956e-5
2.28011e-6
2.06619e-6
-9.82513e-7
1.89867e-7
-8.60365e-8
8.57166e-9
3.33615e-9
-1.12983e-9
2.51715e-10
-2.30306e-10
-1.00397e-12
4.22823e-11
-8.9731e-7
1.35229e-6
-2.12824e-7
4.2019e-7
-3.93014e-8
2.18991e-8
-2.24519e-8
1.34215e-9
2.56642e-10
-4.7169e-9
-1.84584e-10
-1.20022e-9
-1.53599e-9
7.01971e-10
1.67535e-11
-1.43551e-10
1.5127e-7
-2.15534e-8
-1.66242e-7
4.8105e-8
-1.06545e-8
7.29652e-9
-1.30532e-9
6.13209e-10
7.3592e-10
2.25707e-10
1.21394e-9
-3.71152e-10
-5.02831e-10
-1.67325e-8
-8.32954e-9
3.24678e-9
-2.10863e-9
4.9051e-10
-3.43446e-10
-8.31122e-11
3.36186e-10
5.63356e-9
-3.71587e-9
-1.03542e-8
5.10719e-9
-2.97283e-9
3.11205e-9
1.59043e-8
-8.18349e-9
3.10763e-9
-1.69497e-8
9.0286e-9
-2.72775e-9
1.55083e-8
-7.9891e-9
1.3204e-9
-1.0563e-8
5.1104e-9
5.72439e-10
4.11233e-9
-1.88618e-9
-2.64954e-9
1.85513e-10
3.33144e-9
5.8271e-10
-2.90796e-9
-2.50115e-10
-1.09013e-9
2.2155e-10
-2.75529e-11
1.27948e-9
-3.09668e-10
-1.60641e-10
-2.19205e-10
-7.09582e-10
2.13596e-9
5.15827e-10
-1.24956e-9
-3.21191e-10
6.24058e-10
-2.45682e-9
4.9621e-9
-9.3569e-10
4.78015e-10
1.6151e-10
-2.77942e-10
-7.01136e-11
1.06803e-10
-4.01815e-8
2.44871e-8
5.56235e-9
4.37951e-9
2.24786e-11
-3.55405e-11
-4.7437e-12
1.07897e-11
-4.38311e-7
6.99646e-8
1.38613e-7
-1.1334e-7
1.087e-7
8.13319e-12
-3.89819e-12
4.03306e-13
8.97723e-14
-4.64375e-6
3.90123e-7
9.05572e-7
5.88354e-7
2.1011e-6
2.06957e-6
7.1173e-12
-4.58713e-12
-1.77991e-13
9.14617e-12
-7.49197e-13
1.12371e-12
-7.92144e-5
-3.234e-12
-0.000702386
0.000284444
3.4904e-5
0.000551117
-0.00034666
3.4517e-5
0.000149956
-3.91582e-12
1.49603e-12
5.57839e-12
8.89223e-13
-4.57547e-12
3.13164e-13
-6.49763e-13
-0.00126279
0.000647335
-0.000318701
2.98933e-11
-9.10324e-12
2.10755e-12
0.00219578
-0.00115021
0.000592468
2.08373e-11
-3.42414e-12
2.20898e-12
-0.00278143
0.00153242
-0.000789167
1.02438e-12
-2.51817e-12
7.04809e-13
0.0028039
-0.00157583
0.000747132
2.42281e-11
-5.33958e-12
1.14552e-12
-0.0020577
0.00106563
-0.000761454
9.97949e-12
-2.59416e-12
1.26241e-12
0.00107945
0.000408589
2.33126e-11
2.41462e-12
1.17913e-12
-0.000741581
0.000962289
0.000432431
-0.000208417
0.00011997
1.09437e-10
-3.48006e-11
1.13425e-11
-6.64946e-12
-0.000138901
-4.07308e-5
2.56359e-11
-2.98529e-12
3.26501e-12
5.9348e-5
-6.19196e-5
-2.0017e-5
-4.38925e-6
-3.28525e-12
-2.20519e-12
-2.8359e-12
-2.81669e-12
5.90415e-6
-4.8894e-6
-1.57972e-6
-3.17978e-7
3.3863e-12
-8.81639e-12
1.20478e-12
8.24168e-13
3.5525e-7
-1.18173e-7
-8.209e-8
-6.0573e-8
4.57902e-8
2.1454e-10
7.19066e-12
7.24757e-11
2.36641e-12
-6.96947e-12
9.70869e-9
1.74298e-8
1.82249e-8
-1.52474e-8
5.69167e-9
2.69051e-10
-6.37301e-10
5.31063e-10
-1.3636e-10
1.22144e-10
-1.12713e-11
7.56508e-12
2.93828e-11
-7.73136e-11
-1.16668e-11
6.0557e-12
-9.32542e-11
-5.44656e-10
6.38606e-9
-2.53441e-9
2.74505e-10
6.4735e-11
-1.15046e-10
2.82734e-11
-2.49728e-11
4.31571e-12
-1.48008e-11
4.39364e-13
3.15551e-11
9.87168e-10
2.98104e-10
-1.15839e-10
1.30825e-11
2.00674e-11
-3.63761e-12
3.45263e-12
-1.13145e-10
2.67985e-10
5.42329e-10
-2.68878e-9
1.96178e-9
-1.47727e-9
5.9871e-10
2.3586e-9
1.32171e-9
-6.48378e-9
-2.81461e-9
7.99689e-9
4.70162e-9
-8.17963e-9
-5.46673e-9
8.89224e-9
7.13069e-9
-9.63073e-9
-6.90412e-9
9.8285e-9
4.88462e-9
-5.7081e-9
-3.24665e-9
3.25846e-9
1.15048e-9
-6.09628e-11
-7.5287e-10
3.18489e-10
-1.57112e-10
1.58034e-9
1.89038e-9
-2.16559e-9
-8.9931e-10
1.01739e-9
3.63001e-10
-3.23179e-10
5.49169e-9
-7.29927e-10
-2.36024e-9
-3.32023e-9
-1.31107e-10
1.0945e-10
4.1871e-11
-3.39501e-11
3.46165e-8
-1.76779e-8
-1.64643e-8
-3.09202e-8
-1.19388e-11
9.44146e-12
3.09e-12
-2.37421e-12
1.54345e-6
-5.23818e-7
-2.28202e-7
-1.55917e-7
-4.91126e-13
5.1521e-13
1.68571e-13
-1.54488e-13
3.38668e-5
-3.79728e-6
-1.02412e-5
-2.13858e-5
4.45898e-6
-1.58703e-6
-6.13289e-14
3.60682e-14
-3.3237e-13
6.48932e-14
-1.19596e-14
6.61178e-14
0.00099363
-9.70996e-5
-0.00015686
-0.00347585
0.00178328
0.000157436
-4.68917e-14
-3.33125e-14
1.99487e-13
-3.87008e-14
2.72065e-14
0.000981593
-0.000915242
-3.34811e-13
1.02243e-15
-0.00527037
0.00247241
-7.36162e-13
1.84686e-13
0.00731381
-0.00408469
-4.79645e-13
2.11353e-13
-0.00840704
0.00489209
-2.08669e-13
1.22424e-13
0.00889628
-0.0048619
-3.65563e-13
4.59443e-14
-0.0052902
0.00336705
-2.68089e-13
1.17882e-13
0.00259605
-0.00182521
-6.55694e-13
1.87504e-13
-0.00114343
-0.000478115
-1.84189e-12
1.6489e-12
-7.00795e-14
0.000469711
-0.000367519
-0.000166621
0.00017869
-2.90954e-13
4.16807e-13
-1.89565e-13
5.0986e-5
1.91168e-5
7.40538e-13
-1.30324e-14
-5.55935e-14
-1.29964e-5
4.26968e-6
2.46494e-6
9.93179e-7
-2.34504e-13
1.46749e-13
-3.93501e-14
-1.33657e-13
-2.06901e-7
-4.09195e-7
-8.05274e-8
-1.3248e-8
-8.63585e-15
-3.55447e-13
2.3718e-14
5.31567e-14
4.75385e-8
-4.45293e-8
-1.39335e-8
-7.87554e-9
1.47226e-12
2.18298e-12
7.81583e-14
-1.28162e-13
1.6855e-9
9.13355e-10
6.34888e-10
-1.35999e-10
-1.50404e-9
4.55089e-12
-6.0189e-12
-9.77981e-13
-5.36141e-13
-1.72289e-13
2.36581e-10
-1.13137e-10
3.30521e-10
4.75766e-11
-3.43247e-10
-9.65909e-12
2.73367e-11
-8.83632e-12
-2.88299e-12
5.75468e-13
-6.19833e-13
-1.33855e-12
-1.57384e-13
-4.42936e-13
1.14312e-12
-1.81626e-12
5.54751e-11
6.83679e-11
-4.56798e-12
-4.92459e-12
3.18313e-12
1.80936e-13
-1.024e-13
5.07609e-13
2.82972e-10
-7.10226e-9
6.34604e-9
1.19129e-8
-9.66151e-9
8.85925e-9
-5.69074e-9
-1.29202e-8
1.31427e-8
-1.16186e-8
1.49728e-8
-1.29807e-8
1.2558e-8
-8.26827e-9
8.64268e-9
-5.22593e-9
-5.25432e-9
-6.48296e-9
-3.6718e-9
5.79572e-9
9.34628e-9
2.00801e-10
2.43917e-10
-1.13018e-9
1.82192e-9
-1.76554e-9
2.11242e-9
-1.27267e-9
1.95914e-11
-7.7021e-9
5.83226e-9
3.61429e-9
-2.18591e-9
-1.66386e-9
-1.09854e-9
-8.05051e-10
1.02274e-9
1.34544e-9
1.48341e-9
-1.01392e-9
4.61949e-9
-2.143e-9
1.89553e-9
-8.79448e-9
-4.48493e-10
3.28592e-10
4.32682e-11
1.32076e-10
8.65111e-11
-1.13289e-10
-4.89046e-11
-5.15249e-8
1.20434e-8
9.33423e-9
-1.33867e-8
2.33361e-11
-5.07292e-11
-8.59328e-12
1.58685e-11
-6.47997e-7
1.07631e-7
1.30798e-7
1.80484e-7
2.95549e-12
-5.71871e-12
-8.59395e-13
1.37003e-12
-3.66401e-6
3.75311e-7
1.45448e-6
3.11116e-6
2.32956e-13
-4.29304e-13
-4.14237e-14
8.60771e-14
-6.59334e-5
3.2041e-5
-1.32277e-6
8.71185e-5
-0.000101067
2.62357e-5
2.21366e-15
1.008e-14
-3.50576e-14
6.13146e-15
-9.94312e-15
-2.91092e-16
2.34265e-15
0.000737889
4.85945e-5
-0.000660073
0.00438784
-0.0032361
0.000151176
2.32562e-15
-1.30304e-15
-9.57968e-18
2.59141e-16
-3.89391e-15
7.73093e-16
-0.00583444
0.0052108
9.42964e-15
-1.94952e-15
-0.00310232
4.45111e-15
-0.0168953
0.0228325
-0.0143416
0.0322817
-0.0300775
0.0201199
0.0134238
-3.74999e-14
1.9553e-14
-6.20186e-14
-6.06824e-15
-7.0456e-16
1.19498e-15
1.93071e-14
-5.74777e-15
-0.0415985
0.0277929
-0.013403
-5.63758e-14
1.42772e-14
-5.48713e-15
0.0473317
-0.031166
0.0111128
-2.99307e-14
4.68637e-15
-3.13031e-15
-0.08045
0.0367088
-0.0200126
-7.57765e-15
3.48058e-15
-1.74156e-15
0.0209495
0.00774793
-6.21902e-14
-1.44739e-15
-0.00754927
-0.00299189
0.00212232
-0.00303775
-3.81617e-14
1.18207e-14
2.17211e-14
-9.24873e-15
1.19649e-16
-0.000453753
0.00108686
3.60254e-14
-1.21533e-14
0.000148538
0.000107817
-7.09101e-14
1.37186e-14
-2.39293e-5
-1.72836e-5
-2.18896e-6
-2.64791e-5
5.7369e-14
-3.67427e-14
4.26464e-14
-2.91835e-14
-3.56822e-15
3.27471e-6
1.67569e-7
2.32462e-14
-1.02661e-14
-1.52285e-6
-2.73162e-7
4.51562e-7
1.72662e-7
-1.05388e-14
1.5497e-14
-4.16312e-15
-2.23319e-15
1.95436e-15
-3.76182e-15
-8.13883e-8
-1.45024e-7
-3.14271e-9
6.01067e-9
-1.10958e-14
-1.18742e-14
-1.5698e-15
2.87121e-15
9.14687e-9
-1.58415e-8
-3.96476e-9
-7.57379e-10
1.59711e-13
4.40945e-14
1.82129e-15
5.49539e-15
8.72807e-10
2.13261e-10
-1.40409e-10
-8.29024e-11
-5.41779e-11
1.57799e-13
-2.03591e-13
1.55269e-16
-4.53931e-14
4.9474e-11
2.7777e-11
4.70728e-11
-2.40362e-12
-6.35667e-13
-2.88351e-11
-1.56364e-11
4.5231e-12
3.57525e-13
-1.00038e-12
1.8881e-13
-8.53387e-14
-4.83504e-14
-8.637e-15
4.39539e-16
3.55409e-15
2.37972e-14
-7.45507e-15
1.17627e-14
3.47276e-12
-6.60998e-13
6.53435e-12
1.29898e-12
3.16568e-12
-1.51233e-12
1.99006e-13
1.37613e-13
-3.56085e-14
4.0218e-14
4.70122e-16
1.23074e-15
6.46072e-16
-5.95772e-15
-6.37654e-13
-9.11499e-14
3.06117e-13
-9.30244e-14
-2.18438e-14
1.62358e-14
-9.9092e-15
8.36199e-10
3.26231e-9
-7.3567e-9
5.66591e-9
-1.52018e-9
9.31061e-9
-7.73433e-9
-8.87265e-9
6.64689e-9
4.84228e-9
-3.34262e-9
-2.55689e-9
-1.92069e-9
1.67382e-9
-2.27208e-9
-3.78768e-9
3.89719e-9
-5.15173e-9
5.45585e-9
-1.7648e-9
3.01111e-9
-3.73976e-9
1.76545e-9
1.31308e-9
-3.17853e-10
-4.36168e-10
-3.04414e-10
3.02965e-10
2.78007e-8
1.03628e-8
-3.12119e-9
1.077e-8
7.50609e-10
-2.48359e-10
5.92601e-11
8.00528e-11
6.37223e-11
-6.17726e-11
-3.23501e-8
-5.66356e-9
-2.06574e-8
2.95701e-8
-1.37357e-7
-7.16126e-8
3.25776e-11
-2.14601e-11
-3.48157e-12
-9.76044e-12
-6.04889e-12
9.19006e-12
3.20148e-12
1.40959e-6
-4.33225e-7
-8.35378e-7
6.07369e-7
1.20372e-13
-1.12037e-12
2.55334e-13
1.14913e-12
1.69715e-13
6.05301e-5
-1.05057e-5
-1.30314e-5
-7.56474e-5
3.20912e-6
4.69149e-14
-7.8214e-14
1.23959e-13
7.59518e-14
1.99187e-14
-0.000751926
4.73873e-5
0.000462144
-0.00041642
-0.000208088
-2.90121e-15
-1.78278e-15
-1.07756e-14
3.00856e-15
7.83375e-16
-0.00503914
0.00323972
-0.00608755
0.0282722
-0.0133397
0.00604116
1.52225e-16
-8.66811e-17
-3.47977e-16
7.75472e-17
2.87706e-16
-4.97516e-17
-0.034655
1.10394e-16
-0.041932
0.0391466
-0.0477909
0.0894019
-0.0553862
0.0889649
2.49868e-15
-8.7927e-16
-2.79794e-16
1.2071e-16
1.64082e-15
-5.24566e-16
-0.0836501
0.0615198
1.39894e-15
-4.60491e-16
0.0785984
-0.0782968
7.08409e-16
-3.57448e-16
-0.113349
0.102883
4.12023e-16
-1.44961e-16
0.00800183
0.00229462
-0.00574939
-0.00101226
0.00110874
-2.11175e-15
9.25131e-16
3.40226e-15
-1.24553e-15
2.52244e-16
0.00043697
-0.000481714
6.73685e-15
-1.89513e-15
-3.07246e-5
1.16292e-5
-2.53376e-6
-3.31447e-6
9.80771e-6
2.88605e-14
-1.84184e-14
2.15206e-14
-1.24019e-14
-5.8956e-16
-1.47702e-6
4.06511e-7
4.25746e-9
-1.08089e-7
2.69414e-7
7.09602e-16
-1.54339e-15
1.811e-15
-1.15432e-15
-1.32699e-15
1.28262e-8
5.66555e-8
-1.65443e-16
1.25671e-16
1.96398e-8
-1.03544e-8
-1.65034e-8
2.65968e-9
-1.17462e-15
-3.13095e-16
1.78428e-16
-5.80705e-17
-2.54079e-16
6.13985e-9
3.99786e-9
-2.36783e-9
-4.18136e-11
-1.52785e-15
8.52846e-16
-1.49553e-16
-1.42395e-16
9.43577e-10
3.97881e-10
-7.64188e-11
1.67119e-12
-1.53117e-11
-3.58131e-16
-9.23073e-16
-9.55163e-16
7.02283e-16
-4.3511e-16
1.14592e-11
-1.24898e-12
2.93189e-12
-1.16066e-12
-1.00476e-12
-1.47826e-12
3.44574e-16
-5.8774e-16
1.22793e-15
6.43437e-16
-1.60893e-16
4.95744e-16
2.88663e-13
2.99428e-13
3.14725e-13
4.21699e-13
7.70029e-14
-4.3413e-14
-4.41203e-14
2.82063e-14
-1.17878e-15
-2.8256e-15
1.81965e-15
-1.86643e-16
3.419e-16
-4.18286e-16
-3.7224e-15
-1.19269e-15
1.76555e-14
2.40288e-15
-7.06232e-15
3.83703e-16
5.08017e-16
-3.57592e-9
-5.43118e-11
4.72049e-9
-3.31801e-9
3.18459e-10
5.778e-9
-2.67204e-9
-7.22916e-9
3.46165e-9
5.14321e-9
-1.20837e-9
-2.68894e-10
1.42073e-9
-1.46861e-8
1.16378e-8
-1.65418e-8
2.08118e-8
-6.5654e-9
1.16204e-8
-8.84626e-10
2.62545e-10
1.8665e-10
6.19255e-11
-2.51264e-11
-4.24534e-11
1.04492e-11
-5.71792e-8
9.03984e-8
-3.82034e-8
2.31005e-8
-6.54327e-8
-5.4801e-11
-3.62307e-11
1.2954e-11
2.29755e-11
-1.09002e-11
9.64824e-7
-1.52291e-6
5.94013e-7
-3.07764e-7
1.21809e-6
1.48234e-11
2.87103e-12
-4.62205e-12
-5.40014e-12
4.42695e-12
5.23513e-6
-8.5733e-6
5.71372e-6
-3.18282e-12
-2.17039e-12
2.67798e-12
1.95833e-5
-3.34392e-5
2.4762e-5
-4.148e-13
1.26224e-13
3.61742e-13
9.34334e-5
6.72706e-6
-0.000123354
0.000236448
9.34215e-5
9.5245e-15
-2.83688e-14
4.73822e-14
2.33807e-14
7.96186e-15
0.00080675
-0.00108626
0.00155006
-0.00876961
-0.00141204
7.32773e-17
-1.01593e-15
-3.85191e-15
8.3672e-16
2.23944e-16
-0.0417495
0.0252531
-0.0195696
0.112287
-0.0658183
0.0238982
3.89611e-17
-5.0121e-17
-1.77071e-16
4.21489e-17
5.93943e-17
-1.89415e-17
-0.11166
4.14408e-17
-0.0982013
0.104619
-0.0996308
0.17498
0.153269
-0.125972
-0.113213
0.194229
1.99472e-16
-2.79819e-17
1.17845e-16
-5.83045e-17
-0.121934
0.0974806
0.110902
9.94807e-17
-5.7208e-18
0.123737
-0.0701292
-0.103517
1.37949e-16
-6.85714e-18
-0.106729
0.0311958
0.122659
-1.70739e-16
3.80161e-17
0.012222
0.00443425
-0.00838737
-0.00106084
0.0012316
-2.0223e-16
2.52856e-16
1.0119e-16
0.000137003
-0.000399269
1.02246e-15
-4.08933e-16
1.38005e-5
-3.12416e-6
4.44364e-6
1.14007e-6
-9.27677e-7
1.26136e-14
-6.90083e-15
7.8493e-15
-3.58235e-15
5.33491e-16
3.64353e-7
-7.24613e-8
-4.13438e-8
2.22004e-8
-5.70737e-8
1.56953e-15
-1.40094e-15
1.74882e-15
-9.02332e-16
-2.18089e-16
1.60022e-8
2.44215e-10
-1.49796e-9
5.64185e-10
9.18631e-17
8.6576e-17
-1.48145e-16
-7.76823e-10
1.64699e-10
-1.86941e-9
2.19981e-16
4.89287e-18
-1.25562e-16
1.21455e-10
3.81672e-10
-3.21142e-10
-5.25116e-11
-7.49471e-17
-1.16314e-16
2.1075e-16
-2.40324e-16
9.69891e-11
5.73419e-11
-6.96931e-13
-2.31187e-12
-2.21125e-13
2.90415e-17
-2.59625e-17
-6.16667e-17
7.43389e-17
-4.66283e-17
2.27291e-12
6.75636e-15
-3.76043e-14
-8.53291e-14
-1.06982e-13
-1.39526e-13
-4.2802e-16
-4.70742e-18
-7.33291e-17
1.14633e-16
-2.47315e-17
1.07683e-17
9.10739e-15
3.32074e-14
2.82008e-14
2.52413e-14
-1.91215e-15
-6.26953e-15
-3.22195e-15
-3.54993e-15
4.70965e-16
2.08099e-15
-9.69748e-17
5.48019e-17
1.20782e-16
-5.59847e-17
6.23562e-17
1.51175e-15
1.25246e-15
4.41127e-16
-6.64015e-16
-1.64962e-8
-1.64301e-8
1.34593e-8
1.60312e-8
-1.23968e-8
1.19443e-8
-1.15608e-8
9.94956e-9
-5.33832e-9
1.89305e-9
5.37974e-10
-1.10861e-9
2.24787e-10
4.32699e-10
-2.46274e-10
-2.44551e-10
7.05337e-11
3.89374e-12
1.01784e-11
5.29451e-12
3.81618e-8
4.70791e-8
-1.33612e-8
1.85919e-8
-3.3471e-8
2.18599e-12
-4.11443e-12
-3.60179e-12
1.13766e-13
1.20429e-12
-1.19865e-6
-9.72455e-7
2.61554e-7
-1.52905e-7
6.35695e-7
6.09957e-13
3.02324e-12
7.03004e-13
-7.13949e-13
2.28113e-13
-5.82817e-6
-4.07863e-6
3.70925e-6
-1.20557e-12
-1.53175e-12
1.20266e-12
-2.37796e-5
-1.4133e-5
1.56605e-5
-9.48312e-13
-6.65054e-13
7.81763e-13
-9.24168e-5
-4.84927e-5
5.54361e-5
-1.25766e-13
3.60743e-14
9.48022e-14
-0.000433079
0.000315969
-0.000145697
0.00179317
0.000198178
2.71035e-15
-6.77093e-15
7.04814e-15
4.10886e-15
2.704e-15
0.00738491
-0.00563167
0.00220464
-0.0258474
-0.00273327
1.64142e-16
-3.78124e-16
-6.79918e-16
2.63853e-16
9.67919e-17
-0.149345
0.0837578
-0.0405989
0.0876583
0.246459
-0.173156
0.0341872
-2.49995e-17
2.26957e-17
1.53806e-18
4.90992e-18
-2.4716e-17
-0.228383
-6.03183e-17
4.32469e-18
-5.92926e-18
-1.0248e-17
-1.26271e-17
-2.00696e-17
-3.6459e-17
-0.00157163
-6.88617e-17
3.37297e-17
0.00148476
-8.80776e-5
2.94037e-17
2.08871e-17
-0.000219927
0.000192612
-3.05397e-17
-3.14534e-5
2.24757e-5
-1.13685e-16
2.81176e-17
3.75754e-6
2.57225e-6
-6.50267e-7
-4.17325e-7
3.72492e-15
-1.01532e-15
7.18241e-16
4.3529e-8
6.65741e-9
-2.1083e-8
1.20341e-9
2.05047e-8
9.71503e-16
-3.88334e-16
5.91414e-16
-1.95186e-16
3.55448e-16
-8.22177e-9
1.39939e-9
1.96331e-9
-1.70761e-10
-2.34118e-17
8.32654e-17
1.59287e-17
-5.17599e-11
1.89169e-10
-1.88014e-11
7.67071e-17
6.42595e-17
-8.46033e-17
-8.72755e-11
4.22775e-11
-9.56591e-11
-1.74578e-17
1.32636e-16
-1.68841e-16
-9.79626e-12
2.42688e-11
-2.7075e-11
-9.24181e-12
-1.24346e-17
-4.17848e-17
3.85008e-17
-4.25703e-17
7.49747e-12
4.49122e-12
3.47735e-13
-4.78531e-13
6.7051e-14
-3.10493e-17
3.90053e-17
-3.78244e-18
1.46934e-17
1.44666e-17
2.49536e-13
5.22427e-16
-1.66323e-14
-3.60651e-15
3.6043e-15
-1.10653e-14
-3.94438e-15
7.5765e-18
-4.91674e-17
-9.10682e-19
1.92697e-18
-5.89752e-17
3.24255e-17
-3.58074e-17
6.79908e-17
3.25298e-15
1.49184e-15
1.68855e-15
4.20684e-16
-5.60145e-16
-2.55515e-16
4.99524e-17
1.33306e-16
5.57729e-17
1.27865e-17
8.38101e-9
-8.02797e-9
-7.53797e-9
4.84719e-9
-4.81553e-9
5.04143e-9
-3.84261e-9
-2.49873e-9
2.21681e-9
5.51009e-10
-8.44476e-10
1.42749e-10
2.027e-10
-1.63295e-11
-6.5972e-11
8.37813e-11
-5.6259e-12
-1.00975e-11
-1.06174e-11
2.83969e-12
-1.10241e-12
3.11618e-8
1.25017e-8
-9.77424e-9
-1.25121e-8
7.25924e-9
-5.25095e-9
-9.70548e-9
-6.29121e-12
2.02511e-12
1.98677e-12
-1.43904e-13
-1.70588e-13
-7.80681e-7
-1.30739e-7
1.93857e-7
2.89885e-10
-7.63415e-9
2.18169e-8
-5.13817e-13
1.67735e-13
6.60627e-14
-5.28228e-6
1.69045e-7
1.92266e-7
2.03749e-13
-5.41679e-14
4.41317e-14
-1.91561e-5
9.90189e-7
1.63334e-6
-3.02162e-13
-4.03956e-13
2.84089e-13
-6.68332e-5
3.77125e-6
6.16479e-6
-2.69593e-13
-1.98076e-13
1.87958e-13
-0.000213504
9.10024e-6
2.05387e-5
-1.6151e-14
8.889e-15
1.11178e-14
-0.00118068
0.000728418
-6.23424e-5
0.000340648
0.00318416
6.10282e-5
-8.15982e-16
3.71452e-15
3.77384e-16
-1.03766e-15
0.027093
-0.0111076
0.000801469
-0.0082948
-0.0582198
-0.0010649
5.03778e-17
-1.95423e-16
-7.54839e-17
3.7649e-17
-2.38223e-18
1.97031e-17
0.161937
-0.212708
0.151483
-0.127428
-0.186859
0.228011
-0.100505
-2.90753e-17
6.89759e-17
3.0056e-17
-5.63942e-17
3.01291e-17
0.167606
-0.183033
-5.0776e-17
4.23604e-17
-0.127229
0.146962
1.72152e-17
-4.65664e-17
0.0715092
-0.0833419
1.78787e-17
5.04518e-18
-0.0290059
0.0395288
6.86986e-17
-5.1549e-17
0.00653193
-0.00783822
1.23151e-18
-4.67063e-17
-0.00152021
0.00117037
1.84685e-17
5.49442e-17
-7.45608e-5
-0.00037991
-3.80124e-17
0.000111625
-4.63871e-6
2.55571e-17
1.26556e-16
-2.82761e-5
-1.14724e-5
-7.1584e-17
2.31298e-17
3.79881e-17
2.85104e-6
-1.94405e-6
7.48834e-17
3.81107e-7
-3.13395e-7
-2.69201e-17
-1.28026e-17
-1.43661e-7
8.78792e-8
3.7228e-8
-4.31788e-9
1.36692e-16
-7.01887e-17
-2.4273e-9
-5.69035e-9
-2.03476e-17
3.64702e-17
-6.11156e-10
2.25601e-9
-5.96857e-10
-4.87992e-18
2.04466e-11
2.12398e-10
-4.6239e-11
2.13627e-17
2.50687e-18
-3.96566e-17
-1.12247e-11
2.71698e-11
5.51782e-12
-3.53761e-17
1.04041e-16
-8.47099e-17
-8.82031e-12
2.41086e-12
-7.42073e-13
-1.00993e-17
2.82727e-17
-4.10027e-17
-2.34107e-12
4.35481e-13
-1.55811e-12
6.98948e-13
-5.93912e-13
-8.15061e-18
-6.41515e-17
-3.71808e-18
2.13494e-17
4.70265e-14
3.43459e-13
-5.71657e-14
-3.24167e-14
-1.17409e-14
6.161e-15
2.48422e-17
2.30676e-17
7.94721e-18
2.47898e-18
1.12647e-14
-1.03941e-15
-2.98111e-15
-7.78757e-16
-2.23466e-15
-1.71094e-16
-6.50134e-16
3.46641e-17
2.1721e-16
-4.73249e-17
-7.24463e-17
-7.50854e-17
1.47068e-17
8.24737e-18
1.13383e-17
-2.96972e-17
-5.87514e-17
5.29424e-15
-1.30966e-15
1.1591e-15
7.07574e-16
-3.43938e-16
9.68817e-17
1.79916e-16
2.23244e-16
6.14907e-17
-2.23432e-9
2.26177e-9
2.42247e-9
-1.27725e-9
-1.56313e-9
9.3783e-10
7.14858e-10
-4.9159e-10
-2.46993e-10
1.91459e-10
8.95582e-11
-6.28109e-11
-2.52776e-11
1.4198e-11
5.42827e-12
-3.92753e-12
-4.09853e-9
2.43893e-9
6.50692e-9
-4.28713e-9
2.05185e-9
5.20062e-9
-4.06044e-13
5.52129e-13
-1.40795e-13
-6.30258e-13
1.3925e-13
1.01941e-13
3.2275e-9
-2.56631e-9
3.53754e-9
-1.46431e-9
2.36926e-14
6.58248e-14
-6.84251e-15
-3.38064e-14
-2.47867e-7
-8.37449e-8
6.46138e-8
-3.71771e-8
2.07449e-8
-1.99931e-14
1.10083e-14
-2.61748e-15
-2.10696e-6
1.39681e-7
1.71978e-8
3.77247e-14
-3.6005e-15
1.31858e-16
-7.23584e-6
1.06473e-6
1.91715e-7
-6.38811e-14
-7.49079e-14
6.21429e-14
-2.09241e-5
3.13527e-6
6.07163e-7
-4.14425e-14
-4.89478e-14
3.34904e-14
-0.000113683
5.47675e-6
2.19003e-5
1.2597e-6
-4.65409e-15
1.07155e-14
1.33915e-15
-2.41179e-15
0.00265902
0.000498999
-0.000763725
-0.000173401
2.60954e-16
-3.60651e-16
1.70762e-17
5.50001e-17
-0.0459108
0.0566171
-0.0259514
0.0210501
0.0890346
0.00997234
5.46317e-17
-1.16426e-17
-6.40007e-17
5.78986e-17
1.27756e-17
4.61629e-18
-0.0669078
0.129947
-0.101876
0.0588347
0.0818235
-0.0422287
-0.127784
0.0951361
-7.25332e-18
2.66325e-18
1.23719e-17
-8.65467e-18
-0.0634899
0.0363626
0.0964973
-2.02617e-17
-6.90352e-18
0.0360486
-0.0218235
-0.054218
2.91513e-17
-2.11211e-18
-0.0148454
0.00909498
0.021975
6.42085e-17
-7.32148e-17
0.00472434
-0.00273036
-0.00584102
6.31507e-17
-3.71788e-17
-0.00146258
0.000630424
0.00154484
-1.27748e-16
8.18367e-17
6.13789e-5
-0.000112631
6.93997e-6
-6.53102e-17
9.35052e-17
-1.17673e-16
-8.23844e-7
9.29421e-6
5.46069e-17
-2.43131e-6
1.12703e-6
3.33426e-18
6.45964e-18
4.15456e-7
-1.52872e-8
1.52853e-17
3.51872e-17
-2.21016e-8
1.11659e-8
9.60104e-18
-7.97225e-18
3.8398e-9
3.10028e-11
1.58961e-17
-1.397e-18
-4.11308e-10
2.38443e-11
-5.45506e-17
4.71806e-17
1.66787e-11
6.10181e-11
-5.92726e-11
9.09772e-17
-3.33678e-13
1.71425e-11
-3.11292e-12
3.65965e-18
2.1391e-16
-1.8257e-16
-9.85949e-13
1.77023e-12
1.47664e-12
4.03695e-17
1.29112e-16
-9.79972e-17
-3.91671e-13
3.96025e-14
-8.07699e-14
-5.58646e-14
1.6196e-17
-5.58409e-17
9.96279e-17
-7.85769e-17
1.04895e-14
-1.01887e-13
-4.9946e-14
-1.63047e-14
-1.42815e-17
-2.20753e-17
1.57989e-17
3.26677e-17
-1.80679e-14
-5.29975e-15
1.10099e-15
-2.59907e-14
1.19931e-14
4.30195e-17
-1.50184e-17
2.74054e-16
1.86391e-16
-3.69741e-17
4.09964e-14
-2.47474e-14
-1.45616e-14
-1.54366e-15
-6.84954e-15
-4.06522e-15
1.03332e-15
-4.2232e-16
-1.655e-16
-9.30756e-16
-6.52455e-17
-3.34843e-16
1.15835e-16
-5.6802e-16
-2.66976e-16
1.92077e-14
-3.55647e-15
2.27213e-15
-1.14051e-15
3.60332e-15
2.04677e-15
1.77452e-9
-1.03868e-9
-2.34679e-9
7.09063e-10
-1.18829e-9
7.65854e-10
1.1112e-9
-6.79131e-10
3.54806e-10
-1.56376e-10
4.57482e-11
-7.87021e-12
1.3843e-12
2.97139e-13
-1.24572e-13
1.33842e-13
-1.27736e-13
2.11673e-14
-1.41442e-9
6.54894e-10
-1.22391e-9
6.13333e-10
-4.18349e-14
-1.44831e-14
8.67144e-15
1.87092e-15
5.15717e-9
-3.36208e-9
4.11789e-10
-5.20727e-10
5.43461e-15
6.15463e-15
-1.5142e-15
-2.97395e-15
-1.13451e-8
-1.9655e-8
6.09421e-9
2.12778e-9
-1.43321e-8
6.50113e-9
-1.15271e-17
2.28808e-15
-8.22032e-16
-7.05086e-15
-1.15679e-7
-2.27403e-8
1.77008e-8
1.33888e-8
2.8831e-14
-1.62722e-14
-4.32642e-7
-4.96146e-8
1.03402e-7
-1.62419e-7
1.31221e-14
-1.03694e-14
-4.95387e-6
7.23084e-7
3.2146e-7
1.18779e-7
-7.27025e-15
-1.80058e-17
1.95668e-15
-2.68804e-15
0.0001909
5.64189e-5
-4.21328e-5
-1.55207e-5
6.81711e-16
-1.22003e-15
-3.00552e-16
9.64572e-16
-0.00857456
-0.00338033
0.00300142
0.000994566
-2.59688e-17
2.33786e-16
5.51373e-17
-1.40662e-16
0.0315167
-0.0702673
0.0288857
-0.0180576
-0.0472045
0.0140359
-0.0149891
4.70573e-19
-4.1949e-17
-6.2586e-17
8.10867e-17
4.02201e-17
-3.87394e-17
-1.41299e-17
-1.23813e-17
-5.07156e-17
1.75916e-17
8.0297e-17
-6.89989e-17
2.12378e-5
1.56638e-16
1.61695e-5
1.09235e-5
-6.18716e-6
1.32148e-5
-1.33333e-16
1.03951e-16
-5.49789e-17
-3.62038e-16
-4.98859e-6
1.58932e-6
-4.81486e-7
-1.09802e-17
-1.73219e-17
-2.56849e-8
1.43025e-7
2.67133e-17
1.50239e-17
-1.23357e-8
-2.10111e-9
-1.83612e-18
1.08605e-17
-3.65776e-10
-1.78304e-9
-1.99487e-17
-1.45949e-17
3.66991e-10
-6.14805e-11
5.32028e-17
-3.81878e-17
-1.6473e-11
1.97724e-11
6.3738e-12
-5.07791e-17
7.64411e-18
-5.24412e-13
-2.93438e-12
-2.98665e-12
1.37983e-12
-8.07517e-17
8.38901e-17
-2.49358e-13
-1.26338e-12
-3.98063e-13
3.17624e-12
-1.18994e-17
7.6518e-17
-5.95935e-13
3.8048e-12
7.41646e-13
-4.17277e-12
3.85124e-18
-2.65784e-17
1.85108e-17
4.23406e-13
-7.9706e-14
2.26199e-14
3.32347e-13
6.78433e-18
-5.05195e-17
-8.1158e-18
-4.88755e-17
-9.36755e-13
2.52434e-13
1.30637e-13
-3.48764e-13
1.13997e-16
-8.15986e-16
2.17192e-16
4.52444e-17
-1.90163e-13
-8.92927e-14
4.45753e-14
-1.01799e-13
6.18159e-14
-1.86376e-15
-9.53218e-16
2.26591e-15
3.25052e-15
-6.51509e-16
-1.9494e-13
-7.36345e-14
-1.57818e-14
-6.86685e-14
1.07085e-14
-1.21166e-14
7.25468e-15
-8.08056e-15
-1.19963e-14
2.97394e-15
-3.42843e-15
5.79413e-10
-3.97093e-10
-6.29484e-10
1.79577e-10
4.30962e-10
-1.92237e-10
-2.39126e-10
1.63547e-10
1.54267e-10
-1.4074e-10
-4.40561e-11
5.49182e-12
1.2554e-11
-1.60687e-12
-2.25948e-12
4.41602e-13
5.0732e-10
-2.45501e-10
4.72505e-10
-2.01226e-10
-7.2588e-10
1.33626e-14
7.21103e-15
2.50283e-15
-1.61213e-14
4.64363e-15
-2.0433e-10
8.3455e-11
-2.78118e-10
1.0389e-10
-3.17546e-15
-4.34057e-16
-3.51042e-16
3.43524e-16
2.33128e-9
-1.2197e-9
3.35637e-10
-2.27294e-10
6.28399e-16
4.76851e-16
-2.09862e-16
1.41988e-16
-2.89041e-9
1.09179e-15
2.22045e-16
-2.73335e-16
-3.15705e-9
-2.93145e-15
1.23361e-15
-1.03719e-15
-2.13109e-8
3.65422e-15
1.01743e-14
-9.87871e-15
-3.49205e-8
9.60872e-15
1.15198e-14
-1.98465e-14
8.35707e-6
3.95713e-6
-1.9024e-6
-3.68865e-7
3.27642e-15
-9.04317e-15
-2.94962e-15
7.77517e-15
-0.000917007
-0.000250782
0.00024166
5.29426e-5
-8.11129e-16
2.26878e-15
5.2517e-16
-1.53152e-15
0.00763879
0.00607342
-0.00322914
-0.00216443
9.22281e-17
-2.9373e-16
-3.45523e-17
1.79516e-16
1.08192e-17
0.0172872
-0.0336135
0.018287
-0.0106792
-0.0200838
0.00585334
0.0355762
-0.0151969
-2.78286e-17
1.42461e-17
-1.21349e-17
1.36867e-17
0.0151069
-0.00677093
-0.024635
2.37157e-17
-3.98872e-17
-0.00902535
0.00598363
0.0142159
-3.40119e-17
2.41197e-17
0.00582922
-0.00517083
-0.00638046
4.04738e-17
-2.73377e-17
-0.00160446
0.000208325
0.00173543
-2.80468e-16
1.15327e-16
0.000420546
-3.39024e-5
-0.000244772
4.68892e-16
-1.10985e-16
-7.64412e-5
1.28628e-5
-1.76875e-16
4.66116e-16
8.67987e-7
3.29206e-17
-3.46918e-7
-4.07246e-7
5.83697e-17
-2.87946e-16
1.78212e-7
-6.67155e-8
8.1117e-18
-3.74222e-17
1.4268e-8
-8.05294e-10
6.11876e-18
3.64597e-17
-2.32851e-9
6.2979e-10
3.35272e-17
-1.93075e-18
-1.81828e-10
-6.90052e-10
-2.23171e-17
2.20493e-17
2.1566e-10
1.47162e-18
1.68469e-11
-7.1117e-17
1.12681e-17
-3.23461e-17
2.60509e-12
-2.09584e-17
-5.3742e-17
4.92834e-17
-1.60174e-11
7.89865e-17
-7.26058e-17
7.6542e-17
1.50351e-12
-1.56245e-12
2.47465e-12
4.11292e-17
-1.29682e-17
3.3099e-17
4.52046e-17
-2.23009e-17
6.38644e-12
1.38397e-12
1.45528e-13
4.20657e-12
1.74365e-16
-8.17313e-16
6.79657e-17
-4.69428e-17
-1.17599e-11
2.20366e-12
7.56592e-13
-3.43632e-12
3.48946e-15
-1.87304e-14
3.46817e-15
-4.12459e-16
2.28789e-12
-1.0914e-14
8.54616e-13
3.18692e-13
-1.1115e-12
-2.45632e-14
5.5327e-14
-2.57786e-14
1.11789e-14
3.48818e-14
1.42034e-14
3.02133e-14
-6.18336e-14
5.15001e-14
-1.34398e-14
-6.25492e-14
-2.21959e-13
7.28878e-14
-8.35853e-16
-1.47297e-13
-1.69677e-13
-2.35527e-10
1.22695e-10
3.44716e-10
-8.14822e-11
1.05683e-10
-7.314e-11
1.21039e-10
-7.20015e-11
-1.0638e-10
8.98704e-11
3.37904e-12
-5.04748e-12
6.37038e-13
-1.1787e-12
-3.93807e-13
6.00417e-13
2.54512e-14
9.8462e-14
1.05033e-10
-4.08936e-11
1.12251e-10
-3.52283e-11
-2.91638e-14
5.16958e-15
-8.70635e-15
1.56521e-15
-3.07637e-11
1.3349e-11
-3.59565e-11
1.16845e-11
-5.22841e-16
1.62966e-17
-3.13268e-16
1.35793e-16
1.20945e-9
4.7121e-10
-1.98719e-10
-2.15062e-10
1.23184e-10
-4.05042e-11
-9.77973e-17
-2.68878e-16
2.63288e-16
1.61737e-16
2.9621e-9
-3.55158e-10
5.22786e-11
-6.04763e-10
-1.36097e-15
4.8312e-15
1.19128e-8
1.16314e-9
-1.29007e-9
1.12896e-9
-7.89427e-15
2.75417e-14
7.06495e-8
-1.30742e-8
-3.19493e-9
-6.33564e-9
-1.12282e-14
3.23405e-14
3.73891e-7
-4.7173e-9
-2.65052e-8
8.08218e-9
2.07022e-14
-4.05868e-14
-1.80945e-14
3.72888e-14
-5.32318e-5
-8.96309e-6
9.20347e-6
1.19787e-6
-5.9565e-15
1.3736e-14
4.0465e-15
-9.5213e-15
0.00116097
0.00068976
-0.000396683
-0.000191949
8.36495e-16
-2.20832e-15
-3.99927e-16
1.2845e-15
-0.00475037
0.00909349
-0.00342477
0.0022548
0.00756585
-0.00182357
0.00174828
-9.35787e-17
3.32694e-16
2.06582e-18
-5.21677e-17
0.00297173
8.04929e-18
-0.00235977
-1.82914e-17
2.04937e-17
4.8234e-19
-2.16321e-17
7.39766e-18
-0.000146633
7.60113e-5
-5.50679e-17
-3.11043e-17
4.65359e-17
1.21694e-5
-2.43999e-5
-5.99054e-16
5.48846e-16
-7.8218e-6
1.15134e-5
-1.63329e-6
6.99834e-16
-4.01279e-16
7.76458e-7
1.73325e-6
-5.18394e-7
2.08555e-17
2.7348e-17
7.21768e-8
-1.65079e-7
3.82679e-19
-1.51786e-16
2.328e-8
-7.10509e-9
-2.70134e-17
-1.64172e-17
2.34897e-9
-5.82873e-9
1.49154e-17
3.88546e-17
6.62439e-10
4.47335e-11
2.63248e-17
2.89858e-17
-9.17373e-11
-7.96059e-10
3.37796e-10
2.61901e-19
-3.04129e-17
-3.4323e-14
4.63051e-12
-9.5625e-12
6.17577e-11
-7.86408e-17
6.51375e-17
-1.78154e-13
3.34362e-11
-3.85355e-12
-2.87933e-11
-3.55045e-17
7.53319e-17
4.13242e-11
4.02966e-11
2.17432e-11
-2.86122e-10
5.39724e-17
-5.30825e-17
-2.07669e-11
7.2121e-11
8.54944e-12
-8.49721e-11
-1.70677e-17
-3.10062e-17
-1.12696e-16
3.03667e-10
-6.02452e-11
-3.08475e-11
1.39048e-10
1.12544e-16
-2.6651e-16
2.68781e-17
1.40602e-16
-1.91252e-10
5.30018e-11
1.29163e-11
-5.50437e-11
3.19976e-15
-1.79538e-14
1.28959e-15
-1.78459e-16
5.80854e-11
-8.20634e-12
-7.09112e-12
2.32695e-11
3.3957e-12
2.90403e-13
8.32792e-14
-3.20417e-13
4.73156e-14
-8.44221e-15
-5.10799e-12
-8.66511e-14
4.41296e-13
-7.82765e-13
6.9682e-13
-1.32794e-13
1.83348e-14
-7.49335e-13
5.58543e-13
-6.746e-13
4.9458e-13
-6.30788e-11
5.0451e-11
8.80844e-11
-3.45116e-11
-6.64295e-11
1.7161e-11
8.82184e-12
7.8244e-13
-6.5607e-11
3.02395e-11
-1.7887e-11
1.90073e-11
-5.92029e-11
2.6504e-11
7.11242e-11
-2.59842e-12
-1.86029e-12
3.08052e-12
-5.30263e-13
5.81153e-13
1.12303e-13
-1.91267e-14
1.3125e-11
-4.86452e-12
1.59444e-11
-1.21173e-12
-8.69955e-15
2.27126e-15
-5.9806e-15
1.62415e-16
-7.26339e-12
3.03658e-12
1.10243e-11
-3.88501e-12
2.61211e-13
9.90092e-17
-1.36492e-16
1.24711e-16
-4.17446e-16
-9.79877e-17
7.70721e-11
3.52852e-16
2.10225e-12
3.56547e-16
-1.64797e-15
4.0546e-15
2.0208e-10
-6.87078e-15
-1.49256e-14
2.89993e-14
4.09243e-11
-6.42881e-14
-6.68923e-14
1.13862e-13
4.23913e-9
-3.0964e-9
7.11865e-14
-6.54034e-14
-9.19597e-7
-3.00937e-7
3.18199e-7
-4.17445e-7
-2.86687e-14
5.36032e-14
1.75967e-14
-4.10505e-14
0.000118027
4.51333e-5
-2.97075e-5
-8.73719e-6
4.90174e-15
-1.10154e-14
-2.31534e-15
5.80865e-15
-0.00105209
-0.000470488
0.000379768
-0.000277614
0.000185603
-8.43484e-16
1.69517e-15
-2.44289e-16
0.000367493
4.0969e-17
-2.20418e-17
-1.53974e-17
2.15233e-17
-0.00207732
0.00415592
-0.00231217
0.00147392
0.00293839
-0.00102525
-0.00375177
0.0021113
-6.34334e-17
5.4753e-17
1.69331e-16
-1.08019e-16
-0.00224487
0.000494371
0.00320643
-1.73229e-16
1.76004e-17
0.000287481
-1.12618e-5
-3.55319e-17
-3.64285e-17
5.98855e-5
-3.50261e-5
5.74804e-16
-9.92619e-16
4.71577e-16
-1.00311e-5
1.09003e-5
3.11986e-16
-2.02407e-16
2.22437e-6
-5.20207e-7
-1.08647e-7
-4.7034e-17
8.52084e-17
3.3617e-8
-1.46785e-7
8.03238e-17
6.54062e-18
8.38013e-9
-8.08201e-10
8.83013e-18
-3.53551e-17
8.6818e-10
7.58582e-9
-3.72177e-9
-3.77396e-17
1.84799e-16
9.56808e-10
-3.42291e-17
6.36172e-17
-3.42015e-10
-3.96674e-17
-2.30533e-10
-1.1855e-17
-1.02062e-16
6.999e-17
-1.0757e-10
7.85395e-17
3.43464e-17
3.63574e-17
2.36657e-12
4.20798e-10
8.52912e-17
3.67359e-16
-2.64663e-16
-1.1858e-9
-5.13805e-10
1.75294e-9
-1.53957e-16
2.17344e-16
5.58317e-16
-1.89423e-16
-1.97316e-9
5.23595e-10
1.72981e-10
-6.0083e-10
1.06077e-15
-4.30922e-15
-1.38313e-17
-1.83547e-15
4.6912e-10
-1.29147e-10
-6.12544e-11
1.49478e-10
9.73271e-14
-3.93598e-13
-1.98912e-14
-2.83029e-15
-2.99146e-11
6.93343e-12
-5.67516e-12
1.53797e-12
-5.49429e-13
-1.89669e-12
7.382e-12
3.38604e-12
1.33875e-12
-3.26742e-12
6.24651e-13
-2.62237e-13
2.36381e-12
-1.37795e-12
3.99872e-13
-4.88774e-12
2.79392e-12
3.09023e-11
-2.60001e-11
-4.55866e-11
2.8444e-11
-3.04829e-11
2.70104e-11
-1.37539e-11
-1.50634e-11
1.39164e-11
9.43804e-12
-5.23228e-12
-2.44846e-12
-1.50897e-12
-1.6041e-11
7.24246e-12
-2.07714e-12
-3.58267e-12
2.96319e-12
-1.62025e-11
4.64478e-12
-9.61811e-13
2.32208e-12
-2.57042e-13
4.49316e-13
6.76201e-14
-3.71577e-14
-1.30175e-14
1.94165e-12
-1.09688e-12
2.47077e-13
1.50172e-12
1.40666e-15
2.36984e-15
3.02628e-16
-3.7826e-15
1.00302e-15
-1.12999e-12
-1.97752e-16
2.04949e-11
-2.6464e-11
4.07738e-12
4.67438e-12
-2.51451e-12
1.34488e-12
3.01161e-16
4.34749e-15
-2.13606e-15
-7.45598e-15
3.31937e-11
-4.92013e-11
-1.63812e-11
7.3529e-11
2.52833e-14
-3.40571e-14
9.11414e-10
-2.59225e-10
-4.68452e-11
-1.15051e-11
8.08537e-14
-1.27701e-13
1.04028e-8
-4.56639e-9
3.3531e-9
-8.40306e-9
-1.11392e-13
1.37839e-13
9.60414e-14
-1.19579e-13
-7.3102e-8
5.44136e-8
-7.42938e-14
5.38824e-14
6.21134e-6
1.50637e-6
-1.12145e-6
-2.49739e-6
1.21609e-5
1.83847e-14
-2.6717e-14
8.3491e-15
-9.25041e-15
-0.000127505
-4.94184e-5
2.5471e-5
3.66483e-5
-5.10094e-5
-3.23633e-15
4.7625e-15
-1.23854e-15
3.71789e-5
2.53e-16
4.933e-17
-2.53128e-16
0.00076863
-0.00163981
0.000664711
-0.000484865
-0.00121032
0.000535372
-0.000343904
-2.77664e-18
1.15521e-17
-1.97706e-17
-7.19419e-17
-0.000645475
5.53358e-18
0.000599867
1.46666e-17
-0.000263351
3.42282e-17
-0.000308567
0.000257199
2.8969e-16
-1.88875e-16
0.000190505
-8.02767e-5
-4.48215e-5
-5.32669e-16
4.78541e-16
-5.4055e-5
-2.30857e-5
4.75089e-16
3.84853e-5
-1.75519e-5
5.71626e-17
-4.6968e-16
1.48784e-16
-4.47468e-6
7.71498e-6
-6.83243e-17
5.80206e-17
1.21947e-6
-9.48653e-7
-1.19945e-7
4.73482e-8
-2.78216e-8
-1.79664e-16
1.19827e-16
-8.84859e-17
-4.44313e-17
-1.50042e-8
-2.08464e-8
6.26953e-9
2.85147e-17
-1.79464e-16
-8.74066e-10
4.31593e-10
2.67745e-17
-3.31036e-17
-2.70747e-10
-3.81042e-9
1.50281e-9
-9.34988e-17
1.79433e-17
7.58732e-10
7.38109e-10
3.45648e-10
-4.97218e-9
-1.51916e-17
5.97577e-17
-1.14127e-9
9.12309e-9
1.96474e-9
-1.25942e-8
-2.24597e-16
1.11502e-17
-1.52525e-9
2.30883e-9
-1.71815e-9
8.92562e-9
-2.89785e-16
-2.00328e-15
7.6277e-16
-1.1172e-8
3.69949e-9
-4.16304e-9
1.23137e-16
3.03599e-15
3.81896e-9
1.05185e-9
-2.43939e-9
2.16596e-15
-7.52531e-16
-8.4645e-15
1.89658e-15
6.99024e-10
-9.51181e-10
-3.21462e-10
5.8439e-10
4.59039e-14
-1.76712e-13
-8.20488e-15
-1.45976e-14
1.0217e-14
-1.93177e-10
5.29392e-11
-5.44971e-11
1.426e-11
9.90412e-12
-3.19959e-11
-1.12938e-11
-4.87247e-12
-2.41452e-12
5.18918e-12
-1.08967e-12
1.89519e-12
-6.40357e-13
3.11359e-13
2.72139e-11
-1.66694e-11
1.18253e-11
-6.4669e-12
5.34822e-12
-4.9784e-12
1.33124e-11
-1.34434e-11
2.10131e-11
-3.02784e-11
2.87416e-11
-2.36839e-11
1.49027e-11
-9.82798e-12
4.09044e-12
5.26866e-12
-3.83145e-12
-1.62828e-12
-8.15604e-13
1.68287e-12
-2.69352e-12
-1.48273e-12
-2.1272e-12
-4.04308e-13
9.45215e-13
4.33702e-14
1.03175e-12
-1.08959e-12
6.66138e-13
2.00818e-14
-8.76493e-16
1.34066e-13
1.21423e-13
-9.65667e-13
-1.1815e-13
9.60151e-14
-8.20212e-16
4.30485e-16
1.96567e-15
-4.89104e-15
1.3237e-15
1.39136e-12
-9.46896e-12
-2.7378e-15
1.26005e-14
4.47831e-11
-1.5161e-10
-1.74285e-14
5.56195e-14
3.16565e-10
-7.48387e-10
-6.45188e-14
1.27885e-13
4.74237e-10
9.74105e-10
-1.34206e-13
1.22648e-13
-2.10512e-8
1.92693e-8
-4.17692e-9
8.59117e-9
8.94318e-14
-9.91789e-14
-5.56712e-14
6.87324e-14
1.36229e-7
4.14347e-7
3.17753e-14
1.03399e-14
-1.82676e-14
-6.83302e-6
-9.20904e-6
2.81424e-6
-6.09627e-15
1.93258e-15
4.69457e-16
-1.23785e-15
0.000209321
9.85641e-5
-0.000119559
0.000219906
-3.14103e-5
5.55213e-17
-1.86335e-16
-1.12857e-16
-0.000369781
1.91933e-16
0.000390859
-2.22331e-16
-0.000341181
9.79817e-17
0.000195546
-1.37248e-16
-0.000131818
1.49723e-16
4.50103e-5
-3.10296e-16
7.52174e-5
-4.54784e-5
-7.87427e-16
5.91313e-16
-2.55624e-5
-9.51315e-6
3.32406e-16
1.0383e-5
-4.81712e-6
-3.95236e-17
-1.24327e-17
4.27459e-17
6.59111e-7
5.00018e-17
1.49198e-7
3.8425e-17
-1.27635e-16
-1.36377e-8
-7.11862e-10
-5.1563e-17
1.48178e-16
2.51893e-10
-6.20351e-9
1.0358e-9
3.25099e-17
-2.92046e-17
8.88579e-9
7.36267e-9
1.2957e-16
-9.08045e-17
-1.36367e-8
2.4203e-8
1.24807e-16
-2.28687e-16
-3.53552e-8
4.66358e-8
-9.82778e-19
-2.16038e-16
8.88304e-9
-3.39888e-8
2.22953e-15
-4.49235e-16
2.99523e-8
9.58e-9
-2.19857e-8
-1.16926e-15
-2.11221e-15
1.06276e-14
-6.82454e-15
1.4847e-8
-6.42339e-9
5.53643e-9
-6.74443e-16
-1.46345e-14
-3.55714e-9
1.45495e-9
-1.10828e-9
2.81497e-14
4.07696e-14
4.01286e-10
-2.63669e-10
9.79279e-11
4.35749e-11
-1.01373e-10
-1.53648e-12
4.98922e-12
-8.58255e-13
1.07109e-12
-4.14639e-13
6.18064e-11
-5.42037e-11
3.5823e-11
-2.30616e-11
1.35852e-11
-7.79265e-12
4.34349e-12
-4.01649e-12
6.62723e-12
-6.95246e-12
3.31709e-12
1.23466e-11
-2.23828e-11
2.82784e-11
-2.88854e-11
2.42242e-11
-1.6892e-11
1.05593e-11
-5.9409e-12
5.38049e-12
3.41267e-12
-5.00052e-12
-1.02632e-12
1.01918e-12
-6.55032e-13
1.49399e-12
-1.2056e-12
9.62744e-13
1.28601e-12
-1.35438e-12
-2.46321e-14
1.13558e-13
-1.36741e-13
-4.75355e-14
7.32206e-14
-3.98117e-14
-2.58176e-13
2.97632e-13
-1.49309e-13
-5.30621e-13
-1.43714e-14
2.72829e-14
8.1572e-15
-1.16746e-14
5.77021e-15
4.61241e-14
6.49916e-14
-8.38279e-16
-5.36173e-15
2.73145e-13
-9.80934e-16
-1.58735e-12
-1.90536e-14
-3.3762e-14
5.12442e-14
-5.80457e-12
-8.5495e-14
-7.55099e-14
1.13867e-13
-2.37258e-11
1.68068e-10
1.11064e-13
-1.01443e-13
-3.69037e-10
-1.82827e-9
8.895e-14
-6.7333e-14
-5.29437e-8
-1.21214e-8
6.22085e-9
1.48474e-8
-1.75814e-7
-3.53477e-14
4.31897e-14
-2.26071e-14
1.91687e-14
2.77902e-6
1.29671e-6
-5.77096e-7
-5.08338e-7
8.90063e-7
9.42661e-15
-1.10675e-14
3.67239e-15
-1.35633e-6
-1.71986e-15
1.67456e-15
3.34239e-5
9.59979e-6
-4.45728e-6
-2.58726e-5
7.17404e-5
5.26291e-16
-9.53941e-16
2.01601e-16
-0.000151506
1.41356e-16
0.000224301
-3.33086e-16
-0.000255068
3.13917e-16
0.000225453
-2.53576e-16
-0.00015179
1.63905e-16
9.40619e-5
-1.98737e-16
-4.70203e-5
1.48762e-16
4.32478e-5
-2.05387e-16
3.05385e-5
-4.06649e-5
-5.65345e-16
2.7717e-16
-7.86875e-6
8.89927e-6
-6.75844e-6
-1.17158e-8
9.51255e-17
-1.00263e-16
-1.0496e-17
1.07106e-6
-8.23652e-7
6.63302e-17
-9.0399e-17
-4.31655e-7
3.87876e-7
-1.8207e-7
-6.98741e-8
9.07676e-8
-1.39514e-16
5.79525e-17
-1.19675e-16
9.11874e-17
2.66592e-8
1.50428e-8
-4.83202e-8
4.85693e-8
-5.7918e-17
-5.71887e-18
-1.1158e-7
-9.61382e-17
4.62812e-17
1.56764e-8
2.16745e-16
3.75936e-8
3.5324e-16
3.12254e-16
-2.43788e-16
-5.73146e-8
1.29594e-7
-6.18615e-16
1.40434e-15
-8.75058e-16
-6.63301e-8
3.89622e-8
-6.00981e-15
2.56944e-15
-2.33849e-8
-8.24138e-9
1.33347e-8
2.0751e-14
-3.48345e-14
-3.07645e-14
1.66385e-14
-6.29312e-9
4.77438e-9
2.01116e-9
-2.67823e-9
-7.98982e-14
1.76184e-13
1.85528e-13
-1.03562e-13
7.0249e-14
9.0045e-10
-4.08253e-10
3.70633e-10
1.4465e-10
-2.33914e-10
-1.39698e-12
4.4041e-12
1.28405e-12
-7.8949e-13
-1.10962e-13
-3.18126e-13
1.21264e-10
-1.01383e-10
7.69452e-11
-5.65443e-11
3.84686e-11
-2.42917e-11
1.43601e-11
-8.63627e-12
7.76533e-12
-7.01224e-12
-1.07038e-11
6.06998e-12
1.78924e-11
-2.42325e-11
2.63922e-11
-2.39016e-11
1.81747e-11
-1.1943e-11
6.93758e-12
-3.98347e-12
1.7406e-12
1.29796e-13
-1.57248e-12
1.04784e-12
-7.16715e-13
-2.07663e-12
2.66681e-12
5.07817e-13
-7.55498e-13
-2.13073e-13
8.76632e-14
4.3959e-13
-2.61046e-13
1.37374e-13
-4.16338e-14
1.89583e-14
-7.07445e-15
-4.89614e-14
-2.00787e-14
-1.51376e-15
1.215e-14
5.02905e-13
-4.67188e-14
-7.36965e-15
-5.95742e-14
1.39244e-15
2.18428e-14
-2.78023e-14
3.17426e-14
-4.64172e-14
9.42918e-13
3.14893e-13
-2.53623e-13
7.29489e-13
6.48666e-14
-8.26772e-14
-6.32012e-13
4.57103e-12
-5.34021e-12
1.46554e-11
-6.52398e-11
-8.58303e-14
8.05541e-14
-6.20803e-14
7.81427e-14
3.68937e-10
-3.14027e-10
-6.75767e-14
5.11133e-14
-7.80021e-10
-8.41434e-9
8.79507e-8
-3.37895e-14
1.95096e-14
-1.34522e-14
1.40322e-7
6.89965e-8
-1.28397e-7
8.5639e-15
-4.48895e-15
-1.82981e-15
3.26548e-15
4.24597e-7
1.21775e-5
-3.17884e-5
1.21167e-15
-2.84149e-16
7.71732e-5
-8.92628e-17
-0.000129203
3.30682e-16
0.000160024
-4.03565e-16
-0.000155021
3.16741e-16
0.000118887
-3.03977e-16
-7.79779e-5
2.38698e-16
4.37881e-5
-1.50984e-16
-2.62153e-5
5.62132e-17
1.13481e-5
-1.16421e-16
1.0745e-6
-1.57519e-17
-4.21129e-6
2.83615e-6
-7.32321e-17
4.848e-17
-1.08428e-16
-1.15026e-6
3.94584e-7
-4.25484e-8
2.84738e-17
-2.00202e-17
2.7804e-17
-1.8997e-7
3.21241e-7
-3.87431e-7
6.56189e-17
-5.2233e-17
4.93441e-7
1.78867e-7
-6.05813e-7
7.37287e-17
-2.76678e-17
7.25711e-17
-8.78574e-17
-1.579e-7
5.36651e-7
1.97168e-7
-5.75846e-7
-2.05978e-7
5.0712e-7
-3.45357e-16
1.25263e-16
4.36383e-7
-6.42327e-7
-2.64597e-7
3.19451e-7
-2.22923e-15
-1.70279e-15
7.75586e-16
-1.20052e-7
8.41509e-8
-4.84636e-8
1.06125e-14
-5.27708e-15
4.09913e-15
2.71939e-8
-1.47168e-8
5.14356e-14
-2.43871e-14
7.43384e-9
-4.37005e-9
2.51272e-9
-5.37756e-13
2.23719e-13
-1.07584e-13
-1.2187e-9
7.90175e-10
-4.06437e-10
3.00134e-10
3.26981e-13
-1.89369e-12
1.26744e-12
-1.48042e-10
1.06644e-10
-8.64005e-11
6.88571e-11
-5.18697e-11
3.58813e-11
-2.26265e-11
1.31641e-11
-7.29187e-12
3.27887e-12
-3.52791e-12
4.53334e-12
-2.34836e-12
-4.32272e-12
8.43833e-12
-1.30474e-11
1.79884e-11
-2.10766e-11
2.07738e-11
-1.72844e-11
1.22549e-11
-7.54708e-12
4.27997e-12
-1.94383e-12
-1.36891e-12
1.84468e-12
8.57977e-13
-8.5792e-13
6.14458e-13
1.74306e-12
-9.27302e-13
5.93343e-13
-2.86106e-13
1.59518e-13
-7.95329e-14
-3.42983e-13
1.95568e-13
-9.85859e-14
4.02281e-14
-1.97706e-14
7.54891e-15
2.48223e-14
3.99834e-14
1.10106e-15
-9.50559e-15
-9.66694e-14
1.45561e-13
5.57452e-14
2.09173e-14
-2.92403e-14
3.6195e-14
-3.83624e-13
1.00184e-12
-4.46818e-14
5.26697e-14
-1.67548e-12
1.07095e-12
-2.34883e-11
-5.21959e-14
4.12928e-14
-4.00188e-14
-3.65349e-11
6.25853e-11
3.68561e-14
-2.88607e-14
2.91133e-10
3.41727e-9
-2.70357e-8
1.94913e-14
-1.20087e-14
8.02705e-15
-2.52933e-8
-2.0316e-9
-2.65339e-8
-5.49934e-15
4.32614e-15
-3.12533e-15
-2.47518e-6
2.17178e-7
-1.16285e-8
3.4081e-6
-6.1809e-6
-1.84947e-15
2.65914e-15
-8.31798e-16
1.7363e-5
3.14116e-16
-3.83555e-5
7.16171e-17
6.82896e-5
-2.81683e-16
-9.4069e-5
4.15688e-16
0.000101898
-4.89547e-16
-8.85881e-5
4.75215e-16
6.41341e-5
-4.13262e-16
-3.95948e-5
1.84031e-16
2.27863e-5
-6.21242e-17
-1.02613e-5
3.16314e-17
-7.85434e-6
9.94881e-6
1.53208e-16
-1.27819e-16
4.75684e-6
-4.57402e-6
3.32665e-6
-1.51703e-6
-1.76287e-17
1.1791e-17
-2.01264e-17
7.53495e-7
-1.83853e-7
-2.66279e-7
2.3194e-17
-5.47922e-18
2.99234e-17
6.60332e-7
-9.51186e-7
1.05887e-6
3.50046e-17
-3.62589e-17
-1.0721e-6
1.13201e-6
-2.51911e-17
4.57928e-17
-2.9689e-17
-9.71876e-7
8.16824e-7
-6.32409e-7
3.24157e-16
-7.97005e-17
5.57631e-7
-3.95641e-7
1.98828e-15
-8.76786e-16
1.86416e-7
-9.35469e-8
4.85585e-8
-1.40816e-14
6.76317e-15
-3.86974e-15
-2.46783e-8
1.23528e-8
-5.70415e-14
2.91274e-14
-6.11058e-9
3.3184e-9
-1.88703e-9
4.30887e-13
-2.1592e-13
1.1011e-13
1.25362e-9
-7.77282e-10
-4.25388e-10
6.21801e-10
2.1389e-12
-3.28276e-12
-2.29413e-12
1.63519e-12
-7.69466e-13
-2.21769e-10
1.40389e-10
-9.38375e-11
7.7333e-11
-6.77085e-11
5.68574e-11
-4.36499e-11
2.99371e-11
-1.83505e-11
1.04522e-11
-4.87944e-12
4.71815e-12
2.49072e-12
-3.08094e-12
2.09346e-12
-4.9625e-12
7.97389e-12
-1.14288e-11
1.43065e-11
-1.53444e-11
1.39716e-11
-1.07924e-11
6.9762e-12
-3.82595e-12
1.87948e-12
-1.19352e-12
8.41432e-13
-4.64831e-13
-1.9193e-12
1.32327e-12
-5.97573e-13
2.2943e-13
-1.23848e-13
6.55063e-14
2.71629e-13
-1.3782e-13
5.67004e-14
-3.43203e-14
1.7277e-14
-6.76539e-15
4.32859e-15
-7.23583e-14
-6.20531e-16
5.84289e-15
2.37653e-13
-6.39186e-13
2.91668e-13
-1.62381e-14
2.3561e-14
-2.56909e-14
2.44311e-13
-7.83917e-13
2.73889e-14
-2.85518e-14
5.30943e-12
-1.51786e-11
3.8246e-12
3.41783e-14
-2.34804e-14
1.63052e-14
6.24828e-12
1.48816e-11
-1.41528e-14
1.17276e-14
-2.82076e-10
-5.23471e-10
5.9947e-9
-8.35618e-15
5.285e-15
-4.05608e-15
4.84785e-9
-1.53007e-8
2.0594e-8
4.34006e-15
-4.29375e-15
2.79785e-15
-8.78928e-8
-2.9446e-6
2.76178e-6
-2.12733e-15
4.36978e-16
-7.20218e-6
-1.6485e-16
1.74755e-5
-3.24881e-17
-3.3371e-5
2.65465e-16
5.05598e-5
-4.19874e-16
-6.12136e-5
4.99693e-16
5.9894e-5
-5.64443e-16
-4.83061e-5
4.24887e-16
3.20638e-5
-1.76351e-16
-1.80849e-5
1.85733e-18
9.02289e-6
-3.36468e-17
-6.06467e-6
4.17611e-17
4.30766e-6
-2.40374e-6
1.09432e-6
-4.54017e-17
7.5821e-17
-6.4483e-17
-4.00855e-7
-1.08345e-7
7.15861e-7
-2.67401e-18
7.32926e-18
3.45911e-17
-1.33287e-6
1.848e-6
-2.11324e-6
-6.345e-18
2.35651e-17
1.70808e-6
-1.90891e-6
-4.51669e-17
-2.13613e-17
2.21318e-17
1.34293e-6
-1.06367e-6
6.77893e-7
-4.21091e-16
1.36071e-16
-4.57944e-7
4.55488e-7
-2.05794e-15
9.11959e-16
-2.04624e-7
7.5821e-8
-3.2581e-8
1.43922e-14
-6.58622e-15
3.17982e-15
1.53927e-8
-7.48567e-9
5.25816e-14
-2.73475e-14
3.51195e-9
-1.89289e-9
1.46865e-9
-3.62538e-13
1.90878e-13
-9.97442e-14
-1.22267e-9
7.19005e-10
-4.88487e-10
2.44602e-12
-1.35193e-12
6.71481e-13
1.11314e-10
-6.68171e-11
5.77045e-11
-5.51814e-11
5.44983e-11
-5.1353e-11
4.38333e-11
-3.29532e-11
2.1056e-11
-1.13922e-11
5.70614e-12
-3.37775e-12
3.82889e-13
4.72275e-12
-4.35097e-12
-4.59593e-12
6.22346e-12
-8.16803e-12
9.45439e-12
-9.40967e-12
7.88657e-12
-5.58795e-12
2.9288e-12
-1.38996e-12
-5.19427e-13
6.96122e-13
2.75828e-13
-1.24056e-13
-3.28616e-13
2.0221e-13
-1.25283e-13
7.98872e-14
-4.23313e-14
-1.15401e-13
7.01159e-14
-1.19537e-14
2.12804e-14
-1.13061e-14
4.14029e-15
-3.10614e-14
2.24181e-14
1.40678e-15
-7.63106e-15
3.60349e-14
1.02746e-12
-1.27887e-12
1.05996e-14
-2.10753e-14
1.65094e-14
3.00031e-12
-2.98802e-12
-1.6615e-14
1.55234e-14
1.13928e-11
1.21694e-11
3.331e-11
-1.68166e-14
7.02252e-15
-2.37533e-15
-6.0647e-11
1.24154e-10
3.04946e-15
-3.22154e-15
-1.94623e-10
8.54448e-10
-3.59254e-9
2.77003e-15
-1.64194e-15
1.16098e-15
7.14775e-9
-1.7514e-8
9.05124e-8
-1.31707e-15
1.46398e-16
1.25303e-6
2.94228e-16
9.69322e-8
-2.86053e-6
4.10703e-6
2.30519e-16
-4.50645e-16
-7.57027e-6
6.82174e-17
1.49894e-5
-2.54309e-16
-2.44988e-5
3.1397e-16
3.26638e-5
-3.5459e-16
-3.56273e-5
3.37942e-16
3.17042e-5
-2.31349e-16
-2.33726e-5
-1.47736e-17
1.26643e-5
7.5835e-17
-6.15649e-6
-7.92219e-17
3.13293e-6
-2.47459e-6
1.32051e-6
-4.37252e-7
-1.30227e-17
-1.64661e-17
-3.03207e-17
-9.05771e-9
3.40861e-7
-1.08994e-6
2.88858e-17
-1.79752e-17
6.34333e-17
1.8825e-6
-2.55514e-6
2.80869e-6
4.77483e-17
-4.10146e-17
-2.67327e-6
1.35356e-6
6.80736e-17
2.06782e-17
-1.4107e-17
-1.51799e-6
5.5515e-7
-5.72223e-7
5.86399e-16
-2.32351e-16
2.76989e-7
-3.54746e-7
2.40574e-15
-1.21014e-15
4.9083e-8
-1.39938e-8
1.24432e-8
-9.31215e-15
3.92793e-15
-2.69098e-15
-7.147e-9
4.43634e-9
-3.72724e-14
1.93856e-14
-1.839e-9
7.38133e-10
-4.71138e-10
2.55566e-13
-1.33654e-13
6.71275e-14
7.74054e-11
5.55973e-11
9.40277e-13
-4.10424e-13
-7.87911e-11
6.75247e-11
-3.95136e-11
3.56928e-11
-3.76452e-11
3.8941e-11
-3.65809e-11
2.98384e-11
-2.08093e-11
1.06422e-11
-5.18507e-12
2.66042e-12
-1.75486e-12
6.80842e-13
-4.74328e-13
-1.82354e-12
2.64875e-12
-8.52398e-13
1.78171e-12
-2.86454e-12
3.90467e-12
-4.83412e-12
5.12364e-12
-4.74726e-12
3.15617e-12
-1.55979e-12
7.78634e-13
-4.71061e-13
-2.82864e-13
2.08481e-13
-2.12174e-13
1.44787e-13
-6.9295e-14
5.9284e-13
-3.60895e-14
3.44573e-14
-3.77564e-14
1.65647e-14
3.61104e-14
-1.85561e-14
-3.72652e-14
-6.79362e-15
5.63129e-15
-2.09093e-15
1.49781e-13
-3.2465e-13
-8.3915e-16
2.97774e-15
-1.05588e-12
5.10556e-13
1.11043e-14
-3.74748e-15
2.3021e-12
-4.63622e-12
-5.87303e-12
4.55061e-15
1.41886e-11
-2.33229e-11
-3.92829e-11
4.60786e-16
6.36405e-11
-7.59211e-11
3.21813e-16
-4.91571e-16
1.21084e-10
-2.22738e-10
-8.38737e-16
9.21783e-16
4.38342e-10
-8.9912e-10
1.9802e-9
-8.93788e-16
4.1763e-16
-2.3356e-16
-7.34855e-9
3.11294e-8
-6.62377e-8
4.90765e-16
-1.21629e-16
2.77471e-7
-6.91838e-7
-2.09112e-16
1.29565e-16
3.37065e-17
-4.20585e-17
-9.33863e-8
2.70707e-6
-3.01472e-6
1.88133e-16
2.84844e-16
3.0746e-6
-2.94808e-16
-6.35289e-6
3.13711e-16
1.06089e-5
-1.96474e-16
-1.52536e-5
1.25541e-16
1.79056e-5
-5.88438e-17
-1.77951e-5
-9.32927e-18
1.24216e-5
7.73104e-17
-6.37481e-6
-1.0118e-16
3.29081e-6
-3.28589e-17
-2.06163e-6
9.22843e-7
-1.30094e-6
-5.10696e-8
1.78571e-17
2.30618e-17
2.82327e-17
-5.65576e-17
-1.77103e-17
-1.54786e-8
-3.65083e-17
2.43023e-7
-7.84457e-7
9.73185e-7
5.0928e-17
1.87106e-17
2.83325e-17
-1.98745e-6
2.9327e-6
-3.6232e-6
6.58755e-17
-3.04551e-17
3.65629e-6
-3.12507e-6
1.58137e-6
1.50527e-18
8.10684e-18
1.78081e-6
-1.41471e-6
7.43392e-7
2.04899e-17
5.48872e-7
-3.21965e-7
2.16759e-7
5.8711e-17
-8.57477e-8
5.62885e-8
-2.83929e-8
5.13053e-15
-1.69235e-15
1.15685e-16
-1.42469e-16
1.09961e-8
-4.25492e-9
2.03651e-14
-1.11292e-14
1.14256e-9
-2.26198e-10
1.33888e-10
-1.25838e-13
5.58262e-14
-2.45446e-14
-1.56671e-11
-3.71361e-11
2.01068e-11
-1.22744e-11
1.81327e-12
4.88028e-11
-1.08777e-12
-1.98192e-12
8.49935e-13
-1.39511e-13
1.20468e-13
-2.30056e-11
1.52503e-11
-2.00109e-11
2.26778e-11
-2.53103e-11
2.50337e-11
-2.23287e-11
1.42574e-11
-7.23097e-12
3.54253e-12
-5.12757e-13
-1.3912e-12
1.73206e-12
1.79792e-12
-1.68167e-12
2.11089e-12
-2.20887e-12
2.04824e-12
-1.23721e-12
5.55497e-13
1.6562e-13
-1.0336e-13
-4.45264e-14
-1.67808e-16
-1.02361e-13
7.26621e-14
-3.8813e-15
1.25503e-14
-1.62391e-15
-3.78552e-15
4.00522e-15
1.24564e-14
-3.53959e-15
1.79311e-15
1.12088e-15
-1.13754e-14
9.08748e-14
3.09376e-16
-9.9151e-16
-7.29471e-13
-2.99305e-13
4.68617e-13
6.36802e-16
-4.18875e-15
1.02598e-15
-1.68157e-12
4.10895e-12
3.78377e-16
-5.30626e-16
-2.91526e-15
4.59888e-16
-1.25879e-11
2.62807e-11
1.1022e-15
-4.00816e-16
-1.10594e-15
-1.56957e-16
-5.88521e-11
1.10523e-10
4.08779e-16
-1.37481e-16
-1.83426e-10
3.66877e-10
-4.73926e-17
-7.44207e-10
3.10778e-18
2.31278e-9
-6.03398e-9
4.97991e-17
-3.70905e-9
-1.21932e-16
-2.00449e-8
7.81603e-8
-2.18005e-7
-2.27748e-16
1.95686e-16
-1.00011e-6
-1.59805e-16
-4.73789e-7
2.67228e-6
-2.14989e-6
4.38167e-16
-5.71127e-16
3.61428e-6
-3.98001e-16
-4.18173e-6
1.41909e-16
6.32297e-6
6.46613e-17
-7.33591e-6
-1.26151e-16
7.35955e-6
1.09991e-16
-4.6661e-6
-1.25007e-16
2.18398e-6
5.34756e-17
-4.12062e-7
7.03688e-7
-1.82606e-7
-1.17974e-7
3.32317e-18
3.54944e-17
3.15453e-17
2.18537e-7
-1.93781e-7
7.17312e-7
-1.50803e-6
1.59075e-6
-1.52905e-18
1.91419e-17
-2.57895e-6
3.41854e-6
2.07925e-17
-1.45331e-18
-3.98174e-6
2.8023e-6
3.00246e-17
1.0818e-17
-1.80867e-6
1.05677e-6
-5.44261e-17
1.18777e-17
2.21498e-17
-1.57871e-17
-4.51255e-7
2.13641e-7
-1.11556e-16
8.71098e-17
5.44063e-17
-6.82943e-17
-7.1409e-8
9.74257e-8
5.23653e-8
4.12974e-17
-1.30955e-16
-4.7429e-17
-1.57458e-8
1.41745e-9
-2.6704e-15
8.9391e-16
-5.72116e-10
5.75021e-15
-3.91064e-11
4.92695e-13
-1.24838e-14
6.16414e-15
-1.19551e-14
6.30789e-12
-8.17888e-12
-1.36533e-11
-1.86427e-13
-1.61189e-14
-3.62457e-15
4.30312e-14
2.28276e-11
-1.51456e-11
1.88497e-11
-1.35886e-11
1.50499e-11
-1.43056e-11
1.20469e-11
-7.65354e-12
3.61342e-12
-5.20455e-13
7.07802e-13
-4.09e-13
5.43207e-13
-4.2173e-13
-1.4089e-12
1.02618e-12
6.20081e-13
-6.97911e-13
7.04809e-13
-7.58779e-13
4.68114e-13
-2.57519e-14
4.43439e-14
7.73894e-15
5.74257e-15
1.60972e-14
-8.08305e-15
6.50176e-14
-4.00091e-14
8.21553e-15
-2.35912e-13
8.00278e-17
6.41372e-15
-3.99817e-16
-3.78432e-16
-2.73615e-16
-9.11818e-15
4.16539e-15
8.61262e-16
-1.8635e-15
1.69869e-15
1.21007e-15
-1.024e-15
-5.84463e-16
3.61427e-16
-1.03609e-14
7.68714e-17
-7.40775e-17
5.48467e-18
2.95932e-16
-1.73993e-14
1.45673e-13
-1.28794e-16
-2.25447e-16
3.46074e-13
-2.73384e-13
1.11165e-16
-5.04174e-17
4.49802e-12
-7.10315e-12
3.03011e-17
1.12697e-16
2.48785e-11
-8.94075e-11
-3.79939e-17
2.27704e-10
-6.86062e-10
-1.00314e-17
1.29827e-17
-1.50852e-10
6.937e-10
-7.42634e-17
5.73097e-17
-1.01686e-16
-3.3664e-9
6.92802e-9
-7.78374e-9
1.34234e-8
-4.08509e-17
2.91381e-17
-2.0971e-17
-3.75569e-17
2.49359e-17
1.77777e-8
-8.1811e-8
1.22923e-7
-1.51355e-16
1.32795e-16
-3.62122e-7
8.44783e-7
1.39383e-16
-1.3446e-16
9.37512e-17
-7.25214e-7
1.59198e-16
-5.51121e-8
1.76302e-6
-2.65701e-6
4.75403e-16
-3.92912e-16
1.45624e-6
6.20472e-17
-2.06289e-6
-2.47605e-16
2.29289e-6
3.87264e-16
-2.70062e-6
-2.58108e-16
1.72459e-6
2.02798e-16
1.7545e-7
-1.08878e-7
2.63788e-8
2.90241e-8
-3.34878e-8
-2.48464e-17
-2.21592e-17
1.81296e-17
-3.85522e-17
-3.82947e-18
9.81204e-8
2.24781e-17
-1.4332e-7
2.89522e-7
-2.23977e-7
-4.96665e-7
1.82586e-17
-4.99177e-17
-2.06085e-17
-2.27104e-17
3.06961e-17
1.12475e-6
-1.43936e-6
2.04569e-6
1.63281e-6
-2.44656e-6
-4.0912e-18
3.08597e-17
3.32784e-17
-5.27715e-17
2.41828e-6
-1.35849e-6
-6.57742e-18
2.01636e-18
6.70559e-7
-4.06229e-7
1.21661e-18
1.64955e-17
7.83373e-8
-5.12895e-8
-4.44945e-17
7.48788e-18
-1.21356e-8
-6.3955e-10
8.07396e-17
3.21251e-17
2.49258e-9
-4.58959e-16
-5.44416e-10
-7.68172e-11
7.29961e-11
1.43924e-11
-9.30477e-12
-2.92702e-15
-3.82707e-15
1.63528e-15
-6.1575e-16
1.30139e-15
7.29831e-12
2.90635e-12
-9.75962e-13
-7.3538e-13
-2.53538e-12
-2.36937e-15
-2.32248e-15
-6.88564e-16
4.35763e-15
3.1389e-12
1.72974e-11
-1.02294e-11
-7.29315e-12
-7.45526e-12
4.23592e-14
2.74427e-14
2.18041e-15
2.56522e-14
1.24887e-11
-1.77147e-11
6.12169e-12
-7.10856e-12
7.42746e-12
-6.1287e-12
3.95337e-12
7.98106e-13
-5.55022e-13
-5.26857e-14
3.20604e-13
2.17314e-13
-4.04535e-13
4.29442e-13
-3.09456e-13
-2.60035e-13
2.92145e-13
-1.32957e-13
-1.77055e-13
-2.33022e-15
-7.08102e-15
9.19309e-16
6.03168e-14
-5.62379e-14
-4.58546e-14
-3.38035e-16
-7.70514e-16
-1.20279e-15
5.26147e-16
3.25095e-16
5.49578e-17
-1.70041e-15
1.3108e-16
-1.83165e-17
-9.47338e-17
-3.68149e-15
1.73179e-14
-7.46604e-16
6.06988e-15
-2.74907e-17
-1.5938e-16
1.19538e-16
-7.14141e-14
-1.61794e-14
5.84852e-17
-6.98381e-17
-2.11476e-14
4.61914e-14
-1.07294e-12
4.1837e-17
7.25475e-13
-9.40687e-13
-5.22656e-12
1.23198e-18
4.058e-12
-3.53648e-12
-5.00021e-12
4.13164e-11
-3.18736e-17
9.20194e-18
-4.36551e-12
1.52363e-11
2.77968e-18
1.85769e-18
-4.98842e-17
-7.56736e-11
3.31074e-10
-8.31239e-18
-1.0501e-9
-1.73543e-18
1.63459e-9
-3.83455e-9
1.84486e-17
1.72596e-8
1.21742e-17
1.19864e-8
-8.85004e-8
8.0623e-8
1.18481e-16
-2.79268e-16
-3.80218e-8
4.8242e-7
-9.03619e-17
6.98137e-17
1.64242e-17
-7.01196e-7
3.92648e-7
2.35883e-16
-5.87476e-8
-8.15307e-7
1.23336e-6
8.25867e-16
-6.2868e-16
-7.96385e-7
-5.63139e-16
-4.90273e-7
1.06924e-6
-6.49894e-7
-2.68808e-8
-8.70685e-9
-8.59245e-9
1.13723e-16
2.38568e-17
2.61319e-16
-2.73743e-16
-1.97579e-16
1.45156e-8
-8.63713e-17
-2.79854e-8
5.16706e-8
-1.25683e-7
2.48854e-7
-4.70911e-7
4.52151e-17
-8.70918e-18
7.50484e-7
-9.27109e-7
9.12979e-18
5.28747e-17
9.55143e-7
-1.42788e-6
-5.60576e-7
6.63394e-7
4.19474e-17
7.92878e-18
-7.15954e-17
3.37075e-17
4.22518e-7
-3.90873e-7
3.20371e-7
-1.87637e-17
1.41992e-7
-9.80356e-8
9.90442e-8
-1.91632e-17
6.45413e-9
-2.3634e-9
1.05534e-8
-2.07591e-17
-2.53152e-9
1.62766e-9
-5.46346e-10
3.49331e-10
6.23084e-11
1.91335e-16
1.36017e-16
-2.80998e-19
-7.2012e-17
-2.89216e-18
-1.40071e-11
-4.36557e-16
-1.25635e-12
5.56219e-13
1.1443e-15
-3.6892e-16
6.26113e-16
-2.76373e-12
3.13773e-12
1.15866e-11
-5.09176e-12
-3.54953e-12
-3.48979e-12
5.30207e-14
-2.37122e-13
8.34825e-15
-7.92672e-15
2.10475e-15
-4.77195e-15
3.61882e-12
-5.24251e-12
7.08774e-12
-4.74661e-12
-2.27284e-12
3.22445e-12
-2.32463e-12
1.57848e-13
-1.40722e-14
-1.21376e-13
-1.09067e-13
1.22494e-13
9.90859e-14
-6.96808e-15
2.62834e-14
3.63292e-14
1.13446e-14
-1.07655e-15
1.22907e-14
1.98436e-14
-1.69227e-14
-4.18931e-14
-3.59612e-15
-1.05542e-14
-4.93745e-15
2.99062e-15
2.00451e-16
-4.49823e-16
2.27401e-18
-9.34661e-17
9.06849e-17
3.04829e-16
3.10299e-16
-3.34576e-15
-3.72718e-17
7.65662e-17
6.64796e-17
-3.20218e-18
-1.57446e-15
-1.32607e-16
7.40741e-17
-7.64415e-17
-8.22735e-17
1.88654e-14
3.91356e-15
-4.25074e-15
-1.95318e-17
2.327e-18
5.17852e-17
1.27479e-14
-1.3218e-13
-2.35776e-17
-1.53184e-17
-1.53973e-17
3.84092e-17
-8.85967e-14
-1.44707e-13
8.79577e-17
-4.12106e-17
-5.33925e-17
-3.58775e-17
-7.50037e-13
2.17148e-12
8.4966e-17
2.53111e-17
-3.43964e-17
-1.53416e-17
-2.82958e-13
-4.45877e-12
4.6004e-17
3.13042e-11
-2.35838e-10
-5.84944e-17
8.99406e-18
2.74816e-11
-1.02775e-10
-5.26945e-17
-2.33961e-18
2.22117e-10
-2.26493e-9
3.67032e-17
-5.23627e-17
7.66301e-10
-4.36179e-9
1.00577e-16
4.81089e-18
2.33933e-8
9.74468e-17
-9.18316e-9
-1.88891e-8
1.69894e-8
-8.8124e-17
2.49279e-17
-6.20709e-8
2.57779e-7
-2.93751e-16
1.92852e-16
-4.09221e-8
-1.81491e-7
-1.95773e-16
1.57886e-16
5.50529e-17
9.02719e-17
3.38115e-7
-3.25287e-7
7.65868e-16
3.25099e-7
9.53755e-8
-2.54597e-8
-3.93682e-8
1.33865e-7
-4.32238e-16
-4.93594e-16
4.01455e-16
4.74105e-16
-1.50231e-15
1.04531e-15
9.8259e-16
-1.92524e-8
1.05927e-15
1.45983e-8
-6.04924e-16
-5.31402e-9
9.40781e-9
-2.12148e-8
5.535e-8
3.86375e-8
-1.03841e-7
-4.29896e-17
-8.62009e-19
1.70674e-16
2.2116e-16
1.45558e-7
-3.49104e-7
-1.68447e-7
4.29702e-7
-3.95727e-17
-2.46445e-17
6.3121e-17
-3.27709e-17
-4.48091e-7
1.83583e-7
5.36898e-17
3.05218e-17
-1.21714e-7
9.27792e-8
1.38805e-17
9.28204e-17
1.77866e-17
-1.21796e-16
-1.29128e-8
1.77575e-8
5.00372e-17
-6.05779e-17
-8.61954e-17
5.17131e-18
1.22819e-8
-7.6648e-10
1.54674e-17
-3.87217e-17
-6.13909e-17
6.86665e-17
1.04911e-9
-1.40535e-9
-5.1403e-10
3.15889e-17
4.81682e-17
1.93494e-17
1.65e-10
-4.62203e-17
-3.36294e-11
8.49282e-12
6.88035e-12
-2.19757e-12
9.82966e-17
7.60122e-17
-3.41325e-17
-3.34113e-18
3.67225e-13
-2.89879e-13
3.60278e-13
6.17479e-13
8.88855e-17
-5.45136e-16
6.39564e-17
-2.65852e-17
-1.3311e-12
2.30146e-12
3.8201e-12
-1.70091e-12
-9.3413e-14
-2.59938e-12
6.34851e-13
3.3817e-12
-1.36935e-12
1.29491e-12
-2.25966e-13
1.04775e-12
9.15375e-15
1.68743e-14
-8.54983e-15
3.83459e-15
-3.4564e-12
3.49383e-12
-6.89122e-15
2.01218e-15
-3.03028e-14
-4.68033e-15
-3.64421e-16
2.45668e-16
5.2945e-15
2.38174e-15
6.93674e-15
2.23829e-15
-1.22985e-15
9.44972e-15
-1.43222e-15
8.47574e-16
3.26276e-15
-4.77937e-16
-9.87793e-16
-4.95756e-18
1.34527e-16
5.60338e-16
-7.28002e-17
4.50338e-16
-5.3277e-16
-2.00775e-17
2.97487e-18
3.47421e-17
-1.11943e-18
1.98503e-16
9.20789e-17
-7.4014e-17
-1.56048e-16
1.03277e-16
-6.42531e-17
7.62389e-17
-2.9079e-17
-1.74756e-15
-3.50109e-18
2.50431e-17
-1.51136e-17
3.63937e-15
-1.15917e-14
5.5658e-14
-2.41839e-17
-1.62567e-14
7.73081e-15
2.55582e-13
-3.17078e-18
-1.8654e-13
2.20326e-13
-4.85623e-13
3.48604e-17
3.18507e-13
-4.13457e-13
2.53386e-12
-6.73114e-12
-2.62309e-17
-3.0878e-18
-2.87191e-13
-1.03997e-12
8.9284e-18
-1.729e-17
1.00119e-11
-8.55484e-11
-4.41511e-18
-1.95797e-17
2.43817e-11
-1.36136e-10
1.08504e-17
4.27743e-17
4.9897e-10
-7.84972e-10
-4.05705e-18
-3.98018e-18
1.01325e-11
-1.17283e-10
-4.60144e-17
4.77598e-17
5.92716e-9
2.39556e-9
-1.21427e-18
7.39283e-9
7.86792e-9
1.22947e-8
-3.50208e-16
1.23678e-16
5.91166e-9
-1.12994e-8
-1.15163e-15
1.17383e-15
-3.97446e-9
9.9099e-10
-9.19553e-16
1.29808e-15
-1.58989e-15
3.26661e-8
-1.01564e-7
-1.38575e-15
2.49657e-15
-7.23153e-9
-3.03955e-15
4.51756e-9
2.49609e-15
-2.19109e-9
1.25728e-8
-3.36362e-9
-1.87645e-9
7.57751e-9
3.96283e-9
-1.30343e-8
-4.80041e-16
-5.11996e-16
1.17828e-15
1.30978e-15
1.7067e-8
-5.2846e-8
-1.82909e-8
5.90233e-8
1.20918e-17
1.57283e-16
-1.56652e-16
-3.88841e-16
-4.61693e-8
1.39591e-7
1.84057e-8
-1.33415e-8
-8.66273e-17
1.85321e-17
5.89793e-17
-4.11145e-17
-5.44592e-8
4.66367e-8
-3.67884e-8
1.11687e-16
-3.05018e-8
2.38917e-8
-2.5783e-8
3.20777e-17
-4.03269e-9
3.48812e-9
-7.57515e-9
-7.68178e-18
1.2228e-9
-4.25739e-10
2.53969e-11
-1.02852e-17
2.45895e-11
-5.92685e-12
-2.47008e-11
3.64163e-12
1.26951e-17
3.24694e-17
-2.81811e-17
-3.33159e-17
-1.7634e-12
2.85565e-13
6.18542e-13
-1.0427e-13
-4.28063e-17
1.21562e-16
1.31088e-16
-3.44493e-17
-5.43978e-15
-5.16446e-14
-1.25983e-13
3.58286e-13
-5.27802e-16
3.30468e-15
-6.50874e-17
1.75105e-16
-2.39997e-13
4.7762e-13
-5.85381e-13
-3.08456e-12
2.12987e-12
-1.28206e-12
2.57244e-12
1.09467e-12
-2.01991e-12
-6.76875e-13
2.43826e-13
9.76265e-14
-3.478e-14
1.12858e-14
-4.2993e-16
4.79195e-15
-1.78662e-15
-9.16691e-16
-2.70767e-15
-7.81832e-16
4.58881e-16
-2.32419e-15
-3.86075e-16
1.30486e-16
-3.4675e-16
1.82126e-16
1.01224e-16
4.9661e-17
-4.15365e-18
1.2272e-16
8.19512e-16
-1.19583e-16
-7.52737e-17
-5.28849e-17
-4.80485e-18
3.19121e-17
-5.90402e-17
5.93016e-17
-2.28781e-17
-1.59432e-19
-1.9387e-17
4.56396e-17
-1.14281e-18
2.22057e-17
3.04809e-17
-4.17565e-16
1.43879e-16
-5.98614e-17
5.65239e-17
-5.1581e-17
-1.51338e-17
8.63778e-18
-1.00483e-15
6.45878e-15
2.94607e-17
-3.70492e-17
-3.24369e-17
2.27798e-17
-1.08182e-15
2.17236e-14
5.5372e-17
2.56944e-17
-2.15243e-17
-6.00415e-17
4.02356e-14
-1.29809e-13
2.40498e-17
1.3877e-17
-1.15094e-16
3.19292e-17
-3.5442e-14
6.86805e-14
1.49593e-16
-6.89818e-17
-5.82065e-17
6.37205e-13
-3.8271e-12
-2.28836e-17
7.15692e-17
7.39764e-13
-3.65175e-12
-2.7781e-17
-5.93863e-17
1.44624e-11
-3.32699e-11
5.94498e-17
-2.65079e-17
-4.94447e-13
6.38881e-12
5.75244e-17
3.43918e-17
1.50754e-11
-7.21459e-11
-2.98127e-17
-1.46677e-17
4.24001e-11
-3.18228e-10
1.43588e-9
-3.73005e-9
-3.059e-18
3.88293e-17
1.12123e-17
-7.9189e-18
-5.83594e-17
-3.31756e-9
-2.3504e-9
-6.72562e-17
-2.87938e-9
1.6965e-9
-8.33954e-9
-5.11867e-10
5.18524e-11
7.34302e-10
-1.23971e-9
-4.77213e-10
1.3813e-9
2.08662e-15
2.56465e-15
-2.16185e-15
-2.74559e-15
4.74014e-15
-6.93169e-15
-4.69845e-15
2.82964e-10
-1.29454e-9
1.28779e-9
-4.92306e-9
-1.20062e-9
5.00116e-9
5.801e-16
1.02211e-15
-1.55024e-15
-2.49603e-15
-3.73003e-9
1.39092e-8
3.30276e-9
-8.93901e-9
-2.05585e-17
1.90444e-17
2.65982e-17
1.74025e-16
2.0863e-8
-1.31007e-8
-1.18638e-16
4.73204e-17
4.09605e-17
-7.79891e-17
7.77783e-9
-5.5941e-9
-8.7402e-17
9.9787e-17
-1.37947e-17
1.78385e-17
-1.48702e-9
-1.54027e-10
-7.71736e-17
8.76578e-17
6.731e-17
-6.89797e-17
-9.94012e-10
1.71887e-10
-8.35295e-18
1.70935e-17
-3.49386e-18
-3.3756e-17
5.89259e-11
-2.31932e-11
6.72152e-17
-5.24149e-17
2.36499e-12
-1.82755e-12
-5.14312e-13
2.74139e-13
-2.8114e-17
-4.00627e-17
-1.82291e-17
5.42956e-17
-6.96891e-14
1.2637e-14
3.40568e-14
7.15735e-15
-3.66958e-16
8.80298e-16
7.09478e-16
-2.90664e-16
-3.53857e-14
9.3109e-15
6.82273e-15
-4.92891e-14
1.95962e-13
-2.04731e-13
9.6523e-15
-4.55758e-14
1.52355e-14
-9.87631e-15
2.87914e-15
-8.20757e-16
3.28615e-13
-9.40902e-13
7.78128e-13
-6.63163e-13
4.95293e-13
-2.70057e-13
5.79748e-16
3.69666e-16
-1.15124e-16
4.27939e-16
3.51138e-16
-2.80855e-19
-1.22268e-16
2.24134e-17
-2.61469e-17
-1.46381e-16
8.38196e-17
-1.25012e-16
-1.10514e-16
-1.17989e-17
-6.38132e-17
-1.11179e-16
-2.8452e-17
6.19977e-17
-7.61081e-17
4.09469e-17
3.97779e-17
2.72503e-17
-9.50049e-17
-2.13763e-17
4.67549e-17
2.5383e-17
1.96142e-17
-3.74723e-17
1.80675e-17
-4.73828e-17
2.04144e-17
-3.34384e-17
2.58778e-16
1.29982e-17
-5.09191e-18
3.22834e-17
-9.7393e-19
3.46781e-17
-1.34713e-18
-1.03959e-15
-1.00833e-16
4.20686e-17
9.73525e-18
-1.23007e-16
4.0016e-15
-1.81381e-14
-6.74403e-17
1.15583e-14
-2.21721e-14
4.07165e-14
2.16842e-17
-8.61475e-15
-8.46787e-15
6.64497e-14
-2.1329e-13
-4.77023e-17
3.34332e-17
-2.23159e-15
-4.71071e-14
1.64773e-17
-5.09342e-17
2.88526e-13
-6.37851e-13
1.76751e-18
4.69822e-17
-8.18992e-14
3.28343e-13
-9.91012e-18
-1.81254e-17
-1.16859e-13
-7.62481e-12
-8.95277e-19
5.16126e-18
2.08923e-12
-1.23971e-11
4.89789e-17
-5.16551e-19
1.11914e-10
-2.20664e-10
-3.74425e-17
7.43631e-10
1.06925e-16
-2.91465e-11
-7.92088e-11
-3.46838e-10
1.1044e-9
3.45738e-16
-3.26079e-16
5.28987e-16
-1.77326e-16
-1.17488e-11
-3.05014e-10
1.11954e-15
-1.59127e-15
-9.81316e-16
-3.07921e-10
1.73096e-9
-2.7862e-15
4.19912e-15
2.13861e-15
-4.33372e-10
1.00587e-9
4.81323e-15
-7.80882e-15
-3.57379e-15
-7.52085e-11
-6.83558e-11
-5.63486e-15
1.0469e-14
5.0252e-15
7.09712e-11
-1.6809e-10
8.11996e-15
-8.78679e-15
7.08563e-11
-1.98172e-10
1.14896e-10
3.50753e-11
-2.58622e-10
-4.17104e-11
2.41512e-10
3.68751e-15
4.61747e-15
-7.78184e-15
-1.0853e-14
-2.01323e-10
9.02746e-10
3.40838e-10
-1.14973e-9
-1.51649e-16
-6.87348e-16
7.09049e-16
1.99868e-15
2.35544e-9
-6.51425e-9
-1.28685e-9
1.36363e-9
2.8456e-17
5.28786e-17
-5.31748e-17
-3.24611e-18
3.94113e-9
-3.72294e-9
2.61576e-9
-7.40369e-17
1.70409e-9
-1.70339e-9
2.14832e-9
4.67293e-17
-3.14798e-10
-6.84088e-11
2.24473e-10
1.40608e-17
-5.33857e-11
6.47923e-12
1.10511e-11
-2.00892e-12
4.48904e-17
-3.89557e-17
-1.65542e-17
2.3287e-17
4.78674e-13
-2.12191e-13
-8.44122e-14
3.89286e-14
2.17675e-16
-6.97926e-16
-1.41618e-16
3.21015e-17
-5.82915e-15
8.76793e-16
2.87335e-15
-1.60757e-15
-1.57394e-15
2.05384e-15
3.98212e-15
-1.78364e-15
-1.69782e-14
9.4033e-14
-7.87473e-14
1.49907e-13
-1.95398e-13
-2.32839e-13
4.26092e-13
2.59901e-13
-4.38579e-13
-2.5286e-13
4.02444e-13
1.88596e-13
-2.95567e-13
-8.64232e-14
1.45725e-13
-3.91757e-14
2.56409e-14
-1.50231e-14
-9.60516e-17
-5.9018e-17
4.98694e-17
5.56301e-17
7.92194e-17
2.5337e-17
4.08467e-19
3.69608e-19
-1.00743e-17
-4.72515e-17
-1.31342e-17
-3.45708e-18
5.05387e-17
1.9858e-17
-3.30829e-17
1.93068e-17
-6.19312e-17
-5.98238e-18
-2.61101e-17
4.56262e-18
-1.31085e-17
-1.48444e-17
-3.30849e-17
-5.13014e-17
4.99779e-17
3.96266e-17
-1.9799e-17
-2.96034e-17
1.74773e-17
-2.07048e-17
-1.60507e-17
2.27181e-16
1.09169e-17
-1.55003e-17
4.44704e-17
1.62218e-17
1.55003e-17
-6.52106e-17
1.06883e-15
-4.40063e-15
8.94809e-17
3.23619e-17
-3.88201e-17
2.61344e-15
-5.09485e-15
7.07749e-15
9.41059e-18
-1.65935e-17
-6.6833e-18
-1.98542e-15
1.48231e-15
4.11612e-15
2.12424e-17
-4.25797e-17
5.19804e-17
-3.21412e-16
-4.01075e-15
1.37385e-14
-1.49472e-14
-2.51911e-17
4.50207e-17
4.29113e-15
3.10015e-14
-1.41066e-17
-3.99031e-17
8.30469e-14
-4.12392e-13
-6.79883e-18
3.18588e-17
4.68433e-14
2.34577e-14
1.17687e-17
-4.73983e-18
1.20702e-12
2.61707e-12
-2.31487e-11
2.51943e-17
4.47215e-17
3.84359e-11
-4.93214e-18
-9.98479e-18
-7.88857e-12
-5.3394e-12
-1.78969e-17
1.74513e-17
1.82817e-11
6.82719e-11
2.15701e-16
3.65384e-11
5.04036e-11
1.32857e-10
6.56811e-11
-2.91614e-11
-1.92212e-11
1.73533e-11
-3.4379e-12
1.27449e-11
-4.1961e-11
-1.97158e-14
-1.4448e-14
1.41499e-14
1.43891e-14
2.31625e-14
1.71365e-14
7.91228e-12
-1.34418e-11
5.14361e-11
1.737e-11
-9.13862e-11
-2.16215e-15
-4.85153e-15
5.31254e-15
1.00589e-14
1.79405e-10
-5.68362e-10
-6.73026e-11
-5.44257e-11
2.06937e-17
7.2573e-17
3.20159e-17
-4.39972e-16
4.52504e-10
-4.64752e-10
-1.02628e-10
4.5241e-17
-4.90482e-17
5.55562e-17
1.28936e-9
-1.08635e-9
9.11837e-10
1.00281e-17
-3.98485e-17
3.45261e-17
4.52445e-10
-4.65842e-10
6.00266e-10
-1.6e-17
1.94303e-17
2.62451e-17
-8.64611e-11
-1.4457e-11
1.66949e-11
-2.13932e-11
3.20254e-17
-1.26074e-17
-3.48015e-12
-1.80452e-14
9.507e-13
-1.5549e-13
1.05809e-17
1.23863e-16
1.17548e-18
-7.16762e-18
6.16726e-14
2.38112e-14
-2.19835e-14
1.46084e-14
1.85597e-15
-5.38108e-15
-4.55647e-16
3.44485e-16
2.24525e-15
-5.52934e-15
3.76791e-15
-4.06343e-15
-3.01387e-15
5.33402e-14
-1.57337e-15
6.50338e-15
-1.98178e-14
1.27231e-14
-2.27026e-17
-7.88034e-15
-7.57239e-14
1.24417e-13
-1.48449e-13
1.49405e-13
-1.19593e-13
7.34722e-14
-6.85268e-17
-1.47565e-17
-2.33571e-18
-1.75072e-17
-3.75246e-18
2.68377e-17
-6.39319e-19
5.1541e-17
5.47231e-18
-3.90983e-17
6.33543e-17
-6.71209e-17
5.49039e-17
-4.12781e-17
-8.03946e-18
-3.41595e-17
-8.01746e-17
-7.5304e-18
-6.46416e-18
6.71124e-18
-4.78755e-18
6.6456e-17
-1.86233e-17
-4.35036e-17
-3.84829e-18
3.76901e-17
2.87227e-17
-2.38243e-17
1.19948e-17
-3.70714e-17
-2.78855e-17
-1.68496e-17
4.0413e-17
7.64022e-17
-3.18137e-17
2.71994e-17
3.29108e-17
-4.62542e-17
-3.88117e-17
-5.27047e-17
2.94665e-16
-1.01077e-15
-4.11237e-17
1.12832e-16
-7.06481e-18
4.93702e-16
-1.11289e-15
1.65202e-15
7.00697e-17
-3.31721e-17
-2.31051e-17
-5.23283e-16
6.4726e-16
-1.70318e-16
6.24946e-17
-7.66438e-17
-9.65587e-18
7.63385e-17
-1.62544e-16
1.08879e-16
-4.68985e-17
-1.80282e-17
4.00664e-17
1.05497e-15
1.42533e-14
-2.54587e-14
2.81085e-14
-6.29776e-14
-5.52441e-17
3.4137e-17
3.09109e-17
-6.13923e-15
-4.41795e-14
-1.13509e-16
-3.15526e-14
-1.13947e-12
-2.99451e-17
-5.87537e-18
1.36232e-12
-1.59901e-17
-2.37743e-17
-1.894e-13
2.61375e-13
8.84095e-18
3.41687e-18
2.77785e-12
2.59367e-12
-1.32787e-11
-6.60312e-17
-2.41799e-16
4.42589e-12
-1.56461e-11
-5.73242e-16
5.94701e-16
3.0628e-12
-1.05007e-11
-2.58342e-15
2.20065e-15
7.05299e-12
-3.22989e-11
7.41026e-15
-5.95994e-15
1.07302e-11
-3.06512e-11
-1.47778e-14
1.14074e-14
4.85606e-12
-3.68704e-12
2.08773e-14
-1.60499e-14
-3.97563e-12
1.26603e-11
-2.46497e-14
1.54613e-12
1.72894e-12
-3.63952e-12
1.89756e-13
-6.49525e-13
3.79804e-12
1.90612e-14
2.53702e-14
-1.76059e-14
-1.08008e-14
-2.93024e-14
-3.07136e-14
-1.76839e-13
-4.65671e-12
-2.55184e-12
1.50601e-11
-3.72875e-11
-1.99756e-11
-1.07198e-16
1.99725e-15
-4.66982e-15
3.14376e-11
-3.05726e-11
-5.02851e-11
-1.48705e-17
-1.09522e-16
1.57536e-16
1.67802e-10
-1.46512e-10
-5.11044e-11
3.51426e-17
-1.13042e-16
1.31884e-16
3.84616e-10
-3.17137e-10
2.7639e-10
7.84019e-17
-9.61579e-17
1.26387e-16
1.14336e-10
-1.10737e-10
1.58399e-10
6.04888e-17
-5.89245e-17
8.94536e-17
-1.55395e-11
2.09975e-13
1.04827e-12
1.03488e-12
-5.43951e-17
7.3989e-17
3.08781e-13
-7.71265e-13
-5.12457e-13
1.67644e-13
-9.17574e-14
-4.5406e-14
-6.02502e-16
5.08057e-16
-7.83938e-18
-3.23772e-14
4.29187e-14
2.95452e-15
-4.6163e-15
2.13792e-15
-8.56221e-15
-1.75686e-14
3.32292e-14
1.04669e-14
-7.74722e-15
1.13945e-14
2.66357e-15
-4.61136e-14
4.06499e-14
-8.6329e-15
4.49544e-14
-1.95561e-14
-5.01832e-14
3.02118e-14
5.68566e-14
-3.55979e-14
-5.56728e-14
2.70748e-14
4.49064e-14
-3.08224e-14
-2.35688e-14
2.98711e-14
9.06911e-17
-1.2649e-16
4.37219e-17
-1.03981e-17
-2.69512e-17
1.70027e-17
6.94656e-18
1.69479e-17
1.00642e-17
8.35104e-18
7.26782e-18
-1.04635e-16
2.47534e-17
1.0192e-16
-2.3648e-17
4.83036e-17
1.51292e-19
-1.62983e-17
-3.70419e-17
-1.67042e-17
-7.83117e-18
5.59535e-18
9.90275e-18
6.15945e-17
-3.27325e-18
-7.47444e-17
3.97289e-17
5.2904e-17
4.13612e-18
1.31614e-18
-1.47103e-17
-4.10938e-17
-2.90157e-18
-3.3273e-17
-7.22414e-17
6.86844e-17
-1.81077e-16
-4.58752e-17
7.18378e-17
3.55663e-18
1.38436e-17
-2.86466e-17
-3.76266e-17
5.92771e-17
-1.87476e-16
3.94741e-16
6.27959e-17
-3.56452e-17
-3.50167e-17
-1.44808e-16
2.01772e-16
-1.90803e-16
6.86112e-17
-4.72034e-17
-2.35278e-17
1.29603e-17
-1.41829e-16
-1.47649e-16
-3.26386e-17
-1.86568e-17
3.69771e-17
1.55612e-16
4.96815e-15
-9.59644e-15
9.78281e-15
-1.5374e-14
-3.33166e-17
-1.19818e-17
-2.4165e-17
9.46149e-17
-6.67829e-17
-6.76532e-16
-1.44808e-14
2.89306e-14
-2.3344e-14
9.20499e-14
6.28328e-17
-7.89072e-18
2.97849e-17
-3.28305e-17
1.13138e-18
1.86002e-14
4.28938e-14
-7.00307e-14
9.59105e-14
-7.90731e-13
5.57827e-18
7.76791e-17
6.08342e-13
-1.55695e-12
1.54003e-16
-9.58546e-17
-5.60672e-13
9.52307e-16
-4.30431e-16
3.24424e-14
6.26071e-14
4.41955e-13
-1.81092e-12
-3.54703e-15
5.12688e-15
-2.56471e-15
2.7857e-15
8.27828e-13
-3.09154e-12
7.31561e-15
-8.77244e-15
-7.67381e-15
9.13746e-13
-2.69381e-12
-1.24406e-14
1.50839e-14
1.66292e-14
4.85677e-13
1.7383e-13
2.46505e-14
-1.72767e-14
-2.3293e-14
-3.93769e-14
-2.55956e-13
7.4283e-13
-3.25169e-14
3.01266e-14
2.09962e-13
-9.46081e-13
3.52742e-14
-2.30059e-13
-3.56694e-14
1.75442e-13
-6.24915e-13
1.16476e-12
1.33281e-12
-2.81389e-15
-1.71635e-14
8.44392e-15
2.32266e-15
3.01026e-14
6.67818e-13
-1.20086e-12
4.33785e-12
-8.03542e-12
-3.8004e-12
7.83102e-17
3.63297e-16
-5.81988e-16
-1.13436e-16
-1.58247e-15
1.13952e-11
-9.42087e-12
-1.91608e-11
-5.41204e-17
-3.10522e-17
5.01804e-17
5.08948e-11
-3.84052e-11
-1.46914e-11
-2.77624e-17
3.65229e-17
-3.27089e-17
1.09337e-10
-7.6184e-11
8.17994e-11
-1.25887e-17
4.5974e-17
-2.60505e-17
2.43879e-11
-2.42307e-11
2.93288e-11
-5.88681e-17
-3.4032e-17
7.0692e-17
-1.12466e-11
2.74742e-12
9.65279e-13
5.4709e-14
-2.47001e-13
-5.04725e-16
-2.58846e-16
1.55564e-16
7.39754e-17
-2.00006e-17
7.72037e-14
-3.99792e-14
4.261e-14
-3.94997e-14
2.10998e-14
-3.19359e-15
6.9268e-15
-6.41347e-15
1.59318e-15
-2.07301e-15
2.39699e-14
-3.07272e-14
1.9752e-14
-2.97835e-14
-4.11494e-14
1.26385e-13
-2.04494e-13
1.07084e-13
2.07222e-13
-1.18654e-13
-2.20272e-13
1.03674e-13
1.11577e-13
-8.59939e-14
4.91553e-14
-7.69723e-14
6.92827e-14
5.64554e-14
-6.23808e-14
-2.4895e-14
6.67575e-17
-1.03803e-16
2.2381e-17
-5.75245e-17
7.61178e-17
-4.41507e-18
2.20158e-17
-2.804e-18
5.49655e-17
4.01853e-19
1.79128e-18
-3.05015e-17
-5.92768e-17
3.64129e-17
-1.4155e-17
-1.67991e-17
8.65401e-18
-3.18272e-18
-7.78302e-17
-2.69991e-17
4.4954e-17
1.57942e-17
6.4667e-18
-1.05152e-16
-3.51934e-17
5.41505e-17
-2.02748e-17
1.22447e-16
4.45767e-17
-8.5869e-17
-1.06019e-16
6.76925e-17
-1.17825e-17
-2.79929e-17
7.64744e-17
-4.64523e-18
1.16222e-16
-5.1454e-17
-4.28514e-17
4.06027e-17
-3.38684e-17
-6.53595e-18
-1.07797e-18
-2.66506e-17
4.01764e-17
5.96482e-18
-1.77979e-17
2.8688e-17
-4.40872e-17
1.08299e-16
-3.2676e-17
4.93717e-17
4.45903e-17
-2.99466e-16
9.69274e-16
-2.73794e-15
2.90641e-15
-5.52602e-15
-6.28179e-17
-1.81025e-17
-3.41226e-17
9.20963e-17
-6.87569e-17
-3.97644e-16
-6.71621e-15
1.06676e-14
-1.07015e-14
1.08509e-14
6.63176e-17
-3.47784e-17
1.21201e-17
-7.86062e-17
4.50884e-17
-2.97921e-15
6.33562e-15
-2.17508e-14
-5.27214e-15
-2.21306e-14
3.6986e-18
4.40676e-17
-3.19407e-17
5.41185e-17
9.32717e-14
-2.49121e-13
-5.48764e-17
-1.69357e-16
3.31482e-16
-2.61793e-15
1.35138e-14
-2.71014e-14
-6.48731e-14
2.18393e-15
-2.10164e-13
-2.88265e-13
-2.67025e-13
7.57806e-14
-1.45833e-14
4.62469e-15
2.96571e-14
-6.9729e-15
6.1575e-15
-1.556e-14
-1.86381e-14
3.06712e-14
2.08421e-14
2.21746e-14
-3.26273e-14
-3.58585e-15
-1.78303e-14
-4.17877e-14
6.41528e-15
4.05835e-14
-2.0918e-13
-3.29523e-14
-1.44719e-15
-2.1133e-15
7.16644e-15
1.30022e-15
8.12272e-15
3.88381e-13
-3.46164e-13
1.54229e-12
-3.1952e-12
-1.07885e-12
7.80703e-18
-1.44532e-17
-2.0242e-16
3.84972e-17
-2.39714e-16
2.70432e-12
-1.63842e-12
-2.85946e-12
2.22256e-17
2.42318e-17
-2.98201e-17
6.52781e-12
-4.51122e-12
-3.62852e-12
1.6764e-17
7.4401e-17
-2.35831e-17
1.67725e-11
-1.34479e-11
1.9831e-11
-5.85235e-17
6.4437e-17
-6.61208e-17
-5.35944e-12
6.09805e-12
-7.57527e-13
1.29678e-12
-1.77188e-12
-2.32701e-16
9.43204e-18
4.42056e-17
3.84328e-17
7.21347e-20
7.3792e-13
-2.17519e-13
-2.29845e-14
-9.92896e-14
7.08743e-14
4.90658e-15
3.33284e-15
-2.26472e-15
3.77128e-16
-6.44774e-16
-6.58506e-14
3.0562e-14
2.662e-14
3.58075e-15
-2.17567e-14
1.23684e-13
-1.23102e-13
-3.93204e-15
6.39284e-14
-6.29537e-14
3.53369e-14
-5.05489e-14
-1.11466e-14
1.88888e-14
1.75595e-13
-2.23647e-13
2.04425e-13
-1.14773e-13
7.93794e-17
5.35567e-18
7.30799e-18
1.39501e-17
2.84428e-17
3.92306e-18
-3.85013e-17
5.29829e-17
-1.52825e-17
5.06549e-17
3.09618e-18
1.1549e-17
2.76786e-17
-1.7079e-17
-9.19854e-18
9.12519e-18
4.1018e-17
-1.16427e-16
-1.11262e-18
-1.17072e-17
-1.62377e-17
1.56339e-19
-5.14958e-17
-1.53112e-17
7.50488e-17
-1.09492e-17
3.98071e-17
-1.34476e-17
4.72821e-17
-1.41151e-16
9.80679e-17
-3.80963e-17
3.44687e-17
3.16195e-18
-1.36899e-17
6.25198e-18
-1.6809e-18
3.69355e-18
-3.11645e-17
1.73132e-18
5.42752e-17
-5.01738e-17
-1.86135e-17
6.23329e-18
-1.40236e-17
-2.42026e-17
-3.90108e-17
8.3607e-17
-2.19056e-17
-2.53393e-17
-1.94366e-17
-1.38995e-16
2.6643e-16
-1.11663e-15
-1.74575e-17
-4.78764e-17
-1.6716e-17
4.68795e-17
-5.01986e-17
2.95823e-16
-1.14554e-15
3.97552e-15
-3.66895e-15
8.10384e-15
6.87741e-17
3.18348e-17
7.37075e-17
-6.25188e-18
1.18904e-17
6.37359e-16
4.6415e-16
-6.08105e-16
-1.8183e-15
2.04335e-16
-1.1707e-17
8.03964e-17
-4.40571e-17
6.2716e-17
1.25561e-14
-3.67665e-14
4.39017e-17
4.27758e-17
-2.45204e-16
-1.534e-15
1.44286e-15
-1.86139e-15
-9.15007e-15
4.56935e-14
-2.2868e-15
1.8007e-15
-4.14647e-15
3.51697e-15
-2.07891e-14
8.22196e-14
-6.38538e-15
8.4086e-15
-2.57101e-14
8.35497e-14
1.06717e-14
-1.47309e-14
-3.35276e-14
-1.38151e-14
1.21981e-14
-3.08052e-15
4.18559e-15
-8.8258e-16
-3.34687e-15
9.22953e-15
-4.23479e-15
-3.627e-15
1.23881e-14
6.71954e-15
8.314e-15
-9.07695e-15
6.98125e-15
-4.22714e-15
-5.1423e-16
-7.09247e-15
3.69012e-14
-9.46175e-14
-4.37326e-14
-2.30597e-16
3.03716e-17
1.2154e-15
1.52979e-16
1.34146e-15
8.67879e-14
-5.30631e-14
2.66659e-13
-1.07774e-12
3.34968e-13
1.07898e-17
1.9285e-18
-2.20742e-18
1.67496e-17
2.51661e-18
-1.53171e-12
1.90907e-12
9.51775e-18
4.96451e-17
-1.06874e-17
-4.37876e-12
2.95433e-12
-1.85919e-17
1.06735e-16
-4.05102e-17
-5.4079e-14
3.18471e-12
-6.56839e-13
6.95008e-13
-9.68971e-13
-9.29843e-17
-2.99863e-17
7.65199e-17
2.06425e-17
1.8178e-17
2.76813e-13
-4.51567e-13
3.03178e-13
-3.62195e-13
2.61803e-13
2.34527e-15
2.60338e-16
-1.56674e-16
-2.12241e-17
1.99587e-16
-1.91802e-13
8.69277e-14
9.77902e-14
-3.28764e-14
2.52144e-14
9.03745e-14
-9.84717e-14
4.66223e-14
3.0837e-14
-2.18854e-14
9.32437e-15
-1.79426e-14
-1.69585e-15
3.21375e-15
1.68017e-13
-1.76536e-13
-1.88577e-13
2.13368e-13
1.64246e-13
-2.16627e-13
-8.2985e-14
8.58682e-14
5.10989e-17
5.79176e-18
-1.79669e-17
3.04944e-17
1.04758e-17
1.86546e-18
2.48446e-17
3.33456e-18
-1.34547e-17
-9.33931e-18
3.44628e-17
4.38925e-17
-9.43235e-18
-9.07901e-18
-2.0324e-17
-2.04239e-17
3.20503e-18
2.04537e-18
-9.91084e-18
3.1897e-17
4.98726e-17
-8.14483e-18
-2.68637e-17
3.51605e-18
1.0303e-16
-1.38144e-17
1.51596e-17
-1.49014e-17
-6.77516e-18
-4.80727e-17
5.08586e-17
-5.75117e-17
1.63858e-17
1.15466e-16
-2.11529e-17
3.99813e-17
5.18196e-18
5.34428e-17
-5.7937e-17
6.1667e-17
-5.69673e-17
-4.36261e-17
-1.58322e-17
2.99993e-17
3.19127e-17
1.93595e-17
-8.55673e-17
1.15295e-17
2.03257e-17
-5.32411e-17
1.64443e-17
1.02926e-17
-2.72051e-17
-3.54828e-17
-4.68082e-17
4.85387e-18
-4.91074e-18
1.53782e-17
1.41543e-16
-1.53033e-16
8.04074e-16
-4.60692e-17
-1.2605e-17
-4.16754e-17
7.19829e-17
-9.41738e-17
7.78723e-17
-1.71296e-16
1.33568e-16
-1.15872e-15
-2.5296e-16
2.6779e-16
-6.75737e-17
1.74508e-16
6.25404e-16
-1.81974e-15
-4.95733e-17
4.84813e-17
1.94943e-16
-2.12835e-16
6.67826e-16
-1.27976e-15
4.90934e-15
-1.14902e-15
6.68631e-16
-2.27013e-15
1.64872e-15
-1.924e-15
7.33986e-15
-2.73689e-15
4.2607e-15
-2.27816e-15
7.59029e-15
3.83439e-15
-6.6588e-15
-3.24524e-15
-4.81659e-15
9.70608e-16
8.52439e-17
-2.64307e-16
-1.53892e-17
-9.00556e-17
-9.28768e-16
-2.26131e-16
2.5984e-15
1.40844e-15
2.60114e-15
-2.1724e-15
4.67936e-16
-6.25604e-16
1.72078e-15
-1.98828e-14
4.99572e-15
-1.68205e-14
-1.26043e-17
7.62021e-17
3.33233e-17
2.09815e-17
1.4824e-16
6.25805e-14
-1.97753e-13
-9.04515e-14
4.60344e-13
2.12252e-17
2.42887e-17
1.06364e-18
3.04951e-17
1.13195e-13
-5.73707e-13
-1.5791e-13
9.50568e-13
2.00443e-17
2.49624e-17
5.97859e-18
2.70549e-17
8.23603e-14
-5.68281e-13
-7.56169e-14
1.97101e-13
3.09511e-17
2.24041e-17
-4.909e-17
-6.21017e-18
2.04281e-13
-2.54195e-13
-3.67702e-17
-4.79292e-17
1.04549e-17
2.40279e-13
-3.72831e-13
-2.38418e-13
2.74531e-13
4.6823e-16
-8.85078e-17
1.42397e-16
-2.39547e-17
8.99124e-17
-2.49061e-13
2.65577e-13
1.57528e-13
-1.64121e-13
-2.93862e-14
-4.77699e-14
3.49802e-14
1.73413e-16
-7.10033e-15
3.45692e-15
-2.26668e-15
-1.20872e-16
-8.24769e-16
1.15161e-13
-1.55174e-13
-1.49998e-13
1.7791e-13
1.71505e-13
-1.42365e-13
-1.18026e-13
7.31299e-14
-2.87446e-17
5.20801e-17
-6.82992e-17
-2.20833e-17
1.34745e-17
4.17532e-17
-7.66133e-17
8.99712e-17
4.06732e-18
1.94262e-18
7.11226e-17
-3.13126e-17
-9.02666e-18
-8.37359e-17
-9.83689e-17
3.9686e-17
-5.59341e-17
1.28543e-17
1.5119e-16
-8.98935e-17
3.47378e-17
-7.87639e-17
-5.25125e-17
1.16509e-17
-3.02339e-17
-4.07429e-17
2.10428e-17
1.30768e-17
9.07444e-17
4.86452e-18
-3.90072e-18
3.91386e-17
8.58185e-17
-1.00457e-16
-4.36357e-17
7.50848e-17
9.82316e-18
-1.73631e-17
9.65871e-17
2.92012e-17
1.06796e-17
-2.26529e-17
9.91972e-17
-3.42304e-17
-4.4634e-17
6.52471e-17
1.7042e-17
-2.50444e-17
2.04905e-17
-2.48701e-17
5.54837e-18
1.39438e-17
-5.7999e-17
6.68772e-17
-3.25504e-17
1.17614e-17
5.35303e-17
-8.47786e-18
-3.9887e-17
2.07193e-17
-9.34896e-18
9.24346e-18
-5.15203e-17
3.42315e-17
6.49234e-17
8.3314e-17
1.12089e-17
5.02371e-17
-4.02459e-18
-1.09319e-17
-2.89634e-17
-1.4937e-16
6.17305e-17
4.85864e-17
-1.11295e-16
-1.48791e-17
-2.98797e-17
-1.4562e-16
4.55096e-17
2.91391e-17
-1.57747e-16
7.53349e-17
3.46282e-17
1.15803e-16
-6.47781e-17
5.6461e-17
-1.03941e-16
1.69813e-16
-2.13927e-16
5.52419e-16
1.91639e-17
-1.72205e-16
-2.33586e-16
3.48619e-16
-8.07721e-16
6.2985e-16
4.12961e-17
-2.49035e-16
3.6745e-16
-7.47974e-16
1.68283e-15
9.21202e-16
1.28432e-16
-3.18251e-16
-4.00435e-16
1.16463e-15
-2.83521e-15
4.42209e-17
-7.87803e-17
1.93651e-16
-5.46393e-16
-1.60605e-17
5.23473e-17
-6.74134e-16
9.14863e-16
-6.09453e-17
-1.30452e-16
1.98799e-16
-8.97046e-16
8.45003e-17
1.4752e-16
-2.06428e-15
1.29489e-16
7.75855e-16
5.97259e-15
5.80684e-17
-7.76636e-17
3.37081e-18
5.02096e-18
2.87031e-17
4.36027e-17
-1.43622e-14
-2.66601e-16
1.33381e-14
1.04109e-15
-1.5175e-14
2.88305e-17
3.55842e-17
1.34746e-17
5.0104e-17
-2.23514e-15
1.95782e-14
3.70629e-15
-1.17699e-14
2.36912e-17
4.48656e-17
1.67152e-17
3.39345e-17
-1.25859e-14
2.99616e-14
2.69796e-14
-7.12728e-14
2.50171e-18
4.23369e-18
-3.06837e-17
1.49376e-17
-4.39291e-14
1.01328e-13
6.92768e-14
-1.31119e-13
1.36758e-17
-2.31929e-17
4.13605e-17
-1.59191e-17
-1.03838e-13
1.63876e-13
1.21922e-13
-1.90704e-13
-1.18525e-13
1.84142e-13
1.97975e-16
6.39648e-17
-1.645e-16
-1.18669e-17
3.92485e-17
-5.8175e-17
9.26485e-14
-1.29256e-13
-4.46571e-14
4.40919e-14
3.19566e-15
1.60435e-14
-4.88853e-14
1.76552e-14
-4.21794e-14
8.50543e-14
-1.57588e-14
3.74654e-14
-8.9884e-14
4.27967e-15
-8.47696e-15
3.25993e-14
-2.68944e-15
4.98906e-15
2.53459e-17
-1.07624e-15
-4.56483e-17
5.89723e-17
7.26164e-17
-3.36032e-17
-2.94223e-20
4.24679e-17
3.54546e-17
-4.87567e-18
-7.22413e-17
-9.36625e-17
-1.23517e-16
5.46973e-18
-7.88195e-17
3.6348e-17
-1.30886e-17
-4.59772e-17
6.86648e-17
-5.41855e-19
1.38268e-17
-3.00892e-18
6.43533e-19
2.52034e-17
-6.79753e-17
4.0698e-17
6.88289e-17
-3.19338e-17
-1.26715e-16
2.22007e-16
-1.80925e-16
-1.9483e-17
-1.58785e-17
4.27504e-17
-2.66385e-17
2.8371e-17
1.11092e-17
1.58815e-17
4.57307e-17
-2.94593e-17
3.70227e-17
2.16671e-17
-3.79078e-17
3.16253e-18
-7.26684e-18
1.63754e-17
1.53676e-17
-4.63067e-17
4.52547e-17
8.49344e-19
-3.57199e-17
2.13042e-17
-2.746e-17
-1.65458e-16
1.13264e-18
-1.14607e-16
4.1148e-17
6.50798e-17
5.06473e-17
7.66513e-17
2.17482e-16
-1.59321e-16
1.76029e-16
-6.89494e-18
1.459e-17
-4.23002e-17
7.27489e-17
-1.0703e-16
-2.74176e-17
-6.80888e-17
-2.82367e-17
4.45676e-17
7.16009e-17
1.03001e-17
-3.52918e-17
1.95266e-17
-6.51007e-17
-1.00777e-16
6.99134e-17
-7.29568e-18
2.34151e-17
-1.09665e-16
1.90369e-16
-2.38672e-17
-1.84629e-17
1.64781e-16
-1.77687e-16
4.12733e-17
-7.50564e-17
-1.019e-16
2.24385e-16
4.95482e-17
-2.87544e-18
1.4607e-16
-2.01639e-16
-3.01474e-17
7.02565e-18
-2.00216e-16
4.30112e-16
-6.02128e-17
3.07176e-17
2.44428e-17
-4.99033e-17
-2.15261e-18
-1.78583e-16
3.18394e-17
7.94013e-18
5.43052e-17
-2.47888e-17
1.15968e-16
1.11063e-17
1.08577e-16
-4.94535e-20
-2.90703e-16
-2.48112e-16
7.3751e-16
7.54385e-18
1.22611e-17
1.29997e-17
5.35354e-17
7.94151e-16
-1.92941e-15
-1.91968e-15
5.20641e-15
7.72017e-19
-1.4916e-18
6.73716e-18
-1.06055e-17
4.03343e-15
-1.0923e-14
-7.76516e-15
2.04146e-14
4.6053e-19
-2.29476e-17
-8.07072e-18
1.18762e-17
1.47794e-14
-3.25495e-14
-2.57983e-14
6.45211e-14
-2.19921e-17
-1.27298e-18
1.87347e-17
6.51796e-18
3.18148e-14
-7.48966e-14
-2.61162e-14
6.49165e-14
2.27185e-14
-5.55181e-14
-2.97035e-17
1.62922e-17
-1.05299e-17
-3.59388e-17
3.82629e-17
1.73769e-17
-2.05909e-14
3.37411e-14
8.13344e-15
-9.03063e-15
8.29279e-17
-5.02465e-15
-1.77821e-15
6.11697e-15
8.88107e-16
-2.10566e-15
-5.11825e-16
1.27996e-15
7.71284e-17
-3.1491e-17
-2.89085e-17
4.51779e-17
-1.1655e-17
8.36366e-18
4.26143e-17
1.84777e-17
8.71729e-17
-8.10895e-17
9.41705e-17
3.14041e-18
1.63066e-17
-2.02806e-17
-5.14265e-18
-4.63084e-17
1.76537e-17
-5.06294e-17
-1.12903e-16
-9.41996e-18
1.26853e-16
-1.30173e-16
5.08488e-17
-2.99335e-18
-8.81772e-17
6.04312e-17
-6.82414e-17
2.70365e-17
-2.28959e-17
7.32204e-17
-5.63219e-17
-8.2663e-18
9.72471e-17
-3.88342e-17
-1.02577e-16
9.56328e-17
9.90506e-17
-5.35869e-17
-7.29528e-17
4.72039e-18
1.41195e-17
-1.4739e-17
1.71956e-16
6.44247e-17
-1.78404e-16
2.76099e-16
3.34087e-17
-8.74516e-17
-4.46141e-17
-1.00869e-16
6.75066e-17
-3.66214e-16
3.18368e-16
-1.86102e-16
1.8015e-16
-1.431e-16
2.20004e-16
-1.97552e-16
-1.32229e-16
1.70238e-16
7.85018e-17
2.91112e-17
-1.50001e-17
4.54351e-17
-2.86184e-18
-2.74004e-16
2.12469e-16
-1.46244e-17
1.68382e-17
-2.15175e-17
5.36335e-17
-1.43584e-16
-8.22654e-18
5.81145e-17
-1.10086e-16
2.71421e-17
2.32929e-16
-1.28544e-16
1.15133e-16
-1.31054e-17
2.29871e-17
7.19106e-17
-4.6169e-16
2.43272e-16
-1.04093e-16
-3.04193e-17
-2.75144e-17
1.75687e-17
5.88837e-16
-1.95743e-16
1.53881e-16
-7.53602e-18
6.71694e-17
-3.6661e-18
-2.18374e-16
9.66265e-17
-4.94116e-17
-3.70698e-17
6.23394e-17
9.59318e-17
8.78894e-19
-4.3571e-17
-5.36829e-17
6.54237e-17
8.37375e-17
-5.21273e-17
1.46182e-18
6.27374e-17
1.85355e-16
-5.0614e-18
5.01623e-17
1.65261e-18
2.4457e-18
-1.55376e-16
-1.76068e-17
-3.4119e-16
-1.92581e-16
6.18025e-16
5.40021e-16
-1.55312e-15
-5.31452e-17
3.08242e-17
-2.23429e-17
-9.0454e-17
-1.13662e-15
2.67429e-15
2.39903e-15
-5.71408e-15
-2.1129e-18
1.89173e-18
-4.24069e-18
2.32539e-17
-3.60428e-15
8.51442e-15
-8.97151e-15
4.11666e-15
-8.95932e-15
-5.77537e-15
1.25929e-14
5.42524e-17
1.2512e-17
-3.18257e-18
-5.00118e-17
5.88019e-17
8.4892e-18
1.7015e-17
6.00686e-15
-1.02622e-14
1.11523e-14
-3.86033e-15
5.19718e-15
-5.72912e-15
2.1553e-15
-2.19025e-15
1.49925e-15
-1.75585e-15
9.65174e-16
-2.22987e-17
4.80412e-16
-2.58579e-16
-1.1386e-16
-1.81899e-16
8.34375e-17
9.95487e-17
-9.6256e-17
1.9922e-17
8.40064e-17
-5.21257e-17
1.08717e-16
-3.25815e-17
-7.19259e-17
-2.65164e-17
2.04786e-17
2.54204e-16
-5.06234e-17
-1.07355e-16
3.85894e-17
-2.22543e-16
2.37557e-16
6.55211e-17
8.39408e-17
-4.59196e-16
-2.66945e-17
-2.91883e-16
3.6587e-16
-2.87703e-17
4.78157e-16
-5.74866e-16
2.87479e-16
-1.01905e-16
-8.66827e-17
1.69606e-16
-3.63746e-16
-1.21265e-16
9.86636e-17
1.2827e-16
-3.99229e-16
-2.01467e-16
-4.5984e-16
8.61453e-16
-4.99848e-16
5.66922e-16
-6.70072e-16
1.15458e-16
-3.95182e-16
2.74309e-16
-1.25375e-16
-1.9153e-17
1.08533e-16
1.56328e-16
-4.49768e-16
-8.91934e-18
9.82873e-17
8.95923e-16
-6.0642e-16
1.92724e-16
1.32147e-16
-2.07356e-16
-1.81094e-16
4.32936e-18
-9.49422e-17
-3.08209e-17
6.01446e-16
-4.68511e-16
3.49527e-17
2.1946e-16
2.2342e-16
2.7179e-16
-1.38899e-16
-3.34304e-16
1.2894e-16
3.56405e-17
-3.39509e-17
8.71222e-17
1.49185e-16
2.38794e-16
7.5155e-16
-4.66835e-16
3.65792e-18
-1.00301e-16
7.03176e-17
-4.45964e-17
-7.3837e-16
3.89631e-16
-1.16088e-15
9.03291e-16
7.61056e-16
2.90086e-17
4.71711e-17
1.00459e-16
-8.87432e-16
1.4568e-15
-1.21758e-15
-1.37363e-16
-9.19874e-17
-5.88443e-17
4.3905e-16
2.70214e-16
1.36109e-16
-1.15345e-16
-3.3441e-16
-1.1728e-16
6.84675e-17
3.28358e-16
7.08564e-16
-1.79902e-16
-2.14392e-16
-7.72724e-16
4.46911e-16
4.51829e-16
-1.90724e-16
4.50983e-17
-2.87877e-16
-1.39952e-16
5.64515e-17
-3.94575e-17
-3.01227e-16
2.2381e-16
5.59721e-17
2.05241e-17
-1.01547e-16
-4.8181e-16
-5.18877e-16
6.78202e-16
-3.71219e-16
2.23387e-15
6.04528e-17
-7.80195e-17
-2.91128e-16
-6.30706e-17
7.02155e-16
-1.18767e-16
3.94866e-16
-4.68805e-16
-5.09046e-16
6.18814e-16
-1.32581e-17
1.86194e-15
5.13855e-17
-9.24139e-16
1.18967e-16
-5.38471e-16
5.984e-16
-2.25249e-16
7.71955e-16
-1.71707e-15
9.22732e-16
-1.6059e-15
-4.64603e-16
4.84188e-16
1.22835e-16
1.2866e-17
-2.627e-15
1.85996e-15
-5.80691e-16
6.26264e-17
9.96566e-18
2.0865e-15
-1.33059e-15
1.55956e-15
-2.04962e-15
1.10942e-15
-1.41711e-15
1.9176e-15
-4.22663e-16
2.96971e-16
4.82069e-16
-5.13638e-16
7.46757e-16
-7.73152e-16
8.24803e-16
-4.62355e-16
4.43948e-16
-6.12668e-16
9.3732e-16
-1.39688e-15
1.62517e-15
-1.70349e-15
1.13316e-15
-5.05858e-16
4.28298e-16
-5.63335e-16
1.02393e-15
-1.73829e-15
2.4153e-15
-2.76781e-15
2.56913e-15
-1.963e-15
1.01872e-15
-3.02915e-16
-4.17781e-16
9.01866e-16
-1.71739e-15
2.73974e-15
-3.59311e-15
3.82559e-15
-3.36645e-15
2.39693e-15
-1.29886e-15
2.54485e-16
-1.7989e-16
6.06998e-16
-1.30675e-15
2.4151e-15
-3.6249e-15
4.44894e-15
-4.49157e-15
3.72518e-15
-2.65523e-15
1.61963e-15
-4.62412e-16
-5.04216e-16
-6.39622e-16
1.61351e-15
-2.84089e-15
4.04341e-15
-4.58681e-15
4.37963e-15
-3.55006e-15
2.5991e-15
-1.84972e-15
7.88684e-16
6.57663e-16
-1.62242e-15
2.69236e-15
-3.56325e-15
3.90329e-15
-3.59164e-15
2.93977e-15
-2.35168e-15
2.96227e-15
-3.11905e-15
1.07137e-15
-1.93048e-15
2.4519e-15
-2.66753e-15
2.54346e-15
-2.22938e-15
1.40933e-15
-1.59677e-15
8.28257e-16
-1.09895e-15
1.39062e-15
-1.64947e-15
2.56665e-15
-1.52909e-15
-1.05842e-16
5.69585e-16
