4.04388e-13
-2.65758e-12
3.29575e-12
7.38014e-13
3.47273e-12
-3.79576e-12
5.32811e-12
-4.80994e-12
-2.43041e-12
4.23772e-12
-1.41384e-12
-6.1271e-12
-2.50667e-12
1.9579e-12
5.70939e-12
2.51346e-12
-2.44502e-12
-1.54214e-13
5.48547e-13
-1.65078e-13
-3.19975e-13
-8.39908e-13
9.2212e-14
-2.61354e-13
2.21947e-13
7.59873e-13
-6.59061e-13
1.15069e-12
-1.69098e-12
-1.22071e-12
1.11723e-12
-2.06641e-12
1.06331e-12
3.45133e-12
9.09171e-13
-9.08427e-13
-2.5082e-12
-5.33607e-13
5.45119e-13
-1.21484e-13
3.60449e-13
-1.18545e-13
-2.55455e-13
2.41156e-13
2.44222e-13
-5.25174e-13
7.14611e-13
-1.02543e-12
1.14333e-12
-1.1006e-12
4.27343e-13
6.97816e-13
1.60246e-13
-3.93574e-13
-4.98304e-13
-5.65373e-14
6.39571e-14
-7.81994e-14
2.61042e-13
-7.58584e-14
8.07635e-14
-3.74073e-13
2.00039e-13
3.76109e-13
-3.59361e-13
5.62234e-13
-8.10862e-13
1.05196e-12
-1.13527e-12
9.99514e-13
-7.05026e-13
1.74367e-13
3.4545e-13
-3.51979e-14
-1.78113e-13
-9.06653e-14
7.65861e-14
-3.47526e-15
1.36429e-14
1.21994e-13
-2.62101e-13
4.10471e-13
-6.38304e-13
8.80534e-13
-1.04517e-12
1.03332e-12
-8.38885e-13
5.37393e-13
-2.64563e-13
1.03511e-13
-3.49298e-14
6.4336e-14
-1.05571e-13
1.43546e-14
-6.26956e-14
1.39034e-13
-5.72506e-14
-1.34998e-13
2.76283e-13
-4.47521e-13
6.64874e-13
-8.52876e-13
9.22452e-13
-8.30095e-13
6.15534e-13
-3.75093e-13
1.9247e-13
-3.60126e-14
-7.33439e-14
1.87622e-14
4.91835e-14
9.83763e-15
-1.42698e-14
-6.50888e-16
-6.86693e-15
5.97212e-14
-8.90731e-14
1.31549e-13
-2.4698e-13
4.19163e-13
-5.99204e-13
7.07638e-13
-6.98034e-13
5.73095e-13
-3.91847e-13
2.2423e-13
-1.10046e-13
4.52904e-14
-3.10145e-14
1.30248e-14
1.7944e-16
-3.57469e-14
-9.74386e-14
1.90439e-13
-3.43358e-13
4.50792e-13
-4.92443e-13
4.44651e-13
-3.36909e-13
2.16763e-13
-1.2405e-13
9.29098e-14
-7.65207e-14
1.06765e-14
-5.07448e-16
-2.02566e-15
4.88642e-14
-1.71143e-14
-3.29551e-14
5.58692e-14
-1.05037e-13
1.97213e-13
-2.80128e-13
2.78059e-13
-2.37375e-13
1.68976e-13
-1.07222e-13
5.35418e-14
-4.66808e-14
5.13107e-14
-2.1009e-14
7.59159e-15
-5.45381e-15
1.11369e-14
3.95338e-14
-8.11923e-14
1.24547e-13
-1.24345e-13
1.08965e-13
-7.56378e-14
7.22884e-14
-4.32462e-14
4.89187e-14
-1.06256e-14
-3.54782e-15
1.97898e-15
-7.2309e-15
-2.22477e-16
-2.28583e-15
3.28833e-14
-5.0383e-14
4.21599e-14
-3.82497e-14
2.91008e-14
-5.85442e-14
4.05531e-14
-1.91e-15
-1.16506e-14
6.4058e-15
-2.45268e-15
3.1307e-15
-3.16182e-16
-1.28176e-14
2.10346e-14
-1.58631e-14
2.49158e-14
-1.70566e-14
-6.83108e-16
9.04289e-15
-1.68782e-14
6.61799e-15
8.96293e-16
2.59886e-15
-4.81443e-16
-9.78266e-15
6.74956e-15
-6.72634e-15
7.12824e-15
-4.68046e-15
-7.56198e-16
6.21562e-15
-2.18677e-15
2.67903e-17
-2.77928e-16
-7.97467e-14
4.74752e-13
-2.93333e-13
-1.0711e-13
-1.4141e-12
1.16117e-12
-8.21407e-13
2.27422e-13
4.773e-12
-3.75359e-12
1.38226e-13
2.58828e-12
-6.80044e-12
8.62862e-12
-9.10031e-12
1.26989e-11
-1.83985e-11
2.22724e-11
-1.92025e-11
3.23529e-11
-3.46695e-11
1.80043e-11
-3.52668e-11
6.28609e-11
2.2303e-11
-1.23679e-11
-6.18002e-11
-2.11753e-11
1.95824e-11
1.03482e-15
-3.3033e-14
4.97877e-15
5.32654e-14
5.72037e-14
1.63803e-14
2.58431e-15
-3.81058e-15
-1.03339e-13
1.04726e-11
-7.14703e-12
1.36187e-11
-2.70178e-11
-5.58716e-12
3.68999e-12
1.23146e-11
3.0826e-12
-5.58656e-12
1.03632e-14
-4.87852e-14
9.81747e-15
5.1983e-14
-1.34414e-15
-1.59207e-13
-1.92952e-12
-9.09735e-13
8.59605e-13
2.17319e-12
4.07449e-13
-8.06422e-13
6.44318e-15
-2.40592e-14
-1.46286e-15
-3.62815e-15
4.17115e-14
-7.84395e-16
-8.68171e-14
-4.48277e-13
-2.515e-14
2.09974e-13
2.5988e-13
-7.61597e-14
2.83239e-14
-1.1387e-13
-3.583e-14
8.14e-14
-3.59021e-14
2.84031e-14
-3.1731e-15
9.14234e-15
4.03334e-15
3.63519e-16
-7.77939e-15
-1.27434e-15
-2.76602e-15
8.56329e-15
-8.05959e-15
-4.03539e-15
-2.30069e-14
2.10596e-15
9.41291e-16
6.24486e-15
8.86931e-16
2.89584e-14
-5.25498e-14
2.78914e-15
-1.04567e-15
-5.86234e-16
-2.51099e-14
-1.88514e-15
3.83863e-14
-1.52994e-16
1.63632e-16
3.6882e-16
4.76937e-14
-1.51439e-14
-2.36509e-14
8.3715e-17
-6.97915e-17
-4.12246e-17
-6.56295e-14
3.09935e-14
9.80988e-15
6.06412e-16
-4.84446e-17
6.22386e-17
5.54833e-14
-3.03181e-14
1.64606e-14
1.04792e-14
-1.81223e-15
1.72692e-16
-1.26602e-16
4.68261e-17
-2.57827e-14
-1.22051e-14
-1.33067e-16
-3.06102e-16
2.98865e-16
2.60264e-16
1.53278e-16
2.00409e-14
-1.55845e-14
-1.09808e-14
7.71121e-15
-3.49836e-15
1.07672e-15
3.38497e-16
-1.05109e-17
-5.77685e-17
1.16735e-16
-3.0046e-16
3.30766e-15
1.47295e-15
-6.05245e-16
-3.83392e-16
4.0614e-16
-2.94614e-16
5.69106e-17
-2.1365e-18
2.54602e-17
-1.59472e-15
1.9702e-15
2.91569e-16
2.9487e-16
-2.99312e-16
-7.52162e-16
1.95919e-15
-1.58726e-15
-2.4532e-17
-6.40616e-17
-2.18742e-17
3.21267e-17
-3.37822e-17
1.74709e-17
-1.29301e-16
2.10578e-16
1.36951e-17
1.04406e-16
-5.92831e-18
-3.25766e-17
7.0345e-16
-2.69628e-17
1.89548e-16
2.78544e-16
1.6738e-16
2.21667e-16
1.78928e-16
-4.45277e-17
-2.37423e-17
3.9307e-17
8.19668e-17
-1.84704e-17
7.82317e-17
1.51441e-18
-1.24836e-16
-1.97045e-16
-8.38701e-17
-1.82354e-16
-8.09875e-17
-9.77609e-17
-2.51604e-16
1.68882e-16
8.68699e-17
1.59555e-17
8.74426e-17
2.71133e-16
2.78821e-16
4.10072e-16
3.66453e-16
-2.92777e-17
-1.13216e-14
-5.78854e-14
-8.41111e-13
-1.3728e-13
3.19576e-12
-8.81686e-12
1.81669e-12
3.93438e-13
-9.87603e-12
3.25454e-11
8.18455e-12
1.37449e-12
-2.96713e-11
-3.25045e-11
3.73135e-11
-2.39358e-11
6.21552e-11
-9.2913e-11
1.12416e-10
-6.14272e-11
1.26594e-10
-1.86658e-10
-1.22439e-10
1.95763e-10
1.27396e-10
-1.71623e-10
8.68668e-15
3.0882e-16
-2.94784e-14
5.26148e-14
-3.37864e-14
-2.53311e-14
8.95288e-14
4.50065e-11
-1.00854e-10
1.29295e-10
4.43151e-11
-7.10378e-11
-2.44137e-11
3.45395e-11
7.45595e-16
-9.83082e-17
-2.2468e-15
7.64976e-15
1.05632e-11
-1.49753e-11
-4.06502e-12
5.63956e-12
4.51943e-16
-2.87077e-15
4.41104e-16
2.26643e-16
1.42327e-12
-1.88843e-12
-4.5235e-13
5.64596e-13
2.1422e-16
-9.53365e-16
1.81742e-16
-5.52298e-16
-5.88871e-17
1.40495e-13
-1.51453e-13
-3.58043e-14
3.32619e-14
-6.40316e-17
4.19924e-17
4.71223e-17
3.10783e-17
3.19376e-16
1.95241e-17
4.45226e-14
-5.24258e-15
-4.75387e-15
6.77136e-15
-8.04108e-16
3.41523e-15
-3.20978e-15
-2.58888e-15
-3.3055e-14
1.50688e-14
9.42082e-16
3.98538e-14
-2.49473e-14
1.41722e-15
9.39493e-15
-1.76593e-15
8.49644e-16
2.76519e-16
7.07178e-16
-1.8473e-16
-5.2797e-17
-4.05824e-16
-1.14792e-13
5.97319e-14
-2.53881e-14
7.13754e-17
1.428e-17
6.00088e-17
2.15076e-13
-1.17263e-13
5.88071e-14
-1.02845e-16
4.62387e-17
-1.51277e-17
-2.87347e-13
1.64951e-13
-8.54276e-14
4.2652e-17
1.26013e-17
-2.15423e-17
2.99615e-13
-1.7544e-13
8.52196e-14
-1.78753e-17
4.9889e-17
3.21969e-19
-2.26676e-13
1.21476e-13
-8.98588e-14
1.55664e-17
1.46609e-17
5.39086e-18
1.22941e-13
4.99995e-14
-2.21289e-17
3.79567e-18
1.83496e-17
-8.77789e-14
1.09494e-13
5.27996e-14
-2.59908e-14
1.56037e-14
-5.6977e-17
3.55007e-17
-1.45208e-17
1.12139e-17
-1.73664e-14
-5.31172e-15
4.61037e-18
-1.21773e-17
1.75631e-17
7.60192e-15
-7.75945e-15
-2.63354e-15
-6.04842e-16
4.11837e-17
-1.18122e-17
4.07615e-17
-2.52602e-17
7.92956e-16
-6.4892e-16
-2.31096e-16
-8.22947e-17
6.97101e-17
-4.57616e-17
4.2915e-17
-1.00511e-16
5.62213e-17
3.07529e-17
1.11781e-17
-3.76412e-17
3.13858e-17
-9.2821e-18
1.03209e-16
-1.33142e-16
1.79003e-16
-2.64998e-16
-4.5444e-17
5.32969e-17
1.00617e-16
-5.73137e-17
6.26498e-17
-4.38679e-16
-6.38757e-16
-9.61258e-16
-1.26566e-15
-7.00458e-16
2.21729e-16
4.44987e-16
-4.05095e-16
-9.11076e-17
6.09553e-16
-9.42415e-16
-1.19402e-16
1.08279e-16
7.16638e-17
6.71637e-17
1.78025e-15
2.20964e-15
3.44477e-15
3.81604e-15
7.53979e-16
-9.08115e-16
1.67697e-15
-3.34422e-15
6.24688e-16
1.04042e-15
-2.32344e-15
-6.58766e-15
-7.27085e-15
-1.27147e-14
-1.01099e-14
4.59335e-15
5.52071e-14
3.12554e-13
-4.1026e-13
-4.38915e-12
7.86133e-12
1.02427e-12
2.13068e-11
-7.61063e-11
-8.01131e-11
1.79442e-10
8.38828e-11
-1.69758e-10
-1.90068e-11
8.87056e-11
-1.04756e-10
7.81745e-11
2.32009e-10
-2.37528e-10
-2.61203e-10
3.09527e-10
2.04997e-10
-2.01928e-10
-1.47858e-10
1.3096e-10
-2.6223e-14
-3.02143e-14
1.28827e-13
-1.28916e-13
2.78788e-13
-2.85237e-13
8.89756e-11
-9.38562e-11
-4.3076e-11
4.55611e-11
1.75665e-11
-1.4788e-11
-3.97369e-16
-1.54249e-15
3.0309e-15
8.04449e-16
-6.39391e-12
5.11751e-12
2.05889e-12
-1.61928e-12
1.02982e-16
-1.95888e-16
-8.42256e-17
9.4882e-16
-5.86021e-13
4.58737e-13
1.4701e-13
-1.18274e-13
6.86016e-17
-9.88673e-17
-5.18523e-18
2.08548e-17
-3.16616e-14
2.83698e-14
5.78487e-15
-7.61531e-15
1.00562e-15
-1.01045e-16
-3.23465e-16
-3.76412e-16
-1.44462e-16
-5.07521e-17
-1.09258e-15
2.00752e-15
-1.02491e-15
3.59054e-16
-5.05758e-16
2.81967e-16
3.74977e-14
-3.04881e-15
-6.32332e-15
-1.37209e-13
7.48786e-14
5.13068e-15
-1.01761e-16
-1.70455e-16
1.24155e-16
-5.47925e-17
8.1488e-17
8.17392e-14
-6.17723e-14
-2.89887e-17
-1.35014e-17
-4.24642e-13
2.12256e-13
-8.83905e-18
1.83459e-18
6.30201e-13
-3.76559e-13
8.22793e-18
1.90585e-17
-7.81248e-13
4.79588e-13
5.07011e-17
6.65837e-18
8.57262e-13
-4.93656e-13
1.82032e-18
-8.30323e-18
-5.32585e-13
3.54716e-13
3.45102e-17
6.63503e-19
2.73025e-13
-1.99412e-13
2.31149e-17
5.53948e-17
-1.25737e-13
-5.64531e-14
-5.21977e-17
-1.79048e-17
-9.74857e-17
5.37864e-14
-4.17924e-14
-1.97427e-14
2.16975e-14
-1.57957e-17
4.35234e-16
1.64195e-16
6.23217e-15
2.48472e-15
-2.26672e-16
-4.09516e-17
-8.72489e-16
-1.65311e-15
6.15379e-16
3.40819e-16
1.16564e-16
-1.98754e-16
1.8141e-16
1.26329e-15
3.75566e-16
-5.5113e-17
-2.92053e-17
1.65092e-17
-4.26057e-17
-8.77525e-16
4.53221e-16
-1.01529e-15
1.15897e-15
-7.01806e-18
-3.6526e-17
9.51535e-17
5.89519e-17
-3.01791e-15
1.36868e-15
-1.9714e-15
3.94619e-15
-2.4182e-16
-1.44058e-16
3.17629e-16
2.02611e-17
-1.74371e-16
-4.48659e-15
-4.3865e-15
8.47948e-15
-5.20046e-15
4.33168e-15
-2.01495e-15
3.44576e-16
-2.40537e-16
-9.73151e-16
-1.27945e-15
1.28227e-14
2.32713e-14
2.32368e-14
5.05946e-14
7.9009e-15
-2.05847e-14
3.35842e-14
3.80924e-14
-7.42414e-14
-1.73499e-14
-9.43005e-15
1.40214e-14
-1.58487e-14
-4.90199e-14
-7.7846e-14
-7.12505e-14
-2.42786e-13
8.74317e-14
-5.59533e-14
-2.75175e-12
1.96633e-10
-1.8105e-10
-3.0668e-10
2.37765e-10
-2.15009e-10
1.63878e-10
2.65793e-10
-2.71084e-10
2.40191e-10
-2.05679e-10
2.00517e-10
-2.09475e-10
5.90346e-11
-1.46916e-11
5.92123e-11
-8.29679e-11
-1.12405e-10
-2.32211e-11
8.34275e-11
2.0765e-10
-9.21118e-13
-3.56774e-13
4.47838e-12
-9.2799e-12
1.46817e-11
-1.10903e-11
6.45934e-12
1.41622e-11
-2.1712e-10
1.42062e-10
1.1804e-10
-5.76355e-11
-6.34364e-11
-4.13129e-11
-3.02451e-11
3.85234e-11
5.60223e-11
-4.13296e-15
3.90096e-14
3.89964e-14
3.35024e-13
-4.68268e-13
-3.13866e-13
-1.91406e-11
1.22612e-11
1.72418e-12
6.11416e-12
4.19017e-12
-5.36894e-12
-2.24273e-12
-5.19979e-15
-3.07566e-16
3.03929e-15
-5.0247e-14
1.11833e-12
-2.42113e-12
-4.27589e-13
7.8628e-13
-4.64397e-17
-1.98502e-16
3.21373e-16
1.86076e-15
1.52589e-13
-2.91417e-13
-4.60892e-14
7.19744e-14
-9.93322e-17
1.40495e-17
4.01074e-17
2.87414e-16
1.24658e-14
-2.31199e-14
-2.25051e-15
4.88525e-15
-2.16641e-15
1.05421e-15
-5.60813e-19
2.562e-15
-3.19183e-15
8.22725e-16
-1.98616e-17
5.29229e-16
-2.14213e-15
4.82021e-16
4.63327e-17
-8.08723e-17
4.47773e-17
2.29403e-14
3.19262e-15
-2.07333e-14
1.34806e-13
-1.18036e-13
5.91907e-15
-5.32849e-17
-5.11494e-17
-9.29737e-18
2.55628e-17
-2.45319e-17
1.11945e-17
-1.53715e-13
1.97624e-13
-1.49828e-17
-1.74017e-17
-3.01787e-13
1.75514e-17
-9.26276e-13
1.45637e-12
-6.52864e-13
2.10574e-12
-2.11769e-12
6.7324e-13
1.00904e-12
-8.53956e-18
8.24486e-18
1.51589e-17
-1.69467e-17
-2.87707e-17
2.68362e-17
4.22404e-18
3.41889e-17
-3.07899e-12
2.15668e-12
-1.07878e-12
2.00613e-17
2.63329e-17
2.28975e-17
3.90888e-12
-2.66418e-12
9.74711e-13
-6.07871e-18
5.23543e-17
-1.52384e-17
-6.96992e-12
3.26275e-12
-1.84503e-12
6.46237e-17
-3.94317e-17
3.88877e-17
1.89697e-12
7.50979e-13
-2.93377e-17
-8.84497e-18
-7.23926e-13
-2.30336e-13
2.18192e-13
-3.10508e-13
-4.32126e-17
1.9007e-17
9.35372e-17
-1.1054e-16
8.01567e-17
-5.53958e-14
1.17733e-13
2.39014e-16
-8.21534e-17
1.91381e-14
1.28097e-14
-1.25485e-15
-2.87268e-16
-3.50006e-15
-2.02136e-15
-2.03976e-18
-3.35503e-15
2.03261e-15
-1.34703e-15
1.72072e-15
-1.91726e-15
-1.9393e-16
2.3575e-16
-5.39167e-17
-4.26462e-15
-2.17703e-15
-1.48594e-16
6.94189e-18
3.17429e-17
2.27201e-17
3.3749e-15
5.53217e-16
1.68912e-14
-1.39101e-14
-2.87994e-14
-3.53653e-15
-1.17833e-17
-4.67041e-17
-9.29924e-18
1.71454e-17
7.45389e-15
-4.98993e-15
6.09135e-15
-1.71621e-14
-1.12517e-17
-1.04752e-16
7.40056e-17
7.42051e-16
2.04263e-14
-1.55011e-14
2.37089e-14
-2.95994e-14
-3.11182e-16
-5.83464e-17
5.72634e-16
3.54485e-15
2.00267e-15
-6.71139e-14
4.43711e-15
-8.33003e-14
3.41503e-14
-1.59435e-15
-4.18524e-15
-5.73309e-15
1.24791e-14
1.37397e-14
-3.81045e-14
4.41049e-14
2.16059e-13
2.08446e-13
1.79302e-13
8.23873e-13
2.90037e-13
-1.09349e-13
2.96322e-13
2.69546e-13
9.42534e-15
1.43323e-13
1.62526e-13
-2.83641e-14
-1.59948e-14
-5.45819e-14
1.61693e-14
1.12334e-13
-4.03982e-13
-7.3743e-13
-4.70855e-13
-1.40623e-12
-3.23126e-12
4.01335e-13
-7.18736e-13
-7.07872e-13
-6.71936e-13
-3.52429e-13
4.88833e-13
2.05159e-12
1.56434e-12
1.77758e-12
5.56551e-12
9.19134e-12
1.39166e-12
-3.57083e-11
-9.28417e-11
1.72492e-10
-1.22362e-10
4.47064e-11
-1.91821e-10
1.49013e-10
1.56504e-10
-1.11108e-10
-3.35983e-11
3.27885e-11
-3.12814e-11
1.23362e-11
1.69644e-11
-6.76479e-13
3.8122e-11
-5.34848e-11
7.53268e-11
-7.49257e-11
2.80185e-11
-4.22837e-11
-8.18026e-11
3.73186e-11
3.62259e-11
-8.41478e-12
-1.42405e-11
-9.20491e-12
9.88748e-12
5.05431e-13
-2.11363e-12
3.33331e-12
-1.25901e-11
3.0755e-12
-9.70578e-12
1.52619e-12
3.4591e-12
2.8008e-12
-2.73327e-12
-1.22947e-14
2.79477e-14
1.57326e-14
-1.47005e-13
1.32806e-13
5.56551e-14
1.57329e-12
-9.10969e-13
-1.80443e-13
-4.87648e-13
-3.33547e-13
4.76798e-13
1.67612e-13
-2.97502e-16
-1.26081e-16
-9.75912e-16
1.33893e-14
5.19155e-15
-6.07059e-14
8.48026e-15
6.48826e-14
9.95549e-15
2.00774e-15
-3.29726e-16
-8.65173e-16
-2.13122e-15
2.6391e-15
2.53757e-15
-4.82261e-15
6.28871e-15
4.92934e-15
1.32859e-15
-2.0007e-14
1.03069e-15
1.36697e-14
-1.48081e-14
-6.95721e-15
-1.4942e-16
-1.38355e-16
-7.32345e-16
1.64818e-16
6.54299e-17
-1.5724e-13
9.54626e-14
-1.60292e-13
8.12584e-13
-4.04851e-13
1.67925e-13
2.49962e-17
-4.5207e-17
1.36372e-17
-2.55517e-18
-2.95922e-17
5.27915e-18
-1.0686e-12
2.2057e-17
-1.88828e-12
1.66942e-12
-1.42314e-12
4.64895e-12
-3.20125e-12
2.46028e-12
3.58827e-17
-2.04178e-17
-3.14654e-17
4.81679e-17
-5.38828e-18
1.99978e-17
-5.14381e-12
4.23154e-12
2.12063e-17
3.49733e-17
5.69683e-12
-6.18241e-12
9.54621e-17
-1.86216e-17
-8.8696e-12
8.58694e-12
-6.92386e-17
7.27784e-17
5.51866e-13
2.02705e-13
-4.70792e-13
-9.06213e-14
8.65211e-14
3.31176e-18
-1.06291e-16
6.62973e-17
2.18376e-17
-2.17249e-16
4.18201e-14
-3.71913e-14
1.08727e-16
1.107e-16
-4.79839e-15
1.49101e-15
2.75301e-16
-4.202e-16
1.16463e-15
2.63963e-15
-6.99704e-16
1.65108e-15
-1.50253e-15
8.63027e-16
-1.63042e-16
-6.49989e-17
4.4158e-17
8.7754e-17
-1.93439e-17
2.87096e-14
-4.19095e-14
4.70801e-14
-6.40203e-14
-5.90563e-15
-1.51617e-16
3.6331e-17
3.48447e-15
-2.33093e-15
1.99009e-16
-7.21413e-18
-3.82956e-16
1.93316e-16
-4.93513e-14
7.84327e-14
-6.82758e-14
5.02994e-14
-2.6894e-14
7.59908e-16
3.90061e-16
-1.82268e-15
8.31874e-16
4.06498e-13
-3.34535e-13
7.71459e-14
1.57729e-13
3.21933e-15
3.30065e-15
-2.61889e-15
1.2167e-14
1.20831e-14
-8.14794e-13
6.96093e-14
-5.98983e-13
-5.14189e-13
1.02587e-12
-3.74807e-14
-1.40855e-14
-3.20101e-14
1.45732e-13
1.54522e-13
-2.5997e-13
2.44898e-12
2.48367e-12
1.24607e-12
2.11048e-12
1.47246e-12
8.76548e-13
-3.5788e-13
-3.98392e-13
-2.65537e-13
9.70306e-13
-5.04258e-12
-6.67103e-12
-2.52149e-12
-9.19372e-12
-3.70771e-11
-8.91836e-12
-1.02303e-11
-1.72289e-12
-9.47805e-12
-8.34127e-12
1.15589e-11
1.55134e-11
1.73077e-11
5.235e-13
5.1291e-11
1.26886e-10
5.92018e-11
6.91983e-11
6.69668e-12
-1.23816e-10
5.47388e-11
2.71058e-11
-9.49947e-11
2.51156e-11
1.08033e-10
-4.56334e-11
-6.56926e-11
1.88711e-11
-1.51909e-11
2.02147e-11
1.65954e-10
-1.80429e-10
2.84103e-10
-2.8219e-10
1.15771e-10
-2.26109e-10
-1.89476e-11
1.0616e-11
5.49073e-12
-2.58897e-13
-8.95279e-13
-9.48018e-13
3.03243e-13
1.13012e-12
-1.68465e-11
1.68287e-11
-7.1479e-11
1.92282e-11
-1.96018e-12
-1.15298e-12
4.98494e-13
8.10106e-13
-4.11144e-13
-1.41545e-13
8.14833e-13
-1.17832e-12
3.13175e-12
-1.00676e-12
6.78632e-13
1.5437e-13
-2.12482e-13
-2.62719e-13
2.19206e-13
-2.2927e-14
8.72959e-14
-1.47386e-13
-1.70174e-13
-1.22392e-13
1.48004e-13
-4.72126e-15
2.18742e-14
-5.17484e-14
-2.40468e-14
5.28772e-15
2.18228e-14
1.09326e-15
5.46171e-16
2.86453e-15
8.26177e-15
-1.31109e-14
6.04848e-16
-1.91768e-15
2.49322e-15
1.63739e-15
5.82598e-16
3.32206e-14
-3.20042e-14
3.84709e-14
-2.40554e-13
-3.71812e-14
-1.49305e-17
1.0467e-16
-1.56849e-16
-6.33893e-17
4.43256e-19
-1.07281e-12
6.56047e-13
-4.38052e-13
2.74113e-12
-1.72822e-12
5.73756e-13
4.75141e-17
8.63461e-18
1.48459e-16
5.99492e-17
3.3222e-17
-2.22736e-17
-2.82941e-12
5.74316e-18
-3.10494e-12
3.31074e-12
-2.15527e-12
3.46348e-12
5.62506e-12
-2.91672e-12
-4.9359e-12
4.11501e-12
4.99936e-17
-1.69554e-17
2.30815e-17
-2.47308e-17
-5.70202e-12
3.20677e-12
6.05971e-12
1.44077e-17
-5.05708e-18
7.42613e-12
-3.39446e-12
-6.8392e-12
-2.0311e-17
4.24261e-17
-7.25431e-12
1.83892e-12
9.00723e-12
1.38535e-16
-9.10459e-17
8.89653e-13
4.05879e-13
-7.47799e-13
-1.19851e-13
1.12764e-13
2.55711e-16
-6.97911e-16
3.64643e-16
2.81341e-14
-4.21951e-14
-7.68914e-16
1.04251e-15
-1.03352e-15
6.83795e-17
3.54814e-16
3.91546e-17
-2.16164e-16
1.65303e-15
3.8979e-15
3.67334e-16
-3.86297e-15
-2.05712e-15
9.3553e-17
-8.89084e-17
2.60489e-17
4.53799e-17
-6.25281e-17
7.47083e-14
-9.20462e-14
9.20892e-14
-1.06793e-13
-3.18722e-14
-1.50338e-16
1.57261e-16
3.77952e-16
-2.40052e-16
-1.90868e-13
1.92645e-13
-9.41177e-14
6.5583e-16
-3.06332e-16
-2.44916e-15
-8.8131e-13
3.00796e-13
3.97354e-13
1.03523e-14
-3.51478e-15
-2.28644e-14
-3.15951e-15
3.58378e-12
-2.22328e-12
-4.5529e-13
2.28987e-12
2.56918e-14
5.90798e-14
2.45625e-14
1.49947e-13
3.35224e-14
-7.47156e-12
-1.21937e-12
-8.31884e-12
-3.93343e-12
7.07474e-12
-6.52505e-13
6.96923e-14
7.18834e-14
1.93631e-12
9.49692e-13
-5.39226e-13
1.58635e-11
5.85065e-12
3.4984e-11
2.4443e-11
1.36291e-11
1.57731e-11
-2.30003e-12
-9.71158e-12
7.37395e-12
-1.19839e-11
-4.55787e-11
5.79059e-11
-5.23301e-11
-3.81262e-11
7.5562e-12
-2.13406e-10
-3.24709e-10
-4.1885e-11
-5.21624e-11
4.54336e-11
-1.57443e-10
1.90627e-10
1.0177e-10
1.11848e-10
4.44989e-10
1.66466e-10
2.76112e-10
-1.86005e-10
-3.1241e-10
2.7847e-10
-2.41209e-10
2.53485e-10
-2.51691e-10
1.64931e-10
-9.52887e-11
2.55214e-11
2.48011e-12
2.58422e-12
1.35101e-11
-1.34692e-11
-8.65348e-12
3.29652e-12
5.1776e-13
2.60596e-13
1.03277e-13
-4.75344e-12
-2.73148e-11
3.1e-11
-8.74996e-11
5.32171e-11
5.46569e-14
-1.03953e-13
-1.25754e-13
-2.07858e-15
4.80028e-14
2.06712e-13
1.76258e-12
-1.35231e-12
7.91679e-12
-2.28606e-12
2.50992e-14
1.13933e-13
3.65691e-14
-2.79166e-14
1.03908e-14
4.19277e-14
9.99212e-14
-4.59102e-13
-5.99079e-14
-7.88979e-14
6.37362e-14
1.21331e-14
3.51696e-14
-1.28094e-13
-5.37719e-14
-3.92907e-14
4.53538e-14
1.06829e-15
9.63719e-15
-3.69786e-14
-7.66573e-15
1.53404e-15
5.87837e-15
-1.17307e-14
4.95149e-15
-5.04732e-16
4.78441e-14
-6.37413e-15
1.5359e-16
-3.72677e-16
3.54439e-16
2.18226e-16
1.24679e-16
1.86746e-13
-1.44447e-13
5.42595e-14
-6.13496e-13
-6.96547e-14
-1.74957e-16
4.19098e-16
1.86659e-16
-3.34071e-16
-1.49057e-16
-2.84628e-12
1.83492e-12
-9.0696e-13
1.74096e-12
4.68015e-12
-3.63757e-12
7.66736e-13
5.12497e-17
-6.25623e-17
6.1739e-17
-6.89001e-17
6.92749e-17
-4.22734e-12
-2.10635e-17
-6.91723e-18
1.6487e-17
2.33707e-17
2.65206e-17
3.49378e-17
-1.00919e-16
3.84113e-13
-3.43573e-16
5.84604e-16
-8.1276e-14
8.39546e-14
1.84201e-15
-1.52905e-15
1.65377e-15
-1.28618e-14
-5.03628e-15
-9.12785e-16
-1.3096e-15
1.79047e-14
7.78312e-15
-2.76083e-16
1.19827e-15
1.53096e-16
-1.40064e-16
3.2077e-15
2.53213e-14
4.92953e-15
1.66478e-17
8.95454e-17
-1.21244e-16
-1.30378e-16
-1.48778e-18
1.92316e-13
-2.83507e-13
8.88228e-14
1.73813e-13
-1.18483e-13
1.05361e-16
-6.63311e-16
-3.74487e-16
-1.14812e-15
-6.66771e-13
4.77274e-13
9.34606e-13
2.09478e-15
4.80957e-15
-5.19206e-16
-2.40547e-12
1.16396e-12
1.75514e-12
1.80936e-14
-1.59457e-14
-2.09876e-14
-3.7483e-12
-1.49565e-12
6.0949e-12
1.6639e-14
3.16853e-14
-1.50306e-13
-2.39081e-13
4.22793e-11
-2.23366e-11
-1.89844e-12
1.00375e-11
1.294e-14
8.67418e-13
1.19584e-12
1.6488e-12
-1.41022e-12
-6.09595e-11
-2.97216e-11
-8.4446e-11
-9.64528e-11
6.51952e-11
-9.30771e-13
-8.71693e-12
1.37859e-11
-1.06267e-12
-3.79785e-11
4.09499e-11
-5.08929e-11
7.44626e-10
-2.95808e-11
3.11966e-10
4.7211e-10
3.54381e-10
-4.42337e-11
1.82791e-10
2.09866e-10
-1.56673e-10
8.05921e-11
4.53061e-11
-4.83779e-10
-4.40466e-10
-1.39002e-10
-6.38951e-10
-2.21621e-9
-7.39442e-10
-1.45531e-9
-2.14878e-10
1.90424e-10
2.16963e-10
-1.57244e-10
1.38303e-10
-1.71597e-10
1.42741e-10
1.12286e-10
-1.00205e-10
-5.13039e-11
5.30699e-11
1.72989e-11
-2.24089e-11
-9.53706e-12
9.62455e-12
1.01092e-11
-6.10763e-12
-1.90292e-15
-6.11546e-13
9.32811e-14
2.63702e-14
-2.40455e-11
-5.76026e-11
2.51448e-11
1.10653e-10
-1.02253e-10
5.1127e-11
1.72871e-10
-1.40484e-13
3.08917e-14
5.02104e-14
-2.97599e-15
-6.62956e-15
8.67432e-13
2.54336e-13
-1.58402e-13
5.14968e-13
6.78112e-12
-1.97048e-12
-2.05829e-14
6.78929e-15
2.32725e-15
1.47025e-13
2.46419e-14
-2.65815e-13
1.0962e-14
-2.45297e-15
2.48402e-15
4.7029e-14
-1.11862e-14
-3.8365e-14
-1.59536e-14
-2.18537e-14
1.54386e-14
1.26977e-14
-4.0432e-15
-1.28477e-14
-1.55079e-14
-1.17892e-14
9.2952e-15
-1.53215e-15
-8.80677e-16
-3.45365e-15
-7.14427e-16
5.05898e-16
-3.9487e-16
-3.00115e-14
1.68059e-14
-2.10462e-15
8.98054e-15
7.97011e-14
6.06338e-16
-1.42952e-16
2.12102e-16
7.37651e-17
6.54141e-19
5.88776e-13
-2.63582e-13
2.88389e-14
-1.91007e-13
-1.22288e-12
-3.11656e-14
-4.27671e-17
9.10129e-17
1.77453e-16
-1.09931e-16
1.06774e-17
-3.37045e-18
1.44018e-12
-3.22185e-12
2.42805e-12
-1.39285e-12
-8.26691e-13
2.99706e-12
-1.7147e-12
1.77116e-17
-2.6736e-17
2.91027e-17
-1.16434e-16
2.02932e-16
-3.65413e-13
-1.89732e-12
-3.41526e-17
1.27221e-17
1.21514e-12
1.38356e-12
-5.60408e-17
2.22102e-16
-1.49109e-12
-8.92406e-13
-2.2954e-17
1.9398e-16
1.2753e-12
6.46075e-13
-1.11251e-16
-8.84367e-17
-1.00813e-12
9.88597e-14
3.98428e-17
7.98345e-16
9.06889e-13
-6.78386e-13
-1.48493e-15
6.07608e-16
1.01203e-13
5.69256e-14
5.77075e-15
1.90388e-15
-1.47782e-13
-1.88179e-14
-1.71702e-14
5.1486e-15
-1.96342e-15
-3.57749e-14
-6.40964e-14
-2.51238e-14
4.19669e-17
-1.09833e-16
1.06265e-13
-3.34068e-16
3.65879e-15
-4.69412e-13
3.483e-13
6.35485e-16
-1.50291e-15
6.35454e-17
-1.90127e-16
-7.3954e-13
4.79787e-13
7.33422e-16
-2.8233e-16
2.67949e-12
-2.05047e-12
-1.46357e-15
-2.18854e-15
4.47133e-15
-5.00554e-12
-1.23629e-14
-1.29883e-14
-1.50319e-14
-8.65547e-12
-6.58487e-13
1.51793e-11
7.70521e-14
3.98097e-14
-3.69631e-14
-5.1582e-12
-5.98471e-13
2.92672e-11
-9.3639e-14
9.95084e-14
2.2048e-14
-2.26016e-11
-1.01626e-11
9.29283e-12
2.03941e-13
-3.09184e-13
-1.34919e-12
2.37252e-13
-6.0241e-12
3.65798e-10
-1.45661e-10
-7.59421e-11
4.49036e-11
1.66076e-12
1.03736e-11
2.66734e-11
-2.92271e-11
-9.88288e-11
5.97702e-11
-1.01152e-9
-1.62762e-9
-1.15666e-9
4.11744e-10
3.46319e-10
-7.25636e-11
-1.28486e-10
3.7626e-10
-8.3479e-10
-6.05e-10
9.67971e-10
1.82415e-9
4.19641e-10
8.46386e-10
4.54027e-9
5.85374e-9
-5.46194e-11
-2.19916e-9
4.57703e-9
6.85619e-9
2.36832e-9
-3.54911e-9
1.8142e-9
-8.92161e-10
-5.82981e-9
-3.79237e-9
9.71911e-10
-1.00917e-8
-2.5459e-8
-3.86577e-9
8.25017e-11
-8.02335e-11
-9.78479e-11
5.61301e-11
7.37255e-11
-4.72137e-11
-4.19198e-11
2.90771e-11
1.91395e-11
-1.36401e-11
-8.83352e-12
5.37439e-12
4.34893e-12
-1.70534e-12
-9.56517e-14
2.90268e-13
7.92035e-11
-3.89855e-11
-1.43392e-10
1.11093e-10
-4.88079e-11
-1.41167e-10
-1.2908e-14
-4.69741e-14
1.00861e-15
-1.28097e-14
2.60598e-16
2.42126e-15
-9.2091e-12
2.98989e-12
-2.2297e-11
8.54374e-12
7.72724e-16
2.71129e-15
-3.038e-16
-1.39684e-15
1.00751e-13
5.83832e-14
-2.36437e-14
4.91611e-13
-9.54999e-14
-6.68189e-16
5.06676e-16
-2.88988e-16
1.55531e-14
-7.66181e-15
-2.56345e-14
1.33998e-15
-8.49759e-17
3.19685e-16
5.22475e-15
-3.41981e-15
2.58823e-16
-2.73577e-15
-3.32605e-16
-1.32925e-15
1.06463e-15
-1.10013e-15
-1.06486e-17
1.66042e-15
6.06686e-15
-9.55733e-15
-2.86463e-15
-9.17172e-17
6.1179e-16
4.60624e-17
4.90579e-18
-4.73717e-16
-5.20321e-16
2.65658e-15
6.53943e-14
1.45723e-14
-2.0194e-14
-5.17411e-15
-2.15273e-16
1.05479e-15
2.23531e-16
-1.21261e-15
-6.74399e-13
1.04705e-12
-5.141e-13
3.49768e-13
1.09373e-12
2.11319e-13
6.29787e-17
-2.04908e-16
5.51336e-17
4.77058e-17
-3.65589e-17
-3.34738e-16
2.3246e-12
-1.35117e-12
2.79002e-13
-4.08231e-12
-5.43498e-12
8.71584e-12
2.99018e-12
1.74762e-13
2.16466e-16
-6.6655e-16
-4.58205e-16
2.605e-17
7.55419e-12
-1.2155e-11
-4.18344e-12
-9.81555e-16
3.86723e-15
-7.83926e-12
1.35241e-11
4.25967e-12
1.54217e-16
8.83258e-16
6.97944e-12
-1.33352e-11
-3.4812e-12
-2.36485e-16
-1.16666e-15
-4.20395e-12
5.72495e-12
1.92108e-12
-4.50512e-15
7.03462e-15
2.22776e-12
-3.3274e-12
-1.27386e-12
5.24149e-15
9.22444e-15
1.4417e-13
6.20872e-13
3.34525e-14
1.08777e-13
-6.94122e-14
5.63386e-14
-2.27946e-14
4.50715e-15
-2.15191e-13
-5.53677e-15
7.69998e-14
8.55412e-13
-3.98829e-13
-2.44808e-14
3.8047e-15
2.10792e-12
-1.54336e-12
-1.80983e-18
7.70403e-15
-8.61696e-12
5.95288e-12
-5.1356e-15
7.31222e-15
-8.21676e-12
8.26069e-12
5.32804e-15
-2.67096e-14
2.40741e-11
-3.11665e-11
-5.07975e-15
-2.8104e-15
8.5322e-14
-5.63752e-11
-5.01622e-14
-3.74311e-13
-3.62577e-13
-2.92458e-11
-1.06974e-10
1.57429e-10
-7.48773e-14
1.84897e-12
2.76722e-13
1.39625e-11
-4.26555e-11
1.10378e-10
8.19234e-14
-1.30202e-12
1.12219e-12
1.59921e-13
3.93538e-10
-1.55844e-10
1.07089e-10
-4.66897e-11
-3.8395e-12
-3.77584e-12
-2.96307e-11
9.31308e-12
-1.5073e-9
6.00811e-9
-1.44104e-9
3.80869e-10
2.62045e-11
3.20788e-10
-1.64757e-10
-2.17587e-9
1.05301e-9
-1.51574e-8
3.66836e-9
-4.79542e-8
-2.14787e-8
5.80044e-9
8.05791e-9
-3.81058e-9
7.35394e-9
-2.51174e-9
1.17785e-8
1.1908e-8
2.28099e-8
-6.22082e-9
1.26114e-8
5.24811e-8
1.90296e-8
6.59144e-8
-5.31422e-8
1.36084e-7
4.06257e-8
-8.71656e-9
-8.1108e-8
-2.51502e-8
5.09242e-8
-2.02298e-7
-2.75443e-7
-4.99685e-11
3.05025e-11
7.11683e-11
-2.30316e-11
4.93552e-11
-2.86861e-11
-5.13645e-11
3.54136e-11
-2.13026e-11
1.09577e-11
-3.58911e-12
7.13502e-13
-8.65001e-14
-2.48564e-14
9.06952e-15
-2.59972e-14
1.08611e-14
-2.33983e-15
1.72084e-11
-6.6144e-12
2.69059e-11
-1.16991e-11
-1.86531e-16
-4.30552e-16
-3.26208e-16
2.06676e-16
-8.46705e-13
2.04249e-13
-2.89674e-12
8.72552e-13
2.21419e-16
2.24459e-16
-8.30518e-17
-1.22418e-16
9.45951e-15
8.39832e-15
-2.90207e-15
-2.08687e-15
1.14592e-14
4.5326e-16
1.60304e-16
-6.86138e-16
-2.73771e-16
3.05452e-16
4.53158e-16
-2.31337e-15
1.151e-15
-3.07917e-16
-4.30372e-15
1.52483e-14
3.05468e-17
-5.35494e-17
1.28881e-16
-3.6923e-17
-6.32984e-15
4.05251e-14
-8.59325e-17
-1.2644e-17
7.70698e-17
-7.53466e-17
1.7195e-15
1.13827e-15
-1.05125e-14
3.49248e-14
5.4715e-15
1.65428e-15
-1.3349e-15
-4.94256e-16
-4.45034e-15
1.52926e-14
4.41771e-15
-1.42607e-14
-1.58503e-13
-7.66214e-14
6.11165e-14
2.40678e-14
1.02721e-15
-3.37629e-15
-1.15201e-15
2.17306e-15
-1.40262e-13
-3.14514e-13
2.59783e-13
1.67907e-13
1.01782e-12
-2.88877e-13
-1.75648e-13
-7.18677e-17
4.94339e-15
2.54386e-15
-7.86232e-15
-3.2614e-16
3.90075e-16
2.35565e-15
-9.25444e-15
-1.18947e-14
1.12517e-14
-1.63056e-14
-2.38509e-14
-1.42217e-13
-1.45206e-13
-4.92132e-13
2.95625e-12
1.69984e-12
2.13288e-14
3.71558e-13
-4.44832e-13
1.36865e-13
1.40535e-13
-3.39078e-15
-6.1676e-13
1.12333e-13
-2.98571e-12
1.00739e-12
-1.46717e-14
1.17895e-13
9.93665e-12
-3.0634e-12
-7.14715e-14
1.59133e-14
3.18996e-11
-2.09032e-11
3.35204e-15
-1.24198e-14
-1.06533e-10
6.66259e-11
2.36543e-15
1.53134e-13
-5.4483e-11
1.07617e-10
-5.94733e-14
5.4844e-13
-1.02383e-12
6.64752e-11
-3.48115e-10
6.56232e-13
8.38117e-13
1.09563e-12
-3.51054e-12
4.98581e-11
-6.7826e-10
-5.31953e-12
-3.66509e-12
-2.99213e-12
2.56661e-11
3.42676e-11
-5.36925e-10
1.42253e-12
3.05172e-11
1.30961e-11
-8.63515e-11
2.11163e-10
-2.93295e-10
3.85891e-11
2.11683e-11
-1.50483e-11
1.88677e-11
3.44872e-11
-1.36016e-9
5.66013e-9
-9.27825e-10
7.07976e-10
-1.28696e-10
-7.70971e-11
-7.46997e-10
1.37672e-10
-2.59452e-8
1.22011e-7
-2.43683e-8
4.44922e-9
8.73874e-10
8.69733e-9
-2.72314e-9
-8.21177e-8
-4.22377e-8
3.22576e-7
1.6103e-7
-4.33309e-7
-4.92897e-7
1.06468e-7
1.38463e-7
-1.07909e-8
1.639e-9
-3.36914e-8
2.15641e-7
2.13407e-7
-1.56791e-7
9.23271e-8
1.38766e-6
-6.8486e-7
6.05372e-7
-2.69517e-11
1.7752e-11
3.10129e-11
-1.00153e-11
-2.36151e-11
1.17573e-11
1.49027e-11
-1.10817e-11
-1.12361e-11
1.04145e-11
3.41496e-12
-4.80551e-13
-9.76003e-13
-1.3735e-13
2.06132e-13
-4.35432e-14
-1.36611e-11
6.14776e-12
-1.65285e-11
6.52122e-12
2.63586e-11
3.27172e-14
-5.75643e-15
1.48091e-15
-2.71313e-15
1.83717e-15
2.26417e-12
-6.91279e-13
4.52922e-12
-1.59285e-12
-5.57509e-16
4.33288e-17
-3.50305e-16
8.04995e-17
-3.94385e-14
4.62613e-15
-2.34266e-13
5.59326e-14
2.20339e-18
4.78085e-17
-2.62765e-17
-1.1183e-17
-4.69108e-16
2.75269e-15
1.84869e-16
-1.66456e-15
9.70983e-16
5.48993e-15
-1.1272e-14
1.64137e-14
-2.35788e-16
-2.45112e-14
-8.64569e-14
9.87068e-14
-8.22415e-18
-1.20708e-13
-1.38557e-13
2.65992e-13
2.69074e-16
1.43131e-16
-4.66597e-17
-1.63396e-17
-4.60199e-14
1.23246e-13
4.08845e-14
-1.03703e-13
-2.00882e-14
-6.56753e-15
5.67064e-15
1.47829e-15
1.04873e-14
-2.94357e-14
-6.59285e-15
1.82126e-14
-1.78553e-15
8.87992e-14
-2.0529e-14
-3.86647e-14
-2.8712e-16
3.62295e-15
-9.46678e-15
-3.81626e-15
2.29067e-14
-6.80395e-12
7.77843e-12
-2.69868e-12
4.93012e-12
1.75053e-11
-2.77176e-11
-1.41387e-11
1.15956e-12
-5.47674e-15
-3.18301e-14
5.28707e-15
1.19016e-13
-3.07859e-11
5.37339e-11
1.95644e-11
7.29499e-14
-3.30398e-13
3.88353e-11
-7.5972e-11
-2.39923e-11
-4.67028e-14
1.71011e-13
-6.81246e-11
9.66461e-11
3.00278e-11
2.85513e-14
-4.64628e-14
2.00884e-11
1.32651e-14
-1.02919e-11
6.27908e-14
-1.85321e-13
-2.13312e-11
8.63859e-11
8.69776e-12
4.32499e-14
-4.2652e-13
-1.06725e-11
1.26276e-11
4.46386e-13
-5.33474e-13
2.45193e-12
7.95471e-13
-3.58716e-13
1.98665e-12
-3.15547e-12
9.49884e-13
-1.20575e-12
4.53245e-13
-3.06167e-11
9.37425e-12
-2.65262e-14
-9.61088e-14
8.55944e-11
-2.51568e-11
-8.71028e-14
1.07235e-13
3.20643e-10
-1.91306e-10
-1.55937e-13
-1.8779e-13
-8.71112e-10
4.88845e-10
-7.39524e-14
1.21058e-9
2.09178e-12
8.16271e-10
2.21478e-9
-2.84813e-9
1.67176e-11
2.8978e-10
2.72417e-9
-2.7094e-9
-1.14768e-10
1.7367e-10
-4.57951e-10
-1.95373e-9
1.52755e-10
2.95561e-11
-3.2884e-10
-5.60129e-10
2.62818e-9
-7.88648e-10
-3.36311e-9
-6.61628e-10
6.21678e-10
-1.93665e-10
6.33185e-10
8.31665e-10
-2.24887e-8
1.12202e-7
-1.3626e-8
2.04113e-9
-5.37093e-9
-1.74142e-9
-1.82377e-8
-2.06934e-9
-5.07307e-7
2.68462e-6
-5.00922e-7
7.71142e-8
3.53673e-8
1.84844e-7
-4.14821e-7
1.07558e-7
5.82427e-7
-2.34932e-7
-1.41366e-6
9.69295e-7
-9.32367e-7
-5.78399e-8
-1.39862e-6
-5.182e-6
9.10489e-6
-7.36863e-6
1.92615e-6
-1.97556e-6
6.79895e-6
-4.16362e-6
1.9751e-6
1.97172e-6
1.88768e-5
9.32686e-12
-4.90866e-12
-1.39153e-11
3.73702e-12
-5.47847e-12
4.47309e-12
-7.6502e-12
4.17809e-12
7.16724e-12
-6.39439e-12
4.03943e-13
-6.78553e-14
1.7048e-13
-3.40568e-13
-9.59433e-14
2.16968e-13
-8.03282e-15
4.38318e-14
-2.35982e-12
8.66994e-13
-3.57066e-12
9.65638e-13
-1.29509e-14
2.18998e-15
-3.55335e-15
7.95768e-16
1.90647e-13
-4.79453e-14
5.00473e-13
-1.52886e-13
-2.41335e-16
5.91445e-17
-1.46625e-16
-1.20357e-16
3.05065e-16
3.61986e-16
-6.2648e-16
2.08326e-17
-1.11235e-14
2.47969e-15
2.40091e-16
2.0087e-15
-1.6469e-15
-2.73359e-15
-8.1326e-17
-4.10526e-16
1.90707e-16
-1.17332e-16
1.80025e-14
-6.77467e-14
6.18136e-17
1.31386e-17
9.11129e-17
-1.1506e-16
8.6323e-14
-3.69963e-13
-3.3016e-17
-3.35964e-17
5.03078e-17
-4.89365e-17
1.58275e-13
-4.36567e-13
-6.01385e-17
4.97427e-17
-7.60113e-17
7.51672e-17
-2.78178e-13
5.28461e-13
2.3102e-13
-4.4916e-13
-1.43907e-15
-3.07227e-16
2.19963e-16
5.74847e-17
7.28568e-14
-1.56543e-13
-4.24291e-14
8.74448e-14
2.32928e-14
1.29737e-14
-8.82826e-15
-3.64673e-15
-9.9355e-15
1.47725e-14
4.92707e-15
1.70993e-14
4.1299e-14
-4.36296e-13
1.71455e-13
-2.84319e-13
-6.63368e-13
3.2229e-12
-8.41526e-14
2.3001e-14
1.14592e-14
-1.29674e-13
1.04497e-13
-1.53909e-11
6.59025e-13
2.26505e-11
-2.87928e-13
9.18172e-13
-1.22947e-12
-3.86341e-13
1.0536e-13
1.27552e-10
-1.87637e-10
1.62229e-12
-1.69837e-12
1.67163e-12
-1.20901e-10
2.63912e-10
1.56962e-12
-3.53144e-12
7.02629e-11
-1.59843e-10
-1.87266e-11
-3.05158e-12
6.07571e-12
5.40262e-12
-3.17639e-11
8.84624e-12
8.19961e-12
6.78616e-13
-1.90705e-12
3.79779e-12
-2.76759e-11
1.0254e-11
9.15762e-13
1.02263e-12
-2.15857e-10
6.31049e-11
-1.85226e-13
-2.95941e-13
4.71398e-10
-1.43341e-10
4.53167e-13
1.14571e-12
2.01435e-9
-1.09955e-9
-9.7053e-13
-1.48977e-11
1.27899e-11
-3.99542e-9
2.18791e-9
-4.59636e-12
-1.5943e-12
-2.55652e-12
2.12108e-11
-3.65267e-9
5.08552e-9
1.74257e-14
-2.39019e-11
-7.63303e-11
8.16248e-11
-2.88615e-9
1.15758e-8
2.08929e-10
1.13525e-9
3.48839e-10
-3.01552e-9
3.07758e-9
1.72942e-8
-5.61131e-10
-8.84271e-11
1.5019e-10
3.58217e-9
4.51329e-9
8.42494e-9
1.13489e-8
-1.20701e-8
1.5828e-9
-6.39537e-10
-8.64491e-9
-8.2986e-9
4.06712e-8
-6.83184e-9
-3.73204e-8
2.95263e-8
8.63331e-11
2.69401e-8
1.75403e-8
-4.64858e-7
2.58004e-6
-2.02911e-7
2.72758e-8
-2.27397e-7
-4.24199e-8
-4.2802e-7
-8.69656e-8
2.32892e-6
-3.84707e-5
-1.17395e-5
4.40698e-5
-6.73873e-6
1.24926e-6
-1.94465e-6
-1.17042e-5
4.84457e-6
2.43449e-5
-1.91489e-5
9.69577e-6
-3.71532e-6
6.5959e-5
-5.76184e-5
8.49452e-5
-6.62107e-5
3.58981e-12
-1.612e-12
-5.19031e-12
7.54919e-13
4.13782e-12
1.69294e-13
-6.34344e-13
7.46313e-13
2.56713e-12
-1.21666e-12
8.18294e-13
-9.69182e-13
3.0458e-12
-1.32751e-12
-3.85724e-12
-6.44137e-13
-6.76196e-13
9.57032e-13
-2.04171e-13
2.20561e-13
4.28622e-14
-3.14683e-15
-2.57759e-13
1.11773e-13
-4.19489e-13
-4.23823e-14
-4.82642e-15
1.05013e-15
-1.52638e-15
2.20079e-17
6.59798e-15
-2.35948e-15
-3.09865e-16
5.27059e-14
-5.17815e-16
-1.60257e-16
8.73757e-16
-1.23948e-15
2.17101e-16
1.35549e-15
2.83368e-16
-5.43677e-15
-6.32817e-17
-3.70194e-15
3.16527e-14
-6.82663e-14
-1.85899e-17
1.0922e-13
2.19116e-13
-4.12262e-13
-5.22938e-17
8.40083e-13
8.83028e-13
-1.4568e-12
-1.93484e-17
-3.57097e-17
-8.86188e-13
7.38427e-13
-6.98852e-17
-5.44129e-17
3.51519e-17
-8.48113e-18
2.99377e-13
-4.95042e-13
-1.40642e-13
2.43618e-13
1.77281e-15
1.035e-15
-1.31013e-15
-1.46539e-17
-1.99529e-14
4.75431e-15
-3.44393e-14
7.99465e-14
1.99416e-13
-1.11816e-14
-1.05383e-13
-4.20534e-13
1.19182e-14
-4.5401e-14
5.2856e-14
1.538e-13
-3.8636e-14
-2.4489e-13
-1.65198e-12
1.42692e-12
1.17775e-12
1.1482e-10
-8.75016e-11
4.46469e-11
-1.51233e-10
-1.9448e-10
1.81629e-10
9.65319e-11
-4.9453e-11
-1.66855e-12
6.77287e-12
4.25705e-12
-6.17829e-12
1.57053e-10
-2.0316e-10
-1.02095e-10
-4.28257e-12
3.88892e-12
-2.38874e-11
-1.68873e-10
-5.12386e-13
2.05763e-12
-5.79823e-10
4.92619e-10
-1.18704e-11
1.04792e-11
-6.55483e-12
1.50829e-10
-1.65763e-10
-1.25927e-11
1.65137e-11
-3.051e-11
-4.73289e-12
1.0071e-12
8.57602e-11
-1.3996e-11
-8.08535e-12
2.15708e-11
-4.1073e-10
9.92423e-11
2.55084e-11
-1.49821e-11
-9.12987e-10
2.47812e-10
5.05981e-12
7.48186e-11
5.32122e-12
1.6846e-9
-9.61421e-10
2.509e-11
7.33876e-9
-3.82744e-9
-3.93844e-11
-1.12304e-8
-7.19198e-11
-1.69982e-8
-2.60586e-8
2.32701e-8
-2.03576e-9
-3.21522e-8
-6.21261e-8
4.60868e-8
1.2322e-8
-2.47716e-8
4.95046e-9
-1.48755e-7
1.22786e-7
6.39542e-8
3.42634e-8
-1.72053e-7
5.32987e-8
-5.31683e-8
-1.40765e-7
3.55558e-8
4.08934e-7
-6.29222e-8
-1.02433e-7
1.6068e-7
-1.54419e-7
6.58362e-7
6.55866e-9
4.51647e-7
-7.58558e-8
3.72837e-7
5.13082e-7
-1.09551e-7
-1.37894e-5
5.43318e-5
2.56327e-6
4.12851e-7
-3.00498e-6
4.43019e-6
-2.49521e-5
2.96108e-5
-2.21821e-5
3.55659e-5
-0.000137472
-0.000101561
-3.90544e-5
0.000107282
-0.000103574
3.42651e-5
-0.000274976
0.000176177
-5.3525e-5
0.00013951
-0.000106273
-8.61492e-13
-7.74769e-13
1.33855e-12
1.81948e-12
-2.04518e-12
2.1405e-12
-2.289e-12
-2.83311e-12
3.04592e-12
1.91404e-12
-1.76629e-12
-4.50453e-13
-6.47841e-13
6.53272e-13
-3.10629e-13
1.23017e-13
7.92041e-14
-1.28156e-13
7.83451e-13
-4.58411e-13
-3.82608e-13
1.02295e-12
-1.14007e-13
2.02217e-13
2.91576e-14
-5.48408e-15
-9.65177e-15
-3.72639e-14
3.16519e-14
-8.12412e-15
-5.94479e-14
-2.88122e-16
5.3073e-15
7.51376e-16
-4.62335e-15
1.73284e-16
2.52976e-15
4.08946e-15
-5.22656e-19
-2.9801e-17
1.12008e-16
-7.76042e-17
-3.8426e-16
-9.77529e-18
-7.50148e-15
-9.33381e-14
6.86841e-14
1.23401e-13
-5.84647e-17
6.63737e-17
-7.77931e-17
9.17132e-17
-3.59843e-13
4.68271e-13
3.27058e-17
-3.77808e-18
-3.13231e-17
-2.97191e-17
-1.03676e-12
1.56e-12
3.92979e-17
-3.51807e-17
8.723e-17
-1.01218e-16
1.3325e-12
-1.55491e-12
-1.01586e-12
1.14412e-12
-1.77454e-17
-1.8141e-17
6.20039e-13
-2.43585e-13
-6.99558e-16
7.69815e-17
1.29258e-16
2.255e-17
6.51375e-15
-4.17882e-14
-1.33862e-13
3.67594e-14
-2.38738e-13
9.95592e-15
-6.01253e-16
-3.39142e-14
1.01241e-13
-4.54501e-14
1.5849e-14
1.48561e-13
-9.21942e-13
6.51987e-13
1.12968e-13
-5.81156e-13
-1.32491e-12
-4.14484e-11
2.97644e-11
-9.22635e-12
7.4625e-11
9.06898e-11
-1.78122e-10
2.99167e-12
3.60101e-12
-1.32575e-11
-7.9869e-12
2.232e-11
2.83523e-10
-1.95989e-11
-3.79947e-10
1.70355e-11
4.4888e-10
-1.09315e-11
7.4129e-10
-7.44204e-10
-9.67385e-12
1.00065e-11
-5.43855e-10
6.43147e-10
1.50726e-10
1.11413e-11
-1.03646e-11
1.78251e-10
3.54399e-10
-3.66716e-12
-7.73594e-10
3.35873e-10
-1.74679e-11
1.75495e-11
-6.2322e-12
1.09589e-10
-1.89311e-10
-4.85149e-11
4.62307e-11
-1.23838e-11
-7.30547e-11
-2.6113e-11
-5.1332e-11
-1.72118e-10
7.08823e-10
-5.38819e-10
4.27377e-10
-1.59601e-10
-9.30835e-11
5.43574e-10
-1.08982e-10
-2.25727e-9
9.82582e-10
-1.65934e-10
9.56082e-11
-1.25983e-8
5.78019e-9
5.27283e-11
-3.77893e-10
-3.94136e-10
1.63724e-8
-7.16737e-9
4.77162e-11
-2.23373e-10
2.65629e-10
-1.90325e-10
3.53605e-8
-2.80598e-8
1.26065e-9
-8.99291e-10
7.49136e-9
-1.35204e-8
1.13538e-7
-6.01499e-8
-4.86152e-8
9.29408e-8
7.37351e-8
-1.70077e-7
7.18601e-8
7.13365e-7
-3.06419e-7
3.57654e-7
-1.55859e-7
3.35631e-7
-4.97966e-8
-1.02049e-6
-7.16785e-7
-4.45855e-7
1.36042e-6
-5.48745e-7
2.53043e-7
1.96352e-6
-4.35533e-7
2.10631e-8
8.43401e-7
-1.49598e-6
5.95277e-7
-6.54556e-6
2.49822e-5
9.06849e-7
2.02601e-6
-2.43208e-6
1.14058e-5
-8.57402e-7
2.01787e-5
9.97062e-6
-6.48399e-5
0.000233864
0.000149733
0.000415483
0.000245032
-0.000486261
0.00012692
-0.000243533
8.66249e-5
-4.37886e-5
-0.000414717
0.000398532
-0.000387437
0.000310499
-0.000384194
0.000459025
3.89545e-13
-1.68784e-12
3.3524e-12
-5.01714e-12
5.36311e-12
-5.06221e-12
4.193e-12
-3.17684e-12
1.78437e-12
2.16612e-12
-1.82735e-12
-6.55016e-13
-5.47993e-13
2.69431e-13
5.22155e-14
3.59966e-13
-6.62979e-13
-2.60236e-13
6.27495e-13
2.01888e-14
-3.65065e-14
-1.39192e-14
1.7902e-15
2.41937e-14
-1.10779e-15
-6.88364e-16
-2.51965e-15
1.39563e-15
1.91213e-15
3.94022e-15
5.3631e-16
-2.01653e-14
6.25435e-14
-3.86287e-14
-8.74331e-14
-5.92444e-16
3.23716e-16
6.4633e-14
-1.84656e-13
3.99199e-17
-1.307e-16
2.32402e-13
-7.07992e-13
8.74226e-17
6.36319e-17
7.99996e-13
-1.48764e-12
-8.52312e-17
1.26294e-16
1.39037e-12
-9.63839e-13
1.97196e-17
6.12734e-17
-6.67865e-17
9.20173e-17
-6.15172e-13
4.03017e-13
1.12715e-13
1.54034e-13
8.88278e-18
-1.7868e-17
8.29515e-13
5.8781e-13
-1.70802e-12
-9.42866e-15
1.31328e-13
-4.61368e-13
-1.18764e-12
4.06049e-12
2.64673e-12
-8.00365e-12
-1.69379e-11
9.8354e-13
4.0714e-11
-1.48314e-10
-3.60159e-12
6.50526e-12
-2.01702e-11
3.72715e-11
3.19549e-10
-5.18799e-11
-4.87158e-10
4.92616e-11
6.35091e-10
-4.0131e-11
-7.06622e-10
2.71791e-11
7.32566e-10
-1.61927e-11
-6.13951e-10
9.01698e-12
-1.00985e-9
9.47866e-10
1.28307e-11
-1.027e-11
3.41325e-10
5.51093e-10
-7.65525e-12
-8.18131e-10
3.95839e-10
1.36603e-11
-1.38956e-12
3.05121e-12
3.64589e-10
-8.17388e-11
-2.98588e-9
-5.44578e-12
8.81771e-11
-2.41179e-10
8.04114e-10
2.55746e-9
-8.49146e-10
3.97307e-10
7.55859e-9
-6.77318e-9
-2.25675e-9
5.14256e-10
2.44796e-9
-1.49351e-9
-1.86654e-8
7.08587e-9
8.05999e-9
-1.11292e-8
-2.62205e-8
3.58872e-8
3.31283e-8
-3.76418e-8
1.21441e-9
6.79126e-8
-1.75069e-7
3.58317e-7
-7.13358e-7
1.45629e-7
-7.43917e-7
-7.04108e-7
1.4109e-6
4.07992e-7
5.54067e-7
-3.15489e-6
2.12708e-6
-2.36336e-6
1.39109e-6
-5.77237e-6
3.39763e-8
4.10097e-6
1.27162e-5
-4.19311e-6
1.08222e-5
-2.356e-6
-9.09578e-6
-5.41413e-5
0.000114795
-3.87883e-5
-0.00010792
0.000325385
0.000169023
-0.000511242
0.000123397
-0.000147738
5.83221e-5
-0.000633539
0.000930176
-0.00095319
0.000867581
-0.000692987
0.000522111
-0.000370335
0.000410423
9.21658e-13
-1.53465e-12
8.75512e-13
2.93894e-12
-5.45705e-12
7.3777e-12
-8.37797e-12
7.98243e-12
-6.54219e-12
4.70879e-12
-3.25041e-12
3.41871e-12
2.25344e-12
-3.38082e-12
-7.32979e-13
6.9875e-13
-4.65894e-13
-8.16247e-16
-1.45872e-13
8.89662e-14
3.53702e-13
-3.86326e-13
-2.80105e-14
9.99227e-14
-1.59372e-13
-4.50415e-14
9.2281e-14
-5.60632e-14
-2.47588e-15
2.4914e-14
-1.43141e-14
-4.87689e-14
-2.5165e-14
4.54829e-14
2.50056e-14
-2.95731e-14
3.06826e-14
7.7313e-15
-3.84051e-15
-3.56497e-14
1.0978e-13
1.57197e-15
9.63913e-15
-5.55884e-16
2.71053e-13
5.08875e-13
-7.13999e-13
1.15609e-16
9.81206e-13
9.43991e-13
-1.335e-12
-3.08969e-17
4.18995e-17
-1.01478e-12
5.18788e-13
2.90523e-17
6.79201e-17
4.55021e-15
-5.91838e-13
1.1124e-16
1.45496e-17
-1.87883e-16
1.20454e-15
-1.07213e-15
-4.47272e-13
1.14856e-12
-1.89964e-12
3.12265e-12
-6.61816e-16
8.50365e-16
8.63805e-15
-6.13862e-14
-1.17865e-13
1.54035e-12
-3.95001e-12
6.44807e-12
-4.38457e-13
-5.68963e-12
1.2296e-11
-6.65572e-12
2.39623e-12
-2.12966e-12
1.86561e-11
-7.49056e-11
1.14922e-11
-2.17532e-11
4.04007e-11
2.11084e-10
-7.07125e-11
-4.34639e-10
9.14217e-11
7.28743e-10
-9.7713e-11
-1.00198e-9
8.53082e-11
1.18012e-9
-6.14677e-11
-1.28097e-9
3.65548e-11
1.50808e-9
-1.84859e-11
-2.55916e-9
1.08722e-11
-1.90867e-9
2.95647e-9
9.96885e-12
-9.30139e-12
5.52486e-10
-2.15004e-10
1.10289e-9
-8.6227e-10
5.60217e-13
-8.20893e-13
4.59681e-13
-2.26635e-9
7.58658e-9
2.95601e-12
-7.86721e-12
1.46464e-9
-7.53329e-9
1.0454e-8
6.45162e-9
-1.59384e-8
1.36905e-10
-7.35522e-11
-6.14976e-12
-1.62417e-11
-6.86638e-9
1.61714e-8
-1.47191e-8
7.61759e-9
9.4451e-10
-9.93941e-11
1.35595e-8
1.8828e-8
-4.22546e-9
-1.5159e-8
-4.16722e-8
-5.4773e-8
-1.37592e-7
-1.69226e-7
1.25867e-7
2.86268e-7
-7.5166e-7
2.13623e-7
-6.17811e-7
3.99482e-7
1.37084e-6
-2.5394e-6
1.8422e-6
-9.21055e-7
4.50071e-6
2.57921e-6
-7.54984e-6
-5.44232e-6
8.64757e-6
8.16165e-6
-4.70758e-6
1.42319e-5
-2.60553e-5
-1.16773e-5
3.86682e-5
1.58594e-5
-3.30071e-5
-4.08913e-5
2.42021e-5
-1.74233e-5
-7.78677e-5
7.49672e-5
-0.000172456
-0.000175342
0.000319148
0.000172144
-0.000536423
-0.000155122
0.000114676
1.86681e-5
6.74969e-5
-0.000621312
0.00113476
-0.00153751
0.00175513
-0.00169016
0.00141455
-0.00106279
0.000801848
-0.000870758
0.000841865
-3.31398e-12
1.81628e-12
5.7159e-12
-8.27482e-12
9.91001e-12
-1.00125e-11
8.58169e-12
-6.32711e-12
4.15507e-12
-2.62287e-12
1.25221e-12
1.55081e-13
-5.49134e-13
2.81771e-13
-1.55943e-13
-6.12873e-13
9.33354e-13
5.76547e-13
-8.19097e-13
-2.56851e-13
1.17674e-13
8.45282e-14
-4.53228e-14
2.44713e-14
-7.07482e-14
5.53951e-14
-6.46639e-14
-1.29754e-14
6.76376e-15
1.09585e-13
-2.45112e-13
1.00528e-15
-7.26217e-16
1.55734e-15
-7.93932e-16
-3.11509e-15
-3.6231e-13
4.77945e-13
-4.83923e-13
6.36271e-13
3.30854e-16
-7.30907e-16
4.91971e-16
-1.4126e-16
-8.01075e-13
9.19172e-13
2.91472e-17
-7.91244e-17
1.49447e-17
3.36699e-17
3.99976e-17
9.23109e-13
-7.50208e-13
2.93819e-13
-9.94865e-14
-1.28838e-17
1.75871e-16
-3.71326e-13
9.62273e-13
-4.98576e-16
1.84199e-15
-5.59782e-15
-1.67049e-12
2.66578e-12
-4.28154e-12
2.28885e-14
-6.6767e-14
3.58305e-13
6.74047e-12
-1.17283e-11
-1.02683e-11
1.899e-11
2.1214e-12
-1.48911e-11
6.85506e-11
3.25044e-11
-5.84115e-11
-2.15057e-10
9.68379e-11
5.00891e-10
-1.37517e-10
-9.1831e-10
1.61247e-10
1.37921e-9
-1.56275e-10
-1.74834e-9
1.23233e-10
1.96592e-9
-7.835e-11
-2.11096e-9
3.99889e-11
2.31524e-9
-1.64332e-11
-3.18114e-9
6.40932e-12
-1.86471e-9
2.3449e-12
2.47904e-8
-2.56684e-8
2.66706e-12
-4.35816e-13
1.81667e-14
2.38495e-8
-2.85207e-8
3.88536e-8
1.12092e-10
-9.55001e-12
5.34895e-12
-4.48425e-8
3.66679e-8
-8.0059e-9
7.55654e-10
-3.32483e-10
-5.20405e-8
-2.56876e-8
1.41183e-7
-6.26834e-8
4.73892e-8
1.6077e-9
-1.29668e-9
8.47603e-8
-2.86022e-7
-1.40416e-7
5.06837e-7
3.19801e-7
-8.49826e-7
1.91464e-7
-9.87739e-8
-1.04901e-6
1.48419e-6
6.90464e-7
-1.10526e-6
9.14741e-7
7.43808e-7
-3.95201e-7
1.20905e-6
-2.12769e-6
3.68131e-6
-3.48201e-6
1.9716e-6
-1.67738e-6
-6.62125e-6
1.19246e-5
-1.39717e-5
7.22954e-6
-2.18474e-5
3.99725e-5
-7.09475e-5
0.000114787
-5.12383e-5
2.67696e-5
0.000136497
-0.000233169
0.000135109
-0.000442517
-7.26493e-5
0.000365713
-0.00025642
0.0008242
-0.00142107
0.00209087
-0.00257622
0.00269689
-0.00241083
0.00186718
-0.00128733
0.000815699
-0.000415741
-1.20619e-12
1.73539e-12
-9.09883e-13
-1.5898e-12
3.11497e-12
-5.01624e-12
7.38904e-12
-9.42135e-12
1.02007e-11
-9.35445e-12
7.28608e-12
-4.92204e-12
3.04974e-12
-1.53679e-12
-1.24991e-12
1.67239e-12
8.60075e-13
-8.62161e-13
6.6712e-13
6.94542e-13
-3.42302e-13
1.99004e-13
-3.34854e-13
2.03332e-13
-1.1701e-13
-1.02831e-13
5.39501e-14
-2.86072e-14
8.05751e-14
-7.37344e-14
8.97466e-14
1.48271e-14
-7.18663e-15
-1.30627e-13
2.15386e-13
3.5117e-15
-2.03552e-15
9.55301e-16
-3.68507e-13
4.53205e-13
-4.98349e-13
-2.71812e-16
3.44665e-17
5.38394e-13
-5.39204e-13
1.58265e-16
-1.9647e-16
4.07372e-17
4.00379e-13
-1.25172e-13
-1.31997e-13
-3.11498e-17
2.6704e-16
5.17864e-13
-1.04543e-12
-5.90232e-16
7.27797e-16
-5.02619e-15
1.78018e-12
-2.97969e-12
5.20449e-12
7.28996e-15
2.17571e-14
-7.2699e-14
-8.35297e-12
1.62073e-11
-2.04412e-11
2.29583e-12
-1.12206e-12
1.19085e-12
-9.59669e-12
1.64404e-11
-2.45043e-11
4.03315e-11
-3.65029e-11
-6.28683e-11
7.39584e-11
1.9193e-10
-1.18637e-10
-4.83542e-10
1.78307e-10
9.76009e-10
-2.3076e-10
-1.61101e-9
2.49868e-10
2.24115e-9
-2.19288e-10
-2.75316e-9
1.5279e-10
3.28573e-9
-8.32084e-11
-4.46435e-9
3.68825e-11
6.27267e-9
-1.2941e-11
1.26805e-8
-1.62826e-8
-6.49051e-12
7.27223e-12
-1.63711e-8
1.8087e-8
-2.58879e-8
3.30673e-8
-6.37581e-13
-8.55396e-14
-1.80038e-13
-4.62474e-8
6.2134e-8
-8.81228e-8
-3.70363e-11
2.08437e-11
-3.47168e-12
1.09164e-7
-1.03195e-7
5.25028e-8
-1.11281e-9
2.70943e-10
4.55123e-8
-1.91572e-7
-3.36426e-8
-1.03407e-8
3.55209e-9
3.57706e-7
-5.8289e-7
8.17209e-7
-2.32163e-7
1.0094e-7
-1.24714e-6
1.44124e-6
-9.61265e-7
4.79147e-7
-1.43364e-6
2.16836e-6
-3.99199e-6
5.06291e-6
-2.64654e-6
1.6567e-6
7.4379e-6
-1.39083e-5
1.69493e-5
-9.52524e-6
2.65436e-5
-5.17804e-5
8.97791e-5
-9.74257e-5
5.31829e-5
-2.97631e-5
-0.000184753
0.000242956
0.000310357
-0.000485247
-0.000381785
0.000535747
0.000408227
-0.000315299
0.000160801
0.000456676
-0.000929151
0.00153131
-0.00233299
0.00310114
-0.00352044
0.00339494
-0.00278201
0.00196817
-0.0012683
0.000670046
-0.000755184
1.07645e-12
-1.24771e-12
8.70602e-13
-2.19908e-12
3.56948e-12
-5.40366e-12
7.28532e-12
-8.47772e-12
8.38113e-12
-7.0012e-12
4.86312e-12
-2.85964e-12
1.57257e-12
-1.09817e-12
8.42474e-13
-5.02874e-13
-8.23183e-13
5.72855e-13
-2.51065e-13
2.73496e-13
-1.656e-13
1.04055e-13
1.07922e-13
-5.35664e-14
2.62636e-14
-7.91413e-14
7.71854e-14
-9.2693e-14
-1.28111e-14
5.76858e-15
1.26107e-13
-1.54621e-13
-3.02241e-15
2.63177e-15
-9.3715e-16
2.87261e-13
-3.72831e-13
3.59431e-13
9.42334e-17
4.63236e-17
-3.24116e-13
2.70939e-13
-3.52124e-16
8.55688e-16
1.16175e-16
-2.15722e-13
5.00964e-14
1.44891e-13
-2.69825e-16
-1.92469e-17
-4.31707e-13
8.72266e-13
1.33279e-15
-5.8014e-15
2.29293e-15
-1.61325e-12
2.95013e-12
-6.47332e-12
-2.08797e-14
1.04252e-13
-6.56286e-14
1.44972e-11
-2.04271e-11
2.13207e-11
-3.59654e-13
1.06915e-11
-1.35915e-11
-3.23942e-11
3.94107e-11
4.73312e-11
-8.52462e-11
-1.48207e-10
1.29268e-10
3.97058e-10
-2.08627e-10
-8.66454e-10
2.9485e-10
1.56139e-9
-3.58443e-10
-2.3679e-9
3.50867e-10
3.1296e-9
-2.71645e-10
-3.75955e-9
1.57458e-10
4.73474e-9
-6.36036e-11
-8.51808e-9
2.31384e-11
1.1184e-8
-4.59069e-12
-1.91167e-8
2.69059e-8
-5.18337e-8
1.55945e-12
-7.65237e-13
9.3828e-13
7.69426e-8
-1.01893e-7
1.57588e-7
-6.06396e-11
2.08881e-12
-3.44789e-12
-2.09688e-7
2.25553e-7
-1.76868e-7
-1.13129e-12
1.08595e-10
3.4758e-8
1.71175e-7
4.08303e-8
7.23146e-9
-1.09872e-9
-2.85738e-7
5.54676e-7
-5.90882e-7
3.11423e-7
-1.28288e-7
9.56664e-7
-1.65953e-6
1.19286e-6
-5.94874e-7
1.32114e-6
-1.73713e-6
3.44727e-6
-5.77638e-6
2.80286e-6
-1.56371e-6
-6.93715e-6
1.42249e-5
-1.74328e-5
1.00027e-5
-2.90416e-5
6.87787e-5
-0.000159495
8.8789e-5
-5.14594e-5
2.98712e-5
0.000229769
-0.000246023
0.000368077
-0.000433965
0.000260452
-0.000146402
-0.000403713
0.000866201
-0.00138724
0.0021911
-0.003098
0.00379356
-0.00394331
0.00345071
-0.00247562
0.00147413
-0.000846027
0.000547519
1.54033e-13
2.43808e-12
-2.34741e-12
-2.33249e-12
3.30076e-12
-4.61863e-12
5.73893e-12
-6.12945e-12
5.48745e-12
-4.12729e-12
2.27882e-12
-1.20205e-12
-5.03744e-13
6.634e-13
2.98857e-13
-4.06797e-14
-1.52036e-13
8.99883e-14
-1.59049e-13
1.17282e-13
-7.33383e-14
-5.14435e-14
3.5607e-14
-1.59611e-14
6.01041e-14
-6.3723e-14
7.55682e-14
8.97388e-15
-3.47684e-15
-9.98033e-14
1.58993e-13
1.51453e-15
-1.77503e-15
9.89627e-16
-1.80285e-13
3.42551e-13
-2.41384e-13
-4.45186e-16
1.95038e-16
1.88713e-13
-1.38844e-13
-4.60898e-16
-9.79135e-16
-1.08897e-15
1.07777e-13
-1.30681e-14
-8.92892e-14
1.40013e-15
-1.93892e-15
2.73876e-13
-4.87166e-13
1.76903e-15
2.4502e-16
2.08059e-14
1.0111e-12
-1.3081e-12
2.2473e-12
-5.37587e-14
1.5297e-13
-7.69966e-13
-4.30501e-12
-3.38353e-14
-3.96369e-12
5.55541e-12
-5.903e-12
3.52062e-11
-4.55368e-11
1.43947e-10
-1.44716e-10
1.00595e-10
-1.36988e-10
-2.79016e-10
2.3798e-10
6.40843e-10
-3.52892e-10
-1.24004e-9
4.82309e-10
2.03329e-9
-5.18056e-10
-2.86408e-9
4.37402e-10
3.67316e-9
-2.86584e-10
-4.0339e-9
1.32129e-10
7.01242e-9
-4.66711e-11
-1.04049e-8
1.05841e-8
-2.23881e-8
6.7282e-8
-2.68696e-13
1.18824e-12
-4.64894e-13
-1.11065e-7
1.21124e-7
-2.11141e-7
2.43998e-11
-9.20366e-12
8.23128e-13
3.03883e-7
-3.57017e-7
3.28483e-7
5.31794e-10
-1.43875e-10
-2.29005e-7
-3.12307e-8
-3.47125e-8
3.48002e-9
-1.72727e-9
7.08494e-8
-2.26281e-7
3.76966e-7
-4.39989e-7
1.59152e-7
-6.57505e-7
1.12367e-6
-1.58259e-6
8.41909e-7
-6.02466e-7
1.0141e-6
-2.4582e-6
4.26853e-6
-2.08186e-6
1.72664e-6
4.24956e-6
-9.48033e-6
1.46285e-5
-8.22335e-6
1.35774e-5
-2.44161e-5
4.44273e-5
-7.65468e-5
4.25386e-5
-2.40407e-5
6.67625e-6
-4.54956e-5
-0.000183984
0.000105286
0.00118641
-0.00120027
0.0011667
-0.00180289
0.00263125
-0.00342474
0.0038079
-0.0035332
0.00271353
-0.00148909
0.000827007
-0.000457994
0.000304674
4.42403e-13
-2.89293e-13
-1.0521e-12
1.48027e-12
-4.95776e-13
1.01151e-12
-1.70012e-12
2.4197e-12
-3.17765e-12
3.5672e-12
-3.49592e-12
2.42125e-12
-1.28892e-12
7.02391e-13
-4.55536e-13
-2.93463e-13
2.16417e-13
-1.40477e-13
7.65648e-14
-3.59602e-14
3.68443e-13
-4.80982e-14
5.46879e-14
-6.24185e-14
3.81377e-14
1.95891e-14
-1.76995e-14
1.07415e-14
-2.95731e-14
4.12933e-14
-4.84569e-14
-8.08107e-15
6.43821e-15
5.7964e-14
-6.98064e-14
3.54828e-17
-4.42115e-15
-1.94625e-13
7.65088e-14
-4.66716e-16
3.37883e-16
3.33153e-16
-4.58345e-14
-6.60733e-16
1.0076e-15
1.94691e-15
-1.02307e-14
-2.83965e-15
3.0663e-15
1.71106e-13
-1.08838e-13
-4.25945e-15
6.2541e-15
-2.43863e-13
3.4463e-13
-7.48415e-15
1.67094e-16
-2.53099e-14
-5.55288e-13
7.82893e-13
-1.91904e-12
3.91594e-14
-1.91863e-13
3.96402e-13
4.58881e-12
-1.85058e-11
-2.06014e-12
4.53341e-12
-2.66023e-11
3.94921e-11
3.31723e-11
-2.87304e-11
2.95296e-12
-4.13518e-11
5.42309e-11
1.08066e-10
-1.3197e-10
-6.07588e-11
1.21739e-10
1.77581e-10
-3.09693e-10
-3.94636e-10
4.21372e-10
8.02892e-10
-6.6388e-10
-1.35766e-9
7.27012e-10
2.06965e-9
-6.61606e-10
-2.32288e-9
3.82266e-10
3.46118e-9
-1.93314e-10
-4.51391e-9
5.21521e-11
7.97729e-9
-1.21663e-8
1.04304e-8
3.7361e-8
-1.1087e-12
-5.05145e-12
-1.14716e-11
3.58786e-12
9.36834e-12
-5.78892e-8
2.90672e-12
1.05368e-7
-1.68647e-7
1.77739e-7
2.74921e-11
-5.53053e-12
3.87392e-12
-3.30029e-7
4.44036e-7
-4.97886e-7
7.8325e-11
-5.48193e-11
4.48008e-7
-3.32476e-7
1.35913e-7
-1.33779e-9
3.77376e-10
1.01619e-7
6.42284e-9
-5.90139e-8
-9.34664e-9
-1.2287e-7
2.26082e-7
-1.61481e-7
-1.61516e-8
1.42963e-6
-1.98857e-6
2.37178e-6
-2.83301e-6
1.05964e-6
-1.90571e-7
5.47634e-8
-3.06394e-6
4.99114e-6
-1.0401e-5
5.87577e-6
-6.38524e-6
1.41005e-5
-3.26962e-5
5.50499e-5
-2.83117e-5
1.31256e-5
0.000101794
0.000171311
-0.000237559
0.000253934
-0.000252869
-0.000809224
0.000201814
0.00033825
-0.000170795
8.39366e-5
-6.00236e-5
0.000735298
-0.000723143
0.00144565
-0.00198859
0.00270369
-0.00306089
0.00304836
-0.00207805
0.00120304
-0.000630403
-2.99366e-13
-8.76304e-13
1.09215e-12
1.20243e-12
-1.12915e-12
1.48789e-12
-1.62359e-12
1.57378e-12
-1.00776e-12
4.90042e-13
1.57903e-13
-1.01986e-13
-4.93519e-14
4.48341e-15
-9.76223e-14
6.26332e-14
1.0788e-15
2.19059e-14
-7.19456e-15
-1.2801e-14
-8.59522e-17
6.02169e-15
-2.13062e-14
1.3648e-14
2.48295e-14
-1.05645e-15
-8.87296e-16
-2.7312e-14
2.61923e-14
1.41911e-15
2.00223e-15
-1.18415e-15
-1.54582e-14
5.81398e-14
-1.59562e-14
4.41272e-16
-2.98625e-16
-8.25835e-15
1.02906e-14
3.2884e-14
-9.53282e-15
6.03129e-16
-1.20829e-15
-2.60889e-14
1.51123e-14
5.34418e-14
-1.50461e-14
2.5949e-15
-4.6748e-15
2.69688e-14
-6.85585e-15
7.44586e-15
-1.51072e-14
-2.92246e-14
3.27756e-14
-4.81971e-14
-8.1851e-14
1.91619e-13
-4.2568e-14
-2.07316e-14
2.43505e-12
5.36464e-13
-1.40144e-12
4.1641e-12
-6.09626e-11
2.79506e-11
1.48633e-11
-3.82862e-11
1.28902e-11
-5.88906e-11
5.65704e-11
-2.03926e-10
2.15798e-10
-1.41653e-10
5.74483e-10
2.01959e-10
-5.22065e-10
-4.33863e-10
1.0562e-9
6.86446e-10
-1.09142e-9
-1.02799e-9
8.73801e-10
1.3484e-9
-7.38791e-10
-1.60183e-9
3.10835e-10
1.88462e-9
-3.25045e-9
7.53054e-9
-2.78353e-8
4.53875e-11
-6.15645e-11
-3.54794e-11
5.26151e-8
-5.92093e-8
1.4109e-7
-2.70933e-7
2.75802e-7
-1.43992e-12
-9.03792e-12
-4.11676e-7
5.04253e-7
-6.87576e-11
1.63715e-11
-5.38388e-7
3.36289e-7
1.48004e-11
1.40825e-10
-1.44029e-7
2.66549e-8
-7.24422e-9
2.49879e-9
5.2518e-10
7.42844e-11
1.03162e-7
-1.79209e-7
-4.98323e-8
2.45403e-8
2.80079e-8
-1.19795e-8
4.11873e-7
-4.65414e-7
-6.77251e-7
9.41777e-8
2.38633e-7
-9.82612e-8
2.85039e-7
2.67319e-7
1.83069e-6
-7.07586e-7
1.92028e-7
-3.90249e-6
-1.26929e-6
-9.72597e-6
2.2077e-5
-7.6797e-6
7.82436e-6
-9.94252e-5
0.000199767
0.000212191
0.000104623
-0.000146358
5.90329e-5
-3.72726e-5
-0.000958644
0.000826599
-0.00173785
0.0014467
-0.00209896
0.00222693
-0.00202496
0.00155307
-0.000793017
-2.38935e-5
-7.00979e-5
-2.89963e-13
3.82571e-13
-2.72066e-13
-1.00122e-12
7.3575e-13
4.4362e-13
-5.22373e-13
5.50356e-13
-6.30226e-13
4.06125e-13
-2.30614e-14
3.57802e-14
1.10996e-14
3.95532e-15
7.09653e-15
-5.57747e-15
5.32446e-14
-3.38789e-14
7.73431e-15
-1.79611e-13
1.03456e-15
4.55394e-15
2.10239e-15
2.34137e-15
-2.74528e-15
-4.35765e-15
9.92214e-16
4.31955e-16
-1.09508e-15
1.51606e-15
5.13719e-15
-7.84176e-15
-1.28274e-14
6.44895e-15
4.69286e-17
-1.27582e-15
1.18295e-14
-4.85126e-15
-9.24658e-15
-9.91123e-17
2.24693e-16
3.83218e-15
3.39795e-15
-1.57716e-16
1.7864e-17
-2.55745e-15
2.25832e-15
-3.36476e-16
3.27542e-16
-3.01167e-15
2.33579e-15
-1.25642e-15
3.62895e-15
-1.33963e-15
-8.50869e-15
2.44776e-14
-1.11386e-15
3.50694e-14
5.63357e-15
-2.34494e-14
-1.26297e-13
-4.10778e-14
1.58665e-14
1.08511e-13
-2.09652e-13
2.11171e-13
-3.39404e-13
1.66163e-13
-5.12667e-13
-5.1867e-13
-3.32958e-12
4.46407e-12
-4.26818e-13
1.66157e-12
-2.57213e-12
-1.62155e-11
3.71857e-11
7.45106e-12
-1.64425e-11
1.31104e-10
-1.14158e-10
-7.82403e-11
1.41445e-11
-7.4676e-11
6.26485e-12
-7.28962e-11
1.15576e-10
-6.84171e-10
4.4027e-10
-8.68007e-11
8.32593e-10
1.72607e-10
-1.66578e-9
-2.83165e-10
2.25745e-9
5.62514e-10
-1.77984e-9
-5.93759e-10
1.10983e-9
1.87162e-10
-5.17807e-10
1.40065e-9
-1.81167e-9
-9.28463e-9
4.13161e-11
1.20875e-10
4.59206e-10
-3.24968e-10
-4.44273e-10
1.82072e-8
-1.56132e-10
-3.2343e-8
5.82872e-8
-4.54845e-8
-9.57941e-8
1.42597e-11
3.14183e-11
7.15366e-12
-3.62996e-11
-5.7972e-11
2.06999e-7
-2.47995e-7
3.41999e-7
2.59693e-7
-3.79529e-7
1.52912e-11
-5.1742e-12
-2.60704e-11
-1.22666e-12
3.4348e-7
-1.50905e-7
-2.13118e-11
-1.01015e-12
5.19897e-8
6.81087e-10
-3.78988e-10
4.65645e-11
-4.51284e-8
4.87536e-8
-2.93122e-8
6.14527e-9
-8.20216e-8
5.18442e-8
-2.42985e-7
8.20449e-8
-1.94779e-8
5.07072e-7
-3.12421e-7
2.45821e-7
-2.671e-7
1.31252e-6
-1.18223e-7
2.85888e-6
2.18805e-6
-1.4966e-6
3.41604e-7
-1.09685e-6
3.63618e-6
1.06082e-6
-1.48479e-5
6.32794e-6
5.67462e-5
-2.74742e-5
-1.0861e-5
5.59943e-5
-2.10156e-5
-0.00011715
-0.000486771
0.000358215
0.000307318
0.000298693
-7.00817e-5
0.000350483
-0.000579667
0.000305819
-0.00117939
0.00178729
-0.000986602
0.00162104
-0.00208649
0.00184643
-0.00125314
-0.000686814
0.000436509
-6.18374e-14
2.38313e-13
1.57744e-13
-2.93098e-13
3.41511e-13
-2.44376e-13
-2.10855e-13
2.56347e-13
-1.17632e-13
-1.56331e-13
-9.12979e-16
-6.75259e-15
8.83795e-16
4.8071e-14
-4.69905e-14
-3.54964e-14
-2.8121e-16
-8.97272e-16
-1.83726e-15
7.80301e-16
1.05287e-15
-1.39434e-16
-1.62406e-15
2.17403e-15
-9.5104e-16
-2.19111e-15
5.46731e-16
-1.22114e-16
1.85453e-16
-3.11405e-16
1.62405e-15
3.16791e-15
-9.52566e-16
2.29505e-17
2.96721e-16
-1.69744e-15
5.12986e-16
7.41357e-17
-5.46541e-17
2.2049e-16
2.61808e-16
-2.23493e-16
2.3432e-16
4.09537e-16
4.20633e-16
-4.7567e-16
4.82689e-16
4.58473e-16
-1.93705e-15
-9.66155e-16
2.59028e-15
-2.04034e-16
1.23551e-16
-1.01776e-14
1.57268e-15
-1.74252e-15
1.84268e-15
-9.4201e-15
-6.30758e-17
2.98646e-14
2.37778e-14
-4.19069e-14
8.12838e-14
-4.5716e-13
-3.40749e-13
-1.62801e-12
-2.48378e-13
1.82585e-12
-1.47785e-12
3.85538e-11
-3.50711e-11
-2.05298e-12
-1.08962e-11
1.79462e-10
-7.94789e-11
-1.31109e-10
2.91733e-11
-1.40883e-11
-1.21525e-10
2.61475e-13
6.94501e-11
-1.1749e-10
4.54493e-9
-3.54154e-9
9.33844e-11
-3.12091e-9
1.13028e-10
-2.49731e-10
1.21252e-10
2.37004e-10
-2.10812e-10
-2.06684e-9
4.28817e-10
8.54508e-10
2.63055e-9
-2.11555e-9
-2.14289e-9
4.66572e-9
-1.25088e-9
-6.71987e-9
1.24639e-8
-2.52277e-8
4.6477e-8
-8.70879e-8
1.39184e-10
2.17708e-10
1.29669e-7
-1.44035e-7
1.038e-10
-1.44219e-13
1.16214e-7
-2.04285e-7
-3.33678e-8
8.1272e-8
-6.47949e-11
-2.78308e-11
3.03513e-10
1.45179e-10
-1.97013e-8
4.46885e-8
1.72465e-9
-2.86985e-11
-1.88018e-8
2.27914e-8
-5.14761e-9
-6.58189e-11
-1.96867e-8
6.20701e-9
-5.90223e-9
9.61742e-9
1.53504e-8
-2.1745e-8
3.20996e-8
-6.53702e-8
-4.19103e-8
-1.83646e-7
4.18198e-7
7.15826e-8
3.19225e-8
2.5729e-8
8.78329e-9
1.49894e-6
2.29476e-6
2.54388e-6
-0.000134633
-7.40006e-5
2.50811e-5
0.000109315
-0.000117618
-0.000530086
0.000206762
0.000310028
0.000372385
-0.000395698
0.00161363
-0.00229494
0.00122531
0.000512534
-0.000224429
-0.000305515
0.00226779
-0.00300038
0.00209546
0.00184974
-0.00202605
0.00163055
1.21498e-13
-1.46291e-15
-9.72178e-14
-8.96241e-14
9.72993e-14
8.52087e-14
-6.43254e-15
2.393e-14
3.30741e-14
9.65238e-15
-9.2074e-16
1.06996e-14
1.58098e-14
-1.37732e-14
-3.29564e-14
-3.23363e-15
-9.86169e-15
-4.5913e-15
2.81684e-15
1.08279e-16
-3.79692e-16
-2.87208e-16
2.31191e-17
2.23266e-16
-3.541e-17
3.03416e-16
-2.9792e-15
3.08849e-16
-8.89265e-17
7.70646e-16
-2.42919e-16
3.59048e-17
-9.91079e-17
-4.77348e-16
1.12672e-16
2.08121e-16
-1.15996e-16
-2.30381e-17
3.16925e-18
-6.09123e-17
-2.9947e-16
-4.25918e-17
5.79514e-17
9.5885e-17
2.02171e-17
2.84591e-17
-2.81154e-16
-4.91221e-17
1.08846e-16
-7.98419e-17
-8.35381e-17
5.52332e-17
3.38011e-17
-5.18328e-17
2.26758e-16
-2.22169e-16
1.86277e-17
6.55499e-17
6.87904e-16
-1.92339e-16
2.47202e-16
-2.41967e-16
-4.50662e-17
-6.35862e-16
6.28784e-15
3.18065e-15
-2.35546e-14
-8.30377e-16
2.09954e-15
1.35758e-13
-2.15014e-14
-2.02219e-15
4.3115e-14
8.08305e-14
-5.77496e-13
-1.70932e-14
9.77536e-14
7.88203e-12
-2.01441e-12
-5.19688e-13
6.56188e-12
2.37333e-13
1.03768e-13
3.94183e-13
4.3307e-11
-2.55794e-11
2.34985e-12
-1.0833e-11
1.9631e-10
-9.18743e-11
5.84905e-12
6.89944e-12
3.02738e-11
-2.87197e-10
2.52102e-10
5.13601e-10
-2.98483e-11
3.61713e-11
4.68525e-9
-5.5006e-11
-3.01016e-11
1.29079e-11
8.80775e-11
-4.8225e-11
-2.93926e-9
-3.03097e-9
2.83004e-9
3.50359e-9
-1.16107e-8
6.75787e-9
5.56039e-9
-4.93929e-10
8.44437e-9
1.04472e-9
-5.41351e-9
-8.13809e-10
1.83818e-9
-4.15168e-9
1.10816e-8
7.24587e-9
-1.9473e-8
-4.62554e-10
-5.44038e-10
1.32514e-9
2.01778e-9
2.48804e-8
-5.99766e-8
-2.35134e-8
6.34169e-8
-1.18802e-10
5.04196e-11
4.24579e-11
-2.19796e-10
-4.05961e-8
-1.23709e-7
-9.24311e-10
-6.42343e-10
2.50857e-8
-2.47934e-7
2.34724e-10
-1.05752e-10
-5.83336e-10
3.91758e-10
-5.85562e-9
-1.11363e-7
-5.13915e-9
-5.25072e-10
-3.47658e-9
8.9529e-9
2.79573e-8
-7.70221e-9
-7.33228e-8
1.43566e-8
1.58946e-7
2.50154e-8
-1.10315e-9
6.12033e-9
2.68664e-9
7.85629e-8
-6.19633e-8
-3.72619e-7
-1.11768e-8
-5.38118e-7
7.92837e-8
1.10925e-7
-5.36688e-7
-3.96854e-7
-1.79477e-5
7.86348e-5
1.49711e-5
-2.20295e-6
1.78337e-6
6.73297e-6
-2.29944e-5
-2.29012e-5
0.000453007
-0.00123408
-0.000801089
0.000247917
6.34143e-5
-0.000110862
-0.000375625
0.000164148
-6.50847e-5
0.000342989
-0.000340189
-0.00246855
0.00173845
-0.0036368
0.00735868
-0.00227977
-0.0062903
0.00433087
0.00327854
-0.0018117
0.00278564
-0.00306164
-4.73479e-15
1.0857e-15
-2.70258e-14
-4.08898e-15
-3.17338e-16
8.97851e-17
4.5207e-15
2.02468e-15
5.53625e-15
1.5592e-15
-1.03616e-15
8.71162e-15
-1.55297e-15
9.81265e-16
3.20476e-15
-5.61259e-16
-9.89061e-16
3.11833e-17
1.0768e-16
4.58153e-16
-9.88811e-17
4.14412e-16
-4.95462e-16
4.73743e-17
3.02375e-18
7.48573e-17
-3.41405e-17
3.81572e-17
-1.93645e-17
1.47776e-17
-1.30391e-16
-1.64134e-17
-7.93609e-18
-1.24452e-17
-3.47427e-17
4.89728e-17
-2.52785e-17
-5.48529e-17
-2.39787e-17
-8.77916e-17
8.73335e-17
-2.05379e-16
-7.14395e-17
2.56307e-16
-2.65826e-16
-9.34324e-17
-4.8085e-18
3.39615e-16
-3.71756e-16
-2.16137e-17
1.92643e-17
2.84534e-16
-1.92362e-16
-6.10454e-17
4.12934e-16
3.71945e-16
-1.59054e-15
-1.68069e-16
-1.76084e-16
6.02018e-15
4.11118e-16
-2.55874e-17
1.65791e-15
1.19347e-15
-3.26319e-14
-7.48074e-16
3.0833e-15
3.11517e-13
-1.2896e-13
-1.19116e-14
1.87887e-14
4.45757e-13
-9.29309e-13
8.61795e-16
-2.71956e-14
1.6738e-12
2.77197e-13
2.22479e-14
-3.14152e-13
1.15433e-12
-3.59285e-13
6.38035e-14
-1.65101e-12
-2.18207e-9
6.36319e-10
9.14113e-14
-1.46731e-12
-7.18082e-9
7.54072e-9
5.77282e-13
2.58195e-12
-5.2312e-9
7.67706e-9
-1.01935e-8
-8.18261e-12
2.07523e-11
-8.12267e-9
1.6287e-8
1.01336e-11
-2.12606e-8
-2.00764e-11
1.82838e-8
-7.14225e-11
1.88232e-10
1.24189e-11
-4.55642e-10
1.49963e-9
6.81806e-10
-2.39202e-9
-3.64761e-9
-3.86749e-9
8.44668e-9
1.00888e-8
2.02585e-9
-8.61666e-9
4.06954e-9
4.27696e-9
1.54434e-10
8.06246e-10
-1.09306e-9
-2.424e-9
2.31924e-8
6.22945e-9
-1.29842e-7
1.98757e-8
2.70254e-9
1.13198e-9
-6.55638e-9
-1.1491e-9
5.14196e-7
-7.39545e-7
2.43146e-7
2.13194e-9
8.00304e-7
-9.10157e-7
3.83052e-7
-6.84701e-9
1.14961e-8
3.53771e-9
1.31109e-8
-3.29042e-8
4.64059e-9
2.67056e-9
-9.49028e-10
-2.66798e-7
6.08391e-9
6.01646e-9
-2.71389e-8
-2.31546e-8
2.34797e-6
-1.03564e-5
-5.81706e-6
1.37464e-6
1.72081e-7
3.14123e-7
-1.1065e-6
-1.09655e-6
-0.000304264
0.00104324
0.000309434
-7.3928e-5
2.22084e-6
1.86059e-6
8.43017e-7
-1.40872e-5
0.00319314
-0.00706141
-0.00599694
0.0023033
-8.39061e-6
-0.000335738
0.000947803
0.00337609
-0.00321747
0.00426584
-0.00360095
-0.00768827
0.00398397
0.0114063
-0.01061
-0.0130077
0.012507
-0.00804239
-4.80244e-16
3.87392e-15
-1.40248e-15
-7.78395e-16
-2.15175e-15
-5.60773e-16
4.18458e-16
-2.23927e-15
-2.85942e-16
1.1474e-16
-2.78883e-16
2.28642e-16
2.09016e-16
5.50995e-17
-7.20271e-17
1.15245e-16
6.45164e-16
1.03696e-17
-1.21144e-16
-4.1431e-17
-5.651e-18
5.91103e-18
1.50301e-17
-2.21746e-18
5.09305e-18
3.10163e-17
-2.23819e-17
1.58565e-17
8.16518e-18
3.42653e-18
1.32514e-18
7.7214e-17
-1.49545e-18
-8.09445e-17
-1.13731e-17
-4.7759e-18
5.92957e-18
-4.14476e-17
2.28642e-17
-9.43202e-17
-9.47014e-18
-4.5895e-17
1.72805e-17
1.27009e-17
-1.37054e-16
1.13744e-16
-1.57366e-17
-1.90215e-17
-4.8892e-18
4.24438e-17
-5.13802e-16
2.96992e-16
4.12228e-17
-2.00835e-17
-4.86084e-17
-1.0156e-16
-9.8828e-16
3.74383e-16
5.827e-17
-2.61235e-17
-1.52865e-16
7.4196e-16
3.12946e-16
5.29983e-16
-5.00702e-15
-2.43979e-15
-2.73388e-16
2.8918e-14
-1.31399e-15
1.40675e-16
1.43988e-15
-1.73228e-14
1.08887e-13
-1.66417e-15
-2.71819e-15
-3.62335e-13
-4.61251e-13
1.50275e-14
-9.27404e-14
2.30665e-12
-7.03241e-12
-2.03268e-15
4.1643e-14
-7.4456e-14
2.89216e-13
2.09853e-11
1.13502e-11
4.61847e-11
1.4594e-11
-1.11765e-10
2.3225e-14
2.44841e-13
-3.81875e-10
2.2831e-13
-5.3503e-13
2.86743e-12
-5.18084e-12
2.07705e-11
4.01417e-11
-4.8313e-11
-7.29467e-11
1.92374e-10
1.46535e-8
1.90447e-8
-1.64879e-8
-1.94286e-8
3.28259e-8
-4.74407e-8
-3.39431e-8
5.11932e-11
-1.7433e-10
-3.59235e-10
-7.3801e-11
3.43531e-9
-4.31489e-9
3.18186e-9
6.76758e-9
-9.12999e-9
-1.64802e-8
2.36117e-8
-3.5775e-8
-8.3533e-8
1.58167e-7
8.08572e-9
1.32249e-9
-1.26742e-8
8.80179e-10
-5.44011e-7
2.25311e-6
-1.68034e-9
-8.23243e-9
3.21567e-9
3.0957e-8
-6.36198e-7
2.72311e-6
2.6846e-8
9.32395e-9
-9.90771e-9
-4.93532e-8
4.3714e-7
-3.8656e-8
2.2218e-7
-6.23682e-8
-1.24559e-7
6.00864e-8
-3.26053e-8
-1.40402e-8
1.4329e-6
-5.75162e-7
-3.01527e-6
1.08602e-6
-3.76947e-9
2.06677e-8
-2.65094e-6
1.33708e-5
-1.03519e-8
1.35751e-7
-8.99895e-8
-6.17266e-9
5.13244e-5
-0.000223782
-6.93045e-5
2.06293e-5
2.79316e-8
9.76975e-7
-7.63875e-7
8.83509e-7
-0.00315323
0.00842665
0.00354088
-0.00112068
2.90885e-6
-4.95219e-8
-3.49409e-5
1.99332e-6
4.26721e-5
0.000200959
-0.0114497
0.0355404
-0.0257446
0.0155753
-0.0252481
0.0138765
-0.000762819
0.00242441
-0.00526789
0.0109319
-0.0189819
0.0205586
4.52177e-16
2.97207e-16
-1.49649e-16
4.23139e-16
3.1868e-16
-2.46156e-17
-4.24842e-17
5.72303e-17
4.98473e-17
-1.49772e-16
-5.79836e-17
-1.08926e-16
4.44001e-17
1.30865e-16
7.98721e-17
-2.84442e-17
5.08805e-17
1.88611e-17
-1.23718e-16
6.50041e-17
9.20063e-17
2.621e-17
3.91539e-17
-2.33449e-17
-3.0442e-17
-2.09121e-17
-1.1609e-16
-2.21294e-19
6.30116e-18
-3.68879e-18
1.62444e-17
1.9768e-17
-4.2919e-17
8.48858e-17
4.6987e-17
1.852e-17
-1.05265e-17
1.06409e-17
-5.98015e-18
1.55837e-16
-1.46101e-17
-2.79177e-17
1.19743e-17
-5.18955e-16
1.22078e-16
3.99001e-16
-2.51485e-17
-1.27075e-15
2.00322e-16
7.89711e-16
-5.4686e-17
-2.4221e-15
7.80713e-16
1.14076e-15
-2.32828e-15
4.17511e-16
-6.59908e-16
-2.96614e-15
7.11185e-15
1.94043e-15
1.68489e-15
7.42621e-15
-3.71984e-16
-5.95481e-15
9.03321e-15
-1.86945e-14
5.36801e-15
4.75598e-14
-6.96552e-14
5.32406e-15
-6.30092e-16
9.36684e-14
6.76152e-13
-6.62346e-15
-5.15754e-16
-7.10114e-12
2.27866e-12
-1.22628e-14
5.4907e-15
2.52835e-11
-1.82895e-14
7.67993e-10
2.85265e-15
-8.13522e-15
4.70644e-14
-1.25861e-13
2.14754e-9
-2.97742e-9
4.66339e-9
-1.68465e-9
-6.5324e-14
2.10206e-13
8.93275e-9
-1.28666e-8
-7.20443e-9
2.24711e-13
-8.7435e-13
-2.04155e-8
3.05672e-8
1.46616e-8
-2.27671e-13
1.49689e-12
3.38022e-8
-5.44239e-8
-2.4782e-8
-3.44678e-13
-2.68099e-12
-3.98846e-8
7.13822e-8
3.57725e-8
3.46548e-12
-1.3335e-11
5.58718e-8
-5.93394e-8
7.53524e-12
-4.49908e-12
5.58124e-12
-3.21923e-10
3.08747e-10
1.32269e-9
-2.06748e-9
2.27632e-8
3.09057e-8
-4.89001e-8
-7.25178e-8
7.62802e-9
-1.62422e-8
-1.71589e-8
5.85177e-8
4.33564e-9
-3.0024e-9
-8.89973e-11
8.83223e-9
-2.08026e-7
2.06018e-7
1.15357e-6
-2.77358e-8
-1.03067e-7
-3.74704e-8
1.09995e-7
7.43652e-8
-2.89827e-6
8.35621e-6
-2.5041e-6
1.18273e-7
-2.18376e-6
9.75005e-6
-3.81709e-6
7.33281e-8
3.00341e-6
-1.37581e-6
2.15175e-7
-2.67123e-7
-9.04116e-8
6.16509e-8
7.8728e-9
-1.83335e-7
-3.84662e-5
0.000156356
-8.32194e-6
-1.53816e-6
-5.37941e-7
1.81877e-7
1.95126e-7
-1.74965e-6
0.000846499
-0.00278032
-0.000546962
0.000199891
-4.35395e-6
1.73892e-5
-4.86977e-6
1.57383e-5
-0.0195205
0.0402956
0.0242492
-0.00982626
2.54625e-5
-0.000161456
8.8007e-5
-3.56456e-5
0.000560285
-2.0011e-6
-0.00168613
-0.0050462
0.00552106
0.0190509
-0.0131354
-0.0359734
0.0202127
0.0353866
-0.0362489
0.0700661
-0.0728437
0.0575839
1.6876e-16
4.05616e-17
-1.61075e-16
-1.37255e-16
-2.60485e-16
-2.79453e-16
-4.44887e-16
-3.41628e-16
-1.57343e-16
-7.99126e-17
2.24076e-19
-9.13357e-18
-1.06608e-16
-9.91149e-17
1.4907e-16
-3.45402e-17
2.34398e-16
4.8621e-16
1.11648e-16
-3.97253e-17
5.16263e-18
3.01125e-18
1.88645e-17
-3.18609e-17
-4.0462e-16
-4.00379e-16
-1.05631e-16
4.79402e-18
1.46211e-17
4.78847e-18
5.11779e-18
7.08641e-17
1.83728e-16
9.12606e-16
7.74995e-18
-3.9418e-17
-2.03237e-17
-1.38722e-15
1.50933e-15
5.89475e-16
1.76211e-17
7.06225e-17
-4.40946e-18
-2.74531e-15
1.30669e-15
2.22486e-15
1.91226e-16
-2.11278e-17
3.97761e-17
-7.53394e-15
2.39282e-15
1.3386e-15
8.35121e-16
-1.64047e-15
-2.20399e-15
-4.4312e-15
5.82063e-15
5.01006e-16
-3.29645e-14
5.3873e-15
-3.99537e-15
3.86459e-14
1.16882e-13
1.9448e-14
1.42874e-14
4.3225e-14
-3.36498e-14
-3.61172e-14
2.37357e-13
3.52528e-14
7.90652e-14
-8.40431e-13
-4.82796e-13
9.63956e-15
7.28436e-15
3.89206e-15
1.93682e-12
-1.27835e-11
-4.07486e-15
-1.44683e-10
1.50359e-11
5.79397e-15
-2.39211e-16
6.29298e-11
-1.19378e-10
2.96342e-15
-1.13039e-14
1.82652e-9
1.28954e-14
-2.73134e-14
-7.14697e-14
2.86068e-13
-1.95988e-12
-4.17798e-12
-4.30485e-11
7.6998e-11
-8.31189e-11
2.10324e-10
-1.25563e-7
-9.48072e-8
9.40741e-8
9.19415e-8
1.46675e-7
1.12526e-7
-4.0594e-10
-1.70753e-9
-3.37497e-9
2.05845e-8
2.11085e-9
-6.7496e-11
-2.60941e-8
1.7808e-8
5.93508e-8
-6.94314e-8
5.47675e-8
3.71231e-7
1.47797e-8
-3.32904e-7
-4.07859e-8
2.15829e-7
1.02709e-8
-1.33752e-6
3.92784e-6
7.82353e-8
-5.66656e-7
3.34723e-7
-1.23113e-7
-9.35185e-6
2.59307e-5
-7.85107e-6
-2.48241e-6
3.1273e-6
-1.8385e-6
-7.25866e-6
3.14714e-5
-1.3591e-5
-6.148e-6
1.0994e-5
-7.73309e-6
1.33926e-5
-7.77586e-6
5.4479e-7
1.82416e-7
3.08004e-5
-2.73981e-5
-1.08213e-6
-1.61669e-5
2.99186e-6
-1.72252e-6
-0.000419464
0.00132139
8.0111e-5
-8.03506e-5
-4.42837e-7
-2.24391e-5
1.51012e-5
-7.42475e-5
0.00820978
-0.0256063
-0.000811772
0.00112327
-5.10695e-5
7.46142e-5
1.44179e-5
-0.00017554
5.09753e-6
0.000417383
0.0978285
-0.111764
-0.116658
0.0838954
-0.0735572
-0.0502938
-0.00171243
0.00537724
-0.000330241
-0.021887
0.0535922
-0.0726444
8.16081e-16
8.32816e-16
1.2658e-15
1.35955e-15
8.33643e-16
3.19836e-16
8.26055e-17
-4.06745e-16
3.0592e-16
-1.33381e-16
-2.12178e-15
-1.2627e-15
-2.15816e-15
-3.30165e-15
-4.41964e-15
-3.2094e-15
-1.79186e-15
-2.88761e-16
-2.87393e-16
-7.05179e-17
1.80456e-16
1.07224e-17
-2.91388e-16
1.96035e-15
1.71395e-15
8.79355e-17
1.37419e-16
-1.09669e-16
1.70802e-16
2.835e-17
-4.14587e-17
1.0643e-15
-4.5046e-15
-2.43957e-15
-2.49211e-15
-4.93802e-15
5.39708e-17
2.2645e-16
-1.10967e-17
1.04798e-14
8.22606e-15
-2.59845e-15
-4.5691e-17
1.71239e-17
-1.90887e-16
2.79571e-15
9.42358e-15
2.25437e-15
5.2506e-16
4.27292e-16
-9.31299e-16
-1.29364e-14
1.78392e-14
2.1616e-15
4.66385e-15
9.62195e-16
1.91462e-15
-2.29099e-14
3.76083e-14
-3.99973e-14
2.47972e-15
-2.33634e-14
-2.59483e-14
9.65989e-14
3.5646e-13
-2.5008e-13
2.42655e-13
-1.49799e-13
6.53472e-14
9.38447e-15
-1.64083e-14
1.18965e-13
4.40674e-13
-2.67249e-13
2.48312e-13
-5.48077e-14
1.86896e-13
7.84809e-13
-4.01276e-14
-7.62808e-12
-7.13558e-12
7.75857e-14
2.52844e-14
6.09893e-11
-1.49359e-11
-9.17531e-15
6.20224e-15
2.00731e-15
-2.48451e-10
-2.16949e-9
-2.15122e-14
8.89322e-15
-5.08296e-9
4.89401e-9
-2.61738e-14
-1.09228e-14
-1.67532e-8
1.64214e-8
1.09259e-13
-8.06912e-15
4.70551e-8
-4.14437e-8
-2.8662e-13
3.79876e-13
-9.34348e-8
7.70317e-8
-2.65301e-12
5.102e-14
1.31657e-7
-1.05995e-7
3.82073e-12
1.41566e-12
-1.55598e-7
-5.25235e-12
-4.71021e-10
4.86893e-10
2.90064e-9
-4.03513e-9
1.30156e-9
1.08978e-7
1.55553e-7
-1.0708e-7
-5.55454e-8
-1.71812e-7
-1.87817e-7
2.55372e-9
-3.5653e-8
1.11048e-7
-8.44134e-8
3.73065e-8
2.42831e-8
-2.98598e-9
-3.49886e-8
1.96761e-8
-4.83358e-7
1.20225e-6
2.71425e-7
-7.20208e-7
1.2216e-6
-9.62129e-7
-4.06694e-6
1.12063e-5
6.48593e-7
-2.67511e-6
8.00332e-6
-5.20592e-6
-2.93777e-5
8.24527e-5
-2.4293e-5
-7.69838e-6
2.76671e-5
-2.15538e-5
-2.34058e-5
8.6768e-5
-5.13894e-5
-1.50106e-5
9.0667e-5
-7.32359e-5
8.25424e-5
-3.15983e-5
-9.25717e-6
7.13088e-6
0.00026782
-0.000247343
2.89635e-5
8.51368e-5
-0.00029126
0.000179204
-2.20747e-5
2.28645e-6
-0.00335807
0.00292232
-0.000847589
0.000164089
-0.000193102
-0.000159486
0.000211041
-3.67541e-5
0.000258231
-0.0741759
0.114839
0.0358329
-0.0315195
0.0529012
0.0106544
-0.00095114
0.00239995
-0.0120492
0.0049102
0.0453635
-0.0182738
-0.0472965
0.0164041
0.0101621
0.0143192
0.0602381
-0.0647096
-0.132543
0.106834
0.148899
6.3028e-15
7.14613e-15
6.28277e-15
1.38097e-14
1.07203e-14
7.73421e-15
2.19655e-15
5.30843e-16
1.18997e-15
1.4068e-16
-1.07363e-14
-1.21275e-14
5.76695e-15
-3.01619e-14
-3.09108e-14
1.07805e-14
-3.34742e-14
-2.51708e-14
-1.39398e-14
-2.02238e-15
3.7836e-15
-3.06276e-15
-2.74133e-15
1.62933e-16
-9.48125e-17
2.57354e-14
2.54651e-14
2.3586e-15
-5.59354e-15
2.60067e-14
2.78028e-16
-1.54944e-15
-1.15191e-17
-9.42851e-16
7.72827e-17
-3.25608e-14
-3.75562e-14
-4.33314e-14
-7.58027e-14
4.36691e-16
3.43796e-15
-2.43268e-16
3.01301e-16
1.44199e-13
4.63552e-14
-2.79115e-14
-9.88487e-16
-9.00025e-16
-1.96225e-15
6.64577e-14
9.61801e-14
-3.28328e-14
1.0812e-14
-4.87087e-16
-2.40778e-14
4.34163e-14
1.96255e-13
-1.30644e-13
5.60768e-14
7.46721e-14
7.27764e-14
2.28227e-13
6.94643e-13
-5.52885e-13
5.27028e-13
-4.24378e-13
-2.65049e-13
-1.79928e-13
-8.94646e-14
1.39822e-13
1.97541e-13
1.12994e-13
9.05252e-13
-7.28677e-13
7.11962e-13
-5.10955e-13
-8.80381e-13
2.30548e-13
1.4001e-12
-1.66379e-12
-2.78995e-12
-2.64408e-14
7.40472e-14
-7.50644e-14
3.88256e-14
7.4102e-15
2.71182e-11
3.30002e-10
-1.104e-13
-1.34848e-14
1.90056e-9
-8.68539e-10
2.33521e-13
-1.53617e-9
-2.72768e-9
2.15557e-13
-1.15426e-12
6.28605e-13
-6.20997e-14
-3.96684e-9
-1.11848e-8
1.62165e-8
1.25606e-8
-5.69718e-13
-3.07774e-13
2.59142e-8
-1.05222e-8
-4.12417e-8
-1.66943e-13
3.88785e-12
-5.93498e-8
4.50256e-8
9.53844e-8
-1.89148e-11
8.94011e-12
1.2572e-7
-6.62464e-8
-1.3641e-7
6.70161e-11
-2.68513e-11
-2.3588e-11
-1.85508e-7
1.81856e-7
-6.77377e-11
1.66549e-10
2.06632e-7
-5.33861e-11
-1.59985e-9
2.07894e-9
-1.36033e-8
9.97015e-9
1.40369e-8
2.24831e-10
-8.86949e-8
2.89415e-8
-5.61592e-8
1.65787e-7
-1.13811e-7
3.46158e-7
-2.89391e-7
1.53351e-7
2.37154e-7
-3.54662e-7
-7.28069e-8
2.2517e-7
1.38711e-6
1.01385e-7
-1.5401e-6
2.8702e-6
6.33225e-7
5.39859e-6
1.91437e-6
-1.87628e-6
-1.0395e-5
2.81798e-5
2.28777e-6
1.81705e-5
8.61682e-6
-8.09924e-6
-8.74541e-5
0.000280174
-6.71647e-5
5.95234e-5
3.27639e-5
-3.32256e-5
-0.000112937
0.000588134
-0.000476646
0.000167592
0.000118283
-0.000117463
0.000686385
-7.85655e-5
-0.000650887
-0.00178055
0.00122157
-0.00227551
-0.00191945
0.00151585
-0.000371881
0.00051292
-0.0019182
0.000272357
0.000378236
0.00637465
-0.00257958
0.00052855
0.0233225
-0.0217554
0.00544141
-0.0069178
-0.000651604
0.00535923
-0.00371502
-0.00438169
0.0432405
-0.111808
0.174343
-0.101902
-0.151026
0.0962503
0.116741
-0.0500382
-0.0334079
-0.0449006
0.0473481
-0.118373
0.135511
0.123614
-0.176276
-0.0670012
5.69915e-14
-3.44473e-14
2.16755e-13
6.27924e-14
-2.9627e-14
9.50153e-14
9.11735e-14
5.82907e-14
5.71417e-15
1.27999e-14
1.72501e-15
-1.595e-13
-4.82715e-14
1.51148e-14
-3.29061e-13
-5.96496e-14
-6.68064e-13
-3.44879e-14
4.94961e-15
-2.60118e-14
3.94721e-15
-3.31774e-17
3.7911e-16
1.52075e-13
1.74358e-13
2.06117e-13
7.37662e-14
5.19713e-13
2.43906e-15
-5.29812e-15
-6.59992e-15
-8.00412e-15
1.53188e-16
-5.46376e-13
-3.66374e-13
-1.01326e-12
-2.43721e-13
9.85613e-15
2.75196e-14
-1.71738e-15
7.80145e-15
1.6703e-12
6.44169e-13
-3.87855e-13
7.94721e-16
-3.86589e-14
-2.3711e-14
7.39581e-13
9.61452e-13
-7.13192e-13
1.7375e-16
2.39216e-14
-4.57848e-13
1.51661e-12
9.62417e-13
-1.01391e-12
1.12693e-12
-8.39001e-13
1.17605e-12
1.46966e-12
1.03496e-12
-1.75492e-12
-2.70962e-12
1.87415e-12
1.37537e-12
-1.25973e-12
1.37635e-12
-1.03804e-12
4.75613e-12
9.55341e-12
5.11133e-12
-2.3327e-11
1.06691e-11
1.59568e-12
4.48902e-13
-2.64583e-13
2.74108e-13
-6.31755e-14
2.19841e-11
-2.64188e-10
-1.90062e-10
5.66402e-11
-6.41277e-13
2.19063e-13
-9.00454e-11
4.47956e-10
3.91916e-10
-3.62903e-12
-3.64273e-12
2.40609e-12
-1.25629e-12
-4.64908e-8
-2.94375e-13
3.8631e-12
1.2493e-11
-3.36756e-11
-2.69243e-11
-3.20965e-10
1.20069e-10
-3.19779e-10
1.54752e-10
-8.19847e-8
-8.40091e-8
1.66525e-7
1.11008e-7
6.68109e-8
-1.83204e-7
1.59129e-9
-9.07925e-8
-5.75881e-9
6.22863e-9
-4.98853e-9
2.93374e-8
-2.26816e-8
5.22252e-8
-1.3077e-8
9.08385e-9
-1.37756e-7
3.67662e-8
-2.13186e-8
-2.22196e-7
-1.27262e-6
3.89486e-7
1.71915e-6
-8.77236e-7
7.89022e-8
4.65228e-7
2.2462e-6
3.30018e-9
-7.86104e-6
1.60101e-5
8.78965e-7
1.15354e-5
-1.14473e-6
1.14856e-9
-5.73484e-5
0.00015703
-2.24236e-5
4.21257e-5
-6.04856e-6
-1.14624e-6
-0.00051452
0.00136322
-0.00107522
0.000143402
-2.03517e-5
-5.35637e-6
0.000846628
-0.00182733
0.00272852
-0.0111135
0.00973885
-0.00156287
-0.000275887
0.000229246
-1.32615e-5
-8.62247e-5
-0.00970753
0.00724867
-0.0116307
0.0429702
-0.0218659
0.0171154
0.00804686
-0.00559042
0.00109995
-0.000857085
0.0306348
-0.00844115
-0.0160189
-0.00802033
0.0202982
-0.0934068
0.103053
0.00155319
0.0639998
-0.0474502
0.0465176
-0.0808193
-0.0205548
0.0327424
-0.135347
0.154276
-0.114048
0.00830884
-2.69201e-13
-2.68948e-13
-2.40433e-13
-4.45422e-14
3.3294e-13
2.78629e-12
6.78332e-13
4.83625e-13
6.67545e-13
8.04414e-13
4.13859e-13
1.18106e-14
2.71923e-14
1.38258e-13
7.81484e-15
-7.3652e-13
9.14316e-13
-1.5169e-12
-3.65263e-12
-3.45857e-12
-1.00673e-11
-3.8258e-13
1.46154e-13
-2.66117e-13
5.49415e-14
-4.79164e-14
2.88551e-14
2.45321e-12
8.75211e-12
-1.46546e-13
5.59439e-12
-7.4689e-12
-2.03823e-13
3.41479e-13
-3.21911e-14
-1.17296e-13
-7.54017e-15
-8.58484e-12
-3.61966e-12
-4.41779e-12
-9.29823e-12
5.09426e-12
2.14106e-14
4.91217e-13
9.75076e-14
8.00886e-14
-3.52416e-12
-6.04889e-12
-4.66599e-13
2.28895e-13
4.70757e-13
-6.41976e-12
2.96168e-12
-2.34886e-12
-2.00712e-12
-5.48454e-12
-4.76878e-12
-1.95537e-12
2.50045e-11
-1.40954e-11
-1.87631e-12
-1.59783e-12
3.21972e-12
-2.5933e-12
-3.11288e-11
-1.65475e-10
-9.74456e-12
-8.61548e-11
2.13509e-10
-6.07034e-12
2.25854e-12
-1.7908e-12
7.80565e-13
-7.05038e-13
7.21071e-10
-2.47611e-9
2.91581e-10
-5.9788e-10
-3.26889e-12
2.80479e-12
5.32349e-10
-5.01678e-10
2.06604e-9
7.36664e-12
-1.29735e-11
9.46686e-12
-6.56475e-12
5.65728e-12
1.08885e-7
-1.73493e-7
3.42067e-8
-7.69899e-8
-1.57782e-11
-5.79866e-12
4.75431e-8
-1.40851e-8
5.7069e-11
-2.30759e-11
-1.61889e-8
-2.10089e-8
9.52534e-11
-1.81399e-8
-1.27858e-10
-6.06353e-10
2.54455e-10
1.32799e-9
-7.53183e-9
-6.94249e-10
-1.9326e-8
8.07584e-9
4.78628e-8
1.8752e-8
-3.82719e-8
-3.93754e-8
1.6158e-8
-1.17366e-8
-6.12729e-8
1.01544e-7
-1.31288e-8
4.79633e-9
4.45969e-8
4.06164e-9
8.27179e-9
-1.29126e-8
-1.919e-8
-1.09314e-8
2.04291e-8
-1.34537e-7
3.61017e-7
3.0062e-6
-5.4247e-6
-6.45625e-8
-4.16282e-8
2.19802e-7
9.04639e-8
1.44061e-8
2.01302e-5
-5.54879e-5
1.28058e-6
8.71058e-8
-3.559e-9
0.000143894
-0.000248337
1.54689e-5
-1.3493e-6
4.12916e-7
-0.000164944
-0.0047064
0.014045
-0.0309604
0.015967
-0.00045602
7.13385e-5
-2.71028e-5
1.15491e-5
-6.39343e-5
-0.0180392
0.041135
-0.095538
0.161669
-0.0951049
0.00521796
0.000503139
-0.000169889
-3.18298e-5
0.000654449
0.103232
-0.0431388
-0.0661548
0.0241523
-0.0393101
-0.02597
0.0531793
0.0131717
0.017743
-0.00959205
0.0107552
-0.0211972
-0.00311197
0.00476661
-0.0986781
0.122623
0.10968
-0.136975
-0.0894376
0.119482
0.0193961
-0.0338315
-1.41816e-12
-2.29584e-12
-1.96852e-12
-3.81566e-13
-5.97619e-12
2.55869e-11
2.72499e-12
1.57075e-11
-3.75796e-11
5.7525e-12
6.25435e-12
3.99047e-12
3.50724e-14
-3.45452e-14
1.56196e-12
5.46215e-14
-2.828e-11
2.33452e-11
-4.47591e-11
1.40653e-10
-4.52174e-11
-1.009e-11
7.65886e-12
2.07648e-12
-1.81989e-12
5.34767e-13
4.14858e-13
3.39136e-11
2.56797e-11
3.31866e-11
5.80719e-11
-9.71772e-11
4.06674e-12
-6.93643e-12
-2.90288e-12
-1.80117e-13
-3.4736e-13
2.15344e-11
2.35959e-11
-1.68233e-10
-1.35627e-10
-2.32925e-13
1.17785e-12
1.62862e-12
1.2166e-12
3.57987e-11
1.86679e-11
-1.20444e-10
-1.55383e-10
-3.39303e-12
-3.09218e-12
7.88806e-12
1.89368e-11
-1.78523e-10
-1.96252e-11
-8.06176e-12
-3.83655e-11
-6.855e-11
7.49157e-11
-3.02813e-12
-4.8455e-12
4.69136e-10
-4.85774e-11
5.25085e-10
-8.0803e-10
5.60436e-11
-1.30723e-9
3.49845e-12
-5.56987e-12
3.5617e-14
7.42847e-9
-1.78407e-8
3.26606e-9
-6.62284e-9
-1.78356e-12
7.70924e-12
1.71154e-9
-3.71918e-9
-5.4205e-11
1.29511e-8
-1.03191e-11
6.91964e-11
3.27909e-11
2.63205e-7
-2.49426e-7
1.14216e-7
-1.81247e-7
-2.25832e-10
1.89104e-11
1.29246e-7
-8.3634e-8
2.89016e-10
-3.361e-10
-9.30396e-8
5.61515e-8
1.6381e-9
6.8832e-8
-5.34533e-9
7.13062e-9
3.67452e-8
-1.1128e-7
1.85261e-8
6.78649e-8
-1.76131e-8
-1.06556e-8
-7.22581e-8
-9.73656e-8
2.59899e-8
1.0006e-7
1.61691e-8
-3.19689e-7
-1.7799e-7
7.32963e-7
6.57817e-7
4.66318e-9
-2.52043e-9
-4.34834e-9
-8.21726e-9
-6.90269e-9
-5.00164e-6
2.58474e-6
2.84179e-5
-1.58737e-5
-1.14315e-8
-3.40606e-9
2.59012e-8
1.80682e-9
-0.000130446
7.61553e-5
0.000516093
-0.00032678
-1.32381e-7
7.28929e-8
-2.65417e-7
-1.78036e-8
-0.00178273
0.00121578
0.00542075
-0.00403802
-1.5147e-6
7.84043e-7
-3.75328e-6
-1.34848e-7
-0.0146685
0.0333864
1.24764e-6
3.76095e-6
-4.44812e-7
-0.0637614
0.0505205
0.106727
-0.158076
0.000536744
-5.89726e-5
7.98872e-5
-2.84676e-5
5.88837e-5
0.178524
-0.162464
-0.144538
0.129057
0.0701909
-0.00338815
-0.0071796
0.00866178
-0.00762459
0.00489185
-0.00602661
-0.000291497
0.000145496
-0.0319278
0.0703783
0.0549943
-0.0856086
-0.0625734
0.0638963
0.0381649
-0.0191387
-1.81662e-11
-1.34378e-11
-1.95713e-11
-3.42629e-12
-2.97326e-12
5.46919e-11
1.54375e-10
7.16274e-11
2.66804e-11
4.83202e-11
4.74613e-11
-1.4783e-11
-7.95499e-12
3.09173e-11
4.47198e-12
-3.26499e-10
-1.112e-10
-5.19913e-10
-3.61775e-10
3.27771e-10
3.22119e-10
-3.61775e-10
-1.26046e-10
-6.0377e-11
-1.87762e-10
-8.43637e-11
8.64591e-11
-6.28154e-11
-4.57756e-11
3.37044e-11
2.84778e-12
8.18861e-12
7.90932e-10
8.27651e-10
1.33592e-9
2.21398e-9
-1.73647e-9
4.01755e-11
-2.45216e-10
-3.80396e-11
-2.31484e-11
-1.45079e-12
7.25364e-10
7.11393e-10
-4.65465e-9
-4.09127e-9
-2.63926e-12
4.92051e-11
1.48403e-11
6.9428e-12
9.51572e-10
6.81733e-10
-4.00441e-9
-4.20266e-9
-3.08823e-14
-9.81964e-11
3.23723e-11
1.11362e-10
-3.06892e-10
-1.95779e-10
-5.10824e-9
-1.03957e-9
1.62368e-11
-2.76858e-10
-8.13593e-10
-1.22364e-9
2.16539e-9
5.59295e-10
-1.59912e-10
4.0883e-9
-9.73221e-9
6.99565e-9
-1.55566e-8
-7.61754e-11
2.43576e-11
2.34874e-10
3.51667e-8
3.09504e-8
4.70738e-10
-3.99052e-10
1.23117e-11
-7.14414e-8
1.3269e-7
-6.51214e-8
1.39616e-7
3.30338e-11
4.43932e-10
-2.5252e-7
1.84719e-7
-1.304e-10
-2.13697e-9
-2.97556e-10
3.59641e-7
-1.8617e-7
1.60897e-7
9.63618e-10
4.05327e-9
-2.51776e-9
-3.48722e-7
2.01542e-7
-1.62799e-7
-3.04737e-9
1.67724e-11
1.57553e-8
2.63621e-7
-1.67704e-7
1.70095e-7
-4.14484e-8
-3.12178e-8
-1.50967e-7
8.2712e-8
1.57612e-7
-2.44107e-8
2.85964e-7
-2.00174e-7
-4.56139e-7
3.49558e-7
-4.32649e-8
1.02742e-7
-7.80447e-7
1.93888e-6
1.89264e-6
-4.64864e-6
-5.16405e-6
-2.84371e-6
-6.8528e-9
2.92868e-9
2.03704e-9
1.52996e-9
-3.69144e-8
-3.7663e-9
7.52299e-6
3.0652e-5
-3.43827e-5
-0.000111812
0.000140606
1.26817e-8
2.57479e-9
2.46392e-9
3.1192e-9
0.000408781
-0.00052036
-0.00133115
0.00171209
5.08455e-8
3.15117e-9
2.67742e-8
-3.66298e-8
0.00385697
-0.0050056
-0.00996673
0.0129651
2.90074e-7
-3.34972e-8
1.49675e-7
-1.23726e-7
0.0224576
-0.0295442
-0.0454227
0.0588013
7.32244e-6
-1.32083e-6
1.66187e-6
-5.47302e-8
0.0819831
-0.0990713
-0.108668
0.137927
0.122428
-0.158932
0.000345103
-1.45014e-5
-0.000147511
6.61813e-6
-4.36887e-7
-1.77465e-5
-0.123342
0.143315
0.0972473
-0.0935177
-0.0633497
0.0535965
-0.0148239
0.0287328
-0.013957
-0.0150077
-0.00958207
-0.00179113
0.0266376
0.00533931
-0.00136706
-0.0109981
-0.00570431
0.00760122
2.16035e-6
-0.00186317
1.42018e-9
-1.91182e-9
1.02089e-9
-2.95882e-11
4.23711e-10
5.65199e-10
4.7654e-11
-2.27859e-10
1.5939e-10
-9.56024e-9
-7.6542e-9
4.57314e-9
-4.43219e-9
-2.68608e-9
1.44178e-8
-1.25941e-9
3.78342e-10
-2.307e-9
-1.08247e-9
3.73303e-10
4.13776e-10
-8.69447e-10
6.02495e-10
2.26963e-10
2.05706e-8
2.18903e-8
-1.95417e-8
2.68372e-8
-3.6862e-8
7.24336e-11
5.05547e-9
-1.0007e-9
-8.27798e-10
-5.17068e-12
2.20085e-8
2.10724e-8
-1.08138e-7
-1.07329e-7
-9.16722e-11
1.61048e-9
2.21047e-10
-1.45939e-11
2.43411e-8
2.06334e-8
-1.14113e-7
-1.06765e-7
6.20145e-10
-3.50778e-9
3.53604e-10
2.50374e-9
-8.16742e-9
-6.90259e-9
-1.25142e-7
-2.48901e-8
-5.68007e-9
1.70027e-8
1.63714e-8
3.74486e-8
2.10305e-8
-1.9306e-8
4.1412e-9
-8.22276e-8
8.43718e-8
-6.9362e-8
1.36623e-7
-2.60982e-9
1.30612e-9
1.29386e-8
-2.39101e-7
-2.59303e-7
5.00189e-10
-1.0392e-8
6.13895e-10
4.285e-7
-4.86462e-7
4.36629e-7
-7.50235e-7
2.04186e-9
7.37793e-9
1.04318e-6
-6.01493e-7
-2.4105e-8
-2.16533e-8
-1.14365e-6
6.38185e-7
8.64029e-8
3.39499e-8
1.04247e-6
-5.3422e-7
-2.17818e-7
6.33768e-8
-6.36246e-7
3.74155e-7
7.92813e-8
-3.27845e-7
4.72232e-7
-3.58198e-7
1.05378e-6
-1.28478e-6
-4.16154e-6
3.77024e-6
7.22061e-6
1.35592e-5
-1.97799e-7
-5.29446e-8
5.05664e-8
-1.68476e-8
-7.66944e-7
-1.9218e-9
-3.2663e-5
-1.3554e-5
7.54962e-5
0.000169367
-0.000286858
1.89521e-7
1.99756e-8
-3.18657e-8
1.58747e-7
-0.00052549
0.000924043
0.00138748
-0.00261833
3.96126e-7
1.30925e-7
-6.1429e-8
-6.90699e-7
-0.00353586
0.00673406
0.00777949
-0.0154371
-2.16424e-7
5.35685e-7
-5.67297e-8
-2.46971e-6
-0.0171969
0.027885
0.0284203
-0.0632856
-6.14978e-6
2.08007e-6
-3.02818e-7
-2.65676e-7
-0.0402177
0.0802801
0.0453124
-0.0786084
-0.046673
0.0892089
5.29087e-5
-0.00016587
-5.21021e-5
5.18502e-5
1.37593e-5
2.71525e-5
0.0552717
-0.0807949
-0.0415709
0.0565546
0.0235979
-0.0298441
-0.0107725
0.0125639
0.00498235
-0.00540968
-0.00245696
0.0034452
1.60092e-8
-3.2871e-9
2.35777e-9
8.27831e-9
3.1101e-10
-1.30059e-9
-7.50786e-8
9.96432e-8
2.33867e-8
-2.28203e-8
1.98139e-8
-2.40779e-8
-2.01562e-8
4.48403e-9
-6.57698e-10
-1.57108e-8
9.59886e-9
4.10399e-7
4.45283e-7
-4.84508e-7
6.22824e-8
2.35742e-7
-9.76546e-7
7.50238e-8
-9.72159e-8
1.49619e-7
1.43635e-8
-1.08342e-8
1.29608e-9
4.54409e-8
-2.02405e-8
4.54945e-10
5.80238e-7
5.1317e-7
1.91203e-6
-2.20856e-6
3.59609e-6
4.58041e-8
-2.52936e-7
-4.02703e-9
5.10528e-9
-2.87893e-9
5.35712e-7
4.18808e-7
-3.16584e-6
3.64207e-6
3.13185e-8
-6.94144e-8
-5.55239e-8
-4.7467e-8
4.21341e-9
-2.33609e-6
2.06045e-6
-4.93772e-7
6.19771e-8
1.2166e-7
3.02792e-8
-2.09534e-7
-2.51115e-7
1.59965e-7
-8.80229e-8
-1.19052e-6
6.71466e-7
9.63274e-7
3.61665e-8
1.28931e-7
3.96433e-7
-9.40403e-8
-1.98715e-6
1.83206e-6
-2.17722e-6
3.85712e-6
1.21968e-6
-1.70646e-8
1.06681e-7
8.50294e-8
-5.69064e-6
3.20976e-6
-1.81468e-6
7.29513e-8
-2.62156e-7
-2.17267e-7
7.27629e-6
-3.81761e-6
2.06197e-6
-2.78106e-7
6.41525e-7
7.14349e-7
-9.53801e-6
4.08677e-6
-2.06146e-6
9.51841e-7
-1.28522e-6
-2.96616e-6
3.37899e-6
-1.88354e-6
1.3767e-6
8.69736e-6
3.22904e-6
-2.64366e-6
1.08347e-6
-1.29621e-5
2.90923e-8
-1.16694e-5
-2.47075e-5
6.11338e-5
7.25674e-5
-0.000188501
-0.000113981
-3.71778e-6
3.00253e-6
-7.19661e-7
5.36397e-6
6.3056e-6
-5.61575e-7
0.000293362
0.000494186
-0.000602445
-0.00124724
0.00199104
9.05225e-6
-1.53948e-6
-6.93911e-7
-1.96989e-5
0.00250549
-0.00362168
-0.00492574
0.00905104
1.65326e-6
8.00232e-6
-1.06312e-6
-4.13364e-5
0.00746355
-0.0144356
0.0127483
-0.00976392
0.0159985
0.014979
-0.0276511
-0.000100797
1.96277e-5
7.74302e-6
5.0747e-5
-2.96469e-5
3.04608e-6
-6.20764e-6
-0.0173251
0.028784
-0.0315736
0.01332
-0.0199049
0.0265676
-0.00853099
0.0120448
-0.016379
0.0066595
-0.00629728
0.00771733
-0.00201347
0.00206877
-0.00304805
0.000612482
-0.000429258
0.000972048
-3.05274e-7
-1.34402e-7
3.77369e-7
-6.86677e-7
2.34209e-7
-6.55932e-8
-4.57656e-6
3.257e-6
2.68581e-7
3.51752e-6
-3.88338e-6
-8.59449e-7
1.90814e-6
-5.62818e-7
1.29876e-6
2.01635e-7
1.36663e-8
-1.05968e-5
-2.04435e-6
-1.2821e-5
1.56471e-5
5.56294e-6
9.26659e-6
-9.43964e-6
8.89384e-6
-3.47564e-6
-2.5103e-6
2.36753e-6
-3.24311e-6
-4.75152e-7
3.23983e-7
4.73233e-8
-4.8492e-6
-9.24207e-6
-8.71713e-6
1.6807e-5
-2.49397e-5
2.81084e-5
-2.89739e-5
6.98659e-6
-1.58273e-5
2.78808e-6
-1.16372e-6
1.18376e-7
-1.44074e-6
4.35508e-8
-1.57306e-5
-1.58862e-6
4.17599e-6
3.40035e-5
-3.20341e-5
-2.2967e-6
1.21602e-5
4.582e-6
6.69555e-6
-1.57239e-6
-1.54779e-6
-5.75781e-6
3.41347e-5
-3.262e-5
2.86861e-6
-1.38193e-5
2.06345e-5
-9.32659e-6
2.10514e-5
1.00977e-5
-5.40847e-6
1.28596e-5
1.6524e-7
2.10706e-8
2.35096e-5
-1.70586e-5
-1.82438e-5
9.76118e-6
6.92642e-7
-3.02485e-5
3.12908e-5
-1.32072e-6
3.06795e-5
-4.06642e-5
2.51179e-5
-3.2637e-5
-1.23882e-5
-2.02531e-6
-1.75128e-5
6.54123e-6
3.36755e-5
-3.15632e-5
2.20271e-5
-5.37046e-7
-7.11004e-6
-3.34692e-7
-6.45741e-6
6.75459e-6
6.67688e-5
-7.53362e-6
-1.71974e-6
-0.000101675
8.79699e-5
2.41231e-5
4.71361e-5
7.97973e-6
-3.6198e-5
-4.24919e-5
-5.16424e-5
5.28147e-5
-2.43453e-5
-8.77901e-5
-6.04949e-5
-7.2503e-5
3.39514e-5
7.38009e-5
-0.000275749
0.000137642
-0.000365918
0.000360321
-0.000468534
-9.35814e-5
-5.0514e-5
0.000157879
-0.000133623
0.000152295
4.38602e-5
0.000452893
-0.000813182
0.000817104
-0.00195117
0.00109462
-0.00198555
-0.000141209
-9.01433e-5
0.000205369
-9.08169e-5
0.000262889
4.52009e-5
0.00308276
-0.0017166
0.0025846
-0.00259142
0.00211266
-0.00266549
0.00568711
-0.00280772
0.00483804
0.000464676
5.56266e-5
-0.000282132
0.000246941
-0.000740656
0.00047946
-0.000137231
0.000206936
-0.000103204
-0.0068548
0.00409611
-0.00458976
0.00661965
-0.00319563
0.00416244
-0.00636506
-1.32322e-5
1.38778e-5
2.57374e-5
-2.5425e-5
3.65386e-5
-4.01699e-5
4.4039e-5
-2.55483e-5
2.58829e-5
-4.04114e-5
6.14602e-5
-8.47019e-5
9.91217e-5
-0.000100946
7.08196e-5
-3.73467e-5
3.62966e-5
-5.11082e-5
8.76249e-5
-0.000134071
0.000174413
-0.000191183
0.000173565
-0.000131357
7.35334e-5
-3.84977e-5
-4.97755e-5
0.000101723
-0.000175745
0.000253461
-0.000303399
0.000301732
-0.000251128
0.000173768
-0.000102804
5.59441e-5
-4.34771e-5
0.000100385
-0.00019025
0.000310995
-0.000413511
0.000449342
-0.000404302
0.000307386
-0.000202666
0.000124513
-6.09979e-5
6.57081e-5
-0.000146273
0.000310444
-0.000485412
0.000588557
-0.000580128
0.000471673
-0.000331317
0.000206196
-0.000132841
6.13612e-5
0.000241352
-0.000475006
0.000669266
-0.000752023
0.00068144
-0.000501943
0.000337411
-0.000201467
0.000209666
-0.000209868
0.000526781
-0.000854946
0.000896733
-0.000799745
0.00052374
-0.000381141
0.0001599
-0.000169654
0.000959876
-0.00114762
0.00109436
-0.000572265
0.000639951
-0.000241703
-0.0015625
0.000795045
