-1.46049e-13
9.47594e-13
-1.78212e-12
4.9769e-13
-1.12906e-12
1.8736e-12
-2.96397e-12
3.07715e-12
7.72256e-13
-1.84347e-12
-2.07087e-13
2.73798e-12
8.99753e-13
-4.50504e-14
-1.99958e-12
-7.53203e-13
9.72802e-13
-5.10973e-13
1.72698e-12
-5.51713e-13
-1.46348e-12
-2.47755e-12
6.10681e-13
-2.91922e-13
5.12495e-13
2.43727e-12
-1.64601e-12
1.52974e-12
4.56134e-14
-1.32863e-12
-5.78347e-14
5.36912e-13
1.02777e-12
-9.18951e-13
-2.05648e-13
-4.56086e-13
4.59995e-13
1.10143e-13
-1.36451e-13
-6.70515e-13
1.95233e-12
-6.76496e-13
-1.53036e-12
1.17961e-12
1.33398e-12
-2.20649e-12
2.61324e-12
-2.87443e-12
2.72817e-12
-2.25207e-12
1.50547e-13
1.30382e-12
-5.82207e-14
-5.1128e-13
8.1801e-14
3.92283e-14
-1.61929e-14
-6.44351e-13
2.02565e-12
-5.95018e-13
6.42132e-13
-2.95317e-12
1.22101e-12
2.82738e-12
-2.3755e-12
3.08003e-12
-3.87649e-12
4.28398e-12
-4.01581e-12
3.101e-12
-1.96251e-12
2.08622e-13
8.81833e-13
-9.15881e-14
-3.52528e-13
6.22845e-15
1.47429e-13
-3.22175e-15
1.80312e-14
1.03336e-12
-2.02217e-12
2.90976e-12
-4.04707e-12
5.01312e-12
-5.29423e-12
4.66307e-12
-3.38541e-12
1.97032e-12
-9.0119e-13
3.0957e-13
-6.8787e-14
8.61029e-13
-1.18547e-12
1.85049e-13
-8.56039e-13
1.54725e-12
-4.83225e-13
-1.26302e-12
2.29041e-12
-3.40771e-12
4.65668e-12
-5.48414e-12
5.41065e-12
-4.42789e-12
2.98666e-12
-1.66555e-12
7.91458e-13
-1.20596e-13
-2.85354e-13
5.00836e-14
1.91835e-13
1.39982e-14
-5.19643e-14
5.7425e-16
-1.61627e-14
8.23299e-13
-1.00606e-12
1.30582e-12
-2.13055e-12
3.37248e-12
-4.52086e-12
4.98199e-12
-4.56034e-12
3.46002e-12
-2.18452e-12
1.16012e-12
-5.44833e-13
2.16949e-13
-1.32953e-13
5.47495e-14
-2.14199e-15
-4.69264e-13
-9.91731e-13
1.69492e-12
-2.89478e-12
3.6042e-12
-3.72037e-12
3.15781e-12
-2.24098e-12
1.34906e-12
-7.21839e-13
5.2658e-13
-4.43895e-13
7.10134e-14
-6.70249e-16
-4.65743e-15
5.95863e-13
-2.83212e-13
-4.09498e-13
5.88716e-13
-9.8944e-13
1.712e-12
-2.34282e-12
2.21824e-12
-1.80334e-12
1.21754e-12
-7.4029e-13
3.49428e-13
-3.04846e-13
3.10571e-13
-1.32453e-13
5.17533e-14
-4.20546e-14
1.39143e-13
3.90866e-13
-7.39219e-13
1.07524e-12
-1.03431e-12
8.75172e-13
-5.81271e-13
5.50632e-13
-3.09113e-13
3.42286e-13
-7.97906e-14
-1.78394e-14
9.42974e-15
-8.92204e-14
1.22273e-14
-1.93956e-14
3.11001e-13
-4.59816e-13
3.66443e-13
-3.21048e-13
2.34562e-13
-4.6637e-13
3.24741e-13
-1.94621e-14
-7.93513e-14
4.63475e-14
-1.73932e-14
2.72624e-14
2.1866e-16
-1.21948e-13
1.98544e-13
-1.40408e-13
2.1764e-13
-1.48466e-13
-2.97733e-16
7.38016e-14
-1.3889e-13
4.63038e-14
1.08944e-14
2.6675e-14
-5.0734e-15
-9.2529e-14
6.21056e-14
-6.00239e-14
6.15426e-14
-4.38236e-14
-5.96773e-15
5.44557e-14
-2.04509e-14
-1.00589e-16
-1.84042e-15
8.20523e-14
-2.88052e-13
2.67901e-13
-2.13013e-13
1.09136e-12
-1.24889e-12
2.16867e-12
-8.56282e-13
-3.3505e-12
3.30955e-12
-1.72714e-13
-4.44432e-12
3.71903e-12
-5.2817e-12
7.43056e-12
-4.80745e-12
6.93823e-12
-9.22232e-12
5.1274e-12
-7.85548e-12
8.22525e-12
-3.86772e-12
5.85085e-12
-6.53276e-12
-2.48575e-12
2.26374e-12
2.75333e-12
1.80242e-12
-1.04882e-12
-8.11815e-15
-1.44121e-13
4.14891e-14
2.9795e-13
2.50367e-13
-2.99552e-14
-2.03914e-14
9.77948e-15
-4.99396e-13
-1.25635e-12
7.25436e-13
-9.22181e-13
7.84116e-13
2.46913e-13
-3.60988e-13
-1.84764e-13
-1.15792e-13
4.30712e-14
6.087e-14
-2.84974e-13
6.25156e-14
2.98406e-13
-4.2782e-15
-8.79688e-13
1.57279e-13
1.00008e-14
-7.03838e-14
3.38201e-15
-3.62113e-15
-4.58575e-15
3.99222e-14
-1.51879e-13
-5.14685e-15
-1.48349e-14
2.64706e-13
-4.83564e-15
-5.12432e-13
3.33461e-14
-7.39314e-15
-1.90018e-14
3.51086e-15
9.95127e-15
5.01485e-16
-5.94764e-16
-2.80383e-13
6.46545e-13
-3.3913e-15
-3.7183e-15
-5.12707e-14
1.12195e-13
2.20543e-14
1.04814e-13
-1.80746e-13
-1.02076e-14
-2.21163e-14
3.39894e-16
9.17983e-16
-9.2085e-16
4.59389e-16
-2.95886e-16
-2.05074e-16
-2.09109e-16
-2.84067e-13
6.25079e-13
-8.63506e-13
5.4048e-15
-1.37395e-15
2.67548e-16
2.29006e-13
-3.68171e-13
7.01032e-13
-7.47437e-16
3.35998e-16
2.70873e-16
-1.87796e-13
3.01046e-13
-5.21476e-13
9.5607e-16
-4.3813e-16
-6.57651e-17
1.3654e-13
-1.79615e-13
3.03836e-13
1.66159e-15
-3.6503e-16
1.87672e-16
-7.47111e-14
6.93031e-14
-5.64055e-14
2.08128e-13
-1.3256e-14
2.05777e-15
-8.86518e-16
1.75864e-16
2.61082e-14
5.76607e-15
-4.98906e-14
-7.89253e-16
1.56622e-15
1.5486e-15
6.12766e-16
-1.03715e-14
2.31448e-15
3.73166e-15
2.17281e-15
2.19108e-15
2.20474e-15
2.8274e-15
-2.37012e-16
-3.23193e-16
5.37808e-16
-1.45097e-15
-2.15389e-15
-1.21242e-15
-2.91518e-17
-5.97378e-15
2.75799e-15
-2.71709e-15
6.45129e-16
-2.78113e-16
3.66376e-17
1.0231e-15
-8.43345e-17
4.85466e-17
2.32798e-15
-3.64258e-15
-8.2047e-15
1.91305e-14
-1.39925e-14
-1.15489e-15
-1.28245e-16
-3.30639e-16
7.14229e-16
1.02762e-17
-2.06822e-16
-2.66743e-16
1.35104e-16
-8.3846e-16
2.68364e-15
1.10276e-15
-1.6278e-15
6.92269e-15
-7.95999e-16
8.81289e-16
2.09733e-15
2.03604e-15
1.75423e-15
1.68558e-15
-3.87409e-16
-3.63412e-17
8.32829e-17
1.98203e-16
-2.52135e-16
-5.1673e-16
3.87683e-18
-8.36619e-17
-1.86005e-15
3.91628e-16
-4.87831e-16
-4.8632e-16
-9.03751e-16
-1.59616e-15
6.49138e-16
5.78663e-16
-4.0555e-17
-2.29678e-17
2.52281e-16
4.14945e-16
-1.01191e-16
2.36525e-16
1.88582e-16
7.37924e-14
2.50598e-12
-4.46948e-12
-4.04899e-12
5.28726e-12
-7.30988e-12
8.73221e-12
6.95534e-12
-1.00375e-11
1.34563e-11
-1.10516e-11
1.54291e-11
-1.94469e-11
1.35487e-11
-1.78075e-11
2.03001e-11
-1.24431e-11
1.54041e-11
-1.49081e-11
7.74765e-12
-9.99948e-12
7.70413e-12
4.12023e-12
-2.01994e-12
-2.42894e-12
5.12469e-15
-1.75969e-14
-3.54415e-14
9.36508e-14
-5.67196e-15
7.56503e-14
1.9807e-13
-2.67066e-13
-9.96072e-13
1.14154e-12
6.22834e-13
-1.34924e-13
-6.84443e-13
-4.14707e-14
4.33301e-13
2.39407e-16
-8.69632e-15
5.80018e-15
-1.43193e-14
6.55568e-14
-2.28557e-13
-4.32671e-14
8.90676e-14
3.02279e-15
-1.86839e-14
3.27387e-15
-9.56639e-16
1.79605e-14
-9.90571e-15
-5.66833e-15
-1.29176e-14
1.52055e-15
-6.57696e-15
1.13744e-15
-2.72968e-15
-4.93303e-16
8.10768e-16
1.62064e-14
-6.43156e-16
-1.17529e-14
1.57203e-15
-2.28725e-16
-9.21179e-17
-5.82958e-15
6.45728e-15
-2.48516e-16
4.47024e-17
3.36474e-16
1.1507e-14
-4.27932e-16
1.64763e-15
-7.71785e-15
2.65546e-14
1.98562e-17
1.60694e-14
-2.42266e-14
-2.44283e-16
-2.26455e-14
4.63431e-14
1.28939e-15
-6.22769e-14
1.58051e-16
-1.28541e-16
-2.92225e-17
-7.17748e-17
-3.41123e-17
2.18539e-16
3.2453e-16
3.69824e-14
-6.90553e-14
1.28873e-13
-6.59426e-17
-9.38926e-17
4.12256e-16
-4.27323e-14
7.33014e-14
-1.2772e-13
-1.54608e-17
-6.53943e-17
1.81724e-16
4.06891e-14
-6.76741e-14
1.1256e-13
4.90307e-17
-1.10398e-16
2.21632e-16
-3.03427e-14
4.7846e-14
-8.03343e-14
1.55401e-18
-1.24577e-16
7.3023e-16
1.80109e-14
-2.05719e-14
3.80696e-14
1.02895e-17
-1.06399e-16
3.90725e-16
-1.00328e-14
-1.09094e-14
-1.69652e-17
1.09998e-16
1.70213e-16
6.23622e-15
-2.85074e-15
-3.80323e-15
3.74138e-15
-2.51853e-15
-2.80037e-16
3.59495e-16
-3.25341e-16
-4.51902e-16
8.68544e-16
7.28882e-16
-4.72527e-18
-8.45837e-17
-6.17894e-16
-2.92705e-16
1.27596e-17
2.01629e-18
-1.7182e-16
-1.54848e-17
1.39786e-17
2.68602e-16
-2.76411e-16
4.96428e-17
-1.2226e-16
-2.74176e-17
1.86235e-17
2.75538e-18
4.94915e-17
1.8023e-16
-8.12554e-17
-1.05104e-17
-9.30836e-17
4.16552e-18
-1.14536e-16
2.4493e-16
-2.80452e-16
2.34715e-18
-6.47672e-17
-2.11515e-19
-1.1887e-17
-3.79694e-17
-6.982e-18
7.50249e-17
-1.26364e-16
2.60743e-17
-8.57429e-18
-1.34855e-16
-7.10168e-17
3.34017e-17
-9.01069e-17
1.9487e-17
1.73413e-17
-3.90305e-17
7.60405e-17
2.29646e-17
-1.81317e-17
2.52374e-19
-8.942e-19
9.93801e-17
-2.83575e-17
4.3802e-17
5.8628e-17
-1.56289e-17
2.74869e-17
3.93763e-17
-2.71684e-17
-1.59691e-17
7.22553e-17
2.19138e-17
6.59336e-17
-1.22895e-17
-5.44829e-17
-4.26174e-17
4.17639e-17
-4.33273e-18
1.50833e-17
-8.91812e-13
-3.0989e-13
4.41027e-12
-1.38078e-11
1.66012e-11
-1.33182e-11
7.49247e-12
-1.34711e-11
-1.81885e-11
2.92784e-11
2.21326e-11
-2.46747e-11
-1.9884e-11
1.44511e-11
9.89928e-12
-6.89859e-14
-1.06504e-12
-8.04605e-12
-3.59457e-12
1.1625e-11
3.60775e-12
-6.81374e-12
-2.8377e-12
3.91702e-12
3.95472e-14
6.75516e-14
-2.1089e-13
3.19516e-13
-2.37201e-13
3.54902e-13
1.71732e-12
-1.9541e-12
-7.80963e-13
4.45683e-13
2.98942e-13
7.58973e-14
5.83985e-16
2.31039e-15
-4.24241e-15
-3.29878e-16
1.97236e-14
-8.92421e-13
-1.85616e-13
1.2339e-12
9.23737e-17
-7.64927e-16
2.69731e-16
-8.66725e-16
1.62843e-13
-8.23936e-13
-1.23325e-13
5.6224e-13
4.454e-17
-3.30384e-16
9.07881e-17
-7.24909e-17
7.38354e-14
-2.68714e-13
-4.60324e-14
1.1999e-13
-2.48347e-16
2.3577e-16
4.79692e-17
4.52005e-16
-1.35807e-15
-1.11617e-17
1.43765e-14
4.96149e-14
2.96417e-15
-1.65369e-14
-4.13078e-14
-2.72883e-15
-2.15355e-15
-1.40077e-15
2.77404e-16
1.27502e-14
-1.38953e-14
-1.81298e-16
1.14262e-16
1.63178e-14
-8.9843e-16
2.03227e-15
-5.94673e-15
-6.0765e-15
1.42126e-14
-1.15957e-15
3.44208e-15
8.88584e-15
-1.9617e-14
-1.43173e-15
4.57851e-15
-1.1564e-14
2.39717e-14
-6.82229e-17
3.65971e-15
1.137e-14
-2.31341e-14
-1.68714e-15
-1.27442e-15
-5.52116e-15
1.65858e-14
-2.72361e-15
1.82286e-14
3.04584e-15
-1.00026e-14
9.12816e-17
2.76465e-15
-1.60042e-15
5.16359e-15
-1.40393e-15
-5.6486e-16
7.47553e-16
1.60402e-15
2.67706e-15
1.25926e-15
6.68806e-15
-2.76794e-16
-2.29013e-16
-1.07047e-16
-3.82149e-16
3.1978e-15
-1.82338e-14
-1.21585e-14
1.77268e-16
1.11108e-16
1.90676e-15
-2.01756e-15
2.68179e-14
-1.8462e-16
1.35676e-16
1.31155e-16
1.18429e-16
1.59864e-16
-7.27035e-16
-1.35254e-14
1.799e-15
-3.40128e-17
4.81303e-17
-2.29925e-17
4.66706e-17
-3.52647e-17
2.37254e-17
1.76639e-16
-3.10268e-16
1.49817e-17
7.9964e-17
-2.3039e-17
6.93931e-18
-2.12299e-17
2.25496e-17
1.67296e-16
-4.23592e-17
-3.69325e-17
4.47958e-17
5.11751e-17
-8.51156e-17
-6.88553e-17
4.76322e-17
-4.91127e-18
3.32126e-17
5.34314e-17
5.07071e-18
-6.70422e-17
4.08661e-17
7.76621e-17
-3.96534e-17
-5.439e-17
3.39879e-17
4.82036e-17
1.08362e-17
-1.27121e-17
2.39317e-17
1.79162e-17
-6.01141e-17
-2.27217e-17
6.17149e-18
1.79629e-17
1.24283e-17
5.96147e-17
4.15257e-17
-1.28027e-17
-3.77657e-17
3.39275e-17
9.8702e-18
-1.77239e-17
5.9517e-17
-2.14292e-12
3.67616e-11
-4.1092e-11
-4.49229e-11
2.70136e-11
-1.73719e-11
4.633e-11
2.39969e-11
-9.94567e-12
-1.13988e-11
-5.87958e-12
-6.01508e-12
3.38667e-11
-1.71838e-12
1.74494e-11
-2.2192e-11
-8.11246e-12
-1.84048e-11
-1.83857e-11
2.34886e-11
1.49129e-11
9.55418e-13
1.43199e-12
-5.66261e-12
1.65229e-11
-1.89433e-11
1.10663e-11
-1.02673e-11
2.03795e-11
-1.30952e-11
1.67444e-11
6.3238e-12
-7.10349e-12
-2.74117e-12
3.23356e-13
-2.15125e-13
-9.78546e-13
6.09596e-13
-2.35934e-15
-5.42583e-14
2.30167e-14
-4.12172e-13
5.62753e-13
1.85257e-13
4.26343e-12
-6.43787e-13
-6.79222e-13
-1.69024e-11
-8.08688e-12
2.38948e-11
4.3921e-12
4.24339e-15
1.41148e-16
-6.81972e-16
3.70088e-14
-5.21229e-12
1.73127e-11
2.85292e-12
-7.00677e-12
-3.24035e-17
1.19237e-16
-1.92782e-16
-2.10377e-15
-1.97066e-12
6.77119e-12
6.0668e-13
-1.91641e-12
-3.40431e-17
-3.9354e-17
6.37555e-17
-1.95799e-16
-8.7902e-14
2.29241e-12
-6.38215e-13
-1.23015e-12
7.78186e-17
-6.24661e-17
-4.14819e-17
-1.5516e-16
3.12129e-16
2.12528e-17
-7.97692e-14
1.107e-12
2.67209e-12
-3.38255e-12
1.30573e-13
-3.16822e-13
-9.47991e-14
5.26314e-16
-3.98338e-16
1.40306e-16
-3.60873e-15
5.02613e-15
-3.41261e-17
1.41958e-16
5.86814e-14
4.2704e-13
-8.15082e-14
2.81371e-15
-4.50285e-15
4.17762e-15
-9.77794e-15
-5.38566e-15
6.19224e-16
1.78571e-15
1.65978e-14
7.12115e-16
-2.79289e-16
-3.13419e-16
5.86691e-15
-1.37826e-15
-2.90563e-15
-2.81655e-15
-1.442e-14
3.72267e-14
-9.38411e-15
-8.09763e-14
-4.24025e-15
4.9856e-14
2.98796e-14
-8.68117e-14
-1.27994e-14
4.78481e-15
3.38534e-15
-1.0431e-14
2.6453e-14
-9.67149e-14
2.05922e-14
-1.10338e-14
-2.90578e-15
5.1259e-15
1.12318e-14
-7.10002e-14
-4.21084e-14
1.84992e-14
-7.00113e-15
-4.88246e-14
1.17649e-13
-1.65181e-13
1.09062e-14
2.28343e-15
-2.13002e-14
-7.57798e-14
-3.79447e-15
-1.53125e-15
1.05734e-15
-7.45553e-16
1.12655e-14
-1.93339e-14
8.43939e-14
-1.25263e-13
4.27249e-13
-4.37172e-16
3.22551e-16
-1.87803e-14
1.07224e-14
2.31327e-16
2.42881e-16
7.8232e-14
2.46903e-14
-1.01409e-16
-9.16999e-17
3.57139e-17
-1.79418e-16
-8.6461e-14
1.34428e-13
-1.55734e-13
2.06873e-13
-6.71557e-15
-4.72195e-17
-9.05477e-17
2.26409e-14
1.58679e-14
1.47351e-17
4.47221e-17
1.50023e-18
-6.29361e-17
4.07274e-15
-1.00247e-14
-7.78154e-14
6.10781e-14
1.24515e-13
4.45522e-14
-7.40392e-18
9.15428e-17
1.56751e-17
-6.92671e-17
4.51113e-16
-1.2972e-15
-1.70404e-14
3.46995e-15
-7.14676e-18
9.1345e-17
7.107e-18
2.71221e-17
1.92023e-17
-1.13596e-16
-1.07233e-15
-1.34599e-17
-5.17214e-17
1.35991e-16
3.36353e-17
6.2143e-17
-5.77609e-17
5.27501e-18
2.39282e-18
4.63451e-17
8.01687e-18
1.99028e-17
-2.38945e-17
-4.84951e-17
4.22569e-17
-4.24972e-18
-2.24748e-17
-3.39693e-18
8.68135e-17
3.48341e-17
-1.94744e-17
1.62627e-17
5.11584e-17
-7.05475e-18
-4.8409e-18
3.37613e-17
-9.30994e-18
2.49738e-17
-8.43149e-17
5.38189e-17
-2.04748e-17
3.45771e-17
3.38795e-17
2.12196e-17
1.17544e-17
-8.94422e-17
-2.05225e-17
-5.87883e-18
-1.54043e-16
9.63713e-19
-1.85327e-17
-1.82099e-17
-3.85686e-17
3.26116e-18
-1.46024e-17
1.27056e-16
1.02408e-16
3.8145e-17
2.52861e-16
4.78575e-16
5.68425e-17
-2.68609e-11
-4.08506e-11
2.67612e-12
1.68825e-11
4.90375e-11
3.21549e-11
-6.95371e-11
-4.01944e-11
8.24561e-11
4.57076e-11
-7.2553e-11
-1.68317e-11
-2.46345e-11
1.60994e-11
-9.30825e-14
-3.08011e-11
4.69433e-11
-5.9737e-11
5.61114e-11
-2.58305e-11
6.55163e-11
-1.40998e-11
1.10495e-11
4.24587e-12
-2.80233e-12
-4.54101e-13
-6.12363e-13
7.32748e-14
-4.0303e-13
1.76744e-12
-2.57673e-12
1.00001e-11
-2.60413e-12
7.96021e-12
4.38288e-13
-2.56404e-11
-1.21513e-11
2.85748e-11
1.27365e-14
-2.38771e-14
-2.29658e-14
1.30008e-13
-1.4135e-13
-2.65913e-14
-6.8644e-11
2.00141e-11
1.67478e-12
8.6129e-11
7.4651e-11
-2.43771e-10
-3.58406e-11
3.43419e-16
2.52394e-16
-2.59306e-17
-9.63226e-15
-1.95003e-13
4.06936e-11
1.16111e-13
-1.17138e-10
-1.17448e-11
-4.41827e-17
-4.82902e-17
2.49688e-16
-5.32772e-17
-1.66305e-15
-7.28232e-13
1.49544e-11
-7.38299e-12
-3.63206e-11
-4.82643e-12
1.11936e-16
-6.24605e-17
-6.36351e-17
8.16791e-17
1.90721e-17
-4.23227e-13
3.38383e-12
8.73967e-12
-9.9215e-12
-8.87459e-13
1.03081e-15
-8.14753e-16
8.92984e-16
-4.39388e-15
2.95115e-15
-9.87709e-16
-6.16526e-14
1.98304e-13
1.89846e-13
-1.493e-13
4.53105e-15
7.53476e-14
3.7286e-15
-4.272e-14
-4.71596e-15
1.0979e-15
2.99871e-15
1.82114e-14
-1.29427e-14
-8.65818e-15
2.63524e-13
-4.81288e-13
7.93829e-14
2.07237e-13
3.02215e-13
-8.51528e-13
-2.60403e-14
2.11752e-14
2.73262e-13
-9.74583e-13
3.33471e-14
-3.59988e-14
1.95066e-13
-6.81878e-13
-5.5857e-14
5.30692e-14
1.72285e-13
-8.16382e-13
3.75253e-15
1.17472e-15
-2.73974e-15
-4.73137e-16
4.61789e-16
2.7343e-14
-2.62489e-14
1.91837e-13
-7.40709e-13
-2.61117e-12
3.96216e-18
-3.41723e-17
-2.71304e-14
4.64993e-14
-3.23517e-17
6.58993e-17
-5.99534e-17
-5.86225e-17
2.31276e-17
-2.14831e-13
2.45296e-13
-2.83007e-13
3.51045e-13
3.56419e-13
1.03993e-17
-2.10945e-17
-2.67137e-17
9.37519e-18
-5.29465e-17
-1.27828e-13
1.73136e-13
-2.02755e-13
2.4367e-13
3.19532e-14
-4.79653e-17
-1.09486e-16
3.63979e-16
2.02353e-14
-1.69011e-17
1.85628e-17
-1.88385e-17
-1.3352e-16
7.79612e-16
-1.09928e-15
1.76019e-15
-1.73771e-14
4.40796e-14
-1.08436e-17
3.40092e-17
-5.25702e-18
-1.00628e-16
2.72369e-16
-1.12498e-15
1.75988e-15
-1.81497e-16
4.98942e-17
-1.55667e-17
6.41533e-17
-1.20155e-17
3.03012e-17
-9.77134e-17
3.45911e-16
-7.84802e-16
3.49383e-16
2.78397e-15
1.32075e-17
2.03079e-17
-5.70533e-18
2.57164e-17
-2.11221e-17
5.45083e-18
1.06441e-16
1.35948e-16
9.98656e-17
5.13538e-17
2.62738e-16
-5.2884e-16
-7.20235e-17
1.19869e-18
7.0895e-18
7.0816e-17
-1.52994e-16
-3.59108e-16
-5.12205e-17
-3.86609e-16
-1.85797e-15
-4.11824e-16
-4.40362e-16
-1.32185e-17
-5.2779e-16
-4.34088e-16
4.15354e-16
6.94727e-16
7.58417e-16
-1.62458e-16
2.4988e-15
6.4052e-15
2.77025e-15
-6.71923e-11
-2.33357e-11
3.96735e-11
-3.97362e-11
6.1071e-11
1.01082e-10
-9.55056e-11
-1.50596e-10
9.9814e-11
1.14715e-10
-4.10859e-11
-6.88935e-12
-1.63572e-11
-1.1203e-10
1.23497e-10
-1.76983e-10
1.80051e-10
-8.58965e-11
1.43573e-10
-8.73871e-12
9.49505e-12
1.73364e-12
-1.21684e-12
2.19405e-13
-2.78135e-13
-1.48941e-13
-6.95692e-13
1.23455e-11
-1.17618e-11
4.97023e-11
-1.40163e-11
3.58901e-12
-8.81192e-13
-1.44182e-12
-6.69297e-13
7.3682e-13
1.07417e-13
-6.49106e-13
8.89004e-13
-2.41142e-12
8.07877e-13
-8.1102e-11
-1.14472e-11
6.42345e-11
1.09494e-10
-2.76999e-10
1.85637e-14
-7.20399e-14
1.24574e-13
2.66053e-10
2.23971e-10
-7.20732e-10
4.3886e-15
-1.97851e-14
4.5504e-14
1.18284e-10
-1.15264e-11
-3.17908e-10
6.67787e-16
-8.20917e-17
-5.58745e-15
-7.04378e-17
1.41215e-14
-6.93996e-12
4.47555e-11
-1.6019e-11
-8.22072e-11
-1.17753e-11
-2.20098e-16
-4.38288e-18
3.56833e-16
1.34087e-15
-1.12891e-15
6.09308e-13
7.4586e-13
3.55199e-11
5.71218e-12
-2.42409e-13
5.8183e-15
-3.631e-15
2.74975e-15
-1.42175e-14
8.3257e-15
-3.41762e-15
-6.49869e-13
1.97609e-12
3.95953e-13
-4.0082e-12
4.03382e-14
6.07929e-13
1.12748e-14
-7.56261e-13
-4.65008e-15
2.84862e-16
8.88769e-15
-9.77743e-15
1.78013e-14
-5.6629e-15
-1.80623e-14
-2.1152e-14
2.35425e-12
-2.0146e-12
3.20067e-12
-1.17304e-11
-2.82533e-14
1.5264e-14
3.07674e-14
2.62175e-12
-7.17981e-12
4.45482e-14
-2.07487e-14
-4.06467e-14
1.62466e-12
-9.10297e-12
-4.55714e-14
1.19281e-14
5.69447e-14
3.96186e-12
-1.05973e-11
5.4449e-15
2.03276e-15
-3.68133e-15
-4.56693e-16
4.91519e-16
2.04426e-13
-2.20263e-13
5.88131e-12
-7.33278e-17
-2.02357e-17
-3.11476e-13
2.62228e-13
3.88374e-17
2.21671e-17
-9.19648e-18
6.06296e-18
3.0321e-17
-3.14949e-13
3.00262e-13
-6.116e-13
7.47233e-13
-1.41121e-12
5.62447e-18
4.0867e-17
-3.10637e-17
-4.76982e-17
3.31874e-18
-2.54941e-13
2.99376e-13
-3.56949e-13
4.56499e-13
6.05055e-13
2.16157e-18
2.64829e-18
-3.69406e-17
-6.09824e-17
1.103e-14
-4.6203e-14
9.36316e-14
1.38166e-17
8.40241e-20
-8.8794e-17
-6.19013e-15
5.84524e-15
-1.23822e-15
-2.3182e-17
7.42963e-17
-4.13397e-18
-3.25955e-17
5.96924e-15
-9.33835e-15
5.00398e-15
1.5323e-14
4.5348e-17
4.11014e-17
3.84513e-17
-6.03359e-18
2.07921e-17
-3.60578e-16
-3.40825e-16
1.36131e-15
-1.29434e-14
2.8522e-14
2.78604e-18
-1.33645e-18
2.18661e-17
1.00052e-16
2.68651e-17
-1.54611e-17
5.62224e-16
2.80475e-16
1.90021e-15
1.31275e-15
6.5965e-16
6.52995e-16
-1.00145e-16
-4.47267e-16
3.46849e-16
-4.19398e-16
-1.83936e-15
2.22407e-15
-2.17643e-15
-1.49964e-15
9.41647e-16
-1.05795e-14
-1.57516e-14
-1.16247e-15
-2.36719e-15
2.37462e-15
-8.29538e-15
7.65538e-15
4.0502e-15
3.94796e-15
2.08431e-14
-1.07584e-10
-1.58295e-10
1.11053e-10
1.67851e-10
-1.13719e-10
1.14899e-10
-1.21452e-10
6.7432e-11
1.12131e-11
-8.27914e-11
9.54012e-11
-7.19435e-11
2.76295e-11
3.04795e-11
-3.55667e-11
-1.56561e-11
6.57624e-12
1.23554e-12
2.96832e-13
1.57706e-13
3.56582e-12
1.98913e-11
-2.25655e-11
5.88026e-11
-3.73248e-11
3.43114e-13
-1.024e-13
-3.22716e-13
-4.2766e-14
6.54728e-14
-1.71672e-13
-1.41136e-12
1.07334e-12
-5.94864e-12
1.79094e-12
-1.5661e-12
1.0726e-12
-7.901e-11
-3.70619e-12
2.69467e-11
-3.63757e-14
-8.51914e-14
3.79736e-13
2.03783e-10
3.70454e-10
-8.51511e-10
-1.13916e-14
-3.1373e-14
1.11058e-13
7.96942e-10
6.57748e-10
-2.184e-9
-3.43998e-15
-9.9044e-15
3.44706e-14
2.86267e-10
-4.4415e-11
-7.59408e-10
-8.85744e-16
3.81235e-15
-2.99208e-15
8.79872e-16
1.06876e-14
-4.60336e-11
2.08752e-10
-1.45525e-11
-4.15159e-10
-8.24069e-11
-9.70915e-16
4.87819e-16
-8.65098e-17
3.68544e-15
-4.56331e-16
-8.4067e-13
-2.11834e-12
-8.21744e-12
6.7541e-12
6.23581e-12
2.0683e-14
-1.17674e-14
6.24418e-15
-1.32341e-14
-3.17926e-14
2.19441e-14
-5.36908e-15
-3.05081e-12
1.35925e-11
-2.26888e-12
9.00777e-12
-5.0452e-12
2.48422e-14
5.3698e-12
-8.07948e-12
-1.12049e-11
3.0107e-11
3.12129e-11
1.40412e-11
3.65463e-11
-1.1535e-16
-1.13105e-11
4.03273e-11
5.06197e-16
-4.35322e-17
1.1905e-12
7.56917e-12
-1.16706e-16
1.52608e-16
-3.69592e-13
1.14402e-17
-3.04454e-18
1.49792e-11
-1.79992e-11
-4.54816e-18
-1.07121e-16
-3.56388e-18
2.37802e-18
-3.50346e-13
-6.82353e-13
-9.59936e-13
2.50885e-18
-8.15599e-18
3.55692e-17
-1.20379e-17
1.08313e-18
-4.10811e-13
3.53096e-13
-8.55348e-13
1.0687e-12
-4.80063e-12
2.6491e-17
1.44164e-17
-3.36687e-17
-8.0685e-18
4.81177e-14
-2.18586e-13
4.99932e-13
-1.46374e-17
-1.52027e-17
-5.86445e-17
-2.54766e-14
1.15592e-14
5.10777e-14
-1.29535e-17
1.66904e-17
-3.03154e-17
-4.35789e-14
1.26694e-14
7.51614e-14
4.17983e-18
7.17611e-17
6.26066e-19
4.05541e-18
-4.4184e-16
2.08036e-14
-6.68754e-14
1.30209e-13
7.44696e-17
3.31381e-17
6.43517e-17
4.5253e-17
-4.71916e-17
-3.23251e-15
-1.36913e-15
-3.94382e-15
-2.41255e-15
-1.2053e-14
7.24976e-17
-4.1356e-16
6.37534e-16
-5.2575e-17
-1.6575e-15
1.85534e-15
-2.39597e-15
3.50081e-14
-4.48708e-15
1.72479e-14
2.48757e-14
1.80342e-14
-1.06221e-15
8.73079e-15
9.29265e-15
-6.90695e-15
3.66014e-15
2.6254e-15
-1.90816e-14
-1.72617e-14
-5.01837e-15
-2.53278e-14
-1.05142e-13
-2.44844e-14
-7.74559e-14
5.34457e-11
-6.58856e-11
-8.86815e-12
-3.91662e-11
-5.22052e-12
-5.49802e-11
9.25274e-11
1.04345e-10
-1.27636e-10
-1.07031e-10
1.22034e-10
7.39465e-11
-8.73683e-11
-3.90456e-11
4.6261e-11
3.28552e-11
-2.97718e-11
2.26301e-12
-1.27662e-12
-1.03013e-12
-4.15264e-13
1.73297e-11
3.79196e-11
-1.73e-11
-6.9399e-11
5.72827e-11
-3.06424e-11
-8.95633e-11
-2.64162e-13
2.1032e-13
6.85832e-14
-3.75722e-14
9.59463e-14
-6.94146e-13
-2.80111e-13
1.59982e-13
-2.39106e-13
-5.08628e-12
1.54898e-12
6.66765e-14
2.50542e-12
-5.19172e-12
-1.24202e-13
-2.36135e-14
2.17324e-13
-3.36256e-10
-2.85099e-13
1.74105e-10
-4.19139e-14
8.93057e-15
3.39052e-14
6.35515e-10
1.31468e-9
-2.2705e-9
-1.3227e-14
3.63369e-15
1.19421e-14
2.261e-9
1.73031e-9
-7.09478e-9
-3.90928e-15
1.20334e-15
3.59949e-15
1.46293e-9
6.31589e-10
-3.94756e-9
-4.76975e-16
2.61892e-15
3.2888e-16
-9.0796e-18
9.20538e-17
8.67254e-16
1.51452e-10
-5.74007e-10
-8.91255e-11
4.73052e-10
-4.39317e-15
1.51561e-15
-2.1436e-17
1.29808e-15
9.25925e-15
-5.35836e-17
-1.86629e-11
1.49863e-10
-2.78166e-11
8.65446e-11
-2.29849e-10
-2.90024e-11
-2.18603e-14
2.77919e-14
-2.1555e-14
1.8615e-14
2.22287e-14
-2.57399e-14
1.53643e-14
-2.60613e-11
4.96857e-11
6.67899e-11
-1.87734e-10
3.20775e-10
-1.60235e-14
1.38609e-14
-5.24951e-11
8.89823e-12
7.68699e-15
-2.58787e-15
-1.31595e-10
4.04344e-10
-1.41109e-15
-5.00626e-15
-4.08205e-11
3.26737e-10
-6.19706e-16
6.54841e-15
-7.19493e-11
-4.04113e-11
-4.71394e-16
-1.50659e-15
-1.73558e-10
6.41158e-10
6.73552e-16
-4.71508e-16
-7.46892e-11
4.37781e-10
6.61684e-17
-1.19588e-16
4.53813e-11
5.07098e-17
-1.66175e-16
1.53694e-10
-4.61255e-10
-9.67095e-17
1.59055e-16
-1.8747e-12
-5.78433e-11
-3.71325e-11
-8.68609e-17
1.11789e-16
2.52151e-11
-7.14109e-18
1.20802e-17
-6.67953e-12
-1.04826e-10
-5.92927e-17
5.53364e-17
-2.56442e-18
-1.63762e-17
-2.12499e-12
6.16667e-12
1.31604e-17
2.54161e-17
-1.78975e-12
1.11852e-11
8.32406e-19
-1.93601e-17
1.96134e-17
1.75626e-13
-8.44271e-18
-4.11819e-17
9.10444e-18
-1.1982e-13
-1.33011e-13
5.10674e-13
-4.0279e-19
2.43905e-17
-2.32744e-17
-1.74991e-13
1.20937e-13
5.41315e-13
-1.01053e-16
1.32883e-16
9.19119e-18
9.30702e-14
-2.88605e-13
4.00585e-13
-3.75477e-17
-3.19618e-17
-5.72917e-17
4.19905e-17
-2.38089e-16
1.73981e-14
-5.90306e-15
6.29719e-15
-5.19645e-14
5.24583e-17
4.92518e-16
1.07613e-15
-1.25751e-15
-3.9962e-15
2.70581e-15
-5.1215e-14
-8.34777e-14
-5.55365e-14
1.93114e-14
1.42136e-14
-2.95592e-15
-6.06382e-15
1.55441e-14
-3.54709e-14
-2.63854e-14
3.65716e-14
7.1337e-14
1.48209e-14
3.31224e-14
1.92207e-13
2.82164e-13
-8.89921e-15
-1.81053e-13
2.46747e-13
3.47127e-13
1.11216e-13
-1.43871e-13
7.5912e-14
-2.86062e-14
-2.23289e-13
-1.45799e-13
4.56977e-14
-4.13831e-13
-1.11852e-12
-9.27238e-14
5.55644e-11
-7.3344e-11
-1.1721e-10
1.46281e-10
1.51945e-10
-1.88297e-10
-1.44869e-10
1.89488e-10
1.13315e-10
-1.63592e-10
-7.02983e-11
7.90475e-11
3.52867e-11
-2.7818e-11
-8.77868e-13
6.29982e-12
-3.68606e-11
2.01115e-11
5.75379e-11
-2.74522e-11
1.67944e-11
2.40797e-11
1.56796e-12
-2.19848e-12
-1.74825e-13
-7.13794e-15
-8.48065e-14
4.82022e-14
6.61923e-12
-2.24574e-12
1.42098e-11
-5.76866e-12
7.6952e-14
-7.20318e-13
4.15433e-13
6.09089e-13
-8.33262e-14
-5.91082e-14
2.28696e-14
-4.10035e-13
8.70229e-14
-5.3008e-12
3.82284e-11
-2.28692e-10
-1.39171e-14
6.05031e-15
2.14107e-14
-1.94558e-9
4.10335e-10
4.78771e-10
-4.98099e-15
3.04607e-15
1.10168e-17
2.95192e-9
1.17451e-8
-1.45758e-8
-1.47296e-15
1.15622e-15
2.66204e-17
1.26071e-8
2.62197e-8
-3.26349e-8
-1.3226e-16
3.37565e-16
-1.38055e-16
-4.04651e-17
1.60404e-9
-4.14799e-9
-2.07758e-9
8.30831e-9
-4.09825e-16
1.35478e-16
4.6977e-17
-6.28269e-17
-7.54252e-10
3.29267e-9
8.46693e-10
-3.40689e-9
7.3913e-15
-9.08915e-15
4.31469e-15
-3.55758e-15
-1.38528e-14
-1.73218e-15
1.36485e-10
-5.4322e-10
-5.10926e-11
1.79472e-10
-4.52646e-11
-6.34531e-10
9.65203e-15
-1.68645e-14
1.45651e-14
-1.05783e-14
-1.24794e-14
1.04852e-14
1.50201e-14
-1.44397e-14
3.71168e-10
-1.1482e-9
-7.52463e-10
-1.10666e-10
1.04993e-14
-1.12008e-14
-9.95797e-15
-1.77687e-9
6.51147e-9
-7.45464e-15
1.00602e-14
5.10423e-15
2.25743e-10
1.77504e-9
5.0985e-15
-8.52143e-15
-2.56655e-15
-7.75461e-10
-2.01425e-9
-2.97031e-15
3.72536e-15
1.40872e-15
-2.71282e-9
1.00252e-8
1.41531e-15
-1.75915e-15
-8.62458e-16
-4.75339e-10
4.92974e-9
-9.21283e-18
3.58951e-16
1.65892e-16
9.6594e-11
-1.93842e-9
5.70257e-10
-7.56479e-17
-4.81275e-17
7.19991e-10
3.22629e-17
2.64241e-18
-3.60969e-10
-2.65974e-9
-4.16446e-17
-2.39399e-17
-5.78732e-11
2.31345e-10
-3.66444e-17
3.09734e-17
-4.56326e-11
2.89613e-10
-3.65033e-18
-4.25511e-17
-1.06123e-12
6.85279e-12
2.2437e-17
5.03239e-17
-1.31458e-12
6.97001e-12
1.59205e-17
-6.59461e-17
-2.08546e-18
-8.4665e-13
-3.02452e-17
1.99365e-17
-2.24584e-17
-1.09e-12
-1.12975e-12
2.98058e-12
-1.27333e-16
2.32985e-16
7.01457e-17
5.31692e-13
-2.45162e-12
3.01652e-12
2.62984e-17
-1.45798e-16
1.67008e-17
-5.78797e-17
1.6973e-14
2.57475e-15
5.84367e-14
-3.63384e-13
-1.54356e-17
-1.75691e-16
-1.23027e-15
4.44238e-16
-7.16177e-14
2.84742e-13
-6.72371e-14
1.90171e-14
1.26774e-15
1.28654e-14
-6.69914e-15
-8.74211e-14
4.70775e-14
-8.40446e-13
1.93572e-13
-2.34341e-12
-1.01237e-12
2.70092e-13
3.24901e-13
-1.6113e-13
2.95054e-13
-1.12883e-13
4.75402e-13
4.34256e-13
8.80122e-13
-2.6383e-13
4.91729e-13
2.18965e-12
1.13265e-12
2.79559e-12
-3.31274e-12
6.94302e-12
1.86259e-12
-2.59503e-13
-3.02579e-12
-1.01045e-12
2.14913e-12
-8.20109e-12
-1.18639e-11
5.41585e-12
-7.04565e-13
1.20398e-11
-4.97207e-12
1.28702e-10
-4.65565e-11
-2.15627e-10
2.58763e-10
-2.80691e-10
3.07121e-10
-1.14585e-10
3.76957e-11
-8.23308e-12
1.82932e-12
-2.16789e-12
2.70438e-12
2.30312e-13
3.77606e-13
-9.68203e-12
4.02565e-12
-1.09218e-11
5.46815e-12
-3.38559e-15
-2.33322e-13
-1.45812e-13
9.40155e-13
6.6591e-13
-1.68907e-13
2.06655e-12
-6.57742e-13
-3.16973e-12
3.36274e-12
1.50134e-11
-7.82467e-11
-7.99932e-15
-7.69587e-15
2.45713e-15
2.01317e-15
-1.28713e-14
6.45668e-17
4.26651e-10
-2.32661e-9
-6.7924e-10
2.46873e-9
-4.21105e-16
1.92555e-15
-9.37958e-16
2.36572e-16
-1.60417e-8
4.32424e-8
-1.50356e-17
1.20053e-16
-1.90322e-16
8.01182e-17
-2.02253e-8
1.08028e-7
7.66711e-17
-2.52736e-17
-4.73485e-17
-5.32248e-17
7.47041e-9
8.81411e-10
-2.91754e-8
9.22927e-8
-1.29576e-18
6.14245e-17
-3.70574e-17
-1.5111e-17
-1.23752e-8
4.06677e-8
1.18646e-8
-3.66004e-8
1.46441e-15
5.91462e-16
-5.83845e-16
-2.08482e-16
2.62517e-9
-8.5025e-9
-2.34878e-9
4.83242e-9
-5.1421e-15
1.10872e-14
-4.65954e-15
2.99075e-15
7.7639e-15
-2.29807e-15
2.446e-15
-1.72542e-10
8.64651e-9
4.57018e-9
-1.3836e-8
-6.17073e-10
4.8694e-10
4.32052e-9
-1.50884e-8
-2.01997e-8
1.74815e-8
-2.29387e-8
-3.07962e-8
-2.28473e-16
-4.26658e-9
-1.26673e-16
1.11847e-15
5.78238e-16
-1.54943e-16
6.43888e-9
-8.7758e-9
3.0258e-9
3.59099e-8
3.214e-17
-2.41757e-16
3.11362e-17
-1.67691e-9
6.9455e-9
-1.94188e-17
4.59013e-17
-1.22971e-9
7.67861e-9
-3.54027e-17
-4.19661e-17
-4.00764e-11
2.25647e-10
1.42882e-17
6.61229e-18
-3.82019e-11
2.46911e-10
-4.25854e-17
2.54708e-18
-9.97268e-15
6.01812e-12
1.40165e-18
1.14069e-16
-2.33059e-17
-3.5573e-12
-3.20576e-12
-5.50194e-18
1.3134e-16
8.69347e-17
-2.37564e-16
-1.89956e-12
-1.20663e-11
-4.48971e-16
-1.63471e-16
-1.65315e-16
1.91742e-15
3.81802e-12
-8.45641e-12
1.35261e-16
2.25714e-15
1.22313e-15
-7.03372e-15
-5.87669e-14
2.93156e-13
3.06244e-15
1.00001e-15
-1.13739e-15
6.60005e-16
1.38616e-15
-6.49326e-14
2.63394e-13
-3.20173e-14
1.46807e-13
-4.21941e-15
-3.4422e-15
-2.91862e-14
4.04489e-15
-1.2034e-12
5.66216e-12
-1.1209e-12
2.01752e-13
3.92169e-14
3.38062e-13
-9.27026e-14
-3.23418e-12
-1.68018e-12
1.66771e-11
7.83119e-12
-2.1229e-11
-2.27468e-11
4.83543e-12
5.3736e-12
-2.66055e-13
4.5857e-14
-1.40978e-12
7.81238e-12
8.04607e-12
-5.78885e-12
2.50229e-12
5.79629e-11
-3.10736e-11
2.77987e-11
-1.14359e-10
8.786e-11
2.4664e-10
-3.56903e-10
-3.58314e-10
5.49542e-10
4.01111e-10
-6.98216e-10
-6.23542e-10
8.29978e-10
1.77686e-10
2.7897e-11
-7.21869e-11
5.32143e-11
1.00389e-11
-1.99473e-11
2.70343e-12
-1.96937e-12
-8.83884e-12
2.74258e-12
2.28483e-11
1.01293e-11
-7.17771e-13
8.97646e-14
-1.52213e-12
1.25579e-12
-1.47432e-12
4.84196e-13
-2.39058e-12
8.79918e-13
-9.50157e-13
-1.51213e-12
6.06869e-12
-7.83785e-12
3.55358e-14
-6.14032e-15
1.85375e-13
-4.90124e-14
-3.97445e-12
2.23573e-11
1.27122e-11
-1.24684e-12
2.29099e-15
7.27942e-9
-1.8387e-11
-3.79089e-9
-2.05428e-15
1.2727e-8
-3.1259e-8
4.55753e-8
6.95803e-16
-6.35408e-8
-2.20048e-7
2.49673e-7
-6.48765e-17
-3.07756e-7
-3.54182e-7
6.60165e-7
2.43364e-17
2.05759e-17
-4.56619e-17
9.22438e-18
-1.17819e-7
3.03747e-7
1.00209e-7
-2.4172e-7
1.91065e-16
4.57722e-17
-1.27111e-16
-2.28725e-17
2.51444e-8
-6.64494e-8
-1.39462e-8
3.57604e-8
-1.26398e-15
-1.02331e-15
5.4261e-16
3.66448e-16
-8.85213e-10
6.90647e-9
-1.55626e-8
-6.84558e-9
3.9986e-8
-6.70175e-15
9.50778e-15
-4.37109e-15
4.46613e-15
1.2725e-14
-1.49535e-14
-1.31902e-14
3.05135e-15
-9.22398e-9
-5.36886e-8
6.24268e-9
2.04659e-7
-1.87213e-14
2.81018e-14
1.4282e-14
1.21907e-7
-5.40334e-7
2.18871e-14
-3.9137e-14
-1.5156e-14
-7.74783e-8
2.77291e-7
-3.62536e-14
4.91862e-14
1.70865e-14
5.37858e-8
-7.83676e-8
1.08771e-14
2.68342e-17
-6.04058e-15
6.61896e-8
-2.9564e-7
-9.22345e-15
3.20301e-14
3.92494e-15
8.55834e-8
-4.10685e-7
-3.6492e-15
4.02873e-15
1.42002e-7
-1.60463e-7
8.97666e-16
-4.13301e-8
-1.3667e-16
6.52835e-16
-3.37459e-8
1.73385e-7
-4.57083e-16
1.19688e-16
-1.49459e-9
6.78442e-9
-7.59485e-19
6.78247e-17
-8.41141e-10
8.09069e-9
-2.03723e-17
2.9241e-17
-3.47595e-12
8.69744e-11
-3.76779e-17
-1.72006e-17
-9.40513e-11
2.99276e-10
2.43065e-17
4.17047e-11
-2.16923e-16
2.16392e-11
2.7722e-11
-6.61568e-11
1.19538e-15
-5.25603e-12
5.12815e-11
-6.14369e-11
-8.28728e-15
-1.31847e-12
4.52624e-12
-6.00097e-12
1.21554e-14
4.13821e-15
-2.24893e-14
-3.86624e-14
1.28226e-13
6.72201e-15
-3.20206e-13
1.24755e-12
2.63929e-14
-1.34585e-14
2.75187e-14
3.51973e-14
-1.02936e-12
5.12347e-12
-6.15998e-13
8.576e-14
-2.34805e-13
-6.74341e-14
-6.83062e-13
-1.41545e-13
-2.29985e-11
1.21261e-10
-2.25335e-11
3.44858e-12
1.30746e-12
7.16627e-12
-1.58094e-11
4.18622e-12
2.10036e-11
-7.66617e-12
-5.20405e-11
3.53841e-11
-3.38624e-11
-1.48102e-12
-6.95525e-11
-2.07013e-10
4.10216e-10
-3.28229e-10
8.59432e-11
-7.49229e-11
2.4514e-10
-1.49219e-10
7.12928e-11
6.88394e-11
7.60015e-10
3.54234e-12
-6.69474e-12
-1.7887e-11
6.89899e-11
-2.68035e-10
3.48526e-10
-8.17537e-10
5.10667e-10
8.09983e-10
-7.84063e-10
-1.63149e-10
1.54639e-10
5.00137e-11
-1.40127e-10
-3.07635e-11
8.79631e-11
-5.67442e-12
1.92443e-11
1.24126e-12
-3.63769e-13
-1.03577e-12
-1.30083e-12
-3.6094e-12
-1.62307e-12
-1.0775e-11
1.53121e-11
-1.29036e-13
-7.53142e-14
-3.19244e-13
3.4068e-13
-3.61024e-11
6.46562e-11
2.04657e-10
-5.95367e-10
-2.64161e-15
-8.74596e-15
6.3467e-14
-1.75187e-14
4.88353e-14
-1.89181e-13
8.03543e-10
6.27605e-9
-5.48597e-9
-8.35102e-9
-2.60023e-15
8.54831e-15
-1.43144e-14
9.30015e-15
4.64785e-8
-1.74034e-7
2.27565e-16
-9.39505e-16
-1.07075e-15
-3.20185e-16
2.10234e-7
-8.83326e-7
-1.0052e-17
5.98955e-17
-4.70211e-16
7.97966e-17
4.00173e-7
-1.03596e-6
-3.75947e-17
-1.35661e-17
-1.60327e-16
1.82631e-16
-6.58696e-7
1.1957e-6
5.10076e-7
-9.32766e-7
4.90257e-17
-4.41658e-17
-3.68046e-17
9.13944e-17
1.53191e-7
-3.02783e-7
-7.30059e-8
1.2469e-7
-1.956e-16
-1.47206e-16
4.99908e-17
5.87598e-17
-1.66397e-8
9.41317e-9
5.50095e-9
6.77855e-8
9.22748e-16
-1.70014e-15
6.30628e-16
-6.31317e-16
-1.71998e-15
1.95724e-15
-3.67187e-16
3.35078e-8
4.13806e-8
-2.17047e-7
1.63427e-7
-7.99696e-15
1.11063e-6
1.14411e-14
-4.97968e-7
1.4683e-6
-1.92814e-6
-6.07399e-7
1.67645e-7
4.88836e-14
-6.95308e-14
1.39534e-6
-1.82448e-6
2.70878e-6
-4.14785e-14
8.69807e-14
6.72388e-7
-1.59775e-6
2.40902e-14
-5.17989e-14
-6.46905e-15
-7.6484e-7
1.16721e-6
1.53081e-15
-1.06327e-14
3.1075e-15
-4.12351e-8
1.77202e-7
-5.59173e-16
1.00319e-15
-3.07808e-8
2.13666e-7
-6.57102e-17
9.49017e-17
-1.0122e-9
1.82312e-9
4.40957e-17
1.64647e-16
-2.5087e-9
1.69818e-8
-2.62955e-16
3.43001e-16
3.6642e-11
2.98312e-10
-6.13946e-16
-3.53242e-15
3.03099e-15
2.02601e-11
-9.16412e-10
1.06459e-15
5.34454e-16
1.51014e-16
-4.33682e-15
2.52912e-12
1.1089e-10
2.20987e-16
-4.31408e-15
-6.21968e-15
8.42692e-15
-5.5035e-11
2.02198e-10
1.27547e-14
9.9341e-14
2.94721e-14
-2.3489e-13
-8.91228e-12
2.98651e-11
-4.20822e-14
-4.29434e-14
-4.10174e-15
3.91754e-13
4.64564e-14
-4.95384e-13
4.73445e-13
-1.14565e-12
1.63712e-13
1.47495e-14
-6.68022e-13
-4.14998e-13
1.87494e-12
-1.88048e-13
-1.6672e-13
1.85927e-12
-8.31822e-14
1.15287e-12
9.77956e-13
-2.09705e-11
1.1498e-10
-8.76339e-12
1.29335e-12
-1.05654e-11
-1.39564e-12
-1.62048e-11
-4.08464e-12
8.70397e-11
-1.64828e-9
-5.23482e-10
1.9181e-9
-2.94581e-10
5.5348e-11
-6.90368e-11
-4.33316e-10
1.85349e-10
8.40594e-10
-6.75569e-10
3.38461e-10
-1.30497e-10
2.54112e-9
-2.27548e-9
3.48516e-9
-2.79244e-9
9.32824e-10
-1.22984e-9
-1.33914e-9
1.00595e-9
9.89084e-10
-6.21519e-10
-1.50613e-10
-2.0395e-10
4.22409e-12
-3.70571e-12
-7.18863e-13
-1.97971e-11
5.19914e-10
-1.78503e-10
-7.0301e-10
2.71228e-10
-2.54821e-10
1.71072e-10
-8.58974e-11
9.12623e-11
1.84443e-11
3.53901e-12
-5.2553e-13
2.11971e-12
2.2773e-12
-3.20604e-12
3.3255e-11
-7.78739e-11
-1.57337e-10
3.18581e-10
4.36597e-13
-1.57284e-12
6.50137e-13
-7.79602e-13
3.32799e-12
-1.01341e-9
3.1814e-9
-4.7547e-9
4.05482e-9
4.02642e-9
-2.51766e-13
-1.51515e-8
1.13935e-13
-4.78708e-9
8.73005e-8
-1.81163e-7
-2.35028e-14
2.8387e-7
5.45175e-7
-9.98797e-7
3.51001e-15
1.90506e-6
2.01897e-6
-3.22932e-6
4.07145e-16
-3.05751e-17
-1.91135e-6
1.42702e-6
-8.78378e-18
-1.39161e-16
4.63833e-17
4.67674e-17
5.19607e-7
-7.19385e-7
-1.46604e-7
4.01235e-8
-4.91106e-17
-7.02324e-17
-1.47826e-17
7.06633e-17
2.44188e-8
-2.20982e-7
-1.4238e-7
4.36465e-7
3.80197e-16
6.20747e-17
-2.13025e-16
-1.01923e-16
-1.92994e-17
-1.28914e-7
2.21571e-7
2.0042e-7
-1.7596e-16
-3.83229e-7
-2.71464e-6
2.30227e-6
1.87373e-6
5.07387e-14
-4.20283e-14
2.10001e-14
-6.1016e-14
-8.44208e-14
6.98452e-14
4.61875e-14
-2.26593e-14
-2.62625e-6
1.03189e-5
6.58578e-6
-9.1143e-6
6.82562e-14
-7.32689e-14
-4.84104e-14
-6.68076e-6
5.61109e-6
-1.18671e-14
-6.20809e-14
-7.64409e-7
1.89791e-6
-1.89463e-13
1.53827e-13
-3.48972e-6
5.77274e-6
-5.24483e-6
4.98103e-14
-5.27941e-14
-1.04448e-6
1.17636e-6
-1.07641e-14
7.61119e-17
9.82434e-16
-2.55619e-8
1.03384e-7
-8.42434e-16
1.77309e-15
-1.01854e-7
1.94257e-7
2.03668e-15
-1.65127e-15
4.30659e-9
-1.36108e-8
1.6212e-15
8.59226e-15
-1.55652e-15
1.18772e-8
-5.36612e-8
4.78479e-15
1.11722e-9
-2.92013e-9
-9.5869e-15
-6.53259e-10
1.22194e-14
-2.7721e-11
-6.63881e-10
1.30086e-9
-1.68704e-13
5.87216e-12
-1.1603e-10
2.43166e-10
1.14532e-12
-2.24127e-12
2.58873e-12
-1.52556e-11
3.1297e-11
5.24009e-12
2.90751e-12
-1.27608e-11
7.92996e-13
-1.08518e-12
-2.2636e-12
6.93277e-14
2.79555e-11
-5.23532e-12
-5.6923e-12
1.50742e-11
-7.49345e-12
2.80093e-11
-6.58982e-13
9.02199e-12
-1.89817e-11
1.89345e-11
2.13905e-11
-1.20563e-11
-6.09605e-10
2.34383e-9
1.17467e-10
2.54301e-11
-1.02216e-10
1.55519e-10
-8.87434e-10
1.06895e-9
-7.78665e-10
1.23481e-9
-4.60425e-9
-3.4797e-9
-1.42259e-9
3.71471e-9
-3.84622e-9
1.20594e-9
-1.07982e-8
7.11205e-9
-2.25472e-9
4.53526e-9
-3.4067e-9
-7.75366e-10
1.30607e-9
1.10844e-9
-1.76384e-9
1.85299e-9
-1.6568e-9
1.06483e-9
1.16572e-9
-1.11629e-9
-7.12084e-10
2.01416e-10
1.21899e-10
-1.02755e-10
-2.44217e-12
-4.36834e-12
8.65853e-12
5.46192e-11
-1.55637e-11
1.25489e-10
1.13758e-10
-2.20288e-10
4.43631e-10
-7.63512e-11
1.5121e-10
3.63559e-12
3.05389e-11
1.24061e-10
-3.19e-12
9.18911e-12
-5.37833e-12
-1.8363e-12
4.23238e-10
-1.9974e-10
-1.61094e-9
6.59582e-11
-2.85242e-9
2.81035e-12
1.21153e-8
-3.10449e-13
6.25107e-13
-1.24212e-12
5.34721e-13
-1.39293e-12
2.73362e-12
-2.14158e-8
-2.53847e-7
1.91742e-7
3.2122e-7
-3.889e-14
1.34954e-13
-1.45806e-13
4.80583e-14
-8.72711e-7
1.10744e-6
-4.28041e-15
1.19957e-14
-1.45663e-14
7.71742e-15
-2.30327e-6
3.30415e-6
-9.45435e-17
-3.57488e-17
5.22204e-16
-1.28152e-17
2.7577e-6
-3.02207e-6
-1.81851e-6
1.78699e-6
-3.01881e-17
4.00183e-18
7.43457e-7
2.176e-7
-2.24684e-17
-5.60757e-17
2.58649e-17
-3.92071e-17
2.57424e-17
2.09784e-7
-9.40535e-7
3.39835e-7
-1.01467e-6
6.96685e-17
-2.12867e-17
-3.68374e-17
1.6565e-17
4.6765e-17
-2.00791e-7
7.37468e-7
-2.07065e-6
2.44682e-16
3.72917e-7
-9.49681e-7
-2.62254e-6
-1.79209e-14
1.38292e-14
-4.22552e-15
2.91431e-14
3.74837e-14
-6.59534e-14
1.47223e-15
5.80886e-6
-2.07233e-5
-1.2459e-5
3.33512e-5
1.02184e-13
-2.80722e-5
-1.33076e-13
2.36083e-5
1.51745e-13
-1.42619e-5
2.64489e-13
-2.52078e-13
-1.09219e-5
1.19727e-5
-1.92333e-13
1.86886e-13
5.55117e-14
1.16903e-5
-1.12839e-5
6.72795e-14
1.0567e-13
-3.35304e-6
-2.22599e-13
9.87151e-14
-1.46168e-6
5.10311e-6
-3.10286e-6
3.0817e-14
-5.38866e-14
-6.97585e-7
5.14271e-7
-6.38285e-15
-6.69774e-15
-4.6032e-16
-1.64766e-15
-2.33829e-14
1.01926e-7
-8.90883e-8
1.50632e-7
-2.15753e-7
-9.40096e-15
4.46834e-14
-1.01242e-14
-1.2184e-8
3.97347e-8
-1.20642e-14
1.76943e-15
-2.03238e-9
4.38188e-9
3.18319e-14
1.27963e-13
-1.5047e-13
2.08529e-9
-3.68534e-9
-5.83207e-14
-1.12213e-13
-4.65807e-15
4.23742e-13
7.65557e-10
-1.375e-9
2.37971e-13
-1.21592e-12
4.18017e-13
4.89864e-13
1.81032e-10
-2.77787e-10
-4.21946e-12
7.97251e-12
6.577e-12
-1.53799e-11
3.8924e-12
5.08146e-11
-5.8332e-11
2.83062e-11
-1.26493e-11
2.47067e-11
-2.40137e-12
-4.6061e-11
-4.87134e-11
-2.79844e-11
8.58518e-11
-1.04866e-11
7.55456e-14
4.50113e-11
-1.00547e-11
-1.00362e-11
7.1144e-11
-4.74456e-11
-1.45109e-11
-2.89462e-10
1.05327e-9
1.28727e-10
6.38334e-11
-4.87203e-11
5.12967e-10
-6.75188e-11
8.30055e-10
3.68775e-10
-2.28394e-9
7.98529e-9
5.1305e-9
1.46139e-8
9.41993e-9
-1.74226e-8
4.42076e-9
-9.2775e-9
3.73796e-9
-1.84058e-9
-1.36222e-8
1.25978e-8
-1.19447e-8
9.46099e-9
-1.24267e-8
1.49439e-8
-7.00376e-10
1.26401e-9
-2.11014e-9
2.96287e-9
-2.80295e-9
2.26515e-9
-1.44433e-9
8.13563e-10
-1.19659e-10
1.00744e-10
-2.51329e-10
-7.42307e-11
-4.21953e-10
-2.23269e-10
5.33257e-11
-1.5871e-10
4.59053e-10
-3.49954e-10
6.78907e-10
-2.43797e-10
-2.25096e-11
6.27884e-11
-3.17735e-11
6.22005e-9
-1.63572e-9
-5.04165e-12
9.52031e-12
-5.06029e-12
8.61885e-12
-1.5353e-11
4.83953e-9
-5.71469e-8
1.6679e-7
-9.13852e-8
-2.39741e-7
2.13814e-12
-9.43574e-13
1.68282e-7
-4.61851e-7
1.49926e-13
-4.17331e-14
5.38709e-7
-1.5725e-6
3.20204e-14
-2.11332e-14
1.72309e-6
-3.00074e-6
5.11313e-15
-2.85462e-15
2.44584e-6
-1.02896e-6
-1.65097e-16
2.29602e-16
1.36228e-15
1.59209e-16
-4.11579e-7
-5.614e-7
-6.79808e-7
1.88e-6
3.15711e-17
-3.68599e-17
3.09498e-6
1.90811e-6
-5.16407e-6
-1.29614e-17
9.24388e-17
-2.80042e-16
-3.20921e-6
8.40471e-6
5.02439e-6
-1.53114e-5
-7.29914e-15
5.26807e-16
1.54528e-14
-5.36058e-14
-1.54971e-15
1.11208e-5
-3.25625e-5
5.56865e-5
1.12317e-13
-7.4766e-5
-1.64549e-13
6.76217e-5
2.06065e-13
-5.25197e-5
-2.19774e-13
3.3777e-5
2.2024e-13
-1.9113e-5
-1.66167e-13
1.0084e-5
-2.85141e-13
2.37908e-13
1.24584e-5
-1.11505e-5
1.04147e-13
1.29447e-13
-4.06893e-6
-1.74732e-13
8.12402e-14
-1.78993e-7
8.75034e-7
-4.99583e-7
3.72425e-14
3.9176e-9
-2.33601e-13
1.15285e-8
-1.59164e-8
-1.57232e-14
6.5476e-14
7.49728e-9
-1.60574e-8
3.19024e-14
5.95955e-13
-6.60662e-13
-3.01416e-9
3.49917e-9
-9.37725e-14
-4.12271e-13
-1.3627e-9
1.98315e-9
1.9484e-12
-2.98929e-12
-5.27989e-10
1.14791e-9
7.44111e-12
-9.51344e-12
-1.06851e-10
3.07492e-10
-1.68637e-11
3.45633e-11
-3.83033e-11
5.52665e-11
-5.88632e-11
-4.94939e-11
9.87746e-11
1.637e-11
1.14721e-11
-8.98295e-11
7.31349e-11
-1.5367e-10
8.78774e-11
-3.31884e-10
2.50862e-12
1.02622e-10
6.95214e-10
-2.33623e-10
5.44526e-10
-1.42912e-10
-2.10654e-10
-2.30272e-9
4.60948e-9
-1.5394e-9
-3.97638e-9
1.13753e-8
6.16332e-9
-1.67125e-8
3.7855e-9
-4.5004e-9
1.89612e-9
-2.07524e-8
2.94979e-8
-2.88646e-8
2.51355e-8
-1.93256e-8
1.44607e-8
-1.03838e-8
1.1882e-8
-7.19468e-10
1.00288e-9
-6.10943e-10
-1.66614e-9
2.88133e-9
-3.52695e-9
3.48782e-9
-2.73769e-9
1.64216e-9
-5.8615e-10
-3.91099e-10
1.51981e-9
1.26786e-9
-1.98522e-9
-3.68223e-10
7.80812e-11
-9.6904e-10
-5.95363e-11
1.53241e-10
-1.13078e-10
-2.74462e-10
2.88086e-10
7.818e-10
2.05145e-9
-6.69101e-9
-1.82121e-9
7.55275e-9
-1.38597e-8
1.71863e-11
-3.90588e-11
2.52184e-11
6.5734e-11
-1.96384e-8
2.80551e-8
4.1224e-8
-4.09921e-8
6.65543e-8
-1.51011e-11
8.21319e-12
-9.67125e-8
3.1109e-7
-3.61656e-12
2.90985e-8
1.13124e-12
6.69027e-7
1.32022e-6
-1.74127e-6
-1.98498e-13
1.96268e-6
2.07736e-6
-2.74051e-6
4.18031e-14
6.06327e-15
-1.50141e-6
-1.77805e-7
-5.83886e-15
2.09742e-15
1.77301e-6
-3.23662e-6
1.25483e-16
-1.93072e-16
-6.71187e-16
1.44262e-16
-7.21029e-17
-2.16782e-6
4.33627e-6
-5.75853e-6
8.68567e-6
-3.76327e-17
1.28578e-17
6.24761e-18
-3.00946e-17
-5.78636e-17
4.47793e-6
-9.9224e-6
1.38781e-5
-1.93073e-16
-1.17176e-5
2.32672e-5
-2.63893e-15
1.0852e-15
-9.01721e-16
7.14828e-15
-2.70753e-14
2.03976e-5
-3.72158e-5
6.17264e-5
7.35143e-14
-0.000102512
-1.44976e-13
0.000125681
2.31763e-13
-0.000127082
-3.02025e-13
0.000104792
3.33851e-13
-7.14057e-5
-3.34097e-13
4.02878e-5
3.51068e-13
-1.93703e-5
-5.49751e-13
1.08594e-5
-4.19766e-13
6.25875e-13
9.68238e-6
-8.69391e-6
1.29489e-13
-8.97957e-14
1.87304e-13
-6.6845e-14
2.71426e-7
-1.8988e-6
9.44395e-7
-2.56494e-13
7.71327e-13
8.29187e-8
-5.27179e-8
1.5882e-13
-6.73654e-13
7.54469e-13
4.49398e-13
-9.48769e-13
2.31527e-10
-2.12253e-11
-9.43481e-9
2.0772e-8
-4.7333e-13
7.44547e-13
-5.57088e-13
-1.12797e-13
9.11011e-10
-7.00947e-10
5.14885e-12
5.2102e-10
-6.96501e-10
-2.98875e-12
-4.91244e-10
-9.63833e-12
-6.97711e-11
-1.76107e-10
3.11335e-10
3.43073e-11
-8.0939e-11
3.10328e-13
-6.87663e-11
1.06632e-10
1.0672e-10
-1.71019e-10
4.32362e-11
-2.56817e-11
2.7834e-10
1.62785e-10
-4.36657e-10
-1.26194e-10
1.93914e-10
1.76144e-10
-1.05213e-10
7.69598e-10
-1.35262e-9
-6.43661e-10
1.88378e-9
3.90594e-10
-8.35202e-10
-8.57881e-10
5.08965e-10
-3.7293e-10
-3.43523e-9
3.19256e-9
-6.85999e-9
-6.63143e-9
1.16844e-8
4.56547e-9
-1.43299e-8
-4.57376e-9
3.37392e-9
2.55001e-10
1.45255e-9
-2.06955e-8
3.61243e-8
-4.66095e-8
5.0403e-8
-4.58185e-8
3.62459e-8
-2.6002e-8
1.91802e-8
-2.13827e-8
2.15079e-8
1.69325e-9
-1.07272e-9
-2.64625e-9
3.39383e-9
-3.43295e-9
2.70277e-9
-1.48484e-9
2.31575e-10
7.83741e-10
-1.49244e-9
2.5787e-9
1.70537e-9
4.11336e-10
-2.37932e-10
1.47957e-10
4.25567e-10
-6.4899e-10
2.12521e-8
-2.06885e-8
-2.04589e-8
2.90984e-8
-8.85036e-11
5.33245e-11
-3.24857e-11
-5.14369e-8
8.9702e-8
-1.59294e-7
1.94717e-11
-1.15717e-11
3.10214e-7
-7.00465e-7
-2.01686e-12
1.71819e-12
-3.19975e-12
1.87918e-12
5.85712e-12
-9.9944e-7
1.33505e-6
-1.26889e-6
1.5403e-6
-7.29985e-13
1.50058e-12
-1.1939e-12
5.59705e-13
-1.75672e-6
1.79734e-6
-1.47584e-13
3.76024e-13
-2.76666e-13
1.10809e-13
3.72606e-14
1.71081e-6
-1.1594e-6
-1.99674e-7
1.21676e-6
-7.57973e-15
1.04456e-15
-2.55786e-6
3.9926e-6
1.07547e-16
-1.53151e-16
-1.55945e-17
-5.49935e-6
7.52913e-6
-1.09598e-5
-7.39817e-18
-2.44238e-20
1.29984e-16
1.57439e-5
-2.49532e-5
-1.98661e-5
3.76114e-5
8.63587e-16
-5.47627e-15
2.36376e-14
5.42409e-5
-8.6519e-5
-7.1288e-14
0.000134026
1.58491e-13
-0.000178541
-2.75505e-13
0.000196249
3.89192e-13
-0.000178278
-4.5851e-13
0.000132261
4.70768e-13
-7.95733e-5
-4.51921e-13
3.87048e-5
4.37792e-13
-1.53477e-5
-4.62072e-13
5.73379e-6
-2.56308e-13
2.69426e-6
2.64809e-12
-2.54377e-12
-4.89869e-8
7.3982e-8
-5.3951e-8
1.99075e-12
-1.84301e-12
1.78667e-12
1.41819e-9
4.47919e-9
1.2214e-8
-8.59076e-13
-1.82701e-12
7.56643e-12
-3.63092e-11
-7.64668e-10
-2.00955e-11
-9.01144e-12
3.73221e-11
-1.65023e-10
-3.60518e-11
-1.13917e-10
1.90631e-10
1.79571e-11
-5.76976e-11
-2.80227e-11
9.07167e-11
5.35837e-11
-1.3211e-10
6.04725e-11
-5.41313e-11
-1.56764e-10
2.15211e-10
1.02337e-10
-1.35978e-10
4.91579e-11
4.43337e-11
-5.09857e-11
1.04776e-10
-1.55973e-10
2.37791e-10
-7.44436e-11
5.20373e-11
-6.24146e-11
-3.92906e-10
6.62604e-10
-2.83394e-10
1.47763e-10
-1.14536e-9
1.99075e-9
-3.33959e-9
2.34067e-9
-1.0441e-9
5.45324e-10
6.03474e-9
-9.72188e-9
5.48058e-9
-1.58591e-8
-1.44893e-9
7.28804e-9
-5.20535e-9
2.66664e-8
-4.32848e-8
6.00003e-8
-6.92851e-8
6.76966e-8
-5.6461e-8
4.10558e-8
-2.70924e-8
1.71685e-8
-8.50159e-9
7.69837e-10
-1.08736e-9
6.29831e-10
8.57806e-10
-1.47179e-9
2.08193e-9
-2.62089e-9
2.68994e-9
-2.05925e-9
8.72225e-10
4.89707e-10
-1.79357e-9
3.36743e-9
-5.22911e-9
-1.0956e-8
1.37269e-8
1.37712e-8
-1.42512e-8
1.94374e-8
-5.15574e-10
2.73312e-10
-1.70907e-10
-2.2684e-8
3.26858e-8
-4.97271e-8
9.60652e-11
-5.54996e-11
3.26741e-11
8.4561e-8
-1.42656e-7
2.34415e-7
-1.896e-11
1.04241e-11
-3.75713e-7
6.22642e-7
-5.82301e-12
3.85987e-12
-2.08569e-12
-1.03805e-6
1.21254e-6
-1.22615e-6
9.44332e-13
-4.86617e-13
1.17326e-6
-9.74479e-7
2.15677e-13
-8.68525e-14
-3.361e-14
4.31305e-7
3.75141e-7
-1.22861e-6
1.22452e-14
-3.94718e-15
2.36731e-6
-3.68003e-6
1.02527e-15
-1.95723e-16
7.03321e-17
5.31649e-6
-7.89636e-6
1.26415e-5
-2.15924e-17
-1.63957e-17
-2.64044e-17
-1.89354e-5
3.4347e-5
-4.05099e-5
8.65605e-16
-4.50342e-16
4.44022e-16
-3.52316e-15
5.75757e-15
-4.48147e-5
7.25942e-5
-5.78426e-5
-2.09804e-14
0.000105646
6.08134e-14
-0.000156181
-1.45316e-13
0.000216387
2.76761e-13
-0.000259738
-4.27092e-13
0.000261384
5.47364e-13
-0.000214909
-6.04851e-13
0.000141558
6.25677e-13
-7.36085e-5
-7.09856e-13
3.14448e-5
8.43906e-13
-1.07746e-5
1.57729e-12
-2.00812e-12
-6.09162e-6
6.39075e-6
-1.86171e-12
1.99899e-12
-2.6149e-12
2.90798e-12
-8.32364e-9
-4.77157e-8
-3.91731e-7
-3.55533e-12
3.94001e-12
-4.28469e-12
2.90442e-9
-2.09103e-8
-2.68041e-8
3.00012e-12
1.97157e-12
-1.20121e-11
-1.76218e-11
7.09093e-10
2.89633e-11
-5.40226e-11
4.59891e-11
-1.37494e-11
-3.53474e-11
7.60597e-11
-1.03715e-10
1.26856e-10
-1.46766e-11
-5.36257e-12
-1.68731e-10
1.65131e-10
-3.39483e-11
2.43436e-11
-1.29334e-10
1.55708e-10
-2.49314e-10
9.60738e-11
-5.66242e-11
4.5164e-11
4.27704e-10
-7.52376e-10
3.10965e-10
-1.75111e-10
1.36182e-9
-2.53245e-9
4.19533e-9
-1.8383e-9
9.93756e-10
-5.50568e-10
-8.21064e-9
1.01816e-8
1.2086e-8
-1.87175e-8
-7.38681e-9
1.0183e-8
7.42356e-9
-5.94726e-9
3.03888e-9
1.56646e-8
-2.90245e-8
4.43509e-8
-6.25439e-8
7.6798e-8
-8.01701e-8
7.10814e-8
-5.38734e-8
3.58088e-8
-2.22066e-8
1.16537e-8
-1.36227e-8
-5.26115e-10
7.92741e-10
-6.01565e-10
9.37302e-10
-1.32345e-9
1.63912e-9
-1.65029e-9
1.13288e-9
-1.01911e-10
-1.16683e-9
2.34661e-9
-3.604e-9
6.77494e-9
-9.1353e-9
1.39763e-8
-1.74802e-8
6.09025e-10
-4.40775e-10
2.02697e-10
2.87868e-8
-4.27604e-8
6.18718e-8
-9.3175e-11
5.02819e-11
-2.70881e-11
-1.04757e-7
1.66632e-7
-2.5236e-7
1.45306e-11
-7.34133e-12
3.70701e-7
-4.54702e-7
4.558e-12
-4.42981e-12
1.83825e-12
8.23487e-7
-1.02761e-6
9.15343e-7
-5.88073e-13
4.39196e-13
-7.12253e-7
4.56525e-7
-1.7026e-13
1.30664e-13
1.05394e-14
-1.14646e-7
-2.73544e-7
7.76014e-7
-6.60273e-15
2.97285e-15
-1.57816e-6
2.69843e-6
-1.12124e-15
3.24789e-16
-1.39235e-18
-4.40372e-6
7.31079e-6
-1.49114e-5
-2.10973e-17
3.53441e-17
-1.63963e-17
3.17322e-5
-4.30336e-5
4.19934e-5
-1.01281e-16
3.99913e-15
-4.705e-15
-5.8344e-5
5.74668e-5
1.52798e-14
-0.000115622
-4.50557e-14
0.000160955
1.13734e-13
-0.000233718
-2.33357e-13
0.000302983
3.91877e-13
-0.000338992
-5.4606e-13
0.000310397
6.49131e-13
-0.000227648
-6.81303e-13
0.00012682
7.24172e-13
-4.99299e-5
-1.08825e-12
1.70054e-5
1.35482e-12
-3.29304e-6
-2.06628e-12
2.60408e-12
-4.53366e-12
9.73879e-8
-2.72384e-7
8.29778e-7
6.15843e-12
-7.13889e-12
9.53706e-12
-9.60217e-9
8.36984e-8
1.04433e-7
-1.02497e-11
6.07307e-12
5.5737e-12
-4.30698e-10
-9.49942e-10
-2.31943e-11
6.06264e-11
1.01785e-11
-1.22099e-10
4.63122e-10
-6.84084e-11
1.0036e-10
-9.47555e-11
8.27032e-12
-2.56686e-12
1.21957e-10
-1.82593e-10
2.96325e-11
-1.68969e-11
1.22752e-10
-1.21617e-10
2.06544e-10
-9.50703e-11
4.98782e-11
-3.33046e-11
-3.84901e-10
7.45106e-10
-2.75526e-10
1.59459e-10
-1.44593e-9
3.2776e-9
-7.33095e-9
1.43584e-9
-8.25389e-10
4.74135e-10
1.02203e-8
-1.03115e-8
1.42987e-8
-7.16027e-9
4.42586e-9
-2.42712e-9
-1.28332e-8
2.5484e-8
-3.76666e-8
5.36043e-8
-6.85383e-8
7.53392e-8
-7.05012e-8
5.60647e-8
-3.75152e-8
2.16305e-8
-1.20408e-8
8.93765e-9
-1.21639e-10
-1.02105e-9
1.04278e-9
8.04187e-10
-8.42423e-10
7.73785e-10
-3.68463e-10
-4.28639e-10
1.45233e-9
-2.47674e-9
3.01056e-9
-5.19701e-9
-7.16735e-9
6.96803e-9
1.23998e-8
2.58922e-11
1.21323e-10
-7.43571e-11
-3.02776e-8
4.79907e-8
-5.48989e-8
4.50282e-11
-3.32051e-11
1.60203e-11
9.8976e-8
-1.51761e-7
2.14397e-7
-9.68184e-12
4.04171e-12
-3.00415e-7
4.77739e-7
-2.07934e-12
2.90797e-12
-1.5719e-12
-5.26273e-7
9.76866e-7
-6.44786e-7
6.60513e-13
-2.48143e-13
4.0732e-7
-2.18898e-7
1.74272e-13
-1.18669e-13
1.45019e-14
6.24427e-8
8.529e-8
-3.25127e-7
-2.1507e-15
-1.40499e-16
8.67093e-7
-1.42941e-6
4.91041e-16
-5.28957e-16
-1.17244e-17
2.72772e-6
-3.36794e-6
5.37784e-6
-8.33777e-17
2.30923e-17
-3.45412e-16
-9.52512e-6
-2.11228e-7
-1.62466e-15
1.09924e-5
-2.15003e-15
1.24245e-14
-1.49047e-14
0.00019346
-0.000204868
2.97052e-14
-0.000163035
-7.6697e-14
0.000242212
1.65081e-13
-0.000326962
-2.97241e-13
0.000406065
4.47945e-13
-0.000409595
-5.68914e-13
0.0003296
6.40929e-13
-0.000208571
-6.03776e-13
9.34738e-5
8.75655e-13
-3.20789e-5
-1.15667e-12
1.14376e-12
-2.14657e-12
6.09471e-12
-3.68244e-7
6.11796e-7
-9.60255e-7
-9.63822e-12
9.73331e-12
-1.55815e-11
1.60366e-8
-1.68508e-7
-5.00469e-7
2.12635e-11
-2.27076e-11
1.66138e-11
-2.22815e-9
7.92257e-9
-4.48613e-12
-2.48678e-11
-1.1607e-12
3.0005e-10
-3.054e-10
2.73285e-11
-3.95594e-11
5.20521e-11
-5.84247e-12
-2.84821e-12
-7.4631e-11
1.24428e-10
-3.36838e-11
1.66263e-11
-5.2546e-11
6.45821e-11
-1.43815e-10
5.91046e-11
-3.3073e-11
3.34041e-11
2.3621e-10
-5.03446e-10
1.81331e-10
-1.0556e-10
6.98125e-10
-1.20035e-9
2.08484e-9
-8.88377e-10
5.15128e-10
-2.91936e-10
2.96922e-10
-2.05376e-9
-2.51316e-9
1.28571e-9
3.58505e-8
-3.45783e-8
2.96469e-8
-3.8153e-8
4.87307e-8
-5.39962e-8
5.20945e-8
-4.27054e-8
3.02558e-8
-1.62282e-8
8.20279e-9
-5.01207e-9
4.06963e-9
-1.918e-10
1.54297e-10
3.83104e-10
-6.63222e-10
2.2344e-10
-2.93496e-10
3.30719e-10
-2.59124e-10
-1.75744e-11
5.20303e-10
-1.22983e-9
1.61129e-9
-2.52078e-9
3.24836e-9
-4.912e-9
-6.53015e-9
6.04135e-9
7.16605e-11
-5.47978e-11
2.71622e-11
-1.85454e-10
-1.34099e-8
2.28892e-8
-3.68446e-8
4.94641e-8
-1.65289e-11
1.6608e-11
-1.0777e-11
-6.42172e-8
1.07051e-7
-1.42908e-7
8.67051e-12
-7.24896e-12
1.79767e-7
-2.17994e-7
-1.86071e-13
5.09738e-12
-5.72418e-7
2.38161e-7
5.9466e-13
-3.38685e-13
-1.70609e-13
-8.47526e-8
2.27865e-13
-1.50311e-13
-6.17935e-15
-2.38691e-8
7.28675e-14
-3.81935e-14
5.24234e-7
-3.50511e-7
1.50836e-14
-4.64811e-15
-7.15133e-7
9.45608e-7
8.65706e-16
8.1657e-16
-3.54742e-17
-1.4216e-6
1.65689e-6
-3.4765e-6
4.39424e-16
-6.95351e-17
2.32498e-16
7.92593e-6
-2.6924e-5
-8.52752e-16
1.85854e-15
-4.0157e-5
5.74755e-5
4.81048e-5
-4.20312e-5
9.58139e-16
-1.48417e-14
1.78765e-14
0.000150924
-0.000149877
-1.78772e-14
0.000128869
4.73641e-14
-0.000280411
-9.82615e-14
0.000349652
1.85816e-13
-0.000490379
-2.89738e-13
0.000510658
3.99646e-13
-0.000446869
-3.97788e-13
0.000251976
4.79869e-13
-0.000119011
-5.59294e-13
3.10656e-5
8.85987e-13
-1.24102e-12
1.04995e-12
3.71458e-12
-1.63005e-7
-1.95458e-6
-7.10548e-6
1.96138e-6
3.47776e-6
-5.4328e-12
2.26131e-6
9.85058e-12
-1.57582e-11
1.47295e-11
-6.11173e-8
4.30123e-7
1.14304e-6
-2.83131e-11
3.8303e-11
-4.27104e-11
1.00971e-8
-1.56964e-8
3.77914e-11
-2.6791e-11
6.38925e-12
1.65892e-9
-6.25414e-9
4.88041e-12
6.13305e-12
-1.2639e-11
4.56452e-11
-1.31026e-11
1.97389e-11
-2.38075e-11
-5.94804e-12
9.27609e-11
-1.23699e-10
1.39801e-10
-3.20285e-11
2.17965e-11
-3.42453e-11
5.52319e-12
-1.69415e-10
2.6172e-10
-8.03015e-11
5.10387e-11
-2.94349e-10
5.70688e-10
-1.2532e-9
2.80679e-10
-1.29168e-10
8.18183e-11
2.97101e-9
5.42179e-9
-7.11352e-9
8.04261e-9
-7.72406e-9
-2.40639e-8
2.34609e-9
3.50716e-9
-1.55858e-9
-8.13367e-11
-2.46195e-10
1.67254e-8
-1.4979e-8
2.19028e-8
-2.5888e-8
2.39992e-8
-2.15567e-8
1.74588e-8
-1.15784e-8
3.93846e-9
-2.90211e-9
1.54474e-10
2.50924e-10
-3.78417e-10
-1.87854e-10
7.53665e-11
1.06288e-10
-3.40325e-10
6.65855e-10
-9.72109e-10
1.15454e-9
1.80152e-9
-1.03951e-9
-2.80579e-9
9.95654e-13
5.03506e-11
-3.2544e-11
7.45682e-9
1.60322e-8
-1.14804e-8
-2.45129e-8
-1.72148e-13
-5.0063e-12
-5.35182e-8
3.68783e-8
7.458e-8
1.0983e-12
1.01085e-12
-8.67258e-8
8.47774e-8
-1.60688e-12
-2.36032e-12
1.39161e-12
-5.17851e-8
1.49781e-7
-4.35556e-8
-5.60341e-13
3.62423e-13
-2.662e-8
2.97193e-8
6.55582e-8
-2.45113e-8
-1.834e-13
1.50788e-13
-6.99755e-8
4.38384e-8
1.53938e-7
-4.9845e-8
-6.99304e-14
4.83965e-14
9.09689e-8
-2.10892e-8
-1.97829e-14
7.10736e-15
-9.42146e-8
-2.76458e-15
-6.64382e-8
3.56117e-15
-2.65455e-15
9.60813e-8
-3.9664e-16
3.2467e-6
-8.90547e-16
-1.61177e-16
1.66361e-15
-7.86307e-5
3.75418e-5
5.96825e-15
-5.6537e-5
4.43224e-15
-1.94756e-14
1.70512e-14
-0.000199593
0.000238183
-3.77961e-14
0.00048495
4.95837e-14
-0.000390294
-9.80304e-14
0.000683504
1.43785e-13
-0.000680244
-1.94826e-13
0.000530282
2.1503e-13
-0.000421937
-2.18401e-13
0.000173742
2.13365e-13
-3.63389e-13
8.02744e-13
-3.02741e-12
2.69971e-5
-3.39954e-5
-1.53735e-5
5.8121e-12
-6.07748e-12
1.52962e-11
-3.00503e-11
2.79417e-11
-2.3505e-6
-5.65734e-6
-4.17657e-11
5.16916e-11
-1.71792e-8
1.59126e-7
-5.63045e-11
3.48781e-11
-1.14776e-8
2.45644e-8
-1.47296e-11
3.18038e-12
-5.43896e-10
2.88358e-10
-7.06557e-10
4.36767e-9
7.23275e-12
-1.255e-11
-1.73975e-10
4.33248e-10
4.69627e-11
-1.99368e-10
2.713e-11
-2.84697e-11
-4.50957e-11
9.1546e-11
2.98224e-11
-5.45472e-11
1.88197e-11
1.55847e-11
1.93821e-11
-1.57639e-11
3.64538e-12
-1.16631e-11
-8.03169e-11
-1.98278e-10
-1.12843e-10
4.70411e-11
1.32531e-11
-2.11564e-9
3.77847e-9
6.2482e-9
-4.12539e-10
1.37978e-9
-8.90401e-10
2.11846e-10
-1.88773e-8
1.33345e-8
-1.46686e-8
6.9262e-9
1.00628e-8
-1.30172e-8
1.03657e-8
-1.4604e-8
6.84146e-9
4.0535e-9
-2.66224e-9
1.05472e-10
-1.80827e-10
1.10417e-10
1.52232e-10
-1.34693e-10
-1.5372e-11
-6.79021e-11
1.73664e-10
-4.15283e-10
4.43909e-10
2.18868e-10
-7.71957e-11
7.95086e-10
-4.38223e-10
-4.12558e-12
2.69839e-12
-2.89198e-11
1.8108e-11
-4.11985e-12
9.38627e-11
2.13623e-9
-4.30905e-9
6.00491e-9
7.79019e-9
-7.22535e-9
3.76299e-12
-7.87587e-13
-1.63169e-13
8.25753e-13
-1.22021e-12
1.16681e-8
-2.15459e-8
-3.94211e-8
1.97092e-8
-1.59456e-13
9.62446e-13
3.82439e-8
-1.57089e-8
-3.07024e-8
1.93784e-13
-2.83461e-13
1.43721e-8
8.95333e-9
1.50678e-13
-1.30316e-13
-7.42396e-9
6.33274e-9
7.96336e-14
-6.57555e-14
-9.5395e-9
8.11268e-9
4.1047e-14
-2.55918e-14
-5.1438e-9
1.36289e-14
-6.16893e-15
-6.67153e-10
7.91066e-8
-8.96957e-15
4.6719e-15
-2.96305e-7
-1.89201e-8
-1.13913e-8
-3.7631e-15
3.53169e-15
-2.23851e-15
2.33741e-15
2.03478e-7
-7.95745e-7
-6.7687e-7
-4.22609e-6
6.0245e-6
5.19516e-16
2.06381e-16
-1.02354e-15
-2.17426e-5
4.71042e-5
3.2439e-15
-6.6551e-15
0.000167483
-0.000139388
-9.14395e-5
5.20752e-15
-8.93485e-5
1.91809e-15
-2.06875e-14
3.16269e-14
-0.000571376
0.000381719
-2.1149e-14
0.000511007
3.85672e-14
-0.000972127
-5.71973e-14
0.00126004
1.01246e-13
-0.000966749
-9.50935e-14
0.000596069
1.7709e-14
-5.44286e-14
1.54473e-13
-1.85221e-13
-1.08102e-12
1.71442e-5
5.97917e-5
0.00026528
-0.000164616
-0.000224466
2.06107e-12
-9.43791e-5
-3.73316e-12
6.94167e-12
-5.06921e-12
-1.11514e-11
1.0663e-5
1.99684e-5
5.99337e-6
-2.6698e-5
-4.06833e-5
2.44506e-11
-3.04103e-11
3.84842e-11
3.40842e-11
-4.35444e-11
7.83044e-9
-1.19916e-6
-4.23225e-7
1.91323e-6
4.03943e-11
-2.37849e-11
1.64354e-8
-9.98215e-8
6.25863e-12
-5.10968e-12
3.00639e-9
-9.67589e-9
-2.40537e-12
2.24535e-12
4.08391e-10
-1.06237e-9
-5.16117e-12
3.58132e-12
6.50543e-12
-1.53686e-10
-2.19284e-12
-8.38408e-13
-1.46575e-11
1.61866e-11
-1.95842e-11
6.48192e-11
9.58324e-12
-1.29445e-11
-5.63384e-11
2.15471e-11
7.25287e-11
-2.40411e-11
1.16768e-10
9.41827e-12
-3.00575e-10
1.26374e-11
1.18972e-9
3.0946e-10
1.01229e-9
-1.49369e-10
2.75543e-14
-2.10758e-9
-1.02016e-8
6.22764e-9
5.90059e-9
5.96607e-9
1.13282e-9
-5.77189e-9
5.31842e-9
-2.68374e-9
-8.14936e-9
1.05859e-8
1.85175e-8
-4.71125e-8
6.49069e-8
-4.99462e-8
3.1469e-8
2.07285e-8
-1.22076e-8
1.35476e-11
-1.12613e-10
-3.13312e-11
4.87832e-11
5.32568e-11
-2.06659e-11
-5.49981e-11
2.01647e-10
-9.19227e-11
-1.18593e-10
8.49756e-11
-6.30785e-11
-2.6148e-13
-2.81852e-11
2.71247e-11
3.85024e-11
4.13203e-10
-9.44249e-10
-1.73441e-9
8.32066e-10
2.23982e-9
7.87087e-14
8.2976e-13
6.43791e-9
-2.61838e-9
-6.82095e-9
-3.08446e-13
8.60679e-14
-1.1728e-13
1.26957e-13
5.2082e-9
1.07911e-8
-3.21369e-9
-2.09493e-14
-9.7607e-14
-6.38466e-9
1.8961e-9
-1.54516e-15
-1.68427e-14
-2.25194e-14
9.72323e-10
2.06734e-14
-2.31757e-14
-1.64008e-14
1.62186e-9
1.93551e-14
-1.59852e-14
-1.35687e-14
1.38712e-14
-1.36699e-9
1.49963e-9
9.31876e-15
-9.33676e-15
-2.70323e-9
-2.67716e-9
1.31578e-9
5.25859e-15
-2.32745e-15
6.01425e-9
5.74246e-16
2.33867e-8
-2.77796e-16
3.98565e-16
-6.86751e-7
-1.0679e-16
-1.86219e-6
-1.7125e-16
8.62701e-16
-7.55012e-16
4.79803e-5
-4.52313e-5
-4.08519e-17
-4.47084e-15
0.000202496
-9.23535e-5
-0.000121502
8.44533e-15
-4.31251e-15
-0.000113568
-4.65812e-17
1.63992e-14
-2.66572e-14
0.00251373
-0.00198047
1.98492e-14
-0.00169373
2.12192e-14
-4.59015e-14
2.49202e-14
2.82289e-14
-2.03554e-14
-2.56799e-13
0.000197177
0.000432417
0.0014313
-0.00104594
-0.00107144
5.66201e-13
-0.000709048
-8.51229e-13
1.52137e-12
-3.20373e-12
6.25152e-12
-1.10283e-11
9.94855e-5
0.000143219
1.7471e-11
-2.23436e-11
-1.68233e-6
-9.81179e-6
2.61587e-11
-3.03121e-11
-1.87611e-11
1.49412e-11
-5.29648e-8
5.14721e-7
2.69073e-7
-6.48009e-7
1.73203e-11
-1.85381e-11
1.04676e-11
2.55416e-8
5.6354e-12
-4.69573e-12
2.31805e-12
8.20392e-10
1.36781e-12
-8.338e-13
-1.4004e-13
-3.23641e-10
1.29665e-12
-1.8672e-12
2.31054e-12
-5.10967e-12
-2.33145e-12
1.37526e-11
-1.78619e-10
-2.29018e-10
1.01741e-10
1.60945e-10
1.92704e-12
-3.19278e-11
5.72004e-11
8.96192e-13
-3.02708e-10
-2.87274e-10
1.35145e-10
1.98692e-9
-2.0373e-9
-7.67543e-9
2.67016e-9
1.7714e-9
3.06448e-9
1.01118e-8
-3.26167e-8
2.36109e-8
-1.0797e-8
2.74543e-10
-3.77492e-10
-6.42691e-9
-1.18859e-7
1.47746e-7
-9.82203e-8
-8.07822e-8
7.82779e-8
-5.53561e-8
-2.75398e-11
-5.56457e-13
2.43104e-11
-2.03009e-11
1.16923e-11
4.05544e-11
-7.39215e-12
1.97797e-11
3.48794e-11
-5.89778e-12
5.46293e-13
-6.09887e-12
-1.40511e-11
1.00722e-11
9.03596e-12
-8.07351e-12
-2.35714e-11
9.0178e-11
-1.85323e-10
-1.16908e-10
4.62638e-11
-7.67657e-10
1.90236e-10
-1.35078e-13
2.15555e-14
-1.50315e-13
1.77351e-12
8.10388e-10
-2.05302e-10
2.17272e-9
-5.88076e-10
-1.06169e-14
3.44711e-14
-1.40952e-9
2.88328e-10
7.0429e-10
3.24393e-14
1.20461e-14
-1.13402e-14
-2.15098e-10
-6.47327e-10
-1.42074e-10
3.16529e-15
2.00006e-15
4.74507e-12
4.96075e-11
-8.31626e-10
4.26144e-11
-3.86666e-15
7.01482e-15
-2.73933e-10
8.60902e-11
-3.50949e-10
1.09588e-10
-5.6337e-15
5.91875e-15
5.26161e-10
-1.29406e-10
-4.90137e-10
-4.65633e-11
-3.77898e-15
4.14882e-15
-7.11133e-10
-2.51569e-15
1.14642e-15
5.58634e-9
-3.47988e-8
1.03477e-15
-5.26702e-16
1.98732e-7
-2.84065e-8
1.00603e-16
-9.68697e-17
1.10041e-7
-7.6306e-7
-8.9145e-19
9.22798e-17
1.02755e-5
-2.78928e-6
-2.65915e-16
9.04853e-6
1.07313e-16
1.97587e-16
-9.39043e-17
4.9918e-5
-2.88648e-5
8.35726e-16
-3.38509e-15
0.000172055
-7.99571e-5
1.22606e-15
2.39893e-15
6.44325e-5
-0.000204342
9.93799e-5
0.000316531
-7.04034e-15
8.02273e-15
0.00243814
-1.10796e-14
-5.12627e-15
1.51619e-15
1.19825e-14
-7.02904e-15
-0.0013549
-0.0014911
0.00141608
0.00164676
-0.00541002
0.00301724
0.00274811
-6.4542e-14
0.00429532
1.35133e-13
-0.00286644
-1.12933e-13
2.47825e-13
-5.83512e-13
1.48043e-12
1.09777e-12
-2.77815e-12
-0.000314222
-0.000342279
0.000864593
0.00119137
4.01479e-12
-8.89641e-12
-5.13064e-12
1.17034e-11
1.28788e-5
4.49798e-5
-6.35003e-5
-0.00017484
-1.47426e-11
2.12415e-11
1.02808e-7
2.4801e-6
-7.15694e-12
2.98108e-11
8.94942e-10
-1.09397e-7
4.83324e-8
4.94064e-8
1.69542e-13
1.25634e-11
5.31931e-9
-2.12689e-8
-1.35363e-8
3.99319e-8
-2.32216e-12
1.13101e-12
-2.48748e-10
-2.95602e-10
6.80128e-10
5.99664e-9
-3.73193e-13
8.59064e-13
3.13535e-13
-6.0927e-10
-2.23771e-10
1.93826e-9
-3.29654e-13
1.0754e-9
1.55556e-12
2.793e-12
-1.16015e-11
-9.78323e-12
1.13185e-11
1.95188e-10
-9.69514e-10
4.15655e-10
3.39001e-11
1.40741e-10
-4.12479e-10
-4.59848e-10
8.25774e-10
-1.73886e-9
-2.41871e-9
8.72287e-10
6.29924e-10
-1.03937e-9
1.04051e-9
-1.23694e-9
9.85957e-9
-6.42999e-9
1.88241e-8
1.56322e-7
-7.74167e-8
1.42215e-7
-1.43342e-7
6.97332e-8
7.80568e-8
-4.52781e-8
-1.32978e-8
6.06663e-9
-1.61823e-7
1.58222e-7
2.87032e-12
-3.23237e-12
-1.48902e-11
1.99632e-12
1.614e-13
2.14411e-12
-3.85511e-12
1.84916e-12
-2.29213e-12
-3.8418e-13
-2.43574e-13
5.60963e-12
-3.49683e-12
4.50227e-12
-4.10256e-11
1.69538e-11
2.96985e-11
-5.40971e-11
8.18902e-12
-2.92991e-13
5.15854e-14
-2.44667e-13
5.76413e-13
4.63852e-11
-7.14723e-12
1.17216e-10
-1.3413e-11
-6.08225e-15
1.01612e-15
-1.03437e-14
6.93386e-14
-3.13213e-11
-5.08211e-12
-7.99344e-11
-6.7645e-12
4.53877e-16
2.11233e-15
-1.14448e-12
5.83032e-12
-5.44684e-16
4.71866e-17
-6.52653e-16
1.06128e-11
1.90601e-16
4.63985e-16
4.09994e-16
-3.10356e-11
-6.14218e-16
1.14494e-15
5.57717e-16
-2.19738e-11
-5.50708e-16
6.17634e-16
9.05089e-16
-1.29581e-15
5.32314e-10
-1.90838e-9
-9.76257e-16
2.12616e-16
7.32991e-9
-8.08149e-10
-3.14842e-16
2.60477e-16
7.00063e-9
-5.94172e-8
-1.0962e-16
-3.3534e-16
4.5519e-7
-1.28238e-7
-1.03926e-16
-7.55591e-18
4.81347e-7
-9.00702e-7
1.03157e-16
-1.9941e-17
7.50506e-7
-7.01562e-7
-7.53643e-17
-7.04302e-17
4.68133e-6
-1.36185e-16
-2.95214e-17
-3.75536e-16
-0.00104225
0.000334386
-1.81681e-17
-1.977e-16
-0.00354966
0.00348717
6.72467e-17
4.26064e-16
-0.00264507
0.0035953
-0.00422946
-1.51837e-15
3.96309e-15
-0.00365688
0.00673327
1.44842e-15
-0.00907874
-2.67173e-15
0.00806757
-9.51041e-15
2.46014e-14
4.451e-15
-7.35444e-14
2.21378e-13
1.37496e-13
-4.02386e-13
-0.0022514
-0.00220148
0.00496775
0.0054447
6.42081e-13
-1.61195e-12
-1.39395e-12
2.39814e-12
0.0002541
0.000580993
-0.000865052
-0.00169356
-4.90088e-12
5.75084e-12
1.5258e-11
-3.12894e-12
-1.91204e-6
-1.62965e-5
1.44762e-5
8.14363e-5
-5.72396e-11
7.96162e-11
-2.79445e-11
-6.5429e-8
-8.3942e-11
9.30284e-11
-4.01537e-11
-2.87163e-7
-5.03194e-12
2.68589e-12
-2.59201e-12
2.00708e-9
-1.00553e-12
2.17156e-13
-1.64864e-13
-1.18521e-8
7.9345e-15
4.5795e-13
-4.63976e-13
-1.62539e-12
-2.48634e-9
5.06877e-9
5.10594e-9
-2.58291e-9
3.83755e-12
2.14475e-12
-2.08118e-11
-2.91579e-11
-1.11356e-9
3.98767e-9
-1.45567e-9
1.59684e-9
-1.17256e-11
1.84435e-10
1.57491e-10
-3.58378e-10
7.79133e-10
4.53641e-9
-1.17427e-8
5.90553e-9
8.94088e-10
2.40674e-8
-7.81765e-8
-2.38875e-7
2.43587e-7
-2.52647e-7
2.23192e-7
3.16202e-7
-1.99525e-7
-3.28009e-7
2.42842e-7
1.49434e-7
-1.06776e-7
5.36624e-8
1.03131e-12
-9.54145e-13
-8.5233e-13
-7.85239e-14
7.74257e-13
-1.93145e-13
3.55604e-13
-1.71824e-12
1.22725e-12
-5.00015e-12
-5.89134e-13
-3.15627e-12
-6.62782e-12
-2.36851e-14
2.54461e-14
-2.21432e-13
2.19089e-13
-3.22588e-13
3.12674e-12
1.62247e-12
8.95295e-14
-2.15634e-12
1.56599e-12
-1.51085e-14
3.25031e-15
-1.16141e-14
2.22696e-14
3.60199e-12
-7.93801e-13
6.31412e-12
-1.24032e-12
-3.93478e-16
-7.12748e-16
3.53131e-15
-4.74791e-13
-6.71165e-13
2.3278e-11
-4.87173e-12
2.22708e-16
-1.49946e-16
-6.49992e-12
1.88835e-12
-4.61031e-12
3.68136e-14
-7.6913e-17
-1.02023e-16
1.90323e-11
5.25851e-12
-1.9216e-11
-2.64665e-11
-1.71209e-16
-2.28329e-16
3.63379e-11
7.51353e-11
7.50189e-11
-1.92301e-10
-1.12223e-15
5.6866e-16
-3.15915e-10
8.86126e-11
2.26984e-10
2.11176e-15
3.65984e-16
7.93286e-10
-4.86593e-9
-5.81032e-15
-8.3106e-16
2.6203e-8
-1.71802e-9
1.14883e-15
7.06569e-16
6.37723e-9
-7.73813e-9
-3.85448e-15
-1.21741e-15
-2.98266e-8
-1.68049e-7
2.07503e-17
5.83351e-17
1.10741e-6
-2.71457e-6
-2.39533e-16
-3.55512e-16
1.46514e-17
8.50169e-17
1.02714e-5
3.24806e-6
2.97921e-5
2.60504e-6
-5.53442e-5
3.99708e-17
7.63737e-17
-0.000199085
6.35988e-17
-9.33899e-17
4.92293e-16
-7.03319e-16
2.65786e-15
7.52366e-15
-8.15838e-15
-1.41844e-14
3.44121e-14
0.00762124
0.00916417
-0.00851382
-0.0107946
0.0178561
-0.0240723
-0.0149063
1.15329e-14
-4.76868e-14
1.13745e-13
-2.55883e-13
-4.6356e-13
7.66706e-13
0.00256551
0.00441573
-0.00667386
-0.0101124
-2.87358e-12
4.67311e-12
9.44207e-12
-1.74029e-11
-7.7871e-5
-0.000330887
0.000335787
0.00114051
5.70965e-11
-2.23039e-10
1.94076e-7
1.29649e-6
-3.5167e-6
-8.79431e-6
6.45005e-11
-2.61122e-10
5.15043e-8
1.33404e-6
4.9253e-7
-2.61301e-6
-3.65972e-11
-5.36622e-12
5.25484e-8
-8.56662e-8
-1.4614e-8
-2.59537e-7
3.40088e-12
1.9975e-13
1.05526e-8
6.49252e-9
-1.4056e-8
-6.68021e-8
2.60848e-13
-2.35913e-12
2.99204e-9
-1.29769e-8
1.51948e-12
-9.47013e-12
1.84022e-12
-6.48929e-12
-1.03237e-8
1.54647e-8
4.09734e-8
-1.48406e-8
3.02266e-11
-1.48557e-10
4.10033e-11
-2.46602e-10
-1.16214e-8
2.73498e-8
1.33788e-8
-1.19879e-9
-7.43059e-10
2.08042e-9
8.30223e-10
7.45907e-10
-4.01601e-9
-1.93628e-8
5.71491e-8
-1.42851e-7
3.86848e-8
-3.55506e-8
-1.87299e-8
1.88862e-8
8.34875e-8
-2.22267e-7
3.42224e-7
-4.41344e-7
4.91313e-7
-3.59681e-7
-1.82607e-13
9.34028e-14
-1.21099e-13
4.40588e-13
-2.65623e-13
8.62608e-13
1.39839e-12
-1.20739e-14
3.49781e-14
3.07413e-14
1.10317e-13
-2.89566e-14
5.2533e-14
3.05738e-14
-9.69447e-14
2.20263e-14
-4.31723e-14
-5.13933e-13
9.2634e-13
-3.86405e-13
-1.07561e-12
-6.84692e-13
1.59331e-13
-3.79861e-15
1.72999e-15
-7.13082e-15
-1.33106e-14
2.20263e-14
1.32277e-13
-1.55148e-13
1.61587e-13
-9.81723e-16
2.34444e-16
-5.96644e-16
1.04968e-15
3.16676e-13
-1.17892e-13
7.58219e-13
-1.45754e-13
7.34889e-17
3.15629e-16
8.31879e-13
2.49854e-13
-7.09282e-16
2.06478e-16
3.66037e-16
1.03754e-12
-1.27894e-15
-8.05624e-18
8.78519e-16
8.62925e-12
-2.20925e-15
8.91855e-16
2.51493e-15
-5.64722e-15
5.20303e-10
-8.08715e-10
-4.39682e-15
1.70324e-14
8.16844e-10
3.008e-9
1.79675e-14
-6.92055e-16
-1.381e-9
-6.54238e-9
-4.40352e-14
1.14792e-14
3.28266e-8
-2.9412e-9
1.00296e-14
1.34769e-15
-2.74874e-8
3.42613e-8
-1.19915e-14
-3.49299e-15
-2.95905e-6
1.87277e-6
1.3165e-15
2.94464e-16
1.35799e-5
-1.0449e-16
0.000297267
4.13722e-16
1.94112e-17
1.54197e-16
-6.66624e-17
0.000919527
-0.0010537
0.00137697
-0.000580325
6.23449e-17
2.09457e-17
0.00282842
-0.00306065
-0.00285656
3.51718e-17
-1.56553e-16
-0.00639514
0.00776984
0.00541146
1.99165e-17
1.65305e-16
0.0114908
-0.0163242
-0.00947163
8.41311e-18
-3.60258e-16
-0.0152203
0.0250003
0.0146768
5.54572e-16
-1.84059e-15
0.0244572
-0.0229862
6.23442e-16
-3.24792e-15
2.32877e-15
4.00065e-14
-5.28035e-14
-1.52105e-13
2.54273e-13
0.0149346
0.0180234
-0.0296576
-0.0398901
-8.84882e-13
1.87813e-12
1.98681e-12
-6.45707e-12
-0.00121194
-0.00340228
0.00375031
0.0088295
2.20677e-11
-2.30253e-11
-1.16249e-10
5.47318e-12
1.32882e-5
4.69992e-5
-3.78867e-5
-0.000217616
2.79381e-10
-7.9038e-10
2.42597e-10
7.29462e-6
2.05185e-10
-8.8988e-10
3.51648e-10
6.70239e-7
-2.52835e-10
8.52133e-11
-1.1605e-11
3.10595e-7
8.0027e-12
-1.70051e-11
1.94506e-12
9.95743e-12
2.63714e-8
-1.38061e-7
2.57915e-8
1.17258e-7
4.73599e-11
-9.16916e-12
-2.85654e-11
2.46182e-10
-2.23214e-8
6.7085e-9
1.16298e-7
-6.06549e-8
8.09697e-10
-3.85897e-9
9.82798e-10
-5.18989e-9
-5.40613e-8
9.12954e-8
9.32071e-8
-4.05117e-8
-5.24421e-9
5.36983e-8
-1.52997e-7
2.51482e-7
-1.37439e-7
-4.36857e-7
2.8401e-7
6.93467e-7
-4.7032e-7
-8.43126e-7
5.7831e-7
7.60823e-7
-5.09027e-7
-4.62921e-7
3.85483e-7
-2.00293e-7
8.6237e-8
-1.54581e-8
-4.75452e-14
8.1303e-15
6.91463e-15
-8.05548e-16
-1.80339e-14
-5.51922e-15
1.67034e-14
7.11799e-15
-1.47883e-14
1.89164e-13
-1.90875e-14
9.17939e-14
1.80858e-13
-5.01049e-15
2.18035e-15
1.05027e-14
3.51997e-15
1.93356e-15
-6.15478e-14
2.2421e-15
-7.12923e-14
-1.459e-13
-1.30272e-13
-3.25234e-16
-5.14408e-16
-8.68214e-16
3.20939e-16
1.94709e-13
5.74625e-13
3.80206e-13
-3.03173e-13
-1.28456e-17
1.77243e-16
1.43369e-15
-3.68738e-13
-1.8031e-12
-4.32157e-12
-2.06301e-15
2.62716e-15
3.2514e-16
1.62754e-11
8.13291e-12
-2.93789e-11
-3.08385e-15
1.84857e-15
2.18755e-15
1.51818e-10
-7.14389e-12
-2.45461e-10
-8.13557e-15
2.44157e-15
4.56238e-16
9.42251e-10
-3.91183e-10
-2.23984e-9
6.08998e-16
5.95385e-15
2.53814e-15
-7.92732e-14
4.8582e-9
-1.24352e-8
9.45587e-14
2.74962e-13
1.49875e-8
5.02766e-8
1.01357e-13
-7.14277e-14
-6.56668e-8
5.19334e-8
8.21341e-14
1.53476e-13
1.67169e-7
-7.36582e-7
1.83444e-14
1.57504e-14
-1.91772e-15
-1.54121e-6
-1.22292e-5
-2.56386e-15
-5.85493e-5
1.12997e-5
6.80598e-15
8.4113e-16
1.65628e-5
-2.36022e-5
-3.9786e-16
-3.70264e-16
0.00059844
-3.77829e-16
3.2095e-17
-9.47432e-17
-2.14288e-16
-3.19779e-16
-7.23189e-17
5.56071e-15
-8.81454e-15
9.8932e-15
-2.65765e-14
-0.0661251
-0.0448524
0.048775
0.0520256
0.0694805
0.0449693
4.71019e-14
1.59704e-13
3.92627e-13
-2.06599e-12
-2.90742e-13
-0.0101379
-0.0198869
0.0227271
0.0387086
7.44124e-12
-6.23786e-12
-3.8091e-11
-6.45289e-13
0.000103486
0.000841722
-0.000184813
-0.00283727
1.31984e-10
-3.79887e-10
3.28767e-13
2.00694e-6
-3.5956e-5
0.000105278
8.62769e-10
-2.33724e-9
7.28141e-10
8.94164e-7
-6.60817e-6
1.74245e-5
6.49389e-10
-2.73262e-9
1.18806e-9
3.29463e-7
-2.56594e-6
6.87377e-6
-1.0752e-9
5.55266e-10
3.67751e-13
-1.66758e-11
-8.73283e-7
2.46655e-6
1.22176e-10
1.36506e-9
-2.44653e-10
3.44368e-11
1.47835e-7
-4.06508e-7
-1.91433e-8
7.77312e-7
1.50978e-11
3.09654e-9
-2.25831e-9
1.20631e-8
3.22314e-8
-1.05948e-7
7.37652e-9
-9.40687e-8
1.52224e-8
-1.83419e-8
-1.13275e-8
1.69392e-8
-3.90432e-9
2.67946e-7
9.05041e-8
3.44901e-8
-3.3595e-7
2.74799e-7
-1.15801e-7
-1.81771e-7
-3.25303e-7
6.28397e-7
-9.68683e-7
1.10837e-6
-9.34532e-7
5.75397e-7
5.99386e-15
2.48914e-15
1.14279e-15
7.43228e-16
1.08842e-14
-1.74771e-14
-6.79409e-14
-3.41007e-15
-3.14218e-15
-1.01479e-16
-4.53056e-15
-1.82189e-16
-4.15311e-15
-8.10517e-15
-1.50124e-14
-1.98123e-14
-1.36591e-14
1.17036e-14
2.57089e-14
6.00515e-14
-2.94405e-14
1.33196e-13
-1.09754e-15
3.4047e-15
3.26601e-15
1.92935e-16
-8.42258e-16
-3.88707e-13
-6.8799e-14
1.58477e-13
-1.39058e-12
1.59123e-15
-7.28805e-15
-3.79793e-15
-4.11995e-15
-8.00119e-15
4.34303e-12
3.87201e-12
3.22571e-12
1.63604e-14
1.30488e-14
-5.15601e-15
-1.24967e-11
-1.65484e-11
-5.71164e-11
6.65661e-15
1.38792e-14
1.06078e-15
2.05669e-10
1.14712e-10
-4.10601e-10
-1.27839e-14
2.35561e-14
-9.06624e-16
1.53574e-9
4.89461e-10
-9.36083e-10
-2.03297e-14
5.5078e-14
-8.11285e-14
2.99508e-9
-4.00288e-9
-1.41186e-8
2.01758e-13
7.74146e-13
-5.71929e-13
5.53282e-13
-3.51448e-13
1.61059e-8
-1.98747e-7
4.809e-7
2.35655e-13
7.88595e-13
-5.01382e-13
4.56924e-13
-1.05487e-13
-1.23612e-6
2.01541e-6
-7.12352e-14
5.92506e-6
-9.10391e-6
1.36416e-13
4.19288e-14
-4.71129e-6
0.000107477
-7.69548e-15
1.41731e-15
8.54588e-16
-6.97503e-5
-0.00077656
-8.46354e-15
2.07146e-15
-0.00114238
0.000671474
-3.57586e-15
1.43143e-16
0.00168728
0.00213661
1.31986e-15
-1.67227e-17
0.00218276
-0.00739853
-2.40985e-15
7.45774e-16
-0.0173393
0.019698
-1.82458e-15
4.74633e-16
0.0396781
-0.0351721
-1.60692e-15
3.16745e-16
-0.0620209
5.99948e-16
5.13834e-14
-5.32815e-14
-3.01442e-13
4.20811e-13
-1.33315e-13
0.0680815
0.0840013
-0.0631386
-0.042241
-0.0964508
-0.0900643
-2.57991e-13
3.58308e-12
-1.09541e-11
8.66106e-12
-3.98928e-12
-2.36375e-12
-9.76221e-5
0.00984218
-0.0214049
4.85107e-11
-1.17835e-10
-2.39565e-11
-1.21816e-5
-0.000366038
0.000981654
3.83685e-10
-1.03137e-9
-3.7426e-11
2.86621e-6
-6.24636e-5
0.000198999
2.585e-9
-7.08593e-9
2.14065e-9
8.8684e-7
-2.10802e-5
5.88053e-5
2.02148e-9
-7.28642e-9
4.20992e-9
1.58815e-7
-6.78769e-6
1.86185e-5
-6.21161e-9
1.46066e-9
1.33026e-9
-7.35671e-10
-2.14109e-6
6.10788e-6
-2.10349e-9
-7.44482e-9
2.29325e-8
-1.03724e-8
-1.38077e-9
1.48034e-10
3.89114e-7
-5.7187e-7
1.68583e-6
-2.02422e-8
2.35593e-8
1.3386e-8
-8.26611e-8
5.18391e-8
-2.56027e-7
-3.46229e-7
5.36504e-7
2.30305e-7
-1.48476e-7
2.37865e-7
-5.33218e-8
-5.16837e-7
8.11382e-7
-4.60849e-7
4.466e-7
1.14865e-6
-8.44716e-7
-1.41724e-6
1.22956e-6
1.27551e-6
-1.27423e-6
-5.99846e-7
9.0016e-7
-2.09949e-8
-4.07583e-7
3.45395e-7
6.77225e-15
1.12995e-14
1.1339e-14
3.90109e-14
5.58451e-14
5.14214e-14
3.11559e-14
1.30212e-14
-1.515e-13
-5.71257e-17
-1.64301e-14
-8.30357e-15
9.92006e-15
-4.42756e-14
-6.52073e-14
2.6613e-14
-1.39674e-13
-1.59948e-13
-9.29551e-14
-1.09707e-13
-8.01449e-15
2.96014e-13
3.99312e-13
1.55773e-12
-2.44347e-12
4.12913e-14
4.04928e-14
3.63107e-15
-1.92003e-14
3.94805e-14
-6.0924e-13
-5.01493e-12
1.12081e-11
-3.64857e-11
3.54654e-12
-4.96596e-14
-5.89279e-14
-6.80825e-14
-1.21023e-13
5.75755e-11
9.52529e-11
-2.23527e-11
1.40621e-10
2.2035e-13
6.63142e-14
-4.61541e-14
-3.01532e-10
-5.72913e-10
-6.2078e-10
1.11907e-13
1.31054e-13
-5.12628e-14
1.80962e-9
1.13963e-9
-6.32109e-9
7.12567e-14
2.64993e-13
-2.20334e-13
9.98505e-9
2.19342e-8
1.14678e-8
4.15088e-13
1.33873e-12
-1.13816e-12
1.0787e-12
-9.14894e-13
-3.03457e-8
-5.0187e-8
-6.3988e-9
-6.26677e-8
4.07655e-7
2.13939e-13
1.46631e-12
-1.25877e-12
1.21045e-12
-9.09782e-13
-1.33558e-6
2.15946e-7
3.56196e-6
5.71773e-6
-2.23191e-5
3.15115e-14
7.99976e-14
-1.09556e-13
5.01645e-14
-7.73118e-15
2.36562e-5
-0.000502172
-6.37096e-14
1.01613e-14
0.000536396
0.00100212
5.02473e-14
-0.0156756
0.00148123
-2.53495e-13
-1.26495e-13
2.38093e-14
-8.38698e-15
0.0368291
-0.082499
0.0635068
-0.0115142
-1.48007e-14
5.84737e-15
-0.033329
0.0709092
0.0105216
-1.4106e-14
6.9171e-15
0.0162458
-0.054984
0.00550698
-2.15079e-14
5.00467e-15
0.0153778
0.0252898
-0.0331137
2.2698e-14
-7.64759e-15
4.6216e-15
-0.0706029
0.0710931
8.18141e-15
-1.86686e-14
0.101325
3.27238e-15
1.75739e-13
-2.38393e-13
1.37225e-12
-1.02374e-12
-1.36642e-12
-0.0124625
-0.0607576
0.033705
0.0112109
0.099154
1.09444e-11
-3.2119e-11
2.83232e-11
-1.56516e-11
-2.25104e-11
0.000642281
0.00184796
-0.00334007
-0.000791664
-0.00758374
1.45193e-10
-2.66603e-10
-5.18836e-11
-5.05182e-5
-7.38034e-5
0.000420843
9.28371e-10
-2.46184e-9
-1.42783e-10
-1.80327e-5
-1.55888e-5
6.1423e-5
7.32935e-9
-2.29891e-8
5.66036e-9
-5.85734e-6
-4.97936e-6
2.26941e-5
9.34952e-9
-4.68162e-8
3.76617e-8
-1.8941e-6
-1.54486e-6
7.15024e-6
-5.13046e-8
8.24953e-9
3.95875e-8
1.49005e-7
-1.00958e-7
1.88809e-7
6.14955e-7
-7.06832e-7
2.03246e-6
-4.69493e-7
1.46486e-7
-3.23751e-8
6.62521e-9
-6.30209e-7
3.23691e-7
-5.4353e-8
1.1265e-7
-9.24375e-8
-1.63485e-7
-2.53617e-8
7.71187e-7
-9.47153e-7
5.86423e-7
-9.71149e-7
8.43028e-7
-2.26606e-6
2.83213e-6
-1.85402e-6
-1.60797e-6
1.60792e-6
5.32152e-7
-9.73879e-7
2.95332e-8
1.35955e-8
5.11143e-7
-9.85571e-7
5.82376e-7
9.07018e-7
-8.66142e-7
-4.85874e-7
5.08108e-14
-6.83378e-14
3.86762e-13
9.14383e-14
-4.75655e-14
2.72557e-13
5.2334e-13
3.93522e-13
1.87803e-13
-1.50856e-12
-5.34789e-13
-2.47892e-13
6.3377e-16
3.48973e-14
-4.35492e-13
-1.1452e-13
-1.23766e-12
1.02181e-12
-8.02159e-13
5.59334e-12
3.79992e-12
1.94589e-11
-1.90081e-11
2.33979e-13
2.61191e-13
3.27547e-13
1.819e-14
8.05786e-13
-6.01836e-11
-2.4014e-11
2.4988e-11
-4.51823e-10
-5.88305e-11
-8.30404e-13
-5.43278e-13
-1.5715e-12
-3.75218e-13
1.19524e-9
7.01965e-10
4.21428e-10
2.79952e-9
2.44796e-12
8.50048e-13
-5.45233e-13
-6.27572e-9
-9.92216e-9
-3.15638e-9
1.03051e-12
1.28711e-12
-9.91082e-13
-2.38456e-8
2.25337e-8
-9.1573e-8
2.03137e-12
1.60281e-12
-1.8267e-12
1.98861e-12
-1.60009e-12
2.67248e-7
2.85278e-7
2.01068e-7
-3.20618e-7
-4.38957e-7
2.76804e-12
1.91588e-12
-1.91121e-12
2.0338e-12
-1.6813e-12
4.46753e-7
1.6173e-6
1.62718e-6
-4.15594e-6
-1.07269e-5
1.44262e-12
3.97407e-13
-2.2409e-13
1.26627e-13
-8.36652e-14
-5.46863e-6
7.51953e-5
-0.000210994
7.12751e-5
-3.62247e-13
2.65055e-13
-0.000338353
0.00251561
-0.00344117
1.44287e-12
-4.30583e-13
3.3207e-13
2.73628e-15
-0.112353
3.14009e-14
4.32233e-14
5.65594e-14
-1.22926e-13
8.54737e-14
5.6577e-15
-3.68232e-15
2.26715e-14
-1.65485e-14
-0.0341296
-0.00536137
0.0627885
0.0592258
-0.0506035
-0.0923413
-1.71528e-13
-0.0583703
5.7763e-13
-4.60573e-13
5.67102e-13
-2.86568e-12
2.00949e-12
-0.00648318
-0.00763799
0.0266562
0.00668445
0.0267136
2.24772e-12
1.87871e-11
1.15166e-10
-3.81705e-11
-1.49493e-10
0.000490197
-0.000440091
-0.0012869
-0.000345374
-0.00125646
6.77814e-10
-1.3483e-9
-4.77343e-11
-3.79227e-5
6.13412e-5
-2.19606e-5
4.7491e-9
-1.28097e-8
2.04386e-9
-1.01929e-5
1.03709e-5
-6.12572e-6
4.08997e-8
-1.05875e-7
8.52575e-8
-2.90479e-6
2.39427e-6
-1.19271e-6
-6.6347e-8
1.39249e-7
-2.02547e-7
8.01146e-7
-7.05788e-7
3.03003e-7
-8.09342e-9
1.6015e-8
-7.39126e-8
3.67935e-7
6.70871e-7
-5.69169e-7
9.29983e-7
-3.18007e-6
1.74642e-6
8.56019e-8
8.22891e-8
-5.29046e-8
-7.54026e-8
-3.05465e-8
-2.65778e-6
1.08007e-6
1.45743e-6
-1.17559e-6
1.55782e-6
-2.71838e-6
2.46937e-6
1.26783e-7
1.15059e-6
-1.43626e-6
8.91877e-7
-1.08424e-6
-3.0197e-7
4.62314e-7
-1.70017e-6
7.49185e-7
2.05062e-7
-9.99096e-7
-4.38444e-13
-1.17762e-12
-1.65824e-12
-1.26433e-13
1.89956e-13
4.50156e-12
8.45396e-13
1.18851e-12
1.67625e-12
4.61533e-12
3.25292e-12
-4.71665e-13
3.29743e-12
-7.82361e-12
-2.98836e-11
-1.04541e-12
2.30891e-12
-2.30695e-12
-5.21541e-12
-6.69372e-12
-1.63522e-11
-3.33723e-11
1.33755e-11
6.71002e-11
1.24335e-10
3.83875e-11
2.73021e-10
3.79735e-12
1.34107e-11
-2.70485e-13
7.52805e-12
-1.17828e-11
-1.47022e-9
1.05806e-9
-1.14775e-9
-2.85752e-9
-4.5649e-9
-1.27029e-11
-4.88347e-12
-6.10661e-12
-1.40779e-11
6.93899e-12
4.61808e-8
-2.60978e-8
1.2788e-8
4.72001e-8
-4.69973e-12
-8.04696e-12
-2.18318e-7
1.15097e-8
1.7927e-7
-8.91771e-12
4.43525e-12
-3.72112e-12
-5.62039e-7
-1.79439e-6
-1.09898e-6
2.7142e-7
4.81535e-6
-1.99923e-11
-1.79989e-12
-2.41657e-12
3.96247e-12
-3.2721e-12
-2.20341e-6
-3.75137e-5
2.62617e-7
-3.36504e-5
5.58633e-5
-4.13273e-12
2.30244e-12
-1.83796e-12
1.0056e-12
-2.14557e-13
-0.000339748
0.000113717
-0.000295004
0.000935394
-2.11409e-12
5.23279e-13
-0.00360382
0.000758345
0.00509216
-8.65786e-12
-2.09771e-12
3.90028e-13
3.13961e-13
-7.6973e-14
0.221789
-0.31773
0.105628
-0.166193
3.36663e-13
-1.32465e-13
0.12409
-0.101149
4.48795e-13
-1.30281e-13
-0.0915906
0.0813482
3.92913e-13
0.0527346
-7.40991e-13
3.71382e-13
6.49013e-14
-1.24098e-13
4.57337e-13
1.48871e-13
-0.00788489
0.0125198
0.00655175
0.0173988
-0.0597417
-0.0249446
-1.80357e-12
-0.0135351
6.06058e-12
-1.11241e-11
8.23328e-13
-6.76228e-13
-2.46349e-12
-0.00127686
0.000150468
0.0047835
0.000858185
0.00407657
-7.18279e-12
2.38901e-11
-2.80633e-11
-2.67227e-10
4.91461e-10
6.16958e-5
-0.000203005
-6.14128e-5
-7.00214e-6
0.000110908
-1.8576e-9
5.17388e-9
4.83062e-7
5.47253e-6
-1.18937e-5
-1.33379e-8
2.3881e-8
1.96045e-7
1.60215e-7
3.64254e-8
3.66929e-9
3.49617e-7
-1.00037e-6
2.14693e-6
-1.14927e-6
3.49972e-9
1.26712e-9
3.41725e-9
-1.57064e-8
-2.15296e-8
1.29741e-6
-2.82692e-6
6.10233e-6
-1.01911e-5
6.34278e-6
5.8605e-8
5.65094e-9
-2.04444e-10
-6.81722e-9
2.7135e-8
-6.97758e-6
3.38028e-6
4.84654e-6
-3.70315e-6
3.75061e-6
-2.6866e-6
2.29966e-6
1.09298e-6
1.0165e-6
-9.65605e-7
5.34481e-7
-6.84634e-7
-1.14199e-7
1.77943e-7
-1.38487e-7
1.07249e-6
-1.83928e-6
5.6286e-7
2.29135e-6
-1.8736e-6
-2.67324e-6
1.27164e-6
-1.03716e-12
-8.63779e-12
-1.46495e-11
-2.27591e-12
-1.27342e-11
4.0513e-11
7.01274e-12
2.72709e-11
-6.72729e-11
3.50088e-12
3.9576e-11
3.09319e-11
-1.43725e-11
-1.26258e-11
1.01569e-10
-5.74017e-10
-4.24971e-11
4.42759e-11
-6.68964e-11
2.14857e-10
-6.47851e-11
-1.90289e-10
1.71381e-10
2.17722e-11
1.17045e-9
-3.8676e-9
8.5672e-9
4.89382e-11
3.49227e-11
4.76785e-11
8.91323e-11
-1.39762e-10
7.41405e-9
6.40593e-9
-4.76036e-9
5.42165e-8
-8.57607e-8
2.91956e-11
3.1051e-11
-2.35288e-10
-1.81951e-10
-1.86666e-7
5.99633e-8
5.41621e-7
6.49071e-7
4.77662e-11
2.53477e-11
-1.60664e-10
-2.02681e-10
-1.07614e-6
-1.31674e-6
1.01183e-6
4.59224e-6
-2.37245e-10
-2.58114e-11
2.11032e-6
-1.29653e-5
-2.07631e-5
1.02948e-10
-6.69175e-12
-7.76936e-12
0.000125866
3.83592e-5
0.000111791
-0.000229614
8.04632e-11
-0.000158681
-1.83243e-11
9.25801e-12
-2.11169e-12
-0.000228635
-0.00488203
-5.81988e-5
0.00285411
-3.83056e-11
1.87604e-11
-0.0126796
-0.00103109
-2.78066e-11
0.0393899
1.23626e-11
1.21265e-12
-6.78386e-13
0.435808
-0.390897
0.19286
-0.257268
3.91283e-12
-1.45038e-12
0.138615
-0.133443
4.56561e-12
-1.2257e-12
-0.0823933
0.0913812
3.48873e-12
0.0529652
-3.0034e-12
-1.35882e-12
5.66009e-12
2.19638e-12
-9.82717e-14
-0.00133742
0.000868482
-0.00498131
0.00324383
-0.0474216
-0.00503722
-9.32707e-12
-0.00167287
3.56042e-11
1.91998e-11
-7.72625e-11
-6.2884e-11
-0.000133468
0.000328594
0.000207879
-1.23489e-5
0.000203304
4.70109e-10
-2.84896e-10
-2.43e-9
1.521e-9
-1.05337e-6
9.32941e-7
2.06225e-5
-1.60102e-5
1.06036e-8
-6.67881e-9
-4.0007e-8
2.6767e-8
-1.1691e-7
2.22497e-6
-8.85992e-7
7.05177e-8
1.32149e-7
-9.42836e-8
-3.84906e-7
2.9916e-7
2.1689e-8
1.16442e-8
-8.08153e-8
8.19675e-8
9.97778e-7
-2.17411e-6
-5.91721e-10
-9.16407e-10
-4.19737e-9
3.95609e-6
-3.35682e-6
-6.30191e-6
8.95732e-6
1.87088e-8
-5.32363e-9
9.811e-9
-2.6068e-9
3.76985e-9
-9.46793e-6
9.99007e-6
6.80934e-6
-8.07373e-6
-2.14261e-6
1.22819e-6
1.44576e-6
4.24472e-7
-1.81946e-6
9.37431e-7
-5.74253e-7
-7.39595e-8
7.44957e-8
2.40471e-6
-1.06493e-6
-5.92968e-6
4.07269e-6
8.80864e-6
-4.80908e-6
-6.71649e-6
4.25419e-6
-3.66984e-11
-2.65874e-12
-1.79038e-10
3.02719e-11
-4.2466e-11
7.52409e-11
2.37261e-10
1.61571e-10
2.24555e-11
6.98277e-11
6.08822e-10
-7.00813e-10
-5.62549e-12
4.75642e-10
-1.77345e-9
-4.83176e-10
-1.7718e-10
-7.85691e-10
-5.4245e-10
7.43977e-10
3.00535e-10
-5.85233e-10
-3.99487e-10
1.38164e-10
-6.36422e-10
-1.64092e-9
3.56821e-9
-3.32835e-9
5.29714e-10
-4.81052e-9
-1.48748e-8
-3.6334e-8
1.11934e-9
1.12192e-9
2.04852e-9
3.20932e-9
-2.38631e-9
4.42302e-8
3.70485e-9
1.07639e-8
9.15604e-8
1.29431e-7
9.62856e-10
9.32056e-10
-6.43812e-9
-5.38981e-9
-5.65683e-7
5.18652e-7
1.74966e-6
5.19545e-6
1.23219e-9
9.03828e-10
-5.278e-9
-5.38775e-9
-2.58874e-6
-5.12983e-6
-6.39526e-6
1.24455e-5
-4.15922e-10
-2.58082e-10
-6.59704e-9
-1.39018e-9
6.81646e-5
-0.000143747
-0.000307882
-0.000423452
2.90047e-9
7.89439e-10
-2.70136e-10
0.00105725
-0.00138952
0.00185251
-0.00307016
-1.07735e-11
2.52676e-11
3.80378e-10
0.0074391
0.0138593
2.01321e-10
-3.23828e-10
1.30509e-10
-0.0169834
0.0135641
-0.0455937
0.0366187
-3.78282e-10
6.5542e-11
-0.0676523
0.185208
-1.39597e-11
-1.13752e-10
1.82237e-11
0.0327239
-0.0236669
0.144408
-9.76487e-12
-4.83456e-11
4.45018e-11
-0.0265852
0.0391715
-0.0926688
-1.72919e-11
-1.95333e-10
4.50803e-11
0.0175095
-0.0381259
0.0780517
-8.15017e-11
-1.35266e-11
-0.00379717
0.0155055
8.67103e-11
-1.00663e-11
0.000711292
-0.00141234
-1.66985e-11
-3.79206e-12
0.000306771
-0.000917467
2.9623e-11
-1.79179e-11
-1.30651e-10
1.33743e-10
4.29559e-10
2.66455e-10
6.27074e-5
-5.73466e-5
-0.000101694
-5.63224e-5
-0.000149991
0.000115269
-6.92274e-10
-2.1153e-9
2.7728e-9
8.43496e-9
-1.09916e-8
-1.27296e-6
1.11054e-5
-2.29096e-7
1.55214e-5
-2.83634e-8
3.86406e-8
8.60295e-8
-1.2058e-7
5.79013e-8
2.08997e-7
-4.15115e-7
4.9766e-7
-2.32784e-7
3.34145e-7
5.56399e-7
-8.17735e-7
1.7593e-8
9.89142e-11
-2.14591e-8
-9.90255e-8
-1.15095e-6
1.7537e-6
2.10271e-6
-3.26368e-6
4.10651e-9
8.2938e-9
-8.79557e-10
-3.93205e-8
-3.27818e-6
5.08579e-6
3.74339e-6
-6.5046e-6
-3.02406e-6
6.41194e-6
7.31715e-8
5.74973e-9
-1.3504e-8
-5.769e-8
1.04293e-8
-6.92743e-9
4.78084e-7
-3.75942e-6
3.16781e-6
-7.29664e-7
-6.00941e-6
4.83212e-6
-3.59651e-6
6.1884e-6
-5.54814e-6
5.58169e-6
-4.3069e-6
4.19343e-6
-5.83138e-6
2.29628e-6
-1.61872e-6
2.40138e-6
-1.96725e-6
2.1223e-6
-1.2722e-7
-3.94808e-7
1.8615e-9
-3.68512e-9
1.95727e-9
4.63887e-10
-4.4399e-10
3.5965e-9
2.91625e-9
-1.03269e-8
4.19433e-9
-1.4037e-8
-1.1137e-8
8.00378e-9
-8.67726e-9
-1.87298e-9
1.82713e-8
-1.96089e-9
-1.29696e-9
7.18273e-10
-1.62115e-8
3.61909e-9
2.68903e-8
-6.31697e-8
-1.89227e-8
-1.72907e-7
2.83605e-8
2.93606e-8
-3.01933e-8
3.7885e-8
-4.75781e-8
1.26988e-7
2.55044e-7
-6.65947e-9
8.2381e-8
-2.30092e-7
2.85498e-8
2.7433e-8
-1.47022e-7
-1.39424e-7
-2.54122e-6
3.553e-6
1.31592e-5
3.33308e-5
3.05964e-8
2.68579e-8
-1.468e-7
-1.36224e-7
-5.10049e-5
4.22921e-5
0.000176534
0.000480695
-1.07237e-8
-9.37781e-9
-1.55043e-7
-3.79968e-8
-0.000522935
0.000391232
0.00120653
0.00370721
2.90511e-8
-2.18161e-8
4.25527e-9
-0.00370589
0.00186796
-0.00728446
0.00615124
-1.66985e-9
1.55427e-9
1.7227e-8
-0.00858978
-0.0246606
-3.29478e-9
-5.17125e-9
1.12306e-9
0.0155747
-0.00829159
0.0338538
-0.0194847
-1.3956e-9
-8.81333e-11
0.0152424
-0.0231253
5.5368e-10
4.55982e-10
-0.0108854
0.0175108
-2.6579e-9
6.16302e-10
0.00562631
-0.00949176
-1.16516e-9
2.60582e-11
-0.00164839
0.00222666
4.93317e-10
-2.50751e-10
0.000554651
-0.000562186
4.13983e-10
-1.59536e-9
-7.11783e-10
6.23173e-9
-5.13265e-10
-3.39435e-10
-5.24257e-5
4.69874e-5
2.67235e-5
3.10779e-5
-0.000482581
-5.61213e-5
1.30763e-9
1.25546e-8
-6.32542e-9
-6.94303e-9
1.74364e-8
1.98736e-6
-6.64631e-6
-3.2798e-6
-1.20776e-6
2.64803e-8
-5.19891e-8
-6.52782e-8
1.37128e-7
4.72032e-7
-2.03146e-7
-1.58313e-7
-1.13984e-6
1.12072e-7
-3.12869e-7
-1.66375e-7
6.26803e-7
1.25683e-7
3.64772e-7
-5.38965e-8
-2.32154e-6
7.47907e-8
-9.64595e-7
-3.459e-7
1.59249e-6
3.44787e-9
1.86333e-7
-2.82059e-8
-7.20771e-7
-6.03032e-7
-1.40477e-6
3.95541e-6
3.3391e-7
-3.06954e-6
2.18735e-6
-5.504e-9
-4.25886e-7
8.09854e-8
3.11308e-7
9.12876e-8
6.54768e-8
6.52746e-6
-5.22505e-6
-8.59403e-6
7.2741e-6
8.35659e-6
-7.03092e-6
-6.70388e-6
5.1075e-6
4.1881e-6
-2.72752e-6
-2.19335e-6
1.807e-6
3.00198e-8
-7.08849e-9
1.10508e-8
-1.36288e-9
6.19279e-8
-5.72785e-8
-1.00342e-7
1.63821e-7
2.58811e-8
-6.22496e-8
5.06833e-8
-7.18874e-8
1.09798e-8
-1.91076e-7
2.20447e-8
-7.30019e-7
-1.18949e-7
5.3718e-7
6.00863e-7
-6.41093e-7
2.12831e-7
2.41414e-7
-1.2753e-6
1.21394e-7
-2.01606e-7
3.64626e-7
-7.76852e-8
7.83074e-7
-3.75423e-7
2.82629e-6
-1.96756e-6
-1.33333e-5
7.26089e-7
6.66241e-7
2.46871e-6
-2.84803e-6
4.44176e-6
-1.60177e-5
7.03111e-6
8.99293e-6
-2.42612e-5
-0.000144207
6.55714e-7
5.26129e-7
-3.96301e-6
4.4273e-6
0.000129193
-0.000122003
-0.00026203
-0.00114509
2.49811e-8
-2.86037e-6
2.43169e-6
-6.25869e-7
0.000827856
-0.000547165
0.00113497
-0.00150816
-0.00357385
1.28562e-7
-9.25333e-8
-1.195e-6
0.00195742
0.00635235
1.92658e-8
2.88745e-7
7.5518e-8
-2.63534e-8
-0.00419935
0.00245689
-0.00585069
0.00503925
0.0114015
-4.28629e-9
8.74742e-8
2.38608e-8
-0.00393254
0.00554427
-0.0095171
2.7219e-9
-1.14594e-7
-2.84341e-8
0.00267732
-0.00391803
0.00654728
9.61149e-9
1.75676e-7
-2.31944e-8
-0.00151709
0.00199132
-0.00333809
1.06062e-10
1.47166e-8
5.80038e-9
0.000486344
-0.000719326
0.0012556
-1.33701e-8
-8.58042e-10
-9.98135e-5
0.000203553
1.17764e-9
1.77338e-5
-1.89185e-8
-7.45667e-8
5.37446e-8
-3.02824e-7
5.06687e-8
-1.784e-8
3.91593e-6
-2.457e-5
-8.96987e-8
4.46371e-6
0.000159789
-4.43155e-8
-1.83385e-8
4.7228e-8
2.4486e-8
-1.53664e-7
4.60585e-8
7.57269e-6
1.72631e-8
-6.2642e-7
-2.13033e-5
2.62086e-7
-1.16197e-7
-2.2244e-7
4.45797e-7
-9.93957e-7
7.78777e-6
-5.89675e-7
-3.58161e-5
9.24849e-7
-1.18318e-6
2.58623e-7
-4.19619e-6
2.41583e-6
5.93808e-6
-6.8431e-6
2.55851e-6
-2.93754e-6
-8.08269e-7
3.0852e-5
-1.78843e-5
4.84434e-6
-4.52015e-7
-1.29482e-5
1.16332e-5
-8.00883e-6
2.01603e-5
-1.45377e-5
1.05969e-5
-2.39263e-5
1.65112e-5
-1.10056e-5
3.93251e-5
-1.89414e-5
9.85185e-6
-1.18356e-5
7.01549e-6
-4.69283e-6
8.3992e-6
-3.81124e-6
2.07328e-6
-8.68563e-7
-1.39735e-7
6.58101e-7
-1.50383e-6
3.09198e-7
-2.693e-6
-5.65594e-6
4.26706e-6
3.38873e-7
7.81281e-6
-5.32314e-6
-1.3407e-6
4.19151e-6
-1.37121e-7
2.2004e-6
-9.80214e-6
4.83632e-5
-1.24984e-5
-2.05661e-6
-1.60078e-5
1.87732e-5
5.19435e-6
1.85541e-5
-1.86205e-5
1.46704e-5
-8.70693e-6
-5.16827e-6
2.5653e-6
-2.93388e-6
1.08016e-5
-5.01469e-5
0.000271634
-5.54439e-6
-9.7453e-6
-9.84617e-6
1.83358e-5
-2.96749e-5
3.30077e-5
-3.05539e-5
3.07683e-5
-4.54754e-5
-4.97545e-6
2.18359e-5
8.15472e-5
-0.000301089
0.000905864
-1.49828e-5
-2.19786e-6
3.88866e-6
3.48125e-5
-2.93822e-5
-9.86192e-5
0.00010508
0.000172065
0.000593425
-0.00147816
-3.69927e-7
-4.56758e-6
3.07141e-5
-2.67209e-5
6.19689e-6
-0.000455446
0.000297044
-0.000594444
0.000629259
0.00116033
-0.00307839
4.15468e-6
3.02967e-7
-1.51891e-7
9.1626e-6
-0.000635065
-0.00152692
0.00264619
4.3405e-7
-1.05684e-5
1.02577e-5
-9.64309e-7
0.0012
-0.000789163
0.00160827
-0.00119163
-0.00189868
-7.94593e-7
-3.91273e-6
2.17018e-6
0.00112476
-0.00164606
0.00165678
2.78235e-7
-2.79345e-6
5.1697e-5
-0.000500133
-6.79265e-7
1.50735e-5
2.66234e-6
1.53912e-6
-1.76312e-5
8.0823e-6
-3.77135e-6
5.98465e-5
0.000147326
-0.000115244
-8.09355e-5
-0.000933175
0.00010825
-5.01568e-5
2.31515e-7
3.15998e-6
-6.89708e-5
3.66963e-5
-5.34343e-7
-2.85786e-5
-1.27996e-6
2.81767e-7
1.50011e-5
-3.49679e-6
-7.31024e-5
-8.42125e-5
0.000154123
-0.000109606
0.000266696
3.77743e-5
4.8774e-7
-4.33857e-5
6.59303e-6
-2.68505e-6
2.67477e-5
-1.98945e-5
-5.20044e-5
-7.40552e-5
0.00013709
-6.29866e-5
0.000198271
3.72983e-5
1.0886e-5
-4.80232e-5
2.99634e-5
-1.50853e-5
6.79959e-5
-2.51656e-5
1.76779e-5
-5.52508e-5
4.66963e-5
1.20302e-5
4.81263e-5
-3.88197e-5
-4.60685e-7
-0.000210207
0.000150472
-4.42238e-5
5.41302e-5
-2.4839e-5
-3.12168e-5
8.78858e-5
-4.977e-5
4.25153e-5
-6.93707e-5
5.10008e-5
-5.28008e-5
-2.48671e-5
3.30041e-5
2.95919e-5
-3.34485e-5
5.90763e-5
-7.74713e-5
0.000110758
-0.000100559
2.30739e-5
-3.93784e-5
6.96341e-5
-0.000116726
0.000169613
-0.000225849
0.000214456
-0.000250181
2.55881e-5
-3.5375e-5
6.91111e-5
-0.000126062
0.000201238
-0.000278781
0.000333669
-0.000359896
0.000333448
-0.000479434
-2.4467e-5
5.48938e-5
-0.000110891
0.000192769
-0.00028528
0.000361207
-0.000399872
0.000400002
-0.000415353
0.000620219
-1.38994e-5
3.62575e-5
-7.91085e-5
0.000152584
-0.000246131
0.000333071
-0.0003848
0.000392256
-0.000382369
0.000418846
-0.000493234
0.00118053
-4.10729e-5
9.70512e-5
-0.000177284
0.000261739
-0.000323717
0.000342354
-0.000322326
0.000289578
-0.000270339
0.000276773
4.6992e-5
-0.000103858
0.000170325
-0.000232723
0.000265985
-0.000263448
0.000240381
-0.000232279
0.000349084
-0.000394955
7.56413e-5
-0.00013612
0.000171833
-0.000190345
0.000182314
-0.000169135
0.000116946
-0.000159743
8.05923e-5
-0.000109186
0.000127325
-0.000128043
0.000199459
-0.000134157
-7.00575e-5
6.42747e-5
