-0.000957463
0.00426384
-0.00206766
-0.00305805
-0.00549325
0.00180405
0.000305617
0.000563459
0.00354105
-0.00149275
0.00418025
-0.00125991
0.00080472
-0.00453649
0.001683
-0.0014497
-0.000168551
0.00117811
-0.00592567
0.00256309
0.00116907
0.00893907
-0.00220395
0.00159012
-0.00182767
-0.00709343
0.00484616
-0.00622227
0.00355101
0.00635559
-0.00226556
0.000911677
-0.00552032
0.000748411
-0.000187691
0.0036576
-0.00088668
0.000174281
0.000225577
-0.000522194
0.000726242
-0.000789977
-0.00138159
0.00121407
0.000180021
0.00289672
-0.00435294
0.00661308
-0.00802058
0.00818539
-0.00166938
-0.00539288
0.000211338
0.00278845
-0.000248599
-0.000154526
2.55161e-5
-0.00204406
0.0056386
-0.00210882
0.00239419
-0.00806635
0.00262484
0.00651656
-0.00322652
0.000546131
0.00212722
-0.00529066
0.00773057
-0.0081143
0.00641486
-0.00140087
-0.00338938
0.000608926
0.001884
-7.88454e-6
-0.000963257
2.65581e-5
-0.000143153
0.000807776
-0.00397383
0.00461901
-0.00376986
0.00140574
0.0020447
-0.00499179
0.00596168
-0.00475697
0.00271137
-0.00120291
0.000468091
-0.00774259
0.00585266
-0.00114759
0.00733444
-0.00682518
-0.000976035
0.000725494
0.00345556
-0.00613626
0.00687705
-0.00525729
0.00191836
0.00131083
-0.00289933
0.00275737
-0.00185034
0.000498166
0.000863907
-0.000280783
-0.000715996
-0.000102398
0.000226701
6.87876e-6
0.000103298
-0.0063993
0.00420684
-0.00122048
-0.00347131
0.00710209
-0.0088463
0.00773534
-0.00466608
0.00146189
0.000482805
-0.00104319
0.000812346
-0.000450972
0.000461777
-0.000206901
-2.86981e-6
0.00268547
0.000250282
0.00331385
-0.00705681
0.00861745
-0.00775452
0.00516278
-0.00246103
0.000681157
0.000189254
-0.000534479
0.000591272
-7.76574e-5
-3.14503e-5
4.27865e-5
-0.00202769
0.0020536
0.00120392
2.44224e-6
-0.00187732
0.00465563
-0.00651508
0.00566003
-0.00397674
0.00214491
-0.00102101
0.000236542
-8.98179e-5
-0.000368665
0.000172744
-6.86302e-5
5.93055e-5
-0.000389057
0.000849603
-0.00222964
0.00334948
-0.00307076
0.002406
-0.00138634
0.00129672
-0.000447576
0.000346237
-0.000151314
7.45326e-5
-8.44025e-5
0.000145191
-0.000187501
-0.000167168
0.00111882
-0.00170596
0.00128189
-0.00105838
0.000698096
-0.00134612
0.00095682
-0.000129186
-4.22154e-5
9.24652e-5
-4.29257e-5
0.000130115
-7.43931e-6
-0.000503669
0.000832048
-0.000562279
0.000868566
-0.000600599
5.97423e-5
0.000231268
-0.00044508
6.73779e-5
7.43314e-5
0.000122841
-2.88707e-5
-0.000404885
0.000279076
-0.00025966
0.000254217
-0.000193796
-2.67146e-5
0.000208355
-0.000102057
-5.79252e-7
-4.60226e-6
-5.72953e-5
5.69326e-6
-0.000157367
0.00063513
-0.000504605
0.000898021
-0.00166546
0.000716918
0.000919856
-0.00216192
0.000450247
0.00294039
-0.00288085
0.00462083
-0.00521609
0.00535515
-0.00758563
0.00770041
-0.00759865
0.0109344
-0.00911094
0.00692803
-0.0100764
0.0106613
0.00584608
-0.00468858
-0.00942925
-0.00586899
0.00395889
-5.19643e-5
-0.000261717
9.00207e-5
0.00069608
0.000416314
-0.000187872
5.53465e-5
-3.91935e-5
-0.00114698
0.00375834
-0.00262351
0.00373592
-0.00488385
-0.00139694
0.00142718
0.0021747
0.000811208
-0.00102169
0.000172091
-0.000725794
0.000181353
0.000666029
-1.16801e-5
-0.0017162
-0.000750143
-0.000197178
0.000368576
0.00039117
9.78827e-5
-0.000152323
0.000113498
-0.000365259
-1.53246e-5
-6.86679e-5
0.000608933
-1.338e-5
-0.00099062
-0.000216287
2.6117e-5
0.000130123
4.694e-5
-6.91988e-5
6.24296e-6
-2.71444e-5
-0.000741874
0.00173875
3.14036e-5
2.65345e-5
0.000644462
-0.00105458
0.000366678
-0.00223833
0.00320551
-5.91816e-5
-0.000204912
-6.16121e-6
-6.1515e-6
1.0718e-5
-9.59508e-6
6.75949e-7
1.31093e-6
3.15204e-6
0.00551998
-0.00959224
0.0110112
-3.83806e-5
1.09681e-5
-1.65923e-6
-0.00556928
0.00652195
-0.00881043
4.5086e-6
-2.86842e-6
-2.42236e-6
0.00560588
-0.00606985
0.00635138
-1.955e-6
2.43882e-6
8.01076e-7
-0.00539821
0.00486668
-0.00354936
-1.24335e-5
1.62879e-6
-1.08087e-6
0.00375124
-0.00314597
0.00198672
-0.00151091
1.35717e-5
1.42598e-6
4.26093e-7
1.83959e-8
-0.00156717
-0.00100411
0.000606532
2.9518e-5
-9.14708e-6
-2.63965e-6
-2.42408e-6
0.00118191
-0.000504741
-0.000632522
0.000575365
-0.000323392
0.000103071
1.90101e-5
-1.54676e-5
7.43944e-6
-3.79431e-6
6.69795e-6
0.000165733
0.000146495
-7.67929e-5
-2.20205e-5
4.51782e-6
-1.23528e-5
1.67365e-6
8.25921e-7
-1.62853e-6
-8.40325e-5
3.40932e-5
2.24049e-6
5.03067e-5
-3.91025e-5
-3.77828e-5
9.47578e-5
-5.55261e-5
-1.78731e-5
6.29503e-6
-2.52418e-6
4.5339e-6
1.68791e-7
-9.26705e-7
-2.32073e-6
3.05288e-7
-1.45359e-5
2.59591e-5
6.24653e-6
-9.45683e-6
3.7411e-5
-5.13553e-6
3.32118e-6
9.44034e-6
8.40374e-6
7.68505e-6
1.12869e-5
-5.20757e-6
-3.86299e-7
1.20721e-6
1.63368e-6
-4.51343e-7
-8.45382e-6
1.43613e-6
-3.25317e-7
-1.07818e-5
2.76605e-6
-2.2883e-6
-1.98024e-6
-4.81264e-6
-1.04992e-5
4.65091e-6
4.70021e-6
-6.63006e-7
-4.61791e-7
1.41036e-6
2.49351e-6
-7.96792e-7
1.06777e-6
8.73844e-7
-1.33813e-5
-0.00206094
0.00336745
0.00274427
-0.00269414
0.00310595
-0.00622238
-0.00329953
0.00243777
-0.000434989
0.00480281
-0.00249379
-0.0020505
-0.00717092
0.00419912
0.00204039
0.00934084
-0.00785601
0.00279825
-0.0079108
0.0106673
-0.0085574
-0.0117679
0.0121213
0.0143258
-0.0138784
1.34084e-5
4.66475e-5
-7.23804e-5
-1.58449e-5
-8.27804e-5
-0.000127203
0.00018847
0.0065436
-0.0125872
0.0126302
0.00588531
-0.00771433
-0.00349316
0.00413123
9.44659e-7
-3.66538e-6
2.03574e-6
8.88798e-6
0.00160767
-0.00194523
-0.000650068
0.000784722
9.55306e-6
-5.67901e-5
9.87292e-6
-8.74207e-7
0.000241148
-0.000279422
-8.0556e-5
8.79015e-5
3.20709e-6
-2.04214e-5
3.66937e-6
-2.1238e-7
-1.60124e-6
2.7658e-5
-2.47135e-5
-7.23541e-6
5.2804e-6
-4.71649e-5
2.25009e-5
2.59636e-6
0.00015022
-0.00015665
-4.50448e-7
1.2684e-5
-2.71644e-6
-5.37986e-7
3.16327e-6
-2.18811e-7
9.33248e-7
-0.000632855
-1.31771e-6
-0.000915645
0.000972861
-3.95212e-5
0.00127339
-0.00180797
-1.70629e-5
0.0017923
-1.1091e-6
5.22763e-7
9.64243e-8
3.64156e-7
-1.77786e-7
-3.57687e-8
-2.32208e-7
-0.00226067
0.00277839
-0.00349992
7.46489e-7
-2.3131e-7
8.23306e-8
0.00322429
-0.0037084
0.00439717
4.15388e-7
-4.79893e-8
5.30501e-8
-0.00366651
0.00415603
-0.00470086
-1.3422e-7
-1.18166e-8
4.40408e-9
0.00325902
-0.00362378
0.00403408
3.72976e-7
-5.54855e-8
1.27602e-8
-0.00230289
0.00209762
-0.00267464
-1.16389e-7
3.84415e-8
-3.53258e-9
0.00128733
0.00114989
8.02469e-8
1.34741e-8
5.75611e-9
-0.00100204
0.00068346
0.000662216
-0.00048015
0.000436237
1.71475e-6
-5.4729e-7
2.28985e-7
-8.74582e-8
-0.000205516
-0.000111383
7.83988e-7
-1.22085e-7
6.09932e-8
7.83185e-5
-4.98644e-5
-2.26723e-5
-1.87407e-6
5.03618e-8
4.37202e-8
-7.47405e-8
-1.104e-7
4.36795e-6
-2.60278e-6
-1.37995e-6
1.29813e-6
9.04384e-9
1.98759e-7
2.06975e-8
-2.95442e-8
3.96633e-7
3.25718e-8
-5.23358e-7
-1.09838e-6
1.86527e-6
-2.55919e-6
-3.43818e-8
-7.30373e-7
-4.62413e-8
7.24225e-8
8.43693e-9
9.66571e-8
5.20777e-7
-6.36841e-7
2.94949e-7
-6.81544e-8
-7.10465e-7
-4.69127e-7
1.43387e-7
-4.03431e-7
-1.24823e-7
-3.18539e-8
-4.35021e-7
1.05801e-6
1.26964e-7
-8.31811e-8
-1.40167e-7
4.13386e-8
2.82727e-7
-1.40089e-7
1.16936e-7
2.50454e-7
6.7124e-8
7.35296e-9
1.02025e-7
4.25518e-8
2.40434e-7
-4.58433e-8
-4.86943e-7
6.49128e-8
5.35511e-9
-6.8223e-8
-6.85092e-8
-8.0033e-9
-1.83346e-8
-2.64931e-8
0.000550256
0.000144447
-0.00271697
0.00910981
-0.00968142
0.00715339
-0.00171659
6.13951e-5
-0.00243664
0.0050949
0.0076289
-0.0127933
-0.0104418
0.015943
0.00457563
-0.011516
0.00309087
0.00326312
-0.00896096
0.00384971
0.0111314
-0.00636976
-0.0110808
0.00778284
-2.47361e-5
-4.78484e-5
0.000127934
-0.000200669
7.37459e-5
-0.000180256
0.00802882
-0.00751082
-0.00440772
0.00416042
0.00199332
-0.00151388
-8.48023e-8
-2.43931e-6
3.09186e-6
-6.57285e-7
-0.000792864
0.000588951
0.000276012
-0.000208249
6.26086e-7
-2.87103e-6
5.58452e-7
-3.63115e-8
-8.42784e-5
6.60837e-5
2.2665e-5
-1.94197e-5
1.96155e-7
-8.59439e-7
2.90831e-7
-1.23762e-7
-5.21697e-6
5.46978e-6
1.05237e-6
-1.8032e-6
2.53373e-6
-3.32762e-6
7.12633e-8
-3.88533e-6
3.18122e-5
-1.26156e-7
-2.4793e-7
6.12902e-7
-3.24199e-7
1.25876e-7
-2.07371e-7
8.76959e-8
0.00026084
5.84637e-5
-5.60546e-5
-0.00125898
0.00111405
5.77763e-6
-3.80505e-8
-5.80487e-8
8.22844e-8
-1.76115e-8
2.99751e-8
0.000737834
-0.00112106
-1.67313e-8
-1.36667e-8
-0.00166332
0.00187887
-2.64611e-8
9.27977e-9
0.00234461
-0.00278346
-9.5518e-9
6.93363e-9
-0.00260933
0.00313151
-1.89045e-9
1.79323e-9
0.00181706
-0.00261381
-1.60878e-9
6.10619e-10
-0.00120762
0.00183045
2.61581e-9
-9.31536e-10
0.000727828
-0.00106394
-1.17026e-8
3.275e-9
-0.000422928
-0.000412677
-4.46413e-8
3.00132e-8
-1.57252e-9
0.000220068
-0.000112536
-8.24691e-5
0.000151918
-4.00967e-9
9.5937e-9
-3.05425e-9
2.40298e-5
1.36391e-5
2.48487e-8
-3.19302e-10
-1.90714e-9
-4.79015e-6
9.53951e-7
1.86168e-7
4.26946e-7
-5.16188e-9
9.96217e-9
-6.22216e-10
-5.50346e-9
2.93715e-7
-2.02351e-7
-1.79306e-7
-3.68727e-8
2.77379e-9
1.17077e-8
3.28952e-10
1.7014e-10
6.06039e-8
1.25335e-8
-1.99987e-8
-6.62648e-9
-1.54855e-8
-2.62222e-8
-2.95142e-9
1.70259e-9
-1.13583e-8
9.32719e-9
4.40164e-9
6.63916e-8
-8.88437e-8
-8.24797e-8
1.01462e-7
1.0378e-8
6.58324e-9
2.91602e-9
2.9464e-9
-1.43932e-8
-2.03354e-8
1.12679e-8
-2.57322e-8
1.13986e-8
2.82147e-8
1.55323e-8
2.6888e-9
8.30321e-9
7.27572e-9
3.67569e-8
4.19054e-9
6.8177e-9
-1.92178e-8
-7.46884e-9
4.49974e-9
4.27574e-9
-8.01504e-9
-9.2404e-9
-3.70957e-9
-8.80698e-10
-2.55875e-9
-1.2849e-8
-0.00140329
-0.00197159
0.0111981
-0.00455516
-0.00248859
0.0121619
-0.0200862
0.0161507
-0.0110907
0.00289755
-0.0273907
0.0206858
-0.0149695
0.0154043
-0.0148982
0.00750276
0.00565157
0.00963647
0.00762919
-0.0113265
-0.0073318
-0.000330629
-0.000647184
0.00193452
-0.00719183
0.00484846
-0.00225311
0.0059315
-0.00493599
0.00173502
-0.00652077
0.00178119
0.00230223
-0.00324289
-0.00171101
-0.00116839
0.00147893
0.00401058
5.01427e-6
3.64168e-5
-6.35991e-5
0.000184215
-0.00014479
3.47197e-5
-0.00151134
0.000408874
0.000127948
0.000680616
0.000514112
-0.000641278
-0.000263493
5.52168e-8
-1.00303e-7
-1.75488e-6
3.83768e-6
0.000152485
-0.000303292
-6.66779e-5
0.000113984
1.41564e-7
-1.93293e-7
-1.99574e-8
2.69811e-7
2.67716e-5
-4.67323e-5
-9.00674e-6
1.28592e-5
2.19358e-7
-6.81948e-8
-6.39415e-8
-2.82884e-7
2.69725e-6
-4.45966e-6
-5.62618e-7
9.41891e-7
1.02926e-6
2.8741e-7
3.77411e-8
5.37769e-7
-3.14782e-6
-1.28089e-6
-3.81107e-8
2.21832e-7
-3.3839e-7
-6.36298e-8
6.92214e-8
-6.5449e-8
-2.437e-8
-8.31696e-5
5.65585e-5
8.75741e-6
0.000317922
-0.00058282
-7.35461e-6
1.04705e-8
8.54033e-9
5.14256e-8
-1.44506e-8
-8.57979e-9
-1.6686e-9
-0.000231909
0.00106342
1.04184e-8
-1.20618e-9
-0.000911595
-2.1397e-9
-0.00144914
0.00238072
-0.000416229
0.00155161
-0.00308505
0.00012502
0.002095
2.76535e-9
-4.08667e-10
-3.51556e-9
7.23883e-10
1.13362e-9
-9.27135e-11
1.17662e-9
-2.76002e-10
-0.00133327
0.00210625
-0.00212271
-1.56255e-9
3.02747e-10
-3.55004e-10
0.000616743
-0.00122357
0.00177884
-3.29452e-10
1.67438e-11
-3.49159e-11
0.000263106
0.000265791
-0.000878238
-2.73491e-10
4.81872e-10
-4.98905e-10
0.000131212
0.000593182
-2.69335e-10
-3.21259e-10
-0.00026923
0.000165838
0.000211043
-0.00040196
-8.7202e-10
2.10349e-10
2.79087e-10
-3.59801e-10
1.61626e-9
-0.000171492
0.000241246
9.1479e-10
-2.27157e-10
7.03136e-5
3.83343e-5
-1.65041e-9
2.20673e-10
-1.58565e-5
-8.63289e-6
5.88715e-7
-9.27685e-6
1.76928e-9
4.40034e-10
-3.38266e-10
1.95436e-9
2.80654e-10
8.31543e-7
3.68479e-7
-1.27662e-9
-1.57725e-9
-4.56123e-7
-6.79071e-9
1.09149e-7
4.06969e-8
-7.89355e-10
1.74694e-9
7.26611e-9
-6.0566e-9
-1.07337e-8
-1.20748e-9
-3.244e-9
-4.63677e-8
-8.49982e-9
-1.42617e-8
4.92759e-10
4.1936e-10
1.6937e-9
-2.59332e-10
1.82496e-9
-3.83892e-9
1.45448e-9
-1.80451e-9
-2.25759e-9
-7.24194e-10
-4.54224e-11
-1.6918e-10
-1.92949e-9
-3.51548e-10
6.0748e-10
-1.44101e-10
9.68054e-9
-3.38615e-9
3.79884e-9
-1.98286e-10
8.25847e-10
-2.54082e-10
-9.75966e-11
1.05445e-9
-9.86173e-10
2.68935e-9
-2.78987e-9
3.81754e-10
3.3091e-9
2.74639e-9
9.43204e-10
1.66914e-10
-6.29819e-10
3.41214e-9
1.14758e-9
1.20621e-10
1.92776e-11
-4.72163e-10
2.16783e-10
-2.46955e-10
4.32763e-10
-4.87711e-10
1.01036e-10
1.9571e-10
-4.52811e-10
-1.39394e-9
-7.45609e-10
-1.88685e-10
2.14912e-10
-5.73872e-10
-6.21068e-10
-1.92878e-10
-1.37286e-11
1.02503e-10
6.75289e-11
3.46335e-10
4.35675e-10
1.59178e-10
2.99539e-11
-7.27199e-11
2.46551e-10
0.00674082
0.0284457
-0.0212383
0.0255672
-0.0376395
0.00472387
-0.00752746
0.00731172
-0.00436278
-0.0087931
0.00625432
0.00625546
0.00378787
-0.00518825
0.00035234
0.00308497
-0.00648549
0.00569869
-0.00362766
0.00430001
-0.0136256
0.00623497
-0.00458704
-0.00134449
0.0010414
0.000115937
0.000205496
-0.000146284
1.28559e-5
-0.000116963
0.000112793
-0.000726141
0.000183423
-0.000464363
-0.000193378
0.000284954
0.000235092
-0.000240249
-1.71097e-6
1.35455e-6
5.44002e-6
-1.00216e-5
1.75675e-5
-6.21502e-6
0.00020425
-6.45012e-5
-3.04978e-5
-7.0347e-5
-6.24588e-5
7.44512e-5
2.88601e-5
-7.85183e-8
-1.12843e-7
5.50856e-7
-4.75364e-7
2.48795e-7
-1.11016e-5
-1.6175e-6
1.11845e-5
2.11466e-6
-3.34173e-6
6.64083e-7
1.13056e-6
2.42008e-6
-7.55068e-7
4.40528e-7
-7.81716e-7
9.25549e-7
1.93056e-7
2.02795e-7
1.9215e-5
6.87605e-7
-1.87946e-5
1.3309e-5
1.30397e-5
-6.96708e-8
1.06466e-7
1.19977e-7
-2.80336e-7
-2.92536e-8
4.45524e-5
-1.49507e-5
0.000121818
-0.00020416
-2.57457e-5
-0.000161695
-2.42472e-9
8.51325e-9
7.76416e-9
-7.10702e-10
8.44295e-10
7.1025e-10
9.02111e-5
-1.68842e-9
-0.000262688
0.000668643
8.0407e-5
0.000389666
-0.000565757
-0.000571083
-9.86198e-11
-9.42835e-11
-5.16291e-10
4.37382e-10
3.64713e-10
-4.01266e-10
2.70974e-5
0.000428321
1.70937e-10
-9.15043e-10
-0.000564619
0.000205871
1.65609e-10
9.17196e-11
0.00156995
-0.000905866
3.35323e-10
-1.86211e-9
-0.00025705
-0.000119491
0.000187897
8.19328e-5
-0.000134461
1.46905e-10
-4.02221e-10
3.64199e-10
-1.6128e-9
-8.95236e-9
-5.60318e-5
0.000117933
-2.73439e-10
5.24317e-10
-1.40828e-5
6.23106e-6
-1.31943e-6
-2.08869e-6
5.45053e-6
-1.68339e-9
3.56535e-9
-3.8777e-9
4.5308e-9
2.36824e-9
-8.20693e-7
2.24996e-7
-2.54383e-8
-8.14428e-8
7.49096e-8
1.13079e-8
-1.21111e-8
1.36286e-8
-1.28204e-8
-7.2878e-10
2.59281e-8
1.69109e-8
-5.08524e-11
-2.36911e-9
2.09414e-9
-9.54488e-9
-4.04565e-9
7.15765e-10
6.87741e-11
-2.75632e-11
1.54335e-10
1.22829e-9
-2.76382e-9
1.69075e-9
7.44587e-10
-6.88983e-10
5.28162e-10
1.28915e-10
-2.1598e-10
2.57415e-10
-2.85968e-10
2.73258e-10
8.797e-11
-1.33394e-10
1.30497e-10
-2.14538e-10
-1.57786e-11
2.22447e-11
-3.31145e-12
-1.29039e-10
4.11182e-10
-4.55237e-11
1.98422e-11
-6.4801e-11
-3.26345e-11
1.14006e-10
-5.84412e-11
1.57625e-10
3.7669e-11
-1.44917e-11
6.78694e-12
2.42656e-11
-3.26446e-11
1.48212e-11
-1.79911e-11
-1.94359e-11
2.8388e-12
-4.01019e-11
-1.5289e-10
-7.01226e-11
-1.34243e-11
-1.50127e-10
-2.7617e-11
-8.26377e-11
-1.00649e-11
-8.8247e-11
-5.97095e-11
-3.08036e-11
-4.69035e-12
-1.32315e-11
-1.61786e-10
1.30096e-10
6.38368e-10
1.60778e-10
0.0185682
0.0224613
-0.0114031
-0.017697
-0.000415991
0.00303325
0.0040915
0.00826702
-0.00654294
-0.00866307
0.00260294
0.00329809
0.00118931
0.00332692
-0.00691177
0.00612708
-0.00184156
0.00809369
-0.0130225
0.00336892
-0.00300995
-0.000648093
0.000285579
8.04807e-5
0.000108457
-3.01758e-5
-4.96383e-5
-0.000163354
7.47142e-5
-0.000812242
0.000165343
-1.41692e-5
4.40683e-6
1.38924e-5
4.66543e-6
-8.03624e-6
1.25126e-6
8.0613e-6
-1.43318e-6
4.36989e-5
-1.37178e-5
6.88514e-5
2.48556e-5
-2.0191e-5
-3.15721e-5
2.40608e-5
-3.60805e-7
1.64449e-6
-3.75752e-6
-2.46581e-5
-2.02868e-5
1.10446e-5
-9.077e-7
3.37542e-6
-3.56428e-6
-2.34138e-6
5.34216e-8
-3.75922e-6
-1.85493e-6
-1.57598e-6
8.19516e-6
-1.67199e-5
-8.12715e-6
-8.38763e-8
9.17561e-7
3.04499e-7
-2.14763e-6
-2.60334e-7
-4.22608e-5
4.22987e-5
-5.61963e-5
0.000226627
6.70315e-5
2.00506e-8
1.9525e-9
1.0293e-6
1.78273e-7
-5.60902e-9
0.000555826
-0.000374354
0.000342114
-0.00111921
0.00065782
-0.000531732
-1.90923e-8
6.17149e-8
-2.33548e-8
-1.03042e-7
7.81761e-9
-1.55418e-8
0.000784015
-5.42269e-9
6.23044e-6
-0.000155368
0.000320305
2.23082e-5
4.23523e-6
-0.000421518
3.0805e-5
-0.00103099
3.96097e-10
3.77885e-9
2.26414e-9
-7.03935e-9
0.00047834
9.78151e-6
-0.000472472
2.16954e-9
-5.04508e-9
-0.00137002
0.000519383
0.00112088
-1.23373e-9
-6.18507e-9
0.00158576
-0.000399421
-0.00189113
1.21255e-8
-2.13755e-8
-0.00019028
-0.000165613
0.000226798
5.63951e-5
-5.94424e-5
1.58232e-9
-3.52115e-9
1.68648e-8
-1.82103e-5
3.26358e-5
-2.62296e-9
2.42386e-9
3.58338e-6
-1.23792e-7
-6.69098e-7
1.24655e-7
-3.60035e-7
-4.32283e-9
4.67393e-9
-6.20743e-9
5.16586e-9
-4.72677e-9
3.42063e-7
-7.17703e-8
-2.1134e-8
2.14968e-8
-2.29687e-8
1.38256e-8
-1.08955e-8
1.21047e-8
-8.30131e-9
2.33967e-9
6.17187e-9
1.18912e-9
-9.36761e-11
1.94764e-9
-1.9553e-10
1.21912e-9
-1.87425e-9
-4.95492e-10
-1.69333e-10
-3.86309e-10
-6.99299e-10
5.74833e-10
1.66874e-10
2.14247e-11
6.0356e-11
-9.86039e-11
2.72178e-11
2.55064e-10
-2.42061e-10
-3.34725e-10
1.7277e-9
3.19157e-11
1.22927e-11
1.74459e-12
4.95184e-12
1.04515e-11
-5.25898e-11
-9.10211e-12
2.86312e-11
-5.14967e-10
1.05816e-9
5.00581e-12
-2.59195e-13
-5.83924e-12
-1.16517e-11
5.65562e-12
7.16764e-12
-2.15366e-11
5.78241e-11
2.72422e-10
1.88111e-10
6.94992e-11
5.78986e-11
1.56626e-11
5.14788e-11
-5.4355e-11
4.05062e-11
1.32964e-10
-1.58522e-10
1.54205e-10
2.3832e-10
6.00026e-10
-8.97057e-10
-1.25901e-9
3.43002e-10
-2.69073e-10
2.4647e-10
-1.14437e-9
-5.65778e-10
-4.08164e-10
-1.17727e-9
9.75271e-10
-0.000445386
-0.00406447
0.00435872
0.00119657
-0.0110355
0.0110941
0.00433916
0.00924764
-0.00716477
0.00980747
-0.00860742
0.00605944
-0.00265164
-0.00610988
0.00572574
0.00375829
-0.00155695
-0.000293684
-2.7332e-5
3.08092e-6
-0.000117942
0.00031766
-0.000117325
0.00111561
-0.000993398
-2.80146e-6
6.59166e-6
3.36956e-7
-1.44831e-6
8.16229e-7
1.12253e-5
-3.4733e-5
4.93178e-5
-5.92202e-5
3.43537e-5
1.54311e-6
1.47711e-6
3.95804e-6
-7.40299e-7
1.09128e-6
2.87085e-6
-4.45643e-6
4.96393e-6
-3.35113e-6
-3.78967e-6
-8.88857e-6
2.9723e-6
2.43131e-7
5.9411e-7
8.82393e-6
7.97454e-6
-4.28193e-5
7.29949e-6
3.81841e-6
-4.63969e-6
5.87525e-6
5.95017e-7
-1.82166e-5
2.56001e-5
-2.03454e-5
9.22246e-6
-8.18267e-5
-1.43712e-5
-1.23311e-6
5.45202e-6
4.96437e-7
-1.00671e-5
-2.35631e-6
-0.000197853
0.000169517
-7.9925e-5
0.000557023
0.000114869
4.48206e-8
-2.63585e-7
-2.36979e-7
6.13016e-7
2.36419e-7
0.00120615
-0.00100773
0.000669333
-0.00107954
-0.00156077
0.00132623
-0.000679887
-7.64586e-8
2.68095e-7
7.12515e-8
-1.9693e-7
4.31406e-7
0.000790916
-1.99346e-8
1.12914e-8
1.25957e-9
1.31941e-8
2.12636e-8
7.71741e-9
3.43991e-8
-0.000125323
-3.10398e-8
1.00858e-7
3.17391e-5
-2.91546e-5
1.16503e-8
8.45148e-9
-2.82454e-6
5.84811e-6
-1.77562e-8
1.28051e-6
-2.74786e-7
7.15041e-8
-3.69843e-9
-6.32927e-8
9.22294e-8
5.93996e-8
1.35611e-7
-4.4785e-9
4.17892e-11
-4.91728e-9
-6.85417e-8
2.0807e-8
8.44417e-9
-4.38984e-9
1.88075e-8
9.07358e-9
-4.1501e-9
2.5703e-9
3.33224e-9
-1.90132e-8
-7.38138e-9
1.43724e-9
7.18013e-10
-5.82338e-10
-4.82729e-10
-3.38103e-10
4.32683e-9
7.37312e-11
2.27358e-10
1.0965e-10
-2.49612e-9
9.70374e-10
2.19048e-9
-3.04567e-11
-1.74635e-11
-1.64549e-11
-1.1353e-9
-1.35051e-9
6.43851e-9
-7.47947e-12
6.68283e-12
-6.97621e-12
-1.49257e-12
1.23842e-10
6.72061e-10
-2.33196e-9
4.27109e-9
1.59191e-12
-2.76878e-12
-7.34633e-12
-1.8649e-11
5.87675e-12
-4.19886e-10
-8.86903e-11
-3.82436e-10
-3.76679e-10
-1.15022e-10
1.00726e-11
1.08065e-10
-9.462e-11
3.36273e-11
1.90725e-10
-2.25971e-10
3.14125e-10
2.57727e-9
-1.88934e-9
3.34901e-9
3.51061e-9
1.99062e-9
3.78891e-10
7.18817e-10
-1.23363e-9
7.9327e-10
-4.75213e-10
-4.1488e-10
1.37038e-9
1.25467e-9
1.34179e-9
2.86896e-9
-8.03026e-9
2.1895e-9
-1.15223e-8
0.0169522
-0.0159136
-0.0183333
0.0192466
-0.0158222
0.0173966
-0.01895
-0.0154854
0.014777
0.0107848
-0.00852081
-0.00565344
0.00313253
0.00274755
-0.000904295
-0.00342163
0.000831436
0.00028235
0.00030723
-0.000194965
-0.00014567
0.000496076
0.00188606
-0.000837915
-0.00327907
0.00568953
-0.00290263
-0.00909067
-2.00229e-5
5.49674e-5
-2.29462e-6
1.2902e-6
-1.23432e-7
-1.40616e-5
1.76551e-5
-5.76701e-6
-5.72324e-5
-0.000126561
2.78187e-5
-4.21356e-7
1.63054e-7
-1.72432e-7
-1.49131e-6
-1.77397e-7
5.05377e-6
-4.12567e-6
4.03178e-7
2.05225e-6
1.15618e-6
2.05689e-8
3.87079e-7
1.1035e-5
2.1636e-5
-4.39998e-5
5.38275e-6
-3.35437e-8
-5.71511e-7
4.65667e-5
3.90319e-5
-0.000142894
1.33243e-5
-2.37087e-8
-2.17117e-6
3.2407e-5
1.83199e-5
-8.18816e-5
5.28531e-5
-3.9661e-5
5.49831e-6
-1.85909e-5
-0.000120549
-4.8561e-6
4.49266e-6
-1.67238e-5
-3.48664e-6
1.38979e-5
-0.000546532
0.000287631
-5.62631e-5
0.000210704
0.000998463
5.9337e-5
-6.60772e-7
3.87921e-6
-6.24048e-7
2.15779e-6
-4.78873e-6
-1.10726e-6
0.000171306
0.000676592
-0.000846319
0.000210133
-0.000982212
5.08044e-5
0.000892294
2.00237e-7
-8.79501e-7
-2.91805e-9
-5.86298e-8
-1.17394e-7
0.00163962
-0.000849
-9.79621e-9
-6.19178e-8
-0.00165744
0.00110215
-8.83002e-8
2.46184e-7
0.00104176
-0.000580384
-1.54281e-8
1.94091e-7
-0.000423149
8.85776e-5
-5.78547e-8
-6.4402e-8
0.000182455
-4.17179e-5
-2.18451e-7
5.94207e-7
-0.000138535
0.000158238
-2.57435e-7
9.75079e-7
-5.10501e-6
-1.89209e-5
2.53736e-7
5.71109e-6
-2.73981e-6
1.80781e-7
-1.48564e-6
-2.53021e-6
-3.97884e-7
-1.37673e-8
-1.92479e-7
-2.35918e-7
4.36288e-8
-3.09821e-8
8.9727e-8
-6.86374e-9
1.84843e-8
-1.4056e-8
-3.50929e-7
-5.80696e-10
-2.74285e-9
1.17607e-9
-7.36422e-9
-7.05473e-9
1.89272e-8
2.60931e-9
-1.33986e-9
-2.79603e-9
2.88347e-8
-7.13712e-10
2.46679e-10
-3.72508e-10
-5.09642e-9
-8.56123e-11
1.85818e-10
-2.36276e-11
-8.0226e-9
-1.92765e-9
1.48384e-8
2.83077e-11
-3.90475e-11
1.51595e-12
-4.20131e-9
-2.6657e-9
2.5048e-8
-5.14213e-12
-5.49058e-13
4.74123e-12
2.83736e-9
-8.67263e-9
1.15504e-8
2.41277e-12
-2.29369e-11
-3.26203e-12
9.52046e-12
3.97541e-11
1.59212e-9
-5.04351e-10
-4.5834e-10
-1.16904e-9
2.25273e-12
-1.82675e-11
-2.02028e-10
1.71286e-10
6.5856e-10
-5.84551e-10
-5.83926e-9
-9.72645e-9
-4.89467e-9
1.58899e-9
-1.95643e-9
7.07753e-10
1.53936e-9
-1.27878e-9
3.60276e-9
2.77548e-9
-2.50123e-9
-4.60177e-9
-2.03596e-9
-6.07972e-9
-2.07691e-9
2.79947e-8
-5.47451e-9
-4.57979e-8
3.90412e-8
3.97787e-8
8.8888e-9
1.14563e-8
-7.45426e-9
1.43914e-9
1.41795e-8
8.94824e-9
5.5543e-9
2.74811e-8
-6.26415e-8
2.99994e-8
-0.0121422
0.0105502
0.0132979
-0.00404315
-0.00858147
-0.000283843
0.00251467
0.00559182
0.00191706
-0.00887559
-0.00246993
0.00509688
0.00116082
-0.00184064
-0.000101698
0.000526375
-0.00707305
0.0035108
0.0128168
-0.0139146
0.00608439
0.0170206
0.00026785
-0.00025307
-4.07535e-5
-4.07987e-6
-7.51765e-8
1.27001e-6
0.000291823
-8.31009e-5
0.0012446
-0.000447866
-6.45907e-7
2.51482e-7
-8.14347e-7
3.36473e-7
-2.25592e-6
1.72344e-6
-3.72165e-7
-2.3157e-6
-1.47326e-6
-3.38915e-7
1.05872e-6
-5.56539e-6
1.31033e-8
1.50647e-7
8.1366e-7
-2.69877e-5
1.34373e-5
-7.78733e-6
7.90675e-7
-5.48987e-8
-4.62873e-8
5.11555e-5
0.000194606
-0.000243422
1.91715e-6
-2.462e-7
-1.47164e-7
0.000232142
0.000478208
-0.000545278
7.00091e-6
-2.13832e-7
-1.47088e-6
-2.20901e-7
4.47065e-5
-0.000105901
-4.75803e-5
0.000155507
-8.75044e-5
-3.15589e-5
3.32421e-5
1.29265e-5
-1.65167e-5
6.1363e-5
1.67639e-5
-5.78718e-5
0.000361547
-0.000723023
0.000429902
-0.000244806
-0.000375955
-0.000209681
2.45635e-6
-1.27168e-5
2.0278e-6
-5.35152e-6
1.18232e-5
1.22305e-6
-0.00130454
0.00150631
-0.000635264
0.00120475
0.00186386
-0.00132713
-0.00203415
0.000343411
3.94509e-7
-8.66838e-7
-3.23102e-7
-6.38564e-7
-0.00167116
0.00118151
0.00188067
-1.13379e-6
3.76146e-6
0.0010241
-0.000638276
-0.00119775
3.42986e-7
1.03237e-6
-0.000406529
0.000105061
0.000529009
-6.82846e-7
-2.11971e-6
0.000131524
1.04935e-5
-0.000192014
-2.70271e-6
9.27773e-6
-4.8464e-5
-1.7022e-5
8.81499e-5
-1.89834e-6
9.78355e-6
4.06789e-6
6.18434e-6
4.01225e-6
6.83238e-7
-7.06958e-6
3.93583e-6
-5.232e-7
9.41975e-7
2.12506e-6
-1.69186e-7
4.92513e-8
-7.67762e-7
-7.65775e-6
4.16704e-8
-1.27694e-8
-1.56352e-7
6.22787e-7
3.22971e-9
-3.69702e-9
-1.03674e-7
6.67154e-7
1.34905e-9
-2.19909e-10
-6.24001e-9
1.82979e-8
1.21434e-10
-1.46268e-9
4.89388e-9
-5.66232e-10
-5.00904e-10
7.73031e-10
1.86164e-10
-4.40386e-8
-2.01166e-11
-1.85128e-10
-2.87448e-11
-2.19109e-8
-7.79157e-8
1.12009e-7
2.44491e-11
1.71225e-10
8.61579e-12
1.40885e-8
-6.55695e-8
7.39415e-8
1.00885e-10
-1.68304e-10
-4.62908e-11
-1.98837e-10
1.6451e-9
1.95213e-9
-5.05437e-9
-6.69374e-9
3.83482e-10
1.3252e-11
-9.86764e-11
8.44833e-11
-5.85241e-9
2.3497e-8
-5.2891e-9
7.68343e-10
1.23957e-9
-1.79443e-9
-7.9055e-10
1.18264e-8
-8.45376e-9
-1.3486e-7
2.39645e-8
-2.28092e-7
-8.26907e-8
2.00576e-8
-2.48655e-8
2.11228e-8
-1.6445e-8
1.38392e-8
-4.73924e-8
-3.1088e-8
-4.48141e-8
-2.75863e-10
-5.40803e-8
-3.86412e-8
1.79143e-7
1.72861e-7
-6.01663e-7
8.30333e-7
1.35262e-7
7.35807e-9
2.03793e-7
-2.73859e-8
1.18247e-7
1.70943e-7
-6.30736e-7
0.00720114
-0.0050446
-0.0102605
0.00403566
-0.00331584
0.00350224
-0.000876593
0.00816565
-0.0150441
0.0211652
-0.00892095
0.00294513
-0.000786409
0.000183888
-9.04637e-5
-0.000128825
1.47717e-5
2.80415e-5
-0.0015333
0.000562588
-0.0034694
0.00152397
-6.02258e-6
1.94805e-6
-1.04706e-5
4.40628e-6
1.8177e-5
-3.17601e-6
0.00013358
-3.14101e-5
-1.37598e-6
3.13144e-7
-6.82156e-7
-8.75738e-7
-6.09771e-7
2.43366e-7
-8.43987e-8
9.13422e-7
1.32434e-6
-2.10076e-6
6.43008e-6
-3.80693e-5
-4.29793e-6
6.22229e-5
9.22435e-8
9.35671e-9
-1.61982e-7
-2.52385e-7
-0.000217046
0.000578964
5.45369e-8
8.94996e-8
-1.20463e-7
6.65337e-8
-0.000368566
0.00142849
3.23407e-7
-2.50487e-8
-4.52122e-8
6.79927e-8
0.000185188
-7.91055e-5
-0.000462107
0.00126449
-1.12426e-5
-4.74025e-6
3.43054e-6
1.43084e-6
-0.00020187
0.000588368
0.000180909
-0.000502668
0.000136041
8.97518e-5
-6.28394e-5
-3.34857e-5
4.1154e-5
-0.00012434
-2.56626e-5
7.1825e-5
0.000163389
-9.09851e-5
-7.05698e-5
-0.000158636
-0.000527221
0.000241889
8.5647e-5
-3.01869e-6
1.20912e-5
2.48569e-6
-6.52887e-6
-8.56093e-8
9.88441e-7
4.21597e-6
-8.28246e-6
-1.03005e-5
8.89576e-6
-8.86703e-6
-4.79306e-5
-2.17491e-5
-1.54198e-5
5.9284e-6
2.66591e-6
-3.45094e-6
-4.0683e-6
1.99203e-5
-2.16236e-5
1.21476e-5
8.03779e-5
-1.74865e-7
7.66245e-7
-1.18343e-7
-4.1501e-6
1.65223e-5
1.54673e-8
-1.14456e-7
-2.24532e-6
1.64762e-5
6.03206e-8
-1.94541e-8
-6.81441e-8
4.49205e-7
4.81465e-9
-1.71193e-8
-2.17472e-7
7.70235e-7
3.61714e-9
-1.34352e-9
-1.1171e-8
9.49657e-8
5.61641e-10
1.34855e-8
-5.88209e-9
-3.29717e-8
-2.99381e-7
-1.40518e-10
1.14323e-9
2.87048e-10
-8.84941e-10
2.70499e-8
-3.69785e-7
-5.76446e-10
-1.03315e-9
-4.03998e-10
3.19662e-9
9.5037e-8
-1.74868e-7
-5.50823e-11
4.55767e-9
2.24866e-9
-1.17308e-8
-2.5547e-9
2.31298e-8
3.87785e-9
1.34089e-9
-2.19149e-9
-6.91814e-10
1.73024e-9
-4.93884e-9
1.99012e-8
-1.57103e-9
2.85162e-9
2.22426e-9
-6.19986e-10
1.66384e-9
-6.0712e-9
-8.94852e-8
4.30179e-7
-7.91745e-8
1.3695e-8
2.80991e-8
-5.45579e-8
-2.41789e-8
3.2626e-7
1.17498e-7
1.95663e-6
7.50852e-7
-2.17733e-6
-1.72366e-6
3.24375e-7
-3.3377e-7
-5.86507e-8
4.10137e-8
1.28734e-7
-5.03544e-7
-4.15695e-7
6.05899e-7
-1.76395e-6
2.25071e-6
-2.50025e-6
2.22195e-6
-0.000566348
5.83393e-5
0.00641074
-0.0117698
-0.0162549
0.0256166
0.0239218
-0.0393633
-0.0428453
0.0518527
0.0143017
-0.000523456
-0.00522562
-0.00152931
0.0015682
-0.000833903
0.00229015
-0.00105896
0.00304037
-0.001289
-0.00442049
0.000770071
-0.000101287
1.66764e-5
-9.52168e-5
7.34007e-5
-0.000173184
3.46772e-5
-0.000588171
0.000212848
-2.17448e-5
4.60334e-6
-1.0958e-5
1.74023e-6
1.33477e-6
3.35478e-6
6.74185e-6
-1.80135e-5
-3.68438e-7
-1.37793e-6
-1.4537e-6
5.52145e-6
3.64763e-6
7.904e-5
-4.89617e-5
1.88099e-5
-2.89782e-6
6.74506e-5
-0.000422542
0.000646131
1.27643e-6
-0.000706928
-0.00238229
0.00265214
-1.4745e-7
-0.00371874
-0.00417274
0.00720514
-9.30943e-7
-4.14643e-7
2.70203e-7
1.17249e-8
-0.00151754
0.00347385
0.00123582
-0.00266475
2.47867e-5
1.0878e-5
-8.43305e-6
-3.05815e-6
0.00033615
-0.000806461
-0.000189306
0.000441552
1.93622e-5
-5.85625e-5
5.54247e-6
3.12701e-5
-2.95002e-5
8.17821e-5
-2.41894e-6
-3.40814e-5
9.92849e-6
0.000747722
-0.00113149
0.000532392
-0.000450572
-0.000700989
-0.000176241
0.00129744
-0.000439209
-1.14608e-5
-6.8271e-6
2.62914e-6
0.000107383
0.00016785
0.000673989
-0.000771929
6.14756e-5
-0.000263925
0.000388904
-0.00124753
0.000165518
-4.22004e-5
0.000155341
-0.00128016
0.0017764
0.000405491
3.42568e-5
-6.12273e-5
0.000401708
4.37702e-5
-0.000191237
2.54651e-5
-0.000118267
-0.000174687
8.15882e-5
8.52205e-5
0.000134281
-0.000537202
3.19715e-5
-3.34518e-5
0.000286239
-0.000343902
-1.3035e-6
-8.79554e-5
6.54325e-9
-1.45538e-6
-6.71336e-5
0.000351141
1.55684e-6
-4.6448e-7
-3.87623e-6
1.2998e-5
9.94007e-8
-2.72958e-7
-9.57672e-7
2.02585e-5
3.76431e-8
-9.38966e-9
4.26262e-7
-3.9199e-7
9.06503e-12
-1.81485e-9
-1.2884e-6
1.60643e-6
-1.27747e-8
1.10771e-6
5.44252e-9
3.55612e-7
1.096e-6
-2.27291e-6
4.63663e-9
-1.35711e-7
9.87418e-7
-1.1461e-6
-1.35386e-8
-8.34773e-8
1.51919e-7
-3.94788e-8
2.61068e-8
8.74293e-9
-4.69823e-8
-6.47585e-9
8.48365e-9
2.60827e-8
-7.51067e-8
1.67589e-7
6.41338e-8
-2.9774e-8
5.41488e-9
3.8121e-8
-7.42567e-8
3.57769e-7
-3.54159e-8
-6.15844e-10
-1.20673e-7
1.34685e-9
1.08936e-7
-2.02417e-7
-1.5467e-6
8.1877e-6
-1.47559e-6
2.22797e-7
4.41063e-7
-9.21233e-7
8.37007e-7
-4.41729e-7
-4.48465e-7
4.86707e-7
2.96301e-6
-2.61026e-6
2.51604e-6
4.31765e-6
-6.40676e-6
-7.07242e-6
2.85353e-5
-2.11341e-5
5.40519e-6
3.97137e-6
-1.3252e-5
9.03132e-6
-2.7692e-6
-1.76256e-5
2.37838e-5
-0.0015714
0.000530967
0.0018425
0.000900255
-0.00414724
0.00741445
-0.0301523
0.0118923
0.0357998
-0.0388093
0.00291344
-0.000219531
0.00385418
-0.00764268
-0.00238662
0.00517885
-0.000254637
0.00136696
0.000409171
-2.81643e-5
0.000746889
-0.000562062
-0.00043389
7.69104e-5
-0.000106816
1.74977e-5
4.0049e-5
-0.000176721
-0.000135564
0.000293228
-8.59605e-6
4.81943e-6
-4.25459e-7
-1.97253e-5
6.84385e-7
-3.29319e-5
0.000137479
-5.14851e-5
8.63888e-5
-0.000297285
3.03853e-5
0.000176668
-0.000153357
-0.000221778
-6.90852e-6
1.84538e-5
-2.87173e-5
2.11945e-5
0.000435036
-0.00186067
4.95329e-7
-1.74401e-6
-2.93794e-6
-5.41931e-7
0.00191281
-0.00703603
1.55562e-8
2.74941e-7
-1.2086e-6
2.15254e-7
0.00433866
-0.00915373
-7.49058e-8
2.18478e-8
-2.57922e-7
1.09827e-7
-0.00660435
0.0100251
0.00496138
-0.00778559
2.43929e-6
7.31607e-7
-5.80178e-7
-1.47134e-7
0.00170964
-0.00310343
-0.000934025
0.0017273
-9.68178e-6
-1.35059e-5
5.15768e-6
4.98448e-6
-0.000181853
0.000418841
7.06079e-5
-0.000334236
-0.000199805
0.00023445
-5.73151e-5
9.46128e-5
0.000313923
-4.34816e-5
2.51532e-5
9.05748e-5
-0.000184871
-0.000144155
0.000116957
-5.95398e-5
0.000512455
0.000214827
-0.000264893
0.000664699
-0.00079533
-0.000324308
0.000111316
0.00025699
-0.000228991
0.00166941
-0.00186838
0.00138209
7.19413e-5
-0.000191072
0.00116853
-0.00235175
-4.62586e-5
0.000129681
1.6882e-5
-0.00141435
0.00192217
-1.01846e-5
3.36293e-5
-1.06349e-5
-8.23977e-5
0.000330574
1.8577e-6
-2.61685e-6
-6.41231e-5
0.000421279
4.63532e-7
-1.34105e-7
-1.96656e-6
-6.80897e-6
4.81507e-8
-5.41011e-8
-8.85981e-6
5.9688e-5
-1.12405e-7
9.20422e-8
2.21644e-6
-3.5137e-7
-4.24382e-8
-6.35146e-7
2.83995e-7
-4.0144e-6
-4.38712e-7
1.75765e-8
-5.68179e-8
-5.61292e-9
1.89541e-8
-8.27197e-7
3.74335e-6
-3.28896e-9
-7.2441e-9
-9.66752e-9
3.15311e-8
-9.78529e-7
3.34909e-6
2.33765e-8
1.0241e-7
3.68322e-8
-2.86482e-7
-4.38492e-7
-3.84905e-7
-1.02046e-7
1.0722e-7
8.60713e-8
1.69022e-7
-4.2176e-8
2.02376e-7
-5.76295e-7
-1.12439e-6
6.55225e-8
3.82886e-8
-7.28958e-7
-2.08553e-8
8.29824e-8
1.3011e-8
4.00942e-7
2.0289e-6
-2.41967e-7
4.35442e-7
1.06165e-6
-1.39624e-6
7.31294e-6
-4.34178e-7
5.62258e-8
-5.60173e-6
-2.17522e-7
2.62533e-6
-5.25866e-6
-5.43571e-6
-8.89933e-5
-3.35006e-5
0.00011145
-1.67718e-5
3.33692e-6
4.4243e-6
2.06221e-5
-1.01276e-5
-3.78202e-5
3.42665e-5
-2.06815e-5
8.48715e-6
4.33e-5
-6.27547e-5
0.000155833
-0.000143134
0.0233325
-0.00976012
-0.0388842
0.0091405
0.0333379
-0.00268295
-0.00656681
0.00417822
0.000132159
-0.00116581
0.000486168
-0.000386928
0.00439802
-0.00101986
-0.00855903
-0.00191073
-0.0131943
0.0151717
-0.00560841
0.00536795
0.00134342
-0.000178806
-0.0003769
0.00166568
0.000768657
-0.00254805
-0.000108513
4.06826e-5
-0.000155539
4.79638e-6
0.000545765
-0.00148229
0.000793931
-0.000751431
0.00240915
-2.13392e-5
9.41611e-5
-0.000123998
1.98727e-5
5.51537e-5
-0.000408051
-0.000298177
0.000234459
0.000442809
0.00187556
-0.00267568
-5.11954e-5
0.00292841
0.0046078
-0.00743895
8.34363e-6
0.0125824
0.0116088
-0.0173484
1.09184e-6
4.78361e-8
-0.0126067
0.00970251
9.319e-8
1.59302e-8
-1.05797e-7
5.67099e-8
0.00486174
-0.00619977
-0.00247598
0.00387411
-2.20407e-6
-1.54308e-6
6.76849e-7
4.17634e-7
-0.000789016
0.00163002
0.000588124
-0.00179238
-3.97781e-5
7.25937e-7
1.48356e-5
-1.68794e-5
-1.6853e-6
0.000378216
-0.00089277
0.000441293
1.34178e-5
-0.000223842
-0.0011416
0.00102566
0.000844102
0.00126761
-0.00119699
0.000504454
-0.000995158
-0.00205265
0.000919772
0.00142325
-0.000482638
-0.00104452
0.0035875
0.00287419
-0.00322282
0.00169541
-0.000529445
-0.00155847
-0.00309845
0.00200556
-0.000359972
-0.000178408
-0.000758944
0.00239279
0.000290321
-0.000331242
-0.00483511
0.00723644
-0.00570696
-0.000138146
0.000130242
-0.00187257
0.00192413
3.36752e-5
-4.10034e-6
-3.13265e-6
-2.44462e-5
0.000171996
7.50291e-7
-1.92756e-6
-0.000412535
0.000455912
3.74444e-7
-5.8042e-7
1.62414e-5
-5.83523e-5
7.12732e-7
3.8966e-6
-1.74001e-6
7.51415e-5
-0.000291293
3.96725e-7
1.36713e-5
-2.45723e-5
-9.951e-8
-1.00252e-5
-3.57799e-10
2.67324e-7
-9.59755e-6
1.80637e-5
-2.18545e-7
1.99387e-6
1.31881e-6
1.82199e-6
4.73446e-7
-1.33559e-6
-7.11717e-7
7.24889e-6
-6.08605e-6
4.83091e-6
3.89775e-6
-1.44319e-5
-6.17269e-7
6.94973e-7
1.56212e-6
-6.90751e-7
3.17962e-5
-8.22462e-6
-5.18435e-6
2.77234e-5
-3.27357e-7
9.66461e-7
-6.32962e-7
-5.23714e-6
-5.06968e-5
1.23119e-5
1.0408e-5
-2.77531e-5
-3.79346e-5
0.000130212
9.72025e-6
2.35382e-6
1.63869e-5
-8.76562e-6
3.9893e-5
-4.64001e-5
3.76337e-5
-5.56117e-5
0.000174416
0.000177575
0.000103177
-0.000203536
-0.000126593
2.36644e-5
-0.000386139
0.000302586
-0.000111554
-0.000180623
0.000119831
-8.29394e-5
-0.00830408
0.00248248
0.0127049
-0.00993362
0.00657837
-0.00670489
-0.0116601
0.00933026
0.00878673
-0.000300959
-0.00676544
-0.00333438
0.00226372
-0.0040165
0.00466826
0.00255436
-0.000826888
-0.000148128
0.000475547
-0.00948177
0.0134901
-0.00272541
0.00454583
0.000792005
-0.000774421
0.000125029
-0.0017772
0.00428012
-0.00361665
-0.00194296
-2.6681e-6
0.000494018
9.46067e-5
-0.000566207
-1.95479e-7
0.00243465
0.000496925
-0.000568618
0.000890223
-0.00156236
0.000844733
-0.0015236
0.00261129
-0.000623351
-0.0058656
0.00604534
0.00434423
-9.09439e-5
0.000285043
-0.000270889
0.000101654
-0.00550102
0.00615379
-1.21777e-5
3.16191e-5
-3.32426e-5
1.85603e-5
-0.00898099
0.0104111
-9.8977e-7
1.21318e-6
-3.10363e-7
2.98342e-6
0.0135937
-0.00775156
-0.00876369
0.00304243
2.72711e-7
2.93355e-9
0.00475775
-0.00285802
-1.60373e-7
-1.12466e-7
8.67245e-9
1.53527e-7
-4.55762e-7
-0.00182726
0.00241478
-0.00121385
0.00315663
-4.04336e-6
1.28476e-6
2.67021e-7
2.02689e-6
-2.91269e-6
0.00150884
-0.00279346
0.00234235
4.70536e-6
-0.000826634
-0.000773274
0.00117775
-0.000331736
0.000273255
-6.56429e-5
0.000306599
0.000610951
-0.000499922
2.78637e-5
0.00164331
-0.00539195
-0.00417063
0.0100365
0.00070188
-0.00841442
-0.000750673
0.00705066
0.000485983
-0.00451859
0.000897796
-0.00068223
-0.00808409
0.00592136
-0.00057815
6.92192e-5
0.00026617
0.00988671
-0.00738564
7.42124e-5
-0.000145159
-0.00319444
0.000466126
-0.000214386
-0.00200122
0.00599569
-0.00300983
-7.10865e-5
0.000120851
-0.00125558
0.00082741
2.16041e-5
-1.57877e-5
-5.81308e-6
2.80044e-6
-1.34877e-5
0.000492349
-0.000401546
0.000536845
-0.000543831
-3.98495e-6
9.72207e-6
-2.62614e-6
-7.81834e-5
0.000220899
5.17772e-7
-2.17219e-7
-2.20921e-5
3.5095e-5
-4.91807e-8
-1.90202e-7
9.66517e-7
2.30855e-5
-3.14355e-5
1.12588e-7
-6.53215e-7
-1.2062e-7
5.90873e-7
1.09455e-5
-1.87071e-5
4.9834e-8
2.66491e-6
1.06664e-6
-6.13308e-6
-2.44655e-6
-1.91521e-6
-1.94146e-6
1.6233e-6
2.64341e-6
-3.02931e-7
-3.30637e-6
-3.05597e-5
1.36498e-5
1.45044e-5
-9.31555e-6
2.4717e-5
3.56217e-6
3.96095e-5
-5.18652e-5
-2.77694e-5
8.27722e-5
6.51734e-6
-3.84199e-6
-1.79877e-5
3.13165e-6
-3.55292e-5
0.000103524
4.57693e-5
-9.54752e-5
-1.63559e-5
4.72552e-5
2.21494e-5
1.43831e-6
2.04939e-5
0.0001002
-3.43233e-5
5.83732e-5
-2.91761e-5
6.71536e-5
-0.000211422
-0.000185425
0.000193582
0.000251228
-0.000303055
0.000110066
-0.000338364
0.000168058
-7.81193e-5
0.000434742
-0.000392276
0.00033809
-0.000151517
-3.72816e-5
0.000154801
0.00354363
-0.00857553
0.0210504
-0.0294599
0.0252076
-0.0171585
0.00925668
-0.00363022
-0.00228815
0.00126483
0.00532329
-0.00449592
-0.000341147
-0.00629862
0.00788035
-0.00165001
0.00506797
-0.000679571
-0.000443303
-0.000717429
-0.006073
0.0144462
-0.00996425
0.00268045
9.04045e-5
-0.00373916
0.006296
-0.004254
0.00459905
-0.00804965
-0.000157701
-0.00225931
0.00844706
-0.00669302
-0.00837215
0.00246718
-0.00144912
0.00365724
-0.0022914
0.000223899
-7.76106e-5
0.00130688
-7.11237e-5
5.32288e-5
-4.09905e-5
0.00270208
-3.42255e-5
3.8131e-6
-9.87384e-6
-0.00354466
0.00685648
-6.27902e-7
-2.81642e-8
5.14471e-6
1.23817e-6
-0.000106822
-0.00752274
7.34488e-5
0.00527291
2.26336e-7
-1.53876e-7
-0.00330931
-0.00403102
0.00947519
-4.03231e-8
7.37829e-8
-1.49014e-6
0.00602551
-0.00641577
-0.00210776
0.00630813
-0.000109443
1.20562e-5
0.000108457
-0.000271846
-1.32748e-5
0.00131814
-0.00424312
0.0141137
0.000491741
-0.020384
-0.000554513
0.0177063
0.000503597
-0.0127542
-0.000319082
0.00762976
0.000222073
-0.00479583
5.83736e-5
0.00357184
0.00018845
-0.000184392
0.0091212
-0.00629213
-0.000134083
-0.000270352
-0.00356111
0.000230082
-0.000106473
-2.716e-5
0.000413491
-0.000213209
3.80283e-5
-2.97661e-6
-4.12524e-5
2.41395e-5
4.96405e-5
-4.80444e-7
3.46416e-6
5.3102e-5
-0.000102226
-2.45566e-7
1.45514e-5
-9.4124e-6
-1.98407e-5
1.29234e-5
3.31352e-6
-6.01559e-6
-1.59163e-5
1.71772e-5
1.63628e-6
-2.12534e-6
-8.11426e-6
1.64624e-5
-1.19675e-5
1.92609e-5
-2.19837e-6
4.09359e-6
9.4627e-6
-1.37146e-5
2.62554e-5
-4.09689e-6
-2.11091e-5
-4.03312e-5
7.41198e-5
-1.63447e-5
-7.73871e-6
8.53796e-5
-6.84069e-5
-0.000132803
7.51086e-5
-0.000236568
3.69009e-6
-8.69397e-5
0.000413849
-0.000157357
0.000241029
-3.75234e-5
7.51474e-5
-0.000300682
0.000335765
-0.000107215
2.66913e-5
-9.79234e-5
0.000154269
-0.000235148
8.63435e-5
-1.17219e-5
9.43443e-6
0.000543126
-0.000856173
0.000796699
-0.00059784
0.00032671
-0.000102969
-1.73726e-5
7.48795e-5
0.000271895
0.00142718
-0.00867884
0.013554
-0.0299963
0.0369078
-0.0324393
0.0194619
-0.00558781
-0.00458849
0.0117351
-0.0202877
-0.0145587
0.0229455
0.0073428
-0.00637111
-0.000342793
-0.0123001
0.0192165
-0.0208316
-0.0146401
0.00859361
0.000966464
0.00444647
-0.0118433
-0.00264824
0.00840218
-0.00716582
0.00750663
-0.0130374
0.0112623
0.0151979
-0.00442922
0.00779343
0.00482586
-0.00600057
0.00573199
-0.00873095
0.00610191
-0.00391777
0.00480037
-0.00395636
7.11356e-5
0.00198695
0.00203784
0.00567003
-0.000547392
-0.000289001
-0.00771697
-0.00996703
0.019004
9.92019e-5
3.7322e-5
0.015595
-0.0157416
-2.86889e-5
1.07021e-5
0.0134104
-0.00785964
6.5007e-7
-1.07253e-6
-3.48321e-6
8.12545e-7
-2.48853e-7
-0.00185003
0.00064266
0.00783606
-0.014771
-2.09311e-8
4.58585e-8
8.49746e-8
-1.45921e-7
1.1009e-7
-0.00920443
0.0160128
-0.0145592
-1.87992e-6
0.00912805
-0.0101393
-2.53532e-5
9.10929e-6
-3.18306e-6
4.05813e-5
-0.000112265
-0.00218013
0.00364517
0.0103024
0.00023981
-0.0237395
-0.000342083
0.0300045
0.000350755
-0.0279442
-0.000233247
0.0199459
4.38798e-5
-0.0113826
0.000125156
0.00551594
-0.00034769
-0.00271041
0.000683489
0.00271892
0.000620142
-0.000861728
0.00583619
-0.00378299
-0.000210189
0.000265315
-0.000137264
-7.25249e-6
0.000113807
-0.000532123
0.000940856
-8.35318e-5
0.000276993
3.4238e-6
-2.15446e-5
5.09667e-5
-0.000181898
0.000116346
4.43845e-5
-7.64998e-5
3.10107e-5
-1.74828e-5
3.48031e-6
-8.92502e-6
-2.5126e-5
1.46945e-5
8.73489e-6
-1.78076e-5
3.62258e-6
2.5646e-6
3.82722e-5
5.83533e-6
-4.7428e-6
2.35088e-6
-7.91259e-6
1.40385e-5
2.46138e-6
-5.52583e-6
9.80415e-6
-4.58923e-5
7.22375e-5
-7.26053e-6
1.28872e-5
-3.69761e-6
2.35435e-5
-0.000113985
-4.20258e-5
2.43045e-5
0.000211242
0.000144012
-0.000304493
8.51532e-5
-0.000103153
-0.00011708
8.67826e-5
0.000437399
-0.000656194
-0.000375356
0.000682384
-8.65545e-5
0.000149642
0.000276546
-0.000207409
0.000192083
-0.000668809
0.00043297
-0.000539782
-0.000177562
0.000313084
-1.15594e-5
-4.93403e-5
-3.85867e-5
-4.31142e-5
2.07981e-5
-0.000409461
0.000284589
-0.000863552
0.00120555
-0.00119928
0.000890398
-0.00049133
0.000177214
-1.44891e-5
-3.3967e-5
3.01095e-5
-0.0116626
-0.00695822
0.0263919
-0.033271
0.0272696
-0.0117175
-0.00489165
0.0152298
-0.0176827
0.0141315
-0.00289293
0.00499319
0.0264428
-0.0243396
0.021826
0.0115064
-0.0275488
0.0352809
-0.0401075
-0.0207818
0.0139184
-0.0177167
0.0149449
-0.0124677
-0.0119352
0.0105542
-0.00948309
0.00995839
-0.00769142
0.00900363
-0.0115408
-0.00462194
0.00312769
-0.00397359
0.00319246
0.00479404
-0.00945647
0.0156442
-0.00756412
5.69334e-5
-0.00235901
0.00406026
-0.00283883
0.00157339
0.0097168
-0.0182399
-0.000580232
0.00138343
-0.000958084
0.000434857
0.000157227
-0.0163209
0.0207937
-0.0171019
0.0192119
-3.33305e-5
4.47683e-6
-0.014214
0.00664521
8.70526e-7
-9.45404e-7
-7.91112e-8
0.00199289
-0.0104762
0.0175972
4.83882e-9
-1.40051e-7
5.52882e-7
-0.0225845
0.0267832
0.012258
-0.0282664
3.45556e-6
-2.22609e-5
5.66556e-5
-0.0070053
-0.0128253
-0.000121239
0.0276882
0.000157228
-0.0358632
-9.71761e-5
0.0339213
-6.44618e-5
-0.0245385
0.00025488
0.0135835
-0.000379948
-0.00574517
0.000422593
0.00193855
-0.00036802
-0.000826281
6.61972e-5
0.000258239
-0.000107513
3.1211e-5
0.00100724
-0.000845633
-9.68712e-6
-1.53091e-5
1.80057e-5
0.000434872
-0.000200126
6.50447e-5
2.16807e-6
-1.53088e-6
2.88771e-6
4.05453e-5
-0.00010256
0.000129879
2.09607e-7
-1.53336e-6
-0.000153339
-6.15571e-5
0.000157116
-5.92595e-6
4.7971e-6
1.9471e-6
-1.91956e-7
2.21278e-5
-6.33517e-5
-6.75203e-6
-1.49496e-5
-7.24568e-5
0.000161481
1.31268e-5
-1.01812e-5
0.000256294
-0.000318107
-0.000172874
0.00017065
-2.29975e-5
-7.95863e-7
-1.01662e-5
-2.65458e-5
-4.82186e-5
0.000148433
7.61423e-5
-4.94024e-5
3.5982e-5
-0.000267019
0.000402235
0.000195672
-0.000129569
-0.000569182
0.000791717
-0.00100189
-0.000682846
0.000398591
-0.000281897
0.00126569
-0.00143733
0.000624559
-0.000562209
0.000173924
-0.00147983
0.0012467
-0.000289129
0.000937833
-0.00135038
0.00134631
-0.000977406
0.000479522
-0.000102695
-5.36258e-5
3.09046e-5
0.00014895
0.0192451
-0.0317851
0.0316134
0.00613633
0.00887844
-0.019113
0.0217627
-0.0138407
-0.00262335
0.0192809
-0.0275468
0.0249727
-0.0144993
-0.00143137
-0.0208888
0.0235463
0.0278201
-0.0259695
0.0317938
-0.0367866
0.0264164
-0.0219311
-0.0240557
0.0212832
-0.0178855
0.0166993
-0.0133761
0.0108472
0.0164858
-0.0157648
0.0149108
-0.00850835
0.00625173
-0.0138259
0.0138658
-0.00471177
0.00423558
-0.00293409
-0.0157654
0.0118621
-0.00388401
0.00181274
-0.00114856
-0.00508512
0.0128524
0.000632862
-0.000298226
-0.000150181
-0.0164837
0.0141504
-0.0122299
5.84322e-5
-1.97702e-5
0.00854033
-0.00238502
5.08967e-6
-7.39584e-7
3.8049e-7
-0.00481326
0.0122271
-0.0201295
-4.47228e-8
2.1387e-8
1.98192e-7
0.0263736
-0.037994
0.0322674
4.47326e-6
-1.95169e-6
6.07435e-7
-8.46727e-6
1.30378e-5
0.0191862
-0.0302317
0.0031937
-2.72006e-5
0.0158902
3.65348e-5
-0.0285833
-6.72846e-6
0.0342801
-0.000109026
-0.0316779
0.000305328
0.0220819
-0.000493857
-0.0109676
0.000562854
0.00328143
-0.000473269
-8.17566e-5
0.0002395
-0.000510325
0.00011921
0.000365171
0.00057988
-0.000690228
-3.58565e-5
-0.000144544
-0.000732927
0.00068733
-0.000779013
0.000499838
2.23048e-6
1.38282e-5
-6.49945e-6
-0.000338542
0.000151101
2.28434e-5
1.69416e-7
-2.68816e-7
2.1081e-7
-0.000172567
0.000268216
-0.000289599
-5.43918e-7
3.51637e-7
0.00027088
-0.00023056
-8.5253e-6
-4.28829e-6
1.39357e-6
0.000124305
-3.12491e-7
-0.000114586
-3.3672e-5
1.99379e-5
0.000218876
-0.000195612
-3.58297e-5
4.01235e-5
7.13594e-5
3.05782e-5
-0.000141139
-0.000113969
6.58325e-5
-1.30348e-5
0.000264329
-0.00041019
-0.000258342
0.000181919
0.00060662
-0.000904646
0.00119953
0.00064086
-0.000463812
0.000346997
-0.00182044
0.0016429
0.00110776
-0.00177349
0.00110496
-0.000951518
-0.00103288
0.00116495
-0.000802944
0.00042013
0.000323363
-0.000882723
0.00117632
-0.00110713
0.000688516
-0.000155897
-0.000202566
0.00025738
-5.4509e-5
-0.000306588
0.00111649
-0.000918158
0.0272332
-0.0334155
-0.00863357
0.0118803
-0.00992758
0.000522822
0.0151979
-0.0303293
0.0365285
-0.0300717
0.0156052
0.00238996
-0.0140667
0.0222837
-0.0227451
0.0460363
-0.0394194
0.022181
0.022573
-0.021751
0.0195095
-0.0135407
0.0101609
-0.0076256
-0.0192298
0.0190616
-0.0183357
0.00561163
-0.00402635
0.0173698
-0.0139875
0.00386141
-0.00490813
0.00240132
0.0168941
-0.0162441
0.00841572
-0.00106886
0.00093922
0.000240105
-0.00646593
-0.00047267
0.000425
5.30248e-5
0.0122502
-0.0090893
0.00541688
-3.50309e-5
1.59979e-5
-0.00248722
-0.00129288
-5.99871e-6
1.68272e-6
-1.8926e-7
0.00625398
-0.011982
0.0224378
4.629e-8
1.59325e-7
-3.08652e-7
-0.041239
0.0480999
-0.0340555
3.51049e-7
7.22023e-6
-2.94856e-6
0.0255462
0.0057816
6.67119e-7
-0.0225766
1.07837e-5
0.0264216
-6.88739e-5
-0.0257443
0.000204627
0.0207192
-0.000407872
-0.0113247
0.000590678
0.00194447
-0.000636076
0.00325537
0.000486088
-0.00365133
-0.000202044
0.00191185
-0.000186137
-0.00087337
0.000433305
0.000168737
-0.000594205
0.000527678
-0.000379566
-6.89315e-6
1.89002e-5
-7.21636e-5
0.000235213
-6.8528e-5
-0.000130975
2.16165e-8
-3.58503e-7
2.93899e-6
0.00030284
-0.000403058
0.000413807
1.07895e-8
-1.84835e-8
-0.000310548
0.000272258
1.35831e-5
2.58863e-6
-3.51456e-7
-0.000141248
-2.88476e-6
6.30338e-5
7.28066e-5
-3.61279e-5
-0.00016278
0.000246413
0.000139258
-9.65785e-5
-0.000103843
-1.35814e-5
0.000112807
0.000129148
-7.53261e-5
-5.01671e-5
-0.000218665
0.000360486
0.00027673
-0.000195056
-0.000561562
0.00103066
-0.00194804
-0.000607826
0.000469505
-0.000366066
0.00233207
-0.00174516
0.00149478
0.000882752
-0.000814727
0.000709212
-2.04601e-5
-0.000539547
0.000745484
-0.000778857
0.000570469
-0.000104315
-0.000414328
0.000698422
-0.000596248
0.00022862
0.000277533
-0.000662079
-0.00540434
0.0124136
-0.0140255
-0.00714348
0.00204575
0.00670708
-0.0196135
0.0319904
-0.0366837
0.0307616
-0.0152804
0.00129745
-0.00887123
0.0058764
0.0125179
-0.000781655
0.0130262
-0.00892686
-0.0184316
0.0212483
-0.016851
0.00689509
-0.0066293
0.00430922
0.0174312
-0.0180295
0.0170969
-0.00342987
0.00189502
-0.0156976
0.0165069
-0.00162925
0.00344747
-0.001984
-0.0128542
0.0217076
-0.0106215
0.00102849
-0.000472977
0.0009782
0.00313378
0.000396429
-0.000399195
2.87409e-5
-0.00615669
0.00272534
-0.000336226
-2.00367e-7
-3.6993e-6
-0.000801829
0.00211155
3.38294e-6
-3.06923e-6
4.86026e-7
-0.00513972
0.00648618
-0.00917975
-6.66775e-7
-3.57798e-7
3.89837e-7
0.0135172
-0.00056142
-4.14366e-6
-0.00517665
6.24309e-6
-2.04177e-5
1.62547e-5
0.0405037
-0.0496621
-2.63848e-5
-0.0222974
8.22997e-5
0.0120475
-0.000197189
-0.00473651
0.000367485
-0.00446744
-0.000526319
0.0112742
0.000567325
-0.0126977
-0.000444611
0.00949676
0.00018091
-0.00461408
9.23328e-5
0.00174983
-0.000207344
0.000252853
-0.000267292
0.000213913
-6.99846e-6
9.50146e-6
0.000136544
-0.000135405
9.80627e-6
0.000189507
1.92368e-7
-5.78497e-7
-1.15224e-6
-0.000327017
0.00036675
-0.00029058
2.32681e-7
-8.03613e-8
0.000134747
-0.000114499
-1.13582e-5
1.77208e-6
-8.0014e-7
-2.60564e-5
3.86531e-5
-0.000121782
-0.000121109
4.79234e-5
0.000150084
-0.000206665
-0.000295563
0.000198084
3.26647e-5
3.58057e-5
-9.74853e-5
-4.98385e-5
-0.000101375
0.000273485
0.000141792
-0.000253998
-0.000231421
0.000145193
0.000294902
-0.000418027
0.000634493
0.00055606
-0.000389761
0.000302251
-1.32017e-5
-0.000316458
0.000423557
-0.00053097
-0.00109666
0.000928252
-0.000555178
0.000293336
1.31088e-5
-0.000482845
0.000943981
-0.00113661
0.000941329
-0.000425207
-1.12652e-5
0.000223811
-0.000346154
0.00455286
-2.96134e-5
-0.00412141
0.00964542
-0.00348352
0.0016482
0.00223103
-0.00772642
0.0163309
-0.024203
0.0283968
-0.0206455
0.00929917
-0.00160179
-0.00321347
-0.00674829
0.00497945
-0.000681818
-0.00466593
0.00272968
0.00187371
-0.00761955
0.0122306
-0.0151088
0.0120183
-0.00245467
0.00351384
-0.00302847
-0.0105323
0.013335
-0.0127472
0.00332519
-0.00348301
0.0113146
-0.0100193
-0.000516727
0.00284784
-0.0161766
0.00933818
0.000537885
-0.000407985
-0.000326981
0.00117944
0.000407105
-0.000314627
7.10993e-5
0.000483078
0.000125242
-7.97921e-5
-0.00140741
0.000885614
3.52411e-5
-1.14759e-5
0.00162139
-0.00197433
1.40272e-6
4.81615e-6
-3.84897e-7
0.00280623
-0.0022534
0.00252995
2.65122e-6
2.13669e-7
4.23206e-7
-0.00412581
-0.00435591
7.65245e-7
-5.48672e-7
-0.00657585
0.0104814
0.0147084
-0.0133538
-1.99685e-6
3.10071e-5
-3.5992e-5
0.0345749
-0.0118251
2.70592e-5
0.00539253
-7.04607e-5
0.00726239
0.000139857
-0.0113507
-0.000253131
0.0206171
0.000356609
-0.0237957
-0.000404055
0.021677
0.000279872
-0.0120755
-8.32377e-5
0.00502329
-4.81568e-5
-0.00120128
0.000123835
-0.00011233
0.00017371
6.11496e-5
-8.90553e-5
-0.000120455
-2.18464e-5
-6.79154e-5
0.000437674
-9.05517e-5
8.19121e-6
5.72168e-5
6.02848e-5
-0.000155436
-1.1783e-8
3.62863e-7
4.30902e-6
0.000231916
-0.00020686
7.77546e-5
1.51873e-7
-1.33043e-7
9.07013e-5
-0.000181842
4.04677e-5
-2.26726e-7
7.28291e-10
0.000203886
-0.00020939
9.11822e-5
-4.87004e-6
0.000114064
-7.48305e-5
7.56276e-5
-5.88651e-7
6.04373e-5
-9.47327e-5
0.000103258
3.51701e-5
1.27117e-5
1.60909e-5
-2.84258e-5
-0.000106133
0.000136192
0.000156876
-9.73023e-5
-0.000106217
0.000129846
-0.000224983
-0.000378979
0.000240525
-0.000164339
-6.43052e-5
-5.16894e-5
0.000164687
-0.000292141
0.000349047
0.000760856
-0.000231789
-9.99624e-5
0.000161658
-0.000218394
0.000332199
-0.000261428
0.000116597
0.000228174
-0.00043366
0.000824243
-0.00113381
0.00126999
-0.000871179
0.000424624
-8.99632e-5
-0.00319461
-0.00110978
0.00433558
-0.00397987
0.00536611
-0.0103001
0.0134458
-0.0148368
0.010183
-0.00430744
0.000971635
-0.000183525
-0.00210768
0.00117291
-0.00149564
0.000832195
0.00396963
0.00640885
-0.0048487
-0.0055768
-0.000144424
-0.000625508
-0.00755863
0.00587085
0.00754465
0.000246442
0.000663056
-0.00663345
0.00524662
-0.000889951
-0.00151211
0.000939192
-0.00327968
0.00175248
-0.000325528
-0.000461806
0.000375522
-0.000602614
0.000227862
-0.000691176
0.000244217
-0.000288868
0.000295271
0.000487348
-0.000299045
-0.000950558
0.000168433
-0.000149866
0.00011693
-0.000171274
4.05456e-5
-5.294e-5
2.14456e-5
0.000266534
-1.06832e-5
-5.69421e-5
1.51434e-5
-1.38644e-5
-0.000587596
-2.6202e-6
0.00159473
-6.72284e-6
4.48575e-6
-7.31263e-6
-0.00279467
0.00218342
-1.56193e-5
-0.0104851
-1.31036e-5
4.63667e-5
-3.64077e-5
0.00148024
0.00817261
7.39378e-5
-0.0311642
-8.10793e-5
0.0220574
0.000143202
-0.0364435
-0.000184047
0.034369
0.000199462
-0.0243659
-0.000124136
0.0153721
3.47128e-5
-0.00559324
1.69383e-5
-3.82074e-5
3.43319e-5
-1.60816e-5
0.000187986
-0.000231112
-0.000637373
7.34002e-6
-1.6334e-5
-1.98368e-5
7.60938e-6
-6.96634e-5
-3.32582e-6
-2.37201e-5
2.55177e-5
0.000107903
-1.20692e-7
5.18641e-7
-0.000281476
0.000262982
1.7502e-7
5.33641e-8
-0.000275864
0.000192469
3.04382e-6
-4.15958e-7
-3.59051e-7
-1.87485e-7
-0.000107163
5.05275e-5
5.23314e-6
-3.43391e-6
-2.28369e-6
1.45707e-6
7.16542e-6
-1.24376e-5
-2.79823e-5
-3.53914e-6
-1.04594e-5
4.20198e-6
1.47582e-5
1.03621e-5
-2.52492e-5
5.75215e-6
-4.91871e-6
5.62164e-5
-3.07149e-5
6.15206e-5
-9.93534e-5
6.9081e-5
-8.88736e-5
3.26122e-5
-4.07233e-5
-0.000232034
-7.69344e-5
0.000132784
-0.000133648
0.000161104
0.000166794
5.95401e-5
-0.000782012
0.000583395
-0.000906084
0.0010011
-0.000925616
0.000678204
-0.000315073
2.35629e-5
1.80293e-5
-0.00176658
0.00467609
-0.0021708
0.00437755
-0.00264676
-0.00279146
0.00463986
-0.00571996
0.00770455
-0.00515529
0.000643512
-0.000524426
0.000636428
-0.000388256
-0.000264396
-0.000111614
0.00117276
-0.000507019
0.000195373
-0.00333775
0.00125368
-0.00229594
0.00258403
0.00230523
-0.00200044
0.000587601
-8.715e-5
-6.42247e-7
9.0969e-5
-0.000192732
0.00244522
-0.00378483
-0.00473223
0.00275899
-0.000148342
0.000146306
0.00361848
-0.00181446
-0.00254199
0.000140604
-0.000194456
0.00170148
-0.000325611
0.000124863
-0.000127638
0.000114882
-0.000125315
0.000115425
-0.000132267
6.55561e-5
-1.87026e-5
9.32271e-5
-6.75658e-5
8.84691e-7
4.02694e-5
-2.07035e-5
-1.73448e-6
-0.000131342
-2.95814e-5
1.7106e-5
0.00051078
-0.000167708
0.00016541
-1.69893e-5
1.83296e-5
-1.2251e-5
1.37518e-5
7.25336e-5
-0.000305349
2.57155e-5
-4.57033e-5
0.000362817
4.57655e-6
-5.81019e-6
6.04002e-6
-0.00121882
0.00163834
-1.30228e-5
2.21546e-5
0.0101419
-0.00429071
-0.00301013
-1.44576e-5
-0.00359785
-7.19297e-6
5.13538e-5
-7.18677e-5
0.0430718
-0.0286105
3.86179e-5
-0.0270861
-6.06053e-5
0.0487597
7.35595e-5
-0.0532041
-9.62408e-5
0.0324435
6.04687e-5
-0.0176454
7.57711e-6
-9.80334e-6
4.03308e-6
-1.09943e-5
-4.73204e-6
0.000217258
0.00064552
0.0015291
-0.00110277
0.00147468
4.76057e-6
-0.000513146
-3.96261e-6
4.27536e-6
6.81479e-6
-4.09773e-6
2.01263e-5
8.60622e-5
1.49247e-5
-6.50717e-5
-8.88209e-5
3.05374e-5
-0.000101101
6.50482e-5
0.000189927
-0.000167537
3.26021e-7
-3.04745e-6
-9.5202e-7
2.26937e-6
0.000233486
-0.000215647
1.38643e-9
-1.89666e-7
0.000139546
-9.8742e-5
8.3837e-8
4.24952e-8
2.98905e-5
-1.57192e-5
1.68137e-6
-6.81007e-7
-9.06078e-6
3.45407e-6
8.98771e-6
-3.51448e-6
-3.17653e-6
-1.06529e-5
-4.92399e-6
7.28822e-6
-8.98496e-6
2.6062e-5
4.76615e-6
-3.75479e-5
-4.57102e-5
2.32475e-5
-9.77882e-6
1.7946e-5
-7.96548e-6
8.94476e-7
7.5151e-6
-6.36412e-6
-1.97039e-5
5.17739e-5
7.59696e-5
-4.49271e-5
3.92308e-5
3.79697e-5
0.000212314
-0.000104037
-5.32639e-5
-9.07311e-5
2.993e-5
-6.58604e-5
0.000120334
-0.000111191
-0.000678507
0.0010222
-0.000447411
0.00073035
-0.000857809
0.000699001
-0.000470497
-5.73598e-5
4.83505e-5
-0.00041922
0.00382692
-0.000766335
0.0018784
-0.00381533
0.00256463
0.00251041
-0.00375727
0.00181919
0.00227652
2.7212e-5
9.56858e-5
-8.47434e-5
0.00125499
-0.0012888
-0.00223605
0.000290158
-0.000562577
-0.000678725
0.000343522
0.000539524
1.38705e-5
-2.41743e-5
0.0011776
-0.000471261
-0.00100678
-3.67959e-5
2.92761e-5
-1.86901e-5
1.99524e-5
0.000666437
0.00121382
-0.000413127
-1.23861e-5
-2.22793e-5
-0.000953361
0.000259691
2.06116e-6
-1.72857e-5
-2.8834e-5
-7.10633e-6
3.25245e-5
-4.05659e-5
-2.49502e-5
5.5604e-6
3.99458e-5
-3.77188e-5
-3.60888e-5
4.18826e-5
-3.11695e-7
1.54106e-5
2.77603e-5
-3.15017e-5
-6.58365e-5
2.89581e-5
-2.55842e-5
1.88504e-5
-8.52293e-6
-2.60052e-5
1.63804e-6
1.34847e-5
-7.6828e-7
1.66697e-6
-8.1224e-5
5.48897e-7
4.40161e-5
9.82682e-7
-4.99057e-6
3.69499e-6
0.00161667
-0.00174501
-1.85723e-6
1.65794e-5
0.000808462
-0.00145994
0.00772383
-2.22753e-5
1.21769e-5
0.01178
2.77329e-6
-3.29909e-5
4.83219e-5
-0.113043
0.0937888
-3.13925e-5
0.0697432
-2.25302e-5
4.62406e-5
-2.75258e-5
-1.66378e-6
-1.40104e-8
-1.46608e-6
0.000665433
-0.00343159
0.00826872
-0.00331046
0.0149065
1.89771e-6
-0.00397719
-1.58761e-6
2.01777e-6
-6.4769e-6
2.65608e-5
-3.2896e-5
0.000239951
0.000413828
8.73789e-5
-0.000156496
-1.18936e-6
-1.49912e-5
0.000213606
-0.000224823
-0.000147095
0.000144969
-6.98915e-8
7.30043e-7
4.00716e-7
-9.02083e-7
0.000122101
-0.000117459
7.39898e-5
3.08965e-8
5.51429e-5
-3.9551e-5
2.90812e-5
4.78587e-8
5.31432e-6
-2.57858e-6
4.15614e-6
2.03399e-7
-4.2189e-8
-4.3935e-7
9.09114e-7
-2.13385e-6
-9.22174e-7
4.97114e-6
3.18139e-6
-1.13861e-6
-5.44147e-7
-1.25797e-6
3.91552e-7
-7.69938e-6
-1.39518e-6
-1.49571e-6
1.63738e-5
3.27336e-7
1.1818e-5
-4.31874e-5
4.25326e-5
4.47443e-5
-7.04159e-5
0.000175315
0.000281328
4.75503e-5
-0.000159484
0.000292816
-0.000174282
-2.26379e-5
-3.42843e-6
-0.000232379
0.000915516
-0.0011645
0.000760897
0.00024192
-0.000361447
0.000237346
-0.000457686
-0.000167158
0.000481793
0.00115582
-0.00113196
-0.00124867
0.000126681
-0.000420211
-0.000547806
0.00033881
-1.97448e-5
0.000305169
0.000804785
-0.000552507
4.54222e-5
0.000195564
0.000168311
0.000159187
-0.00019541
-1.78681e-5
1.51943e-5
-0.000175008
2.24103e-5
1.47676e-6
2.84235e-7
4.14577e-6
-0.000103233
0.000142562
-3.13469e-5
0.000330824
-8.99738e-5
-1.5958e-6
-6.09403e-7
-0.000191769
3.95686e-5
9.69057e-5
7.001e-6
4.14391e-6
-3.43001e-6
-1.85306e-5
0.000153751
-6.27506e-5
8.2541e-7
6.9069e-7
-3.69973e-5
2.22653e-5
1.81804e-5
1.44927e-7
-7.05678e-6
1.25776e-5
-5.12636e-6
-2.48095e-7
-1.78796e-6
1.42129e-6
-1.31901e-5
1.43018e-5
-2.39964e-6
1.06001e-6
1.0512e-5
-2.03212e-6
-1.182e-5
1.53434e-5
4.32932e-6
-9.79886e-6
4.68146e-6
-5.18062e-6
2.42249e-6
4.32046e-6
-2.28728e-6
8.23677e-6
-3.42127e-6
4.61396e-7
-6.41197e-7
1.28407e-5
-3.37965e-5
-1.56146e-7
-1.73867e-7
0.000391448
-0.000143336
1.44857e-6
0.000489069
-5.42508e-7
-1.01584e-6
1.00162e-6
-0.000419375
0.000114399
-3.06146e-6
1.13743e-5
-0.014375
0.00590179
-1.63747e-6
-1.0093e-5
-0.00843441
0.0151449
0.00203525
-0.0205146
1.40982e-5
-1.44283e-5
-0.0878091
1.54316e-5
5.29286e-6
-1.72254e-6
-2.17931e-6
6.81006e-6
0.0127684
0.028176
-0.0266493
-0.00319441
-0.0286505
-0.010905
-0.0673879
-1.4044e-6
0.0239748
1.47072e-6
-0.0165078
-4.37887e-7
5.87951e-7
-2.7143e-6
4.83522e-6
7.88047e-6
-1.5702e-5
-0.000781866
-0.00105846
0.00218004
0.0047037
3.1531e-5
-5.71426e-5
-4.66531e-5
9.39486e-5
1.384e-5
8.02642e-5
-8.07734e-5
-0.000333969
-0.000118226
6.36153e-5
1.70476e-7
2.62172e-6
-4.41309e-5
3.87277e-5
-3.02913e-9
-1.86867e-7
6.55397e-8
1.331e-7
-1.17773e-5
1.04687e-5
-2.1635e-8
-3.47153e-8
-1.69203e-8
7.43783e-8
3.95373e-6
2.33903e-7
-7.03241e-8
-1.34346e-8
-3.77621e-8
2.23396e-8
4.46052e-7
7.58896e-8
-8.13395e-8
4.65735e-7
3.71288e-7
-1.31013e-7
-3.23412e-8
7.89757e-8
7.0843e-8
-4.58185e-8
3.07094e-8
2.58374e-7
2.76727e-6
-3.86553e-6
-5.89451e-7
-6.04643e-7
-6.87775e-7
-3.52483e-6
1.05144e-5
1.10809e-5
-2.79076e-5
6.63162e-5
4.08415e-5
-1.24738e-5
-1.0476e-5
1.57029e-5
-0.000253209
9.37233e-5
7.59806e-5
0.000230257
-0.000215159
-0.000593094
4.41006e-5
0.00019947
-0.000828842
8.61956e-5
0.000702694
-0.000507605
-0.000259469
0.000152077
0.000539316
-0.000464796
1.58523e-5
4.09948e-6
0.000452672
-8.67979e-5
-4.91493e-6
-0.000211285
0.000254493
-5.29183e-5
6.11204e-6
-1.98266e-5
2.36607e-5
-0.0001643
3.85071e-5
-2.45142e-5
-0.000104347
3.11931e-5
5.40787e-5
-6.04761e-6
-4.63056e-6
1.68711e-5
-2.54226e-6
1.44874e-5
-4.42392e-5
8.09187e-6
-1.43551e-6
1.6652e-5
-1.8805e-6
3.37087e-7
-3.62851e-7
2.93914e-7
-4.41983e-6
-3.44707e-6
-1.09336e-6
-1.03275e-5
-1.55739e-6
1.65428e-7
-3.49321e-8
-5.75206e-6
1.98013e-6
-1.14715e-7
-1.5121e-7
1.38747e-6
5.39973e-6
-1.1262e-6
1.8765e-6
2.02942e-6
3.22628e-7
-3.39069e-6
4.64694e-6
2.82362e-6
-7.3925e-7
-4.34305e-6
4.47077e-6
2.47614e-6
-5.45229e-6
2.35641e-7
-3.5606e-7
-2.10781e-6
2.18423e-6
1.31034e-6
-1.83915e-7
-1.7189e-6
9.47969e-7
6.13045e-7
-3.9488e-6
6.23537e-7
-3.70501e-7
2.33556e-5
-6.19891e-6
1.29254e-7
-9.23441e-8
2.02339e-5
1.66609e-6
-3.46332e-8
2.49319e-9
-0.000349762
3.75751e-5
3.67677e-7
8.75909e-8
0.000146117
4.106e-7
4.35225e-7
5.73563e-7
0.0237179
-0.0103915
1.96738e-7
-2.62827e-7
0.10193
-0.074925
-2.99287e-7
1.35204e-8
0.0802041
-0.0721794
0.0253711
2.04853e-6
-5.65657e-6
0.0396951
0.00588277
-5.14609e-7
-0.0383798
3.39615e-7
0.0436828
-2.68697e-7
9.84523e-7
-3.184e-7
-5.67607e-7
1.3504e-6
1.39425e-6
-3.49397e-6
-0.00613122
-0.0086688
0.0138772
0.0243521
6.09729e-6
-1.47811e-5
-8.09589e-6
2.06134e-5
0.000355928
0.00115699
-0.00128481
-0.00344608
-2.01467e-5
4.66646e-5
1.40735e-5
-1.3005e-5
-2.215e-6
-1.67814e-5
1.48988e-5
8.79705e-5
-2.81984e-5
2.69334e-5
-1.83876e-5
-2.57885e-7
-1.93215e-5
1.56564e-5
-1.25506e-5
-4.57549e-7
-4.24028e-6
3.21444e-6
-4.41338e-6
-9.51221e-9
5.15822e-7
-2.6742e-7
-4.14024e-8
1.13919e-8
1.959e-8
-8.40982e-9
-4.54615e-9
2.07135e-8
-9.62073e-8
5.08103e-7
3.56508e-7
-1.44149e-7
-1.02038e-7
-1.80866e-7
5.68771e-7
5.90628e-7
1.35307e-5
-4.51593e-5
-1.24399e-5
3.10199e-6
-5.33394e-7
4.89611e-7
-4.84465e-6
4.8766e-6
-0.000179648
0.000386993
0.000277192
-0.000110995
-1.86942e-5
-3.04845e-5
5.83569e-6
0.000428098
-0.000121231
-0.000333578
-0.000205308
0.000810377
-4.09078e-5
-0.00127027
0.00120504
0.00104892
-0.0010833
0.000696847
-0.00010221
-1.27058e-5
0.000142941
3.08507e-6
1.59789e-5
1.37978e-5
-1.21513e-5
4.64764e-5
2.78359e-6
-5.248e-6
3.73231e-6
-6.94185e-6
-6.31465e-6
7.53414e-7
-1.2512e-6
2.08847e-5
-6.08776e-5
4.50326e-5
3.46498e-6
1.93764e-6
-3.06785e-8
-4.77054e-7
1.74868e-7
9.61926e-7
-1.61896e-7
7.27543e-7
-2.16226e-6
6.67976e-7
-1.35354e-7
1.04395e-6
-1.84361e-7
8.6089e-8
9.20352e-9
-2.44803e-7
-7.24458e-8
-1.66903e-7
7.78063e-6
-1.74334e-6
-3.45216e-8
2.68046e-7
-3.05711e-6
7.74941e-7
-1.7001e-6
7.31576e-7
1.34025e-7
-2.99374e-7
3.17593e-7
-1.06863e-7
-1.23821e-7
-5.52396e-8
1.06332e-6
-1.63782e-6
2.46971e-7
5.25326e-9
2.69182e-7
-1.27985e-7
1.6008e-6
-1.92081e-6
-2.77728e-7
8.72484e-8
1.42285e-7
1.09246e-6
-8.44232e-7
2.10623e-10
-2.28004e-7
-4.52577e-7
3.04765e-7
1.37657e-6
-2.54167e-7
-2.05194e-7
1.20357e-7
5.79851e-7
3.21504e-7
6.44062e-8
-3.81142e-8
-1.18669e-5
-5.92934e-7
1.41517e-8
-1.26316e-8
6.60876e-6
-8.73336e-5
-3.30787e-9
-2.06514e-8
9.68955e-8
-2.14119e-7
-0.00111209
0.000171291
-0.001217
0.00028173
0.00155464
-2.08831e-7
-1.22215e-7
0.00515696
-1.35296e-7
1.55774e-7
-5.79484e-7
-1.25597e-8
2.49889e-8
1.2293e-7
-1.11678e-7
-1.69788e-7
3.60626e-7
0.0277738
0.0407048
-0.0393377
-0.0329855
0.0459215
-0.0698257
-0.0707402
1.5788e-7
-5.31822e-7
7.46168e-7
-2.24634e-6
-8.98958e-7
2.84346e-6
0.00393962
0.00922681
-0.0104554
-0.0213544
-2.94889e-6
8.0824e-6
3.43971e-6
-7.81347e-6
-7.81196e-5
-0.000372814
0.000334012
0.00132066
1.28759e-5
-9.94974e-6
2.88721e-7
2.14872e-6
-5.23123e-6
-1.07547e-5
6.40961e-6
-5.06278e-6
4.84454e-8
2.06455e-6
6.68877e-7
-3.73318e-6
-2.05961e-7
-4.52923e-7
7.38448e-8
-7.14561e-8
-4.87909e-8
-5.35444e-7
-7.85371e-7
1.53687e-7
-6.38677e-8
7.57765e-8
1.22029e-7
-2.68094e-7
3.93775e-8
-1.49e-8
1.78926e-7
-7.69745e-7
-8.27487e-9
-1.41121e-8
4.046e-8
3.06504e-8
-2.22725e-6
8.72699e-6
3.42551e-6
-1.14546e-6
2.88954e-9
-3.40751e-7
-1.09846e-8
-1.63176e-7
0.000130061
-0.000327576
-0.000127884
4.30513e-5
-4.42525e-6
7.89716e-6
-6.52418e-6
6.88918e-6
-2.6605e-6
-7.49512e-6
0.000726061
-0.00168711
0.00116176
-0.000880567
0.00102973
-0.000606696
9.22694e-5
-0.000226241
0.000685507
-0.00124441
0.00187959
-0.00176978
1.45136e-6
-4.64912e-6
2.83138e-6
-1.04264e-5
-6.47839e-6
1.57894e-6
2.37023e-6
2.48359e-7
-3.47463e-6
3.05875e-6
-1.72876e-5
1.59694e-6
-7.76507e-7
-4.42847e-7
1.97387e-6
3.07585e-6
4.3761e-7
-1.06055e-6
2.05437e-6
-8.30879e-7
-1.51755e-6
-3.67349e-7
9.29341e-8
2.40505e-7
-1.04203e-7
7.71361e-7
2.06616e-6
4.58973e-8
4.61019e-8
-4.8281e-8
3.14648e-8
6.14387e-8
7.87454e-9
5.18028e-8
-1.00455e-7
8.44115e-8
-1.54037e-8
3.60113e-7
-6.57014e-8
-8.95812e-8
-2.26612e-8
-4.24615e-8
-1.23704e-8
3.00016e-8
4.53868e-9
-2.7486e-7
-1.68025e-7
3.06389e-7
-3.87954e-7
-1.88543e-7
1.04365e-8
4.87468e-7
-5.14504e-7
-2.11873e-7
6.6504e-7
4.28725e-8
-4.53706e-8
1.71661e-7
-2.496e-7
8.58341e-8
1.36722e-8
1.72788e-7
-1.05522e-7
-1.97071e-8
6.54823e-8
-5.71905e-8
3.45207e-8
-2.23327e-7
-2.26895e-7
-1.98816e-8
1.10457e-8
7.27881e-7
6.27685e-6
7.34936e-9
-3.44431e-9
-3.19535e-6
-3.11598e-5
1.11463e-8
-1.67557e-8
-0.000239536
4.81542e-8
-0.00163033
-1.46982e-9
-5.7942e-9
-2.2891e-8
6.25656e-8
-0.011975
0.00250841
0.00431713
-0.00113887
6.94546e-9
-4.30428e-8
0.00132696
-0.016415
0.0261809
-2.28511e-8
1.29548e-7
-0.0273337
0.0447814
0.0036679
-3.48064e-8
7.10989e-8
0.0568827
-0.0783232
-0.0375777
-5.43544e-9
-1.18176e-8
-0.0719364
0.0983281
0.0719782
1.22316e-8
-3.26749e-8
0.0872793
-0.0791979
1.48457e-8
-3.79264e-8
2.03438e-8
5.59151e-8
-2.12736e-7
-6.29895e-8
2.54194e-7
0.0234518
0.0379162
-0.0462301
-0.0866301
-3.09944e-7
9.92378e-7
4.51039e-7
-1.36771e-6
-0.00118948
-0.00398382
0.00358596
0.0102985
2.04588e-6
-4.98278e-6
-1.45855e-6
1.62574e-6
1.8344e-5
4.82603e-5
-4.68283e-5
-0.000206204
3.44912e-6
-3.83339e-6
2.35027e-6
9.56976e-6
1.8769e-6
-2.05991e-6
1.9704e-6
1.3434e-6
-1.65315e-7
-2.02715e-7
2.86282e-7
8.07605e-7
-7.08993e-8
-1.76785e-8
2.36161e-8
-8.28063e-9
1.98935e-6
-7.34214e-6
3.54397e-7
4.80954e-7
5.3926e-9
-1.2078e-8
-3.75588e-8
4.93561e-7
-3.03311e-5
9.11171e-5
2.03745e-5
-8.57159e-6
1.61666e-6
-8.16873e-6
2.16818e-6
-1.31501e-5
0.00070375
-0.00132733
-0.000736196
0.000328334
-1.0432e-5
0.000106283
-0.000331177
0.000435378
-0.000242807
-0.000531102
0.00043305
0.000815729
-0.000842669
-0.00126668
0.00130879
0.0016786
-0.00158918
-0.00143213
0.00190068
-0.00209829
0.00253907
-0.0022192
7.22108e-6
-3.24092e-7
-2.5565e-6
-2.14578e-7
2.77834e-7
-7.43924e-8
-2.99225e-7
-1.04822e-6
-5.41199e-7
4.27648e-7
-1.65774e-7
2.51172e-7
3.55326e-7
4.59157e-7
-2.06228e-7
-1.59711e-6
-4.46642e-7
3.68069e-7
-1.17545e-7
1.9253e-8
-4.26336e-8
-2.08932e-8
-2.25198e-9
2.10544e-8
-1.02003e-8
3.15206e-8
-5.32071e-8
1.75131e-10
4.19782e-9
-2.88825e-9
4.2227e-9
1.66749e-8
-4.26367e-9
-6.50662e-9
1.83589e-8
-5.40598e-9
-7.24759e-8
3.33299e-10
1.71952e-8
-1.03576e-7
6.18613e-8
-7.92024e-9
3.33474e-8
8.0179e-8
-9.58125e-8
-8.54929e-8
-1.04996e-8
-1.23545e-9
2.84193e-9
1.44522e-7
-1.86906e-7
2.86704e-8
-7.45764e-9
2.20711e-9
-6.74715e-9
5.92274e-8
-6.56139e-8
9.43649e-9
4.99083e-8
8.24674e-9
-3.9829e-8
9.83061e-9
-6.6755e-10
9.16705e-8
9.25555e-8
2.09282e-8
-1.33171e-8
-2.26156e-7
6.23643e-7
1.1151e-9
3.052e-9
-8.07187e-6
3.54721e-6
-3.11369e-9
1.26162e-9
-2.75513e-9
4.60602e-5
0.000226052
3.36392e-9
0.000474797
-0.000166612
-1.0793e-9
-5.74239e-10
0.00021115
-0.00014816
1.31913e-9
5.2877e-9
0.00271996
7.46135e-10
2.86712e-9
1.1517e-8
6.03313e-9
-5.92869e-9
-5.27201e-9
9.59921e-9
-5.07942e-9
1.27378e-8
-3.6278e-8
-0.0975412
-0.0954422
0.104764
0.0814779
0.0970034
0.110121
1.15942e-8
-3.35311e-8
1.02989e-7
2.37686e-8
-1.30565e-7
-0.00929242
-0.0226896
0.0194611
0.0422948
1.90452e-7
-5.57429e-7
-1.28836e-7
1.68573e-8
0.000111102
0.00075407
-0.000165035
-0.00239889
5.93135e-7
-7.0758e-7
9.74064e-8
2.33202e-6
-4.40844e-5
0.00011906
1.48687e-6
-1.32873e-6
1.04884e-6
1.57932e-6
-1.06995e-5
2.44011e-5
7.33835e-7
-8.23221e-7
8.09908e-7
9.91432e-7
-5.92677e-6
1.29207e-5
-6.18424e-8
-1.08011e-7
1.09097e-7
-1.27138e-8
-3.83045e-6
7.2189e-6
4.13724e-8
2.16684e-7
9.90832e-9
-2.95937e-7
1.72812e-5
-4.72741e-5
-3.92251e-6
5.937e-6
-9.94145e-8
6.14134e-6
-4.19238e-6
2.16529e-5
-0.00024319
0.000683813
1.19371e-5
-3.54218e-5
3.26184e-5
-3.40765e-5
-2.21594e-5
2.5529e-5
-2.62477e-6
0.000556584
-0.00243007
0.00214622
0.00191321
-0.00188752
0.00219465
0.0013539
-0.000444137
0.000408109
-0.000450034
0.000790296
-0.00145376
0.00193723
-8.51147e-8
6.07041e-8
4.85069e-8
2.80521e-7
2.91673e-7
1.78876e-8
-1.86715e-7
4.47069e-7
9.11828e-7
-5.84551e-8
2.84292e-8
-3.40833e-7
1.01368e-8
-1.91123e-8
-6.43558e-8
-1.1555e-7
-5.61547e-8
6.4913e-8
-1.4646e-8
2.80984e-8
-1.05918e-8
6.48897e-9
5.42037e-8
-1.92133e-8
-1.01758e-7
1.60998e-8
-7.41445e-8
-6.60289e-9
-3.50966e-10
-2.80957e-10
-1.69087e-9
5.51878e-9
3.90695e-9
-1.52198e-9
9.82572e-9
3.50345e-9
-2.84027e-11
6.26272e-10
1.35981e-9
-4.5999e-10
7.90021e-9
-3.10006e-8
7.18573e-9
-3.14783e-9
-1.30048e-8
1.81801e-8
-2.11585e-8
-2.84664e-8
9.90138e-10
2.82042e-9
2.75818e-9
3.99809e-8
-5.74607e-8
1.97417e-8
-3.08623e-9
-6.94412e-10
-6.85983e-10
1.56053e-8
-2.42924e-8
1.11144e-8
1.21061e-10
8.17239e-9
-2.83609e-10
6.57078e-9
2.45211e-8
-2.11479e-8
2.31551e-8
-1.6202e-8
-3.72664e-8
-3.66066e-7
9.84055e-7
1.56939e-9
-5.82799e-9
1.7346e-9
-3.36356e-9
6.1959e-10
-5.49265e-6
-2.79958e-5
6.5362e-10
-0.000118022
1.7639e-6
-1.15604e-9
-2.69126e-10
0.000203631
-8.9203e-5
4.56162e-10
2.08767e-10
-1.12355e-9
-0.000620888
-0.0040172
3.83559e-10
-9.63639e-10
-0.00770639
0.0077087
9.64581e-11
-2.79508e-10
-0.0179077
0.0223121
5.56329e-10
-2.84657e-9
0.0370314
-0.0499747
1.11868e-9
-3.06315e-9
-0.0594157
0.0828422
6.06255e-10
-7.4043e-11
0.0775803
-0.106684
-1.20833e-9
3.06051e-9
-0.0938176
1.35668e-9
2.82961e-9
-5.65416e-9
1.25125e-9
-3.98085e-9
1.13729e-8
0.0417268
0.0741815
-0.0643019
-0.0320323
-0.0413098
-0.065134
2.92206e-9
-8.75108e-9
-6.50841e-10
1.63621e-8
-3.76636e-8
-1.6527e-8
-0.000174095
0.00783894
-0.0154988
6.36804e-8
-6.63757e-8
-4.90115e-8
-1.76916e-5
-0.000372847
0.000916687
2.71525e-7
-2.07656e-7
2.1716e-8
1.56246e-6
-7.54113e-5
0.0002126
3.8105e-7
5.73112e-8
1.5828e-7
7.6281e-7
-3.34705e-5
8.16818e-5
5.41174e-7
-5.93955e-7
3.06127e-7
1.54565e-7
-1.72399e-5
3.52341e-5
2.88508e-7
-1.03745e-6
8.98864e-7
-2.76618e-7
-1.56875e-5
2.40496e-5
6.60657e-7
-1.6247e-6
2.04857e-6
5.79726e-6
-1.06999e-5
8.33889e-7
0.000105948
-9.98249e-5
3.44561e-5
-3.04097e-5
3.0964e-5
1.25167e-5
-0.000108493
9.23557e-5
-0.000456176
0.00129401
-0.0010569
-0.000521045
0.000649663
-0.00123996
-0.000237583
-0.00103944
0.00152634
-0.000285332
0.00051821
-0.00042159
-7.43195e-5
0.00129066
-0.000320063
-0.00174209
0.000275271
0.000728793
0.000579838
0.000571915
-0.00156237
-0.00155439
1.01056e-7
-2.966e-8
5.86866e-9
1.70012e-8
3.63634e-8
3.64597e-8
-4.37051e-9
-1.49048e-8
9.66927e-9
5.09526e-8
2.15656e-9
-1.66566e-8
1.54042e-9
-5.70808e-9
-4.7742e-9
-1.35697e-10
-1.04998e-8
-1.29906e-8
-8.0549e-9
5.37506e-9
7.05434e-10
-1.52792e-9
-2.30104e-12
1.60437e-9
-6.2426e-10
-9.96425e-10
-1.3533e-9
-2.84039e-9
1.72377e-9
-6.50186e-10
-3.51408e-11
-4.31195e-10
-1.31772e-12
-2.21111e-10
1.61547e-9
9.53266e-10
-7.1816e-9
1.04737e-9
-7.75374e-12
-2.3755e-10
1.73151e-11
1.41522e-9
-2.34129e-9
3.73361e-9
-3.29019e-9
-9.0338e-9
-1.59581e-10
1.29905e-9
1.18667e-9
9.09998e-9
-1.58518e-8
8.11592e-9
-4.87448e-9
-3.68079e-9
1.07286e-8
2.76954e-9
-7.20142e-9
3.79107e-9
-1.99788e-8
-2.94062e-8
-2.66013e-8
4.82252e-9
2.71558e-8
-3.15642e-8
2.97655e-8
-2.91326e-8
1.00895e-7
5.98577e-8
8.66369e-8
-1.2357e-7
3.40914e-7
1.778e-9
-9.68778e-9
8.00674e-9
-8.39021e-9
6.98534e-9
6.58768e-7
7.11802e-7
1.54435e-5
8.54468e-6
-3.51609e-5
-1.19412e-9
-2.24316e-10
7.15077e-10
-2.27686e-10
-3.91256e-11
0.000215946
0.001096
1.23247e-10
-1.70279e-10
0.00401013
-0.0025107
-4.31992e-11
-0.000996471
-0.00445946
9.66704e-11
2.53991e-11
1.5457e-11
-1.07895e-10
0.0116176
-0.031298
0.00603913
0.00593019
7.74198e-11
-3.21769e-10
-0.0270368
0.0789611
-0.00824337
1.2266e-10
-3.43075e-10
0.0390956
-0.14462
0.0102065
1.24409e-11
1.67632e-10
-0.0896614
0.150419
-0.0109497
3.57765e-11
-1.94651e-10
2.90733e-10
0.0312007
0.0395133
3.75738e-10
-1.20003e-9
0.016496
-5.71603e-10
-3.94443e-10
6.2574e-10
-1.85945e-9
2.58988e-9
2.60675e-9
-0.00689485
-0.0201987
0.0190013
0.00765183
0.0142733
-9.97117e-10
2.08615e-9
7.13287e-9
-1.85522e-8
-5.39014e-9
0.000772359
0.000384229
-0.0023406
-0.000830732
-0.00293552
1.55954e-8
1.23358e-10
-2.5826e-8
-8.0799e-5
-5.62817e-6
0.00026035
3.19837e-8
1.12256e-7
-6.23881e-9
-3.19281e-5
-5.87575e-6
4.52809e-5
-3.38262e-7
1.31468e-6
-8.60606e-7
-1.55763e-5
-4.55741e-6
2.36077e-5
1.83198e-6
-1.60793e-6
8.31121e-7
-1.39758e-5
-4.6783e-6
1.36246e-5
3.42099e-7
2.82088e-6
-8.59263e-6
2.9709e-5
-1.90016e-5
8.11046e-5
4.27444e-5
-3.67975e-5
1.34316e-5
-9.56915e-6
1.84732e-5
-2.40289e-5
5.83959e-5
-0.000377815
0.000324724
-5.56498e-5
-0.000257727
0.000219183
-6.68874e-5
5.57763e-5
0.00120109
-0.00120953
0.00100074
-0.00162435
-1.84804e-6
-0.000310447
-0.000824107
0.000894706
0.00280929
-0.00220434
-0.00474367
0.00272979
0.00266953
-0.00198041
0.0009946
-0.00132241
0.00058493
0.000367193
0.00061082
0.000249948
5.47084e-9
3.43368e-10
5.62262e-11
7.55701e-10
-2.01848e-10
2.9752e-9
4.67067e-9
4.09336e-9
-1.14777e-9
5.0231e-10
-6.03718e-11
3.49907e-10
-1.50354e-9
5.21348e-11
-1.187e-9
-4.27877e-11
5.20029e-10
-4.12839e-12
4.83205e-10
-1.47461e-10
1.62117e-10
1.1553e-11
-8.87839e-11
-4.55722e-10
-1.84764e-10
-1.94606e-10
1.32461e-10
-3.6655e-10
2.59223e-10
1.85976e-11
2.90685e-10
1.51636e-10
-1.20816e-9
3.76679e-11
-2.5623e-9
3.63606e-10
2.03705e-10
7.95221e-10
-1.03381e-9
1.71218e-9
-4.35e-9
9.83814e-10
-2.1971e-9
2.36982e-9
1.08227e-8
1.18236e-8
1.53201e-8
-5.70409e-10
1.60733e-10
2.00371e-9
-2.66569e-9
-4.89037e-8
1.59391e-7
-4.82609e-9
1.3087e-8
-2.49118e-8
2.40027e-8
-3.05548e-8
-4.31152e-7
-3.76636e-7
-2.84242e-7
5.47153e-7
6.29691e-7
1.12504e-9
-7.72843e-9
8.90295e-9
-9.19381e-9
1.06682e-8
-1.94533e-6
-1.48843e-6
-5.6743e-6
9.18768e-6
4.1412e-7
-1.83313e-9
-3.8263e-10
8.0746e-10
-3.25485e-10
2.06651e-10
-0.000146438
3.59537e-5
-0.000781425
0.000100455
1.29352e-10
-2.04904e-10
0.00116515
0.00125611
-0.00404956
-3.14674e-10
6.09622e-11
-7.99869e-11
1.49571e-11
0.0180468
-6.98736e-12
-3.48332e-11
-1.72975e-11
-1.71021e-11
1.9296e-12
1.98882e-12
-3.10157e-11
-5.23353e-11
1.19072e-10
0.0435737
0.116478
-0.0737036
-0.0255668
-0.245012
0.0198391
6.2676e-11
0.00138628
-2.67572e-10
2.75564e-10
-2.14837e-10
2.83618e-10
-1.55411e-10
-0.00233974
0.00143634
0.0059091
0.00257015
-0.00738385
4.06425e-10
-3.65869e-9
-1.13484e-8
-5.54503e-9
1.91122e-8
0.000292801
-0.000325317
-0.000598825
-0.000224848
-5.24837e-5
-8.23434e-8
1.59729e-7
-8.81366e-10
-3.17168e-5
4.52426e-5
-2.16113e-5
-4.56216e-7
1.11685e-6
-1.1816e-7
-1.25529e-5
9.00034e-6
-4.26608e-6
-3.23052e-6
7.95801e-6
-7.79961e-6
-9.05874e-6
3.27052e-6
-6.2268e-7
9.96024e-6
5.80177e-6
-1.83928e-5
2.1166e-5
-2.18559e-5
3.67492e-5
8.17145e-7
-2.4405e-7
3.1189e-7
4.63285e-6
8.25054e-6
-0.000119826
0.000196742
-0.00060677
0.000518465
-0.000180388
3.91619e-5
-3.91642e-5
1.32264e-6
-3.83434e-5
-0.00110019
0.000816631
0.000736521
-0.000839529
0.00115047
-0.00344076
0.00190143
-0.000239686
0.00173621
-0.00203335
0.00114575
-0.00121497
-0.000266664
0.00044269
-0.000399738
-0.00194313
0.00359553
-0.00260781
-7.36653e-10
-1.539e-9
-1.89248e-9
-6.76723e-10
9.09721e-10
-7.44124e-10
1.3963e-10
-2.96178e-10
4.78298e-10
6.24221e-10
5.03638e-10
-6.99659e-11
-1.34542e-10
-3.41104e-13
4.46097e-11
1.58191e-10
-1.11675e-9
9.71592e-10
6.31099e-11
9.09169e-10
3.49561e-9
2.73272e-10
1.42034e-11
-4.97272e-11
-2.70768e-10
-9.73618e-11
-1.45688e-9
-8.81147e-10
-2.83318e-9
1.69449e-10
-2.66738e-9
2.9015e-9
3.83627e-9
-2.53397e-9
4.78598e-9
6.3411e-11
-3.48734e-9
2.05778e-9
4.98202e-10
1.47447e-9
2.44693e-9
-6.79552e-10
-5.8932e-8
4.83592e-8
1.41834e-8
-8.05946e-8
1.56804e-10
2.25547e-9
2.95442e-7
1.41132e-7
-8.32865e-8
-4.67122e-10
3.65344e-9
-1.55178e-8
2.06046e-7
2.09538e-6
1.54541e-6
2.72591e-7
-7.21585e-6
3.4845e-9
-9.76352e-10
4.48474e-9
-5.08314e-9
8.86942e-9
4.61421e-6
4.99905e-5
-3.41297e-7
3.5196e-5
-6.52394e-5
1.41916e-9
-1.12622e-9
1.55699e-9
-7.34274e-10
3.25285e-10
-3.81237e-5
0.000454941
0.000280554
-0.000186572
2.47036e-10
-1.54183e-10
0.000580882
-0.000988155
0.00108269
1.83348e-9
2.12055e-10
-2.01697e-11
5.95435e-11
-3.91591e-11
-0.0699288
0.129842
0.025156
0.00213719
9.82579e-11
-1.15557e-11
0.0881324
-0.101728
2.92069e-11
5.18444e-13
-0.172752
0.190725
4.54637e-11
0.194898
-8.1934e-11
1.60168e-11
3.53746e-11
3.33681e-11
-3.18495e-10
9.5948e-11
0.0204814
0.0580597
-0.0845466
-0.0240545
-0.175371
0.021104
4.08762e-11
0.00795338
-4.1088e-10
-3.78668e-10
-3.68785e-10
-1.23468e-10
1.0494e-9
3.65616e-5
0.000433086
-0.000625773
1.59774e-5
-0.00529584
-1.59807e-9
4.47663e-9
7.22855e-9
3.00189e-8
-3.61433e-8
1.68094e-7
-2.09535e-5
-7.04256e-6
1.02901e-5
6.19332e-5
6.12985e-8
-2.03252e-8
1.31617e-6
-1.53537e-6
-1.76073e-6
-2.21955e-7
1.59287e-6
8.60736e-8
-9.97468e-8
-2.47673e-7
-8.593e-6
-1.55537e-5
9.88314e-5
-0.00019465
6.83298e-5
-6.72495e-7
2.35806e-7
5.93033e-8
-1.30164e-8
-1.04093e-7
-3.31721e-5
-0.000123003
-0.000103189
-0.000285376
0.000550096
4.55052e-5
1.66318e-5
-6.24057e-6
-4.04317e-7
1.82545e-6
-0.001174
0.000966033
0.00138982
-0.00234265
0.00321208
-0.00651237
0.00490757
0.00134863
0.00112803
-0.00093794
0.000620113
-0.000843449
-0.000123212
0.000196223
-0.00366294
0.00207777
0.000809076
0.00052259
0.0012752
-0.00261073
-0.00153776
0.00131023
-4.30985e-10
-5.33897e-11
-1.17131e-10
-6.4893e-11
5.49807e-9
-7.00317e-9
1.15165e-9
-4.92127e-9
8.03965e-9
-1.43594e-10
-3.71551e-10
-1.74477e-10
1.77204e-10
-3.37237e-10
-8.33036e-10
1.16518e-9
8.43595e-9
-1.56379e-8
2.40254e-8
-5.44917e-8
9.97911e-9
5.00712e-9
-2.46391e-9
-1.49263e-9
-1.07531e-9
6.78759e-9
-2.15404e-8
-7.82316e-9
-4.65803e-9
-5.13174e-9
-1.82916e-8
2.22413e-8
-1.45182e-8
-3.97087e-9
2.22264e-8
-1.10432e-7
3.5051e-8
-3.91548e-9
-3.90809e-9
3.35074e-8
2.33914e-8
2.85572e-7
-7.72965e-9
-6.22565e-7
-1.03806e-6
-7.19389e-9
-4.15623e-9
2.0101e-8
2.62903e-8
8.22948e-7
2.08889e-6
4.07405e-7
-3.77366e-6
3.58918e-8
2.52565e-9
-5.57666e-6
1.09974e-5
1.88515e-5
-2.04472e-8
2.59651e-9
3.07867e-9
-0.000126391
-8.33247e-5
-0.000143951
0.000213149
-2.24075e-8
0.000292774
7.78828e-9
-4.27581e-9
1.36783e-9
-0.00119454
0.00443901
-0.000629296
-4.67524e-5
6.29593e-9
-3.25183e-9
0.00442499
0.00121778
2.55431e-9
-0.0157078
-2.30897e-9
1.37355e-9
-4.14949e-10
-0.207507
0.200704
-0.0296878
0.0692315
4.83205e-10
-1.16384e-10
0.0517178
-0.065972
3.77727e-10
-1.22597e-10
-0.111751
0.142062
3.91034e-10
0.138133
-5.33565e-10
1.50442e-10
3.13898e-9
-6.11007e-9
1.17643e-9
0.0144507
0.00268288
-0.0363562
-0.0181006
-0.109654
0.0148112
1.1849e-9
0.00447529
1.7323e-9
8.17614e-10
-1.78255e-9
-2.21184e-9
0.000388541
-0.000737108
-0.000207194
-0.000136886
-0.00174816
8.03921e-9
-2.54552e-8
1.0505e-7
4.10268e-8
-3.62265e-6
8.68715e-6
1.48127e-5
7.88866e-5
-8.35168e-7
1.09726e-7
4.3648e-6
-1.40157e-6
-1.52448e-7
9.59715e-7
2.4825e-7
-4.744e-7
-1.75403e-5
7.28466e-6
5.7341e-5
-2.73712e-5
1.23838e-8
9.01412e-8
2.00845e-8
-5.47668e-8
-0.000157905
0.000346533
-2.86263e-7
-2.36267e-8
-6.84413e-8
-0.000591377
0.00021715
0.000776276
-0.000721166
2.05752e-5
2.95323e-7
-2.74972e-6
-5.61108e-7
1.42531e-6
0.000211654
0.00104037
0.000762303
-0.0022475
-0.00199654
0.003899
0.000662509
0.000614977
-0.00113122
0.000696624
-0.000559738
-5.50049e-5
5.51976e-5
-0.00308555
0.00443083
0.000552438
-0.00131398
0.00140049
-0.000744987
-0.00148166
0.00107528
-2.086e-10
8.13819e-10
1.28214e-9
-2.1108e-10
2.04266e-8
-4.2065e-8
-3.73011e-8
-2.82879e-9
-1.01767e-9
-2.78413e-9
-2.91508e-9
5.32915e-9
1.70551e-9
-1.38591e-8
8.02571e-10
8.61018e-8
3.62993e-8
2.0734e-7
9.73436e-8
-1.79596e-7
2.09715e-8
3.42737e-8
6.02871e-9
2.17514e-9
1.0653e-8
1.66473e-9
-2.02999e-8
2.17637e-8
2.20818e-8
-1.65884e-8
1.65302e-8
3.45466e-8
-1.64953e-7
-1.44373e-7
-5.03597e-7
-5.19562e-7
3.21647e-7
-8.07935e-8
1.44196e-7
1.53499e-8
-1.63316e-7
-3.99291e-7
-1.20184e-7
-1.12405e-7
8.69058e-7
6.40096e-7
7.64154e-7
-5.27615e-7
-1.81727e-6
-6.25296e-6
-1.64431e-7
-1.32588e-7
6.43778e-7
6.3634e-7
8.29501e-7
8.51459e-6
1.53179e-5
5.45681e-6
7.85164e-8
5.11493e-8
8.93231e-7
1.67779e-7
-9.225e-5
0.000153864
0.000337078
0.000509445
-4.96156e-7
-2.53356e-7
8.52284e-8
-0.000988873
0.00109193
-0.00187819
0.00245554
-1.06062e-8
9.7024e-10
5.46647e-9
-0.00514894
-0.00926372
-8.16748e-8
6.85407e-8
-2.00817e-8
0.00972092
-0.00619467
0.0260756
-0.0170029
1.00079e-9
6.42882e-9
0.0228052
-0.0946655
-2.66257e-9
-1.66175e-8
3.24688e-9
0.0231543
-0.0325179
-0.0249175
-7.51583e-10
-4.36283e-9
2.62214e-9
-0.0369106
0.0551744
-0.0630451
-1.54725e-9
-1.19335e-8
4.65341e-9
0.0358681
-0.0740702
0.132588
-9.31332e-9
-4.10902e-9
-0.0132841
0.0354284
2.09324e-8
-2.72025e-9
0.0226916
-0.0278956
-2.97798e-8
1.95922e-8
-0.00658265
0.0188632
-3.4677e-8
1.07881e-7
4.31734e-8
-2.34381e-7
-3.53968e-8
-1.03244e-8
-0.00050756
0.00138888
0.000164671
0.000299568
0.000404439
-0.000396673
1.56801e-8
5.02886e-7
-2.87836e-7
-1.87079e-6
1.49781e-6
6.23365e-6
-5.62052e-5
-2.90492e-7
-0.00012026
8.71646e-6
-6.91435e-6
-3.24803e-5
2.62806e-5
2.0654e-7
-4.52024e-7
-6.46512e-9
-4.11578e-6
0.000100981
-8.35384e-5
-0.000270439
0.000225378
1.77953e-7
2.6909e-7
-7.2664e-8
-1.28162e-6
0.000612802
-0.000515972
-0.0012256
0.000998763
-7.60117e-7
3.74779e-8
2.88005e-7
-5.89103e-7
0.00220953
-0.00158175
-0.002735
0.00191825
0.0029054
-0.00189392
5.66484e-5
-2.41324e-5
-5.75583e-6
4.31596e-5
-6.63564e-6
8.95892e-6
-0.00313465
0.00156994
0.00297244
-0.00120202
-0.00265212
0.00165766
-4.04792e-5
0.00185975
-0.00146778
0.000679779
-0.00099037
0.00104297
-0.00111038
0.000504546
-0.000472539
0.000442259
-0.000645582
0.00106463
4.87146e-5
-0.000288142
-2.10644e-7
7.32412e-7
-7.4819e-8
1.29395e-8
-2.58165e-8
-2.50155e-8
1.39032e-8
4.43338e-8
-6.99291e-8
2.74936e-6
1.84747e-6
-1.92125e-6
4.16022e-7
2.66579e-7
-1.89398e-6
3.08385e-8
-2.68493e-8
1.25656e-7
1.88513e-8
-8.68792e-8
-7.69515e-8
1.44797e-7
-2.40848e-7
1.60197e-7
-3.86087e-6
-3.51722e-6
5.51392e-6
-6.579e-6
6.7993e-6
1.53816e-7
-8.74391e-7
3.16845e-7
-1.16358e-7
-4.53138e-7
-3.32985e-6
-3.1897e-6
1.76147e-5
1.60102e-5
3.71325e-6
-4.74011e-6
-1.675e-5
-4.28152e-5
-3.64394e-6
-3.61018e-6
1.63035e-5
1.5564e-5
5.70935e-5
-4.27586e-5
-0.000163961
-0.00044062
1.79754e-6
1.99847e-6
1.82705e-5
5.49369e-6
0.00040948
-0.000208999
-0.000779156
-0.00244942
-5.28836e-6
4.49707e-6
-1.34724e-6
0.00191283
-0.000736363
0.00413816
-0.00263128
3.90706e-7
-1.91674e-7
-1.8178e-6
0.00263074
0.00753074
5.49167e-7
-8.65588e-8
7.09114e-8
-0.00141052
-0.00120039
-0.00307951
-0.00334018
-1.40689e-7
1.59457e-8
0.0129258
-0.0172721
-9.9952e-9
2.20054e-8
-0.0162535
0.0251043
-1.15375e-7
4.17788e-8
0.0126195
-0.020717
-1.07485e-7
5.83478e-9
-0.00697129
0.0107335
6.17355e-8
-4.98891e-8
0.00692632
-0.014026
1.05079e-7
-2.93945e-7
-2.59713e-7
8.88724e-7
1.82199e-7
5.3086e-7
1.37411e-5
-0.000135654
-0.000351652
-0.000231483
-0.00342823
0.000508295
-1.06628e-6
9.18409e-7
1.95776e-6
8.8507e-6
-1.00408e-5
-6.92702e-6
3.68999e-5
2.26391e-5
0.000107709
-2.73068e-5
3.4846e-5
7.08424e-5
-0.000101125
3.82436e-6
6.19126e-7
3.23435e-7
7.41978e-6
-0.000181984
0.000263139
0.0003908
-0.000598086
1.85595e-6
3.9925e-6
-6.73529e-7
-2.39386e-5
-0.000861884
0.00104624
0.00123328
-0.002386
1.38492e-6
1.43607e-6
6.97723e-7
-1.06221e-5
-0.0017553
0.00291541
0.00181903
-0.00271103
-0.00208796
0.00329993
-1.77133e-5
8.53875e-5
-3.31671e-5
-0.000124122
2.49408e-5
-3.91998e-5
0.00229789
-0.00325513
-0.00150407
0.00255107
0.000475348
-0.00148997
0.000280544
0.000571547
-0.000381967
-0.000187046
0.000170664
0.000178131
-1.12738e-6
4.34441e-7
-2.64091e-7
-3.05671e-7
9.782e-8
2.76468e-7
7.99505e-6
-2.10317e-5
-4.66835e-6
-1.9077e-7
-8.79639e-7
1.47644e-6
3.56231e-7
-4.21129e-7
-1.90388e-7
2.24695e-6
-2.01012e-6
-6.14892e-5
-6.90324e-5
7.8345e-5
-1.95571e-6
-1.83864e-5
8.4631e-5
-7.47672e-7
2.89406e-6
-6.73005e-6
1.55606e-6
7.75589e-7
8.63266e-7
-5.8708e-6
9.06231e-6
1.55545e-5
-7.79682e-5
-7.21213e-5
-0.000242876
0.000298174
-0.000414715
-5.69915e-6
1.93374e-5
-1.40769e-5
2.43799e-5
0.000100099
-7.33935e-5
-6.0023e-5
0.000402333
-0.000411817
-3.39824e-5
-2.85396e-5
4.71057e-5
0.000353766
-4.31769e-6
0.000295883
-0.00023365
7.68963e-5
8.31125e-5
-0.0002465
-0.000107994
-0.000285564
0.000573988
-1.80104e-5
6.78208e-6
6.75825e-5
0.000553727
0.00102556
3.76019e-7
-2.05407e-5
1.22621e-5
-5.09565e-6
-0.00183906
0.0013498
-0.00365304
0.00301381
0.00457548
3.58513e-7
7.3043e-6
1.78984e-6
-0.00266321
0.00556108
-0.00910096
-6.19011e-8
-7.7491e-6
-1.30604e-6
0.00124668
-0.00512975
0.00990363
5.50021e-7
9.03418e-6
-1.32787e-6
0.00133059
0.00277396
-0.00716367
1.06973e-7
9.8187e-7
9.2423e-8
-0.000480949
-0.00161333
0.00463663
-2.2983e-7
2.91735e-7
0.000336596
0.000819011
-1.15762e-6
-0.000179964
-2.40496e-6
-4.54614e-6
7.65897e-6
-8.06294e-6
-1.14698e-5
-9.48495e-6
-0.000142845
0.000163172
4.08469e-5
3.16474e-5
-0.000954248
-3.97177e-5
1.98767e-5
3.51702e-5
-3.87428e-5
-9.14806e-5
0.000130417
7.95308e-5
-4.1407e-5
-3.71245e-6
-4.27765e-5
0.000154788
-0.000220417
-0.000311308
0.000528768
-2.24508e-6
6.80864e-5
-5.31679e-6
-0.000294932
0.000341571
-0.000762369
0.000685499
5.39673e-6
0.000605857
-6.86212e-5
-0.00059213
0.000260431
-3.46613e-5
-3.69304e-5
0.000280348
-0.000163274
5.30806e-5
5.98679e-7
0.00108949
-0.000118932
-0.000718498
-0.00274488
0.00135139
-6.08315e-6
0.00400458
-0.00250037
0.000900238
-0.00712653
0.00351556
-0.00145676
0.00235749
-0.00147847
0.000835332
-0.000824046
0.000473912
-0.00029603
1.90268e-6
2.14774e-6
-8.48165e-6
2.48112e-5
-1.65643e-5
2.60478e-6
0.000469814
-0.000259984
-1.81254e-6
-8.3324e-5
0.000256372
1.21643e-5
-5.81877e-5
4.10364e-5
-8.08178e-5
-1.46078e-5
1.18272e-5
0.000979846
9.76051e-5
0.00090099
-0.00130282
-0.000362805
-0.000181872
0.000181467
-9.0834e-5
0.000105709
7.39389e-5
-8.38301e-5
0.00017807
3.05962e-5
-3.39714e-5
9.16869e-5
0.000448964
0.000508173
0.000518263
-0.00123043
0.0010088
-0.00134837
0.000911206
-0.000359233
0.000559064
-0.000149162
7.36978e-5
-4.58561e-5
0.000220224
0.000398101
0.00075487
0.000101387
-0.000197588
-0.00126903
0.000787516
0.000406701
-0.00109171
-0.000734883
-0.001202
-0.000586511
-5.11164e-5
0.000148211
-0.00106349
0.00069362
-0.000424284
0.00239733
-0.0026258
0.00190848
-0.003682
-0.00199724
-0.00103106
0.000297122
2.37318e-5
-7.68891e-6
0.00035165
0.00345727
0.00448507
-0.000495936
2.65301e-5
-0.000583494
0.000512297
-6.05293e-5
-0.00738123
0.00767917
-0.00715594
0.00832768
0.00229409
-3.9903e-5
-0.000162796
0.000102971
-0.00884115
0.00971112
-0.00665458
1.27826e-5
-0.000116308
0.000360686
0.00198459
-3.13725e-5
0.000527566
0.00011649
6.39298e-5
-0.000573857
0.000206853
-0.000140961
-0.000964938
-0.00221545
0.00162414
0.00137099
0.00992724
-0.00155707
0.00061448
3.48066e-6
0.000120515
-0.000347475
5.23287e-5
-1.96386e-5
-0.000663273
-8.48522e-5
1.83034e-5
6.06716e-5
0.000185882
-0.000508397
0.000805396
0.000376467
-0.000710398
-0.00324576
0.000277102
-8.34986e-5
-0.000277756
-0.0003479
0.000193088
-0.000664531
0.00115031
-0.00121527
-0.000410093
0.00135665
-0.000411908
0.00101977
0.000272437
-0.000880692
0.00116148
-0.00191129
0.00146959
-0.00205534
0.00222639
-0.00211425
0.00406064
-0.00520473
-0.00114126
0.00168671
-0.00048774
-4.79955e-5
-0.00539916
0.00378293
-0.00143072
0.00101018
-0.000418482
0.00437569
-0.00648121
0.00602933
-0.00660535
0.00545129
-0.00644256
0.00862847
0.000196941
-0.000362738
-0.000546015
0.000187621
-0.000338473
0.000615527
-0.00116427
0.00113306
-0.00023907
2.58642e-5
5.9601e-5
0.000260699
-0.000995076
0.00205224
-0.0022685
0.00256321
-0.000208378
-0.000262509
0.00063072
-0.000760504
0.000303978
0.000874175
-0.00239736
0.00357877
-0.00358373
0.00436923
-0.00042631
0.00099537
-0.00167904
0.00205579
-0.00158313
9.52038e-5
0.00188902
-0.0034837
0.00450172
-0.00632266
-0.000534081
0.00101546
-0.00187113
0.00298783
-0.00368331
0.0032608
-0.00160472
-0.000658858
0.00273284
-0.00446893
0.00551678
-0.012162
-0.00121028
0.00254379
-0.00402527
0.00487479
-0.00450779
0.00290789
-0.000692553
-0.00137619
0.00262015
-0.00302942
0.00137079
-0.00277336
0.0040725
-0.0048469
0.00459091
-0.00340904
0.00158529
0.000786796
-0.00357818
0.0049119
0.00177387
-0.00293186
0.00338643
-0.00346086
0.00321409
-0.00263472
0.000666047
0.000151599
0.000948554
-0.00106473
0.00137483
-0.00246132
0.00448092
-0.00134933
0.00146737
0.000150248
