0.0165025
-0.0800969
0.0733999
0.0244143
0.0987387
-0.0684702
0.0599847
-0.0833644
-0.0627159
0.0596937
-0.0458991
-0.0346196
-0.0277466
0.0532651
0.0119279
0.0298849
-0.0142476
0.000399455
0.0192215
-0.00992158
-6.43691e-5
-0.0317998
0.00490166
-0.00900937
0.00663062
0.0246161
-0.0213677
0.0395497
-0.0377534
-0.0413842
0.0231247
-0.0189709
0.0343666
0.00627666
0.00555957
-0.0249184
0.00137025
-0.00337946
-0.000296357
0.00891629
-0.0135827
0.00983926
0.00991936
-0.022146
-0.00462391
-0.0066203
0.0138273
-0.0279252
0.0363414
-0.0381703
0.0113695
0.0250448
-0.000696141
-0.013899
0.000948505
0.00059096
-0.00012903
0.00781228
-0.0259924
0.0132166
-0.0116795
0.0352571
-0.0279356
-0.0292807
0.0175295
-0.0097805
0.00104837
0.0125259
-0.0247875
0.0292818
-0.0244676
0.00687235
0.0132995
-0.00280098
-0.00808359
3.29187e-5
0.00427767
-8.62422e-5
0.000627612
0.00252723
0.0157154
-0.022415
0.0243707
-0.0195289
0.00718055
0.0067414
-0.0148555
0.0141772
-0.00873024
0.00421335
-0.00206755
0.062826
-0.0537835
0.0103503
-0.0602448
0.0648366
0.00357329
-0.0172382
-0.00686585
0.0253802
-0.035809
0.035477
-0.0245488
0.0096978
0.00120199
-0.00516946
0.00457688
-0.00157987
-0.0023927
0.00106308
0.00199595
0.000426544
-0.00069385
-5.69e-5
-0.0003937
0.0538191
-0.0410583
0.0229595
0.00555517
-0.0266687
0.0407154
-0.0421805
0.032284
-0.0179299
0.00648524
-0.000683514
-0.000674359
0.000665286
-0.00112056
0.000552657
4.3581e-5
-0.0244023
-0.0141383
-0.00607992
0.0246362
-0.0363767
0.0375109
-0.0290217
0.0173672
-0.00805685
0.00263308
-0.00101197
0.00074683
-0.000298489
1.58824e-5
-0.000205403
0.0221509
-0.0179162
-0.0142459
0.0082408
0.00102832
-0.0157674
0.025871
-0.0253293
0.019887
-0.0123388
0.00694249
-0.00265087
0.00227069
-0.000878816
0.000399488
-0.000254361
0.000271704
0.00470137
-0.000213954
0.00652356
-0.0127281
0.0130342
-0.0111329
0.0072465
-0.00737323
0.00349377
-0.00364218
0.00117213
-7.18643e-5
0.000290127
-0.00244144
0.00145199
0.000804932
-0.0031546
0.00574988
-0.0050754
0.00462525
-0.00342085
0.0073518
-0.00534393
0.000612275
0.000814916
-0.000821526
0.00040592
-0.000544155
8.2229e-5
0.00153398
-0.00261603
0.00227397
-0.00367105
0.00262375
-0.000258125
-0.00130937
0.00244906
-0.000747278
-0.000232656
-0.000371449
0.000100975
0.00126522
-0.00100212
0.00104871
-0.00107896
0.00106267
5.91835e-5
-0.00114908
0.000355454
-1.82061e-5
4.0757e-5
-0.00182533
0.00790336
-0.00380324
-0.00184414
-0.0187256
0.00860216
0.00119053
-0.000284841
0.0601427
-0.0191474
-0.00225049
-0.00556865
-0.0201303
-0.00553553
0.0277771
-0.00402674
0.0317301
-0.0505914
0.0285623
-0.0559938
0.0581389
-0.0325731
0.051455
-0.0594163
-0.0267922
0.020221
0.0356948
0.0245977
-0.0154377
0.00050024
0.00362276
-0.00121699
-0.00849992
-0.00591523
0.00188822
-0.000117614
0.000267088
0.0134266
-0.0164154
0.0113016
-0.0144874
0.0146911
0.00456626
-0.00575756
-0.00495371
-0.00245579
0.00185156
-0.00209635
0.00889721
-0.00217769
-0.00842801
0.000147057
0.0217822
0.00285933
0.000394261
-0.00135552
-0.000454311
-0.000187129
0.000121194
-0.00131035
0.00421913
0.000284413
0.00123189
-0.00703417
0.000152732
0.0133955
0.000759106
-0.000150504
-0.000474846
5.5402e-6
0.000267405
-1.13879e-6
1.51056e-5
0.00432227
-0.00890415
-0.000154178
-0.000102244
-0.00469924
0.00787088
-0.00263952
0.0160372
-0.0233495
0.000311573
0.000704762
3.60325e-5
2.16239e-5
-5.27108e-5
1.90305e-5
1.29091e-6
-5.56402e-6
-7.42776e-6
-0.0398654
0.071536
-0.0844079
0.000149779
-4.36861e-5
5.47307e-6
0.0390342
-0.0475365
0.0677209
-1.2475e-5
1.07654e-5
9.83979e-6
-0.0382943
0.043282
-0.0490447
-5.37312e-7
-8.36806e-6
-3.18404e-6
0.0358234
-0.0333398
0.027649
5.39042e-5
-5.05925e-6
3.86684e-6
-0.0244091
0.0205158
-0.0131447
0.0131406
9.68137e-5
-3.7822e-5
1.32324e-5
-2.63848e-6
0.0100358
0.00613194
-0.00469582
-0.000128628
2.04228e-5
-7.71328e-6
2.32336e-7
-0.00729752
0.00312118
0.00384056
-0.00335069
0.0019415
-0.0006319
-0.000129689
7.5886e-5
-2.90167e-5
8.41495e-6
-7.99615e-6
-0.00102939
-0.000866791
0.000443419
3.98322e-5
-8.30546e-5
0.000110251
-2.23122e-5
1.92193e-6
6.31385e-6
0.000514002
-0.00022031
-1.69424e-5
-0.000253742
0.000173669
0.000104197
-0.000303914
0.000316004
2.78392e-5
4.67603e-6
1.38963e-5
-3.28369e-5
-1.46952e-7
8.28716e-6
1.07519e-5
-3.87558e-6
6.85378e-5
-0.000107312
-1.23221e-5
2.34348e-5
-0.000125825
2.00856e-5
-1.7255e-5
-2.72656e-5
-5.61745e-5
-4.12451e-5
-4.41163e-5
1.08144e-5
1.88028e-6
-2.97055e-6
-7.58345e-6
-4.30102e-7
3.74632e-5
-9.14567e-6
4.45296e-6
3.51228e-5
-9.12979e-6
8.27157e-6
8.09765e-6
2.83778e-5
4.5634e-5
-2.11626e-5
-1.7781e-5
3.23247e-6
2.12297e-6
-5.62857e-6
-7.89273e-6
2.48943e-6
-3.7986e-6
-5.41206e-6
-0.000229824
0.00627816
-0.0112887
-0.0103457
0.0141437
-0.0150637
0.0194548
0.0208722
-0.0265676
0.0192406
-0.0455086
0.0515546
-0.0387527
0.0721296
-0.0789455
0.0617198
-0.0824797
0.09023
-0.0694222
0.0605934
-0.0759787
0.0561941
0.0464228
-0.0333881
-0.0409437
0.0226115
-3.13917e-5
-0.000427354
0.000447021
0.00116637
-0.000241117
0.000481497
-0.000719983
-0.0183956
0.0285388
-0.0136817
-0.00951136
0.00378073
0.00415305
-0.000208326
-1.90628e-5
0.000124591
-5.02729e-5
-2.13332e-5
-0.00122906
-0.000689919
0.000204174
0.000618428
-0.000114396
0.000682742
-0.000118266
1.51253e-5
1.83924e-5
-0.000350401
-4.28755e-5
0.00016016
-4.85001e-5
0.000204575
-3.37431e-5
0.000104885
1.73494e-5
1.84054e-5
-6.14824e-5
-8.2096e-6
2.15309e-5
0.00033308
-0.00020042
-1.94823e-5
-0.00103338
0.00115543
6.83538e-6
-1.00146e-5
6.64461e-6
-7.3917e-6
-6.24424e-6
-6.58018e-7
2.57009e-6
0.00448589
2.68099e-6
0.00710009
-0.00694231
0.000194236
-0.00917377
0.012605
6.3999e-5
-0.0125475
3.02659e-6
-1.28412e-6
1.75249e-7
-5.64169e-7
4.04028e-7
1.18781e-7
4.60405e-7
0.0160221
-0.0191838
0.0244563
-2.73797e-6
9.02276e-7
-2.40678e-7
-0.0226698
0.0252568
-0.0300154
-1.73386e-6
2.10279e-7
-2.1947e-7
0.0256089
-0.0280264
0.0315322
5.76733e-7
1.90918e-8
-1.95749e-8
-0.0226717
0.0242571
-0.0266221
-1.2629e-6
9.53807e-8
-2.8754e-8
0.0159638
-0.0139786
0.017491
1.06461e-6
-3.29979e-7
7.27967e-8
-0.00886473
-0.00744857
6.78085e-7
-2.07764e-8
6.23128e-8
0.0067991
-0.0049814
-0.00445022
0.0031369
-0.00273333
-2.46544e-6
6.18186e-7
-3.27636e-7
1.19677e-8
0.0013848
0.00071363
-2.249e-6
2.74187e-7
-9.68044e-8
-0.000539831
0.000370929
0.000161344
1.71103e-5
-7.93515e-7
-2.81884e-7
2.0814e-7
3.2155e-7
-3.47623e-5
2.25559e-5
1.08572e-5
-5.20615e-6
-9.31426e-8
-1.43363e-6
1.43558e-8
2.62109e-7
-3.10706e-6
-2.05728e-9
2.73233e-6
5.23554e-6
-7.5622e-6
1.04737e-5
1.68991e-7
2.38325e-6
2.5244e-7
-2.44908e-7
-1.90464e-7
-5.47748e-7
-2.26147e-6
2.50792e-6
-1.42432e-6
3.0405e-7
2.54582e-6
1.43484e-6
-3.96256e-7
1.47101e-6
1.05242e-6
1.83912e-7
2.29117e-6
-4.36899e-6
-4.29548e-7
3.25044e-7
5.28905e-7
-1.21466e-7
-1.14888e-6
6.18504e-7
-4.52215e-7
-8.51049e-7
-1.9692e-7
-5.15527e-8
-4.54872e-7
-3.58054e-7
-1.05697e-6
2.25166e-7
1.95544e-6
-2.66175e-7
-3.2028e-8
2.47144e-7
2.24221e-7
2.23629e-8
8.1517e-8
1.67754e-7
-0.00149038
-0.000162325
0.00706824
-0.0250793
0.0232467
-0.0175804
0.00554831
0.0129107
0.0016411
-0.0338306
0.00843475
0.0284661
-0.0240863
-0.0164999
0.0262661
0.0208836
-0.0129738
-0.0317757
-0.00164173
0.0440514
0.00421561
-0.0270455
-0.00659813
0.0201134
6.81173e-5
0.000151509
-0.000375333
0.000622411
-0.000212072
0.000509567
0.00755514
-0.0180312
-0.00537787
0.00983846
0.00306729
-0.00408659
-2.15191e-6
1.43662e-5
-9.95811e-6
1.63052e-6
-0.00152808
0.00186303
0.000666174
-0.000788903
-7.05175e-6
3.35674e-5
-6.78081e-6
9.21931e-7
-0.000256464
0.000301389
8.75936e-5
-0.000104603
-4.15283e-6
1.03975e-5
-2.83327e-6
1.41957e-6
-2.67136e-5
3.30483e-5
6.88183e-6
-1.07112e-5
-3.20176e-5
1.96524e-5
6.07151e-6
1.89378e-5
-0.000202559
3.85936e-6
-1.07452e-6
3.36235e-6
-9.02728e-7
4.75025e-7
-1.13023e-6
5.08981e-7
-0.00301682
-0.000244305
0.000621044
0.0126454
-0.00981866
-0.00016393
-8.25217e-8
-2.49208e-7
-1.44446e-7
2.65883e-8
8.31097e-8
-0.00623126
0.00868562
2.69268e-8
2.29233e-8
0.0147041
-0.0143897
8.91086e-8
-2.19528e-8
-0.0199776
0.0210571
4.22157e-8
-2.58028e-8
0.0218603
-0.0234819
6.11522e-9
-8.21572e-9
-0.0159302
0.0196273
-7.17081e-9
-4.79805e-10
0.0104331
-0.0136886
-2.57733e-8
8.39803e-9
-0.00613985
0.00792003
9.15104e-10
1.38609e-9
0.00344601
0.00295355
7.237e-8
-2.47301e-8
3.12159e-9
-0.00174918
0.00101685
0.000665776
-0.0011014
8.82529e-9
-1.32369e-8
2.374e-10
-0.000202917
-0.000106094
-6.75122e-8
-7.62989e-9
-6.3178e-10
4.56914e-5
-1.34401e-5
-4.9115e-6
-4.11979e-6
-1.0577e-8
-3.35679e-8
8.49251e-9
1.39973e-8
-1.2811e-6
1.56183e-6
1.14741e-6
3.13035e-7
-1.91839e-8
-6.93614e-8
1.58196e-9
6.22015e-9
-4.29818e-7
-5.43059e-9
1.25632e-7
1.31517e-7
4.68738e-8
9.18909e-8
1.44474e-8
-5.6055e-9
5.15151e-8
-5.10807e-8
-3.46928e-8
-2.44144e-7
3.47545e-7
3.47931e-7
-4.00137e-7
-3.34127e-8
-2.18199e-8
-1.0485e-8
-7.71235e-9
5.51366e-8
6.55864e-8
-3.92089e-8
1.04321e-7
-3.97167e-8
-9.77707e-8
-4.90934e-8
-8.76218e-9
-4.70352e-8
-4.82055e-8
-1.57726e-7
-1.94357e-8
-2.80344e-8
7.28445e-8
2.64066e-8
-1.87158e-8
-1.78638e-8
2.78606e-8
3.09391e-8
1.14238e-8
3.73768e-9
1.89873e-8
5.60727e-8
0.00490175
-0.0418278
0.0277435
0.0647983
-0.0393115
0.0138673
-0.010286
-0.0591902
0.0516595
-0.0231258
0.0626898
-0.0519914
0.0277171
-0.0347559
0.0395865
-0.00970969
-0.0222481
-0.0515306
-0.0191702
0.0493609
0.0513037
0.000904021
0.00162685
-0.00527445
0.0179632
-0.0120528
0.00681648
-0.01411
0.00141643
-0.0502049
0.0574605
0.0317528
-0.0265485
-0.0163143
-0.0157692
-0.009638
0.015555
0.0147834
-1.34525e-5
-9.6752e-5
0.000155806
-0.000517602
0.000498921
-5.87297e-5
-0.00671911
0.00607417
0.00169861
0.0028338
0.0016985
-0.0027002
-0.00155785
1.31732e-6
6.66793e-7
4.20884e-6
1.70457e-6
0.000838734
-0.00128861
-0.000363941
0.000495616
1.9984e-7
1.97853e-6
-5.16566e-7
-2.11833e-6
0.000141958
-0.00020072
-4.58506e-5
5.36733e-5
1.97211e-6
2.35588e-7
-1.21411e-6
-4.01113e-6
1.2945e-5
-1.78293e-5
-2.26904e-6
3.30557e-6
5.31106e-5
-2.8817e-5
-4.56379e-6
-3.53567e-5
8.58202e-5
-1.63229e-5
-3.16718e-7
8.69015e-7
-1.3448e-6
-6.24758e-8
4.17954e-7
-2.57535e-7
-1.28106e-7
0.000608638
-0.000646542
0.000399619
-0.00595382
0.00749965
-0.00019848
5.56821e-8
4.02383e-8
1.86106e-7
-5.90364e-8
-2.9776e-8
-1.37121e-8
0.00553048
-0.0124358
-8.95646e-9
1.03571e-8
0.00874621
1.13097e-9
0.0194922
-0.0294579
0.00877197
-0.0201135
0.0361099
-0.0101209
-0.021954
-2.93015e-9
-1.83906e-10
9.23633e-9
-6.97521e-10
-3.81281e-9
1.39768e-9
-3.1744e-9
6.3921e-10
0.0195373
-0.025122
0.0211013
6.33879e-9
-1.42174e-9
8.22031e-10
-0.0156905
0.0182668
-0.0171165
1.90277e-9
-2.24573e-10
2.88845e-10
0.0162824
-0.0117951
0.0125454
-7.44178e-10
9.27574e-10
-7.50797e-10
-0.00676489
-0.00703352
-2.91142e-9
-3.74015e-10
0.00463762
-0.00119853
-0.00252234
0.00414895
2.70941e-11
-2.34331e-10
1.67383e-9
-8.99194e-10
1.72478e-9
0.00164457
-0.00226949
-1.27468e-9
6.03671e-10
-0.000658884
-0.000350486
-4.12165e-10
-3.72428e-10
0.000150225
7.87222e-5
-8.9058e-6
9.10735e-5
3.58243e-9
-5.17783e-9
5.41986e-9
-8.69732e-9
-1.26245e-9
-6.19007e-6
-1.56732e-6
-9.3944e-9
-3.56345e-9
4.2217e-6
-2.57085e-7
-1.2729e-6
-4.62124e-7
-1.17548e-9
9.94628e-10
2.20629e-8
-1.65939e-8
-3.04998e-8
-5.55236e-9
1.81327e-7
4.12651e-7
3.36598e-8
7.31133e-8
-2.54318e-9
-1.78412e-9
5.36045e-9
-1.05799e-9
-1.88386e-8
4.99803e-8
-3.93045e-9
9.57059e-9
7.4641e-9
2.70069e-9
1.03928e-9
5.43002e-10
9.40224e-9
3.3418e-9
-3.42589e-9
-9.98052e-10
-3.35167e-8
1.43795e-8
-1.44915e-8
9.7001e-10
-2.88745e-9
1.43758e-9
8.71382e-10
-3.97422e-9
3.38724e-9
-9.32778e-9
1.12654e-8
-5.55001e-10
-1.13919e-8
-8.93706e-9
-2.81648e-9
-1.21378e-9
3.47777e-9
-1.73444e-8
-5.19075e-9
-4.53259e-10
-4.77244e-10
1.82731e-9
-8.66775e-10
8.29249e-10
-1.4659e-9
1.71215e-9
-7.28743e-10
-8.29283e-10
1.38327e-9
4.70514e-9
2.34417e-9
7.824e-10
-1.09226e-9
2.85028e-9
2.99701e-9
8.3958e-10
-1.91412e-11
-2.85537e-10
-2.11142e-10
-1.15874e-9
-1.461e-9
-5.70129e-10
-7.85961e-11
5.15031e-10
-1.21321e-9
0.00398452
-0.0253198
0.020063
-0.0481052
0.0512996
-0.010505
0.0468615
-0.00243115
-0.0419269
-0.00452148
0.0399495
-0.0241472
0.00680926
0.0179218
-0.000970894
-0.0116204
0.0181075
-0.0185334
0.0172989
-0.00948846
0.0177292
-0.0418953
0.0266519
0.0184411
-0.00749728
-0.00882478
-0.0051893
0.00653346
-0.000140931
0.0007913
-0.000856254
0.00383897
-0.00119964
-0.00501957
0.00216342
0.00230109
0.00143172
-0.00184109
9.96059e-6
-1.12957e-5
-2.47115e-5
6.84647e-5
-0.000107514
1.53813e-5
0.00103584
-0.000810436
-0.000170794
-0.000349389
-0.00020503
0.000376854
0.000145911
-6.84113e-7
9.00932e-7
6.39044e-7
-4.25593e-6
-2.29153e-6
-5.71691e-5
-7.85105e-6
6.51522e-5
1.22474e-5
-4.95919e-5
9.74423e-6
1.58588e-5
3.56572e-5
-8.26707e-6
1.44433e-6
-5.62284e-6
4.70828e-6
5.21291e-6
1.5933e-6
0.000256008
7.33581e-6
-0.000284406
0.000493333
0.000195219
-2.5066e-7
1.66604e-7
-4.35639e-7
-3.49047e-7
-4.65119e-8
0.00331967
-0.00210356
0.00218787
-0.0113991
0.00753578
-0.00286672
-7.55294e-9
2.65285e-8
1.83007e-8
-6.78102e-9
3.38154e-9
-7.35259e-10
0.0123187
-1.45485e-9
0.00627589
-0.0151321
0.0102271
-0.00697213
0.00962577
-0.0203565
1.46798e-10
-5.08756e-10
-2.10889e-9
1.06204e-9
-1.33697e-10
-9.39809e-11
0.00357302
-0.0108817
-1.05387e-10
-7.40079e-10
-0.00275176
0.0112674
1.12364e-10
2.19008e-10
0.000114991
-0.0116982
5.00791e-10
-2.07854e-9
0.00231911
0.000727202
-0.00123338
-0.000560689
0.00104473
9.05785e-11
-2.47505e-10
6.17145e-10
-1.96423e-9
-9.75058e-9
0.000397845
-0.000945892
2.92597e-11
5.17943e-10
0.000132354
-5.59283e-5
8.42245e-6
1.82331e-5
-4.87169e-5
1.03891e-8
-9.29915e-9
1.06951e-8
-9.47613e-9
1.55529e-10
7.43981e-6
-1.95498e-6
2.61839e-7
7.44634e-7
-5.59042e-7
3.15126e-8
-3.42209e-8
3.91271e-8
-3.64671e-8
-5.79088e-9
-2.55961e-7
-1.73999e-7
-3.31938e-10
-6.48414e-9
-9.72342e-9
8.82192e-8
3.54148e-8
-1.12052e-8
-4.56569e-10
2.81065e-11
5.2498e-10
3.23582e-9
-7.58945e-9
-1.7785e-8
-5.57091e-9
7.79439e-9
-3.53829e-9
8.09092e-11
-9.07753e-11
3.68535e-10
-9.21322e-10
-2.88034e-9
-1.22475e-9
1.06363e-9
-8.22111e-10
6.76462e-10
1.89557e-12
3.28682e-11
-1.36272e-10
-5.81463e-11
3.15616e-10
2.38173e-10
1.11896e-11
2.18047e-10
9.33847e-11
-3.1833e-10
3.14637e-10
-7.54254e-10
-6.51014e-11
7.46993e-11
1.01722e-11
-8.00255e-12
-4.91161e-12
-3.51731e-11
5.31116e-11
3.95798e-11
-4.93561e-11
1.83985e-10
5.55941e-10
3.70199e-10
1.08708e-10
2.64968e-11
7.98184e-11
3.63613e-10
1.40156e-10
4.73253e-11
2.75513e-11
-1.5284e-11
-1.17247e-10
-1.40939e-10
3.90763e-11
-1.226e-10
-5.04001e-10
-2.24286e-10
-0.0283268
-0.0359699
0.0174148
0.0474626
-0.0127187
-0.0594082
0.0312228
0.0832036
-0.0442267
-0.0645095
0.0202646
-0.0226906
-0.0061497
-0.0250459
0.027695
-0.032293
0.0331786
-0.0183135
0.0310026
-0.01821
0.0175776
0.0052043
-0.0023166
-0.00111471
-0.000799768
0.000409607
-5.1397e-5
0.00382663
-0.00308153
0.0123563
-0.00423657
-0.00157633
-0.000592906
0.000587691
0.00064454
-0.000448427
3.63845e-5
-0.000277658
0.000312577
-0.000893607
0.000352623
0.000586332
-1.16892e-5
-0.000218109
-0.000208063
0.000209706
3.82431e-6
-2.27927e-5
5.67153e-5
-0.000140131
-9.25359e-5
0.000112219
-7.52283e-6
2.64484e-5
-7.27341e-6
-2.26596e-5
-1.11243e-6
1.14023e-5
-1.15989e-5
-2.24239e-5
9.83698e-5
-0.000255409
-9.08809e-5
3.62922e-7
-4.02114e-7
2.06069e-6
-2.10618e-6
1.64199e-7
-0.000882855
0.000707641
-0.00073404
0.00395845
0.000895563
2.99899e-8
-6.20941e-8
1.59845e-6
4.1328e-7
6.94537e-9
0.0112478
-0.00800291
0.00493931
-0.0232545
0.0171628
-0.00775071
-3.81556e-8
1.19873e-7
-4.58314e-8
-1.99364e-7
1.52138e-8
-2.91224e-8
0.018911
-9.21102e-9
-0.00451092
-0.00715063
0.00600052
0.00535643
0.0130297
-0.0177028
-0.00449319
-0.017358
-4.13964e-10
7.48217e-9
2.02348e-9
-6.60001e-9
-0.0149946
0.0173109
0.00699944
1.97635e-9
-4.0074e-9
0.0163935
-0.0124533
-0.00740505
-1.35522e-9
-6.44223e-9
-0.0122678
0.00494607
0.00832648
1.32509e-8
-2.36585e-8
0.00112852
0.00112049
-0.00147444
-0.000310775
0.000383123
1.12575e-9
-2.96138e-9
1.87445e-8
6.58407e-5
-0.000203524
-1.54716e-9
2.35184e-9
-1.90729e-5
-6.09536e-7
6.59827e-6
-5.28354e-7
4.08579e-6
1.13216e-8
-6.76191e-9
6.79314e-9
-2.21366e-9
-3.65247e-9
-3.33163e-6
6.71203e-7
2.70407e-7
-1.92413e-7
1.77594e-7
3.93733e-8
-3.25714e-8
3.71907e-8
-2.66355e-8
-4.44649e-10
-4.73685e-8
-1.14375e-8
-3.05018e-9
-1.87605e-8
-1.88657e-10
3.20182e-9
-5.83215e-9
4.0796e-9
1.78505e-9
3.7784e-9
-6.59398e-10
9.08711e-10
-4.80269e-10
-1.66631e-10
-7.50509e-10
1.06658e-9
-8.69537e-11
2.24962e-10
-2.37974e-10
-2.84146e-10
1.68287e-9
-4.42487e-10
-1.40451e-10
-7.86504e-12
-4.81504e-11
-5.08435e-11
4.28098e-11
-1.32631e-11
1.09621e-10
-4.98257e-10
1.01918e-9
-9.32885e-12
9.53194e-12
2.04577e-11
1.31802e-11
-1.63779e-11
1.17147e-12
-1.31106e-10
-6.37094e-11
-1.87231e-10
-1.42192e-10
-5.82348e-11
-6.40036e-11
-3.06219e-11
-4.8656e-11
3.80296e-11
-1.32403e-11
-5.23714e-11
6.58892e-11
-5.75165e-11
-1.25205e-10
-4.08912e-10
7.57137e-10
1.12596e-9
-6.04129e-11
2.96964e-10
-1.60862e-10
8.48691e-10
3.44538e-10
3.18044e-10
7.60002e-10
-9.79313e-10
-0.0198408
-0.0164371
0.0124197
0.0159333
0.0133074
-0.00697379
-0.0132635
-0.0212561
0.0229628
-0.0176037
1.66193e-5
0.00907172
0.00365872
0.0303024
-0.0305972
-0.0192174
0.00787378
0.00167945
0.000286871
1.87974e-5
0.00125292
0.00553215
-0.00619171
0.0121313
-0.00894502
-1.75655e-5
-8.99288e-5
-7.9748e-5
5.94086e-6
3.82798e-5
-8.94855e-5
-0.000564763
0.000393248
-0.00190749
0.000672789
5.7755e-5
0.000111739
1.07703e-5
-3.7771e-5
2.15808e-5
-1.26188e-5
-3.3816e-5
0.000169498
-6.30555e-5
-6.579e-5
3.75766e-5
2.31013e-5
1.75447e-6
3.54812e-5
-1.9131e-5
-8.30738e-6
-4.96308e-5
9.23096e-5
4.41488e-5
-4.56501e-5
4.25826e-6
1.05265e-7
-2.95343e-5
0.000350477
-0.000266914
0.000110265
-0.00110898
-0.000174691
-2.12001e-6
9.7726e-6
8.38522e-7
-1.9102e-5
-4.19949e-6
-0.00287475
0.00246115
-0.00102564
0.00798093
0.00147824
8.07454e-8
-4.90453e-7
-5.31719e-7
1.13562e-6
4.54474e-7
0.016075
-0.0154523
0.00940131
-0.0140409
-0.0213911
0.0211164
-0.00907019
-1.49832e-7
5.31923e-7
1.34692e-7
-3.72796e-7
8.26466e-7
0.00965737
-4.19985e-8
2.98032e-8
1.22461e-8
1.13432e-8
1.92174e-8
4.87816e-9
3.91638e-8
-0.000500723
-3.58165e-8
1.1248e-7
0.000444441
-0.000121655
1.0803e-8
2.14443e-8
-6.30674e-5
7.93205e-5
-2.05124e-8
-1.80078e-5
1.0892e-5
7.61953e-8
-6.19995e-10
-6.39702e-7
7.72822e-6
4.67538e-7
-1.36303e-6
4.59965e-9
-3.52082e-9
-3.29712e-9
3.43099e-7
-1.48615e-7
-3.4127e-8
2.98605e-8
-1.92702e-7
2.83552e-8
-1.42949e-8
1.52724e-8
-5.90753e-11
-1.8988e-8
7.54713e-8
-1.28347e-8
-9.7159e-9
6.18392e-9
-1.21326e-10
-6.14125e-10
7.7406e-9
-1.48214e-9
-1.88399e-9
-4.63912e-10
-2.63605e-9
1.28256e-9
2.39152e-9
1.31954e-10
-3.05385e-10
3.43614e-10
-1.16462e-9
-1.34852e-9
6.93606e-9
3.40878e-10
-6.26106e-10
4.30886e-11
3.80854e-11
-2.85425e-10
9.59035e-10
-2.44975e-9
4.44856e-9
4.03725e-11
-7.26784e-11
1.14977e-11
4.25993e-11
-1.66464e-11
3.33117e-10
8.64616e-11
3.49151e-10
4.70302e-10
-8.30618e-10
-7.6713e-11
-1.70538e-10
1.64137e-10
-7.20233e-11
-3.32675e-10
2.70973e-10
-2.85035e-10
-2.4443e-9
9.28667e-10
-2.42298e-9
-2.55568e-9
-1.61676e-9
-1.95824e-10
-6.46142e-10
1.74412e-9
-9.25225e-10
3.90292e-10
4.57152e-10
-7.91637e-10
-9.47637e-10
-1.06741e-9
-1.53857e-9
6.99932e-9
4.39599e-10
8.12698e-9
-0.0367972
0.0278761
0.05155
-0.0641496
0.0433457
-0.05625
0.0723881
0.046909
-0.0617346
-0.0265017
0.0396876
0.0122057
-0.0211537
-0.013691
0.0130966
0.0220356
-0.012252
-0.000272488
-0.00161333
0.000391378
0.000331171
0.00457094
0.00651818
-0.00362501
-0.00952148
0.000867507
-0.00193637
0.00269874
-5.46169e-5
-9.44211e-5
4.33071e-5
-6.366e-6
-5.0461e-6
-0.000282226
-0.000220235
0.000116492
0.000126448
-0.00156635
0.000570099
-2.17933e-5
9.93628e-6
1.20251e-6
-5.28533e-5
-1.65591e-5
9.60698e-5
-4.6148e-6
-3.75146e-6
9.22881e-6
1.95341e-6
3.02207e-6
1.60429e-5
5.45337e-6
2.50551e-5
-7.4393e-5
6.16931e-5
1.61074e-7
-2.80434e-6
8.00375e-5
6.68424e-5
-0.000279004
0.000166556
-6.23052e-7
-2.46849e-5
6.32277e-5
3.54972e-5
-0.000163653
0.00067313
-0.000507605
6.98518e-5
-0.000233968
-0.00155183
-5.9978e-5
8.60504e-6
-3.24413e-5
-6.66927e-6
2.74552e-5
-0.00690932
0.003831
-0.000777491
0.00265437
0.0127718
0.000774406
-1.29007e-6
7.74433e-6
-1.23234e-6
4.28101e-6
-9.70497e-6
-2.19579e-6
0.00407955
0.00714227
-0.00999939
0.00154611
-0.0160627
0.00431467
0.0108341
3.66252e-7
-1.63708e-6
-4.52599e-8
-1.7021e-8
-2.80588e-7
0.0265235
-0.0181645
-1.40071e-8
-3.51177e-8
-0.0284701
0.026018
-8.64226e-8
2.71067e-7
0.0195676
-0.0190643
-3.99689e-9
1.47777e-7
-0.0086456
0.00968104
-5.84738e-8
-6.74011e-8
0.002157
-0.00218417
-2.53559e-7
6.24473e-7
-0.000538392
0.000667909
-2.88685e-7
1.22498e-6
6.91389e-5
-0.000196465
1.88726e-7
6.17199e-5
-9.46763e-5
2.73289e-7
-1.36543e-6
-5.32987e-5
-1.77567e-5
-1.46702e-8
-2.16503e-7
-2.49265e-7
3.60328e-6
-2.73911e-6
1.00852e-7
3.45333e-7
-2.65576e-7
-1.74385e-8
-3.97824e-7
-1.38299e-7
8.54924e-8
3.21409e-8
3.60131e-8
-6.42616e-9
2.15376e-8
-1.57938e-8
-2.57979e-9
-3.80806e-9
3.35009e-8
4.11975e-9
2.52792e-9
4.41432e-9
-6.05411e-9
-1.68101e-9
1.02455e-9
1.86927e-9
-9.05064e-9
-2.24978e-9
1.67021e-8
-9.57607e-10
-1.63498e-9
8.67432e-10
-4.65666e-9
-2.46432e-9
2.88211e-8
9.4223e-10
-2.43627e-9
-4.27056e-10
3.30106e-9
-9.10658e-9
1.26692e-8
-4.9591e-11
1.46799e-9
3.25013e-10
-1.1591e-9
-2.54026e-11
-1.39626e-9
5.41244e-10
8.28696e-10
-1.9514e-9
-5.08476e-10
-5.50308e-10
5.32795e-10
-3.95006e-10
-1.13174e-9
1.04671e-9
4.53375e-9
7.74042e-9
4.25333e-9
-1.43259e-9
4.24321e-9
-1.4476e-9
-2.2231e-9
1.26106e-9
-5.07433e-9
-2.27348e-9
1.0662e-9
3.17011e-9
1.91069e-9
4.15516e-9
-1.90459e-9
-2.30399e-8
3.58885e-9
2.39153e-8
-2.6773e-8
-3.07334e-8
-7.92174e-9
-7.37948e-9
5.56949e-9
9.06296e-10
-8.50228e-9
-7.97751e-9
-4.14616e-9
-1.63318e-8
6.75251e-8
-1.08828e-8
0.0499851
-0.0521629
-0.0676795
0.0517436
0.0594121
-0.0465121
-0.0386886
0.0290352
0.0199147
-0.0114917
-0.0116483
0.00499424
0.0074548
-0.00190362
-0.000122511
0.000175557
0.0077061
-0.00256212
-0.0189281
0.029637
-0.0108599
-0.0404779
-0.000380321
0.000179644
6.96234e-5
1.29264e-6
1.38473e-6
-1.3634e-6
0.00167742
-0.000683524
0.00162868
-0.000986432
2.31828e-6
1.65255e-6
1.39771e-6
-2.50533e-6
-3.7939e-5
-4.53864e-5
1.66175e-5
-0.000186132
5.182e-5
-7.457e-7
3.58617e-6
-1.2478e-5
-4.33759e-6
2.16579e-6
1.0007e-5
-5.72096e-5
2.77795e-5
-1.27655e-5
7.59763e-6
2.00812e-7
-1.03468e-7
0.000105746
0.00040654
-0.000510495
2.28156e-5
-2.67692e-6
-1.27302e-6
0.000472344
0.000974796
-0.00112759
8.70974e-5
-2.49887e-6
-1.81273e-5
-2.72165e-6
8.828e-5
-0.000212845
-9.65797e-5
0.000321548
-0.00109927
-0.000405049
0.000417274
0.000164014
-3.3652e-5
0.000126561
3.44297e-5
-0.00011916
0.00412968
-0.00882447
0.00523684
-0.00283602
-0.00404402
-0.00254951
5.15313e-6
-2.60127e-5
3.8529e-6
-1.05157e-5
2.26911e-5
2.30164e-6
-0.0152806
0.0202186
-0.00845604
0.0112372
0.0205522
-0.00921826
-0.0273055
0.00459039
3.5693e-7
-1.04909e-6
-4.91012e-7
6.35485e-8
-0.0171453
0.00612574
0.025456
-1.03416e-6
3.63862e-6
0.00878262
0.000531328
-0.0160005
4.47933e-7
7.16757e-7
-0.00121773
-0.00601921
0.00621612
-7.9872e-7
-2.27588e-6
-0.00126769
0.00382227
-0.00127121
-2.88648e-6
1.03436e-5
0.00095002
-0.00148579
-3.18616e-5
-2.7944e-6
1.2346e-5
-1.09941e-6
0.000373775
0.000119453
6.99555e-7
-7.86288e-6
3.87523e-6
-1.75633e-5
2.28695e-5
2.45464e-6
-3.75465e-6
3.09842e-6
-9.42519e-7
-8.84799e-6
3.35799e-7
5.453e-10
-1.82453e-7
7.27879e-7
-2.91752e-8
3.17863e-8
-1.25592e-7
7.99355e-7
5.8462e-9
-1.01613e-9
-8.50007e-9
2.31574e-8
-1.29618e-9
2.84646e-9
9.977e-9
-9.20555e-10
-5.58753e-9
5.34373e-9
2.42318e-9
-4.98805e-8
1.22633e-10
5.52366e-10
4.53001e-9
-2.6482e-8
-9.0711e-8
1.28028e-7
2.50024e-9
-1.93983e-8
8.68638e-11
1.47614e-8
-6.99756e-8
8.95019e-8
-4.42747e-9
-7.18078e-10
-6.84344e-10
2.22483e-8
-1.48428e-9
-5.02193e-10
5.46443e-9
-6.61011e-9
-2.27471e-8
7.10072e-9
3.64865e-9
-7.77795e-9
5.12637e-9
-2.05324e-8
4.7016e-9
-6.02964e-10
-7.66333e-9
-2.15537e-9
5.90411e-10
-1.73576e-8
1.29531e-8
9.06903e-8
-1.88586e-8
1.87762e-7
7.24546e-8
-1.77961e-8
3.79849e-8
-2.89746e-8
1.13332e-8
-1.40589e-8
3.50622e-8
1.50129e-8
3.31927e-8
6.88388e-9
2.88908e-8
1.13191e-8
-1.06777e-7
-2.02538e-7
3.84283e-7
-6.17095e-7
-1.2227e-7
2.13832e-8
-1.42906e-7
7.44044e-9
-9.95026e-8
-2.97599e-8
6.63397e-7
-0.0180931
0.0144762
0.033136
-0.0145141
0.0480442
-0.0251617
-0.054078
0.0358133
-0.0164467
-0.00135433
0.00105779
-0.000970151
0.000515931
-0.000277859
0.000276964
-8.85127e-5
-6.71265e-6
-7.3235e-5
0.000509846
0.000101884
0.00523924
-0.00186293
1.38876e-5
-4.4142e-6
1.95149e-5
-8.12035e-6
0.00024282
-7.43045e-5
0.000480925
-0.000197763
2.78841e-6
-5.58789e-7
2.28845e-6
-3.24017e-6
-3.88549e-6
-5.03066e-6
1.44015e-6
1.36449e-6
-1.17575e-5
1.02262e-6
1.4789e-5
-8.4939e-5
-1.32144e-5
0.00012791
2.57174e-8
9.02952e-7
-5.58913e-7
-7.17056e-8
-0.000468827
0.00126604
7.40469e-7
2.3396e-7
-3.03339e-7
8.51811e-8
-0.000744695
0.0030738
3.87772e-6
-5.62707e-8
-7.64333e-7
9.46004e-7
0.000378976
-0.000167078
-0.000968731
0.00268132
-0.000141156
-5.94354e-5
4.30482e-5
1.77482e-5
-0.000419204
0.00122674
0.000370752
-0.00102111
0.00158521
0.00109066
-0.000735247
-0.000407571
8.29559e-5
-0.000243524
-4.70495e-5
0.00012278
0.0017919
-0.00134415
-0.000707463
-0.00147885
-0.005316
0.00225583
0.000914606
-4.40594e-6
1.5116e-5
3.18553e-6
-8.28551e-6
-1.43234e-7
4.39197e-7
2.46638e-6
-9.20813e-6
-8.31535e-6
7.74427e-6
-6.68203e-6
-6.01296e-5
-0.000598257
-1.68806e-5
9.93105e-5
-1.63694e-5
7.97774e-7
-0.000134273
2.28587e-5
-2.61197e-5
1.55247e-5
8.86983e-5
5.28498e-6
-2.89953e-6
8.20526e-8
-4.8956e-6
1.9681e-5
-1.44357e-7
3.56517e-7
-2.8221e-6
1.98353e-5
7.78041e-9
-2.34216e-8
-8.68094e-8
5.56825e-7
-6.05852e-9
1.07712e-8
-2.29381e-7
8.67681e-7
3.16834e-8
-4.37727e-8
-2.48781e-8
1.03853e-7
1.48657e-8
4.7343e-7
-1.43522e-7
-8.91066e-9
-3.0698e-7
-1.13769e-8
4.95086e-8
-6.56699e-9
-7.51907e-9
3.42976e-8
-4.37094e-7
5.06553e-8
3.56589e-8
2.10338e-8
-2.27326e-7
9.19789e-8
-2.54778e-7
2.6195e-8
-2.57309e-7
-1.05263e-7
4.95818e-7
-2.15039e-9
-4.06407e-9
-2.14603e-8
5.37054e-8
2.90757e-8
-5.20351e-9
8.98204e-8
4.02981e-9
-1.74023e-8
1.68823e-9
1.16153e-8
-1.51552e-7
5.75855e-8
3.28985e-8
-7.04175e-8
7.92996e-8
-3.8001e-7
7.03888e-8
-1.08923e-8
-7.58919e-8
1.98001e-8
3.51397e-8
-3.32141e-7
-9.27651e-8
-1.41936e-6
-6.14525e-7
1.69683e-6
1.51663e-6
-2.911e-7
2.60392e-7
2.59292e-8
-2.24728e-8
-1.50896e-7
2.95569e-7
3.90921e-7
-5.07672e-7
1.41003e-6
-2.59954e-6
2.20828e-6
-1.85966e-6
-0.0321391
0.0205529
0.0327198
0.000774306
-0.0169389
-0.0110017
0.000198654
0.0237905
0.0217748
-0.0355704
-0.00612936
-0.00236141
0.00269366
0.000234082
-0.00101934
0.00187994
-0.00514224
0.00201914
-0.0141939
0.00459577
0.0235983
-0.00153244
0.00019545
-2.87283e-5
0.000185304
-0.00014372
-0.000155159
9.13187e-5
0.000514383
-0.000114459
4.17595e-5
-9.17507e-6
2.33788e-5
-4.63695e-6
1.973e-5
-1.84236e-6
7.00699e-5
-3.25489e-5
1.29922e-6
-2.37037e-6
-5.19234e-7
8.14528e-6
2.29357e-6
0.000193143
-7.49348e-5
-3.35838e-7
-2.50941e-6
0.000167168
-0.000959541
0.00143849
1.05133e-6
-0.00162138
-0.0053826
0.00600186
5.58458e-8
-0.00796183
-0.00906698
0.0156158
-1.16409e-5
-5.11306e-6
3.31732e-6
1.63169e-7
-0.00317417
0.00729252
0.00248147
-0.00527142
0.00029173
0.000132866
-9.99027e-5
-3.75638e-5
0.000635341
-0.00146012
-0.000297917
0.000626414
0.000188941
-0.000640143
5.72603e-5
0.000344833
-3.80436e-5
8.7097e-5
1.71614e-6
-1.16325e-5
1.39807e-5
0.00212136
-0.00612561
0.00339267
-0.00101483
0.00305708
-0.0122001
0.00431075
-0.00316768
-7.22231e-6
-1.3343e-5
9.01075e-6
7.77841e-5
-0.0132269
0.0260097
0.00311048
5.60663e-5
-0.000258216
0.021571
-0.039627
-0.0110384
-4.33973e-5
0.000174923
-0.0409688
0.0519323
0.0185976
4.02341e-5
-7.96073e-5
0.0130101
0.000337977
-0.0076947
1.4792e-5
-9.86139e-5
-0.00512941
0.00145522
0.00269356
0.000183496
-0.000682748
0.00094662
-0.000311301
0.000348438
-0.00041481
8.51899e-6
-0.000105981
-2.31493e-6
7.94984e-6
-8.20825e-5
0.000425774
7.77316e-7
-4.19624e-7
-4.52403e-6
1.61681e-5
9.84952e-8
-1.76818e-7
-1.40434e-6
2.37126e-5
-1.83991e-8
-1.1366e-7
3.96942e-7
-3.00369e-7
-5.01172e-8
2.65937e-7
-1.2511e-6
1.63861e-6
-4.94994e-7
1.12277e-6
-2.24506e-8
4.5526e-7
1.27901e-6
-2.30253e-6
-4.6065e-8
-4.21817e-8
1.28861e-6
-1.4296e-6
1.01919e-6
1.50795e-8
1.25151e-7
-3.9194e-7
-3.67664e-7
-2.68395e-7
-1.84652e-7
5.90946e-9
-6.62159e-9
-3.52413e-8
4.14787e-8
-1.44905e-7
2.50675e-6
-2.25425e-8
-3.80934e-8
1.10951e-6
6.3776e-8
-3.15388e-7
2.51771e-8
6.83437e-9
-2.58661e-6
5.61836e-7
1.20549e-7
-7.35201e-7
1.39582e-6
-7.41761e-6
1.31441e-6
-1.83092e-7
2.30349e-7
8.37726e-7
-5.7577e-7
4.22665e-7
2.42257e-7
-3.1884e-8
-2.31981e-6
1.70864e-6
-1.18822e-6
-4.07542e-6
4.56002e-6
9.49923e-6
-2.46856e-5
1.87943e-5
-4.84259e-6
-4.09214e-6
9.49135e-6
-4.995e-6
5.00589e-7
1.36828e-5
-2.90075e-5
0.0113785
-0.00641951
-0.0162329
0.00286
0.00134608
-0.00622915
0.0295641
-0.0147738
-0.0335347
0.0359042
0.00267689
-0.00457109
-0.00811068
0.0174893
0.00492606
-0.0106904
0.000479228
-0.00265926
-0.00053541
0.000281855
-0.00254431
-1.39865e-5
0.000851055
-0.000148612
0.000204639
-3.82225e-5
-1.00836e-5
-0.000119521
-4.42704e-5
0.000226007
9.52031e-6
1.14234e-6
2.377e-5
-3.80113e-5
-6.08593e-8
-2.25721e-5
0.000102268
-3.69242e-5
6.86872e-5
-0.000232443
5.38896e-5
0.000322645
-0.000277434
-0.000415696
-4.94623e-6
1.37053e-5
-2.1469e-5
1.55851e-5
0.0010752
-0.00427184
3.31666e-7
-1.34685e-6
-2.09039e-6
-4.1508e-7
0.00441378
-0.0167638
-7.5585e-8
1.91763e-7
-8.53132e-7
1.24796e-7
0.00962247
-0.0205335
-7.42104e-7
1.666e-7
-1.59963e-7
9.628e-8
-0.0139548
0.0215196
0.00963759
-0.0147758
2.91233e-5
9.07673e-6
-6.96156e-6
-1.94409e-6
0.00291611
-0.00488004
-0.00110563
0.00152773
-9.23786e-5
-0.000151519
5.18211e-5
5.68156e-5
-0.000145394
0.000124476
-3.83662e-6
0.000150731
-0.00143972
0.0017618
-0.00043762
0.000603181
0.00188695
0.00105818
0.000189488
1.11291e-5
2.18854e-5
-7.78175e-5
5.91876e-5
-0.00550829
0.000363796
0.0092491
-0.000186404
0.000672557
-0.00079731
-0.000385748
0.000139081
0.00434442
-0.00333397
0.00212433
-0.00237618
0.00144837
-0.000351569
0.000248485
0.0014447
-0.00297667
0.000187806
7.63046e-5
1.29919e-5
-0.00174019
0.00240794
-7.6755e-5
3.96593e-5
-1.27205e-5
-0.000101104
0.00040967
1.63705e-6
1.87018e-6
-7.73744e-5
0.000515379
5.91151e-7
-4.85742e-7
-2.39858e-6
-5.40511e-6
5.25174e-7
3.17768e-6
-9.92421e-6
6.60661e-5
-4.59395e-6
3.06943e-6
2.04227e-6
-1.95685e-8
-1.47687e-6
-2.08714e-5
9.4836e-6
-3.56658e-6
-1.2662e-6
1.11709e-6
-1.7871e-6
-1.80001e-8
-1.42294e-6
-1.24816e-6
3.72192e-6
-1.5687e-7
-7.1908e-7
4.39515e-7
1.192e-6
-1.2139e-6
4.52244e-6
-1.81169e-6
-7.80185e-6
-2.50619e-6
2.20148e-5
6.25039e-8
2.17728e-6
9.04072e-7
7.18247e-6
5.30777e-6
-3.35838e-5
9.41801e-8
-2.03042e-7
8.39134e-7
5.79354e-5
-1.46389e-5
-6.75473e-6
2.64008e-5
1.14529e-8
-4.25399e-8
-5.61974e-8
-7.83168e-7
-3.69617e-5
1.11991e-5
2.66864e-6
-1.29357e-5
1.22067e-6
-6.53389e-6
2.86391e-7
2.62477e-9
1.82106e-5
-1.69215e-6
-4.31371e-6
1.02257e-5
6.22576e-6
8.37612e-5
3.07998e-5
-0.000102096
1.44738e-5
-2.74643e-6
-5.29531e-6
-2.10799e-5
1.04336e-5
2.81135e-5
-2.40012e-5
1.08842e-5
-3.78426e-6
-6.85152e-5
7.74795e-5
-0.000150357
0.000130642
-0.0366427
0.0366224
0.0564922
-0.0313058
-0.0446341
0.0179634
0.00872932
0.00525088
0.00386243
-0.00307331
0.00167559
-0.000961327
-0.0121234
0.0035293
0.0183784
-0.00980061
0.027278
-0.0286031
0.0111767
-0.0106005
-0.00268488
0.000400319
-0.000416028
0.00165167
0.000551384
-0.00274209
0.000234157
-6.8081e-5
0.000166347
-5.34409e-6
0.000439487
-0.00124902
0.000640313
-0.00064767
0.00212991
-3.59044e-5
0.000161139
-0.000195013
7.04536e-6
0.000119822
-0.000314418
-0.000581085
0.000174586
0.000656971
0.00354355
-0.00556808
-3.79299e-5
0.00688097
0.0113215
-0.0187046
6.12748e-6
0.0302164
0.0303201
-0.0445546
7.89853e-7
4.03127e-9
-0.0280333
0.0178082
1.11876e-6
5.31521e-7
-4.27732e-7
2.85527e-7
0.00668013
-0.00599763
-0.00121426
-0.00191655
-2.30373e-5
-1.79351e-5
7.65277e-6
4.89577e-6
0.000158799
-0.0015305
-0.000333767
0.00116733
-0.000267528
2.0778e-6
9.26787e-5
-4.06954e-5
-1.18949e-5
-0.000144984
0.000153043
0.000363544
-0.000301312
-0.000160486
-0.000816919
0.000775888
0.000813287
0.031273
-0.0344724
0.0153424
-0.0224998
-0.0498494
0.019316
0.0394278
-0.0145279
-0.00101564
0.00355927
0.00319795
-0.00374221
0.0411673
-0.00895922
-0.0419024
-0.0034563
0.00248575
-0.00871568
0.000125514
-0.00106903
0.00334765
1.94304e-5
-0.00029885
-0.00620931
0.00937466
-0.00745915
-9.00129e-5
7.54151e-5
-0.002323
0.00241636
2.41517e-5
-1.74532e-5
-4.68254e-6
-3.7825e-5
0.000217682
-2.28294e-6
4.97612e-6
-0.000445574
0.000539207
9.45647e-6
-1.9605e-5
1.80595e-5
-6.28964e-5
2.39606e-5
0.000129425
-5.86637e-5
7.64793e-5
-0.000303004
1.23449e-5
1.29861e-5
-2.40378e-5
-4.22016e-6
-9.83414e-6
5.29212e-6
-2.46346e-6
-1.11064e-5
1.7715e-5
1.14083e-5
-2.47134e-6
-7.18606e-6
7.99866e-6
-8.54195e-5
0.000128266
1.03222e-6
-1.06472e-5
9.80018e-6
-0.000177634
-8.44722e-5
0.000245912
1.1572e-6
-1.22144e-6
-2.90123e-6
1.11384e-6
-0.000306899
9.21464e-5
3.80431e-5
-0.000130534
1.40036e-7
-3.31963e-7
9.30117e-7
9.24679e-6
0.000135571
-3.6578e-5
-2.41984e-5
5.56167e-5
3.44323e-5
-0.000116798
-1.10291e-5
-2.29536e-6
-1.55021e-5
9.17296e-6
-4.04395e-5
4.78312e-5
-2.93419e-5
4.17913e-5
-0.000136714
-0.000109044
-6.47253e-5
0.000120987
0.00015252
-3.50033e-5
0.000401242
-0.000279245
0.000100128
0.000114112
-6.33115e-5
0.0180823
-0.0228898
-0.028228
0.0326557
-0.0373706
0.0349195
-0.0211244
-0.0295229
0.0246494
0.0173355
-0.00194565
0.00300099
0.010991
0.0032428
-0.00455022
0.00489138
0.00324565
-0.0011609
-0.00255475
0.000349462
0.0169582
-0.0331834
0.00525524
-0.00874122
-0.00161746
0.00152432
0.000257534
-0.00164216
0.00408761
-0.00322349
-0.00193381
-0.000171642
0.000959277
0.000202979
-0.000844486
-1.38105e-5
0.00207178
0.000801914
-0.00042875
0.000695885
-0.00123463
0.000644024
-0.0012444
0.00216028
-0.00108968
-0.0107219
0.0102744
0.00912747
-6.70562e-5
0.000212372
-0.000205188
7.6254e-5
-0.0150513
0.0172881
-8.76331e-6
2.29771e-5
-2.47036e-5
1.3716e-5
-0.0275278
0.0328926
-6.35594e-7
7.64812e-7
-1.31963e-7
1.79427e-6
0.0323572
-0.0226188
-0.0155606
0.00360286
2.40891e-7
3.58247e-8
0.000922351
0.00711045
-2.05559e-6
-1.21896e-6
4.98975e-7
1.08706e-6
-3.52973e-6
0.00224982
-0.00604853
0.00236608
-0.00171797
-2.53912e-5
9.63886e-6
9.45866e-7
1.40003e-5
-1.618e-5
-0.000769669
4.69501e-5
0.00386298
2.34454e-5
-0.00131638
-0.000733652
0.00329844
-0.00817797
0.00887516
-0.0025705
0.00601601
0.0143886
-0.00812774
0.00127272
0.000799726
-0.00284118
-0.00351647
0.0093923
0.0110013
-0.0096428
-0.0106268
0.00905971
0.00331015
-0.00648484
0.00513215
-0.00258619
-0.0110639
0.00851553
-0.00320188
-0.0021955
0.00120306
0.0134038
-0.0105418
0.00132064
-0.001265
-0.00436283
0.00148849
9.35343e-5
-0.00258237
0.00792486
-0.00407258
-3.3367e-6
1.66825e-5
-0.00155485
0.00103985
3.44587e-5
-0.000128301
-6.57564e-5
7.85267e-5
-0.000483903
0.000519997
-0.000428452
0.000590228
-0.000635301
-0.000129114
0.000344404
-9.53747e-5
-7.94189e-5
0.000229208
2.82741e-5
-1.22014e-5
-2.09748e-5
3.44302e-5
7.50597e-6
8.12509e-5
-1.86241e-5
2.10197e-5
-3.02926e-5
-1.42547e-5
-1.96025e-5
-1.1826e-5
9.81334e-5
1.16246e-5
-1.6882e-5
1.88757e-5
-8.51092e-5
-6.47667e-5
0.000135156
1.10872e-5
-8.33186e-6
0.000325933
-0.000578708
-0.000351205
0.000722191
4.67146e-6
4.43594e-5
-2.10499e-5
-0.000830529
0.000408
-0.000466186
-4.93639e-6
-5.65191e-5
0.000504041
0.00018217
-0.000395037
-1.13021e-5
6.50181e-6
3.19194e-5
-5.94519e-6
0.00014652
-0.000248142
-0.000114635
0.000179735
1.40584e-5
-3.44785e-5
-2.83733e-5
-9.95857e-7
-3.72651e-5
-1.97315e-5
8.79078e-6
3.9699e-5
2.39932e-5
-8.77947e-5
0.000277355
0.00017303
-0.000329762
-0.000311548
0.000444151
-0.000114506
0.00028636
-0.000136681
5.50851e-5
-0.000384144
0.000273789
-0.000191399
3.27637e-5
0.000163823
-0.000252444
0.00941866
-0.0103372
0.0265474
-0.0420474
0.0404862
-0.0319292
0.0183232
-0.0101508
-0.00172475
-0.0122368
0.00678971
0.0100551
0.0138558
-0.00811913
0.00856441
-0.00212294
0.00754775
0.00467139
-0.00906915
-0.00237697
-0.00626197
0.0150218
-0.00983928
0.00393204
0.000105119
-0.00322346
0.0055145
-0.00357455
0.00416826
-0.00732844
-0.000156429
-0.00368945
0.0131044
-0.00994282
-0.0137273
0.00195935
-0.00109676
0.0066739
-0.00682974
0.000175415
-6.04309e-5
0.00591431
-0.0100941
4.23369e-5
-3.13849e-5
0.0139588
-0.0144079
4.53131e-6
-6.91533e-6
0.000920783
0.0178626
-4.29134e-7
4.29794e-8
3.56547e-6
6.91797e-7
0.010359
-0.0299332
-0.0132975
0.0305265
8.41201e-8
-3.76995e-7
0.0109042
0.000700494
0.00180307
-8.64747e-8
3.00047e-6
-1.77952e-5
0.00465375
-0.0141345
-0.00598853
0.0190107
-0.0024104
1.88409e-5
0.00155551
-0.00291364
-0.000109968
-0.00272859
0.00489884
0.0103209
0.00475361
-0.0205987
-0.00407256
0.0219084
0.00189099
-0.0182988
0.00174886
0.0124233
-0.00262205
-0.00820093
0.00357822
0.00585051
0.00434311
-0.00446826
0.0129565
-0.00946538
-0.00112718
-0.00167138
-0.00498094
0.00061635
-0.000131188
-8.18773e-5
0.000685296
-0.000379637
0.000876234
4.17467e-6
-0.00148687
2.88871e-5
4.19729e-5
1.32337e-5
8.3491e-5
5.32264e-5
-0.000104352
-2.94876e-5
0.000194203
-5.5011e-5
-1.99864e-5
1.41916e-5
-0.00013246
-0.000177289
-1.26915e-5
1.60916e-5
0.000173292
-0.000298351
-5.75596e-6
1.17438e-5
-2.1473e-5
0.000131636
-1.37975e-6
1.61224e-6
0.00105689
-0.0015779
-3.87018e-5
4.45137e-6
0.00164108
0.000831402
-0.00157986
2.32752e-5
1.29576e-5
-0.000126254
9.8331e-5
0.00139145
-0.000698385
0.000804419
-5.55512e-6
0.000133059
-0.000687451
0.000312047
-0.000262737
6.06848e-5
-0.000133967
-6.23318e-5
0.000246221
-7.16607e-5
-0.000186999
0.000460187
-0.000162407
0.00029337
-2.7083e-5
-9.98195e-5
3.94124e-5
-0.000615934
0.000726192
-0.000527797
0.000304554
-9.6114e-5
-4.55201e-5
8.50689e-5
-8.80292e-5
-0.00113796
0.00722178
-0.0135528
0.00833308
-0.0260184
0.0359644
-0.0340319
0.0222096
-0.0078294
-0.00274642
0.011758
-0.022397
-0.0213578
0.0279961
0.00536667
-0.00949736
0.00400775
-0.0130531
0.021616
-0.0222864
-0.0187619
0.0114678
0.000526536
0.0063081
-0.0193917
-0.00384513
0.0134923
-0.0108643
0.00706046
-0.0126963
0.0104733
0.015711
-0.00638082
0.0112389
0.00696835
-0.00843387
0.00816436
-0.00778593
0.00520834
-0.00594772
0.00859562
-0.00313661
0.000359633
0.00145626
0.00770151
0.0170331
-0.0123069
-0.000222111
-0.00169827
-0.002275
0.0135805
6.94673e-5
2.34546e-5
0.022385
-0.0377763
-1.84045e-5
6.86051e-6
0.0444628
-0.0392039
4.66471e-7
-6.49186e-7
-2.23441e-6
5.30387e-7
-1.81483e-7
-0.0199202
0.0239897
-0.00264756
-0.00991505
-1.33513e-6
1.11014e-7
3.21254e-7
-3.33503e-7
4.89173e-6
-0.00653766
0.0200939
-0.0304834
-2.30781e-5
0.021666
-0.0301925
-0.000424212
9.97413e-5
1.25743e-5
0.000387198
-0.000744357
-0.0141505
0.0239269
-0.00123139
0.000993797
-0.0181744
-6.08432e-5
0.0334475
-0.00254336
-0.0385104
0.00589843
0.0327436
-0.00834718
-0.0220369
0.00838969
0.0123169
-0.00796045
-0.00635176
0.0097456
0.005175
0.00730322
-0.0104548
0.00878545
-0.00615763
-0.00288798
0.00380158
0.000829194
-4.7437e-5
0.000201175
-0.00106784
0.00132438
-0.00392665
0.0106309
2.95321e-5
-3.96856e-5
0.00219769
-0.00668617
0.00392533
0.00134061
-0.00217068
2.88654e-5
-1.64735e-5
-1.05698e-7
-1.03705e-6
-0.000600002
-8.79215e-5
0.000875
-0.000989946
4.59923e-6
1.566e-6
0.00197775
1.95039e-6
-5.34471e-6
-6.41543e-5
-2.32016e-6
0.000219205
6.90903e-7
2.1432e-5
-2.34805e-5
-0.00198657
0.0037011
1.09806e-5
7.30895e-6
-1.76541e-5
-0.00282337
0.00240577
6.0114e-5
-2.4917e-5
-0.00198699
-0.000946114
0.00147352
-0.000136761
0.000173706
0.000188387
-0.000132973
-0.000929063
0.000849466
0.000453792
-0.000473354
0.000164585
-0.00029086
-0.000512853
0.000368677
-0.000326076
-6.86271e-5
0.000143338
-0.000378788
-0.00034996
0.000581603
6.59158e-5
-0.000108277
1.94001e-5
0.000173483
-1.07115e-5
0.000773297
-0.000717239
0.000984366
-0.000960961
0.000719886
-0.000381734
0.000108965
2.22803e-5
-7.04582e-6
-0.00012924
0.000214903
0.000382737
-0.0187777
0.01331
-0.0204327
0.0164824
-0.00427951
-0.00858847
0.0156168
-0.0162909
0.0119177
0.00251721
0.00808751
0.0352242
-0.0293537
0.0246075
0.0169661
-0.0401859
0.0598814
-0.070595
-0.0335375
0.0209444
-0.0189216
0.0150362
-0.0118892
-0.0169051
0.0145361
-0.0133312
0.00905142
-0.00669031
0.0137539
-0.019875
-0.00326362
0.00228568
-0.00308534
0.00235509
0.00402169
-0.0198858
0.0296139
-0.0176909
0.00838123
-0.00159186
0.00280428
-0.00199343
0.00108043
0.00545165
-0.0195589
-0.000381843
0.00091848
-0.000640287
0.000286107
0.000102568
-0.0175008
0.0295835
-0.0349814
0.0478646
-2.16102e-5
2.91052e-6
-0.0458067
0.0347815
5.28326e-7
-5.78995e-7
-1.271e-7
-0.0167876
-0.0041553
0.0220583
1.57268e-7
-8.03408e-7
-6.33579e-7
-0.0394303
0.0600416
0.0325786
-0.0731024
7.6365e-6
-0.000105386
-0.00016299
-0.0378151
0.00277012
0.00106144
0.0237265
-0.00359525
-0.0450942
0.00787832
0.0539952
-0.0123159
-0.0483568
0.0144501
0.0336802
-0.013037
-0.0186177
0.00937466
0.00840848
-0.00503084
-0.00351732
-0.00286225
0.00131802
-0.00601323
0.000622287
0.040434
-0.0329323
-2.43259e-5
1.61272e-6
2.75345e-5
0.0161126
-0.00659275
0.00107631
2.89185e-6
-1.84895e-6
6.16438e-6
0.00307648
-0.00539397
0.00640852
-2.32543e-6
-8.59681e-7
-0.00771378
-0.00313602
0.00843458
1.82174e-5
-2.02908e-5
-9.52437e-6
6.25299e-6
0.00172839
-0.00484758
-0.00140817
0.0022477
-0.00146871
0.00387646
-5.08125e-5
3.52097e-5
0.00778064
-0.0097956
-0.00545888
0.00672225
4.44064e-6
-5.01621e-5
5.86129e-5
-0.00388509
0.00373697
-0.00293599
-9.79809e-5
4.38984e-5
1.7828e-6
0.00222106
-0.00157081
-0.000308726
0.000189958
0.00100054
-0.000650288
0.000251253
0.00128056
-0.00071136
0.000474224
0.000270016
-0.000643788
0.000315731
-0.000802844
-0.000410295
0.00293962
-0.00241596
0.000877559
-0.00101861
0.000974918
-0.000676011
0.000274826
3.00883e-5
-0.000128761
4.4817e-5
0.000129798
-0.000443145
0.0328053
-0.0543441
0.0460256
0.019095
-0.00786387
-0.000950917
0.00304285
0.0033007
-0.0153699
0.0257276
-0.0276995
0.0203223
-0.00561359
-0.0141643
-0.0444946
0.053478
0.0524591
-0.0498427
0.056059
-0.0498082
0.0333641
-0.0260593
-0.0392185
0.0324254
-0.0255376
0.018609
-0.0139631
0.0106592
0.0223854
-0.0209628
0.0201126
-0.00791805
0.00552551
-0.0196425
0.0213657
-0.00395363
0.00337419
-0.00224086
-0.0259661
0.0209997
-0.00963237
0.00131496
-0.000808492
-0.0040582
0.0177971
0.00043166
-0.00019895
-9.73068e-5
-0.0279012
0.0296129
-0.0314907
3.74927e-5
-1.2605e-5
0.0294107
-0.0196111
3.26205e-6
-4.78924e-7
2.22129e-7
0.00433458
0.0137942
-0.0342502
7.7272e-8
-3.03751e-7
5.63426e-6
0.0535407
-0.0883472
0.0832627
2.66742e-5
-4.35388e-6
-2.22234e-5
9.15627e-5
-9.99268e-5
0.0609614
-0.0974347
0.0303764
0.000539987
-0.000883468
-0.0019196
-0.0270044
0.00514257
0.0496532
-0.0102472
-0.0615294
0.0154352
0.0579147
-0.0177401
-0.04244
0.0153257
0.024275
-0.00898803
-0.0108659
2.18853e-5
0.0040119
0.010471
-0.00117614
0.028295
-0.0339912
-0.00122766
0.000937793
-0.0311702
0.0294113
-0.0312211
0.0187062
-1.45851e-6
1.66047e-5
-0.000139065
-0.0115402
0.00379378
0.00329292
2.21209e-9
8.42166e-7
-1.0261e-6
-0.0092745
0.012981
-0.0137291
1.2827e-6
8.32239e-8
0.0131922
-0.0121056
2.87125e-5
1.35282e-5
-4.81169e-6
0.0079633
-0.00293557
-0.00228448
0.000113335
-6.48054e-5
0.00762124
-0.00895121
0.0001681
-0.000149685
0.00579013
-0.00392768
0.00279364
0.000138675
-6.23373e-5
-6.15715e-5
-0.00193407
0.00127088
0.000390762
-0.00025263
-0.000755388
0.000363809
1.19049e-5
-0.00116648
0.000799728
-0.000562404
-0.000513825
0.000726684
0.000801234
-0.00126271
-0.00229364
0.00213518
0.00219913
-0.00234317
0.00153491
0.000733582
-0.00089073
0.000883088
-0.000723041
0.000368541
6.12382e-5
-0.000347724
0.000350399
-8.79515e-5
-0.000376958
0.000932528
-0.00259343
-0.0124004
0.0459371
-0.0487249
0.00992953
-0.00677603
0.00823783
-0.0159469
0.0273845
-0.0358555
0.0349884
-0.0233239
0.00550158
0.0182975
-0.0336396
0.0441681
-0.0401781
0.0628835
-0.0520771
0.0279195
0.0352749
-0.0314469
0.0267139
-0.015925
0.011113
-0.00778536
-0.0251849
0.0245012
-0.0237151
0.00538681
-0.0036107
0.0230953
-0.0194942
0.00320808
-0.00391676
0.00186589
0.0242629
-0.0234811
0.0124007
-0.000784293
0.000673269
0.000666689
-0.0111489
-0.000324621
0.000283619
3.38753e-5
0.023242
-0.019217
0.0144883
-2.2056e-5
1.00622e-5
-0.0112181
0.00500822
-3.94339e-6
1.44215e-6
-2.76097e-7
0.00567603
-0.0199988
0.0459602
6.79945e-7
-3.14613e-6
-1.66216e-6
-0.0929993
0.114154
-0.0883207
1.0459e-5
-0.000152558
0.000209888
0.0819764
-0.0104723
-0.000680674
-0.0101407
0.00190418
0.0273492
-0.00478876
-0.0451928
0.0094625
0.0566746
-0.0145052
-0.0554753
0.0170404
0.0426113
-0.0148415
-0.0255719
0.00810723
0.0117129
0.000888687
-0.00393303
-0.0133001
0.000787551
0.0214135
-0.000140502
-0.0258294
0.0211199
-0.0134662
4.79927e-6
-3.34025e-5
8.69924e-5
0.00688598
-4.93682e-5
-0.00805947
-2.098e-7
3.66534e-7
-2.14792e-6
0.0148545
-0.0186257
0.0188894
1.5937e-7
-1.59927e-7
-0.0145959
0.0139098
-4.19038e-5
-7.90091e-6
1.06566e-6
-0.00826293
0.00236719
0.000828241
-0.000229344
0.000111918
-0.00664832
0.0123077
-0.000477854
0.000317343
-0.00678499
0.00328182
-0.00195717
-0.000142725
8.51418e-5
0.000235367
0.00126727
-0.000785282
-0.00040034
0.000254191
0.000379463
-1.68642e-5
-0.00044309
0.00107276
-0.000784721
0.00057199
0.000750073
-0.000778574
0.0010132
-0.00197143
0.00168102
-0.00133705
-0.000492903
0.000673564
-0.000598675
0.000331577
6.92923e-5
-0.00049897
0.000746392
-0.000659309
0.000260972
0.000288684
-0.00108811
0.00163137
-0.0095573
-0.0215686
0.0278663
0.0113278
-0.0119716
0.0183958
-0.0277419
0.0347032
-0.0334385
0.023024
-0.00655138
-0.0106234
-0.0197115
0.0174392
0.0222769
-0.000639596
0.0169363
-0.0111363
-0.0268312
0.0290698
-0.0222962
0.00810168
-0.00736525
0.00449075
0.022085
-0.0224831
0.021337
-0.00339505
0.0017767
-0.0198374
0.0211081
-0.00137472
0.00272961
-0.00155992
-0.0170369
0.0284674
-0.0136417
0.000783975
-0.000347911
-0.000400067
0.00685447
0.000285854
-0.000263841
2.37563e-5
-0.0121971
0.00585189
-0.00201105
-2.04584e-6
-1.49218e-6
0.00104995
0.00112572
2.15821e-6
-3.27481e-6
-1.62059e-7
-0.00717333
0.0114453
-0.0188312
7.63342e-7
-7.11338e-6
3.06445e-5
0.0300637
-0.000378306
6.55852e-5
-0.0195755
0.000225437
-0.00102558
0.000971213
0.0139429
-0.00784462
-0.00150206
-0.021188
0.00351051
0.0328696
-0.00686883
-0.0414226
0.0107795
0.0408754
-0.0131311
-0.0321057
0.0117258
0.0196218
-0.00656418
-0.00942417
-0.000331759
0.00316822
0.00847658
-0.000620942
-0.0107485
0.0115688
-0.0106755
0.0065577
6.19798e-6
1.61074e-5
-0.00014526
-0.00257315
-0.00199309
0.00996023
-1.06098e-7
1.43224e-7
3.24796e-9
-0.0151908
0.0161644
-0.0124504
-7.11445e-7
1.73519e-7
0.00564986
-0.00570449
3.46923e-5
-5.1876e-6
2.36143e-6
-0.000708567
0.000965105
-0.00528635
0.000375129
-0.000147117
0.00734913
-0.0103448
0.000950858
-0.00062295
0.00262612
-0.00114154
0.00105123
-2.90593e-5
0.000399274
-0.000893728
-0.0006978
0.000490655
0.000313089
-0.000156433
-0.000200283
7.65294e-6
0.000120748
-0.00093756
0.00063109
-0.000450826
4.87069e-5
-0.000222403
-0.000931831
0.000957752
0.0012464
-0.000981455
0.000407643
4.52013e-5
-0.00044207
0.000824034
-0.00102407
0.000890524
-0.000454184
-8.35721e-5
0.000676546
-0.000863694
0.000911385
-0.00666997
0.00990532
0.0114876
-0.0201472
0.00669914
-0.00713168
0.0103237
-0.0141941
0.020317
-0.0246778
0.0248457
-0.015325
0.00222255
0.00595217
-0.0110287
-0.0142005
0.0103143
0.00510999
-0.00715292
0.00388826
-0.010862
-0.0104358
0.0164361
-0.0198884
0.0151045
-0.00300767
0.00389995
-0.00316477
-0.0129098
0.0162275
-0.0154847
0.0032813
-0.00331668
0.0138298
-0.0123713
-0.000375365
0.00265127
-0.0206286
0.0116734
0.000456572
-0.000328575
-0.000243006
0.00225138
0.00030809
-0.000234127
3.08187e-5
0.000724793
0.000106156
-6.54688e-5
-0.00112461
0.000482322
2.95705e-5
-1.10203e-5
0.00143966
-0.00235656
2.68033e-6
5.43881e-6
2.43077e-6
0.00425784
-0.00445527
0.0067437
4.09657e-6
7.31482e-6
-1.35531e-5
-0.0125075
0.00807109
7.9325e-5
-0.00014667
0.0126485
-0.013617
0.00372366
-0.00614517
-8.48488e-5
0.00135654
-0.00145976
0.00152234
-0.00744367
0.00108129
0.011171
-0.00233303
-0.0188196
0.00412124
0.0228066
-0.00652078
-0.0196306
0.008026
0.0140274
-0.00761774
-0.00785172
0.00392395
0.00321491
0.00162179
0.000220088
-0.00501158
-0.000286012
0.00677356
-0.00498011
0.00765296
0.00150295
-2.11625e-6
0.000195164
2.29369e-6
7.03998e-6
-3.48836e-5
-0.00193089
-4.60848e-6
0.000216076
0.00380828
-0.00746488
8.81805e-8
-6.78104e-7
-5.38461e-7
0.0102092
-0.00826419
0.00203258
-2.79416e-7
1.57601e-7
0.00544857
-0.0092315
0.00219692
7.97649e-7
-1.01687e-7
0.00961933
-0.00980477
0.00413498
1.4328e-5
0.00566861
-0.00433018
0.00328778
2.45975e-6
-0.00314895
0.00264966
-0.00160983
1.20618e-5
-8.92522e-5
-3.46534e-5
7.96184e-5
0.000760037
-0.000369941
-0.000199692
9.4214e-5
9.66101e-5
2.06606e-5
-7.88771e-5
0.000610796
-0.000362077
0.000229761
0.000132446
0.000283856
-0.000324445
0.00032568
-0.000292618
-0.000841723
0.000641598
0.000554419
-0.000463551
0.000365887
-0.000548017
0.000167212
1.99211e-5
-0.000468614
0.000663133
-0.000923433
0.00102323
-0.000916599
0.000458526
6.08951e-5
-0.000370941
0.00754219
0.0104548
-0.0172656
-0.0123364
0.00933397
-0.0119356
0.0131657
-0.0125704
0.00673218
-0.000891468
0.00356451
-0.00176591
-0.00365966
0.000702861
0.00827943
-0.00466381
0.00482924
0.00817828
-0.00586884
-0.00669461
-0.000131002
-0.000778867
-0.00905667
0.00687046
0.00896737
0.000273632
0.000605751
-0.0079047
0.00629067
-0.000845317
-0.00138314
0.000856512
-0.00395201
0.00210821
-0.00045742
-0.000404782
0.000314962
-0.000826643
0.000310574
-0.00140433
0.00038265
-0.000224633
0.000223308
0.000780564
-0.000415973
-0.00130141
0.000100696
-0.000116361
9.12848e-5
4.56234e-5
-3.49819e-5
-4.28496e-5
2.06346e-5
0.000318817
-1.64735e-5
3.3449e-5
2.98978e-5
-4.52679e-5
-0.00119287
-2.3481e-6
0.000982992
-5.8884e-5
0.000100887
-0.000243343
0.0321207
-0.0160885
-0.000655081
0.015241
-0.000443009
0.0017048
-0.00124051
-0.00662254
-0.00726795
0.00211165
0.00971117
-0.00215964
-0.00694519
0.00335303
-0.00415447
-0.00385026
0.0066497
0.00351499
-0.00523883
-0.00125249
0.00667106
-0.000862512
-0.00331328
0.00113335
-0.00213228
0.00135698
-3.78971e-5
-1.89269e-5
2.432e-5
0.000127983
-0.000342541
0.000181882
-0.001058
-0.00021467
-0.00266564
2.57773e-6
4.77246e-6
-1.62379e-5
0.00640263
5.40162e-8
-2.8563e-7
-0.0142952
0.0128733
-5.4933e-7
-2.35593e-8
-0.0130012
0.00911821
-7.52901e-6
8.23435e-7
8.31972e-7
5.64267e-7
-0.0055896
0.00334853
-1.03295e-5
7.1268e-6
3.84453e-6
-2.73204e-6
-0.0019396
0.00184813
0.0020361
2.54248e-6
1.42829e-5
-4.23598e-6
-0.000738072
5.6163e-5
1.63533e-6
1.86046e-5
-1.9615e-5
-5.08296e-5
-1.29437e-5
9.89004e-7
0.000134275
-8.09958e-5
0.000110175
-3.71585e-5
2.71891e-5
0.000250321
0.000161685
-0.000166821
0.000177763
-0.000244854
1.48817e-5
-0.000204049
0.0010286
-0.000690098
0.000840078
-0.000809449
0.000637644
-0.000324764
2.80376e-5
8.46917e-5
-0.000178382
0.00824014
-0.0167381
0.00635858
0.0129493
-0.0108704
-0.00466903
0.00504668
-0.00524151
0.00580475
-0.00329597
0.000652664
-0.000466762
0.00111901
-0.000492955
0.000105571
0.000112434
-0.00412989
0.00262915
-0.000682675
0.0112557
0.00148813
-0.00260757
0.0030444
0.00268479
-0.0023149
0.000714486
-0.000122736
6.15949e-5
9.7931e-5
-0.000229231
0.00285727
-0.00436706
-0.00550386
0.0031578
-0.00013083
0.000182236
0.00421253
-0.00207065
-0.00296651
0.000126799
-0.000178089
0.00196206
-0.000340833
0.000110011
-0.000109151
0.000126849
-0.000164457
9.15584e-5
-9.92748e-5
6.95519e-5
1.26128e-5
7.04185e-5
-5.21546e-5
-3.02377e-5
3.27679e-5
-2.18845e-5
5.3916e-5
-0.0002707
-2.3499e-5
1.87441e-5
0.000995244
-0.000284221
0.000300945
-3.71108e-5
5.56345e-5
-4.48251e-5
5.91289e-5
5.37107e-5
2.86538e-5
0.000397423
0.0020418
-0.00274346
4.65922e-5
-0.000135816
0.000189489
0.00958304
-0.0188721
-0.000458528
0.000809194
-0.0536909
0.0482807
0.0151602
-0.000552767
0.0147864
-0.000187754
0.00144012
-0.00197553
-0.00308433
-0.00167382
0.00095356
-0.0102852
-0.00132213
0.0282873
0.00139344
-0.0349348
-0.00138198
0.0222652
0.000568551
-0.0130605
0.000139546
-0.000214552
9.97998e-5
-0.000428482
-5.95746e-6
-5.10424e-5
-0.000230148
-0.000136202
0.000250552
0.00256898
-0.000187477
5.42512e-5
0.000160226
0.000144512
0.000474866
-0.000297474
-1.02511e-5
-1.22074e-5
-7.38294e-6
2.84134e-5
3.20066e-5
0.00181725
-0.00517108
0.00388384
0.00912385
-0.00861923
4.5058e-8
1.82441e-6
7.50348e-7
-3.40732e-6
0.0114475
-0.0100353
5.12728e-8
1.94163e-7
0.00644645
-0.00458702
-5.73836e-8
-1.87866e-7
0.00162083
-0.000992941
-2.22642e-6
9.36322e-7
7.33369e-5
-0.000162003
-8.39323e-6
3.47435e-6
0.000151747
1.00948e-6
-3.58904e-5
2.35647e-5
-8.60259e-6
-2.64175e-6
6.48672e-6
3.40206e-5
5.29403e-5
-2.14986e-5
4.85457e-6
-6.88266e-6
7.53081e-6
-2.71791e-6
-3.68897e-6
-1.39027e-5
2.03063e-5
-6.29192e-5
-9.52855e-5
5.21079e-5
-4.87668e-5
-9.8655e-6
-0.000143029
2.5714e-5
-1.00652e-5
1.62552e-5
-5.41938e-5
4.728e-5
-9.01498e-5
0.000103385
0.000865529
-0.00128334
0.000431293
-0.000572773
0.000595704
-0.000421858
0.000232537
2.75868e-5
-3.16629e-5
0.00432252
-0.0125565
-0.00214418
0.00306235
-0.00415602
0.00324298
0.00246071
-0.00260364
0.00123584
0.0015377
6.34954e-5
4.65127e-5
-7.07273e-6
-0.0038805
0.00416153
0.00494917
0.000330879
-0.000652876
-0.000808365
0.000400098
0.00061218
1.62827e-5
0.00012872
0.00133278
-0.000523391
-0.00113278
-5.14337e-5
2.98594e-5
-2.47517e-5
2.6358e-5
0.000747469
0.00137988
-0.000461551
-1.1021e-5
-2.62284e-5
-0.0010768
0.00029007
1.1894e-6
-1.46811e-5
-2.31527e-5
-1.19729e-5
2.54742e-5
-3.13205e-5
-2.02647e-5
1.31426e-5
3.06185e-5
-2.84066e-5
-2.66494e-5
3.14309e-5
-6.7936e-6
2.6765e-5
2.02832e-5
-2.28347e-5
-0.000127824
5.67871e-5
-4.90001e-5
1.34049e-5
-4.63143e-6
-4.96577e-5
-4.04701e-6
9.87817e-6
5.36589e-6
-3.78126e-6
0.000336673
2.62599e-5
0.000722456
2.63891e-5
-0.000158763
0.000128023
-0.0187836
0.0196633
-0.000102966
0.000584851
-0.0536852
0.0315686
0.0161508
-0.000611117
0.00034641
-0.00491058
5.63922e-5
-0.000718314
0.00101207
-0.0867945
0.0728592
-0.000617918
0.0543887
-0.000285187
0.000585448
-0.000315299
-2.38812e-5
-6.40249e-6
-1.43768e-5
-0.000994287
-0.00496391
-0.000637907
0.00350207
0.0164187
-3.1659e-6
0.000304933
-4.14321e-5
2.99237e-5
-0.000319896
0.00129155
-0.00166543
-9.0841e-5
-9.35267e-5
0.00419981
-0.00723836
3.28805e-6
1.46652e-5
0.00962918
-0.0104603
-0.00654932
0.00657651
8.51193e-8
-1.09335e-6
-5.80709e-7
1.51926e-6
0.00537415
-0.00516983
0.0033369
-2.62156e-8
0.0024229
-0.00174158
0.00131477
-6.74998e-8
0.000261898
-0.000111358
0.000204806
-9.88933e-8
-5.78509e-5
2.58274e-5
-1.36175e-6
-1.71215e-5
-4.03603e-6
-9.61745e-7
-1.03211e-6
-8.19044e-9
8.00148e-8
7.52549e-7
1.05177e-6
6.01174e-6
1.85058e-6
-4.45636e-6
-1.13122e-5
3.1266e-6
-1.39939e-5
1.07617e-5
-1.07647e-5
9.01203e-5
9.87295e-6
-0.000235794
-0.000343132
-3.20003e-5
9.17784e-5
-0.000145053
9.41087e-5
-4.89434e-6
2.10492e-5
0.000316632
-0.000629778
0.000796842
-0.000503275
-0.000127945
0.000184741
-0.000108729
-0.00260767
-0.000686872
0.0023227
0.00112946
-0.00116888
-0.00103662
9.89237e-5
-0.000297981
-0.000368102
-0.000978389
8.68542e-5
-0.00102611
-0.00187537
0.0014295
0.00090778
-0.00017632
0.000105891
0.00014058
-0.000194474
-1.83915e-5
1.27225e-5
-0.0001926
2.11565e-5
-3.56942e-5
6.23202e-6
-2.08819e-5
0.000312272
0.000154934
-3.30399e-5
0.000366256
-9.80049e-5
-2.82422e-6
7.09093e-6
-0.000211659
4.29506e-5
0.000106625
8.64669e-6
4.52035e-6
-3.78533e-6
-2.05487e-5
0.000169767
-6.9161e-5
9.92028e-7
8.79049e-7
-3.95243e-5
2.40373e-5
2.18809e-5
-2.61239e-7
-5.45205e-6
9.62232e-6
-7.60825e-6
1.45239e-7
-4.96504e-6
2.02783e-6
-9.91103e-6
1.07481e-5
-3.03075e-6
1.94872e-6
2.08924e-5
-4.23295e-6
-8.61514e-6
1.10166e-5
8.62803e-6
-6.9039e-6
2.3931e-6
-1.42495e-5
2.85523e-5
3.14981e-6
-1.75648e-6
-0.000117994
1.25138e-5
-4.06068e-7
-4.65873e-6
-4.60809e-5
0.000365917
1.95006e-6
-9.78173e-6
-0.00476564
0.0014352
4.63578e-5
-0.0045366
-1.71357e-5
-3.89719e-5
4.48928e-5
-0.015676
0.00941946
-8.63416e-5
0.000313334
-0.0138408
0.00803425
-2.06643e-5
-0.000276928
0.00227202
0.012413
-0.000274093
-0.0175858
0.000298691
-0.00028475
-0.0776501
0.000252032
7.24081e-5
-2.94471e-5
-2.5348e-5
8.19356e-5
0.0187967
0.0286874
-0.0264139
-0.0123987
0.00620691
-0.0272563
-0.0645635
-1.60677e-5
-0.00196529
1.85298e-5
0.000820942
-1.90367e-5
3.19098e-5
-0.000133598
0.000235432
0.000361864
-0.000739146
0.000245169
0.000190289
-0.000574452
-0.000534804
0.00142963
-0.00265671
-0.0020674
0.00424808
-2.14413e-5
-5.67739e-5
9.16169e-5
0.000189608
-0.00525856
0.00275771
-4.98699e-7
-5.26692e-6
-0.00190577
0.0016578
-8.67845e-9
3.01177e-7
-9.14361e-8
-1.98931e-7
-0.000503637
0.000445566
6.90558e-9
5.97843e-8
2.95746e-8
-1.08853e-7
0.000165727
6.41848e-6
7.90857e-9
1.45614e-8
1.40708e-8
-2.55357e-8
2.6047e-5
-1.21328e-5
-1.17154e-5
-1.90281e-7
-1.10549e-7
6.26438e-8
2.5461e-6
1.97514e-7
1.2603e-8
1.7719e-7
-1.69045e-7
-3.81536e-7
-9.5086e-7
-3.02442e-7
2.3162e-8
-7.46468e-8
5.78642e-7
7.72385e-7
-1.27871e-6
-3.72956e-6
6.25393e-6
-1.09765e-5
-4.64852e-6
7.94114e-7
-8.84804e-6
1.83247e-5
0.000303344
-0.000120365
-4.8751e-5
-0.000252857
0.00014164
0.000363377
1.05792e-5
-0.000163627
0.000479643
-7.4605e-5
-0.000354272
0.000245302
9.73625e-5
-5.47653e-5
-0.000321624
0.000266597
5.69811e-5
-2.66372e-5
0.000361695
0.000339402
2.67415e-5
0.000359837
-0.000610076
9.55314e-6
-0.000180462
-2.50643e-6
1.79592e-5
-0.000124891
1.88063e-5
-9.77092e-6
-8.6542e-5
2.71353e-5
5.0861e-5
-5.40364e-6
-4.22878e-6
-5.32497e-5
8.42161e-6
-4.52241e-5
8.89263e-5
8.72575e-6
-1.73834e-6
1.78768e-5
-2.09651e-6
-1.54692e-6
1.00454e-7
-1.87336e-6
1.35836e-5
-3.6478e-6
-1.16692e-6
-1.11219e-5
-1.71028e-6
9.91341e-8
4.93889e-7
-6.2615e-6
2.12512e-6
-9.91954e-8
-1.15758e-7
8.39745e-7
6.07054e-6
-7.34226e-7
1.34523e-6
1.48268e-6
3.33675e-7
-2.44009e-6
3.37138e-6
2.00127e-6
-1.17229e-6
-3.06811e-6
3.16313e-6
1.80993e-6
-3.91237e-6
1.99317e-7
6.97244e-7
-1.49575e-6
1.54651e-6
-2.4331e-6
5.78813e-7
-1.21836e-6
5.39299e-7
-4.66366e-6
3.44224e-5
5.1077e-7
-6.52516e-7
-0.00024925
6.18039e-5
1.14689e-6
-1.421e-6
-0.00021932
0.000303492
-2.53197e-8
-1.00739e-6
0.000593589
0.000375074
1.51214e-5
-1.78242e-6
-0.00263876
1.09255e-5
1.46129e-5
8.84276e-6
0.0262231
-0.011062
5.81309e-6
-1.35942e-5
0.0999685
-0.0814136
-5.89615e-6
8.91836e-6
0.0734084
-0.0778274
0.047821
3.04894e-5
-8.87886e-5
0.0533179
-0.0366012
-4.32482e-6
0.0207677
1.63384e-6
-0.00878057
-2.00322e-6
9.94297e-6
1.68516e-6
-2.7653e-5
6.40138e-5
6.09159e-5
-0.000156249
0.00123188
0.000855022
-0.00219208
-0.00165937
0.000264754
-0.000655618
-0.000344749
0.000895645
-0.000319505
-0.000543868
0.000949491
0.00136505
-0.000857853
0.00203355
0.000575352
-0.000531796
5.04244e-6
2.91182e-5
-2.93701e-5
-0.000127555
-0.00117664
0.00111579
-0.000773471
4.80648e-7
-0.000793193
0.000640117
-0.000523964
6.61537e-7
-0.000170481
0.000129035
-0.000182608
1.25319e-8
2.20387e-5
-1.06958e-5
-2.02174e-6
3.08976e-8
1.33252e-6
-2.66547e-7
-6.55068e-7
1.25811e-7
-1.39061e-7
1.86858e-7
5.99145e-8
1.14261e-8
2.52756e-8
4.94216e-8
-1.34134e-7
-1.29237e-7
3.59383e-7
1.11864e-6
-1.25261e-6
4.42101e-7
-1.03501e-7
-1.35854e-6
4.72297e-6
8.67244e-7
4.27127e-5
-0.000106963
-4.49822e-5
1.44107e-5
1.39314e-5
2.47807e-5
1.55389e-5
-0.00021598
1.06398e-5
0.000283134
7.40006e-5
-0.000583849
7.70283e-5
0.00083161
-0.000741907
-0.000541351
0.000500752
-0.000300274
0.000193596
-0.000106079
-0.000192112
2.09752e-5
4.9996e-5
-2.86473e-6
-9.1054e-6
3.46172e-5
5.78811e-6
-6.69032e-6
1.53988e-6
-5.55094e-6
-5.60739e-6
-1.48189e-6
4.43731e-6
-4.00791e-5
7.59004e-5
-7.39218e-5
3.24027e-6
1.87394e-6
-1.08224e-7
-4.74389e-7
2.25885e-7
-2.83267e-6
6.00255e-7
-2.36932e-6
3.66697e-6
7.1685e-7
-1.536e-7
1.11311e-6
-1.95771e-7
-6.7753e-8
-1.6045e-7
7.22295e-7
-6.79095e-8
-1.79158e-7
8.497e-6
-1.88663e-6
2.05207e-8
1.6909e-7
-3.3812e-6
8.48875e-7
-1.81038e-6
7.99359e-7
9.48249e-8
-2.09997e-7
3.42169e-7
-1.21286e-7
-1.47477e-7
-5.22054e-8
7.51863e-7
-1.18264e-6
3.69559e-7
-9.33887e-9
4.44981e-7
-1.71624e-7
1.12096e-6
-1.34375e-6
-2.50039e-7
1.16852e-7
-8.27787e-8
7.64191e-7
-6.00624e-7
-3.33798e-7
2.14166e-6
-3.08886e-7
1.99327e-7
-1.24164e-5
2.61739e-6
-1.08313e-7
5.21257e-8
-9.53141e-6
2.48071e-5
4.2164e-8
-6.80867e-8
-4.73445e-5
1.76757e-5
4.5135e-7
-2.27786e-6
-0.00011754
0.000346635
3.36689e-8
1.84941e-7
1.77832e-6
-3.10276e-6
0.00189516
7.93789e-5
-0.00106385
5.0388e-5
0.000781551
-6.31186e-6
-2.54127e-6
0.00583436
-2.65495e-6
2.3401e-6
-8.20293e-6
-1.30237e-6
5.00128e-7
3.16532e-6
-3.6843e-6
-6.37999e-6
1.43965e-5
-0.00115729
-0.00308772
0.00243596
0.00340601
-0.00506784
0.00348149
0.00691765
6.61682e-6
-2.2319e-5
3.10275e-5
-9.55318e-5
-3.66448e-5
0.000118569
-0.00245053
-0.00302282
0.00549861
0.00578196
-0.00011964
0.000336002
0.000136703
-0.00031527
0.000134005
0.00045864
-0.00050573
-0.00140084
0.000529333
-0.000402949
-1.96428e-7
-5.02242e-6
8.54045e-6
2.42561e-5
0.000257291
-0.000201698
-2.67136e-8
-3.26682e-6
-9.49198e-7
5.5374e-6
-1.03428e-5
-1.70865e-5
-1.28558e-7
8.78019e-8
7.4349e-8
7.96037e-7
-3.18205e-5
6.19334e-6
-3.73645e-8
-4.70349e-8
7.36519e-8
2.5431e-7
1.48316e-6
-6.06616e-7
-1.66775e-8
-1.25731e-8
3.6268e-8
-9.6498e-8
-2.80349e-8
1.67091e-8
-6.10785e-7
1.79812e-6
6.74498e-7
-1.92603e-7
-5.17124e-8
9.93456e-8
2.38468e-7
8.19184e-8
-7.49496e-6
2.88886e-5
-2.24891e-6
2.28038e-6
2.78311e-6
-4.04238e-6
2.58911e-6
-7.39613e-6
1.04515e-5
2.62915e-6
-0.000296336
0.000663647
-0.000364382
0.000297251
-0.000230891
0.000117025
-7.72622e-5
0.000207869
-0.000541677
0.000900975
-0.00123437
0.00105417
-2.05065e-5
-2.79681e-6
4.24462e-6
-7.84336e-6
-5.81954e-6
1.33716e-6
2.32023e-6
-1.61539e-6
6.78718e-6
7.94577e-7
2.76945e-5
1.58835e-6
4.72762e-6
-1.04067e-6
1.18481e-6
2.57177e-6
4.54535e-7
-1.01869e-6
1.57469e-6
-6.64284e-7
-1.29747e-6
-3.63172e-7
1.17279e-7
-5.71776e-7
3.48462e-7
-1.3605e-6
-3.28571e-6
4.22181e-8
4.17908e-8
-5.08646e-8
3.52413e-8
-1.93962e-7
7.55165e-8
-1.55865e-7
1.6545e-7
8.94162e-8
-1.64799e-8
3.85569e-7
-6.97662e-8
-7.39251e-8
5.38061e-8
-4.78305e-8
-1.21635e-8
3.41138e-8
-4.22312e-10
-1.91542e-7
-1.80669e-7
2.13015e-7
-2.73726e-7
-1.19343e-7
1.16673e-8
3.3107e-7
-3.55204e-7
-1.46113e-7
4.58903e-7
1.97269e-8
1.11729e-7
1.16762e-7
-1.72096e-7
-6.04822e-7
1.1474e-7
1.16729e-7
-7.21612e-8
-3.7823e-7
1.14527e-6
-3.53065e-8
2.16452e-8
-3.59005e-6
8.06909e-7
3.78332e-10
-4.91053e-8
-4.39922e-6
2.04681e-5
9.11551e-9
-1.18695e-9
1.13351e-5
-3.46594e-5
-1.73948e-9
-4.55385e-7
-0.000239582
1.46672e-6
-0.00365212
-3.60993e-8
-2.53944e-7
-4.2806e-7
1.16345e-6
-0.0162819
0.00971505
-0.00591714
0.00330656
4.74941e-8
-5.43066e-7
-0.0177528
0.00533149
0.0403382
-2.95999e-7
1.74944e-6
0.0136429
0.00225907
-0.0313597
-5.42306e-7
1.29277e-6
-0.0067367
-0.0116574
0.0223011
-1.69612e-7
-2.16341e-8
0.00209536
0.0161115
-0.0137016
2.6911e-7
-8.4638e-7
0.00216457
-0.0124463
3.71403e-7
-9.55194e-7
4.45073e-7
2.18582e-6
-8.68898e-6
-2.43708e-6
1.01154e-5
-0.0104707
-0.00840487
0.0171764
0.0132417
-1.19915e-5
3.92928e-5
1.75143e-5
-5.36871e-5
0.0016192
0.0036924
-0.00446518
-0.00840378
8.16725e-5
-0.000200996
-5.76034e-5
6.37047e-5
-3.32639e-5
-9.9561e-5
9.43205e-5
0.000376595
0.000138862
-0.000154145
9.49088e-5
-1.42886e-5
7.27435e-5
-7.93988e-5
7.77645e-5
-2.15158e-6
-6.89541e-6
-6.75139e-6
1.09766e-5
-1.11325e-6
-2.80901e-6
8.44431e-8
5.87643e-7
-3.86377e-8
1.2493e-7
-5.09685e-7
-2.29299e-8
-4.50359e-7
-3.38848e-9
-2.15129e-8
2.75336e-8
-1.89461e-7
-4.37603e-6
8.98367e-6
5.16999e-6
-2.06817e-6
-6.57534e-7
3.03796e-6
-6.05171e-7
4.05525e-6
-8.20301e-5
0.000195098
2.44589e-5
-3.40015e-6
9.0095e-6
-6.35156e-5
0.000185823
-0.00029527
0.000174044
0.000461872
-0.000358183
-0.00079591
0.000703827
0.00115323
-0.00102505
-0.00128432
0.00110025
0.000932376
-0.00104631
0.000796707
-0.00078423
0.000598327
-1.20401e-5
1.34419e-6
3.16542e-6
-1.02409e-6
-1.59641e-6
1.72905e-7
-4.77399e-8
-8.12555e-7
-4.8477e-7
3.7785e-7
-1.06491e-7
1.93712e-7
2.76584e-7
-9.62675e-7
3.89641e-7
2.70168e-6
7.50109e-7
-3.4434e-7
-9.1106e-8
1.12333e-8
-4.01258e-8
-2.04189e-8
-1.77276e-9
-5.65186e-8
3.4591e-8
-4.97885e-8
1.0578e-7
-3.27915e-10
4.15434e-9
-2.92102e-9
4.48686e-9
-1.85561e-8
-1.42977e-8
1.1835e-8
1.9057e-8
-5.59408e-9
-7.92225e-8
6.34721e-9
6.76392e-9
-7.15092e-8
6.59406e-8
-7.8424e-9
3.61025e-8
5.56879e-8
-6.69394e-8
-5.47115e-8
-1.34569e-8
-1.01384e-9
8.79047e-9
9.56405e-8
-1.25516e-7
2.11582e-8
1.02922e-8
-7.59482e-9
-4.16315e-8
3.74122e-8
-4.30188e-8
6.02241e-9
4.05217e-8
-8.57966e-9
5.00289e-8
-2.3363e-9
-2.19715e-8
-1.46875e-7
2.63464e-9
7.17415e-9
-9.60232e-9
-2.13255e-7
1.00009e-6
-1.97256e-9
4.11803e-9
-5.31612e-6
2.73306e-6
-6.82846e-10
-1.1801e-8
4.58074e-8
3.09503e-5
0.000213639
5.2475e-8
0.000866202
-0.000194064
-7.38716e-9
-1.55911e-8
-5.55669e-5
0.000212839
6.68017e-8
1.16374e-7
-0.0014437
3.2581e-8
3.84631e-8
1.65237e-7
1.24628e-7
-1.31535e-7
-1.44095e-7
3.31622e-7
-1.86326e-7
4.56476e-7
-1.31651e-6
0.0204036
0.000708327
-0.0100577
-0.0232097
-0.00685339
0.018125
4.41599e-7
-1.24539e-6
3.90133e-6
8.9616e-7
-5.02084e-6
0.0107358
0.0163837
-0.021215
-0.0269474
7.49305e-6
-2.20062e-5
-5.07921e-6
4.52832e-7
-0.000243378
-0.00124135
0.00044247
0.00365713
2.35456e-5
-2.87831e-5
3.2331e-6
-3.30024e-6
6.85377e-5
-0.000189874
6.14111e-5
-6.01566e-5
4.47988e-5
-2.15107e-6
1.63583e-5
-3.94709e-5
2.48016e-5
-2.80079e-5
3.01976e-5
-9.13608e-7
7.61026e-6
-1.87728e-5
-3.05497e-6
-1.9607e-6
1.53399e-6
-3.12995e-7
2.75398e-6
-7.75856e-6
-3.81063e-7
-3.88058e-7
1.35615e-7
9.6773e-8
2.11758e-6
-5.9729e-6
-7.2892e-7
-2.09251e-6
4.98392e-8
-2.45696e-6
1.68987e-6
-8.60993e-6
-1.58479e-5
2.79035e-5
1.5053e-5
-1.06894e-5
-1.17161e-5
1.30478e-5
7.97052e-6
-3.31897e-6
-4.30367e-6
-0.000268804
0.000536239
-0.000616248
-0.000170008
0.000144402
-0.000410017
-7.19212e-5
0.000285579
-0.000421434
0.000696833
-0.00103909
0.00123956
-0.0011215
7.10247e-7
8.66066e-8
-5.73221e-8
1.909e-7
2.43327e-7
1.70769e-8
-1.54828e-7
-7.29692e-7
-1.2559e-6
2.95074e-8
-2.04445e-7
4.59933e-7
-1.61732e-7
2.8924e-8
-2.76967e-8
-9.00533e-8
-4.75244e-8
5.29103e-8
-8.98749e-9
2.23751e-8
-7.4725e-9
6.64983e-9
-1.06857e-7
3.38024e-8
1.6314e-7
-2.35639e-8
1.07321e-7
-5.62932e-9
-3.53702e-10
-5.72653e-10
-1.62989e-9
-1.05473e-8
-6.62449e-9
1.61558e-9
-1.58652e-8
-6.27116e-9
-7.47621e-11
6.13774e-10
1.30542e-9
9.14117e-10
3.32044e-9
-2.02118e-8
7.31833e-9
-3.1284e-9
-1.39072e-8
1.24736e-8
-1.49216e-8
-1.78465e-8
5.48301e-10
3.74315e-9
5.36625e-9
2.58461e-8
-3.76666e-8
1.42516e-8
1.98104e-9
-1.56771e-9
1.55958e-9
8.45672e-9
-1.56542e-8
1.18389e-8
9.53255e-9
-6.80896e-9
-2.08042e-8
-6.40471e-9
-2.84856e-8
2.72823e-8
-2.43561e-8
1.53263e-8
3.9852e-8
2.12377e-7
-4.45122e-7
-5.1786e-10
1.34886e-8
-7.9455e-9
6.95949e-9
-8.51851e-10
-6.70122e-7
-1.8823e-5
1.31805e-9
-7.44441e-5
1.01443e-5
2.0509e-9
4.53026e-10
3.94126e-5
-4.31906e-5
3.49695e-9
8.70554e-9
-3.47851e-8
-8.35202e-5
0.000357627
1.00692e-8
-2.30123e-8
0.000720463
0.0013211
2.58712e-9
-6.08361e-9
-0.0100506
0.00410796
7.55805e-9
-3.86413e-8
0.0270896
-0.0164131
1.72593e-8
-5.29881e-8
-0.0423897
0.0287977
1.29485e-8
-3.50212e-9
0.0381893
-0.0298758
-3.09346e-8
7.5389e-8
-0.0175978
4.72395e-8
1.02811e-7
-2.06313e-7
4.20627e-8
-1.40498e-7
4.15306e-7
-0.0445791
-0.0356685
0.0356272
0.033621
0.0511509
0.0200334
1.01328e-7
-3.0105e-7
-1.08965e-7
6.98033e-7
-1.50251e-6
-6.77561e-7
-0.000133529
-0.0112953
0.0224545
2.66946e-6
-3.11164e-6
-2.00536e-6
3.2182e-5
0.000602971
-0.00149005
1.19695e-5
-1.21044e-5
7.05095e-7
-3.16698e-6
0.000123322
-0.0003621
2.38596e-5
-2.16414e-5
1.79124e-5
-9.13442e-7
4.95634e-5
-0.000127276
7.59521e-6
-6.80325e-6
9.59178e-6
1.46785e-7
1.81542e-5
-4.72157e-5
4.94149e-7
1.28902e-7
-4.56941e-7
4.94674e-7
4.72663e-6
-1.63986e-5
1.97675e-7
1.95352e-6
-4.56657e-6
-1.13034e-6
3.84959e-6
-3.59541e-7
1.49715e-5
-1.34723e-5
7.55629e-7
1.26902e-5
-1.34619e-5
-5.52642e-6
4.27534e-5
-3.60696e-5
0.000173696
6.67253e-5
-0.000170341
-0.000108026
8.0249e-5
-5.13155e-5
-4.17502e-5
0.000445073
-0.000593062
8.72955e-5
-0.000278843
0.000215418
0.000198779
-0.000268364
-0.000319464
0.000147571
0.000571429
8.73259e-5
-0.000791787
-0.000156611
0.000787293
0.000144458
-1.21362e-7
1.26443e-7
-5.32701e-9
-2.75007e-9
2.48335e-8
2.96428e-8
-3.20651e-9
-1.23748e-8
6.86299e-9
-5.71866e-8
-8.34352e-9
1.96421e-8
-5.97087e-9
-2.27174e-8
2.07637e-9
-8.54811e-10
-4.83095e-9
-9.8826e-9
-6.69812e-9
4.27698e-9
5.88564e-10
-9.17099e-10
-6.58329e-12
1.42666e-9
-5.40907e-10
1.46507e-9
2.8052e-9
4.66453e-9
-1.20805e-9
1.94071e-9
-4.83686e-11
-3.93589e-10
-3.68089e-11
-2.22407e-10
1.73387e-9
-5.64133e-11
-4.4572e-9
-1.83418e-9
-5.27128e-11
-4.11823e-10
1.87557e-10
1.13455e-9
-2.24647e-9
2.617e-9
-2.41004e-9
-5.50214e-9
-1.0421e-9
6.86477e-10
-7.09287e-10
5.868e-9
-1.02456e-8
5.7791e-9
2.47878e-9
1.13203e-9
-3.73008e-9
1.63275e-9
-3.73655e-9
6.7788e-9
1.17944e-8
1.05472e-8
4.33083e-9
-5.40541e-9
-2.65544e-8
3.25962e-8
-3.03277e-8
3.07412e-8
-3.48105e-8
-1.78259e-8
-9.26427e-8
9.52361e-9
2.7668e-8
-1.05107e-10
1.87821e-8
-1.74811e-8
1.71694e-8
-1.46799e-8
7.55094e-7
-6.97813e-7
3.99438e-6
-4.5091e-6
1.20074e-5
2.28667e-9
3.282e-10
-1.25876e-9
5.01349e-10
-1.43636e-9
-2.51461e-5
0.000245591
1.74856e-9
-4.75872e-9
0.00015889
-0.000499675
-7.56897e-10
0.00504469
-0.00198888
2.908e-11
1.67316e-10
4.31231e-10
-1.78048e-9
-0.0195373
0.0270241
-0.0119052
0.0136905
1.12523e-9
-4.61429e-9
0.0348978
-0.0432352
-0.0321487
2.13254e-9
-6.34801e-9
-0.0447009
0.0600887
0.0510005
-2.64577e-10
4.59803e-9
0.0412492
-0.0492142
-0.0404231
1.06219e-9
-5.70784e-9
7.70968e-9
-0.00079971
0.0108827
1.34142e-8
-4.21588e-8
-0.0352118
-2.07038e-8
-1.22285e-8
1.92312e-8
-5.63263e-8
8.76099e-8
8.67854e-8
0.0133506
0.0430995
-0.0297376
-0.0127439
-0.0611526
4.27142e-8
-1.23823e-7
4.44421e-7
-7.87084e-7
-3.35464e-7
-0.00103042
-0.0020825
0.00420523
0.00129492
0.00808495
1.34873e-6
-1.21637e-6
-1.02794e-6
0.000105436
0.000122356
-0.000655519
4.52498e-6
-3.43634e-6
3.69391e-7
4.32798e-5
3.10944e-5
-0.000116032
7.0995e-6
-1.54769e-6
5.60067e-6
1.63732e-5
1.11831e-5
-4.89669e-5
-2.24987e-7
8.07269e-6
-5.56663e-6
5.50754e-6
2.58997e-6
-1.71885e-5
8.3159e-6
-2.88054e-6
-1.41815e-6
-3.62742e-5
2.41254e-5
7.02405e-6
1.58838e-5
-1.18379e-5
-1.74662e-6
-5.37646e-6
-2.67318e-5
1.36109e-5
-2.46728e-5
0.000193054
-0.000141993
2.43623e-5
-0.000131669
0.000133319
-4.20221e-5
5.52853e-5
-0.000449442
0.000475739
-0.000371349
0.000581959
0.000261864
-0.000715843
0.00126405
-0.000790779
-0.00134567
0.000894898
0.00152352
-0.000746324
-0.00080718
0.000574119
-0.000351517
0.000689119
-0.00044789
-0.000557014
0.000408888
0.00029226
-9.39025e-10
8.20928e-9
2.09568e-9
6.5483e-11
-2.72043e-9
5.1089e-10
3.05459e-9
3.30335e-9
-9.49338e-10
3.28349e-10
-3.44977e-11
-7.03713e-10
4.72259e-10
-2.83582e-10
-1.49509e-11
8.38129e-10
-8.14813e-10
3.93847e-12
3.88433e-10
-9.68476e-11
1.45167e-10
7.40806e-11
1.45239e-11
-3.05303e-10
3.12697e-10
5.25667e-10
3.28675e-11
2.05407e-10
-6.0243e-11
-2.64154e-11
-1.23332e-10
-3.41611e-11
-2.42376e-10
-1.70728e-10
-1.68295e-9
-3.41545e-10
1.56181e-10
1.35057e-11
3.58337e-10
-6.51122e-10
1.59908e-9
1.02605e-9
-1.35457e-9
1.36379e-9
-3.41516e-9
-4.81607e-9
-6.16768e-9
1.86623e-10
-1.04587e-9
8.13283e-10
3.30078e-9
1.75272e-8
-6.8514e-8
3.6826e-9
-1.22797e-8
2.42135e-8
-2.32882e-8
2.94336e-8
1.80523e-7
1.56016e-7
1.03838e-7
-2.61592e-7
-1.26113e-7
-8.90407e-10
1.3939e-8
-1.79343e-8
1.75735e-8
-2.07659e-8
6.07565e-7
6.23161e-7
2.52417e-6
-2.63214e-6
-2.21306e-6
2.74653e-9
4.08513e-10
-1.30955e-9
4.40613e-10
-2.75408e-10
1.44998e-5
6.67098e-6
0.000104657
4.9927e-5
2.24377e-10
-6.6977e-10
-0.000670773
-0.000832144
0.00277789
6.6462e-11
3.13098e-11
-8.99139e-11
-6.70353e-11
0.000337112
-2.552e-10
-6.60133e-10
-2.42021e-10
-1.96694e-10
-1.2439e-10
4.80469e-10
-1.59918e-9
-1.0249e-9
3.90844e-9
0.00963845
-0.023777
-0.00670104
-0.03077
0.0653921
0.0403909
1.52759e-9
0.0388746
-5.92065e-9
1.5907e-9
1.64274e-9
-1.18935e-8
-3.33097e-10
0.00604801
0.0081146
-0.022454
-0.00724417
-0.0217496
4.99804e-8
-5.54211e-8
2.05549e-7
-4.14677e-7
-1.22636e-7
-0.000635931
0.000302915
0.00166445
0.000534035
0.0017617
3.26518e-7
-6.46953e-8
-5.65971e-8
6.79053e-5
-8.32485e-5
-5.25649e-6
-2.98958e-7
2.23213e-6
-5.10066e-7
2.24e-5
-1.74842e-5
6.73689e-6
-6.95438e-6
1.92538e-5
-1.55311e-5
6.39506e-6
-4.71815e-6
7.64028e-7
1.19481e-5
-2.64547e-5
3.76213e-5
-0.00012772
0.000115181
9.46013e-6
5.2463e-6
-4.09461e-6
4.93697e-8
-1.15839e-6
-9.2329e-5
0.000114542
-0.000185957
0.00052418
-0.000349362
-7.92972e-5
-8.99458e-5
6.80812e-5
-1.51228e-5
2.44253e-5
0.000555736
-0.000345848
-0.0003029
0.0001521
-9.34778e-5
0.000260637
0.000249085
0.000104911
-0.000676665
0.000641201
-0.000506876
0.000679476
0.000203519
-0.000298498
-0.000590678
0.000995639
-0.00111784
0.000707271
-1.11482e-10
-7.0075e-10
-1.42746e-9
-5.52822e-10
-1.91599e-10
4.15422e-10
-1.40554e-10
8.47514e-11
1.11057e-10
4.20037e-10
4.0519e-10
-6.58363e-11
-7.47257e-11
2.1781e-11
-5.32778e-11
-9.33237e-11
2.86136e-10
-3.36786e-10
-7.92822e-11
-2.3019e-10
-1.09807e-9
-1.88627e-11
3.3992e-11
5.88919e-11
1.26741e-10
3.84414e-12
3.68257e-10
1.8827e-10
9.25558e-10
-3.47681e-11
9.08463e-10
-8.80068e-10
-1.02802e-9
7.5853e-10
-1.23011e-9
-6.08488e-10
6.27167e-10
-8.17357e-10
-2.2233e-10
-8.59001e-11
-7.73411e-10
2.59178e-10
2.13534e-8
-1.55111e-8
-2.51777e-9
2.87635e-8
3.78891e-11
-1.15531e-9
-1.10934e-7
-4.11297e-8
3.34128e-8
1.42613e-9
-4.06734e-9
1.49042e-8
-9.04927e-8
-8.2778e-7
-6.21468e-7
-1.63044e-7
3.02295e-6
-9.14846e-10
2.22781e-9
-8.34969e-9
8.36208e-9
-1.57511e-8
-2.56345e-6
-1.98537e-5
1.74734e-7
-1.18538e-5
2.07277e-5
-1.61119e-9
9.05061e-10
-1.78707e-9
6.26257e-10
-3.52936e-10
4.13156e-5
-0.000234066
-0.000146534
4.39372e-6
-1.05872e-10
5.47962e-11
9.52269e-5
0.000475267
-0.0012198
-6.03921e-10
-9.47913e-11
7.71398e-12
-1.53718e-11
5.1577e-11
0.018697
-0.0411238
-0.0152876
0.00141575
-4.72008e-11
1.697e-10
-0.0262379
0.0393714
-6.75705e-11
1.85528e-10
0.0461987
-0.060764
3.39554e-11
-0.0463003
2.26346e-11
-5.72673e-11
1.83515e-10
-7.59279e-11
-6.03637e-10
1.01401e-9
0.00335761
-0.00740761
0.00593925
-0.0127864
0.0339456
0.0169683
1.69575e-9
0.0119585
-2.46269e-9
2.97992e-9
6.75769e-9
-1.29049e-8
-8.5746e-9
0.00137386
0.000388854
-0.00503894
-0.00118974
-0.00467406
2.54837e-8
-3.49252e-8
6.07883e-8
-1.34711e-7
-9.47637e-8
-0.000104642
0.00025482
0.000149786
3.01198e-5
-4.64658e-5
4.15547e-7
-1.4622e-6
8.61359e-7
-1.38573e-5
1.86541e-5
3.81049e-6
-7.67381e-6
-3.49518e-7
-2.31075e-7
-5.71064e-7
5.5214e-6
-5.84552e-5
0.000138019
-0.0002698
0.000167858
6.25305e-6
-8.80757e-7
4.18469e-7
-2.51046e-7
1.19753e-6
-0.000187563
0.000372189
-0.000591802
0.000989898
-0.000756297
-5.66003e-5
-1.25004e-5
4.15113e-6
-8.56813e-8
-6.1377e-6
0.000851154
-0.000574416
-0.000599271
0.000665954
-0.000887298
0.00163854
-0.00103816
-0.000267362
-0.000293056
0.000220111
-0.00023997
0.000328011
6.64905e-5
-8.91307e-5
0.000845712
-8.60219e-5
-0.000437474
-0.000273591
4.11826e-5
0.000471285
-0.000139325
-0.000140272
2.03358e-10
-7.02062e-11
-1.60433e-10
-3.26691e-11
-1.56095e-9
2.10327e-9
-5.71459e-10
1.44959e-9
-2.08292e-9
-1.80715e-10
-3.47696e-11
8.71551e-12
-1.75565e-11
3.53726e-12
4.57478e-11
-4.96031e-10
-2.68763e-9
4.53896e-9
-7.71278e-9
1.71123e-8
-3.1465e-9
3.49668e-12
-4.77237e-11
5.8802e-11
1.04675e-9
-2.74851e-9
6.14243e-9
2.52693e-9
1.54349e-9
1.70018e-9
5.66494e-9
-7.05966e-9
3.73619e-9
5.3634e-9
-4.62393e-9
3.3507e-8
-1.94192e-8
1.20456e-9
1.43282e-9
-1.08831e-8
-7.86646e-9
-9.77885e-8
1.88867e-8
2.36201e-7
3.83164e-7
2.30833e-9
1.50433e-9
-6.79069e-9
-9.05006e-9
-3.58878e-7
-7.0023e-7
-3.16069e-9
1.60685e-6
-1.21667e-8
-8.68319e-10
1.86734e-6
-4.55942e-6
-7.57699e-6
6.14212e-9
-2.91906e-10
-2.51116e-9
5.07134e-5
2.98732e-5
5.80843e-5
-8.4797e-5
6.82633e-9
-0.000125888
-1.81425e-9
1.1076e-9
-5.33641e-10
0.00060334
-0.00180016
0.000334443
-0.000225014
-2.06069e-9
1.14526e-9
-0.00114884
-0.000561399
-1.19826e-9
0.00459486
7.95522e-10
-2.54831e-10
7.34027e-11
0.0697224
-0.0677642
0.0127542
-0.028921
-1.56097e-12
9.63742e-12
-0.00421968
0.0129002
1.7068e-11
-6.32627e-12
0.0194799
-0.0307761
3.49482e-11
-0.0240581
-1.20444e-10
1.30475e-10
5.90583e-10
-1.72363e-9
3.86729e-10
0.00169497
8.22283e-5
0.00227411
-0.00467552
0.0173115
0.00557072
2.8794e-9
0.00228099
-1.07041e-8
-1.30104e-8
2.59826e-8
2.32071e-8
0.000241427
-0.00041639
-0.000376491
-3.42547e-5
-0.000472137
-1.4572e-7
1.01276e-7
6.46975e-7
-4.87355e-7
-8.31881e-7
4.79368e-6
-2.24382e-5
4.00718e-5
-2.37702e-6
1.84277e-6
7.52353e-6
-6.10236e-6
1.41606e-8
-3.59208e-6
2.8003e-6
3.87111e-7
-2.08283e-5
1.7969e-5
5.06466e-5
-4.8106e-5
-2.27845e-8
9.9113e-8
2.10843e-7
-1.37198e-7
-0.000108846
0.000194975
2.78519e-8
-3.38698e-8
2.32938e-8
-0.000282771
0.000363764
0.000364629
-0.000474317
-8.66554e-6
-3.3217e-7
5.86643e-7
3.48859e-7
-7.6718e-7
0.000439871
-0.000964469
-0.000328866
0.00093615
0.000377444
-0.00100702
0.0001575
-0.000350858
0.000509109
-0.000316055
0.000273062
2.79895e-5
-4.16002e-5
0.00108565
-0.00135857
-0.00109903
0.00106737
0.00142434
-0.000805878
-0.00111418
0.000711005
8.0346e-10
3.35676e-10
1.68979e-10
5.06941e-11
-4.94714e-9
1.40585e-8
1.10031e-8
-1.04036e-9
-1.06313e-9
-8.66973e-10
-2.34235e-10
-1.3745e-10
2.17714e-10
-1.11224e-10
-1.79676e-9
-2.7269e-8
-1.11956e-8
-6.57428e-8
-3.10376e-8
4.74784e-8
-2.68502e-9
-5.57817e-9
3.05409e-9
2.24267e-9
2.30402e-9
-1.36302e-10
7.24963e-10
-1.48462e-9
9.31341e-10
-3.29718e-9
-1.06492e-8
-1.70777e-8
5.2914e-8
4.79165e-8
1.5902e-7
1.65888e-7
-1.05047e-7
2.74617e-8
4.54987e-9
7.81909e-9
5.01345e-8
1.03434e-7
4.06916e-8
3.84485e-8
-2.82604e-7
-2.17214e-7
-2.84363e-7
2.61997e-7
7.74796e-7
2.31968e-6
5.66626e-8
4.49976e-8
-2.18338e-7
-2.20913e-7
-7.51199e-7
-2.79846e-6
-4.56382e-6
-5.22579e-7
-2.54545e-8
-1.63702e-8
-3.07228e-7
-5.85836e-8
3.36622e-5
-6.3144e-5
-0.000132726
-0.000199999
1.62681e-7
7.29788e-8
-2.40933e-8
0.000407925
-0.000511522
0.000757821
-0.00104949
1.56279e-9
-3.89465e-10
2.11388e-9
0.00221332
0.00353156
2.75715e-8
-2.11803e-8
7.04376e-9
-0.00418304
0.0033909
-0.00949746
0.00756583
-7.74802e-9
1.55156e-10
-0.0115097
0.033546
1.92508e-10
3.41534e-10
-1.28735e-10
0.000232684
0.00334143
0.01524
-6.94211e-11
-1.28206e-10
3.30821e-10
0.00345992
-0.00695525
0.00614108
-4.92816e-11
-1.2458e-9
3.58278e-11
-0.00439568
0.010862
-0.0201835
6.91624e-10
-1.05558e-10
0.000903803
-0.00533324
-4.55176e-11
-6.22962e-10
0.00182928
-0.00187829
-2.08657e-9
4.26102e-9
-0.000999875
0.00297905
-1.06644e-8
1.34278e-8
3.68471e-8
-3.70559e-8
-1.00717e-7
-8.30192e-8
-0.000144706
0.000231042
0.000136479
0.000124909
0.000152154
-0.000222001
1.90707e-7
4.3311e-7
-6.41234e-7
-1.25037e-6
2.09405e-6
3.24789e-6
-2.59855e-5
-1.02881e-6
-3.80421e-5
2.79798e-6
-5.92575e-6
-4.58498e-6
1.43531e-5
-5.01827e-8
-5.45893e-7
6.73435e-7
-1.60652e-6
2.98077e-6
-2.93525e-5
1.47061e-5
4.83903e-5
-7.89412e-9
5.05324e-8
-1.54071e-9
-3.8396e-8
-7.38701e-5
-5.74346e-5
0.000221719
2.51962e-5
2.62214e-7
2.92632e-8
-1.05681e-7
-5.03817e-9
-0.000545082
8.33701e-5
0.000815873
-0.000223458
-0.00110242
0.000442305
-2.79514e-5
8.30798e-6
3.30953e-6
-1.22548e-5
2.03652e-6
-2.96486e-6
0.00157652
-0.000733376
-0.00177499
0.000883447
0.00157725
-0.000906498
1.73453e-5
-0.000964191
0.0004071
0.000338895
0.000435754
-4.16324e-5
-0.000642267
-0.00030196
0.000122399
0.000300927
0.0003905
-0.000534645
-7.03538e-6
0.000134245
7.45585e-8
-2.0104e-7
-5.61733e-9
-5.36387e-9
-7.24989e-9
-5.04892e-9
2.10673e-9
-2.48481e-9
1.11568e-9
-8.79779e-7
-5.88996e-7
5.82318e-7
-3.45092e-8
-1.59023e-7
6.66155e-7
2.40106e-8
8.84815e-9
2.72553e-8
4.52174e-9
-7.30813e-9
1.09068e-8
-2.89519e-8
-1.73285e-8
-1.01802e-7
1.25769e-6
1.16754e-6
-1.74236e-6
2.14367e-6
-2.32522e-6
8.41209e-8
7.80832e-8
-2.13399e-9
9.74088e-8
-2.66151e-8
1.14116e-6
1.08906e-6
-5.76061e-6
-5.45065e-6
-1.39648e-6
1.77781e-6
6.61022e-6
1.60053e-5
1.27913e-6
1.23437e-6
-5.60506e-6
-5.38443e-6
-2.37339e-5
1.92999e-5
7.66756e-5
0.000193804
-5.89834e-7
-6.19216e-7
-6.45657e-6
-1.76336e-6
-0.000210694
0.000159621
0.000447868
0.00123285
1.67247e-6
-1.42171e-6
4.09526e-7
-0.00125296
0.000646043
-0.00213558
0.00186519
-1.36133e-7
6.3861e-8
6.35561e-7
-0.0022386
-0.00514684
-1.41228e-7
-8.94116e-8
1.12543e-8
0.00329643
-0.00177118
0.00550451
-0.00321068
-1.76867e-9
-4.79515e-9
0.00109808
-0.000918976
1.23013e-8
4.69198e-9
0.000265598
-0.00141889
-2.61102e-8
1.56871e-9
-0.00045508
0.00165261
1.00046e-8
-3.08424e-9
-0.000151954
5.44013e-5
3.32625e-9
2.39858e-9
0.000513529
-0.00117237
-6.23304e-9
2.48185e-8
-1.93769e-9
-1.00751e-7
-2.02198e-8
1.22041e-7
7.22727e-6
-3.92597e-5
-6.34084e-5
-5.74608e-5
-0.000268353
0.000130769
-2.33035e-7
2.34938e-8
3.80329e-7
-1.42725e-6
1.57344e-7
-3.48783e-6
1.29256e-5
8.5745e-6
1.18447e-5
5.51406e-6
-3.2872e-6
-1.68002e-5
1.50192e-5
-1.55969e-7
5.43456e-7
3.48482e-7
2.38597e-6
5.50992e-5
-5.3185e-5
-0.000136279
0.000148125
3.17301e-7
4.35327e-8
-5.75387e-8
2.50242e-7
0.00036792
-0.000303356
-0.00048668
0.00082423
-1.95314e-7
9.42528e-8
-3.26999e-7
-1.39966e-6
0.000860347
-0.00113203
-0.00129151
0.00122508
0.0013518
-0.00183934
-2.55467e-6
-1.30446e-5
1.06229e-5
3.18597e-5
-8.32134e-6
9.20752e-6
-0.00176561
0.00207722
0.00147722
-0.00177152
-0.000868019
0.00111003
0.000333325
-0.00052365
-0.000131602
0.000255604
8.22326e-5
-0.000201345
5.90217e-8
-1.18244e-7
2.04531e-8
-1.22679e-7
4.62969e-8
-9.56336e-9
-2.58621e-6
6.25636e-6
1.71879e-6
1.17611e-6
-3.53842e-7
2.46408e-7
2.81204e-7
-2.12425e-7
1.79389e-9
-2.0697e-7
-2.27784e-7
2.07299e-5
2.26135e-5
-2.63041e-5
-2.76483e-6
7.53218e-6
-2.67807e-5
-1.33845e-6
1.44022e-6
-1.69791e-6
-1.82589e-7
7.09021e-7
-1.91854e-7
9.76913e-7
-5.85763e-7
-6.46608e-6
2.73884e-5
2.44474e-5
8.16085e-5
-0.000100924
0.000144696
-9.73734e-6
7.36293e-6
4.48639e-6
-1.15292e-5
-6.30631e-5
2.62238e-5
2.08466e-5
-0.000139925
0.000145824
6.08488e-5
-6.08079e-5
-0.000115011
-0.000436879
1.28334e-6
-0.000104896
8.47978e-5
-2.628e-5
0.000343453
-0.000240422
0.000403361
-0.000580768
-0.00110723
6.37709e-6
-2.77574e-6
-3.0267e-5
0.000655292
0.00163356
2.81062e-7
7.58812e-6
-6.49282e-7
4.41041e-7
-0.00125874
0.000827125
-0.00128458
0.00139064
0.00203754
-1.35282e-7
-6.43819e-8
7.02404e-8
-0.000991617
0.000928436
-0.0010532
5.61586e-8
-2.81642e-7
-2.22328e-7
0.000692758
-0.000515495
0.000275695
5.55564e-8
9.73921e-7
-7.88191e-8
-0.000574282
0.000325988
-8.43661e-5
-6.00406e-8
-1.89036e-7
1.93304e-7
0.000244046
-0.0002225
0.00025569
-5.74196e-7
-2.30891e-8
-7.42126e-5
0.000112431
2.07491e-7
4.52792e-6
2.6673e-7
9.29041e-7
-1.04318e-6
-6.86329e-6
9.12814e-6
8.57658e-7
-4.17162e-6
-3.1415e-5
9.45904e-6
-2.1281e-6
0.000105889
-6.65741e-6
-4.82742e-6
-2.37136e-5
1.16906e-5
5.74704e-5
-5.82115e-5
9.73815e-7
-2.33785e-6
-3.08261e-7
6.71752e-6
-0.000117517
0.000106826
0.000233956
-0.000318183
5.60737e-6
-1.31091e-6
-6.00683e-7
-8.66992e-7
-0.000329861
0.000525169
-0.000357133
0.000361619
-0.000548971
-0.000577151
0.000991136
-3.92081e-5
1.93924e-5
-3.35445e-6
3.39626e-5
-1.82351e-5
1.47546e-6
1.65344e-6
0.000398008
-0.000992541
0.00112557
0.000212853
0.000428383
-0.000908721
-0.000772609
0.000157736
0.00040176
0.00180998
-0.000701679
5.47785e-5
-0.000576848
0.000303401
-6.85647e-5
0.000249205
-0.000125413
3.07045e-5
1.15615e-5
8.80207e-7
-4.56708e-6
7.32257e-6
-2.85474e-6
-1.02886e-6
-0.000162193
8.10305e-5
-3.99348e-6
-5.56085e-5
-7.12459e-5
1.05347e-5
-1.87423e-5
7.43065e-6
-1.40513e-5
-7.42416e-6
2.57863e-5
-0.000352499
-4.05316e-5
-0.000299767
0.000457209
0.000154096
-9.16793e-5
0.000104308
-6.15774e-5
2.9893e-5
2.17556e-5
-2.33842e-5
3.25548e-5
9.93104e-6
-2.85025e-5
0.000128115
-0.000166126
-0.000197739
-0.000193866
0.000470983
-0.000326856
0.000458559
-0.000349676
-4.23622e-5
0.000111336
-3.10708e-5
2.71309e-5
4.09517e-5
-0.000137294
0.000370767
-0.000328413
-3.96598e-5
9.15738e-5
0.000514537
-0.000371478
-4.58985e-5
-3.11153e-5
7.71252e-5
0.000264243
-0.000546962
3.20876e-6
-8.88314e-5
0.000510119
-0.000382156
0.000145096
-0.000199661
5.89191e-5
-0.000283818
0.000284516
0.000507283
-0.00101995
4.81636e-6
-2.20566e-7
-5.97812e-7
1.14176e-5
-0.000323596
-0.000747066
0.000914147
1.01081e-6
-1.85279e-5
2.14191e-5
-8.11407e-7
0.000684058
-0.000414925
0.000919894
-0.000737252
-0.000760172
-3.6255e-6
-1.5815e-5
8.3835e-6
0.000747914
-0.0010864
0.000966376
2.65033e-6
-1.11764e-5
2.39471e-5
-0.000324553
-6.89102e-6
5.64258e-5
1.31847e-5
1.32352e-5
-9.07871e-5
6.10988e-5
-3.06426e-5
-0.000286476
0.000112244
0.000108998
0.000270572
-0.00054047
-0.000180877
6.90983e-5
6.76987e-6
2.65674e-5
-1.90607e-6
-1.31736e-5
-8.3551e-6
-0.000195615
-1.41823e-5
1.88535e-5
0.000199358
-7.38278e-5
3.64536e-5
0.000176763
-0.000104748
1.02172e-6
-0.00068542
1.01278e-6
4.91823e-7
-0.000473285
0.000137708
4.65356e-6
0.000510603
-0.000472973
-0.000169672
5.05226e-5
6.93106e-5
-2.5585e-5
-0.000168097
1.37337e-6
0.000208483
-0.000864354
0.000759576
-0.000414818
0.00128134
-0.000747503
0.000438278
-0.00162447
0.00164722
0.000457234
0.000135245
-0.000313462
-3.5117e-5
-0.000791369
0.00052541
-0.000203558
0.000293166
-0.000125644
-0.0010837
0.00258204
-0.00189171
0.00176894
-0.00212026
0.00202428
-0.00239699
9.73508e-5
-9.87794e-5
0.000159293
4.33912e-5
-0.000176284
0.000223022
-0.000265059
0.00013983
0.000133795
-1.11468e-5
-0.000153266
0.00033279
-0.000473931
0.00053929
-0.000369297
0.000108233
0.000217317
-6.04581e-5
-8.1993e-5
0.000289811
-0.000545292
0.000757441
-0.000796815
0.000621702
-0.000272074
-8.60313e-5
-6.1238e-5
7.6755e-6
0.000130732
-0.000378361
0.000689383
-0.000927613
0.000952249
-0.000720764
0.000340958
0.000137712
-2.5776e-5
5.69601e-5
-3.81927e-5
-7.50915e-5
0.000319048
-0.000634745
0.000873504
-0.000905169
0.000726713
-0.00040237
-4.3926e-5
0.000641882
-9.75711e-5
0.000152667
-0.000115302
-7.19317e-5
0.000351377
-0.000588458
0.000676798
-0.00063952
0.000508386
-0.000132118
0.000190662
-0.000335374
0.000384825
-0.000283856
5.78667e-5
0.00018574
-0.000337731
0.00051163
-0.000847168
0.00100153
0.000389795
-0.000618514
0.000599094
-0.000457116
0.000197432
-8.89717e-5
-0.000142443
0.000261471
0.000659755
-0.000840504
0.000829479
-0.000440959
0.000563673
1.73695e-6
-0.00111434
0.000586609
