0.00184362
-0.0108891
0.00952076
0.00454125
0.013966
-0.00919829
0.00791967
-0.010475
-0.00915581
0.00844774
-0.00798218
-0.00513775
-0.00439539
0.00932094
0.00243045
0.00522088
-0.00257506
0.00126741
0.00332052
-0.00213037
0.00066947
-0.00636988
0.000922806
-0.000632271
-2.072e-5
0.00573819
-0.00583838
0.00979919
-0.00720677
-0.0103928
0.00451056
-0.00353765
0.00894723
0.00160325
0.00115573
-0.00603913
-0.000217463
-0.000750435
6.69752e-5
0.00353673
-0.0055823
0.00377662
0.00399167
-0.00899888
-0.000978961
-0.00315547
0.00655505
-0.010871
0.013057
-0.0129001
0.00266519
0.0082713
-0.000123079
-0.00412221
6.24875e-5
0.000147085
-4.19648e-6
0.00346653
-0.011646
0.0054798
-0.00349638
0.0162788
-0.0110452
-0.0126465
0.00503482
0.000398961
-0.00567861
0.010933
-0.0140606
0.013539
-0.0100573
0.0019401
0.00507382
-0.000781542
-0.00259451
-2.98618e-5
0.00124807
-3.19348e-5
0.00017694
-0.0078646
0.0084191
-0.00643128
0.00238208
0.00313134
-0.00869593
0.0119112
-0.0114911
0.00815656
-0.00431028
0.0017608
-0.000594035
-0.0218629
0.02263
-0.00477923
0.021275
-0.0279167
0.00516546
0.0130849
-0.0121372
0.00965194
-0.00603815
0.000786016
0.00454977
-0.00767499
0.00765912
-0.00557689
0.00323602
-0.000707513
-0.00136426
0.000365445
0.00104663
0.000126904
-0.000312643
-6.36595e-6
-0.000128974
-0.0195858
0.0179102
-0.0152364
0.0120867
-0.0113265
0.00887306
-0.0042939
-0.000446404
0.0033848
-0.00394872
0.00303149
-0.00180826
0.000859081
-0.000697691
0.000297025
-1.26688e-6
0.00969765
0.0111596
-0.0098938
0.0112811
-0.00932587
0.00570359
-0.00188643
-0.000610357
0.00149066
-0.00148543
0.00159489
-0.00153954
0.000242676
4.11284e-5
-3.99263e-5
-0.0103392
0.00677101
0.006986
-0.00688928
0.00716475
-0.00722514
0.00732869
-0.00469977
0.00224065
-0.000472822
-0.000256249
0.000456814
-0.000628023
0.0010708
-0.00047375
0.000204434
-0.000176947
-0.00233687
-0.00322972
0.00388576
-0.00383458
0.00269248
-0.00159972
0.000509145
-0.000130754
-0.000307695
0.000567869
-0.000101248
-0.000128604
6.63477e-5
0.00140972
-0.000480466
-1.02904e-5
-0.0018527
0.00218366
-0.0012103
0.000753786
-0.000306592
0.000180294
-6.07112e-5
4.80948e-5
-0.000193453
9.99348e-5
-5.16951e-5
-7.66661e-5
-3.84811e-5
0.000705531
-0.00110498
0.000453253
-0.00059494
0.000353013
-1.22154e-5
4.88282e-6
2.35089e-5
0.000115199
-5.99289e-5
-0.000164258
2.64933e-5
0.000526932
-0.000279567
0.000194559
-0.00016241
-1.03345e-5
4.47662e-5
1.32146e-6
0.000101841
1.30485e-5
-8.49977e-6
-0.000330605
0.000836198
-0.000424392
0.000361947
-0.00226358
0.00111742
8.16242e-6
3.48164e-5
0.00754072
-0.00256891
-0.00035472
-0.000513964
-0.00310152
3.73367e-5
0.00293566
0.000839881
0.00237785
-0.00507502
0.00157043
-0.0043657
0.00530569
-0.00227558
0.00383873
-0.00470081
-0.00176113
0.00121453
0.00181604
0.00144852
-0.000818454
0.000142289
0.00146366
-0.000446852
-0.00319933
-0.0024423
0.000519932
-9.59151e-6
7.17145e-5
0.00526857
-0.00103762
0.000705613
-0.000766712
0.000451511
0.000174252
-0.000322134
-9.16011e-6
-7.84793e-5
-4.87375e-5
-0.000732504
0.00325952
-0.000770873
-0.00320349
5.673e-5
0.00852209
0.000145756
-3.95795e-6
-6.897e-5
4.66205e-5
1.13423e-6
-2.37293e-5
-0.000466536
0.00175921
4.12515e-5
0.000161592
-0.00299613
6.20968e-5
0.00557261
4.83954e-5
-1.60698e-5
-4.3168e-5
1.24647e-5
2.91781e-5
1.68052e-7
-3.9605e-6
0.00281924
-0.00595702
-5.49494e-5
-8.67986e-6
0.00165746
-0.00302051
0.000167457
-0.00471781
0.00696003
6.89596e-5
1.33464e-5
9.7139e-6
8.9233e-7
-1.33098e-5
8.64842e-7
2.071e-7
-4.4815e-7
-3.02139e-7
0.0119684
-0.0219538
0.0268937
4.63379e-5
-1.30399e-5
1.45322e-6
-0.0117094
0.0144603
-0.0217664
-5.24082e-6
3.17706e-6
2.91232e-6
0.0115337
-0.0131466
0.0160297
2.91048e-6
-2.6117e-6
-9.11628e-7
-0.0107266
0.00992928
-0.00925255
1.28772e-5
-2.29811e-6
1.19972e-6
0.00727453
-0.00585371
0.00382146
-0.0050257
-5.19026e-5
6.10684e-6
-3.51668e-6
6.38783e-7
-0.00298815
-0.00162876
0.00160088
-1.4661e-5
9.50283e-6
7.04622e-6
3.44292e-6
0.0020914
-0.00100203
-0.00108604
0.000840506
-0.00050636
0.000142568
6.47255e-6
4.51459e-6
-3.97807e-6
3.65018e-6
-8.56201e-6
0.00031325
0.000225195
-0.000105537
5.40623e-5
1.78046e-5
-1.22505e-5
3.94975e-6
-2.23686e-6
9.10454e-7
-0.000153925
8.97389e-5
1.06472e-5
3.57294e-5
-4.86068e-6
5.76718e-5
-0.000110779
-5.40982e-6
2.35826e-5
-1.25601e-5
2.32042e-7
2.13631e-6
-2.12506e-7
-9.23282e-7
-2.45459e-6
4.77389e-6
-5.7862e-6
-3.25622e-6
-1.16826e-5
1.4363e-5
-3.82217e-5
3.0712e-6
-1.63365e-7
-1.22651e-5
5.09644e-6
-1.29398e-7
-5.22658e-6
5.26285e-6
6.30495e-8
-1.12304e-6
8.69919e-7
2.14289e-6
-2.15443e-6
2.585e-6
-1.7067e-6
1.12788e-5
-2.57242e-6
1.92075e-6
1.45799e-6
-1.51712e-6
2.99123e-6
-7.53487e-7
-2.06191e-6
-4.04484e-7
-2.14848e-7
-7.59249e-7
-2.68203e-6
7.93511e-7
-9.35256e-7
2.94926e-7
-4.72591e-5
0.000493221
-0.000836511
-0.00109014
0.00172463
-0.00195636
0.00116714
0.00273466
-0.00428048
0.00473722
-0.00586378
0.00814318
-0.00888854
0.00853389
-0.011001
0.0113833
-0.00873319
0.0105199
-0.00945882
0.00581159
-0.00702455
0.00477188
0.00244188
-0.000273178
-0.000919718
-0.00156474
-3.50021e-7
-5.66909e-5
2.99314e-5
0.000145449
-2.45796e-5
1.72165e-5
-2.40379e-5
-0.000420938
-0.000101227
0.00212701
0.000496218
-0.0017815
-0.000454937
0.00112903
-8.87651e-6
5.53902e-5
-2.01476e-5
3.33826e-6
0.00028003
-0.00060446
-0.00014283
0.000275096
-3.99241e-5
0.000234126
-4.05009e-5
5.90156e-6
6.19471e-5
-0.000109731
-2.41955e-5
3.90554e-5
-2.17253e-5
7.98561e-5
-1.36711e-5
4.75691e-5
6.51825e-6
8.30064e-6
-1.24266e-5
-2.54319e-6
3.48463e-6
-6.54073e-5
2.09897e-5
1.84681e-6
0.000288572
-0.000285263
5.66031e-6
1.45975e-6
2.96858e-7
-8.59586e-7
-2.71588e-7
-8.55987e-8
3.95024e-7
-0.00156877
1.10826e-7
-0.00415212
0.00284898
6.20322e-5
0.00422349
-0.00453415
9.86439e-5
0.00391152
1.75631e-7
-7.0596e-8
-3.78748e-8
-1.52706e-8
9.49914e-8
4.35279e-10
2.18713e-8
-0.00712146
0.00679473
-0.00759442
-7.36179e-7
2.46691e-7
-5.56934e-8
0.0102275
-0.00918867
0.00947337
-5.18081e-7
6.64748e-8
-6.16772e-8
-0.0116214
0.010404
-0.0100797
1.60541e-7
5.86206e-9
-6.05175e-9
0.0103792
-0.00920826
0.00848994
-4.23897e-7
8.6681e-8
-1.45518e-8
-0.00735968
0.00551506
-0.005954
-3.92007e-8
7.14767e-9
-1.32247e-8
0.00400604
0.00267217
-2.73633e-7
-2.61713e-8
-1.6837e-8
-0.00300902
0.00269243
0.00192716
-0.00120546
0.000922381
-1.8778e-6
6.21362e-7
-2.35861e-7
1.16023e-7
-0.000617775
-0.000269135
-6.04661e-7
9.80226e-8
-6.26094e-8
0.000259762
-0.000209371
-8.49174e-5
-1.58212e-5
1.51177e-7
-1.08084e-8
5.94639e-8
8.36953e-8
2.26734e-5
-1.56917e-5
-6.59052e-6
-9.14424e-7
2.95701e-8
9.62973e-8
-3.32363e-8
-2.89846e-8
1.68813e-6
-1.47956e-7
-5.34278e-7
-7.32508e-7
-6.52078e-8
7.77838e-7
3.07127e-9
4.42213e-7
-2.01248e-9
-4.38229e-8
1.29713e-7
1.52425e-7
1.64715e-7
3.81297e-8
1.58856e-7
4.90882e-8
5.39529e-7
5.30245e-7
-1.55857e-7
3.20676e-7
-1.67869e-7
-4.56108e-10
-3.35239e-8
-2.82319e-7
-6.80393e-8
2.90419e-8
1.64853e-8
-3.6341e-8
1.68996e-8
-4.04677e-8
-6.67549e-8
-2.12327e-7
-8.46255e-8
2.51791e-9
-4.1616e-8
5.81049e-8
-3.80988e-8
-4.1646e-9
1.3594e-7
4.96331e-9
1.40921e-8
4.50232e-8
6.23505e-8
1.23422e-8
7.32187e-9
-1.03435e-8
-3.14472e-5
6.64976e-5
0.000120623
-0.00110036
0.000581639
-5.58888e-5
0.0013749
-0.00100947
-0.00415801
0.00321406
0.00769187
-0.00552157
-0.00957061
0.00569198
0.00572514
-0.000547715
1.8943e-5
-0.00509876
-0.00410374
0.00922179
0.00463714
-0.0066028
-0.00443793
0.00529221
-2.01782e-6
1.23779e-6
4.04653e-6
7.77835e-6
1.9672e-5
-1.78501e-5
0.00335351
-0.00454217
-0.00191273
0.00240987
0.000908488
-0.000902431
-1.09527e-6
3.3225e-6
-6.94566e-7
8.27767e-8
-0.000384605
0.000367274
0.000144595
-0.000138657
-2.2548e-6
1.12002e-5
-2.40642e-6
4.54e-7
-4.84987e-5
4.7497e-5
1.45568e-5
-1.49555e-5
2.45402e-6
3.50941e-6
-1.93816e-6
1.93888e-7
-3.89287e-6
4.36452e-6
8.94417e-7
-1.35148e-6
4.16525e-5
5.93557e-7
-1.82079e-5
2.04742e-5
-2.89552e-6
-5.78831e-6
-1.5098e-7
4.12309e-7
-1.34252e-7
6.39458e-8
-1.3336e-7
6.17187e-8
0.00348889
-0.000211568
-0.000677826
-0.0125317
0.00787017
0.000313067
-1.27391e-8
-3.197e-8
-5.94411e-9
9.2312e-10
1.16556e-8
0.00453492
-0.00521143
7.41012e-9
1.62788e-10
-0.0120212
0.00855094
2.17739e-8
-5.23378e-9
0.0153187
-0.0123103
1.21349e-8
-6.49412e-9
-0.0160812
0.013492
1.6017e-9
-2.34365e-9
0.0124449
-0.0113275
4.70166e-9
-5.11764e-10
-0.00786407
0.00783114
2.16743e-9
-9.87302e-10
0.00440357
-0.00447879
1.38344e-8
-4.1639e-9
-0.00230977
-0.00152968
4.3006e-8
-3.40537e-8
1.89717e-9
0.00111318
-0.000762575
-0.000430783
0.000589898
4.40882e-9
-1.03548e-8
3.2465e-9
0.000138561
6.45295e-5
-1.93692e-8
1.19467e-9
2.97383e-9
-3.52957e-5
1.2918e-5
5.92697e-6
3.0113e-6
1.04066e-8
-6.53692e-9
2.08352e-10
4.32135e-9
-2.95884e-8
-1.00165e-6
-4.82592e-7
-1.94527e-7
1.83013e-9
1.94365e-9
-8.37138e-10
-1.85499e-9
2.11185e-7
-7.38732e-8
-4.74743e-8
-8.84292e-8
9.84647e-9
1.34384e-8
2.19506e-10
-1.04081e-9
-5.38454e-9
1.3028e-8
1.37784e-8
-9.85689e-9
3.95022e-9
1.60698e-8
-2.91935e-8
-6.41462e-9
-3.60563e-9
-1.06539e-9
-2.15288e-9
-5.93266e-11
9.411e-9
-3.20966e-9
-1.91861e-9
-8.97961e-9
-2.06752e-8
-1.52288e-8
-3.0417e-9
9.85393e-10
4.00091e-9
-4.98703e-9
-1.32083e-10
-1.65729e-9
6.50391e-9
1.45871e-9
7.608e-10
1.38668e-9
5.68191e-9
7.2575e-9
3.86786e-9
4.06445e-10
-1.67966e-9
1.29078e-9
0.000117213
5.75578e-6
0.0026203
-0.00163655
-0.00165591
0.00449952
-0.00515829
0.00274907
0.000643412
-0.00336036
-0.00244302
-0.00032613
0.00323221
0.000308727
0.00312655
-0.00203388
-0.00275128
-0.00680485
-0.00282004
0.00655206
0.00734936
-5.07085e-5
-2.18546e-5
0.000234554
-0.000462932
0.000965534
-0.000602834
0.000298
-0.00137458
-0.00838877
0.00815412
0.00560303
-0.00378906
-0.00331506
-0.00260056
-0.00165015
0.00249265
0.003105
-1.06764e-8
3.42922e-6
2.8964e-8
2.08804e-5
-2.9479e-5
-1.27422e-5
-0.00125068
0.000900274
0.000225072
0.000491543
0.000322196
-0.000458351
-0.000234957
-7.85579e-7
3.42797e-7
5.87331e-8
-2.96472e-6
0.000124709
-0.000214502
-5.23256e-5
7.83735e-5
-2.5422e-6
1.06322e-6
1.36928e-7
1.37981e-6
1.99632e-5
-3.10712e-5
-6.34737e-6
8.15503e-6
-7.95324e-6
1.52739e-6
3.22922e-6
1.13572e-5
1.77804e-6
-2.7187e-6
-3.14754e-7
5.4056e-7
-0.000140375
6.58465e-5
7.44867e-6
9.75369e-5
-0.000169578
5.52682e-5
-3.03567e-8
1.02076e-7
-2.44486e-7
3.91523e-8
4.45094e-8
-2.91045e-8
-1.29763e-8
-4.76753e-5
0.000676773
-0.00111764
0.00994362
-0.00964927
0.000519728
6.58574e-9
3.70638e-9
1.80767e-8
-6.0965e-9
-3.93607e-9
-1.30707e-9
-0.010616
0.0148507
3.8232e-10
8.59699e-10
-0.00775496
-2.98405e-10
-0.0271014
0.0374062
-0.0166768
0.0281591
-0.0432796
0.0252247
0.0230493
1.09681e-9
-6.32987e-10
1.98088e-9
2.33226e-10
-2.62937e-10
1.92491e-11
-6.44063e-10
2.00165e-10
-0.0286447
0.0302087
-0.0206612
1.63866e-9
-3.88192e-10
1.81267e-10
0.0268963
-0.0246651
0.0157392
5.43484e-10
-7.05356e-11
7.98903e-11
-0.0367943
0.0211803
-0.0157182
5.93743e-12
3.22915e-11
-1.52419e-11
0.0121987
0.00753456
8.81647e-10
-2.13705e-11
-0.00616973
0.000283945
0.0025776
-0.00381564
1.22762e-9
-4.90157e-10
-1.94728e-10
1.06055e-10
-1.43963e-11
-0.00125254
0.00182548
-1.67549e-9
4.96197e-10
0.000484971
0.000261115
5.56301e-9
9.43269e-10
-0.0001092
-5.24712e-5
8.09453e-6
-7.14564e-5
-5.80385e-9
6.85795e-9
-7.83585e-9
8.09817e-9
9.17703e-10
3.93461e-6
4.88149e-8
-2.9601e-10
1.02571e-9
-3.1885e-6
2.86872e-7
1.10642e-6
4.10943e-7
5.21368e-10
-7.32099e-10
-9.8969e-10
8.55925e-10
1.19123e-9
1.49892e-9
-2.19147e-7
-3.03663e-7
-2.39946e-9
-1.12706e-8
-9.76227e-11
1.91046e-10
-1.60644e-10
-8.40841e-11
1.79832e-8
-4.41871e-8
-4.82903e-9
-2.86283e-9
1.12956e-9
3.61329e-10
-4.65861e-12
4.94389e-11
-7.44833e-10
-1.63931e-9
7.23787e-10
8.78952e-10
-2.40382e-9
5.53343e-10
-1.21013e-9
-2.6867e-11
-3.55946e-10
-3.49733e-10
-2.89445e-10
4.92628e-11
2.11272e-10
-5.41059e-10
-4.67085e-10
-1.44738e-9
-2.16536e-9
-2.29769e-9
-1.03687e-9
2.42252e-10
-2.26183e-10
2.93209e-10
7.22757e-11
-1.93835e-11
1.35413e-10
1.44427e-10
-3.88837e-11
9.31088e-11
-8.8192e-11
7.23071e-11
2.14722e-10
1.66279e-10
5.48469e-10
9.53666e-10
6.98385e-10
6.01227e-11
-1.15153e-10
2.86312e-11
-6.34432e-11
-1.58279e-11
-1.44196e-11
-8.61345e-11
-9.38667e-11
-2.55591e-10
-3.60983e-10
-1.67694e-10
1.50761e-10
3.0814e-10
1.28777e-11
0.00196107
0.00701596
-0.00623091
0.00604
-0.00866714
0.00424698
-0.0034308
-0.00297888
0.00174116
0.00247299
-0.000715572
-0.00329893
-0.00119733
0.00215873
-1.70254e-5
0.00185629
-0.00291893
0.00346571
-0.00318356
0.0017979
-0.00468209
-0.00559467
0.00307974
0.00252574
-0.000794536
-0.00119011
-0.000679251
0.000849937
3.139e-5
-0.000136264
0.000178405
-0.000617845
0.000195638
-0.0007565
0.000239849
0.000330327
0.000223246
-0.000263633
-1.97801e-6
2.11102e-6
2.89829e-6
-1.14049e-5
1.37588e-5
-3.5952e-7
0.000158842
-0.00010407
-2.35812e-5
-5.32048e-5
-3.52748e-5
5.72253e-5
2.11279e-5
2.68189e-6
-8.26267e-7
-4.87812e-6
5.6659e-6
-1.44994e-8
-8.38033e-6
-6.34748e-7
9.97073e-6
1.71081e-6
0.000150613
-2.90402e-5
-4.47179e-5
-0.00012488
2.12935e-5
2.5405e-7
-8.78438e-7
7.60286e-7
1.01152e-6
2.5314e-7
-0.000978353
6.84852e-7
0.000911662
-0.00126621
-0.00057474
-2.8996e-8
-1.55951e-8
-1.4455e-7
4.49367e-8
4.40941e-9
-0.00896686
0.00547437
-0.00766121
0.0343229
-0.0193025
0.00947822
-3.74504e-10
1.72121e-9
-4.47009e-10
-5.33223e-10
2.7798e-10
-3.59672e-10
-0.036262
9.3908e-11
-0.0176165
0.0321795
-0.0338407
0.0225548
-0.0211711
0.0724303
-1.01681e-10
2.00666e-11
-4.25962e-11
4.5311e-12
-5.97994e-11
1.90469e-11
-0.0154846
0.0229663
-4.38366e-11
1.29036e-11
0.0159403
-0.0284824
-1.63519e-11
8.62055e-12
-0.0206115
0.0356768
2.11196e-11
-1.21496e-11
-0.0014457
0.000305744
-0.000466905
-2.86496e-5
-0.000399842
2.7079e-10
-1.57542e-10
2.27912e-11
-1.15583e-11
-2.16362e-11
-6.68562e-6
0.000425007
-6.97316e-10
1.98425e-10
-0.000114147
3.79523e-5
6.68632e-6
-1.11952e-5
3.23019e-5
-8.60006e-9
7.88216e-9
-8.85368e-9
7.26966e-9
9.68891e-10
-5.17347e-6
1.35365e-6
-3.41804e-7
-5.32456e-7
3.67506e-7
-1.39316e-9
1.70002e-9
-2.16075e-9
1.61736e-9
1.35325e-9
1.864e-7
1.3928e-7
2.65021e-11
2.36184e-10
5.14506e-9
-5.82396e-8
-2.63837e-8
9.81099e-9
-9.84738e-12
1.82406e-11
-3.11192e-11
-1.18091e-10
3.07502e-10
1.42401e-8
4.32085e-9
-6.32605e-9
1.2481e-9
4.39653e-13
-2.93561e-12
-1.67301e-11
4.79738e-11
2.19505e-9
1.13021e-9
-5.36864e-10
2.60955e-10
5.5292e-11
-3.3928e-11
-6.595e-12
-2.84235e-11
-1.1887e-11
3.1407e-11
-3.79204e-11
-6.21896e-11
2.10637e-11
1.14267e-11
-6.10709e-11
-8.95543e-11
2.29898e-11
1.011e-10
7.3293e-11
1.05369e-10
5.14362e-11
2.86738e-11
-5.63623e-12
1.12633e-11
1.91118e-11
3.89275e-11
3.65528e-11
1.09885e-10
2.44988e-10
-8.48506e-11
-1.24793e-9
-1.90171e-10
-1.65917e-10
9.29316e-11
-4.70086e-10
-3.87491e-10
1.42408e-11
-1.48284e-11
-4.35761e-11
-6.50351e-10
1.34538e-9
4.34276e-9
1.38863e-9
0.00505244
0.00425303
-0.000698454
-0.00240731
-0.00412527
0.000406955
0.00353521
0.000163411
-0.00208054
0.00029749
0.00099001
-0.000556422
0.00105411
0.00539705
-0.00596754
0.00729461
-0.00772704
0.00432609
-0.00636215
-0.00157977
0.000320847
0.000435918
0.000139572
-0.000109727
-0.000101373
4.85284e-5
2.54843e-5
-0.000742311
0.000632644
-0.00258499
0.000832736
-0.000200501
-8.82725e-5
6.99132e-5
8.32045e-5
-5.39727e-5
-4.21558e-6
4.04077e-5
-5.55788e-5
0.000161074
-5.39296e-5
7.90032e-5
4.95092e-6
-2.78224e-5
-2.97694e-5
2.9462e-5
1.26733e-5
-2.92792e-5
1.6036e-5
-2.23081e-5
-1.5982e-5
2.1537e-5
3.48781e-5
-0.000108662
9.1375e-5
-4.08948e-6
2.44873e-9
4.17865e-6
7.91576e-5
5.69185e-5
-0.000311821
0.000735211
0.000290167
1.12435e-7
-4.4884e-7
3.76032e-7
4.3206e-7
1.34829e-7
0.00254096
-0.00220691
0.00251207
-0.0132643
-0.00287665
-5.78234e-10
-1.48336e-8
-8.7193e-8
1.17763e-8
3.85152e-9
-0.0419192
0.0281339
-0.019199
0.0912586
-0.0616815
0.0285552
-3.02771e-11
-8.7406e-10
-1.41358e-9
1.91922e-9
4.85049e-12
2.17906e-10
-0.0761695
5.90312e-11
-0.00351148
0.0364497
-0.0352918
0.00882837
-0.0126232
0.0404981
-0.00442411
0.0892874
1.28698e-11
-7.30393e-11
5.19578e-12
-4.29487e-11
0.0196823
-0.0389403
-0.000470565
9.40438e-12
-3.16339e-11
-0.0154092
0.0221924
-0.00198117
3.7741e-12
-4.70839e-11
0.00498152
-0.00655623
0.00740752
3.54257e-11
-7.44686e-11
0.000420692
0.000903414
-0.00190076
-0.00061203
0.00024112
1.908e-10
-7.01029e-11
5.66848e-11
0.000330771
-0.00015521
-6.11656e-10
2.7302e-10
-3.32917e-5
5.06121e-6
-2.03061e-6
-5.27119e-7
-5.96834e-6
-7.74427e-9
5.43898e-9
-6.17415e-9
3.29133e-9
-5.1863e-10
3.06794e-6
-5.65729e-7
-2.98091e-7
1.58951e-7
-7.68858e-8
-1.84761e-9
1.69019e-9
-2.14029e-9
1.28982e-9
5.61989e-10
1.34319e-8
8.36828e-9
1.12715e-8
1.19135e-8
-7.04994e-12
-1.25196e-10
2.63387e-10
-3.07157e-9
-2.07356e-10
-2.89172e-9
-1.59226e-11
-2.30811e-11
4.79501e-11
2.64441e-10
2.33919e-10
-8.54829e-10
-7.3001e-11
1.26512e-10
-8.15962e-11
-6.28084e-12
4.25261e-11
3.3645e-10
1.42409e-10
-5.08161e-13
1.34697e-11
6.26822e-12
-3.05951e-10
-1.3938e-11
-2.86582e-10
-1.22304e-10
2.28712e-10
1.3096e-11
4.11347e-13
8.13489e-13
-6.41013e-12
-6.41927e-12
-1.37777e-11
-9.15128e-11
2.2949e-10
1.56077e-9
1.08014e-9
4.52102e-10
4.642e-10
2.63464e-11
-2.96405e-12
1.85558e-11
-2.05624e-11
-6.01784e-11
9.5484e-11
-1.1642e-11
2.92215e-10
2.14418e-9
-6.64263e-9
-9.41757e-9
1.0957e-9
-1.40083e-9
1.66533e-9
-6.61898e-9
2.25607e-10
-2.78148e-10
-2.08725e-9
1.03923e-8
0.00472502
0.00497909
-0.00383475
-0.00452891
-0.00062575
-0.00101153
0.00258983
0.00373846
-0.00688817
0.00944765
-0.00684854
0.00361985
-0.00141404
-0.000555087
0.00119627
0.000149211
-0.000158442
-3.59301e-5
1.81698e-5
1.03679e-5
-0.000229433
-0.00116062
0.00129353
-0.00283593
0.00200028
-3.44831e-7
-1.32406e-5
-1.10211e-5
6.95143e-7
5.00776e-6
7.62424e-6
9.87825e-5
-7.49976e-5
0.000376951
-0.000122765
6.21478e-6
1.37268e-5
2.80976e-6
-4.39003e-6
2.41288e-6
-2.23213e-5
-1.24487e-5
-1.13522e-5
-9.0926e-6
-1.11392e-5
1.03911e-5
-8.46695e-5
-5.31199e-5
5.83367e-5
-8.71761e-6
-6.48365e-6
8.72016e-6
-0.000275213
-0.000150182
0.000190427
-1.659e-6
-3.0659e-8
1.62457e-6
-0.00106527
0.000814519
-0.000355938
0.00357711
0.000550027
6.86674e-8
-2.38072e-7
2.65969e-8
2.8695e-7
9.9366e-8
0.0101736
-0.00849313
0.0035918
-0.0298317
-0.00498818
1.59451e-9
-1.37749e-9
-1.14271e-8
-4.62053e-9
-2.41175e-9
-0.080391
0.0650893
-0.0383484
0.0628387
0.114073
-0.099496
0.0359698
1.23054e-9
-4.60316e-9
-1.07272e-9
3.02412e-9
-6.90011e-9
-0.0692525
3.87276e-10
-3.58583e-10
-1.97476e-10
1.31188e-10
1.3172e-10
7.31021e-11
1.96364e-10
0.0076867
-6.67185e-11
2.806e-10
-0.00334917
0.00168937
-2.93557e-11
3.59493e-11
0.000392461
-0.000575706
3.23608e-11
2.93216e-5
1.57213e-5
2.62926e-10
-1.11492e-10
-5.18984e-6
7.21362e-7
1.54613e-6
-8.78133e-7
-3.66624e-9
1.15315e-9
-8.20539e-10
-6.58358e-8
7.67913e-8
8.80402e-8
-3.48865e-9
1.73901e-7
-1.41026e-9
7.84169e-10
-1.06992e-9
3.41774e-10
-4.93961e-10
-7.22442e-8
8.33516e-9
1.26507e-8
-6.32609e-9
-2.84904e-11
1.73759e-11
-2.30525e-10
-1.17874e-10
2.64519e-9
8.88457e-10
-1.22246e-11
-1.63831e-11
-4.55833e-12
4.86926e-10
-1.45237e-9
-3.53249e-10
-1.14929e-10
-8.88404e-12
1.14366e-11
-1.41117e-10
3.16148e-10
-9.65923e-11
-3.08187e-11
1.40927e-9
-7.94238e-10
2.95182e-11
2.38804e-10
8.98826e-11
6.22842e-11
-4.20735e-12
-4.76405e-11
2.36216e-12
-2.53027e-9
-7.11937e-10
-2.66059e-9
-2.99089e-9
2.08919e-9
1.05376e-10
1.54803e-10
-1.10449e-10
6.4564e-11
1.90367e-10
-5.03729e-11
-2.87089e-11
1.94909e-8
-8.81955e-9
1.64753e-8
2.00404e-8
1.26754e-8
1.21814e-9
5.14945e-9
-7.74425e-10
1.67851e-10
1.90972e-11
4.20332e-11
-7.61032e-10
1.10939e-11
2.38979e-9
-7.23615e-11
-6.03331e-8
4.29554e-9
-6.44369e-8
0.00466955
-0.00254007
-0.00867681
0.0104062
-0.00585451
0.0117581
-0.0132067
-0.0123882
0.0127119
0.00906889
-0.00907153
-0.00475475
0.00479597
0.00210764
-0.00202553
-0.00130463
0.0010068
-7.94209e-5
4.44138e-5
-1.58995e-5
-1.03465e-5
-0.00099112
-0.00170907
0.000875822
0.00273897
-0.00139011
0.000975173
0.00146018
-1.56051e-5
8.5789e-6
5.75258e-6
6.2636e-7
-1.08917e-6
4.72793e-5
3.22e-5
-1.6513e-5
-8.02872e-6
0.000320731
-0.000109166
-2.53361e-6
1.29991e-6
9.91142e-8
-1.44925e-5
2.46851e-6
-1.54952e-5
1.31691e-6
-6.21029e-7
6.11576e-7
-7.06234e-5
8.67081e-7
6.40307e-6
-3.07488e-6
-4.1351e-6
3.82437e-6
-0.000206716
5.69253e-6
2.85949e-5
-3.81998e-6
-2.95129e-6
4.94421e-6
-0.000526554
7.93806e-6
7.76273e-5
-8.40494e-7
-3.2437e-7
1.72242e-6
-0.00224511
0.00162186
-0.000204138
0.000749493
0.00534488
0.000180935
-9.20728e-8
3.43061e-7
6.48637e-8
-2.57553e-7
0.0279272
-0.0142439
0.0024584
-0.0102224
-0.0531468
-0.00251076
1.16581e-8
-7.08377e-8
1.00039e-8
-3.69363e-8
8.76185e-8
1.94861e-8
0.000604555
-0.0557216
0.058122
-0.019752
0.0482393
0.0135046
-0.0535027
-2.70518e-9
1.2933e-8
8.19766e-10
-9.28683e-10
2.1215e-9
-0.0980735
0.0462173
-7.2831e-11
-6.94534e-10
0.114633
-0.0803123
-5.31222e-10
1.27654e-9
-0.0865622
0.0619629
-1.99059e-10
1.59256e-9
0.0451104
-0.0314509
-3.63588e-10
-3.08348e-10
-0.0188872
0.0101611
-9.73822e-10
3.36874e-9
0.0119346
-0.0108101
-5.93939e-10
2.75968e-9
0.00103212
0.00153557
5.66655e-10
-0.000422494
-0.00035207
7.75745e-10
-3.86394e-9
-3.41123e-5
-1.45465e-5
1.35732e-10
-4.98067e-10
-4.26733e-10
1.66641e-6
2.91076e-7
9.46077e-11
-3.68778e-7
-1.19664e-6
3.5635e-11
-8.4454e-10
-6.16742e-8
3.41712e-7
-5.05526e-9
-4.05177e-8
-1.66961e-10
1.3661e-10
8.1229e-9
2.06111e-8
4.08395e-11
7.54808e-11
-6.96181e-9
-1.19199e-10
-2.43393e-9
6.87504e-11
-3.65458e-9
4.00246e-10
1.85259e-9
2.70899e-11
7.74511e-12
-7.90921e-11
2.8502e-9
-5.22912e-9
-9.06317e-10
-7.542e-11
1.02872e-11
-1.11838e-10
-7.61184e-12
1.08561e-9
1.72241e-10
-8.88435e-10
-3.51066e-11
6.12687e-11
-1.09505e-10
-9.50959e-10
-3.7844e-10
1.30591e-9
1.25055e-13
1.10315e-8
-4.25239e-9
-2.28328e-9
1.56443e-9
6.08151e-10
7.39276e-10
-5.47397e-10
3.13384e-10
1.04885e-9
-9.63951e-10
-3.6518e-8
-6.0498e-8
-3.39786e-8
1.17353e-8
-3.82471e-9
1.62581e-9
1.72565e-9
3.15277e-10
1.54765e-9
-5.33882e-10
1.17251e-9
2.69942e-9
-4.79095e-9
-4.73288e-9
5.41607e-8
1.806e-7
-2.09656e-8
-2.41192e-7
2.13375e-7
2.47822e-7
6.41629e-8
-5.28485e-9
9.9135e-10
1.48329e-10
-8.96695e-9
-4.21996e-10
2.81993e-8
-5.48578e-8
-5.20895e-7
1.02933e-7
-0.00793699
0.00744355
0.0113257
-0.0078231
-0.0106461
0.00747173
0.00732666
-0.00486524
-0.00369496
0.0019155
0.00168421
-0.000719754
-0.000748238
4.73278e-5
8.03965e-5
-1.40442e-5
-0.000105951
-0.000185138
0.00119534
-0.00302306
0.000900767
0.00468843
-1.19429e-6
2.22795e-5
-2.9695e-6
-4.29625e-6
1.49993e-5
-4.05381e-6
-0.000375055
0.000142118
-0.000558459
0.000271197
1.29642e-6
-1.17818e-7
1.88171e-6
-9.71568e-7
5.03939e-6
6.1262e-6
-2.03721e-6
3.28361e-5
-8.23582e-6
2.10898e-7
3.20351e-7
-3.44988e-8
-9.85273e-6
6.9715e-8
-1.48722e-6
8.32441e-7
-3.43826e-7
1.49015e-7
-3.04331e-5
4.1365e-6
1.39717e-6
-1.89616e-6
-4.98414e-6
5.89772e-6
-6.95414e-5
1.00271e-5
3.68775e-6
-4.99968e-6
-9.81206e-6
1.12864e-5
-0.000273015
9.46144e-6
5.57132e-5
7.30563e-6
-8.54136e-7
2.05794e-6
8.9824e-7
-3.05852e-6
0.00400718
0.00128063
-0.00143455
-0.000501889
3.09921e-7
-1.18999e-6
-3.20866e-7
1.12641e-6
-0.0209493
0.0396968
-0.0223069
0.013138
0.0251218
0.0103499
-5.0137e-8
2.44964e-7
-3.28794e-8
9.3885e-8
-1.90899e-7
-1.38757e-8
0.0826185
-0.0875731
0.0334302
-0.0870248
-0.133441
0.121794
0.13051
-0.0151351
2.94167e-9
-2.61574e-9
-1.37792e-10
-1.45986e-8
0.138814
-0.132781
-0.135849
-8.47111e-9
2.99414e-8
-0.106208
0.109007
0.101552
1.82331e-9
4.68491e-9
0.0642192
-0.07295
-0.0564511
-4.29774e-9
-7.93092e-9
-0.0330667
0.0322392
0.0239588
-1.36237e-8
4.82472e-8
0.0147536
-0.0101821
-0.0120317
-3.62229e-9
2.95792e-8
-0.000567916
0.00226078
0.000410866
1.20891e-9
-1.6282e-8
7.58157e-9
-6.05658e-5
2.12471e-5
5.47627e-9
4.42446e-6
-3.15101e-6
-2.32489e-9
-1.98577e-8
-5.15467e-7
3.39865e-7
-4.64254e-10
1.67146e-9
-1.40016e-7
-2.82331e-7
-2.36929e-10
1.89701e-9
1.27821e-7
-3.67391e-8
5.36088e-12
4.50893e-12
1.11079e-8
-3.47145e-8
-9.50228e-11
1.92865e-10
-1.40289e-8
-5.99136e-9
1.29105e-8
2.33303e-10
5.44001e-9
-2.94419e-8
-4.45732e-9
6.95375e-11
4.35418e-10
-6.03461e-10
1.53647e-9
1.63625e-8
-1.57739e-9
-2.55911e-10
2.41857e-10
-3.56399e-10
3.50334e-9
7.52689e-9
1.00117e-9
-2.66957e-8
1.09357e-8
-4.10417e-9
8.73579e-10
-2.7101e-10
2.82195e-8
-8.77671e-9
-4.80718e-9
1.00437e-8
-4.22416e-8
1.67764e-7
-3.87807e-8
1.03895e-8
1.07446e-8
3.68308e-9
-1.88816e-9
1.37608e-8
-9.12163e-9
-7.47225e-7
1.46949e-7
-1.5157e-6
-5.91398e-7
1.50805e-7
-1.24362e-8
1.65866e-8
1.6554e-8
3.3628e-9
1.39479e-9
5.5672e-10
5.31496e-8
-8.79923e-8
6.08321e-9
5.51214e-7
1.05435e-6
1.26808e-6
-3.33288e-6
5.09282e-6
1.01194e-6
-2.00957e-8
-1.26079e-8
-2.4589e-7
8.60073e-7
-1.80159e-6
-5.35128e-6
0.00199655
-0.00157452
-0.00411782
0.00172259
-0.00651847
0.00320718
0.00761516
-0.00524839
0.00247114
0.000303154
-0.000207304
0.00069756
1.3917e-5
-5.69315e-5
0.00021774
0.000215695
-8.97076e-6
-8.39365e-5
0.00019108
-0.000121508
-0.000340721
7.25036e-5
1.61411e-5
-4.84333e-6
2.56071e-5
-9.84364e-6
-4.70537e-5
1.33455e-5
-0.000113844
4.18741e-5
2.95675e-6
-7.56919e-7
2.02996e-6
-4.59924e-7
5.07421e-7
6.41941e-7
-2.00408e-7
-8.9695e-8
1.59544e-6
-2.13716e-7
-1.9043e-8
8.99072e-7
2.10996e-7
-1.25977e-6
-7.64744e-7
-3.38526e-7
1.81465e-7
1.57224e-7
5.24207e-6
-1.33376e-5
-2.12512e-6
-3.99108e-7
4.4393e-7
-1.27883e-7
7.02101e-6
-3.14873e-5
-1.20976e-5
5.3963e-7
1.97332e-6
-2.12502e-6
-3.55572e-6
1.41766e-6
9.43119e-6
-2.68328e-5
0.000456459
0.000177235
-0.000130749
-5.17469e-5
4.02007e-6
-1.19609e-5
-3.51983e-6
9.67106e-6
-0.00688881
-0.00422321
0.00302527
0.00150198
-7.6658e-7
2.17276e-6
3.57839e-7
-8.31745e-7
-0.00848971
0.00193716
0.00496811
0.00884492
0.0325531
-0.0142248
-0.00502881
3.5126e-9
2.76406e-8
-1.73239e-8
4.7505e-8
2.17826e-8
6.55002e-9
6.51745e-8
-6.86278e-8
-7.04823e-8
6.69835e-8
-9.44314e-8
-1.67413e-7
-0.00221257
-3.60641e-8
0.000199441
-0.000190414
-1.18108e-5
-0.000597514
4.91008e-8
-5.81519e-8
2.62766e-8
2.33947e-7
7.43069e-5
-2.4102e-6
9.88629e-7
-1.15097e-8
4.67628e-8
2.84673e-7
-6.11046e-6
-7.38821e-9
4.88372e-8
2.30254e-6
-6.22406e-7
-4.36902e-10
1.52878e-9
1.44765e-7
-5.67588e-7
2.57055e-10
1.38313e-9
7.13165e-8
4.69337e-8
1.83656e-10
-4.34565e-10
4.95053e-8
1.189e-7
-3.87933e-7
-1.54532e-10
1.43803e-9
3.05592e-8
-1.33667e-7
1.87036e-8
-2.47307e-8
-2.24561e-10
2.20839e-9
-5.04255e-8
-1.46867e-7
-3.21484e-8
3.41548e-7
-1.81722e-11
1.24072e-9
-4.92964e-8
3.51732e-7
1.23447e-7
-5.56796e-7
6.39548e-9
-2.63525e-9
-9.34083e-10
-7.29614e-8
-3.51883e-8
6.62356e-9
-1.17321e-7
-3.59133e-8
1.46972e-7
-2.45104e-8
-3.77203e-10
2.01388e-7
-7.6313e-8
-4.44269e-8
8.77908e-8
-6.68527e-7
3.17457e-6
-6.06464e-7
1.10373e-7
1.13521e-7
-1.91759e-9
-5.15296e-8
1.22915e-7
-5.01021e-8
1.2281e-5
5.01713e-6
-1.41141e-5
-1.2663e-5
2.53366e-6
1.66217e-7
-1.77049e-8
3.5534e-8
4.52228e-8
6.87022e-8
1.57871e-7
6.89329e-7
-4.76213e-6
2.29202e-5
-1.73764e-5
1.57662e-5
0.00423305
-0.00259184
-0.0043842
-0.00024373
0.00222775
0.0019155
0.000181481
-0.00398758
-0.0037027
0.00599626
0.00122927
5.4693e-5
-0.00173164
0.00707163
-0.00100492
0.00150888
0.000497669
-0.000173124
0.00161246
-0.000490743
-0.00280327
-0.00197184
0.00030275
-5.05409e-5
0.000245844
-0.00016936
6.01789e-5
-2.55492e-5
5.30139e-6
-1.21662e-5
4.81039e-5
-1.02499e-5
2.67558e-5
-4.86761e-6
-3.09284e-6
5.18655e-7
-1.35002e-5
3.66878e-6
1.17972e-6
-2.76681e-7
1.08982e-6
-2.75495e-7
5.16024e-8
-2.28807e-6
8.68599e-7
7.45605e-7
2.18981e-8
-2.38903e-6
1.03803e-5
-1.47415e-5
-1.40022e-7
1.80439e-5
5.92421e-5
-6.64169e-5
-4.00201e-7
8.17885e-5
9.48947e-5
-0.00016469
3.3336e-5
1.44697e-5
-9.02262e-6
-6.24735e-7
3.14525e-5
-7.34903e-5
-2.33231e-5
4.87816e-5
-0.00113751
-0.000464362
0.000369491
0.00012368
-5.37699e-6
1.14165e-5
1.60425e-6
-2.02601e-6
-0.000832015
0.00314152
-0.000402815
-0.00157554
9.8291e-8
2.11369e-7
-3.54107e-7
-5.23968e-7
-1.98167e-7
-0.0806421
0.105225
-0.0435675
0.0494662
0.119977
-0.0806795
-0.146363
0.030673
-2.52957e-7
4.96665e-7
3.59411e-8
8.65376e-7
-0.136526
0.133888
0.139096
4.41145e-7
-1.93879e-6
0.132818
-0.174324
-0.121988
-3.08056e-7
1.12202e-6
-0.178469
0.209081
0.105631
2.43013e-7
-3.84725e-7
0.0559285
-0.00152447
-0.039286
2.53424e-7
-1.12113e-6
-0.0201565
0.00338551
0.0110945
4.57439e-7
-2.04893e-6
0.00403337
-0.00168335
8.63399e-7
-1.00657e-6
-7.032e-5
-2.62774e-7
8.83317e-6
-4.06565e-5
-2.03131e-7
1.07248e-6
4.94175e-5
-1.4179e-5
-9.94511e-9
4.03262e-8
3.0411e-6
-1.02528e-5
-4.88088e-9
5.41897e-8
1.56911e-6
-2.13325e-7
-1.42997e-9
1.14313e-9
8.79789e-8
-4.79722e-7
3.14677e-9
-2.01319e-10
-2.39892e-7
-4.63349e-9
1.21129e-6
-2.0993e-9
-7.11485e-9
1.04878e-8
4.54978e-7
-1.71319e-11
-6.72549e-9
7.12208e-9
-1.43045e-6
5.25081e-9
1.0986e-9
3.08096e-9
3.97948e-7
3.58294e-7
2.55692e-7
-1.4242e-8
6.80089e-8
-1.4335e-8
5.33163e-8
-1.76261e-8
-3.40435e-6
2.13549e-8
6.30797e-8
-1.49814e-6
-5.60308e-7
2.74575e-6
-3.12235e-7
5.49171e-8
3.39888e-6
-7.50328e-7
-1.92768e-7
8.68945e-7
-1.2061e-5
6.33586e-5
-1.1591e-5
1.76934e-6
-1.20268e-7
-4.83796e-7
-6.59409e-7
-2.10706e-7
1.29275e-6
-1.14579e-7
-5.47063e-7
-5.43669e-7
-3.2321e-7
1.19485e-5
-4.52138e-5
-7.34112e-5
0.000216937
-0.000166672
4.33558e-5
-1.18145e-6
3.9017e-6
-3.51526e-6
8.18161e-6
-3.84939e-5
0.000270376
-0.00128648
0.00067083
0.00192297
-0.000316287
-0.000248629
0.000899879
-0.004821
0.00223178
0.00562281
-0.00621382
-0.0136902
0.00959499
-0.0116437
0.0230938
0.00689684
-0.0137119
0.000379734
-0.00319608
3.48872e-5
-7.95166e-6
0.000258517
-2.96974e-5
0.0010073
-0.000174867
0.000254861
-4.75367e-5
9.85956e-6
-4.58482e-6
7.39682e-6
-1.43472e-6
1.55071e-5
-4.40497e-6
1.43547e-5
-1.40589e-6
-1.09467e-8
-2.10328e-7
8.40365e-7
-2.8276e-7
-2.47289e-7
-1.96551e-6
-8.12907e-7
-3.69334e-6
7.37188e-6
1.39757e-6
-3.3322e-8
1.00511e-7
-1.7733e-7
1.24955e-7
-1.35979e-5
4.54121e-5
8.94993e-8
-3.41631e-11
-2.42752e-8
-1.25125e-8
-5.08565e-5
0.000203239
2.5452e-7
1.06694e-8
-5.02977e-8
6.42659e-8
-0.000104022
0.000231528
1.93067e-6
-3.64306e-7
-8.06149e-8
-1.20719e-8
0.00014373
-0.000230726
-8.70739e-5
0.000128719
-0.000101977
-2.78569e-5
2.30696e-5
5.44696e-6
-1.96078e-5
2.42865e-5
-2.0371e-6
1.93509e-5
0.000553074
0.000641612
-0.000269029
-0.000224151
-1.83522e-6
1.17516e-5
2.41802e-6
-2.02426e-5
0.0126588
-0.015143
0.00358546
-0.00644154
-0.023634
0.0139915
-0.0015018
3.68326e-6
-1.0565e-5
-2.70304e-6
3.08559e-6
-0.0391
4.12237e-6
0.0509681
-2.2804e-6
4.99291e-6
-6.2952e-6
-2.43867e-6
7.88047e-7
0.0131013
-0.0085232
6.62207e-6
-8.15697e-6
1.02993e-5
0.00251226
-0.00684124
3.78047e-6
-8.13054e-6
-0.00156898
0.00488
0.00069603
-4.43449e-6
6.26887e-6
-0.000416122
0.0011998
-0.000366003
-2.48731e-7
1.01174e-6
6.31108e-5
-9.48938e-5
-1.85328e-7
1.28571e-6
2.10187e-5
-4.18812e-6
-4.29352e-9
-3.03925e-9
9.70837e-7
-4.96008e-6
-2.3241e-8
1.34298e-7
1.30163e-6
1.22362e-6
-8.31644e-9
7.63443e-9
2.87318e-7
-6.38544e-6
-4.75698e-7
1.62642e-8
-1.72663e-8
-3.51065e-6
2.50755e-6
-3.80939e-7
1.03321e-5
1.00963e-8
-1.74353e-8
-7.0844e-7
1.83468e-6
-6.4373e-7
1.43703e-6
6.48084e-9
-2.7156e-8
3.03032e-6
6.40103e-6
2.80998e-6
-2.58088e-5
3.11598e-9
-2.62875e-8
-5.52944e-7
-1.16848e-5
-7.39453e-6
4.74831e-5
-3.33648e-8
-1.34785e-7
-2.04379e-8
-8.33781e-5
2.04697e-5
9.25735e-6
-3.70608e-5
-2.32847e-7
9.27481e-7
-7.87723e-8
3.336e-7
5.14622e-5
-1.5156e-5
-3.25579e-6
1.74615e-5
-1.09545e-5
5.79864e-5
-4.01549e-6
7.44561e-7
-2.65865e-5
2.172e-6
4.48376e-6
-1.50304e-5
-1.0246e-6
-0.000753629
-0.000264692
0.00091611
-0.000141075
2.77914e-5
2.48031e-6
-7.53171e-6
2.7783e-6
1.1089e-5
-9.8256e-6
4.72942e-6
-4.05985e-6
0.000738207
-0.000764283
0.00142559
-0.00123778
0.00625575
-0.0060499
-0.0104764
0.00623167
0.00910977
-0.00637646
-0.00323153
-0.00813652
-0.000335867
0.000160315
-0.000132393
0.000104324
0.00171534
-0.000452496
-0.00264386
0.00507052
0.0365936
-0.043819
0.0139741
-0.0137283
-0.00326126
0.000457916
-2.72768e-6
6.89473e-6
1.39065e-5
6.56368e-6
0.000280624
-8.39221e-5
0.000248769
-1.12966e-5
4.9589e-6
-1.26499e-5
6.0962e-6
-3.69384e-6
2.14138e-5
4.37011e-6
-7.67703e-6
2.03818e-5
-4.38175e-5
-6.8886e-6
-2.79682e-6
4.64127e-6
1.46255e-6
3.41909e-6
-9.08475e-6
3.66013e-5
-3.13467e-7
-7.70491e-5
-0.000132634
0.000236263
5.76141e-8
-0.000380971
-0.000420043
0.000616205
7.30757e-9
3.06736e-8
0.000323319
-0.000145916
-3.45688e-6
-1.50248e-6
1.17107e-6
-9.28314e-7
-1.02367e-5
-6.20191e-5
-5.91444e-5
0.000215182
0.000106065
6.5696e-5
-2.97683e-5
-1.67798e-5
-3.61568e-5
0.000122531
4.02025e-5
-0.000136648
0.00254111
-7.00873e-5
-0.000975366
0.00150614
0.000110115
2.50167e-5
-5.63096e-5
1.4209e-5
-0.00387015
-4.40595e-6
-1.00103e-5
1.10373e-5
7.27434e-6
0.115489
-0.143245
0.0682533
-0.0847199
-0.180421
0.0707184
0.155881
-0.0658272
-7.8788e-6
2.87049e-5
2.21696e-5
-2.7108e-5
0.146901
-0.0340275
-0.159224
-2.35414e-5
1.69993e-5
-0.0280346
-9.69073e-5
-3.08702e-6
8.48345e-6
0.013118
-0.0134871
-1.68921e-5
2.68307e-5
-2.31952e-5
-0.00503183
0.00499094
-5.87638e-6
6.23098e-6
0.00115988
-7.52358e-5
-0.000133805
-1.16186e-7
5.29566e-7
2.32269e-5
-3.08859e-5
-8.63413e-7
1.24379e-6
2.54969e-5
-1.6306e-5
4.19401e-8
-1.22394e-7
5.35202e-6
9.09214e-5
-6.87157e-6
1.21811e-7
-5.3923e-7
1.33074e-5
-1.62926e-8
-1.76679e-8
7.15473e-6
3.25709e-8
-1.43173e-5
2.90001e-8
6.34575e-8
-6.52217e-8
-7.75507e-6
3.64659e-8
8.88141e-8
-7.99435e-8
0.000121781
-0.000186237
9.75634e-8
1.42401e-7
-1.39655e-7
0.000264457
0.000121787
-0.000365219
-3.96926e-7
2.88138e-7
1.0784e-6
-2.92314e-7
0.000452864
-0.000131853
-5.34455e-5
0.000188405
-4.03002e-6
1.15353e-5
-1.14617e-6
-2.17197e-6
-0.000199879
5.50554e-5
3.59813e-5
-8.35029e-5
-0.000302483
0.00109449
6.33493e-5
1.83667e-5
2.0325e-5
-2.32144e-6
-9.13186e-6
1.6961e-5
-8.47775e-6
1.82196e-5
-6.18299e-5
-4.31012e-5
1.20366e-5
4.99859e-5
-0.00122857
0.000303312
-0.00387826
0.00282416
-0.000988329
4.59827e-5
-9.86545e-5
-0.00265552
0.00341533
0.00420278
-0.00477097
0.00633751
-0.00799745
0.0104018
0.0294251
-0.0225113
-0.0234223
0.0130764
0.0157259
0.0162476
-8.63126e-5
7.33619e-6
2.21857e-5
0.000138138
-3.02473e-5
0.000271441
0.000378617
0.0230451
-0.0427612
0.00677378
-0.0114314
-0.00197569
0.00170424
0.000148161
-1.78477e-5
4.64409e-5
-3.46595e-5
-5.65219e-6
-0.00010378
0.000161039
5.90949e-5
-5.03285e-5
8.43143e-6
2.16621e-5
3.84552e-6
-3.71828e-6
6.46604e-6
-1.20219e-5
5.86593e-6
-1.23876e-5
2.28139e-5
-1.39781e-6
-5.5411e-7
3.74912e-5
-5.48461e-5
-5.44111e-7
1.77122e-6
-1.78258e-6
6.39291e-7
0.000203776
-0.000252376
-6.46395e-8
1.78069e-7
-2.02624e-7
1.11331e-7
0.000456516
-0.00057388
2.96196e-8
-8.74605e-9
1.14614e-8
-1.46117e-8
-0.000419207
0.000384416
0.000122129
-3.7922e-6
-2.44069e-7
-1.71976e-7
0.000157115
-0.000342818
5.97714e-6
4.1013e-6
-9.55729e-7
-7.14304e-6
2.68375e-5
-0.000151254
0.000333657
-0.000139267
0.000249252
0.000250085
-7.3917e-5
-2.91245e-5
-8.86033e-5
0.000196358
0.000107368
-0.000179116
7.96521e-5
-0.000239191
-2.47612e-5
-1.22522e-5
3.2316e-5
-0.033581
0.0428678
-0.013904
0.0250974
0.0576625
-0.0340226
0.00717618
9.81652e-6
-3.58232e-5
-3.1845e-5
8.32243e-5
0.0449764
-7.47878e-5
-0.0438556
6.37754e-5
0.0173934
-3.81834e-5
0.0226364
-0.0150495
-3.95982e-5
3.60227e-5
-0.0129658
-0.00649771
0.00581857
4.49425e-5
-3.69915e-5
0.00144936
-0.0085625
-1.29197e-5
0.0207826
-0.00875102
-6.8241e-6
2.19152e-5
-1.24554e-5
-0.00287758
0.00504375
-3.83508e-6
2.57223e-6
0.000810267
-0.000336673
-0.000292278
-2.18068e-5
-0.000196492
9.60879e-7
-8.11212e-7
1.18089e-6
-1.43695e-6
-0.0001076
0.000499203
-0.00010096
-1.23889e-7
4.05534e-7
-0.000128052
5.30144e-5
2.61842e-8
2.58998e-8
-9.52952e-5
-0.00115866
0.000694045
-4.303e-8
-1.23823e-8
0.000128792
-0.000329232
-2.12101e-5
-2.5894e-5
-9.28258e-8
8.70985e-8
-4.47634e-6
1.81589e-5
6.70322e-5
-6.63485e-5
-1.61392e-7
1.06537e-7
-0.000456768
0.000852787
0.00053129
-0.00120151
-8.92643e-8
-7.34207e-7
3.51757e-7
0.00137565
-0.000635361
0.000718541
6.7912e-8
9.84952e-7
-0.00076558
-0.000270333
0.000609632
3.11822e-6
-6.81267e-6
-1.19784e-7
-1.25733e-7
-0.000213285
0.000386192
0.000156728
-0.000284042
-0.00013781
0.000460333
0.000118927
9.90897e-6
7.22412e-6
0.000174638
-5.1693e-5
0.000108227
-9.30439e-6
-5.29694e-5
0.000172131
7.95532e-5
0.00339828
0.00297996
-0.00444544
0.00120565
-0.00330611
0.00164374
-0.000786928
-0.000192136
0.000172376
-0.000253797
0.000623824
-0.00201431
0.00287224
-0.00181371
0.00243055
-0.00365441
0.00552301
-0.00598402
0.00666319
-0.00774746
0.0101034
-0.00657472
-0.0265899
0.0111866
0.0164669
0.0133557
-0.000572875
0.000175426
-0.000429385
0.00106896
0.0058339
-0.0106216
-0.00111584
-8.77311e-5
0.000256658
-0.000149218
0.00013624
2.64913e-5
-3.65198e-5
6.62524e-5
-3.98287e-5
5.17168e-5
-9.47849e-5
-2.71614e-5
-2.01145e-5
0.000163893
-0.000197136
-9.55246e-5
1.97401e-5
-1.01083e-5
1.78414e-5
0.00011734
1.63988e-6
-5.28425e-7
-0.000126509
0.000346661
3.85075e-7
-2.74956e-7
-0.000328992
0.000484785
5.42637e-8
-4.66642e-8
-0.000224643
-0.000231538
4.90982e-8
4.53243e-8
1.50006e-8
-9.25982e-9
-0.000315156
0.00061638
0.000438595
-0.000789414
-1.41357e-8
1.22623e-6
-0.000655986
-0.000312007
0.0006847
-4.25481e-7
4.68303e-5
-8.52106e-5
0.000310737
-0.000175721
-5.50683e-5
0.000149065
-0.00994576
-0.000805579
0.00711599
-0.0148987
-0.000122607
-7.53082e-6
-1.36797e-6
0.000115374
0.0254637
-0.000182796
-0.0256036
0.00017033
0.0188571
-0.000128465
-0.00434039
7.77884e-5
-0.00215456
-4.27849e-5
0.010474
2.38696e-5
0.0191482
-0.0176556
4.21964e-5
-3.18556e-5
-0.00816126
-0.013058
-1.40554e-5
0.0137381
-0.00597153
-2.03578e-7
1.79674e-6
-1.49185e-6
0.0011411
6.21896e-8
-0.00251252
6.1856e-8
5.92172e-8
-0.000247884
0.000664428
7.5699e-8
-1.76611e-7
0.000304397
0.00554396
-0.00470662
-2.2471e-8
2.43892e-8
0.00367157
-0.00104971
6.52218e-8
-8.42467e-9
0.00011058
0.000329251
8.92047e-8
-1.29423e-7
0.000261812
-0.000608024
1.5169e-8
-1.88959e-7
-0.00181326
0.00286839
6.57294e-7
-2.37541e-7
-0.00287089
-0.0013415
0.00264237
-3.3793e-7
-5.14018e-7
2.40765e-6
-1.87141e-6
-0.00225859
0.00110631
-0.00133987
1.41398e-6
-2.54424e-6
0.00130031
-0.000544605
0.000579121
-7.25777e-5
-4.87469e-6
-0.000478246
0.000555432
-0.00018941
-0.000176225
0.000406403
0.00179171
-0.00347428
0.000868233
-0.000816945
0.000420181
-0.000331419
0.000335987
-0.00027083
0.0003052
-0.000504403
0.000910977
-0.00106428
0.00158995
-0.00149297
0.00166004
-0.00129024
-0.00201283
0.00319111
-0.0035494
0.0032929
-0.00296286
0.00321187
-0.00420055
0.00531269
-0.0121072
-0.0150636
0.0167883
0.00194191
-0.00553275
0.00677274
-0.000236061
0.000489289
-0.000421484
-0.0006841
0.000715436
-0.000365409
-0.000490988
-0.00139384
0.000105776
0.00105128
-0.000741247
9.70258e-5
-0.000192251
0.000143596
0.000272025
-0.000284272
0.00059788
0.000217953
-0.000324239
0.00021095
-9.81574e-5
6.05881e-5
-7.56798e-5
-4.72931e-5
-3.21333e-5
-2.66656e-5
1.2853e-5
-0.000179675
-0.000377367
0.00048522
-2.10084e-6
-0.000354408
-0.000507844
0.000583416
5.63332e-7
1.48049e-7
6.21959e-5
0.000467508
-1.1993e-7
5.60503e-8
-0.000847512
0.00101599
-3.894e-8
1.24553e-8
-6.9006e-8
2.7023e-7
-1.00071e-6
0.000638842
-0.000951628
0.000783274
-0.000886277
-1.0989e-5
2.59982e-6
2.03168e-6
-2.02753e-6
4.68226e-6
-0.000496191
0.000668453
-0.00034978
-6.89489e-5
0.000203866
-0.000214432
-0.00184817
0.000294589
1.51276e-5
0.00202921
-0.00511231
-7.41519e-5
0.000110348
6.77486e-5
0.00990938
-0.000214141
-0.0118934
0.000297768
0.00775978
-0.000297801
0.00228984
0.000227698
-0.0138977
-0.000138682
0.0209584
6.89454e-5
-0.0286705
-2.99238e-5
0.047015
1.89146e-5
0.0384634
-0.055205
2.75038e-5
-1.98806e-5
-0.0133154
0.0141056
-0.00990407
-0.00145983
5.46695e-7
-2.84609e-6
4.30599e-6
-0.000781725
0.00605254
6.77323e-8
-1.02905e-7
0.000911775
-0.00626564
0.0084074
0.00539742
-0.0118934
4.20457e-8
-2.53072e-8
-6.19458e-9
1.14431e-8
-0.00542281
0.010774
-0.00922461
0.00518679
5.87541e-9
7.86977e-10
-0.00525909
-7.736e-8
6.68721e-9
0.000379291
1.47253e-7
-0.000442475
3.01924e-7
5.7043e-7
-5.22732e-7
0.00391742
-0.00737299
-1.73678e-7
1.23791e-6
-9.75487e-7
0.00519145
-0.00416083
-1.53941e-6
1.09177e-6
0.00332237
0.00152041
-0.00247811
2.46693e-6
-2.64025e-6
-4.92331e-6
3.25259e-6
0.00172749
-0.00181272
-0.00094165
0.00140342
2.67685e-5
-6.99153e-5
1.53653e-5
-1.226e-5
8.92806e-6
-0.000936681
0.000611212
-0.000823373
-0.000466954
0.000758138
0.000257743
-0.0013536
-0.000478829
0.000535214
-1.8399e-5
-7.94862e-6
-0.000515045
0.000486731
-0.000363498
0.000249518
-0.000211687
0.000295354
-0.000476268
0.000686273
-0.00125525
0.00155531
0.000993073
-0.00121418
-0.000880937
0.000100423
0.00135901
-0.00266675
0.00293578
-0.00193291
0.000144728
0.0022624
-0.000247211
-0.000477189
0.000907147
-0.000649426
0.000480533
0.000846709
-0.00117824
0.00506354
-0.00635843
-0.00261738
0.00138385
-0.000334113
0.000237574
-0.000169744
-0.000862485
0.000521863
-0.000283399
0.000118081
-8.05009e-5
8.2997e-5
0.000117623
-2.67273e-5
2.00522e-5
-3.0406e-5
2.10662e-5
4.53564e-5
0.000276849
-0.00034405
0.000363032
-0.000437375
-1.18416e-5
2.19185e-5
-1.61451e-5
8.34033e-6
0.000452072
-0.000386394
-2.68884e-6
6.59131e-6
-4.65306e-6
2.00197e-6
7.10311e-7
-0.000284142
0.000141316
0.00027824
-0.000640427
-1.54309e-7
4.44588e-8
0.000885533
-0.000985547
-6.02383e-8
1.10259e-7
-4.65781e-7
0.000932413
-0.000808139
0.000769165
1.22237e-6
-5.61063e-6
1.45896e-5
-0.000664299
0.000520276
0.000228383
-0.000463392
8.78063e-5
-0.000916439
0.0016922
-0.000140761
-0.000110638
-0.00261729
0.00028929
0.000173899
-0.000404837
0.00833376
0.00041459
-0.0211501
-0.000329872
0.0324548
0.000205966
-0.0369086
-0.000101369
0.0354388
3.97728e-5
-0.0299861
-1.38163e-5
0.014252
4.12202e-6
0.00161869
1.23519e-6
0.0146686
-0.0179501
-6.24101e-8
-1.74755e-8
2.02745e-7
0.0175332
-0.0199162
0.0247088
5.26374e-9
-3.78584e-9
1.41459e-8
-0.0270103
0.0251297
-0.0208357
-1.38196e-8
2.01268e-9
0.0191129
0.00691575
-0.0177533
3.08419e-7
-2.6171e-7
-5.51575e-8
3.32829e-8
-0.00316423
0.00779628
0.00170024
-0.00137221
0.00397843
-0.0104388
-7.93703e-7
4.93281e-7
-0.017107
0.0223245
0.0116654
-0.0143948
-1.586e-6
-1.73674e-6
1.22979e-6
0.0076451
-0.0069217
0.00517975
3.15029e-6
-2.44587e-6
2.79624e-6
-0.00382147
0.00277319
8.27023e-6
-5.21459e-6
-0.00202863
0.00179024
-0.00161429
-3.39808e-5
1.95529e-5
-1.27656e-5
0.0015412
-0.00165501
0.00081285
-0.00103168
-8.90163e-5
-7.15248e-5
5.83467e-5
0.000593694
-0.000407308
0.000224826
-4.42245e-5
-5.55729e-5
3.15611e-5
8.81348e-5
-0.000235482
0.000373791
-0.000159104
0.0010319
-0.00122561
0.00107146
0.000403154
0.000200403
-0.00122786
0.00308292
-0.00568849
0.00809716
-0.00908229
0.00812796
-0.00598044
0.00420094
-0.00373854
-0.00455123
0.00684042
0.005253
-0.00542538
0.00528471
-0.00106938
0.00067878
-0.000495885
-0.00324047
0.00231894
-0.00149644
0.000328048
-0.000224634
0.000156281
0.000991532
-0.000647265
0.0003759
-0.000106229
6.8006e-5
-0.00014604
-4.97293e-5
-4.44534e-5
3.45386e-5
-2.12586e-5
0.000246308
-0.000344659
0.000356853
1.13382e-5
-6.5442e-6
-0.000314023
0.000206243
3.23758e-6
-1.37976e-6
-6.5522e-7
-5.27912e-6
-0.00023047
0.000446333
2.33976e-7
-8.03604e-8
-0.000632829
0.000707613
3.32215e-8
1.93698e-8
-3.259e-7
-0.000681317
0.000621867
-0.000605903
8.55605e-7
5.52492e-8
1.24555e-5
0.000569621
-0.000626682
0.000488699
0.000195616
-5.88581e-5
-1.34011e-5
-0.000162116
0.000292124
0.000285178
-0.000421651
6.15803e-5
-0.000194914
0.000181483
-0.00134649
-0.000352369
0.00680146
0.000458122
-0.0181374
-0.000471232
0.0332944
0.000383235
-0.0456647
-0.000243864
0.0488142
0.000119243
-0.0424721
-4.39756e-5
0.0307991
1.23589e-5
-0.014004
-2.31707e-6
-0.00580028
0.0079987
-2.93188e-6
1.83107e-6
-0.00475698
0.00555389
-0.0152495
0.0220758
-8.53284e-9
1.04472e-7
-4.75235e-7
-0.029927
0.0364979
-0.0449171
2.82457e-10
3.79921e-10
2.63023e-9
0.0505274
-0.0491066
0.0405593
1.19039e-8
-2.03507e-9
-0.0313683
0.0230495
2.70285e-7
1.12995e-7
-3.95326e-8
-0.0116778
0.00067049
0.00873715
1.29052e-6
-6.76609e-7
-0.0181547
0.0192424
2.94291e-6
-2.01133e-6
-0.0117049
0.00748715
-0.00507238
-4.8631e-6
3.15262e-6
-3.09815e-6
0.00344805
-0.00239261
-1.11083e-5
7.52972e-6
0.00178438
-0.00161315
0.00158476
3.5884e-5
-2.38214e-5
1.61382e-5
-0.0020064
0.00178742
0.00134439
-0.00206327
5.37294e-5
1.33892e-5
-7.90291e-5
7.51911e-5
-4.8472e-5
0.000814122
-0.0004937
0.000208428
3.96526e-5
-0.000274755
0.00042868
-0.000441204
0.000325603
-0.000163926
5.27332e-5
-5.06793e-5
6.57225e-5
0.000411714
0.000846423
-0.000965623
-0.00149738
0.00248568
-0.00456252
0.00761937
-0.0107679
0.0125825
-0.0121169
0.00951397
-0.00652768
0.00558769
-0.00506056
0.0053458
-0.0040324
0.00121276
-0.000976544
0.000512564
0.00281412
-0.00205051
0.00140962
-0.000278482
0.000180393
-0.000116444
-0.000979814
0.000664366
-0.000402771
7.39953e-5
-4.49326e-5
0.000187285
-1.2579e-5
3.52419e-5
-3.98798e-5
1.81159e-5
-0.000192253
0.000295657
-0.000274374
-6.88326e-6
5.61958e-6
0.000199681
-9.79227e-5
-2.37494e-6
1.71884e-6
1.89282e-7
-3.73295e-5
0.000129857
-0.000217318
-4.9407e-8
3.05661e-8
0.000316675
-0.00037952
-1.3554e-7
3.00662e-7
-1.23282e-7
0.00039032
-0.000378073
0.000451473
1.99138e-7
-1.95731e-6
-7.90713e-6
-0.000658791
0.000714652
-0.000484204
2.39728e-5
6.02036e-5
0.000122571
0.000335527
8.61504e-5
-0.000749241
-0.000332077
0.00275733
0.000396477
-0.00860964
-0.000444666
0.0199383
0.000437118
-0.0352421
-0.000347722
0.0483307
0.000214154
-0.0520837
-9.66168e-5
0.0435938
2.92832e-5
-0.0282884
-5.08101e-6
0.0127375
-2.24422e-6
-0.00482702
6.4565e-7
-0.00569879
0.0153138
-0.0306607
-1.14261e-8
-3.2357e-8
-9.44527e-9
0.0418884
-0.0489189
0.0609979
4.17845e-10
-8.75011e-10
-2.74654e-9
-0.067666
0.0638573
-0.0513119
9.67064e-10
-1.76884e-9
0.0320374
-0.0210348
-3.7742e-7
-6.96697e-8
9.71297e-9
0.00899102
0.00355244
-0.00714842
-2.25949e-6
1.05563e-6
0.0161147
-0.0262593
-5.60053e-6
3.41825e-6
0.0138197
-0.00635857
0.00364722
5.78789e-6
-3.08219e-6
4.18654e-6
-0.00236415
0.001648
1.19539e-5
-8.26981e-6
-0.00125182
0.00138119
-0.00211107
-3.63715e-5
2.47225e-5
-1.71045e-5
0.00241675
-0.00182359
0.00165606
0.000101379
-7.33945e-5
5.05957e-5
-0.000318335
4.24943e-5
8.86269e-5
-0.000306298
0.000547837
-0.000727771
0.000769544
-0.000657719
0.000445545
-0.000245762
0.000158764
-9.12081e-5
-0.000185933
0.00310581
-0.003406
-0.00271177
0.00424597
-0.00684393
0.00986522
-0.012102
0.0122934
-0.0104166
0.00655562
-0.00499761
-0.00310577
0.0038597
0.00249286
4.75983e-5
0.000281802
-0.0001991
-0.00190286
0.00166247
-0.00107369
0.000140347
-0.000118351
6.70293e-5
0.000742062
-0.00053312
0.000321555
-4.6935e-5
2.27875e-5
-0.000128965
-5.24166e-5
-1.52985e-5
2.7278e-5
-1.5355e-5
0.000144423
-0.000284095
0.000196484
7.35469e-6
-3.09898e-6
-0.00011651
4.74942e-5
2.62131e-6
-1.45277e-6
6.43214e-7
1.444e-5
-3.43981e-5
6.36956e-5
-4.22434e-7
3.33992e-7
-0.000126262
0.00015817
5.27196e-8
-1.03485e-6
-4.04831e-7
-0.000198229
0.000166996
-0.000167408
1.1025e-6
-6.74772e-6
3.12344e-5
0.000207997
-1.28067e-5
-5.96937e-5
-4.18596e-5
0.000341964
-0.00138715
0.00139144
0.000673591
-0.000810301
-0.00260379
-0.000416275
0.00720106
0.000373852
-0.0159812
-0.000327741
0.0284714
0.000223275
-0.0402896
-0.000105561
0.0446982
1.79467e-5
-0.0389949
1.71882e-5
0.0228044
-1.64317e-5
-0.00974958
9.08154e-6
0.0002108
0.00224361
-0.0121597
0.0348043
1.56378e-8
6.83516e-8
-1.46962e-7
-0.0500191
0.0466515
-0.0596196
1.70495e-9
-9.1589e-9
1.43463e-8
0.0638274
-0.0523889
0.0289475
-5.97616e-9
1.29198e-9
-0.00124235
0.00428492
3.14704e-7
-4.40016e-8
2.00855e-8
0.014
-0.00700304
0.0163303
3.55241e-6
-1.36518e-6
-0.0164878
0.0223387
9.77308e-6
-6.10151e-6
-0.0048718
0.00215389
-0.00206046
-5.17851e-6
5.87851e-6
-9.49468e-6
0.00138462
-0.00111046
-1.00313e-5
7.01672e-6
0.00067659
-0.000553243
0.000674009
3.1849e-5
-2.00793e-5
1.36765e-5
-1.93849e-5
-0.000287166
6.15283e-5
-3.90881e-5
-0.000293836
0.00025642
-0.0002599
0.000456474
-0.000648576
0.000792873
-0.000842694
0.000754269
-0.00056638
0.0003084
-0.000188558
0.000132382
-8.54829e-5
0.00098649
-0.000546573
-0.00197373
0.00241257
-0.000850363
0.00173153
-0.00314708
0.00470527
-0.00685551
0.00854557
-0.00933772
0.00702483
-0.00468688
0.00331263
-0.00274731
-0.00218838
0.00162604
-0.000362655
-3.4512e-5
3.34019e-5
0.000809425
-0.000655925
0.000911398
-0.00100253
0.000566849
-4.11543e-5
5.89616e-5
-4.49571e-5
-0.000347592
0.000338152
-0.000211838
4.32093e-5
-4.11795e-5
9.05876e-5
2.17142e-7
-3.19582e-6
3.16005e-5
0.000140379
-3.71398e-5
4.8066e-6
-3.3065e-6
-2.29267e-6
2.40073e-5
3.08393e-6
-2.52984e-6
-9.02753e-7
1.873e-6
2.33637e-6
-1.81467e-6
-7.11117e-5
5.32004e-5
1.56811e-6
-1.59135e-6
8.24396e-5
-8.35398e-5
1.16858e-6
1.72595e-6
2.50846e-6
9.10025e-5
-5.07236e-5
3.30895e-5
2.02707e-6
4.38059e-6
-9.09372e-6
-4.62172e-5
-0.000136881
7.26551e-5
-0.000121601
-0.000172643
0.000277773
0.000237015
-0.000167524
-0.000139624
0.00187893
-0.00225239
0.000617595
-0.000389757
0.00196519
0.000252457
-0.00512249
-0.000279069
0.0102125
0.000192777
-0.0183397
-4.04984e-5
0.0261259
-5.81994e-5
-0.0308393
0.000103566
0.0237077
-7.10658e-5
-0.0130294
4.36417e-5
0.00582404
-1.24688e-5
-1.11383e-5
-0.00518391
0.00482612
0.0164976
-3.21886e-7
1.13153e-6
3.91392e-7
-4.87997e-7
1.06518e-6
-0.0274763
-1.03685e-7
0.0380725
-0.0353059
0.0376594
-1.51978e-9
1.51814e-8
2.40804e-8
-0.0413938
0.023897
0.00599501
-2.06204e-9
1.12125e-9
-0.0341719
0.0445466
-0.0159031
8.57891e-9
-1.80025e-9
-0.0385734
0.0366402
-0.0163364
1.22401e-7
-0.0187361
0.0132268
-0.00888144
4.25024e-8
0.00744263
-0.00597507
0.00351498
3.11919e-6
-1.97064e-6
-4.51862e-8
5.60465e-7
-0.00162947
0.000834457
6.4668e-6
-4.65505e-6
-0.000304601
0.000154266
-0.00021824
-1.83023e-5
1.03008e-5
-6.59092e-6
-9.8619e-5
-2.78718e-5
0.000167057
-2.5825e-5
0.000162282
0.00030189
-6.8662e-5
-0.000104198
5.40078e-5
-1.2382e-5
1.69653e-5
-0.000367718
0.000303059
-0.000560054
0.000595028
-0.000611743
0.000612105
-0.00057185
0.000386418
-0.00021194
0.000131267
-0.000643723
-0.002088
0.00271751
0.00316626
-0.00277107
0.00386561
-0.00450579
0.00476264
-0.00353994
0.00211575
0.00096594
-0.000648069
-0.000449256
7.02171e-5
-0.000608986
0.000338855
0.000165871
0.000373049
-0.0002065
-0.000194421
-3.0966e-6
-1.42131e-5
-0.000192693
0.000133105
0.000117262
4.49313e-6
6.89896e-6
-5.57519e-5
1.46169e-5
-1.00483e-5
-1.58868e-5
9.69442e-6
-3.09029e-6
-5.01159e-5
1.77653e-5
-4.36925e-6
3.27785e-6
9.47319e-6
-1.12713e-5
-1.53003e-5
5.97204e-6
-2.35427e-6
2.53005e-6
1.26421e-5
-8.59365e-6
-2.21369e-5
8.49498e-6
-2.12547e-6
2.49764e-6
-1.52742e-5
4.14351e-6
-2.55827e-6
3.89513e-6
1.01805e-5
-7.42752e-6
-3.48627e-6
1.6586e-5
-3.24069e-5
-9.09597e-6
2.18139e-6
3.61163e-5
-5.82901e-5
0.000111858
-0.000294082
-0.000420372
0.000212935
-0.000822732
-0.000321438
-0.000676239
0.0026789
-0.00222325
-0.00033194
0.000658387
0.00466479
0.000350522
-0.00546873
-8.68879e-5
0.0098658
-0.000204409
-0.0130162
0.000263604
0.0148207
-0.00021585
-0.0106977
0.000182686
0.00533965
-7.68533e-5
-3.06783e-5
-0.000278297
0.00322148
-0.0095371
-1.08682e-6
2.14752e-6
1.26834e-6
0.012273
-0.0162815
0.0124616
-0.00364076
0.0133524
-8.01594e-8
8.36526e-9
0.00292551
-0.0304125
9.93805e-10
7.70409e-10
0.0600806
-0.0518416
-4.66793e-9
5.31503e-10
0.0473244
-0.0318813
-4.19243e-8
9.44021e-10
4.07286e-9
4.66337e-9
0.0177725
-0.0100109
-4.3295e-9
1.20185e-8
-1.32657e-8
1.07742e-9
0.00504601
-0.00538381
-0.00481465
-1.1031e-7
-1.78299e-7
1.0121e-7
0.00168128
-0.000132035
-1.69454e-6
9.12494e-7
5.03031e-5
2.49424e-6
-2.15113e-5
6.66087e-5
-2.39965e-6
1.99917e-6
-3.4052e-6
0.000269298
-0.00055788
-0.000293893
-1.07596e-5
-6.06255e-6
2.31131e-6
5.00646e-6
0.00081328
-0.000483407
0.000896234
-0.000461618
0.000254301
-0.000200297
0.000188038
-7.93018e-5
5.37822e-5
-5.02214e-5
4.84879e-5
-0.0010009
0.00146324
-0.000771838
-0.00311774
0.00240217
0.00129877
-0.00158677
0.00180095
-0.00235719
0.00167272
-5.85339e-5
0.000107266
0.0001391
-1.15399e-5
-2.90041e-5
-1.61842e-5
0.000303768
-0.000185853
5.23155e-5
-0.000874613
4.81309e-5
-4.57734e-5
9.15565e-5
6.84212e-5
-5.73085e-5
1.03132e-5
-1.61947e-6
-2.9571e-6
3.25009e-6
-3.86278e-6
6.78157e-5
-8.16289e-5
-7.14475e-5
4.16551e-5
-1.62009e-6
2.87271e-6
3.29449e-5
-1.72152e-5
-1.20941e-5
1.46661e-6
-2.01973e-6
7.50059e-6
-6.81469e-6
1.19299e-6
-1.12631e-6
3.42964e-6
-1.71137e-6
9.69008e-7
-1.0355e-6
1.85338e-6
-1.41291e-6
1.08489e-6
-1.66727e-6
1.15546e-6
2.58251e-6
-5.73174e-6
-1.66036e-6
-2.32456e-6
-1.77331e-6
5.44704e-6
1.06266e-5
-3.31363e-6
2.80957e-6
-2.17365e-5
3.79862e-5
-3.33387e-5
4.71808e-5
1.75571e-6
-5.46158e-6
-3.92364e-6
-3.00352e-5
3.65605e-5
4.62162e-5
-0.00014845
0.000215971
-0.000124581
0.000249788
-0.000551006
0.00103453
0.000839447
-0.000673423
-0.000343902
-0.000768311
-0.000343144
-0.000323068
0.00292297
-0.00423941
-0.000403714
0.000349317
0.00244902
-0.00016908
-0.00398417
0.000510213
0.00503392
-0.000653022
-0.00704049
0.000455584
0.00487085
-0.000271131
0.000609331
-0.000776869
0.000727379
-0.00102049
-0.00289521
-2.84779e-6
-9.21784e-6
-1.08998e-5
1.6014e-5
6.38997e-5
0.00569372
2.84931e-6
-0.00625753
0.00306601
-0.00584027
-0.00231369
2.88633e-7
-3.10494e-7
8.2468e-8
-3.65241e-7
-7.86156e-7
-0.00242374
0.0160516
-0.0134821
-0.0303965
0.0325818
-3.14493e-9
-1.65651e-8
-1.17671e-8
6.19144e-8
-0.0432904
0.0347304
1.28787e-9
-3.43376e-9
-0.0218887
0.0147634
2.14936e-9
-2.58929e-9
-0.00462509
0.00282552
2.36305e-8
-8.27438e-9
3.56443e-5
0.000325592
2.41748e-7
-8.33422e-8
-0.000330738
-5.59506e-7
7.0536e-5
-2.77444e-5
2.46455e-7
3.11444e-5
3.60517e-7
-1.38266e-6
-1.16657e-6
7.71197e-7
-4.21401e-7
8.9644e-7
-7.30839e-6
-3.87629e-6
4.89884e-5
-5.15259e-5
-0.000160477
-1.13746e-6
-4.34266e-6
6.57909e-7
9.50945e-7
0.000339484
0.00105688
-0.000909349
-0.000448515
-0.000440153
-7.86786e-7
2.93481e-5
-2.81466e-5
1.58058e-5
0.000811086
-0.00106606
4.19743e-5
0.000241959
-0.000372274
0.000242458
-0.000137402
-0.000120165
6.89312e-5
-0.000443363
0.00107991
0.000533717
-0.000958386
0.00123081
-0.000899378
-0.000769289
0.00109371
-0.000517127
-0.000672467
7.13641e-6
-3.4335e-5
-6.44681e-7
0.000273575
-0.000291841
-0.000254236
7.20027e-6
-2.04772e-5
-2.99468e-5
1.33818e-5
1.34282e-5
3.51499e-9
-9.88263e-6
2.12265e-5
-6.76716e-6
-1.25002e-5
-9.06378e-7
4.31653e-7
-2.59173e-7
3.83805e-7
5.19774e-6
6.874e-6
-1.95715e-6
-1.40915e-7
-3.67002e-7
-4.64292e-6
1.00945e-6
1.26371e-8
-1.527e-7
-2.54809e-7
-1.35781e-7
2.62131e-7
-3.18727e-7
-3.09826e-7
-2.22744e-7
3.9413e-7
-3.71271e-7
-3.99665e-7
9.15649e-7
9.78943e-8
2.32951e-7
2.63243e-7
-3.22029e-7
-7.18801e-7
3.20261e-7
-2.82898e-7
-3.78261e-8
1.34519e-6
-4.45624e-7
-4.80301e-6
6.44749e-7
5.71105e-6
-6.37166e-6
-4.68305e-6
2.94626e-5
-9.34508e-6
2.73168e-5
-0.000172868
0.000138516
0.000248455
-0.000253276
-2.33646e-5
0.000739092
0.00079706
-0.000407235
-0.000246706
-0.00124895
0.000669381
-6.72062e-5
8.10816e-5
-0.00196096
0.00296686
-0.00143667
0.00116005
-0.0019907
0.000931427
-0.00159219
0.00332939
-0.00207533
-2.12528e-5
-0.000120237
-0.000600472
-3.76896e-5
-0.000122145
-7.15823e-5
0.000136
0.000369338
0.00126902
2.86323e-5
-0.000636593
0.00143121
8.46556e-5
-0.00345102
0.0040441
1.22385e-6
1.04069e-6
-0.012725
0.0226234
-6.12525e-8
-2.4877e-7
-0.0296726
0.0346655
0.0198881
-0.0209634
-1.95912e-9
1.86941e-8
9.77172e-9
-2.48125e-8
-0.0162173
0.0155001
-0.0104294
1.48526e-9
-0.00707716
0.00505608
-0.00407086
4.7087e-10
-0.000664326
0.000276472
-0.000588095
7.31439e-9
0.000160724
-8.5295e-5
1.83584e-5
1.68678e-5
3.68866e-6
2.37093e-7
1.38195e-7
-5.98243e-8
-2.41409e-8
-4.58206e-8
-6.55621e-7
-3.07899e-7
-7.22813e-6
-1.26819e-5
2.6885e-7
1.97154e-7
6.00497e-8
-0.00034616
0.000339589
0.00112372
-0.00056363
-0.000435497
-0.000217072
-5.21568e-5
0.000163331
-0.000112118
5.46929e-5
1.50986e-6
1.39312e-8
0.000324672
0.000910606
-0.00111381
0.000722415
0.000518265
-0.00047644
0.00032178
0.000502843
0.000102766
-0.000451358
-0.000346366
0.000352789
0.000358086
-3.21056e-5
0.000114437
0.000154594
6.65538e-5
-5.44868e-6
7.12597e-5
0.000110409
-9.04818e-5
-0.000149292
3.49024e-6
-4.94682e-5
-2.08121e-5
1.08279e-5
3.98486e-7
-2.00401e-6
-2.9217e-6
-8.09022e-7
2.18057e-6
-2.60283e-7
1.58489e-6
-2.11993e-5
1.27225e-6
4.38851e-8
3.20782e-6
-5.39065e-7
-6.79737e-9
-4.95323e-7
-1.04948e-6
5.24938e-8
2.62853e-7
1.15216e-7
5.76522e-8
-4.97663e-8
5.83108e-8
1.46219e-6
-4.13082e-7
1.30382e-8
8.82402e-9
-3.10169e-7
1.4065e-7
1.91438e-7
1.52749e-8
-5.3728e-8
8.44843e-8
2.21313e-8
-2.03548e-8
6.05376e-8
-8.96707e-9
-1.12254e-7
1.36568e-7
-6.49582e-8
1.89951e-8
1.01319e-7
-1.27702e-8
-1.10074e-7
1.57446e-7
3.88222e-8
-6.2554e-10
-8.54538e-7
5.49955e-9
-2.12486e-7
1.34038e-7
-1.99329e-7
1.21712e-6
-1.69185e-7
-4.59985e-7
-4.43954e-6
6.81206e-7
-4.43313e-6
2.07453e-6
-1.039e-5
5.98939e-5
-1.79428e-5
5.03103e-5
5.7506e-5
-1.95747e-5
-3.32708e-5
2.57767e-5
0.000196535
-0.000116615
-0.000145418
0.00056822
0.000159207
-8.67032e-5
-0.000119689
-0.000469141
0.000162716
-4.93977e-5
-1.64908e-5
-0.000200997
0.000843823
-0.000879763
-0.00133053
0.000999461
0.000342519
-8.98958e-5
-0.000129075
0.000464281
0.000454268
0.000584715
-0.00056054
-0.000359508
0.00051493
-0.00073992
-0.00121647
-0.000220207
-0.000258643
0.000320665
0.000142463
2.82142e-5
-5.37562e-5
0.000374374
-0.000424503
-0.00101815
0.00204462
-2.92705e-6
-2.93753e-7
5.56105e-6
-1.82438e-5
-0.00414778
0.00787284
0.00602881
-0.012793
3.89926e-7
9.15795e-7
-1.63794e-6
-2.95622e-6
0.0157373
-0.00795157
7.25832e-9
9.06129e-8
0.00554929
-0.0046711
-1.56717e-10
-4.83067e-9
1.52381e-9
2.8706e-9
0.00134694
-0.00119854
-5.07481e-10
-5.95215e-10
-3.79022e-10
1.51865e-9
-0.000522157
-2.00257e-6
-1.58439e-9
-8.5512e-10
-3.6579e-9
7.37527e-10
-7.31959e-5
4.93642e-5
3.39115e-5
1.63387e-8
1.11508e-8
9.25471e-10
-8.99916e-6
2.69308e-8
7.87356e-7
-8.43624e-7
1.86548e-6
1.23544e-6
3.56912e-7
-8.20245e-7
-2.31307e-7
1.83882e-9
-5.66304e-6
-2.51503e-5
7.99658e-5
8.06653e-5
1.33024e-7
-1.55945e-6
1.82659e-6
-8.58468e-7
-0.000169063
0.000286476
0.000346697
-0.000170409
-3.51309e-5
-0.000190341
-0.00014471
-0.00118984
0.000442422
-0.000735716
0.000572807
-0.000366087
-0.000328041
0.000200104
6.79987e-5
-3.51285e-5
0.00117452
-0.00108632
-1.21015e-5
1.02639e-6
-0.000124561
-2.47146e-5
-2.08311e-6
-9.06201e-6
3.39467e-5
4.84916e-6
2.77535e-5
3.15564e-6
-5.2698e-6
4.35376e-5
-9.84507e-6
6.78315e-6
1.57733e-5
-2.89459e-6
-4.4149e-6
2.91495e-7
5.37525e-7
3.44863e-6
-5.6875e-7
3.10343e-6
-4.38616e-6
7.82469e-8
-9.99719e-8
8.24502e-9
-1.77733e-8
1.13892e-7
-2.31845e-8
1.27131e-7
-8.79635e-7
4.96084e-8
-1.34237e-8
5.69459e-8
-3.28617e-8
6.39822e-9
-3.27732e-8
-8.72099e-8
2.00418e-8
-5.99315e-9
9.0625e-10
6.6642e-9
3.72127e-8
-6.38141e-9
1.19693e-8
2.16835e-8
3.60339e-9
-2.81285e-8
3.76231e-8
1.94179e-8
-2.47755e-9
-3.24299e-8
3.50679e-8
2.81035e-8
-8.28725e-8
3.14108e-9
-1.63924e-8
-1.85075e-8
2.50181e-8
4.94314e-8
-8.63743e-9
-2.06962e-8
-1.36497e-7
5.72109e-8
-4.32204e-7
7.94122e-8
-3.98986e-7
3.04514e-6
-7.33034e-7
1.18711e-6
-1.67495e-6
2.64932e-6
-3.46986e-6
1.32664e-8
8.25635e-8
-9.52429e-6
-4.91792e-6
1.00882e-5
9.41946e-6
3.50756e-5
1.97231e-5
1.66939e-5
3.80337e-5
0.000489596
-0.000154837
1.0417e-5
-8.00745e-6
0.00179335
-0.00156179
-1.54173e-5
-1.1872e-5
0.001313
-0.00151655
0.00121801
0.000126009
-0.00035325
0.00119097
-0.0013078
-3.35425e-5
0.00120691
2.17104e-5
-0.000841475
-4.7777e-5
0.000135071
-0.00010139
8.82514e-5
-0.000181161
-0.000164717
0.000431106
-2.06984e-6
4.27448e-5
-1.62027e-5
-0.000174259
-0.00073297
0.00186231
0.000943222
-0.00253156
5.62589e-6
8.04933e-6
-1.64058e-5
-1.87692e-5
0.00236707
-0.00585804
-0.00147211
0.00137568
-8.25652e-8
-5.21196e-7
5.11328e-7
2.31623e-6
0.00312637
-0.00291078
0.00206258
-6.41369e-9
0.00205433
-0.00164441
0.00141124
-1.04341e-8
0.000417144
-0.000321541
0.000495438
2.20792e-10
-6.54345e-5
2.92746e-5
4.05978e-6
2.7851e-9
-3.18006e-6
6.16677e-7
1.94296e-6
-2.4646e-7
-6.59606e-8
2.3523e-7
9.85502e-8
-2.08735e-8
-4.81872e-7
-1.21043e-6
4.13506e-6
4.35417e-6
2.26099e-6
-5.73421e-6
-3.0173e-6
9.15076e-7
-6.24363e-6
-7.44306e-6
-1.10231e-5
5.03491e-5
1.66582e-5
-5.32587e-5
-2.27505e-6
-2.71033e-6
-4.48354e-5
-0.000148126
0.000502836
0.00170646
-0.00154164
0.00122568
-0.00144748
-0.00132978
0.00114798
0.00125759
-0.00090181
-0.000535081
0.000430414
-0.000237245
-6.54649e-6
1.83349e-5
-1.49378e-6
-3.20953e-6
-1.13221e-5
-1.32186e-6
2.82977e-6
-1.21228e-5
-6.53736e-7
-8.97308e-8
-1.60025e-6
9.06952e-7
6.20815e-7
9.63238e-8
-3.36956e-7
1.61334e-6
1.5692e-6
1.37155e-6
-1.42326e-7
-1.20495e-7
-4.45995e-8
8.39884e-10
2.68319e-8
1.824e-7
-3.88832e-8
1.59356e-7
-1.19587e-7
6.74705e-9
-4.51955e-9
4.05773e-9
2.34069e-12
9.04001e-9
9.41016e-9
-4.65655e-8
1.63758e-9
-1.31353e-9
4.8212e-8
-1.24327e-8
-1.69349e-9
1.29422e-9
-1.93554e-8
5.20481e-9
-1.2534e-8
4.50987e-9
5.12665e-10
-8.17153e-10
1.31989e-9
-3.10573e-10
1.46461e-9
-3.81452e-10
7.82937e-9
-1.30224e-8
5.00201e-10
-6.68919e-11
4.04712e-10
-3.78176e-10
1.16093e-8
-1.44698e-8
-2.83288e-9
4.30152e-10
3.64917e-9
9.60882e-9
-1.82101e-8
3.09084e-9
-2.47363e-8
-5.41272e-10
-9.65514e-9
1.47296e-7
-3.1084e-8
4.07743e-8
-7.38359e-8
1.15803e-7
-3.19074e-7
-7.79751e-9
5.64849e-8
6.56822e-7
-1.79183e-7
-2.92285e-7
2.15452e-6
1.08569e-6
-2.95102e-6
1.46369e-7
-1.9218e-6
5.25286e-6
-1.31795e-5
-3.55967e-5
-5.89821e-6
-2.0094e-5
2.53919e-6
5.24572e-5
-8.54952e-6
-6.99049e-6
9.0155e-5
-8.09652e-6
8.68032e-6
-3.50366e-5
-1.34122e-6
9.95992e-6
1.51484e-6
9.59463e-6
1.08898e-5
-3.06318e-5
-0.000173363
-0.000478719
0.000346054
0.000116888
-0.0001276
0.000411115
0.00113142
-1.66698e-5
5.61044e-5
-8.10287e-5
0.00025758
9.30739e-5
-0.000313325
4.1309e-5
3.5157e-5
-8.89775e-5
-5.07616e-5
0.000300916
-0.000886219
-0.000328365
0.000782999
-2.4116e-6
-8.39716e-6
9.3141e-6
2.57846e-5
-0.00136251
0.00100154
3.79015e-9
7.59795e-8
-1.36977e-7
-3.9512e-7
-0.000639819
0.000489773
2.06101e-10
5.18183e-8
1.59048e-8
-9.01478e-8
3.89035e-5
3.67437e-5
-1.54053e-9
-1.76144e-10
7.06059e-10
-1.50542e-8
8.18902e-5
-1.56674e-5
-1.56666e-8
1.03755e-8
3.31386e-8
-2.65827e-8
-4.12328e-6
1.70702e-6
2.99758e-8
-1.6693e-7
-1.6362e-7
1.59646e-7
2.74613e-7
2.20707e-7
-8.78808e-7
2.9343e-6
1.17147e-6
-3.56556e-7
-6.81518e-7
-3.391e-7
1.26606e-6
1.9068e-6
1.27641e-5
-2.3089e-5
-2.2283e-5
8.73032e-6
-5.02148e-6
3.76679e-6
-2.44637e-5
-7.848e-6
6.5606e-5
9.92661e-5
-0.000221625
0.000499655
-0.000215668
0.000189265
-7.73137e-5
2.43988e-5
-0.000393149
0.00100521
-0.00122139
0.00143886
-0.00158022
0.0011878
2.77927e-6
9.17481e-7
-9.77884e-7
2.75132e-6
1.57469e-6
-9.18449e-8
-1.8964e-7
1.11825e-7
-2.69145e-7
-7.34656e-7
-4.33487e-7
-4.00116e-7
-5.8939e-7
2.20704e-7
-4.90795e-7
-7.57453e-7
-1.33052e-7
9.73127e-8
-2.57565e-7
9.28767e-8
1.17072e-7
1.57009e-8
8.66598e-9
3.51569e-8
-2.40056e-8
4.49041e-8
5.95392e-8
-4.60481e-9
-3.19268e-9
-6.01359e-10
1.3415e-9
1.23412e-8
-3.80556e-9
1.02367e-8
-5.51262e-9
4.61054e-10
-1.60148e-10
2.16608e-9
-3.28536e-10
3.32966e-10
-3.59852e-9
-9.0904e-11
-1.13702e-10
-5.89749e-10
4.51272e-10
-2.36635e-9
-1.09074e-9
2.13775e-9
-2.8393e-9
-9.5853e-10
1.04498e-10
3.23918e-9
-3.66917e-9
-1.15425e-9
4.0587e-9
4.03095e-10
-1.66328e-9
1.13722e-9
-1.88602e-9
7.18071e-9
-1.40463e-9
2.10675e-9
-1.86188e-9
4.83737e-9
-1.44152e-8
-1.21897e-9
3.57521e-9
4.16619e-8
-5.58995e-9
-9.62898e-9
1.49373e-8
4.28443e-8
-1.82808e-7
6.35694e-9
-6.68376e-8
7.77695e-7
-5.80587e-7
6.77817e-7
-6.64971e-7
-5.88878e-6
1.96391e-6
-9.54753e-5
-8.8536e-8
-1.28167e-7
-1.2675e-6
3.63676e-6
-0.000357492
0.000312367
-0.000339812
0.000148994
3.46577e-7
-2.33705e-6
-0.000717464
0.000683498
0.000966597
-1.33361e-6
7.67745e-6
0.00112528
-0.00117956
-0.00118081
-2.18832e-6
4.68753e-6
-0.00141618
0.00158946
0.00140658
4.32705e-8
-2.78318e-6
0.00132786
-0.00157549
-0.00153359
1.02747e-6
-1.699e-6
-0.00101528
0.00101438
2.28164e-7
-3.88711e-7
1.15861e-6
-5.42095e-6
2.23426e-5
5.59163e-6
-2.45897e-5
0.000159855
3.81079e-5
-0.000237384
8.49886e-5
2.72366e-5
-9.39593e-5
-3.98948e-5
0.000125337
-3.03958e-5
-6.82185e-5
8.53704e-5
0.000155548
-0.000197085
0.000497055
0.000133072
-0.00014788
5.40455e-7
1.72203e-6
-1.55775e-6
-6.8064e-6
-0.000335603
0.000360546
-0.000225907
2.38008e-7
-0.000171501
0.000182838
-0.000186826
3.31179e-8
1.85482e-5
1.41704e-5
-2.58824e-5
2.87102e-8
6.51632e-6
-3.1603e-7
-1.35236e-6
1.55391e-7
4.84997e-7
-1.92806e-6
6.97867e-8
5.60454e-8
-8.63326e-8
4.76718e-9
1.30191e-7
6.66868e-8
-8.72759e-6
2.3057e-5
7.96049e-6
-3.20307e-6
-4.97064e-7
-1.61854e-7
9.23462e-7
-7.96129e-6
3.10205e-5
-1.91242e-5
-9.91597e-5
4.99729e-5
2.86969e-5
-0.000131248
0.000243933
-0.000455264
0.000383474
0.000742858
-0.000783161
-0.00113712
0.00115719
0.00145262
-0.00140645
-0.00142571
0.00131906
0.000921897
-0.00102416
0.000560531
-0.000446077
0.000284595
2.54724e-7
-1.32535e-7
6.35857e-8
1.6672e-7
1.9648e-7
-2.43379e-8
5.93882e-8
2.54651e-7
1.30405e-7
-4.13516e-8
2.97145e-8
-3.03171e-8
-3.6876e-8
4.36082e-8
-1.46941e-8
-6.38095e-8
-1.90901e-8
-2.85587e-8
1.10455e-8
-2.76833e-9
1.85129e-9
8.79664e-10
2.8922e-10
3.34565e-9
-2.14407e-9
1.39337e-9
-4.08996e-9
-3.13975e-10
-1.2651e-10
-1.75837e-11
7.72102e-11
1.61965e-9
5.57578e-10
-4.94019e-10
1.0536e-10
-3.8974e-11
-4.8417e-10
-2.94536e-10
4.00667e-10
-7.38627e-10
4.07184e-10
-5.02954e-11
1.69978e-10
4.80501e-10
-6.55379e-10
-4.83266e-10
-6.43472e-11
5.01454e-12
7.88292e-12
8.92563e-10
-1.20992e-9
2.47879e-10
-2.68451e-10
9.68248e-11
4.64781e-10
3.87954e-10
-4.52605e-10
1.16926e-10
1.80208e-10
4.2272e-11
-2.23295e-10
2.89373e-10
8.12945e-10
4.46246e-10
-6.47809e-10
5.02153e-10
-1.71249e-9
4.97671e-9
-2.17609e-8
9.88759e-10
2.5447e-9
4.03883e-8
4.94554e-8
4.41419e-9
3.72633e-8
-2.2419e-7
2.66204e-7
4.11844e-6
1.73618e-7
2.11057e-5
-3.33289e-6
-4.49157e-8
-1.99046e-8
-6.1811e-6
1.12984e-5
2.16406e-8
2.56647e-7
-0.000125719
5.32954e-8
1.67783e-7
7.08015e-7
2.55344e-7
-3.22492e-7
4.54844e-8
-6.53079e-7
4.04538e-7
-9.09897e-7
2.66875e-6
-0.000130167
0.000511858
-0.000274403
0.00024847
-0.000198974
-0.00118697
-9.4323e-7
2.56771e-6
-8.41742e-6
-1.9984e-6
1.11982e-5
-0.00020931
-0.000303706
0.000423865
0.000500743
-1.72934e-5
5.17776e-5
1.07161e-5
5.2482e-8
4.13883e-6
2.32136e-5
-7.69315e-6
-7.04383e-5
-5.27395e-5
6.25058e-5
-3.94511e-6
7.09595e-8
-1.17799e-6
3.30813e-6
-0.000140029
0.000133826
-0.000101017
8.29252e-8
-3.32374e-7
6.9196e-7
-5.57696e-5
6.2565e-5
-6.87225e-5
1.11952e-7
-3.32476e-7
4.61147e-7
7.85631e-6
3.72525e-6
-3.28693e-6
1.15175e-6
-5.48905e-7
6.2076e-7
6.59392e-7
4.43987e-8
-1.63986e-7
6.28722e-8
4.9022e-6
-1.38516e-5
-1.35306e-6
1.27124e-6
-3.25965e-8
-3.83992e-7
3.6025e-7
-1.00453e-6
-5.58963e-5
0.000146531
1.6351e-5
-1.55271e-5
4.01838e-6
1.11752e-6
-1.68688e-6
1.58843e-5
-1.11699e-5
-0.000253299
0.000148962
-0.000292514
0.000206874
-0.000197335
-5.92638e-5
0.000162709
0.000356388
-0.000630328
0.00100669
-0.00132486
0.00134806
-0.0010251
-8.60406e-8
-1.65714e-8
5.9759e-11
-6.56882e-8
-6.80591e-8
-1.22203e-8
2.17927e-8
1.55331e-8
-2.63339e-9
6.49886e-9
2.42258e-8
2.68905e-9
1.94108e-8
-1.55352e-9
1.29868e-8
2.651e-8
1.35626e-8
-6.89961e-9
1.85837e-9
-2.36172e-9
1.13359e-9
-1.34157e-10
4.29604e-9
-1.08664e-9
-3.26941e-9
2.0868e-10
-5.93543e-10
4.30146e-10
1.5309e-11
-8.31623e-11
6.88435e-11
6.84672e-10
2.47232e-10
-1.50882e-10
3.42928e-10
2.10117e-10
-1.68903e-11
-2.14907e-11
1.7194e-11
-1.25418e-11
1.3705e-10
-2.45144e-10
4.5138e-11
-2.18808e-11
-8.88327e-11
1.07774e-10
-1.30001e-10
-1.46259e-10
1.35437e-11
1.91175e-11
-1.01031e-11
2.27258e-10
-3.44337e-10
1.22099e-10
-4.17352e-11
1.62991e-11
2.33168e-11
1.16147e-10
-1.43338e-10
-2.98666e-11
-1.04888e-10
3.29385e-11
2.15449e-10
2.83218e-10
1.52104e-9
-1.36964e-9
1.27159e-9
-1.28024e-9
-1.71899e-10
-1.8895e-10
-2.036e-9
9.82342e-10
4.35863e-9
-4.04512e-9
3.52826e-9
-9.96796e-9
-1.29279e-8
-2.72287e-7
6.09534e-9
-5.24615e-7
4.49327e-7
1.45967e-11
2.09497e-9
-3.96306e-6
3.07404e-6
1.66004e-8
7.54258e-9
-4.21065e-8
1.35628e-5
0.000124183
1.59897e-8
-5.0039e-8
0.000262038
-0.000213965
5.78519e-9
-1.7948e-8
0.000558051
-0.000648139
3.39795e-8
-1.73123e-7
-0.00112887
0.00121639
6.26946e-8
-1.59731e-7
0.00156879
-0.00167908
1.38617e-8
2.78087e-8
-0.00142285
0.00166761
-9.68208e-9
5.63915e-8
0.000855612
-9.23134e-8
-2.08118e-7
4.12455e-7
-8.00634e-8
2.74322e-7
-8.33365e-7
0.000989824
0.000690639
-0.000665123
-0.000699125
-0.00125303
-0.000412006
-1.82796e-7
6.47465e-7
2.42725e-7
-1.55723e-6
3.46096e-6
1.62941e-6
2.03623e-6
0.000223239
-0.000455616
-5.4806e-6
6.24402e-6
4.78826e-6
-5.01348e-7
-1.08374e-5
2.74245e-5
-2.54128e-5
2.53676e-5
4.59464e-8
1.07997e-7
-2.26752e-6
6.45428e-6
-5.27883e-5
4.9216e-5
-3.92518e-5
1.12579e-7
-1.30501e-6
2.52974e-6
-1.74512e-5
1.83539e-5
-2.27809e-5
1.22728e-7
-1.698e-6
1.99178e-6
1.57029e-6
6.53254e-7
-6.1906e-7
-3.34822e-7
-3.6265e-6
3.82439e-6
-1.66894e-7
3.97343e-7
8.61277e-8
-7.64314e-7
9.5617e-7
-7.7767e-8
3.19242e-5
-2.95666e-5
1.04927e-5
1.75763e-6
-2.8062e-6
4.72287e-7
1.38823e-5
-1.57451e-5
7.39959e-5
0.000331313
-0.000463628
-0.000227269
0.000203707
-0.000276921
-8.37386e-5
0.000313953
-0.000331512
8.81054e-5
-0.000291961
2.63237e-5
0.000382079
9.82939e-5
-0.000651265
-0.00026407
0.000903275
0.00024389
-0.000908789
-3.48813e-6
0.000636382
-0.000204203
-2.93314e-9
-1.1657e-8
-1.20734e-10
-1.97383e-9
-7.94435e-9
-8.32866e-9
-5.75559e-10
1.55696e-9
-1.05594e-9
-1.4734e-9
7.02749e-10
5.62942e-10
3.7292e-10
4.16646e-9
3.7683e-10
1.57238e-10
1.97923e-9
2.81377e-9
2.20342e-9
-3.01297e-10
-2.48695e-10
1.1355e-10
1.28404e-11
-8.41706e-11
3.66671e-11
-6.87497e-11
-1.28507e-10
-1.01384e-10
-1.26694e-10
-1.39731e-10
2.97155e-12
2.26424e-11
-2.45399e-12
7.26943e-12
1.44375e-11
2.2416e-11
-6.9719e-11
4.92742e-11
4.86874e-12
-4.06067e-12
-1.2192e-12
7.60029e-12
-1.36114e-11
2.79467e-11
-2.04633e-11
-4.73601e-11
-4.27139e-13
4.64383e-12
-8.31435e-12
4.96027e-11
-8.55911e-11
4.27781e-11
-1.49589e-11
-4.59127e-13
2.75461e-11
1.44966e-11
-5.49412e-11
-7.71499e-11
-9.00053e-11
-3.58543e-11
8.34028e-11
2.26721e-10
1.45317e-9
-1.64596e-9
1.4748e-9
-1.89028e-9
-1.20243e-10
-6.31986e-11
3.18004e-10
6.30417e-10
-1.29656e-9
9.1353e-10
5.06501e-9
-5.50308e-9
5.17589e-9
-4.79326e-9
1.16338e-8
1.57929e-9
3.62097e-8
-2.42055e-8
2.2059e-8
6.56951e-10
4.79841e-10
-1.32015e-9
1.02036e-9
-4.83761e-9
-3.13735e-6
-3.02021e-5
2.49651e-9
-5.36091e-9
-0.000107028
7.42573e-5
-1.44583e-9
-0.000116343
0.000122832
8.66829e-11
-1.10644e-11
1.58842e-9
-6.84511e-9
0.000387686
-0.000400253
0.000206756
-0.000434425
4.78658e-9
-1.87214e-8
-0.000652519
0.000491063
0.000893503
5.29228e-9
-1.30754e-8
0.000775254
-0.000463055
-0.00128076
3.10332e-9
-4.53879e-10
-0.000250715
0.000142984
0.000905315
-1.52976e-9
4.36673e-9
6.24023e-10
-0.00047278
-0.000227842
-2.60586e-8
7.93093e-8
0.00108347
4.18474e-8
2.27296e-8
-3.83261e-8
1.1489e-7
-1.84478e-7
-1.84886e-7
-0.000279708
-0.00103344
0.00064264
0.000257376
0.00160583
-8.92568e-8
2.52935e-7
-8.8215e-7
1.57742e-6
6.85689e-7
1.82332e-5
4.52136e-5
-8.29206e-5
-2.32313e-5
-0.000173425
-2.67925e-6
2.45979e-6
2.33955e-6
-1.83092e-6
-2.44722e-6
1.24561e-5
-9.62918e-6
8.15075e-6
-1.86854e-7
-1.01036e-6
-7.57223e-7
2.25452e-6
-1.84704e-5
1.44629e-5
-1.4234e-5
-1.13044e-6
-8.36243e-7
1.48977e-6
-5.05822e-6
5.88916e-6
-6.30825e-6
-2.03939e-6
-2.11188e-6
2.29637e-6
2.7428e-6
-9.5687e-7
1.23767e-7
-2.41479e-6
1.37003e-6
1.97441e-5
2.37843e-5
-1.89267e-5
5.70669e-6
-7.91068e-6
-8.35574e-7
3.11681e-6
-8.04331e-6
3.69543e-5
-3.8974e-5
5.57092e-6
-0.00019226
0.000186302
-5.60167e-5
6.91696e-5
-0.000170675
0.000154295
-0.000143183
0.000257502
0.000231732
-0.000772213
0.00114465
-0.000589626
-0.000996478
0.000506024
0.00100163
-0.000329149
-0.000545066
0.000395857
-0.000335355
0.000743017
-0.000560758
-0.000718651
0.000736008
0.000430328
-9.07478e-10
-1.2274e-9
-2.8436e-10
-1.19477e-10
4.01594e-10
-4.48012e-10
-9.3741e-10
-9.91084e-10
8.40351e-11
-4.00159e-11
3.00256e-12
3.92363e-11
2.04366e-10
2.27973e-11
2.18622e-10
-1.04862e-10
3.33424e-11
6.49758e-12
-5.92816e-11
9.90701e-12
-9.07791e-12
-3.47636e-12
2.13984e-13
-1.80391e-12
-1.17414e-11
-6.82119e-12
-3.17576e-11
1.02903e-11
1.16538e-12
6.03424e-13
3.19177e-13
9.86907e-13
-3.42398e-12
-9.50448e-12
-1.95265e-11
-1.07108e-11
-3.45244e-12
1.78171e-12
-1.44507e-12
3.14063e-12
-8.6775e-12
3.07312e-11
-3.55066e-12
1.08158e-11
1.50515e-11
1.8736e-11
2.55989e-11
-2.79837e-12
4.45671e-11
1.42856e-11
-3.48699e-11
-6.41605e-11
3.36949e-10
-1.75158e-10
6.7574e-10
-1.22697e-9
1.14377e-9
-1.79365e-9
-8.77341e-10
-5.34055e-10
7.72689e-11
1.80888e-9
-3.01136e-9
4.1995e-10
3.52629e-9
-5.01158e-9
4.69528e-9
-5.70961e-9
1.49808e-8
-5.01804e-9
-1.46045e-8
-5.37581e-8
1.88266e-7
6.30855e-10
1.62101e-10
-5.33214e-10
1.37806e-10
-3.47033e-10
2.25538e-6
-1.64997e-6
1.21174e-5
-5.08969e-6
4.31004e-10
-1.01356e-9
1.23445e-5
-4.83114e-6
-3.30998e-5
-5.40196e-13
-3.66937e-11
4.93919e-11
-1.89539e-10
-6.67846e-5
-1.1486e-9
-1.78041e-9
-1.71284e-9
7.64739e-10
2.66397e-10
-1.62007e-9
5.0361e-9
1.73337e-9
-7.8865e-9
-0.000603977
-0.000264124
0.000859839
0.00102795
3.44829e-5
-0.00135403
-2.36933e-9
-0.00104657
1.11893e-8
-3.37206e-9
-2.60767e-9
2.54683e-8
-1.29974e-9
-0.000134557
-0.000193567
0.00052956
0.000154797
0.000576565
-9.16338e-8
8.98643e-8
-4.41643e-7
8.0765e-7
3.03715e-7
1.26005e-5
-6.89967e-6
-3.36431e-5
-1.01339e-5
-3.71599e-5
-9.29037e-7
7.38584e-7
1.83914e-7
-1.45249e-6
1.62653e-6
-3.85648e-8
-1.71819e-6
1.59387e-6
-1.84391e-7
-1.11984e-6
4.01046e-7
-1.0169e-7
-3.92765e-6
3.86641e-6
-5.07187e-6
-2.16715e-6
2.64848e-7
1.47665e-7
1.50134e-6
-2.6959e-6
2.2084e-6
-5.46279e-6
5.31596e-6
1.58401e-5
5.40477e-6
-4.19531e-6
4.6637e-7
2.16837e-7
-4.10234e-6
1.02746e-5
-1.39809e-5
4.24279e-5
-3.69401e-5
-0.000122567
-9.53374e-5
6.97128e-5
-1.58958e-5
2.04258e-5
6.68566e-5
-7.15979e-5
-3.83341e-5
-7.39396e-5
0.000173166
-0.000410805
0.000618735
7.6104e-5
-0.000637132
0.000557797
-0.000477863
0.000701965
0.00020846
-0.00031339
-0.000748113
0.000877083
-0.000809368
0.000543954
1.10725e-10
2.68111e-10
4.15174e-10
1.87211e-10
-1.02954e-10
6.43013e-12
7.44758e-14
2.6536e-11
-6.63895e-11
-1.25721e-10
-1.12216e-10
-2.82256e-12
1.36671e-11
-2.97387e-12
1.03476e-12
-8.50171e-12
6.16302e-11
-3.38322e-11
-5.22718e-12
-5.66923e-11
-1.66038e-10
-6.87368e-12
-3.79983e-12
-3.11652e-12
1.11671e-12
-2.40144e-12
-2.16091e-12
4.16882e-11
1.43233e-10
-8.00121e-12
1.04077e-10
-1.32414e-10
5.09442e-12
4.31347e-12
7.80433e-12
-2.14417e-12
-7.39272e-12
-1.24583e-10
-4.10266e-11
-4.43863e-11
-1.36878e-10
5.25688e-11
-8.14058e-11
7.55711e-11
2.59239e-11
-1.2638e-10
-5.50403e-11
-1.47114e-11
4.5535e-10
2.39913e-10
-1.23119e-10
-2.12392e-10
3.26553e-10
-9.22317e-10
2.61181e-10
3.36043e-9
2.40417e-9
5.56004e-10
-1.26885e-8
-5.31214e-10
7.55412e-10
-2.41433e-9
2.16903e-9
-4.01011e-9
2.59472e-8
5.93786e-8
-6.76653e-9
-1.82459e-8
1.49608e-7
-3.53864e-10
2.17798e-10
-4.25233e-10
1.24886e-10
-9.41815e-11
8.0736e-7
1.84157e-7
3.45615e-6
-1.00944e-6
4.16136e-11
-1.47716e-10
-1.02124e-6
-7.89834e-6
1.81579e-5
-9.32777e-11
-2.20728e-11
3.9493e-11
-4.92158e-11
2.34713e-10
-9.56717e-5
0.000273247
0.000161635
5.18219e-7
-1.35424e-10
5.19699e-10
7.17075e-5
-0.000266939
-1.69076e-10
5.32621e-10
-4.77855e-5
0.000223822
-3.22523e-10
-9.58433e-5
2.02394e-11
8.68277e-11
-3.64416e-10
4.66699e-10
7.04947e-10
-2.13381e-9
-0.000214029
-0.000141936
0.000416634
0.000442257
0.000164434
-0.000554045
-1.88768e-9
-0.000324162
3.8299e-10
1.9795e-9
-1.00092e-8
2.35205e-8
1.17663e-8
-3.20546e-5
-4.39791e-6
0.000118079
2.53112e-5
0.000120515
-2.67569e-8
1.80695e-8
-9.27205e-8
3.86605e-7
-1.32451e-7
2.113e-6
-5.59267e-6
-2.74836e-6
-5.46542e-7
1.64832e-6
4.5381e-7
-6.73381e-7
-5.04319e-8
2.54792e-7
-3.78735e-7
1.2947e-6
-1.2312e-6
-3.31676e-7
2.45826e-8
2.06648e-9
6.25211e-7
-2.16063e-6
5.39322e-7
-5.94925e-7
2.69686e-6
6.5559e-6
-8.85472e-7
3.89538e-7
-2.06962e-7
1.07816e-6
-4.3526e-6
1.74635e-5
-1.67915e-5
5.26272e-5
-4.88572e-5
-5.82806e-5
-1.0016e-5
3.44469e-6
6.36727e-8
-7.01331e-6
7.52761e-5
-5.39107e-5
-5.51254e-5
3.86362e-5
-0.000246239
0.000517528
-0.000133097
-0.000198411
-0.000232139
0.000148991
-0.00017254
0.000269957
5.03374e-5
-7.06486e-5
0.00014001
0.00038577
-0.000120558
-0.000424379
-4.40851e-6
0.000401532
-0.000185117
-0.000111676
5.63696e-12
1.30197e-11
3.1481e-11
1.2755e-11
-2.16508e-10
3.77955e-10
2.50277e-13
2.55755e-10
-5.15871e-10
5.34315e-11
5.16849e-11
2.6522e-11
-2.77279e-12
5.45881e-13
2.61044e-11
-1.05513e-12
-4.4103e-10
6.38529e-10
-9.75029e-10
2.51128e-9
-5.84772e-10
-1.58816e-10
1.20991e-10
3.16381e-11
-2.15199e-11
1.90688e-12
-3.27933e-11
4.52699e-10
2.86334e-10
3.79355e-10
9.39886e-10
-1.28149e-9
3.83941e-11
-2.59917e-11
2.52366e-11
-1.7903e-10
3.72956e-11
2.42287e-10
2.43257e-10
-2.02417e-9
-1.46766e-9
4.14233e-10
1.04336e-10
-9.12267e-10
-1.66969e-9
4.10663e-10
2.90024e-10
-1.28043e-9
-1.61975e-9
1.20978e-9
3.21933e-9
1.03678e-9
-5.98665e-9
-2.08734e-9
-1.2907e-10
-1.00421e-8
1.74269e-8
3.15629e-8
9.85205e-10
-1.57421e-11
-6.27241e-10
-1.87034e-7
-1.48163e-7
-1.93083e-7
3.30843e-7
1.07876e-9
4.5455e-7
-3.44671e-10
1.17296e-10
-8.66512e-11
-1.19951e-6
7.70945e-6
-9.41834e-7
-1.03181e-6
-3.24016e-10
1.57384e-10
9.62504e-6
2.82511e-6
-1.36279e-10
-3.00127e-5
1.18512e-10
-6.62935e-11
5.15529e-11
-0.000485643
0.000465778
-0.000142242
0.000269616
-4.07817e-11
5.60625e-11
-0.00013556
6.30629e-5
-5.68079e-11
9.21189e-11
0.000102996
-6.40996e-5
-5.44724e-11
-0.000140066
1.11773e-11
-2.59187e-11
-1.05741e-10
1.83073e-10
-3.82878e-11
-7.81936e-5
-1.99661e-5
0.00013564
0.000147505
0.00011009
-0.000180847
-1.0239e-10
-5.96123e-5
-9.09394e-10
6.13856e-9
-1.03358e-9
7.22219e-9
-5.63563e-6
1.08701e-5
7.68492e-6
6.59288e-7
1.36031e-5
-2.93403e-8
7.73259e-8
5.01887e-8
-1.70723e-7
1.03066e-8
-6.77582e-8
4.87318e-7
-9.17531e-7
-8.93593e-8
2.55708e-7
1.36774e-7
-4.32983e-7
6.34233e-9
7.26337e-8
-4.33374e-8
-1.22278e-8
-3.68902e-8
5.05546e-7
-6.48197e-7
-5.42146e-7
2.45139e-8
-1.49987e-8
8.02377e-8
-1.23507e-8
3.16859e-6
-9.26656e-6
3.44892e-8
-4.9877e-8
5.17659e-9
1.86725e-5
2.55818e-6
-2.4704e-5
1.10293e-5
-7.66678e-6
8.04032e-7
-1.93389e-6
5.85753e-7
-1.01406e-6
3.68999e-5
-0.000100522
-0.00013741
0.000183284
0.000343402
-0.0004719
0.000171382
-0.000242942
0.000267863
-0.000165964
0.000163198
1.40364e-5
-2.06246e-5
0.000794668
-0.000636816
-0.00110289
0.000770918
0.00155034
-0.00076313
-0.00120156
0.000751591
-1.67512e-10
-1.45033e-10
-1.93651e-10
-1.97868e-11
-7.56062e-10
1.52059e-9
2.14481e-9
6.8123e-10
2.96844e-10
4.83215e-10
4.4994e-10
-2.56536e-10
-1.17993e-10
4.58016e-10
4.91923e-11
-4.69403e-9
-1.88898e-9
-9.37299e-9
-5.14692e-9
8.33206e-9
7.49101e-10
-3.61196e-9
-1.33358e-9
-6.08707e-10
-1.77202e-9
-6.40775e-10
1.16918e-9
-8.38733e-10
-6.53621e-10
4.16825e-10
-1.02767e-10
4.35089e-11
9.81942e-9
9.07339e-9
2.3456e-8
2.96473e-8
-1.99407e-8
7.59604e-10
-2.98663e-9
-3.1407e-10
-1.71569e-10
-6.4355e-10
7.62654e-9
7.22811e-9
-5.35407e-8
-4.15032e-8
4.97392e-10
-7.33591e-10
-2.24695e-9
-1.02999e-8
9.98521e-9
7.73183e-9
-4.11725e-8
-4.096e-8
1.77111e-9
7.26509e-9
2.82472e-8
1.38751e-8
-4.11511e-9
-2.61789e-9
-5.37232e-8
-1.08249e-8
-1.62957e-7
2.57616e-7
5.62728e-7
8.31644e-7
2.71221e-8
1.08798e-8
-3.78567e-9
-1.56385e-6
1.22273e-6
-3.07442e-6
3.76552e-6
5.28485e-10
2.45372e-10
1.62823e-9
-8.82661e-6
-1.92744e-5
1.77041e-9
-3.38728e-9
9.96881e-10
1.94767e-5
-7.34223e-6
5.97148e-5
-4.03965e-5
-4.9931e-10
-2.21234e-10
7.13491e-5
-0.000228226
1.1827e-10
8.25652e-10
-2.23148e-10
-1.72569e-5
2.00595e-5
-0.000166404
8.26087e-11
5.4102e-10
-2.7714e-10
1.30345e-5
-4.42865e-5
0.000111911
1.36518e-10
1.06738e-9
-3.44989e-10
-1.35977e-5
5.78643e-5
-0.000129017
7.11871e-10
2.31053e-10
8.80937e-6
-2.42704e-5
-1.24749e-9
6.8578e-11
-6.53819e-5
9.86334e-5
1.41648e-9
-5.34206e-10
3.21769e-5
-0.000103331
7.08567e-10
-3.98002e-9
1.08015e-9
5.65042e-9
-4.17418e-9
-4.79122e-9
4.90036e-6
-7.17989e-6
-3.59229e-6
-3.38449e-6
-7.80738e-6
5.41559e-6
1.16463e-8
3.42403e-10
-1.74439e-8
2.39859e-8
2.50575e-8
-3.76599e-8
6.36595e-7
2.83405e-10
1.34024e-6
-2.60288e-7
5.17131e-8
1.28854e-6
-5.72496e-7
6.71863e-8
5.1221e-8
-2.90135e-8
-1.02058e-7
-4.74403e-6
2.62726e-6
1.48466e-5
-8.93435e-6
9.58665e-9
5.71519e-8
-1.08258e-8
-2.95032e-7
-3.83287e-5
2.42058e-5
8.66218e-5
-5.3565e-5
-1.41463e-7
4.51803e-8
-5.62167e-8
-3.9063e-8
-0.000177025
9.43109e-5
0.000230845
-0.000116529
-0.000259386
0.000107531
-1.37468e-5
-1.04443e-6
3.50447e-6
6.39632e-6
-7.06117e-7
9.3248e-7
0.00030354
-5.75649e-5
-0.000276057
-6.57649e-5
0.000167624
0.000250637
-0.0005006
-6.25239e-5
-0.000353592
0.000764999
4.6081e-5
0.000323217
-0.000895604
-0.000151536
-1.55301e-5
0.000385713
0.000245283
-0.000291965
9.33506e-6
6.77697e-5
1.41031e-8
-3.68197e-8
1.04658e-8
-4.24122e-10
4.18377e-9
4.75842e-9
-1.44473e-10
-2.8006e-9
2.15999e-9
-1.41717e-7
-1.03472e-7
9.10808e-8
-4.50612e-8
-1.7246e-8
1.32219e-7
-1.07244e-8
2.85643e-9
-2.08268e-8
-7.16117e-9
4.81463e-9
4.88755e-9
-1.10761e-8
6.75242e-9
1.84906e-9
2.36514e-7
2.27852e-7
-2.91292e-7
3.57242e-7
-4.01779e-7
4.98873e-9
5.55766e-8
-1.18323e-8
-1.18653e-9
2.32356e-9
2.16425e-7
2.07891e-7
-1.14386e-6
-1.04727e-6
-2.37541e-9
-1.03902e-8
-2.76726e-8
-7.56573e-8
2.3138e-7
2.18411e-7
-1.08247e-6
-1.01396e-6
1.49409e-7
-2.42085e-7
-2.77291e-7
-6.32921e-7
-9.86058e-8
-9.95698e-8
-1.15922e-6
-3.3539e-7
3.2203e-7
1.10746e-6
3.717e-7
-1.79509e-6
2.83961e-7
-2.20791e-7
5.4462e-8
-3.83004e-6
6.25396e-6
3.94582e-6
6.09848e-6
-1.25394e-8
1.29362e-8
1.29227e-7
-1.06142e-5
1.05755e-5
-4.40892e-8
6.44268e-9
-3.67165e-9
2.02252e-5
-3.65912e-5
-7.46164e-6
-4.10572e-5
4.30308e-9
-6.74403e-10
6.59269e-5
-1.91076e-5
3.06971e-9
-2.86111e-9
-7.20101e-5
2.51368e-5
1.20195e-8
-3.23251e-9
6.13585e-5
-2.01807e-5
7.46512e-9
-8.03051e-10
-3.31789e-5
6.84396e-6
-2.21027e-9
3.38343e-9
1.20138e-5
2.23173e-5
-8.14384e-9
1.28669e-8
2.30887e-8
-8.28488e-8
-3.8922e-8
-1.4123e-8
-1.04284e-5
2.28618e-6
4.18862e-6
4.95693e-6
-3.82286e-5
-6.43463e-6
4.12413e-8
1.70341e-8
-9.3432e-8
-4.09234e-7
4.87357e-7
7.14422e-7
-5.39173e-7
-3.17265e-7
-2.16999e-6
1.44124e-6
-1.83024e-6
-4.32531e-6
5.81456e-6
1.11137e-6
4.64714e-7
-2.00653e-7
-2.74764e-6
1.651e-5
-1.78637e-5
-4.30724e-5
4.65301e-5
1.06633e-7
1.00658e-6
-1.26451e-7
-6.28702e-6
0.000129077
-9.34669e-5
-0.000157012
0.000247015
7.17693e-7
2.75547e-7
-5.15106e-8
-8.821e-7
0.000319289
-0.000329608
-0.00061851
0.000347382
0.000460163
-0.000488001
-6.29273e-6
3.1022e-5
-3.0583e-6
-3.35196e-5
5.23115e-6
-9.681e-6
-0.000742113
0.000574413
0.000794581
-0.000536552
-0.000683931
0.00042
0.000525476
-0.000310737
-0.000361842
0.000223449
0.000201667
-0.000191111
1.44121e-7
-3.19368e-8
2.53829e-8
6.6851e-8
-5.26847e-9
-1.27267e-8
-6.35966e-7
1.27045e-6
2.58785e-7
-1.9908e-7
1.75687e-7
-2.21806e-7
-1.33574e-7
5.00812e-8
-1.29505e-8
-1.61018e-7
7.89321e-8
4.02914e-6
4.56512e-6
-4.97623e-6
6.64209e-7
1.57085e-6
-7.35558e-6
5.01271e-7
-7.33123e-7
1.22053e-6
-2.68806e-8
-7.36487e-8
7.38213e-9
4.51881e-7
-9.48305e-8
8.86657e-8
5.20358e-6
4.86048e-6
1.70387e-5
-2.03177e-5
2.94551e-5
5.11818e-8
-2.08623e-6
-1.64236e-7
1.22188e-7
-9.47865e-8
4.74992e-6
3.89077e-6
-2.75763e-5
2.91359e-5
1.80958e-6
-3.45319e-6
-3.90893e-6
-6.62166e-6
2.81264e-7
-1.99135e-5
1.60744e-5
-4.83358e-6
1.36742e-5
-9.68895e-6
8.16681e-6
-2.98078e-5
-2.13886e-5
8.99904e-7
-5.20386e-7
-5.68713e-6
5.20623e-5
7.28987e-5
-1.78361e-8
1.96439e-6
-1.0527e-6
3.45361e-7
-0.000142464
0.000132148
-0.000148404
0.000238596
8.65134e-5
-1.00213e-8
-2.98245e-7
-1.7077e-7
-0.000302461
0.000198901
-0.000123388
-1.46977e-8
5.61914e-7
1.87925e-7
0.000355524
-0.00021848
0.000132144
-4.41808e-8
-9.83681e-7
7.43857e-8
-0.000419131
0.000209862
-0.000120347
-7.78265e-9
1.06656e-7
8.78107e-9
0.000164818
-0.000106247
8.06436e-5
-1.74593e-7
2.67692e-8
-6.19465e-5
3.96482e-5
3.27471e-8
1.24078e-5
2.41645e-7
1.23842e-6
-8.42793e-7
-9.03967e-8
3.62207e-6
4.93803e-8
1.06637e-6
-5.85976e-6
-4.30946e-6
1.35416e-5
0.000119895
-5.00559e-7
-8.48133e-7
-1.21903e-5
3.00619e-6
2.8389e-5
-2.2892e-5
1.89877e-5
7.53446e-7
-1.82417e-6
-5.34763e-5
-6.40578e-5
4.45733e-5
0.000112717
-0.000146356
-7.13656e-6
2.10254e-5
-1.04103e-6
-8.59874e-5
-0.000206733
0.00027123
-0.000134529
0.000436823
-0.000359439
-0.000672552
0.000828522
5.17526e-5
-2.79307e-5
2.22263e-7
4.26574e-5
-2.69346e-5
1.13734e-5
-1.79921e-6
0.0010885
-0.00117867
0.000867707
-0.00138362
0.0012206
-0.000984864
0.0014884
-0.00121587
0.000913012
-0.00220898
0.00122316
-0.000737439
0.000706442
-0.000484131
0.000375921
-0.00026967
0.000153684
-0.000136627
-2.5691e-6
-7.68741e-7
2.49833e-6
-5.06281e-6
2.22659e-6
-6.28229e-7
-3.53171e-5
2.33007e-5
1.56495e-6
2.54025e-5
-2.62158e-5
-5.04087e-6
1.29209e-5
-5.44325e-6
1.15503e-5
1.17846e-6
1.44641e-6
-7.46648e-5
-9.79226e-6
-8.2431e-5
0.00010601
2.99492e-5
5.41162e-5
-5.68715e-5
3.85864e-5
-2.27771e-5
-1.59708e-5
1.59256e-5
-2.6371e-5
-2.9355e-6
-8.42733e-7
7.76257e-6
-3.32547e-5
-4.5955e-5
-4.75803e-5
9.84317e-5
-0.000119051
0.000143963
-0.000111957
5.63877e-5
-0.000105029
2.08729e-5
-7.24631e-6
1.36578e-5
-5.11833e-5
2.64607e-5
-6.60706e-5
-1.0871e-5
1.68736e-5
0.000137544
-9.68132e-5
-5.11955e-5
0.000138054
9.19835e-5
0.000184026
-9.08376e-5
3.81183e-6
-1.45228e-5
0.000111059
-8.07322e-5
3.9466e-5
-0.000283276
0.000301519
-0.00025834
0.00042608
0.00033404
-0.000271423
-2.08221e-5
-6.54045e-7
7.99933e-10
-2.13058e-5
-0.000394369
-0.000606822
0.000421243
-1.49391e-6
3.94177e-5
-3.76153e-5
2.80976e-6
0.000798301
-0.000778689
0.000848931
-0.000872846
-0.000510209
3.83844e-6
1.86875e-5
-9.73732e-6
0.000903337
-0.00106834
0.000842922
-1.81336e-6
1.20355e-5
-7.96801e-6
-0.000263945
4.34316e-6
-6.54807e-5
-1.10067e-5
-1.00471e-5
9.69467e-5
-6.41035e-5
2.25324e-5
0.000218059
0.000200107
-0.000245109
-0.00023088
-0.000984847
0.000283333
-0.000126182
1.55754e-6
-1.40472e-5
-0.000156233
9.30274e-5
-8.42187e-7
0.000204992
-5.77052e-6
1.65333e-5
-0.000207173
0.000116041
-0.0001117
-0.000239492
0.00035119
-0.000226285
0.000674543
8.52212e-5
-4.86261e-5
0.000491458
-0.000205394
0.000163656
-0.000542809
0.000612963
5.67998e-5
-0.000121283
0.000196025
-0.000119025
0.000226224
8.3346e-5
-0.00048202
0.000899441
-0.000919893
0.000645909
-0.00126047
0.000900385
-0.000927463
0.0015902
-0.00184978
-0.000385266
-7.51387e-5
0.000218794
-1.0471e-5
0.000605065
-0.000372474
0.000159986
-0.000169709
6.72964e-5
0.00159368
-0.0024765
0.00201929
-0.00215298
0.00200594
-0.00207689
0.00265162
-6.39606e-5
8.07641e-5
9.18677e-5
-7.97601e-5
0.000137686
-0.000179075
0.000245981
-0.00018469
5.49454e-5
-7.55151e-5
0.000131283
-0.000239718
0.000366834
-0.000486169
0.000419551
-0.000345233
4.67576e-5
-3.4172e-5
7.35505e-5
-0.000176315
0.000348661
-0.00054884
0.000684633
-0.000695954
0.000532768
-0.000506118
9.88177e-6
-1.03447e-5
-3.41051e-5
0.000161909
-0.000376473
0.000611385
-0.000762686
0.000761309
-0.000675212
0.000706701
4.26521e-5
-7.15108e-5
9.79043e-5
-8.28678e-5
-3.38301e-5
0.000254723
-0.000499379
0.000661322
-0.00070952
0.000706293
-0.000634336
0.00122098
0.000122589
-0.000227988
0.000282365
-0.00020466
-2.23834e-7
0.000247048
-0.000430958
0.000531207
-0.000543461
0.000417034
-0.00021239
0.000395195
-0.000505639
0.000475717
-0.000293283
3.97467e-5
0.000170777
-0.000407019
0.000798325
-0.000977861
-0.000418525
0.000673683
-0.000679284
0.000551906
-0.000283004
0.000133764
9.73016e-5
-0.000238923
-0.000672321
0.000838982
-0.000816776
0.000422162
-0.000465039
-1.17287e-5
0.00105806
-0.000547866
