-8.79536e-5
0.000368792
-0.000555486
0.000162783
-0.000404517
0.000500994
-0.000622215
0.000828778
0.000234235
-0.000402461
-4.67096e-5
0.000395753
0.000134556
3.10989e-5
-0.000173352
-4.86627e-5
8.44266e-5
-9.62133e-5
0.000689232
-0.000317442
-0.000211274
-0.00102286
0.000295605
-0.000101973
0.000146919
0.000816107
-0.000469607
0.000419325
-0.000105601
-0.0004175
9.03629e-5
4.56577e-6
0.000395871
-3.90665e-5
5.15991e-6
-0.000258374
8.89966e-6
-1.39541e-5
-3.18659e-6
5.40088e-5
2.22968e-5
8.95802e-5
2.66147e-5
-0.0002414
5.1224e-5
-0.00036201
0.000453109
-0.000586103
0.000690113
-0.000712224
0.000125048
0.000481827
-1.2417e-5
-0.000250796
1.71606e-6
1.12122e-5
9.9499e-7
0.000120721
-0.000385221
0.000209899
-0.000189377
0.000534415
-0.000351915
-0.000423044
0.000202758
2.69212e-5
-0.000254243
0.000519485
-0.000733698
0.00077022
-0.000616016
0.000131771
0.000330409
-5.79454e-5
-0.000185465
-3.95637e-6
9.53637e-5
-3.25315e-6
1.44043e-5
8.49742e-5
0.000246917
-0.000346273
0.000298096
-9.7714e-5
-0.000215763
0.000494659
-0.000590889
0.000476007
-0.000274972
0.000123852
-4.68731e-5
0.00122113
-0.00113578
0.000245868
-0.00111027
0.00133536
1.53013e-5
-0.000359381
-0.000131814
0.000483908
-0.00062023
0.000503581
-0.000193964
-0.000125074
0.000290109
-0.000281683
0.000192359
-5.37205e-5
-9.19304e-5
2.96558e-5
7.89298e-5
1.0942e-5
-2.50611e-5
-4.667e-7
-1.11753e-5
0.000919832
-0.000809769
0.000411247
0.000167685
-0.000603892
0.000845898
-0.000783629
0.000494988
-0.000168998
-3.88487e-5
0.000104926
-8.48266e-5
4.85601e-5
-5.16906e-5
2.33812e-5
1.21399e-7
-0.000356093
-0.000172407
-0.000225578
0.000639144
-0.000855488
0.000809539
-0.000560743
0.000280157
-8.66559e-5
-1.40181e-5
5.47124e-5
-6.33368e-5
8.66847e-6
3.94024e-6
-4.89182e-6
0.000272293
-0.000175112
-0.000140137
7.16131e-5
0.000130527
-0.000443936
0.000665836
-0.000604257
0.000440699
-0.000248607
0.000127472
-3.40899e-5
1.97893e-5
3.83966e-5
-1.94381e-5
7.33241e-6
-6.74688e-6
3.00935e-5
-6.68729e-5
0.0002189
-0.000350696
0.000334743
-0.000272217
0.000166541
-0.000170101
6.50818e-5
-5.7079e-5
2.41866e-5
-7.51369e-6
1.30434e-5
-5.09019e-6
-2.64553e-6
7.40143e-6
-0.000115412
0.000182016
-0.00014288
0.000122648
-8.61839e-5
0.000183162
-0.000134053
1.87401e-5
9.73169e-6
-1.81606e-5
9.56211e-6
-8.85381e-6
-2.48426e-6
5.18489e-5
-8.90538e-5
6.61444e-5
-0.000105132
7.51078e-5
-1.04794e-5
-3.37432e-5
6.36651e-5
-1.42234e-5
-8.44382e-6
-1.34556e-5
3.75887e-6
4.36611e-5
-3.21049e-5
3.12599e-5
-3.10097e-5
3.109e-5
1.78574e-6
-3.19851e-5
1.19923e-5
-2.54093e-7
8.12516e-7
2.27208e-5
-8.78993e-5
5.3457e-5
-4.16437e-5
0.000251374
-0.000166514
0.000111251
-4.12808e-5
-0.000722257
0.000384878
-2.15773e-5
-0.000190321
0.000417236
-0.000294223
0.000145296
-0.000292072
0.000179286
-4.97792e-5
0.000133146
-5.78183e-5
-3.43922e-5
-3.55705e-5
-2.10796e-5
0.000145938
3.81662e-5
1.42721e-5
-0.000128163
-5.23152e-5
5.14249e-5
5.91475e-6
5.60746e-5
-1.72164e-5
-0.000120228
-9.13452e-5
2.35051e-5
-6.05169e-6
4.05166e-6
0.000208835
1.74452e-5
-1.8269e-5
3.6484e-5
-5.81687e-5
-1.55776e-5
9.51037e-6
2.38806e-5
8.9332e-6
-9.98932e-6
-3.18739e-5
0.00012795
-3.165e-5
-0.000114376
2.31278e-6
0.000283425
-6.07332e-6
-2.38893e-6
2.30622e-6
3.25436e-6
9.28146e-7
-9.97768e-7
-1.77882e-5
5.37282e-5
5.86439e-6
1.77546e-5
-8.54943e-5
2.22161e-6
0.000159225
7.02267e-8
-5.61536e-7
-1.39463e-6
2.30068e-7
1.4151e-6
-8.47926e-8
1.50099e-8
5.00831e-5
-0.00010063
-4.98125e-6
-3.06975e-7
-7.67293e-5
0.000146897
-4.5882e-5
0.000201244
-0.000387731
4.61617e-6
-1.29073e-5
9.34178e-7
-6.17839e-8
-1.25454e-6
8.07631e-8
6.00057e-8
-1.37964e-8
-8.25893e-9
-0.000451149
0.00117963
-0.00153073
4.19718e-6
-1.2249e-6
1.25042e-7
9.79999e-5
-0.00049716
0.00110657
-5.64718e-7
3.32566e-7
2.80744e-7
0.000229841
0.000155413
-0.000650241
3.06299e-7
-3.05018e-7
-9.02596e-8
-0.000498602
0.000186872
0.000233663
1.41247e-6
-1.69929e-7
1.2842e-7
0.000461727
-0.000278225
0.000171744
7.05127e-5
-1.31103e-6
-2.0846e-7
-6.55667e-8
-1.17169e-8
-0.000237977
-0.000145937
8.40824e-6
-4.74763e-6
1.41199e-6
2.8901e-7
3.87163e-7
0.000216603
-0.000132721
-0.000127158
0.000102347
-5.21473e-5
6.54144e-6
-3.85961e-6
2.65934e-6
-1.27284e-6
6.16986e-7
-1.01982e-6
3.86712e-5
2.63646e-5
-1.20529e-5
5.21466e-6
-1.8631e-6
3.07353e-6
-5.80769e-7
-3.51404e-9
2.66394e-7
-2.0713e-5
1.52341e-5
2.52123e-6
4.98198e-6
-1.65648e-6
5.03899e-6
-1.08848e-5
8.9041e-6
1.58644e-6
-2.97309e-7
4.5311e-7
-9.99375e-7
-2.41492e-8
2.43285e-7
-9.76782e-7
1.14067e-6
-8.18432e-7
3.73474e-7
-7.77706e-7
1.09487e-6
-4.42272e-6
6.67097e-7
-3.92299e-7
-8.26146e-7
-1.59956e-6
-1.21206e-6
-1.52511e-6
5.32233e-7
6.59738e-8
-1.37923e-7
1.80993e-7
1.73782e-7
-5.10576e-7
2.54293e-7
-1.31361e-8
1.29165e-6
-3.44675e-7
2.31476e-7
2.33032e-7
8.64486e-7
1.54488e-6
-7.27918e-7
-6.52578e-7
-5.8219e-8
-3.47993e-8
-1.40643e-7
-3.05809e-7
1.0659e-7
-1.13826e-7
-1.58868e-7
-2.67797e-6
4.24899e-5
-1.45281e-5
-7.91797e-5
2.11605e-5
3.10322e-6
-1.5892e-5
8.31982e-5
-6.64777e-6
-1.89957e-5
-1.26818e-5
-8.38755e-5
0.000111297
-0.000106063
0.000219593
-0.000241232
0.000205706
-0.000313568
0.000306056
-0.000195974
0.00030169
-0.000273776
-0.000204724
0.000182814
0.000194324
-0.00013278
1.94493e-7
1.15116e-6
-4.63194e-6
-1.20744e-5
1.10613e-5
-3.62321e-6
5.69269e-6
8.20868e-5
-0.000142748
8.43514e-5
5.17701e-5
-2.83035e-5
-2.51168e-5
5.36974e-6
-2.44595e-7
1.97375e-6
-1.04571e-6
3.92812e-7
8.49229e-6
2.07836e-6
-2.01354e-6
-2.99144e-6
-1.75916e-6
1.03348e-5
-1.84694e-6
2.57127e-7
1.65622e-7
1.98356e-6
1.83331e-7
-9.99725e-7
-6.59754e-7
2.3659e-6
-3.91393e-7
2.11165e-6
2.44228e-7
-1.43573e-7
4.20422e-7
5.45803e-8
-1.51814e-7
7.69594e-6
-6.85446e-6
-1.92084e-7
-8.38344e-6
2.31651e-5
-2.22804e-7
-2.18391e-8
5.2246e-10
5.74348e-8
-2.37138e-8
1.02122e-8
-3.35026e-8
1.2551e-5
8.0009e-9
-0.00017974
7.78695e-5
-6.02056e-7
0.000262055
-0.000134605
8.56058e-6
-2.96878e-5
6.01302e-9
-3.60683e-9
-6.17769e-9
-3.82222e-9
9.49545e-9
-6.05971e-10
2.21297e-9
-0.000614507
0.00032852
-2.90794e-6
-6.90177e-8
2.43151e-8
-5.61739e-9
0.00104966
-0.000678663
0.000294613
-5.16208e-8
6.9497e-9
-6.32174e-9
-0.00128391
0.000938832
-0.000544877
1.50921e-8
1.5689e-9
-8.70357e-10
0.001184
-0.000943431
0.00059051
-4.45447e-8
6.27243e-9
-1.51e-9
-0.000871537
0.000639468
-0.000571318
1.65471e-8
-5.35137e-9
7.95683e-10
0.000480536
0.00031811
-1.10087e-8
-1.25542e-9
-1.31567e-9
-0.00039086
0.000324803
0.000262701
-0.00015937
0.000125339
-2.81552e-7
9.08404e-8
-3.88609e-8
1.45166e-8
-8.94339e-5
-4.09852e-5
-1.30297e-7
2.10089e-8
-1.02434e-8
4.02834e-5
-2.90922e-5
-1.38969e-5
-3.65574e-6
-2.03045e-8
-4.44821e-9
1.25822e-8
1.7942e-8
3.85795e-6
-2.05652e-6
-1.03081e-6
-1.99697e-7
-2.30391e-9
-4.54937e-8
-2.93195e-9
8.34147e-9
2.10267e-7
5.17482e-8
-6.12821e-8
-1.28269e-7
7.38235e-8
3.82146e-7
5.13258e-9
9.59535e-8
8.65124e-9
-9.97281e-9
5.64568e-9
2.77244e-8
4.51483e-8
-2.80556e-8
2.07803e-8
1.39084e-8
7.80919e-8
5.86263e-8
-2.27981e-8
4.61287e-8
3.11035e-8
4.98805e-9
7.46097e-8
-1.62854e-7
-1.71585e-8
1.22982e-8
-5.4009e-9
-2.08393e-9
1.54675e-8
-8.40441e-9
-1.20631e-8
-2.90402e-8
-8.18278e-9
1.26623e-9
-1.45801e-8
-1.0916e-8
-3.92362e-8
8.37198e-9
7.58672e-8
2.81383e-9
2.6827e-9
7.10936e-9
8.24171e-9
6.051e-10
2.03502e-9
5.26459e-9
4.03418e-6
6.90689e-6
-1.96272e-5
4.2026e-5
-5.173e-5
5.27786e-5
3.30333e-8
-4.59324e-5
-1.16523e-5
9.46901e-5
-5.84189e-5
-4.00356e-5
0.000162887
-2.60162e-5
-0.000176141
-9.61771e-6
0.000115453
9.17858e-5
-3.69808e-5
-0.000172439
9.79031e-6
0.00011163
1.67904e-5
-9.66439e-5
-4.75449e-7
-1.11869e-6
2.41574e-6
-3.68199e-6
1.87892e-6
-3.35639e-6
-3.2607e-5
9.7135e-5
2.66442e-5
-5.51257e-5
-1.67363e-5
2.47085e-5
-4.61367e-8
1.01321e-7
-2.87759e-9
1.01805e-8
9.05143e-6
-1.22216e-5
-4.25918e-6
5.596e-6
-1.03776e-7
5.29891e-7
-1.11804e-7
2.66189e-8
1.7634e-6
-2.30333e-6
-6.48548e-7
8.58549e-7
-2.14363e-8
1.84071e-7
-5.57084e-8
2.19601e-8
2.12012e-7
-2.90134e-7
-5.94869e-8
1.00785e-7
-2.97756e-6
1.91368e-6
3.35402e-7
8.10677e-6
-1.10108e-5
-1.20421e-7
1.0465e-8
-3.42556e-8
1.20467e-8
-5.3913e-9
1.21693e-8
-5.21067e-9
0.000120643
-5.58304e-6
-2.49928e-5
-0.000496428
0.000344714
1.63706e-6
1.31576e-9
2.7283e-9
-9.61937e-10
2.41592e-10
-1.15075e-9
0.00041226
-0.000374381
9.87614e-10
8.22821e-11
-0.00129916
0.000889649
2.26059e-9
-6.21732e-10
0.00168709
-0.00139177
1.31355e-9
-6.99993e-10
-0.00170406
0.00154031
3.11547e-10
-2.56328e-10
0.0010728
-0.00123392
1.03925e-10
-2.00035e-10
-0.000675715
0.000855863
-4.26207e-10
2.41668e-10
0.000403902
-0.00050274
2.02412e-9
-6.9898e-10
-0.0002354
-0.000196788
7.86528e-9
-5.0343e-9
6.41102e-10
0.000124132
-7.49483e-5
-5.04082e-5
7.91009e-5
8.98639e-10
-2.90107e-9
-2.19645e-10
1.65156e-5
9.03236e-6
-4.04911e-9
-1.3801e-10
2.12149e-9
-4.02368e-6
1.30837e-6
4.93637e-7
2.82223e-7
4.70091e-10
-1.61491e-9
-5.75667e-10
1.06727e-9
1.1305e-7
-1.30953e-7
-9.53361e-8
-5.07383e-8
-5.70676e-10
-2.55833e-9
-7.38343e-11
9.19503e-11
2.91611e-8
1.07337e-9
-2.61834e-9
-1.01301e-8
1.93164e-9
3.71356e-9
5.9518e-10
-2.75283e-10
-3.54974e-9
2.4839e-9
2.47304e-9
2.17801e-9
-3.75781e-9
1.34856e-8
-1.59152e-8
-1.2498e-9
-8.92865e-10
-4.43485e-10
-5.85399e-10
-7.61514e-10
3.32927e-11
2.79375e-10
-1.14965e-9
-1.49484e-9
-3.13405e-9
-1.85696e-9
-1.44329e-10
-1.39679e-9
-1.54677e-9
-6.23708e-9
-7.37941e-10
-1.09605e-9
2.91771e-9
-2.13499e-10
2.18511e-10
4.30851e-10
9.3511e-10
1.0539e-9
4.02124e-10
1.1941e-10
5.19569e-10
2.23009e-9
-8.89365e-6
0.000132961
-0.000101491
-0.000188604
0.00011979
-5.63086e-5
5.77812e-5
0.00013276
-0.000123956
5.28679e-5
-0.000111981
0.000107878
-4.81678e-5
6.58248e-5
-0.000127747
1.98333e-5
7.4049e-5
0.000258887
9.63481e-5
-0.000267681
-0.000211811
-4.68977e-6
-5.94733e-6
2.38376e-5
-6.57184e-5
5.81139e-5
-3.83216e-5
4.06029e-5
-1.16222e-5
0.000232225
-0.000313078
-0.000169134
0.000153302
8.92797e-5
0.0001003
5.89651e-5
-0.000100517
-8.58559e-5
5.71996e-8
6.62521e-7
-8.78607e-7
3.01669e-6
-2.94745e-6
1.93303e-7
4.33128e-5
-4.11333e-5
-1.26244e-5
-2.04829e-5
-1.19879e-5
1.99907e-5
1.17483e-5
-1.80238e-8
1.08742e-8
-2.97975e-8
-4.55344e-8
-6.57799e-6
9.70279e-6
2.98669e-6
-3.94697e-6
4.19872e-8
2.324e-8
-1.23026e-8
-8.01645e-10
-1.20877e-6
1.63271e-6
4.04551e-7
-4.49062e-7
1.27414e-7
1.81785e-8
-6.07831e-8
-2.12541e-7
-1.18525e-7
1.42792e-7
2.48076e-8
-2.0805e-8
2.34042e-7
-1.63254e-10
1.5672e-7
7.50376e-8
9.73136e-7
-8.6404e-7
4.00707e-9
-1.49077e-8
-3.83773e-9
1.84774e-8
-5.29926e-9
4.6067e-9
2.01993e-9
-1.48906e-5
2.31587e-5
-1.85087e-6
0.000154005
-0.000284937
-2.49039e-6
-6.07004e-10
-8.18432e-10
-4.47425e-9
1.24744e-9
3.5653e-10
2.05736e-10
-5.61065e-5
0.000503388
-1.56536e-10
-3.36593e-11
-0.000959438
2.47514e-11
-0.00204325
0.00318983
-0.000785948
0.00220643
-0.00393797
0.000399372
0.00233383
1.02387e-10
-6.56387e-11
2.33579e-10
-8.24354e-12
-2.28725e-11
-1.99104e-11
-6.84279e-11
2.72384e-11
-0.00186484
0.00251603
-0.00206931
1.78026e-10
2.4169e-11
-7.15047e-11
0.00089791
-0.00135334
0.00147566
-3.24402e-11
1.12804e-10
-2.62583e-10
0.00011033
0.000323422
-0.000647327
2.8604e-10
-7.44939e-10
6.92951e-10
0.000118015
0.000389695
9.67672e-11
6.52197e-10
-0.000199332
0.0001528
0.000153239
-0.000256607
3.72652e-10
2.44005e-11
-4.61299e-10
4.74054e-10
-3.39605e-9
-0.000130778
0.000156765
-9.45556e-10
-5.37644e-11
5.42096e-5
2.77198e-5
5.02513e-9
1.48436e-9
-1.32661e-5
-6.66704e-6
1.16079e-6
-7.76712e-6
-5.69393e-9
7.20268e-9
-8.21172e-9
8.02656e-9
1.13628e-9
3.51498e-7
8.5922e-8
5.33582e-10
1.17724e-9
-3.34198e-7
5.81668e-8
1.11031e-7
3.85001e-8
1.7228e-10
-4.57176e-10
-2.14484e-9
1.60087e-9
2.43975e-9
1.90359e-9
-1.73047e-8
-3.1704e-8
-2.07656e-9
-5.69502e-9
-1.32948e-10
-1.20081e-10
-3.9473e-10
1.56154e-10
1.14694e-9
-4.39511e-9
5.71478e-10
7.3558e-11
3.09935e-10
1.60821e-10
4.3438e-11
1.87335e-10
-6.02957e-10
-4.74384e-10
1.75562e-10
3.58687e-10
2.26124e-10
5.79435e-10
-5.92083e-10
9.85716e-11
-2.51184e-10
-9.68401e-11
-1.02512e-10
-2.68662e-11
-6.14356e-12
8.03182e-11
-1.78779e-10
-3.08799e-10
-3.37952e-10
-3.08603e-10
-9.48989e-11
-1.41407e-10
1.09498e-10
-5.95489e-10
-1.98294e-10
-5.31644e-11
-1.47651e-11
3.45877e-11
-8.83779e-11
2.63093e-10
6.07407e-13
-1.67766e-11
2.44618e-11
4.18151e-11
1.18123e-10
1.46264e-10
4.81036e-11
1.49432e-10
3.42302e-10
8.11525e-12
7.05795e-11
-1.13306e-11
1.43748e-10
4.52558e-11
-1.99513e-11
-1.02586e-10
1.58602e-11
1.06892e-11
-5.90307e-10
-9.98109e-10
4.7416e-11
-1.40928e-5
3.64947e-5
-3.07177e-5
9.91275e-5
-9.0345e-5
3.63263e-5
-0.000142373
-1.60095e-5
0.000156008
5.58786e-6
-0.000141977
0.000151396
-1.20794e-5
-0.000122149
4.46e-6
7.91822e-5
-0.000108508
0.000117695
-0.000124194
5.05011e-5
-6.84149e-5
0.000241758
-0.000171581
-0.000113911
5.28884e-5
6.01652e-5
3.31576e-5
-4.4979e-5
1.44775e-6
-7.49311e-6
7.8745e-6
-2.96365e-5
1.09752e-5
3.50232e-5
-1.61665e-5
-1.77736e-5
-1.05411e-5
1.4381e-5
-9.79146e-8
1.15325e-7
3.31588e-7
-7.48281e-7
1.17255e-6
-2.60109e-7
-8.03725e-6
6.62584e-6
1.47548e-6
2.56421e-6
1.3845e-6
-2.37174e-6
-1.11137e-6
-1.77005e-8
-2.72589e-9
1.48091e-7
-1.52354e-7
2.9161e-8
3.39176e-7
6.56294e-8
-1.36862e-7
-5.5562e-8
-2.29819e-6
4.77006e-7
8.23625e-7
1.41674e-6
-5.50231e-7
-8.23234e-9
-1.93551e-8
-2.4904e-8
1.08134e-7
1.01366e-8
1.05526e-5
7.33145e-7
-1.21727e-5
6.36328e-6
9.2954e-6
4.68454e-9
-1.77005e-8
-3.69442e-8
4.21254e-8
5.00857e-9
-2.49378e-5
5.33035e-6
6.32668e-5
0.000131936
-0.000146636
-9.08529e-5
2.48886e-10
-8.91555e-10
-1.75424e-9
4.51906e-10
-1.20719e-10
7.90982e-11
-0.000367447
2.02702e-10
-0.000718147
0.00134115
-0.000436815
0.00116978
-0.00118639
0.000343325
7.24623e-11
-1.30509e-10
1.3435e-10
9.97106e-12
-1.68652e-11
-1.85474e-10
-0.000446452
0.000931933
5.79713e-10
-1.42937e-10
-0.000365223
-0.000100002
2.47899e-10
-2.74955e-9
0.00160293
-0.000766846
-2.1818e-10
2.57275e-9
-0.000273925
-0.000122348
0.000209406
8.03755e-5
-0.000117122
-1.56824e-10
8.12863e-10
-2.91521e-10
2.48569e-9
1.78785e-8
-5.35789e-5
0.000100167
1.58965e-10
-1.36873e-9
-1.01124e-5
4.75177e-6
-1.12492e-6
-1.61881e-6
4.15957e-6
-8.75631e-9
6.71685e-9
-7.55886e-9
4.05505e-9
-2.95211e-9
-6.3177e-7
1.59758e-7
-1.663e-8
-6.65957e-8
3.3116e-8
-2.74797e-9
2.65836e-9
-3.31061e-9
1.84411e-9
1.36311e-9
2.58631e-8
1.4351e-8
-2.77312e-10
7.71344e-10
-7.71701e-10
-8.65099e-9
-2.29549e-9
1.15365e-9
-2.38022e-10
-3.53404e-10
1.00999e-9
-1.62836e-9
8.17699e-10
1.40723e-9
1.7093e-10
-6.49014e-10
3.47979e-10
-1.77234e-9
3.01076e-9
-2.27996e-9
-1.92801e-9
2.1421e-10
1.10728e-10
-1.12909e-10
6.83884e-11
2.7618e-11
2.20095e-10
-2.54792e-10
2.98345e-10
2.39084e-9
-7.62753e-9
-1.7158e-11
-1.31941e-11
-2.63083e-12
-3.63065e-12
-3.80459e-12
-1.24068e-11
2.25775e-10
-3.09901e-10
-2.48406e-10
-3.26961e-10
-3.18086e-10
3.49818e-10
1.52567e-11
1.56982e-11
4.1786e-12
-1.78711e-11
8.09583e-11
1.79677e-10
-3.88944e-10
4.98285e-10
4.23951e-9
4.15431e-10
-5.74307e-11
-9.50007e-10
1.65264e-9
1.35129e-9
-1.61464e-10
-2.22514e-10
-3.3383e-10
1.82917e-9
-4.73852e-9
-1.43187e-8
-3.36885e-9
6.26862e-5
4.55359e-5
2.7455e-5
-8.70578e-5
-2.13163e-5
0.000179302
-8.48305e-5
-0.000302808
0.000163914
0.00023588
-8.1939e-5
0.000134979
4.81733e-5
0.000177252
-0.000167591
0.00018294
-0.000236258
8.662e-5
-0.000112806
0.000121633
-0.000114459
-3.57189e-5
1.53011e-5
8.69649e-6
5.69746e-6
-3.45048e-6
4.2797e-7
-3.54137e-5
2.70153e-5
-0.00010057
3.90838e-5
1.17674e-5
3.65041e-6
-4.88445e-6
-4.81733e-6
3.68391e-6
-4.76233e-7
3.43117e-6
-3.40486e-6
8.97768e-6
-4.19594e-6
-4.70787e-6
2.74015e-7
1.80504e-6
1.52957e-6
-1.29903e-6
-4.88583e-7
1.50538e-6
-1.67764e-6
3.82041e-7
1.01623e-8
1.05615e-6
-9.20466e-7
3.13989e-6
-3.11504e-6
-2.0885e-7
-4.58255e-8
8.97979e-7
-2.22417e-6
-1.27857e-6
7.48017e-6
-1.2272e-5
-7.4665e-6
2.55337e-8
-1.67601e-7
-4.43304e-9
2.9799e-7
4.97257e-8
-1.74715e-5
2.7896e-5
-4.73493e-5
0.000128113
5.6216e-5
-1.70749e-9
-4.42291e-9
-1.34144e-7
-1.74345e-8
1.7227e-9
0.000159596
-0.000131078
0.000247745
-0.000224872
1.75921e-6
-0.000378126
1.65005e-9
-6.0764e-9
1.44018e-9
7.90635e-9
-1.36705e-9
3.96092e-9
-8.39296e-5
7.70405e-10
-0.000294635
0.000516619
-7.31862e-5
0.000241078
0.000359152
-0.000291356
-0.00045957
-0.000199798
6.47346e-10
-1.45268e-9
5.51045e-10
-1.94602e-9
0.000446455
-0.000204834
-0.000205146
1.72629e-9
-2.28591e-9
-0.00159087
0.000742865
0.0011227
9.52987e-9
-1.18632e-8
0.00183161
-0.000509374
-0.00207642
-2.28221e-8
2.94675e-8
-0.000217353
-0.000189828
0.000257035
6.2716e-5
-6.55453e-5
-3.22014e-9
8.42649e-9
-3.15096e-8
-1.83437e-5
3.43415e-5
5.34634e-9
-6.39691e-9
2.74388e-6
4.86532e-9
-7.13405e-7
5.90324e-8
-2.31908e-7
-4.69351e-9
6.66273e-10
9.83193e-10
-4.52865e-9
7.08893e-9
2.65486e-7
-5.74477e-8
-1.55039e-8
1.62647e-8
-1.47274e-8
-2.39672e-9
1.25228e-9
-1.09952e-9
-1.56754e-9
-5.87844e-9
4.26977e-9
1.28022e-9
-9.03811e-11
2.03539e-9
4.36502e-9
-3.82648e-9
3.77981e-10
-3.59222e-10
-2.62379e-10
-2.11315e-10
1.21523e-8
-6.37811e-9
-9.54524e-9
4.48383e-11
-8.0014e-12
-1.09373e-10
1.35865e-11
-3.5378e-9
2.57327e-9
7.60946e-9
-3.00435e-8
1.01676e-10
-3.34831e-12
4.18466e-12
-7.11767e-12
2.80235e-13
9.83869e-10
1.05643e-10
-1.34257e-10
6.91435e-9
-1.39523e-8
4.35807e-11
4.75412e-12
4.59459e-13
-8.50159e-11
-2.68242e-11
3.9523e-11
2.57634e-9
7.59288e-12
-5.41189e-9
-3.55345e-9
-1.28173e-9
-1.06876e-9
1.00205e-10
3.75757e-10
-3.57091e-10
1.88275e-10
5.12345e-10
-5.49406e-10
7.40418e-10
9.9532e-11
-6.46029e-9
2.19354e-8
2.83726e-8
-9.20989e-9
5.59876e-10
-6.5431e-9
2.14195e-8
-2.09638e-9
-1.324e-9
3.57887e-9
-3.23994e-8
0.000157173
0.000124825
-0.000112359
-8.14738e-5
-7.99879e-5
1.86277e-5
9.0132e-6
0.000154828
-0.000180394
0.000141343
-1.85043e-5
-4.24529e-5
-1.33413e-5
-0.000184057
0.000167627
0.000123952
-4.97527e-5
-1.13196e-5
-1.54113e-6
2.27491e-7
-1.154e-5
-5.47805e-5
5.80007e-5
-0.000110628
8.87754e-5
3.35454e-7
5.85305e-7
5.2816e-7
-6.92367e-8
-2.81971e-7
1.24948e-6
6.91127e-6
-4.81041e-6
1.95894e-5
-7.822e-6
-5.17456e-7
-8.96247e-7
3.62072e-8
3.25478e-7
-2.01832e-7
1.03508e-6
1.27486e-6
-2.86888e-6
3.95789e-7
2.07461e-8
8.55088e-7
2.3375e-6
2.09745e-6
-3.08283e-6
-1.84398e-6
-1.87634e-6
5.36544e-6
6.21496e-6
4.49896e-6
-6.01032e-6
-8.11982e-7
-1.42045e-7
2.05e-6
2.07507e-5
-1.75708e-5
9.38296e-6
-6.75357e-5
-1.42246e-5
1.56609e-7
-6.62256e-7
-6.10133e-8
1.16646e-6
2.80059e-7
-0.00013917
0.000125388
-7.24627e-5
0.000400218
0.000102661
-2.77113e-9
2.26667e-8
2.89295e-8
-5.15023e-8
-1.93749e-8
0.000835504
-0.000587791
0.000492832
-0.000875851
-0.00088903
0.000559332
-0.000551332
8.49891e-9
-1.73563e-8
-1.90921e-8
5.79583e-8
-1.07552e-7
0.000278709
8.38575e-9
-6.81446e-9
-8.32957e-9
7.40497e-9
2.32598e-9
1.74714e-8
1.2183e-8
-9.7702e-5
6.05545e-8
-1.80703e-7
1.41708e-5
-2.28702e-5
-2.81139e-8
-2.53356e-8
-4.45084e-7
2.47295e-6
5.61196e-8
1.81134e-6
-4.58887e-7
-1.62144e-7
-5.77105e-8
-1.12248e-7
-7.041e-8
5.69774e-8
1.36389e-7
4.01729e-9
-5.58991e-10
9.54534e-9
-5.75484e-8
1.70802e-8
6.84482e-9
-4.02839e-9
1.52197e-8
-7.40252e-10
2.25123e-9
7.17792e-9
-1.44383e-8
4.2797e-8
-5.74973e-9
1.19732e-9
4.3505e-10
-5.27662e-10
1.361e-8
-5.3699e-9
-1.9698e-8
1.48747e-10
2.06421e-10
7.67863e-11
4.16554e-8
-1.37563e-8
-3.39421e-8
1.44924e-10
-8.8329e-11
-1.1398e-10
1.28787e-8
2.62819e-8
-1.04842e-7
-1.80286e-10
3.22289e-10
2.75043e-11
-2.75013e-12
-2.76561e-9
-8.08612e-9
2.93997e-8
-5.47902e-8
-4.92506e-11
1.61684e-11
-5.39039e-11
-1.2783e-10
3.83611e-11
8.03864e-9
1.45456e-9
7.04e-9
6.9991e-9
5.73112e-10
7.58524e-11
7.19148e-10
-6.68818e-10
2.91376e-10
1.34455e-9
-1.59647e-9
2.14344e-9
-5.03133e-8
4.41889e-8
-4.77578e-8
-6.37096e-8
-3.69473e-8
-8.37985e-9
-1.2727e-8
-8.72461e-9
5.31758e-9
-2.87932e-9
-3.61346e-9
5.85735e-9
3.03694e-9
1.48793e-9
5.39225e-9
1.70164e-7
-8.18033e-8
2.10237e-7
0.000191725
-0.000134967
-0.000271029
0.000282241
-0.000198763
0.000281915
-0.000284223
-0.000208203
0.000193014
8.14947e-5
-7.02795e-5
-1.14596e-5
-5.18445e-7
3.54585e-5
-3.64261e-6
-9.79686e-5
2.64405e-5
8.53546e-6
1.01208e-5
-4.99934e-6
-3.64834e-6
-4.68726e-5
-6.81389e-5
3.85906e-5
9.52537e-5
-3.34178e-5
3.1387e-5
1.54358e-5
-3.14381e-7
1.40519e-6
-2.01656e-7
6.87738e-8
3.0828e-8
3.52598e-6
2.66269e-6
-1.51066e-6
-1.4549e-6
1.65465e-5
-6.24568e-6
1.80522e-7
-7.90647e-8
-1.96767e-8
1.66057e-6
2.52233e-7
-1.26996e-6
3.90951e-7
9.6891e-8
-1.98712e-7
2.67014e-6
-3.05456e-8
-6.35806e-7
-2.39491e-7
-1.62982e-6
2.79285e-6
5.82888e-6
-7.18302e-8
-1.16122e-6
-4.99957e-6
-5.39385e-6
1.40449e-5
1.25822e-5
3.30746e-8
-2.40599e-6
-3.51143e-6
-1.77772e-6
8.54167e-6
4.775e-5
-3.59659e-5
5.11385e-6
-1.72214e-5
-0.000106636
-4.70599e-6
-4.59664e-7
1.55148e-6
2.67016e-7
-1.09441e-6
-0.000482306
0.000236354
-4.39364e-5
0.00018758
0.000860219
5.12883e-5
5.32709e-8
-3.00719e-7
4.65688e-8
-1.95086e-7
3.97341e-7
1.74231e-7
-0.000183525
0.000582039
-0.000780859
0.000476548
-0.00037393
-2.86825e-5
0.00085581
-7.89179e-8
2.95577e-7
4.34439e-8
-1.0029e-7
2.28399e-7
0.00081982
-0.000491746
-1.93395e-8
2.89473e-8
-0.000832223
0.000578435
-8.13058e-9
4.33102e-8
0.000450545
-0.000156889
-1.98391e-8
1.77567e-8
-0.000125501
-0.000158921
-6.96381e-8
1.39772e-7
7.69236e-5
3.57783e-5
1.7095e-7
5.94301e-8
-9.00984e-5
0.000113662
5.45562e-7
-1.90741e-6
-2.7404e-6
-1.04551e-5
-4.23087e-7
3.09468e-6
-1.84769e-6
-2.42056e-7
2.46686e-6
-1.41655e-6
-5.48057e-8
3.57977e-8
3.83755e-7
5.78195e-7
-3.30001e-8
4.20622e-8
-1.86709e-7
-2.14877e-8
3.12899e-8
3.24705e-8
7.02904e-7
7.97687e-9
-8.55941e-9
-1.3352e-9
-5.5188e-9
2.74655e-8
-4.41843e-8
2.34825e-9
-4.29716e-10
-3.18496e-8
-2.88542e-8
-4.75863e-10
-2.74551e-10
-2.76625e-10
7.68745e-8
-7.57398e-11
-1.6356e-12
-2.13228e-10
1.25932e-7
2.6894e-8
-2.08362e-7
5.79356e-10
3.48582e-10
-4.61903e-10
5.09493e-8
5.82579e-8
-3.80681e-7
-5.30509e-10
1.24779e-9
2.87015e-10
-3.33212e-8
1.02232e-7
-1.51395e-7
6.18335e-11
-1.07122e-9
-2.06541e-10
7.80575e-10
2.32909e-10
-2.86655e-8
9.98131e-9
8.02576e-10
1.36348e-8
2.10703e-10
2.67108e-10
-1.40201e-9
1.24014e-9
4.07132e-9
-3.89264e-9
1.04992e-7
1.80877e-7
8.76603e-8
-2.8971e-8
-1.28986e-8
4.37335e-9
1.04806e-8
-7.85277e-9
2.52564e-8
1.67567e-8
-6.7376e-9
-2.15555e-8
9.90456e-9
-2.96882e-8
-1.31639e-7
-4.8388e-7
5.5791e-8
1.0866e-6
-6.9101e-7
-7.17962e-7
-1.55694e-7
5.6748e-8
-3.86415e-8
-1.20774e-8
6.13366e-8
3.13685e-8
-6.46046e-8
3.61069e-7
9.07342e-7
-6.08219e-7
-0.000182389
0.000146419
0.000193018
-5.09781e-5
-0.000101447
-2.7893e-5
-6.17488e-6
0.000120652
6.60516e-5
-0.000167991
-5.31418e-5
9.30245e-5
1.97163e-5
-3.58064e-5
-2.92857e-6
1.06366e-5
-2.65829e-5
3.62919e-6
8.28812e-5
-0.000137524
4.95191e-5
0.000188166
6.16095e-6
-5.00888e-6
-1.09719e-6
-1.15198e-7
2.60462e-7
-6.8899e-8
-1.80933e-5
7.48148e-6
-2.14049e-5
1.18522e-5
5.49635e-9
-2.17194e-8
2.22801e-8
1.24362e-8
5.63827e-7
6.36417e-7
-2.70404e-7
2.1337e-6
-6.38062e-7
-6.18691e-9
1.50127e-8
-9.29548e-8
5.32146e-7
-4.50542e-8
-1.37582e-7
2.21037e-6
4.76676e-7
-6.75484e-7
1.06533e-6
-1.67596e-7
-6.73246e-8
-3.5389e-7
-1.23533e-5
1.47996e-5
1.98682e-6
-3.02391e-7
-1.42563e-7
-2.36258e-5
-5.06195e-5
5.47317e-5
6.62777e-6
-2.1873e-7
-1.41168e-6
-2.35438e-7
-3.79411e-6
8.26102e-6
3.9555e-6
-1.41752e-5
-7.85508e-5
-2.81747e-5
3.00305e-5
1.18341e-5
1.46622e-6
-6.06772e-6
-1.77108e-6
6.92429e-6
0.000447019
-0.000693992
0.000412231
-0.000279435
-0.000570525
-0.000200311
-2.33259e-7
1.86633e-6
-6.40763e-7
1.46978e-6
-2.988e-6
-6.37289e-7
-0.000638831
0.000667729
-0.000115081
0.00054222
0.000939549
-0.000657637
-0.00101223
-0.000133322
8.46571e-8
-5.13913e-7
-2.28306e-7
3.29205e-7
-0.000840259
0.000573194
0.000946481
4.62531e-8
7.75971e-7
0.000486709
-0.000270267
-0.000566916
-3.16727e-7
-1.06967e-6
-0.000164409
-1.27634e-5
0.000222727
-3.74037e-7
3.72044e-6
4.25774e-5
4.07665e-5
-8.47755e-5
1.1707e-6
-4.18262e-6
-1.65546e-5
-1.87284e-5
4.81838e-5
5.22066e-6
-1.78901e-5
1.37628e-6
5.79719e-6
2.51255e-6
-1.62068e-6
1.47488e-5
-8.46012e-6
-3.3599e-7
5.05414e-7
-4.12726e-6
-9.51702e-8
1.52902e-7
1.32095e-6
1.48735e-5
-5.67527e-9
-6.17011e-9
2.69614e-7
-1.17252e-6
3.67086e-9
8.31031e-10
2.81504e-7
-1.26072e-6
-1.29458e-9
4.94895e-10
1.04052e-7
-1.21264e-7
3.14365e-10
-2.55387e-13
-2.33874e-7
3.08377e-7
-3.66453e-10
-1.04193e-9
5.68071e-10
6.46633e-7
-5.86916e-10
-1.49249e-9
-2.30933e-9
2.74345e-7
1.23806e-6
-1.58552e-6
-1.21217e-9
1.08346e-8
7.28726e-11
-1.46359e-7
7.76826e-7
-1.00292e-6
3.40534e-9
-1.60056e-9
-2.02259e-11
-1.33811e-8
-2.38438e-8
1.38643e-8
-3.53926e-8
2.25053e-8
1.51883e-8
-3.95026e-9
-2.66402e-9
5.37953e-9
1.03836e-7
-4.15898e-7
9.09235e-8
-2.85759e-8
9.7376e-9
-7.51039e-9
-3.86518e-9
7.12117e-8
-5.75845e-8
2.43484e-6
-4.51287e-7
4.0564e-6
1.45771e-6
-3.46781e-7
-1.55299e-7
1.34996e-7
-9.07238e-8
8.93332e-8
-2.36588e-7
-6.14063e-8
-2.76611e-7
2.21283e-7
-2.24063e-7
-2.00486e-6
-4.09443e-6
-1.00937e-6
1.1429e-5
-1.47284e-5
-2.2717e-6
-1.33072e-7
7.25856e-7
3.87286e-7
-1.47753e-6
5.15141e-6
9.57941e-6
7.92168e-5
-5.57783e-5
-0.000124506
4.90667e-5
-4.41233e-5
4.52372e-5
-1.7586e-5
0.000137251
-0.000257829
0.000360776
-0.000154591
6.31188e-5
-1.34058e-5
2.27581e-6
1.32789e-6
3.6299e-6
4.54225e-7
-1.09431e-6
3.48277e-6
-3.89596e-6
-2.39016e-5
8.04911e-6
2.27862e-7
-5.54817e-8
2.55349e-7
-9.79054e-8
-2.69027e-6
7.86406e-7
-5.58476e-6
2.30117e-6
2.31167e-8
-1.15049e-8
1.93093e-8
4.7451e-10
3.34536e-8
1.07337e-7
-2.82603e-8
4.85167e-8
2.05254e-7
-1.78542e-7
-1.32612e-8
-3.01168e-7
1.46408e-7
-1.26264e-6
4.44911e-8
-9.66548e-9
-6.96896e-9
-3.19358e-8
1.45592e-5
-3.01834e-5
7.10327e-8
2.19306e-8
-2.09358e-8
3.17137e-9
4.63636e-5
-0.000124795
3.08694e-7
2.13138e-10
-6.41762e-8
8.08744e-8
-1.20327e-5
-7.76692e-6
4.61121e-5
-0.000135357
-1.02319e-5
-4.45408e-6
3.16365e-6
1.37877e-6
2.2396e-5
-7.25854e-5
-2.54658e-5
8.27754e-5
0.00014792
8.52268e-5
-6.58051e-5
-3.15555e-5
-6.44328e-6
2.51225e-5
5.7098e-6
-2.45048e-5
-5.42267e-5
0.000260422
-0.000201558
8.12843e-6
-0.000124398
7.57948e-5
0.000151995
6.4092e-7
7.27373e-7
1.62562e-6
-4.35002e-6
5.17418e-7
-2.37531e-6
-3.49834e-7
-1.91426e-6
-1.1013e-6
4.91537e-6
-2.52131e-5
7.49573e-5
-1.39278e-5
3.11966e-5
2.46073e-6
-5.98283e-6
1.76694e-6
-2.54883e-6
-4.03361e-5
4.26179e-5
-2.80814e-5
-0.000137189
-2.56249e-7
-1.54527e-7
-2.86909e-8
7.80537e-6
-3.04118e-5
6.92935e-9
2.13046e-8
3.45378e-6
-2.94317e-5
-1.37332e-8
4.12906e-9
-2.25595e-7
-5.42387e-7
-1.18743e-9
5.88121e-9
1.56654e-6
-2.39386e-6
-2.24602e-10
2.76281e-9
4.26177e-7
-1.17513e-6
2.30057e-9
1.6142e-8
-2.21358e-8
-1.46573e-7
3.54545e-6
-8.80635e-10
3.85679e-9
6.587e-9
-4.80767e-9
-6.9032e-7
4.90556e-6
-2.97542e-8
-2.32933e-8
-1.29555e-8
1.32373e-7
-9.36591e-7
2.79077e-6
-1.1266e-8
1.51816e-7
6.97091e-8
-3.29926e-7
-2.17504e-9
1.26968e-8
4.19039e-7
-2.37288e-8
-2.82979e-8
-1.9438e-9
-4.02229e-8
7.92092e-8
-3.34779e-7
6.79093e-8
1.5031e-7
1.0255e-7
-3.55762e-8
-1.20485e-8
1.65914e-8
1.54911e-6
-7.51534e-6
1.34251e-6
-2.33033e-7
1.74561e-7
-2.80773e-7
-1.59099e-7
1.85974e-6
6.54488e-7
-3.47228e-5
-1.33154e-5
3.75492e-5
2.95095e-5
-5.4385e-6
-1.78863e-6
-3.63102e-7
1.61624e-7
8.11691e-7
-1.41916e-6
-2.298e-6
1.90301e-6
1.4241e-6
-3.99703e-5
3.58989e-5
-3.55153e-5
-8.9531e-6
-7.79009e-6
7.94941e-5
-9.47476e-5
-0.000238043
0.000337976
0.000379869
-0.000592134
-0.000704546
0.000825492
0.000251955
-3.25017e-5
-0.000120334
0.000118957
6.38516e-6
6.04755e-6
2.30745e-5
-9.40733e-6
3.35524e-5
-1.50825e-5
-5.1961e-5
-1.87546e-5
4.21132e-6
-6.93563e-7
2.26738e-6
-1.47974e-6
2.60434e-6
-1.97416e-6
-2.20509e-6
1.30992e-6
4.45097e-7
-8.0204e-8
1.31881e-7
-2.8145e-8
-1.48658e-7
4.1241e-7
-6.57552e-7
-1.175e-6
-1.53095e-8
-1.9788e-9
-2.86247e-8
-4.52331e-8
2.34198e-7
1.41928e-6
-1.54489e-6
-2.41802e-6
-2.05467e-7
-1.31246e-5
-1.93585e-6
-3.14071e-6
1.00904e-7
1.13645e-5
0.000111948
-0.000129449
2.62033e-9
0.000419323
0.000395699
-0.000798361
-8.77128e-7
-4.13542e-7
2.63227e-7
1.30282e-8
0.00020492
-0.000505389
-0.000234801
0.000578625
2.52041e-5
1.01639e-5
-8.34088e-6
-2.8375e-6
-8.40193e-5
0.000241958
7.99431e-5
-0.00022179
-4.10679e-5
-8.40495e-5
2.9882e-5
3.95091e-5
1.91913e-5
-5.84601e-5
-1.72213e-5
4.13054e-5
1.46191e-5
0.000365755
-0.000543873
0.000236073
-0.000216399
-0.000316232
-0.000138236
0.000628106
-0.000179393
1.22497e-6
-9.63205e-6
1.74459e-6
1.32794e-5
-3.59244e-6
0.000460268
-0.000335393
1.17184e-5
-5.10364e-5
0.000333566
-0.000828802
-1.23034e-5
-1.53237e-5
3.96044e-5
-0.000892838
0.0011673
0.000336516
1.54607e-5
4.65201e-6
0.00028767
1.80683e-5
-0.000153591
6.32413e-5
-0.000219398
-0.000101338
-5.75197e-5
5.45223e-5
-0.000233724
0.000770248
3.15189e-5
6.23193e-6
-0.000510129
0.000623649
-3.78268e-7
0.000155333
1.05829e-7
3.8777e-7
0.000119978
-0.000610976
-3.49018e-7
9.31434e-8
8.31363e-6
-2.25585e-5
-2.24557e-8
8.95424e-8
-1.72765e-7
-4.09391e-5
-1.8588e-8
-1.01609e-9
-4.06993e-6
3.26293e-6
-4.15363e-9
1.80364e-8
1.04366e-5
-8.40468e-6
-1.33101e-8
-1.16124e-5
4.6527e-8
-4.35507e-6
-1.45391e-5
2.40697e-5
5.66298e-8
-8.29029e-9
-1.28935e-5
1.4065e-5
-5.66283e-7
-4.58763e-7
-1.75485e-6
4.914e-6
3.48217e-7
1.97439e-7
-1.65607e-7
-7.73854e-8
-1.21009e-7
4.46398e-7
-2.90359e-6
2.63066e-6
-9.68958e-7
-1.65801e-7
2.71766e-8
-3.80568e-7
1.23303e-6
-6.03688e-6
5.52208e-7
-1.84135e-7
8.78094e-7
-3.03873e-7
4.45995e-7
-5.11505e-7
2.66233e-5
-0.000139619
2.41241e-5
-3.50308e-6
2.19953e-6
-5.14482e-6
4.31382e-6
-2.16609e-6
-1.88397e-6
-2.13752e-7
1.20334e-5
-7.27184e-6
2.72912e-6
1.15824e-5
0.000125545
8.55475e-5
-0.00046809
0.000350476
-9.06068e-5
2.30899e-5
-4.98534e-5
2.78957e-5
-1.20782e-5
-5.11409e-6
-0.000441911
-8.10584e-6
-5.71631e-6
1.58993e-5
-1.36266e-5
4.60163e-5
-1.64563e-5
-0.000347823
4.64325e-5
0.000492927
-0.000583417
-0.00023148
0.000196959
-0.000120899
0.000202592
6.96197e-5
-0.000100152
-2.66065e-6
-2.32488e-5
2.56334e-6
6.18364e-6
8.40956e-6
-1.81877e-5
8.61837e-6
-1.51173e-6
1.17489e-6
3.69656e-7
3.95384e-6
-1.18124e-5
-5.12686e-6
1.68794e-5
-1.85617e-8
1.2683e-7
1.03518e-7
-7.83457e-7
1.85404e-7
-2.66592e-6
1.00737e-5
-4.04931e-6
6.16085e-6
-1.97869e-5
1.55901e-6
6.52564e-6
-6.97132e-6
3.30048e-6
-5.29668e-7
1.36566e-6
-2.10608e-6
1.59443e-6
1.2533e-5
-2.27555e-5
3.35007e-8
-1.27744e-7
-2.29903e-7
-3.68959e-8
-9.57227e-5
0.000204591
-6.1712e-9
2.02683e-8
-9.21085e-8
1.49584e-8
-0.000345462
0.00090143
-6.11013e-8
1.43133e-8
-1.88667e-8
8.7944e-9
0.00101442
-0.0015844
-0.00122421
0.00219378
2.34601e-6
6.79893e-7
-5.39529e-7
-1.48176e-7
-0.000609745
0.00130945
0.000557923
-0.00122707
-1.71543e-5
-1.59236e-5
7.65138e-6
5.55775e-6
0.000148335
-0.000383015
-8.20366e-5
0.000305463
-8.88371e-5
8.43691e-5
-9.87924e-6
4.08786e-5
0.000142944
-1.71605e-5
6.65944e-7
-3.75487e-5
0.000104361
2.07002e-6
-9.95466e-6
-3.75594e-5
7.46492e-5
0.000127604
-3.45941e-5
0.000135032
-0.000134372
-0.000106925
5.16114e-5
-7.62135e-5
0.00014849
-0.00230368
0.0022453
0.000701839
-9.70721e-6
4.77571e-5
-0.00197635
0.00383522
7.30516e-6
-2.75057e-5
-1.8455e-6
0.00245675
-0.00329862
2.8347e-6
-7.4268e-6
2.09526e-6
0.000148449
-0.000598909
-3.69453e-7
8.87215e-7
0.000121907
-0.000749288
-3.50691e-7
4.79559e-8
5.67085e-6
2.39763e-5
2.54635e-9
1.1765e-7
1.63841e-5
-0.00013829
-1.36931e-7
4.2306e-8
-2.05012e-5
1.04442e-5
-1.85461e-8
-3.98279e-7
2.89613e-7
3.60365e-5
-1.62501e-5
-6.78974e-8
-1.89391e-7
-7.49219e-8
4.62209e-7
1.62123e-5
-3.66197e-5
9.46055e-8
2.04945e-7
-2.97546e-7
-3.68873e-7
1.12336e-5
-4.36395e-5
9.27891e-7
4.92799e-6
1.51608e-6
-1.27395e-5
-9.12509e-7
-2.49716e-5
-1.06927e-6
-2.81842e-6
-2.24962e-6
1.75166e-5
9.23874e-7
8.12378e-6
-9.14792e-6
-3.47098e-5
7.89013e-6
3.85541e-6
-1.77353e-5
5.98051e-7
-1.62054e-6
-5.44473e-7
-4.0823e-6
3.06849e-5
-7.6617e-6
4.65569e-7
1.31362e-5
2.35279e-5
-0.000118106
5.83286e-6
-1.59357e-6
-3.79087e-5
-3.99795e-7
1.56054e-5
-3.20056e-5
-2.9323e-5
0.00146092
0.000567167
-0.00182977
0.00026581
-5.7192e-5
2.17613e-5
0.000109204
-5.81828e-5
-0.000138948
0.000121432
-5.4678e-5
1.84904e-5
-0.00114011
0.00121295
-0.00242149
0.00224367
0.000228336
9.42251e-5
-0.000489194
4.79664e-5
0.000478676
-9.38288e-5
-0.00011863
-0.000150307
2.30729e-5
-5.5351e-5
1.63252e-5
2.91505e-6
-0.000149548
6.79541e-5
0.000122905
0.000119712
0.000234075
-0.000363987
0.000104942
-9.17262e-5
-2.93875e-5
1.45332e-5
-2.17827e-5
7.98824e-5
3.05868e-5
-0.00010999
-1.08073e-6
-6.82876e-7
4.1084e-6
1.3306e-6
3.32529e-5
-8.50617e-5
4.99321e-5
-4.15914e-5
0.000126597
-5.91513e-7
3.08306e-6
-2.05943e-6
-1.99205e-6
6.62899e-6
-2.8212e-5
-1.95781e-5
1.73178e-5
-2.66596e-5
7.8631e-5
-0.000124738
-3.80561e-6
6.9611e-5
0.000373047
-0.000432241
6.25781e-7
-0.000761567
0.000366688
0.000194125
8.35658e-8
5.52965e-9
0.00190407
-0.00319071
8.10834e-8
4.39441e-8
-4.28903e-8
3.3106e-8
-0.00248245
0.00421581
0.00208042
-0.00455216
-2.90079e-6
-1.64163e-6
8.68096e-7
4.18011e-7
0.000812382
-0.00180684
-0.000517373
0.0013142
-1.57635e-5
5.19551e-6
5.71785e-6
-6.86958e-6
-3.25695e-6
-0.000252359
0.000466231
-3.28273e-5
5.01097e-6
-9.38843e-6
-0.000160017
0.000126697
0.000128927
0.000641447
-0.00070337
0.000281168
-0.000373403
-0.00102855
0.000280843
0.000848775
-0.000237738
-0.000208465
0.000581467
0.000815837
-0.000684269
0.000862237
1.33273e-5
-0.000933311
-0.00105307
0.000507069
-0.000197776
0.00029811
0.00118299
-0.00428741
2.89424e-5
6.28662e-5
0.00800182
-0.0113824
0.00823886
2.90346e-5
-2.6654e-5
0.00330328
-0.00335181
-6.20661e-6
-3.01325e-6
1.85858e-6
1.50819e-5
-0.000316912
-1.75246e-7
-1.01235e-6
0.00101002
-0.000915505
-2.35621e-7
-1.72418e-7
-3.08792e-5
0.000140856
5.196e-7
1.56287e-6
-1.33719e-6
-0.000213762
0.000766238
-7.89859e-8
-7.60134e-5
9.14068e-5
-2.5623e-7
7.5404e-5
-2.00466e-6
3.0163e-5
9.84429e-5
-0.000134044
-7.89614e-6
2.81927e-5
8.15755e-5
-8.70446e-5
4.32674e-5
-6.79482e-5
-1.54e-5
0.000115509
-0.000109819
0.000109313
6.30674e-5
-0.000192796
1.66813e-6
2.197e-6
-6.91644e-7
-3.14087e-6
0.000310655
-9.00953e-5
-4.71491e-5
0.000207342
8.65327e-6
-9.18219e-6
1.89255e-7
-2.38658e-5
-0.000320871
7.86713e-5
6.6327e-5
-0.000164858
0.000617071
-0.00208173
-0.00015212
-5.45167e-5
7.92698e-5
-4.2006e-5
0.000206039
-0.000235534
0.000156981
-0.000203924
0.000623129
0.000523442
0.000343406
-0.000609168
0.00140374
-0.000194333
0.00583438
-0.00446128
0.00174932
-0.000469751
0.000290458
0.000294806
-0.000571374
-0.00030483
0.000622197
-0.000449919
0.000208523
4.62389e-5
0.000465061
-0.0003151
-0.000351401
8.70833e-5
0.000180597
0.000110275
0.00010311
-0.00015922
0.00019247
4.70165e-5
-1.54456e-5
-6.89929e-5
-3.67341e-5
8.35316e-5
-0.000150479
1.3236e-5
-1.06197e-5
-9.5207e-6
3.47015e-5
-4.48022e-6
-8.67075e-5
0.000191804
-0.000185819
-9.01445e-5
-1.18253e-5
3.95284e-5
4.92806e-6
-4.84004e-6
2.28087e-6
0.000137012
2.47155e-6
-4.11489e-5
6.00942e-5
-0.000103778
6.05185e-5
-9.35962e-5
0.000156377
-1.4279e-5
-0.000329223
0.000177169
0.000380769
-6.75206e-6
2.08818e-5
-1.91763e-5
7.23513e-6
-0.00110036
0.00104155
-9.43296e-7
2.40624e-6
-2.39142e-6
1.3424e-6
-0.00157567
0.00156563
-1.00703e-7
1.2052e-7
-3.69955e-8
3.29524e-7
-0.00162432
0.000171837
0.00345521
-0.00270753
3.90087e-8
-1.46444e-9
-0.00482431
0.00529461
-2.04953e-7
-1.02219e-7
4.20818e-8
1.32595e-7
-4.99952e-7
0.00241364
-0.00346187
0.00146537
-0.00198472
-1.0845e-6
1.47767e-6
-5.67842e-8
5.25419e-7
-1.28952e-6
-0.000869004
0.00113845
-7.47934e-5
1.36211e-6
-1.32426e-5
-7.43845e-5
8.0789e-5
-0.000122251
0.000129321
-3.0125e-5
3.81342e-5
0.000215149
8.54302e-6
1.38009e-5
0.000261168
-0.000790551
-0.000651427
0.00139801
-2.09148e-5
-0.00100433
0.000102771
0.000506839
-0.000358349
0.00113955
-0.000925229
0.000749098
0.00998603
-0.00570083
0.000644341
-0.000240157
-0.000270726
-0.0131697
0.00940026
-0.000150388
-1.49696e-5
0.00489783
-0.000133765
5.8047e-5
0.00342691
-0.00986487
0.00447098
2.73556e-5
-4.88298e-5
0.00230372
-0.00152789
-6.31722e-6
-7.79192e-6
5.09054e-6
3.43622e-6
-9.5916e-6
-0.00125512
0.00100219
-0.00127635
0.00112324
-1.38501e-6
-1.83391e-6
-2.67713e-7
0.00022381
-0.000583461
2.94064e-6
3.89987e-7
0.00011605
-0.000126399
7.81336e-7
1.22228e-5
-1.28644e-5
-0.000122126
0.000117343
1.75403e-6
1.72064e-5
5.66934e-6
-3.82892e-5
-0.000112259
0.000135032
-7.44658e-6
5.86729e-5
3.87223e-5
-0.000113905
-0.000128055
9.62993e-5
-0.000162164
0.000262554
0.00017153
-0.000292856
-4.96178e-5
-0.000459497
0.000231425
0.000413875
-0.000229752
0.000338431
5.42347e-5
0.000571525
-0.000494229
-0.000225627
0.000579597
3.52431e-5
2.62197e-6
-0.000147411
1.80553e-5
-0.000254863
0.000614441
0.000300037
-0.000538815
0.000240012
-0.000760335
-0.000285159
5.64776e-5
0.000120387
0.000335657
-0.000123692
0.000110904
-0.000154059
0.000357064
-0.00109631
-0.000796253
-0.00384332
-0.00432901
0.0050471
-0.000960103
0.0041985
-0.00283389
0.00123703
0.0017235
-0.00118115
0.000803901
-0.000579919
0.00172763
-0.00128809
0.000345503
-0.000583745
0.000883297
-0.00106515
0.000735636
-0.000328685
-9.98692e-6
0.000165299
-5.67345e-5
-0.000102279
-5.94225e-5
7.35163e-5
-8.82374e-5
-4.77152e-5
0.0002482
3.40986e-5
-0.000103339
-0.000146474
0.000354538
-5.19388e-5
-0.000225626
0.000497818
-0.000394483
8.44046e-6
-2.1134e-5
-0.000204015
0.000330067
-0.000246595
0.000225184
-0.000384723
2.90039e-5
-3.788e-5
-5.68731e-5
0.000188897
-0.000139526
0.000163555
-0.000106708
0.000374101
-0.000868858
1.46504e-5
-4.90721e-6
0.00103509
-0.00346866
3.11805e-6
-2.70583e-6
0.00222373
-0.00404773
-2.387e-7
-8.10448e-7
0.00218121
0.00120961
-5.58984e-8
-2.68529e-8
4.34583e-7
1.58682e-7
0.00447373
-0.00390851
-0.00452896
0.00475219
1.98533e-8
-4.13835e-8
0.00373299
0.0017918
-0.00260935
1.14254e-7
-2.56402e-7
4.75605e-7
-0.00102348
-0.000403736
-0.000175906
0.000712742
-2.44074e-5
1.81092e-6
-1.88408e-5
9.55568e-5
1.05741e-6
0.000220229
-0.000625647
0.00199376
-0.000194837
-0.00275009
0.000288662
0.00208874
-0.000374294
-0.000973174
0.000438464
-0.000531013
-0.000419627
0.00237023
0.000123476
-0.00372098
0.000143319
-8.28487e-6
-0.0127058
0.00855912
-2.70993e-5
0.000176606
0.00584119
-0.000257533
0.000110822
5.61699e-5
-0.000742643
0.00017631
3.34105e-6
7.07088e-5
1.4658e-5
-5.24024e-5
-0.000140531
6.17884e-6
-1.16568e-5
-0.000157772
0.000278691
-6.33545e-6
-9.68692e-5
9.56167e-5
6.3365e-5
-3.4762e-5
-5.18504e-5
5.71274e-5
9.0913e-5
-7.04744e-5
-5.98374e-5
9.24733e-5
7.2911e-5
-0.000122602
-7.94419e-5
0.000107668
1.97308e-5
-8.49869e-5
-0.000348375
0.00050029
0.000372632
-0.00010478
-0.000727449
-0.000554163
0.000998014
-0.000234465
-7.26156e-5
0.0011088
-0.000939353
-0.00122046
0.000666973
-0.00140394
4.10835e-5
-0.00104944
0.00203465
-0.000832414
0.00108852
-0.000208523
0.000641607
-0.000801442
0.000564311
-0.000202037
0.000464278
-0.00120852
-0.00179396
0.00105765
0.000372612
-0.00117745
0.000255233
0.00260069
-0.00319949
0.00201787
-0.000626037
-0.000363945
0.000551027
-0.000878515
0.00189016
0.000300792
-0.000342434
8.96649e-5
0.000682726
-0.00111705
0.0011122
-0.000732596
0.000208914
0.000154476
-0.000213606
-2.30436e-5
0.000487238
0.000514882
-0.00076167
-0.000245314
0.000139822
-0.000401981
-0.000398171
0.000525973
-0.000660762
-0.000228388
5.56812e-5
-7.6008e-5
0.0003059
-0.000670872
-0.0001495
0.000290163
6.4025e-5
0.000331083
-0.000530229
0.00051269
0.000529057
0.000148857
-0.000376323
-0.00019395
0.000501797
-0.000504416
-0.000439808
0.000342606
0.000337051
-0.000352841
-0.000266084
-0.000140664
0.000157621
0.00133512
0.00218561
-0.00454797
-2.03585e-5
0.00547435
0.00753984
-0.0107322
8.60338e-6
3.8976e-6
-0.00475411
0.000216486
-2.89605e-6
1.08163e-6
0.00286548
-0.00420788
7.32484e-8
-1.21621e-7
-3.54278e-7
7.89034e-8
-1.5723e-8
-0.00334329
0.00376679
-0.00241585
0.00208717
-2.24826e-8
-3.09571e-8
-1.26077e-9
1.11539e-7
3.08083e-7
0.00138269
-0.000592196
-0.00138402
7.86774e-8
0.00101894
-0.0013431
1.75033e-6
-1.09257e-6
3.30414e-6
-1.7943e-5
6.77773e-5
-0.000311177
0.000595489
0.00146729
-0.000175519
-0.00335247
0.000320077
0.00400611
-0.000462409
-0.00331893
0.000522087
0.00178674
-0.000458972
-0.000204295
0.000260579
-0.00100553
7.2035e-5
0.00181884
-0.000475726
-0.00353086
-0.000477223
0.000692733
-0.00869373
0.0055746
0.000189666
-0.000165855
0.000239962
4.81026e-5
-0.000198778
0.000994778
-0.00132188
-8.9533e-5
0.000156868
-2.15842e-5
4.47572e-5
3.7739e-5
-3.77312e-5
-7.08867e-5
-7.31504e-5
0.000148515
-9.17258e-5
4.92085e-5
-1.32298e-5
2.99457e-5
8.33929e-5
-0.000125804
8.53717e-5
-1.51467e-6
-1.56599e-5
-6.44442e-6
-0.000231784
-3.91858e-5
2.63479e-5
2.49569e-5
7.42573e-5
1.2918e-6
0.000101443
8.5087e-5
-6.2927e-5
0.000403975
-0.000822534
-9.03132e-5
0.000352947
-0.000232281
0.00110491
-0.00145719
-0.000542976
0.000383706
0.00177428
0.00108512
-0.0019573
0.000925237
-0.00100527
-0.00125797
0.00102227
0.00219857
-0.00295612
-0.001739
0.0026955
-0.000625032
0.00100083
0.00209446
-0.0017724
0.00183854
-0.00193931
0.0010919
-0.000943679
0.000161652
-0.000260561
0.00320462
-0.00660547
-0.00298538
0.000850211
0.000328087
-0.00289502
0.00241953
-0.00431992
0.0042842
-0.00236765
-0.000418085
0.00267331
-0.00393669
0.00525721
-0.0089534
0.0104981
-0.000585519
0.000221304
0.000853513
-0.000798204
0.000359976
0.000193302
-0.00052319
0.00047238
-0.000137011
-0.000255547
0.000615492
0.000636042
0.000418233
-0.000553017
0.000606285
5.80099e-5
-0.000293392
0.00209388
-0.0029484
-0.000566549
-0.000372393
-0.000571083
0.000563856
-0.000537144
0.00101339
-0.00141735
0.00154173
0.000481295
-0.000412501
-0.00150831
0.00161487
-0.000393138
0.000248997
-0.0002789
0.000249367
0.000280301
-6.65309e-5
-0.0015131
-0.000237504
0.00281943
-0.000217912
0.000359615
-0.000243941
0.000140855
-0.00571736
0.00766977
-5.60579e-5
0.000131542
-9.00914e-5
4.20361e-5
1.54236e-5
0.00708192
-0.00640707
0.00205355
-0.000154139
-3.30716e-6
4.44497e-7
-0.00197532
0.00294175
9.46416e-8
-1.05041e-7
3.31947e-9
-0.00257579
0.00137364
-0.000194075
-5.31066e-8
1.26512e-7
-6.61777e-7
-0.00142351
0.00351476
0.00174807
-0.00440085
-2.79904e-6
1.64609e-5
-6.59492e-5
-0.00130455
-0.00185483
0.00017741
0.0039585
-0.000343336
-0.00476961
0.000496324
0.00397747
-0.00054011
-0.00224473
0.000418051
0.000557098
-0.00016593
0.000472058
-0.000115618
-0.000873471
0.000300077
0.00106304
-0.000330017
-0.000604936
-0.000251931
-0.000373633
0.000844949
-0.000519636
1.75637e-5
9.41306e-6
2.73488e-6
3.6888e-5
0.000215873
-0.000302169
-4.73243e-6
4.42941e-6
-7.36172e-6
0.00020788
4.42488e-5
-0.000404741
8.53248e-6
1.65764e-6
0.000915759
0.000457491
-0.0013489
1.03317e-5
2.16521e-5
3.87163e-5
-2.42912e-5
-0.000380325
0.00115068
0.000455669
-0.000947114
-1.07718e-5
-0.00012503
1.75492e-5
-2.68487e-5
-0.000947309
0.0011088
0.000741951
-0.00108756
-0.000492588
-0.000255948
7.29723e-5
0.00108718
-0.00149374
0.00175012
0.00105178
-0.000817862
0.000777408
-0.00203592
0.00231196
0.00217092
-0.00159227
-0.00262905
0.00313953
-0.00339782
-0.00512471
0.00343061
-0.00277708
0.00348389
-0.00329494
0.00134386
0.000113867
0.000878215
-0.00932655
0.00844717
-0.00324752
0.0051106
-0.00488168
0.00201105
0.00223179
-0.00578954
0.00738255
-0.00722063
0.0059055
-0.00200932
7.33844e-5
-0.000196405
0.000382201
-0.000124524
0.000425215
-0.000510937
0.000320964
0.00015305
-0.000690002
0.000953266
-0.000766066
0.000226017
0.000496073
-0.00119912
-0.00273045
0.00322357
0.00256947
-0.00227895
0.00197299
-0.000572974
0.000521828
-0.000525631
-0.00046259
-0.000548801
0.00143512
0.00048315
-0.000462506
0.000437258
-0.00228376
0.00295904
-0.00330868
-0.000391414
0.000325027
0.00329559
-0.00327319
-0.000276025
0.000278989
-0.000212137
0.00389618
-0.00315912
0.000893182
0.000146082
-9.80955e-5
0.00161563
-0.00326174
5.74128e-5
-2.81921e-5
-1.48938e-5
0.00301114
-0.00120159
-7.69264e-5
5.89508e-6
-2.02311e-6
0.00114806
-0.00153075
5.29623e-7
-7.79526e-8
5.54055e-8
0.0010548
5.01105e-5
-0.00155036
-1.99767e-8
-6.28274e-8
2.107e-7
0.00314854
-0.00578451
0.00527632
-3.22949e-6
1.75294e-6
-2.25735e-6
1.61581e-5
-2.00433e-5
0.00334385
-0.00531729
0.000653047
5.91429e-5
0.00253692
-0.000141854
-0.00426584
0.000275932
0.004545
-0.00040467
-0.00352594
0.000429234
0.00174625
-0.000289977
-0.00015397
3.04806e-5
-0.000638759
0.000239834
0.000716235
-0.000458491
-0.000513818
0.000565303
0.000201206
0.00101804
-0.00121893
0.000558723
-0.000324692
-0.00083334
0.000723738
-0.000498745
-9.0523e-5
-2.09725e-6
-6.39003e-6
4.24947e-5
0.00045437
-0.00064113
0.000650516
-4.1993e-7
-9.74653e-7
1.07586e-6
-0.000390821
-0.000155851
0.000831687
-3.83685e-6
-1.20199e-7
-0.00150689
0.00209745
-7.55774e-5
-4.14918e-5
1.47927e-5
-0.00190771
0.00129863
-0.000301763
-0.000221459
0.000145958
-0.000850056
0.00150712
-3.74186e-5
0.000200815
-0.00135176
0.00137799
-0.0015762
-0.00163263
0.00105942
-0.000523521
0.00181852
-0.00210659
-0.00306487
0.00236816
0.00251335
-0.00318207
0.00369589
0.00543279
-0.00443274
0.00371766
-0.00486922
0.00379087
0.00181638
-0.00285568
0.00600047
-0.00355473
-0.00562936
0.00751567
-0.0060257
-0.000833001
0.00435884
-0.00586813
0.00513132
-0.00156479
-0.00382779
0.00856894
-0.0105007
0.00933507
-0.00611617
0.00120468
0.00380105
9.44301e-5
0.00021144
-0.000426544
-0.000261122
0.00021489
5.02847e-5
-0.000510389
0.00099301
-0.00120558
0.000967952
-0.000360823
-0.000369953
0.00128079
-0.00194759
0.00184092
-0.000950804
0.000709169
-0.000673384
0.000444448
-0.000576021
0.00166735
-0.00243378
-0.000337404
0.000312401
-0.000281147
0.00353442
-0.00444673
0.00500485
0.000241274
-0.000204239
-0.00528304
0.00450104
0.00023198
-0.000320101
0.000166048
-0.00659764
0.00722658
-0.00458703
-8.38596e-5
7.71355e-5
0.0017333
9.80272e-5
-4.24258e-5
4.0516e-5
5.3268e-6
-0.000712195
0.00031432
0.000177455
-3.59305e-6
1.64933e-6
-0.000495561
0.000476829
-6.33001e-7
2.08333e-7
-4.06999e-8
5.75882e-5
-0.00106557
0.00300194
8.20206e-8
-2.73954e-7
1.73382e-7
-0.00642257
0.00784689
-0.00575396
2.39596e-7
-1.97535e-5
1.76723e-5
0.00449084
0.0012049
-4.23649e-5
-0.00423616
9.38985e-5
0.00428031
-0.000177847
-0.00334762
0.000256761
0.00190644
-0.000255512
-0.000212012
0.000122239
-0.00105042
0.000105082
0.0014241
-0.000313715
-0.00105709
0.000445117
0.000505008
-0.000606404
-0.000168596
0.000744021
5.75556e-5
-0.000565882
0.000125016
0.000609579
-5.48458e-7
8.63654e-6
-2.41522e-5
-0.00103134
0.00111673
-0.0011012
1.43295e-7
3.35883e-9
5.46693e-7
0.000737699
4.28216e-5
-0.00104477
-6.84217e-7
6.92204e-7
0.00167824
-0.00287398
0.000117499
2.26891e-5
-2.8566e-6
0.00225818
-0.00157243
0.000686719
0.000572751
-0.000295614
0.000754934
-0.00207384
0.000931174
-0.00070145
0.00140966
-0.00103056
0.00109497
0.00193386
-0.0011565
-8.77466e-5
-0.00130138
0.00161177
0.00346574
-0.00266561
-0.00203634
0.00319265
-0.00547715
-0.00572428
0.00485785
-0.00418726
0.00613234
-0.00399855
0.0026707
0.00482172
-0.00550998
0.00589742
0.00260713
-0.00639553
0.00665844
-0.00557364
0.00189757
0.00380536
-0.00923736
0.0117529
-0.0101974
0.00602564
-0.000906989
-0.00223086
-2.59622e-5
0.000339361
-0.000438272
-8.3363e-5
-0.000212335
0.000584313
-0.000961573
0.00113793
-0.000942754
0.00043811
0.000128149
-0.000672216
-0.000696296
0.000587741
0.000117218
-4.01093e-5
0.000237318
-0.000179448
0.00152319
-0.00261674
0.00266163
0.000167726
-0.000192016
0.000148899
-0.00392335
0.00493335
-0.00547457
-0.000134522
8.51168e-5
0.00589058
-0.00749794
-9.48119e-5
0.000227607
-0.000132408
0.00623932
-0.0111821
0.00620166
7.31254e-5
-3.64954e-5
-0.00265813
0.00108422
3.16228e-5
-3.89633e-5
1.36943e-6
-0.000149403
3.9497e-5
-0.000123916
4.08559e-7
-4.81781e-7
0.000134735
-3.30922e-5
3.86272e-7
-4.77002e-7
3.14617e-8
-0.000353427
0.000719975
-0.00131213
-2.53455e-8
-6.03251e-7
2.26465e-6
0.00210921
7.03844e-6
1.05522e-5
-0.000947385
1.0911e-5
-5.64161e-5
4.93997e-5
0.0083369
-0.0107118
-5.83548e-5
-0.00392216
9.55141e-5
0.00121918
-0.000127252
0.000402576
0.000104511
-0.00179231
7.53543e-6
0.00255923
-0.000180447
-0.00241769
0.000329611
0.00165889
-0.000340615
-0.000757536
0.000373842
0.000254165
-0.000206608
0.000209145
0.00014823
-0.00109625
-2.5303e-6
7.19667e-7
2.58305e-5
0.00162933
-0.00136918
0.00141052
-5.32548e-9
-1.06117e-7
1.31557e-7
-0.00116494
0.000430437
0.000536491
2.15693e-6
-5.27902e-7
-0.00133876
0.00155612
-9.63047e-5
1.58541e-5
-7.16419e-6
-0.00137729
0.00052838
2.33383e-5
-0.000984582
0.000396947
-0.00102821
0.00163013
-0.00224835
0.0015677
-0.000655294
0.000469112
-0.000676426
-0.00105042
-0.000498495
0.00202603
0.000753404
-0.00107006
-0.00305025
0.00212939
0.00104593
-0.00129391
0.00187161
0.00576203
-0.00427351
0.00366208
-0.000155041
-0.00148169
0.00319208
-0.00506527
-0.0133783
0.0121319
-0.00756973
0.00656477
-0.00339274
-0.00157351
0.00682792
-0.00983047
0.00929127
-0.00519641
0.00126235
0.00108967
-0.00188535
0.000121066
-6.549e-5
-3.89512e-5
0.000302201
-0.000104085
-5.64212e-5
0.000269176
-0.000468992
0.00070217
-0.00080975
0.000720105
-0.000343513
-0.000104037
0.000344785
-0.000292005
-0.000221231
-3.7889e-5
-4.44721e-5
-7.84576e-5
4.98606e-5
0.000109117
0.000981743
-0.00155421
0.00232187
-0.00264127
-5.88359e-5
0.00010303
-0.000103715
0.00280937
-0.0040624
0.00448056
0.000129754
-0.00014646
-0.0045714
0.00460118
-3.9459e-5
0.000125647
0.00819132
-0.0045057
3.0114e-5
-2.56941e-5
-2.42333e-5
0.000291112
2.89805e-5
-2.29929e-5
1.20592e-5
-8.46261e-5
4.87263e-6
-3.87708e-6
-7.20763e-7
1.33699e-5
1.88266e-6
-7.44359e-7
2.31632e-5
-9.5634e-5
1.36743e-7
7.89187e-7
2.23466e-7
0.000228702
-0.000266531
0.000377612
6.6612e-7
7.71987e-7
-1.22315e-6
-0.000617438
-0.000951068
6.25155e-6
-1.20426e-5
-0.00155761
0.00231157
0.00327765
-0.00306507
-3.26649e-6
7.28926e-5
-6.66875e-5
0.0074701
-0.00205916
3.75923e-5
0.000590275
-4.70391e-5
0.00231017
4.95366e-5
-0.00274331
-2.03468e-5
0.00350748
-5.59306e-5
-0.00358545
0.000170221
0.0030546
-0.000212169
-0.00165749
0.000232119
0.000599392
-0.000213888
-0.000128594
9.6179e-5
0.000116848
4.79239e-6
-0.000719966
-1.23248e-5
-2.75501e-5
-2.74164e-6
-9.59218e-6
6.25377e-5
0.00105848
1.30987e-6
-0.00150897
0.00149576
-0.00113936
2.08354e-7
-7.72214e-8
2.68364e-7
0.00135833
-0.000869189
1.80703e-6
1.00171e-6
-5.23462e-7
0.000788215
-0.00109521
0.000696972
-1.38452e-6
-8.54841e-8
0.000967721
-0.000880269
0.000460919
-4.29859e-5
0.000267245
-4.88383e-5
-0.000152107
-3.10219e-6
0.000719553
-0.000837642
0.000722912
0.000727993
-9.45372e-5
0.000199053
-0.000264623
-0.000579892
0.000601203
0.00215522
-0.00149185
-0.000422081
0.000522937
-0.000925409
-0.00410776
0.00283944
-0.00211394
0.00151242
0.000614533
-0.00135199
-0.00567917
0.00357808
0.00820644
-0.00167988
-0.000647427
0.00130377
-0.00219656
0.00347914
-0.00756468
0.00548192
-0.00876149
0.0057599
-0.00212896
-0.00211537
0.00533993
-0.0050869
0.00270353
-0.00083451
-0.000131455
9.605e-5
1.09619e-5
-0.000342465
0.000304774
-0.000414279
0.000437355
-0.000375312
0.000154805
3.31372e-5
4.4229e-5
-6.14458e-6
0.000146295
2.55805e-5
-8.02066e-5
4.55821e-5
-0.000711587
-0.00116154
0.00101328
0.00152102
-4.81996e-6
-1.14414e-5
0.00242412
-0.00199755
-0.0028216
6.63919e-6
3.02114e-5
0.00278093
-0.00240218
-3.57695e-5
-6.88525e-5
4.25742e-5
0.00152874
-0.00131681
0.00029477
-2.33422e-5
2.12072e-5
0.000310551
-0.000214655
-0.00026314
4.27736e-5
-1.93248e-5
2.07608e-5
0.00011283
-4.79341e-5
-3.91101e-5
-4.73668e-6
-9.34729e-6
7.31251e-6
8.60928e-6
-9.84305e-6
-3.54374e-6
1.95403e-6
1.47346e-5
-1.94519e-6
2.67597e-6
3.65007e-6
-5.43061e-6
-9.51049e-5
-7.22929e-7
0.000282223
-5.31456e-6
7.55381e-6
-1.60666e-5
-2.09254e-5
0.000205271
-4.02533e-5
-0.00209844
-2.05769e-5
7.49986e-5
-4.17068e-5
0.00087934
0.000799455
3.46227e-5
-0.00719633
-1.77384e-5
0.00410442
-7.93967e-6
-0.00456265
4.57912e-5
0.00391984
-9.77759e-5
-0.00267667
0.000120124
0.00142749
-0.000103213
-0.000459453
-3.96775e-7
-3.88147e-6
-0.000138924
0.000574213
2.53449e-5
-3.30558e-5
-0.000102429
-0.000858719
0.000856917
-0.0011869
0.00157696
-0.00132924
1.49035e-7
-2.37992e-6
0.00111188
-0.000472985
-7.60381e-8
1.42415e-7
-0.000274467
0.000610203
1.98229e-6
-2.50637e-7
-0.000774267
0.000552077
3.47578e-5
-5.95092e-6
-4.44315e-6
-1.79465e-6
-0.000191813
1.07763e-5
7.25343e-5
-4.61481e-5
-3.53419e-5
2.13262e-5
0.000225814
-0.000132249
-0.00040655
-7.07668e-5
-0.000169555
7.75924e-5
0.000177614
3.44163e-5
-0.000498628
0.000199023
-1.48563e-5
0.000889386
-2.47168e-5
-0.000247605
-0.00122345
0.000979475
-0.00122834
-0.00630623
0.0126942
0.00461993
-0.00059882
0.0011562
-0.00136458
0.00175099
0.0040681
-0.0085193
0.0172768
-0.00830037
0.00617366
-0.00289168
-0.000289867
0.000821971
-0.000661729
-0.000235803
0.000342222
-3.15643e-5
0.000190555
-5.42145e-5
0.000377021
-0.00027169
-0.000152732
0.00018012
-0.000177074
0.000170813
-8.41688e-5
-1.70515e-5
3.18514e-6
-4.40675e-5
4.34885e-5
-7.04547e-6
-3.61852e-6
5.68287e-5
-2.79424e-5
9.1041e-6
-0.000152612
-0.000246163
0.000474306
-0.000583984
-0.000609909
0.000582217
1.36073e-5
-9.96547e-7
-2.96322e-7
1.26387e-6
-3.94914e-6
-0.000780981
0.00133409
0.0018306
-0.00108969
-6.93513e-6
2.39954e-6
-0.00154777
0.000791656
0.00116709
6.48518e-6
-8.57396e-6
-0.000790092
0.000114216
6.15241e-6
-6.78707e-6
-1.48781e-5
1.80749e-5
7.35335e-6
-9.51675e-6
-2.39687e-6
7.88036e-6
6.45279e-6
-4.53382e-6
-2.53732e-6
2.99698e-6
-2.3075e-6
6.70341e-6
-1.86323e-5
-2.32748e-6
2.09958e-6
6.50974e-5
-2.41844e-5
2.55295e-5
-4.62635e-6
6.88583e-6
-5.30548e-6
6.65123e-6
1.26209e-5
-6.87615e-5
1.38031e-5
6.15158e-5
2.71789e-5
4.1431e-6
-1.03754e-5
1.35945e-5
-0.000104479
6.13076e-7
-3.05505e-5
4.94168e-5
0.00115622
-3.30567e-5
-0.000150482
-2.97055e-5
-0.000297123
-7.49797e-6
2.91043e-5
-3.23552e-5
0.00982781
-0.00676585
4.53184e-6
-0.00325786
8.96959e-6
0.00446421
-2.72832e-5
-0.00437069
6.80124e-5
0.00245743
-6.08274e-5
-0.00123347
-1.24159e-5
2.25173e-5
-3.79146e-5
3.76449e-5
0.00021985
3.81899e-5
0.000128041
0.000200133
-0.000183813
-6.66846e-5
-0.000402032
-6.40611e-5
0.000538517
-0.000611193
0.000538523
0.000762566
2.47082e-7
9.36634e-6
1.19941e-6
-4.752e-6
-3.32733e-6
-0.00136186
0.00117902
-0.00128555
-0.000837552
0.000765241
1.45472e-8
-2.873e-7
-8.74422e-9
2.32082e-8
-0.000185541
-9.28758e-5
-2.427e-7
9.78244e-8
0.000282732
-0.00014157
1.69144e-6
3.61659e-7
4.77718e-6
1.03024e-5
2.9235e-5
-1.17639e-5
-7.23652e-5
4.5046e-5
0.000165666
-6.56559e-5
-4.13054e-5
-0.000230074
-9.15625e-6
-5.61907e-6
4.13098e-6
8.97135e-5
-5.61421e-5
-0.000602585
-0.000660345
0.000376747
-0.000186227
0.000341859
-2.44458e-5
0.00018123
-0.00117847
0.00117078
0.00387323
0.000569797
0.000728933
-0.000482982
0.000503894
-0.0077947
-0.0199808
0.0187348
0.00413433
0.00396249
0.000178382
7.80289e-5
0.000137318
-0.000595836
0.0137753
-0.0212401
0.00701798
-0.00867731
0.00805432
-0.00358893
0.00146168
0.00017512
0.000180698
-1.43721e-5
0.000158806
-7.93879e-5
0.000166326
-0.000154292
0.000117767
8.97383e-5
-7.29117e-5
3.48551e-5
3.65256e-5
-8.23064e-6
9.92444e-6
-3.20406e-6
6.11284e-5
-6.3991e-5
-0.000113991
-5.67576e-5
0.000120493
0.000173359
-9.19198e-5
-0.000186676
4.23052e-7
-1.20591e-6
-0.000441337
0.000194735
0.000421749
2.27241e-8
9.88298e-7
-2.62773e-7
1.50113e-7
-0.00030488
-0.000567502
0.000200565
-6.32641e-7
-4.30616e-7
0.000452231
-0.000127963
1.79248e-7
-9.19478e-7
-1.80019e-6
-4.46575e-6
2.11695e-6
-2.71541e-6
-1.41674e-6
-2.69316e-6
2.63798e-6
-2.58157e-6
-2.62863e-6
3.03058e-6
-2.46714e-6
2.82007e-6
2.02564e-6
-2.31926e-6
-1.22184e-5
5.54965e-6
-5.25855e-6
1.35421e-6
-4.44115e-7
-3.87897e-6
-5.12632e-7
1.34016e-7
5.85999e-7
-4.4076e-8
-1.27171e-5
1.91433e-6
3.02303e-5
2.10717e-6
-1.19973e-5
9.61566e-6
1.09642e-5
-8.62391e-6
-1.2892e-5
3.67969e-5
-0.000920134
0.000122074
0.00205416
-9.74035e-6
7.13179e-6
0.00277469
1.28021e-6
2.75263e-6
-8.48724e-6
-0.00861931
0.00724303
8.87795e-6
0.00514016
1.95391e-5
-3.96424e-5
2.81066e-5
-5.2736e-6
5.27757e-6
5.66458e-5
0.000217092
3.63882e-5
0.0011095
-0.000821144
0.000455704
-0.000115044
-0.000513777
0.000110588
-0.00019154
0.000255209
-0.000356579
0.000614252
1.679e-5
3.08233e-5
-0.000700824
0.000615623
1.18394e-8
-6.85748e-7
-0.000491576
0.00045808
0.000232533
-0.000156308
4.1781e-8
-2.36264e-8
-2.74966e-8
-2.01119e-8
-3.41932e-5
2.1771e-5
-2.95445e-5
-1.19404e-7
4.13615e-5
-3.43616e-5
3.75847e-5
8.09591e-7
-2.48432e-6
-3.96846e-7
4.64255e-6
4.28985e-6
9.87885e-7
3.06086e-6
-4.09477e-6
1.14312e-5
5.87311e-7
0.000107042
6.78306e-5
-2.675e-5
-1.19607e-5
-2.48913e-5
-6.11651e-6
-0.000135215
0.000166256
0.0003046
0.000111036
-8.03655e-5
0.000204941
0.008474
-0.00775476
-0.0187181
0.0120596
0.00290483
-0.00804709
-0.000194929
0.000562735
-0.000973269
0.000358963
0.000125587
-0.000200561
0.00544205
-0.0170356
0.0202367
-0.0120014
-0.00416631
0.00336097
-0.00161466
-6.31668e-5
-1.98886e-5
6.73362e-5
4.29138e-5
-4.58498e-5
-3.57041e-5
4.55584e-6
-1.00041e-5
-1.0539e-5
1.68761e-5
-1.15523e-6
1.55268e-5
3.89668e-5
-2.70393e-5
1.50834e-5
-2.39378e-6
5.65499e-6
-1.45578e-5
2.80056e-5
1.06238e-5
-4.77255e-6
6.81424e-5
-1.56545e-5
1.79349e-7
-6.9971e-8
2.09805e-7
-5.23455e-6
-6.45745e-5
1.68167e-5
-0.000148412
4.35051e-5
9.12195e-9
-3.17624e-8
9.3268e-5
-2.10606e-5
-4.97882e-5
9.81202e-8
1.12245e-7
-9.08622e-8
1.06412e-5
-6.64117e-5
2.94689e-5
1.19959e-8
-2.15527e-8
1.81231e-5
-1.10072e-5
-4.36365e-6
-4.95333e-7
-4.68081e-7
8.65465e-7
1.81466e-6
1.14495e-7
-2.83872e-8
-6.40584e-7
-9.14967e-7
9.8024e-7
-1.96727e-7
3.80287e-7
2.59622e-6
-6.01641e-7
-8.65226e-7
1.15152e-6
9.2101e-7
-7.25208e-7
2.46284e-7
-1.24796e-6
9.41236e-7
3.40951e-7
-1.82261e-7
3.88747e-7
-6.7454e-7
-1.0017e-7
-4.08073e-7
2.24788e-6
-1.39951e-6
1.78277e-7
-7.69889e-7
-6.64429e-6
-2.11515e-6
3.55014e-6
1.54572e-5
-1.27853e-6
-3.43276e-6
4.60676e-6
-0.0002939
0.00015265
-2.57638e-6
7.8275e-6
-0.00287871
0.00120084
2.16027e-6
-7.40903e-6
-0.00259504
0.00252695
0.000331743
-0.00177225
-2.35216e-6
3.98026e-6
-0.00553118
-8.61292e-6
-3.79752e-6
5.54752e-7
-4.16005e-7
-6.27129e-6
-0.000146178
0.00124665
-0.00116616
0.000852796
-0.00461151
0.00121568
-0.00361969
1.82128e-5
0.00331076
-3.17758e-5
-0.00218187
1.15904e-5
-2.33623e-5
4.11455e-5
-0.000115859
-6.2304e-5
0.000159728
-5.73205e-5
-8.98245e-5
0.000166121
0.000506433
-0.000169192
0.000367756
0.000150876
-0.000337671
3.31266e-7
4.62637e-6
-3.16667e-6
-2.07725e-5
0.000280361
-8.41504e-5
2.76101e-8
9.7442e-8
-7.12138e-6
-1.23663e-5
-6.12659e-8
3.2991e-8
-6.27018e-10
9.88375e-9
-1.86379e-5
2.62889e-6
-6.81653e-7
5.19539e-8
1.56414e-7
2.71005e-8
7.44894e-6
-9.1542e-7
-1.88718e-6
-1.12405e-7
-4.2173e-7
1.23923e-7
1.11313e-6
-2.42201e-6
-3.80797e-7
1.01106e-5
8.30117e-6
-3.77408e-6
-8.06526e-7
1.18412e-6
9.89713e-6
9.93816e-6
-5.67042e-5
-2.56849e-5
3.87636e-5
1.53546e-6
8.34122e-6
-1.97383e-5
0.000153158
0.000679362
-0.00206365
-0.00213196
-6.50616e-6
-6.93689e-5
-6.07531e-5
4.05673e-5
0.00356734
-0.00573186
0.00234359
-7.57412e-5
-0.00090316
-0.0031079
0.00331666
0.0146846
-0.00136105
0.00115048
0.00391102
0.00012515
-0.0028806
0.00193795
0.000660435
-0.000364557
-0.0132874
0.0109859
2.65668e-6
-1.8163e-6
1.2883e-5
-4.60408e-6
-2.13613e-7
-1.22601e-5
1.34079e-5
3.62087e-7
-3.42005e-6
-8.10351e-7
9.11485e-7
-4.4556e-6
5.77682e-7
-4.23276e-7
7.35584e-6
-3.50472e-6
-5.69744e-6
4.68514e-6
-3.87279e-7
8.92462e-7
-1.34691e-7
7.34912e-7
-2.2835e-6
-4.10742e-6
6.75765e-7
-9.05073e-6
1.04406e-6
1.71317e-8
-2.20395e-8
1.55799e-8
-2.3367e-7
2.46075e-6
4.22653e-7
6.29077e-6
4.8081e-7
5.16446e-9
-1.13922e-9
2.20027e-6
-8.7035e-7
3.19791e-9
-1.59968e-8
1.31689e-7
-2.37685e-6
-9.73579e-8
1.42865e-7
1.41705e-7
-5.11493e-8
-2.50969e-7
3.41547e-7
2.21955e-7
8.05816e-8
-3.38586e-7
3.46457e-7
1.83285e-7
-4.19717e-7
1.05096e-7
-6.18097e-8
-1.63531e-7
1.71499e-7
2.54655e-7
-3.33858e-8
-1.38016e-7
6.88693e-8
6.39284e-8
-1.76322e-7
5.73726e-8
-6.62671e-8
7.10221e-8
-1.39463e-7
8.49727e-8
-9.33335e-8
3.30544e-7
3.99881e-6
-6.85323e-9
-1.50777e-7
-4.95705e-5
1.52766e-5
1.58944e-6
-9.45954e-7
-2.4628e-5
2.55032e-7
7.01306e-7
-5.05636e-7
0.000907564
-0.000642971
5.33605e-8
-6.31986e-7
0.00528383
-0.00301592
7.41364e-8
7.49362e-7
0.00473501
-0.00296914
-0.0010848
-1.33398e-6
3.34167e-6
0.000504215
0.00457737
4.3548e-7
-0.00763137
-1.14422e-7
0.0070933
4.03116e-6
-9.51736e-6
4.72839e-6
4.30093e-6
-1.55909e-5
-7.25925e-6
2.25145e-5
-0.000521242
-0.000954309
0.0012388
0.00292143
-2.27126e-5
6.61546e-5
1.97363e-5
-5.86469e-5
1.69695e-5
7.62975e-5
-6.8666e-5
-0.000237228
3.87348e-5
-0.000101087
-1.49191e-5
9.77824e-7
-1.37011e-7
-5.18299e-7
6.37121e-7
3.00632e-6
4.62972e-5
-4.6211e-5
3.78595e-5
-2.71209e-8
1.69804e-5
-1.56422e-5
1.26025e-5
-2.97799e-8
2.50469e-7
5.21271e-7
-2.836e-6
-7.7599e-8
8.18495e-7
-1.69775e-7
-1.76161e-7
5.22215e-7
7.01948e-7
7.75513e-7
-3.0588e-6
-2.91461e-6
3.84602e-6
-8.64507e-6
-3.29026e-6
-6.05566e-7
1.65615e-5
3.5567e-5
-0.000117416
-0.000119517
-3.38904e-5
9.52909e-5
5.1539e-5
-1.72654e-5
0.000161191
0.000103736
0.000424883
-0.00114292
0.000251455
-0.000604596
-0.000337206
0.000141585
0.00140545
0.00114955
-0.00219126
-0.0150878
0.00905483
-0.00154577
0.0105514
-0.00249483
-0.00559026
0.00621605
-0.00623137
-0.00411243
0.00376639
-0.0022158
-6.10353e-6
-2.16431e-6
9.28488e-6
-9.42948e-8
2.61056e-6
2.02984e-7
-3.42599e-7
1.23699e-6
7.84375e-8
9.59761e-7
2.901e-7
6.53893e-7
9.24101e-7
1.29609e-8
-5.58552e-8
1.18808e-6
-4.30759e-6
2.91512e-6
-5.83028e-7
-2.65127e-7
1.18461e-8
2.43815e-7
-1.59229e-7
5.17657e-8
-8.94825e-9
3.73956e-8
-1.21134e-7
-3.23005e-7
7.10556e-8
-5.3133e-7
1.12852e-7
3.86914e-9
7.86097e-10
-1.30887e-8
6.13269e-8
7.59402e-8
-3.74492e-6
8.24573e-7
-4.80916e-9
2.4775e-8
1.40678e-6
-3.53198e-7
8.42469e-7
-3.50349e-7
1.10982e-8
-2.46645e-8
-2.01371e-7
5.82906e-8
8.12713e-8
4.05061e-8
8.18841e-8
-1.20836e-7
-4.89997e-8
-1.15727e-8
1.65263e-8
1.60762e-8
1.26187e-7
-1.51864e-7
-5.36194e-8
1.182e-8
1.58589e-8
8.69607e-8
-6.84013e-8
-8.20208e-10
-8.66372e-9
-3.64635e-8
2.38664e-8
4.66704e-8
-1.9188e-9
-1.47825e-8
1.2837e-8
-4.95678e-8
5.00834e-7
5.48797e-9
-1.48734e-8
-3.42952e-6
2.90606e-7
9.58948e-8
-5.44412e-7
3.54362e-7
-1.71743e-5
-8.04154e-9
2.05106e-7
-1.81357e-7
5.39637e-7
-0.000128394
6.28883e-5
-6.46638e-5
2.61927e-5
-2.61826e-5
-2.08877e-7
6.42831e-10
0.000257691
7.49594e-8
-9.43929e-8
3.85306e-7
1.2578e-7
-1.0738e-6
-1.18268e-6
4.29437e-7
1.4231e-6
-2.82129e-6
0.00299514
0.00530381
-0.00489733
-0.00322042
0.00409597
-0.0068729
-0.0100619
-6.39098e-7
2.52274e-6
-1.79125e-6
6.78693e-6
1.46294e-6
-5.74639e-6
0.000227031
0.000671684
-0.000640792
-0.00161718
4.21249e-6
-1.34432e-5
-4.7513e-6
9.91747e-6
-2.94948e-6
-1.44272e-5
1.24376e-5
5.66287e-5
-2.29621e-5
2.51177e-5
1.04975e-8
1.80008e-7
-2.99568e-7
-6.94325e-7
-5.10735e-6
1.63675e-5
2.65049e-8
1.14836e-7
4.06587e-8
-2.07269e-7
2.21933e-6
2.05287e-6
7.29039e-8
-5.4529e-8
-1.62071e-9
1.48432e-7
-7.67391e-7
3.34182e-7
3.2995e-7
-4.68508e-7
-8.81577e-7
9.26526e-7
-2.28675e-7
-2.57467e-7
-3.95298e-7
4.5267e-6
1.41014e-6
2.3332e-6
-7.2884e-6
-7.43368e-6
2.36841e-5
-6.53527e-5
-3.51456e-5
1.16205e-5
1.30692e-5
3.17539e-5
-2.89793e-5
-5.97649e-6
-0.000230717
0.000501534
0.000337427
-0.000139394
0.000339211
-0.000523963
0.000512567
-0.000164432
-0.000637933
0.000341313
-0.00187206
0.00355245
-0.00173463
0.00173947
-0.0011954
0.000711485
-0.00156841
0.000740179
-0.00491897
0.00790523
-0.0103913
0.00835101
-2.25642e-7
-1.4771e-8
9.67487e-8
-2.86047e-7
-1.35065e-7
-1.98303e-7
-2.94672e-7
1.06656e-8
-2.03213e-7
2.97738e-7
-1.15222e-6
1.20951e-8
6.32802e-8
-3.24531e-8
5.61583e-8
7.01806e-8
3.23383e-8
1.12398e-7
-2.08029e-7
9.21932e-8
2.18833e-7
8.88836e-8
-2.67594e-8
1.13367e-8
-5.06932e-9
4.53669e-8
1.34902e-7
-1.22583e-9
-1.27923e-8
1.78457e-8
-1.75087e-8
3.211e-9
1.29669e-9
2.75869e-9
-5.66816e-9
-4.33866e-8
9.1987e-9
-1.75373e-7
3.35027e-8
-7.91656e-9
-1.35584e-9
1.71193e-8
7.08705e-9
2.75322e-9
3.07318e-12
-2.12559e-8
7.99285e-8
2.45218e-8
-2.99365e-8
-1.77577e-8
-7.47268e-9
4.06274e-8
-4.16728e-8
-1.70805e-8
5.37465e-8
-5.7642e-9
-2.53794e-9
1.42211e-8
-2.06434e-8
3.4567e-9
3.73874e-9
1.41758e-8
-8.57209e-9
-7.49283e-9
2.78006e-8
-4.50574e-9
2.25447e-9
-1.20814e-7
-5.52544e-11
1.49323e-9
-9.39832e-9
2.90484e-8
5.31565e-7
7.70082e-10
6.08708e-9
-2.07348e-6
-9.48679e-7
-6.50982e-8
-1.41694e-8
-6.66754e-6
6.81025e-8
0.000117342
7.80508e-11
-2.07724e-8
8.36769e-9
-2.88201e-8
-0.000109326
-0.000632757
0.00121029
-0.00051731
-4.76807e-9
2.6764e-8
0.00193256
-0.00272167
-0.000180341
1.09563e-8
-7.87563e-8
-0.00521229
0.00578249
0.00369895
4.35037e-8
-1.18262e-7
0.00856678
-0.00918766
-0.00763077
9.63105e-11
2.16296e-7
-0.0098574
0.0108003
0.0113809
-1.62185e-7
4.40453e-7
0.00988126
-0.0081493
-1.6952e-7
3.94499e-7
-3.63306e-7
1.62575e-8
3.08812e-7
6.69175e-8
-3.14339e-7
0.00150223
0.00296682
-0.00306868
-0.00706523
4.05066e-7
-1.29193e-6
-7.9183e-7
2.21358e-6
-4.54561e-5
-0.000184636
0.000141259
0.000506916
-4.80397e-6
9.39237e-6
9.15029e-6
-2.98502e-6
1.03333e-6
2.49112e-6
-2.9296e-6
-9.05018e-6
-1.8605e-5
4.1562e-5
-1.71867e-5
5.60978e-7
-1.05332e-5
3.70617e-5
-1.65051e-5
-5.30891e-8
6.44673e-6
2.86855e-6
-8.37144e-7
-6.66016e-7
1.21201e-7
1.74684e-6
-1.0205e-6
1.44012e-7
-1.35034e-5
5.15235e-5
-1.06848e-6
-2.10641e-6
4.86262e-7
7.23907e-7
9.86886e-7
-4.04295e-5
0.000167071
-0.000385653
-0.000198012
8.7886e-5
-0.000116929
0.000636206
-0.000204269
0.00113258
-0.000937537
0.00150901
0.0014017
-0.000729455
0.000199352
-0.00505725
0.0176834
-0.0190494
0.00832354
0.0155047
-0.00854589
-0.0135959
0.010268
0.0113473
-0.0106269
-0.00846563
0.00925663
0.00467515
-0.00650896
0.00210732
-0.00273454
0.00253434
4.80371e-7
-1.33751e-8
-1.89755e-7
-1.19642e-8
-2.28714e-8
9.05588e-9
-7.01733e-9
-2.60105e-8
-1.2333e-8
-4.62788e-8
8.45036e-9
-2.54938e-8
-4.28639e-8
2.63087e-8
-1.21518e-8
-1.06138e-7
-2.82641e-8
3.5198e-8
1.49716e-8
-1.68244e-9
8.63377e-9
5.7867e-9
1.00389e-9
1.05016e-9
-4.85379e-10
1.87988e-9
-3.45754e-9
6.03831e-10
-1.42375e-9
1.42892e-9
-2.51494e-9
1.20295e-9
-4.95601e-10
-3.6388e-10
-9.74063e-9
2.96226e-9
3.45519e-8
1.15113e-10
1.30404e-9
-8.39204e-9
-2.95868e-8
3.85129e-9
-1.71366e-8
6.6639e-9
-7.61513e-9
-7.92173e-9
5.05837e-9
9.14526e-10
1.34169e-9
1.26005e-8
-1.5887e-8
2.14369e-9
5.03187e-10
9.81105e-10
1.02749e-9
5.11822e-9
-5.53453e-9
7.65873e-10
4.61973e-9
-1.26722e-9
-9.29284e-9
2.66711e-10
-1.54341e-9
9.62615e-9
2.8206e-8
1.34158e-9
-9.45791e-10
-4.78808e-8
4.79422e-8
-5.51662e-10
-7.00379e-10
-6.78247e-7
1.61536e-7
-4.92747e-10
-6.09474e-9
3.04921e-8
2.91379e-6
8.30507e-6
-8.20119e-9
-1.76545e-5
-4.67585e-6
3.29289e-9
3.67981e-10
4.24355e-5
-4.58146e-5
5.81352e-9
1.48333e-9
0.000553508
-3.77828e-10
-3.4524e-10
-1.13268e-8
-1.4836e-8
7.29644e-8
4.53486e-8
-1.57035e-8
4.5552e-9
-2.62488e-8
7.69865e-8
-0.00666311
-0.00798313
0.0086583
0.00562128
0.00649733
0.00964548
-2.38372e-8
3.82015e-8
-1.57103e-7
8.63887e-8
2.29068e-7
-0.000374434
-0.00116426
0.000785479
0.00222192
-9.40281e-7
1.5203e-6
2.71741e-6
-2.13828e-7
6.8817e-6
3.05978e-5
-1.16001e-5
-9.34556e-5
-8.19725e-6
2.01503e-5
-2.13188e-6
-4.02693e-7
-1.80836e-6
5.80833e-6
-3.66196e-5
8.45707e-5
-3.15242e-5
-1.74986e-6
2.58822e-6
-8.50774e-7
-2.43684e-5
8.36607e-5
-3.84516e-5
-3.10089e-6
8.03175e-6
-6.47207e-6
2.00834e-5
-1.04069e-6
-4.9354e-6
1.05854e-7
1.65973e-5
-1.78843e-5
-4.59083e-6
-2.38659e-5
3.99083e-7
2.41963e-5
-0.000124113
0.000316203
4.30152e-5
-3.81415e-5
9.75093e-6
-0.000476056
0.000321044
-0.00165001
0.000823802
-0.0019311
-0.000373624
0.000356772
-0.00252227
0.00250972
0.00158569
-0.00228543
0.000683465
-0.034346
0.00127527
0.000294058
-0.000761301
0.00220698
-0.00198353
-0.0021935
0.0242208
-0.0183726
0.012708
-0.00770405
0.0045564
-0.00283448
5.72087e-9
-3.70223e-10
-7.3998e-10
7.33389e-9
5.98312e-9
7.65763e-9
1.77302e-8
2.99862e-8
6.58983e-8
-5.19295e-9
-1.95948e-9
-2.6333e-8
-6.19539e-10
4.34997e-10
-1.44079e-9
-2.66168e-9
-1.78487e-9
-6.67317e-9
1.66929e-9
-3.8665e-9
1.232e-9
-1.86498e-9
3.19496e-9
-1.20869e-9
-6.9394e-9
1.23906e-9
-5.05096e-9
1.23738e-9
6.6539e-12
2.00714e-10
6.62377e-10
3.44399e-10
2.40727e-10
-1.28368e-10
6.36838e-10
2.16412e-10
7.98009e-11
-2.57667e-10
-6.66587e-10
-3.8607e-12
6.47975e-10
-2.59683e-9
-3.6044e-9
1.60205e-9
6.56811e-9
1.56791e-9
-1.6997e-9
-2.74353e-9
-1.72349e-9
-1.85211e-9
-2.84546e-10
3.66299e-9
-5.10382e-9
1.65396e-9
-3.16128e-9
-2.70341e-10
-2.2139e-9
1.39586e-9
-2.17225e-9
1.21971e-9
-1.19314e-10
1.5915e-8
1.30084e-8
-1.11518e-11
-7.44242e-10
8.84355e-10
-5.40858e-10
5.06466e-10
-4.46458e-8
-1.45148e-7
3.30582e-7
-7.87097e-10
-3.11221e-9
2.43712e-9
-2.28086e-9
1.64579e-9
-1.12852e-6
-1.58608e-6
1.02779e-10
-7.44506e-6
-1.6181e-6
-6.96543e-10
-3.61788e-10
2.18669e-5
4.0512e-6
-1.32431e-9
6.73021e-10
-2.03655e-9
-7.11692e-5
-0.000637968
3.70328e-10
8.36226e-11
-0.00109471
0.000807416
-2.73156e-11
-1.2762e-10
-0.000784856
0.00235589
-2.16321e-10
2.00866e-9
0.00164315
-0.00472053
-1.77682e-9
6.49267e-9
-0.00331927
0.00765568
-1.30343e-9
-6.44276e-9
0.00519134
-0.00973287
1.09306e-8
-3.077e-8
-0.00640641
-3.19768e-9
-8.21174e-9
1.46827e-8
1.90563e-8
-2.62118e-8
-6.18558e-9
0.001323
0.00360426
-0.00338162
-0.0012274
-0.00056184
-0.00256311
1.4343e-8
-2.09957e-7
6.29313e-7
-6.27825e-7
4.04248e-7
1.6052e-7
6.00262e-7
0.000298301
-0.000575118
-3.02402e-6
6.34906e-6
6.89632e-7
-1.48331e-6
-1.73087e-5
4.3459e-5
-1.73968e-5
4.01633e-5
-3.02667e-6
-9.85201e-7
2.78751e-6
6.38163e-6
-8.00561e-5
0.000191412
-6.61258e-5
-1.93113e-6
1.66041e-5
-1.23215e-5
-6.07118e-5
0.000181587
-9.4224e-5
-1.04087e-6
4.42298e-5
-4.09818e-5
7.61584e-5
7.12003e-5
-7.21366e-5
2.58302e-5
9.73916e-5
-0.000105831
-4.61231e-5
0.000157684
-0.000185057
-0.000551521
0.000833364
-6.83983e-5
-0.000672437
0.000669282
-0.000271659
0.00230423
-0.00229086
-0.00089981
0.00736329
-0.00621813
0.0304914
-0.00291625
0.00144374
0.00274928
-0.00280663
0.00336938
0.00141015
0.0678289
-0.100117
0.0221864
-0.0340002
-0.00602427
0.0162153
-0.00375335
-0.00638862
0.0112954
-0.000726571
-0.00964674
0.00269582
0.00586258
-0.00200448
-0.00172757
8.36025e-9
-7.88626e-10
1.49269e-10
2.46026e-10
9.10409e-10
9.77405e-10
1.53124e-9
1.48872e-9
-1.06837e-9
3.93352e-9
7.38721e-11
-1.51812e-9
5.15419e-11
-1.08485e-9
-2.26974e-10
-1.25325e-10
-4.55918e-10
-4.11009e-10
-7.04794e-10
-8.25592e-10
1.27719e-10
1.99213e-10
-5.79e-11
-3.2647e-10
1.80641e-10
-4.20087e-11
-5.19197e-11
-1.78941e-10
1.27141e-10
-1.11618e-10
-3.38837e-11
8.69839e-11
-2.94224e-11
1.47797e-10
-9.30965e-10
3.50138e-11
-6.52402e-10
4.88916e-12
-5.86166e-11
1.01344e-10
-1.80683e-10
-5.42374e-10
1.04486e-9
4.46994e-10
-2.27763e-10
-9.48702e-10
-5.79838e-11
5.45276e-10
3.78969e-9
9.97887e-10
-1.45621e-9
7.03324e-10
-1.0523e-8
-3.91016e-9
1.65715e-8
3.02823e-10
-6.77623e-10
5.48859e-10
-3.27695e-8
-4.44166e-8
-5.26318e-8
1.7648e-10
1.44988e-10
2.76316e-10
-1.73364e-10
8.46805e-10
1.73939e-7
1.17371e-7
6.5408e-8
-1.2757e-7
1.29754e-7
-3.94392e-10
-2.8684e-9
3.7632e-9
-3.49151e-9
3.6189e-9
-1.03066e-7
-5.34312e-8
1.77173e-6
4.54204e-6
-8.8749e-6
-2.96996e-10
9.46149e-11
4.70508e-10
-2.5498e-10
4.17187e-10
4.23804e-5
5.27337e-5
1.50992e-10
-3.79332e-10
0.000559653
-0.000211866
-7.9044e-11
-0.00235409
-5.29797e-5
8.23836e-11
3.396e-10
-1.35208e-11
1.10795e-11
0.00655361
-0.0128115
0.00854011
-0.00190672
1.28529e-11
3.67537e-10
-0.00758101
0.0135665
0.00275545
-2.38485e-10
7.12321e-10
0.00707386
-0.0150758
-0.00282038
5.75847e-10
-1.94437e-9
-0.0091546
0.0125353
0.00160472
-2.08701e-10
1.54326e-9
-2.71012e-9
0.00494045
0.000641662
-1.38804e-9
4.16813e-9
-0.00164101
3.01873e-10
-1.11297e-8
1.6038e-8
-8.26828e-8
6.6204e-8
6.88624e-8
-0.000361081
-0.000103982
0.000576719
0.00033312
-0.00100325
-5.50557e-7
1.33517e-6
-1.54275e-6
1.04984e-6
1.07771e-6
3.93456e-5
2.67949e-5
-0.000106657
-4.0863e-5
-0.000144869
-6.49963e-6
1.06956e-5
8.69656e-7
4.975e-7
7.78586e-7
1.33939e-5
-3.08952e-5
7.1572e-5
-4.45628e-6
1.03632e-5
7.00645e-6
-4.47539e-6
-0.000171659
0.000478854
-0.000131653
2.72856e-5
2.22613e-5
-2.2639e-5
-0.000224181
0.000861195
-0.000674245
5.27912e-5
6.49502e-5
-6.44883e-5
0.000673443
-0.000325225
0.000153206
-0.00295612
0.0017982
-0.000425811
-0.000596577
0.000478272
-0.000165553
0.000223463
-0.00135744
0.00201748
-0.00546184
0.0246457
-0.0215221
0.00365338
0.00318928
-0.00336465
0.00122381
-0.00131484
-0.0781161
0.074896
-0.0541921
0.103692
-0.00653496
-0.000892467
0.00812424
-0.00460732
-0.0183908
0.0130119
0.0264628
-0.0168141
-0.0139363
0.0127753
-0.00305332
0.00112383
-0.00547652
0.00280129
0.000152816
-0.00440839
6.51031e-10
2.372e-10
3.80058e-10
4.99002e-10
-4.19702e-11
7.35209e-10
6.34475e-10
4.84595e-10
1.8407e-10
1.30632e-10
6.41091e-11
2.99355e-11
-1.08128e-10
2.49512e-10
-5.61172e-10
-5.41474e-10
-9.95767e-10
-4.88976e-10
9.02743e-11
-3.72956e-10
-5.27187e-11
3.74703e-11
2.05627e-10
1.50476e-10
2.98529e-10
8.97982e-11
-8.23504e-10
-3.2939e-10
-3.20543e-10
-4.43941e-11
-5.48369e-10
9.18183e-10
1.54911e-10
-3.60945e-10
-5.51981e-10
-6.71516e-10
-4.2818e-10
-1.80909e-9
-1.55213e-9
-1.33628e-10
-3.5236e-9
1.22903e-9
-2.81654e-10
4.01018e-11
3.4881e-9
1.94573e-8
3.1419e-8
3.90987e-10
-1.01068e-10
1.6546e-10
-2.48256e-8
-6.62351e-8
2.61749e-7
-1.54154e-10
7.3672e-10
-6.74894e-10
7.5041e-10
-1.24328e-10
-6.69493e-7
-6.61356e-7
-5.82577e-7
8.98119e-7
1.41705e-6
1.50732e-9
-1.53356e-10
1.91741e-9
-1.83246e-9
3.22717e-9
-3.59245e-6
-2.47964e-6
-2.61752e-6
1.60252e-5
-1.85127e-5
-1.91308e-10
1.12601e-9
-3.43707e-10
-2.53111e-11
8.57582e-11
-6.62501e-5
0.000267106
-0.000134233
8.25409e-5
3.4576e-10
-2.53972e-10
-0.000264241
0.00066477
-0.00103857
-4.41879e-11
9.01088e-10
-5.87267e-10
-1.54087e-10
-0.00963524
-2.19781e-10
-6.72031e-11
-3.5724e-10
6.21833e-10
-8.19283e-10
-8.77716e-10
-7.7841e-11
-7.69429e-10
1.81629e-9
0.00291896
0.00844969
-0.00689801
-0.00194533
-0.0166857
0.00343451
6.05221e-9
0.000496689
-1.77981e-8
-1.01324e-8
-4.19016e-8
1.54742e-7
-6.3514e-8
-8.39929e-5
-0.000724986
0.000320628
0.000141449
0.00118929
-1.24122e-7
-4.82768e-7
-4.15356e-6
1.98657e-6
4.4717e-6
7.37072e-6
3.17957e-5
-4.57237e-5
-8.33548e-6
-0.000122554
-1.92515e-5
3.36095e-5
-2.47209e-6
7.49829e-6
3.15138e-7
2.07246e-6
-0.000105894
0.000261085
-6.61325e-5
2.3916e-5
-1.75691e-6
-1.90271e-6
-0.000714665
0.00162454
-0.00143754
5.70317e-5
-1.6688e-6
-7.31426e-6
0.00101101
-0.00199676
0.00255767
-0.00836302
0.00765022
-0.000331874
-0.000185962
0.000130711
-2.03552e-5
1.88808e-5
-0.00561846
0.00954437
-0.0142822
0.0350412
-0.0279526
0.00201875
0.00246399
-0.00188302
0.000501552
-0.00074859
0.0414248
-0.0455853
-0.0138243
0.0175435
-0.0098646
0.014297
-0.0099093
0.0101983
0.00621859
-0.0110122
0.0106285
-0.00986829
-0.00530487
0.00549908
-0.00281241
0.0139722
-0.018278
0.0053998
-1.89801e-9
-1.73079e-9
-1.18058e-9
-2.12306e-10
5.0005e-10
3.47691e-9
3.86e-9
1.21398e-9
4.82989e-9
3.71578e-9
1.68028e-9
-2.02345e-10
3.48077e-10
1.77858e-9
3.62437e-10
-7.94777e-10
2.31905e-9
2.26413e-9
-5.45779e-9
-8.13318e-9
-9.45437e-9
-4.37348e-9
1.30089e-9
-3.32638e-9
-3.92695e-10
6.01852e-10
1.61221e-9
1.76225e-9
4.25588e-9
7.62476e-10
-9.16861e-9
-1.46002e-9
-4.21071e-9
1.06744e-9
-2.58242e-9
7.97163e-9
4.48112e-9
-6.29769e-9
-5.17917e-10
-1.26377e-9
-8.08632e-9
4.22085e-9
-6.5518e-8
2.84799e-8
-1.68648e-8
-7.82183e-8
-8.93325e-10
1.90268e-10
3.57501e-7
3.23233e-8
-7.14081e-8
-5.89917e-10
1.55207e-9
-1.68387e-9
2.39478e-7
2.87045e-6
2.35474e-6
1.3231e-6
-1.18762e-5
-4.96809e-9
3.51184e-9
-2.32197e-9
1.28916e-9
3.20208e-10
9.49138e-6
7.75224e-5
1.46759e-6
4.40571e-5
-9.74684e-5
5.98436e-9
5.95843e-9
-2.82829e-9
4.9905e-10
-2.92392e-10
-0.000667039
0.00150492
-0.000392378
0.000778955
1.53868e-9
-6.32688e-10
-0.00161478
0.000713765
0.000717374
1.45194e-9
3.46688e-9
-1.24453e-9
-1.5872e-9
6.87032e-10
0.0127118
-0.0116281
0.0113597
-0.0109211
-2.1524e-9
6.0783e-10
0.00996769
-0.0142632
-1.3685e-9
3.72318e-10
-0.00989672
0.0161217
-1.18798e-9
0.00868388
2.14272e-9
-1.84917e-9
1.94367e-9
4.65404e-9
-2.19193e-8
-6.33934e-9
0.000773497
-0.00252554
-0.00285502
0.00236663
0.00322182
-0.000718355
7.00435e-8
-0.0018183
-2.20058e-7
3.92325e-7
1.15717e-7
5.83825e-8
-2.51283e-7
9.55807e-5
-0.00102265
0.000642005
2.95801e-5
0.00340085
1.20086e-6
-2.75128e-6
6.35e-7
8.60316e-6
-1.62267e-5
-1.96723e-6
2.92001e-5
-1.60433e-5
5.12805e-7
-0.000109032
6.1323e-5
-0.000163867
1.7045e-6
3.73344e-8
2.35702e-7
0.000384379
-0.000687961
1.15374e-5
-3.01091e-7
7.91881e-8
0.0005112
-0.00410486
0.00906599
-0.0171065
0.0111038
-0.000156457
1.294e-5
-6.7874e-6
5.8936e-6
-2.97067e-5
-0.0121649
0.0218746
-0.0293349
0.0444409
-0.0377376
0.00128182
0.000733154
-0.000233918
2.19052e-5
1.76907e-5
0.0360035
-0.0351873
-0.0171365
0.0203392
-0.00968548
0.0137848
-0.0138168
0.00464024
0.012758
-0.0157755
0.0139398
-0.0137755
-0.003811
0.00510176
0.0078823
-0.00324854
-0.00342585
-0.00490963
0.000526896
0.00691683
-0.0122737
0.000223713
-1.2889e-8
-1.09823e-8
-7.6798e-9
-8.43823e-10
-2.71822e-9
2.73413e-8
2.92215e-8
1.96899e-8
-7.21672e-8
3.0648e-8
2.42285e-8
1.33597e-8
-2.50304e-9
2.10296e-9
1.55788e-8
3.84701e-9
-1.09901e-8
1.01943e-8
4.72818e-8
-5.11461e-9
-2.95085e-8
-1.02454e-7
6.81916e-8
2.5787e-8
-2.86424e-8
2.48191e-8
6.60012e-9
1.94643e-8
6.3435e-9
2.79793e-8
3.46438e-8
-5.75169e-8
3.02028e-8
-1.45202e-7
-6.03987e-8
-1.76708e-8
1.1872e-7
5.58697e-9
2.98227e-9
-7.51424e-8
-2.84865e-8
2.27472e-7
-2.9729e-7
-7.71719e-7
-1.15699e-6
-4.66884e-10
6.45754e-10
-2.72461e-8
-6.47974e-9
1.54934e-6
1.29099e-6
-1.34806e-6
-6.11102e-6
1.7588e-9
2.40623e-9
-3.35665e-6
1.67994e-5
2.40373e-5
1.80537e-8
-7.66063e-9
-1.00931e-8
-0.000173979
-7.51338e-5
-0.000219778
0.000265472
6.68292e-8
0.000534484
-6.38208e-8
1.14366e-8
-2.70208e-9
-0.00361444
0.00536779
-0.00182122
0.00354379
-1.12494e-9
-6.0434e-9
-0.00348964
0.00180268
3.55877e-8
0.00341568
-5.42182e-9
-1.89536e-8
6.76878e-9
0.00738694
-0.00310509
0.00484549
0.000949345
-1.60679e-8
5.08318e-9
-0.0077483
-0.00187277
-1.37235e-8
3.30432e-9
0.00933783
1.70701e-5
-7.60156e-9
-0.00989195
-4.22043e-9
1.48344e-8
6.10033e-9
-1.18101e-7
3.22239e-8
-0.00946155
0.00127538
0.00301519
0.0130641
0.015394
-0.00670672
2.43793e-7
-0.00352854
-9.87389e-7
-9.44686e-7
2.25475e-6
2.54852e-6
-0.000311119
0.00050073
0.000317884
0.000121277
0.00144975
-1.40867e-5
1.42973e-5
5.38499e-5
-5.22418e-5
3.89918e-6
-1.27168e-5
-9.90658e-6
-5.4343e-5
-0.000182345
0.00016295
0.000546532
-0.000483803
6.66127e-8
-5.10279e-7
-2.24642e-7
-5.59108e-7
-0.00145111
0.00131186
0.00340883
-0.00330756
-3.63466e-7
3.12487e-7
-2.93656e-6
3.03045e-7
-0.00709107
0.0122101
-7.35023e-6
1.14188e-7
-5.58682e-7
-0.0164009
0.0209893
0.0182698
-0.0190462
0.000438324
1.4147e-5
3.19489e-5
-2.90198e-5
4.42347e-5
0.00886513
-0.0326028
0.00623337
0.0172379
-0.0146296
-0.000629673
0.00826212
0.0204777
-0.0436023
0.0269752
-0.0201997
-0.00260596
0.00376877
0.00132653
-0.00940465
-0.0131493
0.0122935
0.0330693
-0.0169496
-0.031184
0.0217594
-1.0116e-7
-5.69449e-8
-6.46083e-8
-4.47844e-9
-7.48967e-8
-1.74942e-7
1.47071e-7
2.85832e-7
1.50086e-7
1.53742e-7
1.40614e-7
-1.27304e-7
-6.91015e-8
2.86124e-7
5.61247e-8
-1.52535e-7
-8.1597e-8
1.35586e-7
-9.27911e-8
7.08129e-7
6.98539e-8
-8.33403e-7
-6.53464e-7
-2.17251e-7
-5.41853e-7
-1.5201e-7
5.13628e-7
-3.76942e-7
-4.61458e-7
4.79576e-7
1.38807e-7
2.00469e-7
4.14978e-7
2.62835e-7
-1.27652e-7
1.10411e-6
-7.85265e-7
-4.33772e-8
-2.6669e-6
-4.19925e-7
-2.89064e-7
1.68918e-7
1.42736e-7
1.11911e-7
-2.03916e-6
-8.62363e-7
1.23064e-6
-1.3805e-6
-3.5979e-6
-6.36716e-6
-7.26932e-9
1.97635e-9
-7.87402e-7
-2.5264e-7
6.63921e-6
6.32341e-6
-4.7989e-8
-1.09978e-5
-4.98303e-8
-6.48023e-8
8.11914e-8
4.21623e-9
-8.27059e-5
0.000236087
0.000426554
0.000639219
3.79838e-7
9.04253e-7
-3.64776e-7
-0.00145873
0.00260951
-0.0024456
0.00387821
1.97067e-7
4.25584e-8
-1.75125e-7
-0.00727582
-0.00570619
-3.23089e-7
-1.483e-7
-3.90045e-8
0.0111192
-0.0167956
0.00704
-0.0171064
6.66614e-7
-2.20821e-7
0.0256074
-0.00883179
6.74436e-8
5.32865e-7
-9.24469e-8
-0.0383678
0.0242148
-0.0109759
2.99717e-8
1.15763e-7
-1.0528e-7
0.0325688
-0.0244718
0.0185756
4.7731e-8
4.59727e-7
-1.19833e-7
-0.0216262
0.0206545
-0.0238149
1.79273e-7
7.91025e-8
0.0113771
-0.00968857
-3.95067e-7
1.15484e-8
-0.0252012
0.0230918
-5.14072e-8
2.60056e-7
0.00624472
-0.0154778
-7.32631e-7
6.70563e-7
2.86232e-6
-1.87428e-6
-7.09346e-6
-7.3869e-6
0.000239012
-0.00138392
-1.42371e-5
-0.000170747
0.000768706
0.000252995
1.59895e-5
2.98434e-5
-4.84805e-5
-8.95099e-5
0.000151704
-4.97061e-6
3.77669e-5
2.10789e-6
3.30357e-5
0.000208781
-0.000418748
-0.000394144
0.00100337
-1.79598e-7
2.98498e-6
-3.54378e-7
-5.39952e-6
0.000525373
-0.00206361
-0.000130985
0.00353242
-3.00841e-6
-2.61014e-6
1.01321e-6
6.32577e-6
-0.00178998
-0.00470528
0.00700686
0.00385881
-8.57738e-6
-1.47741e-6
7.40894e-6
1.02456e-5
-0.0186439
0.00112382
0.0290993
-0.00914315
-0.0397673
0.02208
0.00231402
-0.000321879
-0.000283401
4.12582e-7
-4.55925e-5
9.83435e-5
0.0531437
-0.0364921
-0.0530743
0.0410598
0.0378523
-0.0350837
0.0161918
-0.0112543
0.00965336
0.000786611
-0.00757521
0.00689914
-0.0157861
0.0172539
-0.0114639
0.00960809
-0.0314692
0.0440593
-2.19657e-5
-0.0111819
1.89824e-7
-2.79638e-6
3.70918e-6
2.30611e-7
1.19932e-6
1.42008e-6
-2.93422e-7
-1.129e-6
1.22448e-6
-1.55703e-6
-3.31736e-6
1.93384e-6
-1.18092e-5
4.6433e-6
3.26617e-6
-5.02241e-6
5.98509e-7
-5.83551e-6
-2.01854e-6
2.57562e-6
1.56924e-6
-2.29187e-6
5.06622e-6
2.2794e-6
8.55086e-6
7.59032e-6
-5.45072e-6
4.15429e-6
-1.04123e-6
-6.45277e-6
1.81026e-5
-4.9296e-6
-7.3665e-6
8.38982e-7
3.30781e-6
3.79461e-6
-4.77921e-5
-2.09079e-5
8.13291e-6
6.29163e-6
-2.22211e-5
-4.32299e-5
-8.15182e-7
7.34788e-7
-1.84984e-5
-1.01824e-5
7.42576e-5
-3.94774e-5
-0.000391524
-0.000867139
-1.49588e-6
-4.2614e-6
8.89159e-6
-1.35059e-5
0.00135012
-0.0019266
-0.00351753
-0.006953
1.05072e-5
-7.21932e-6
2.26877e-6
0.0111296
-0.00804783
0.0112426
-0.016566
1.3953e-6
3.98542e-7
1.30135e-6
0.0207168
0.0280208
-5.6802e-6
1.09426e-5
-3.36972e-6
-0.036451
0.0335947
-0.0395138
0.050872
4.74492e-6
-1.08173e-7
-0.0568014
0.0476761
-7.78447e-7
-9.41221e-7
0.0496479
-0.0420675
5.18781e-6
-1.39403e-6
-0.0347558
0.0282968
2.57862e-6
1.30157e-7
0.0205341
-0.0187531
-2.38454e-6
1.13037e-6
-0.016098
0.0212293
-1.62901e-6
7.90808e-6
1.25253e-6
-2.44011e-5
5.43239e-6
6.5009e-6
0.0019
-0.000587687
-3.71869e-5
-0.000391897
0.0152859
8.53769e-5
-1.58905e-5
-5.19628e-5
3.97098e-5
-6.67471e-5
-2.98174e-5
-1.23774e-5
-1.14623e-5
-6.21875e-6
2.16565e-5
0.0002284
-6.5626e-5
-0.000665431
0.00048148
-2.29488e-5
5.5712e-5
-5.80038e-6
-0.000256497
0.00184073
-0.0018118
-0.00418221
0.00507274
-6.36607e-5
-1.97156e-5
1.15785e-5
0.000122651
0.00935705
-0.0100481
-0.0141903
0.0264934
2.7328e-5
-6.21121e-6
2.70659e-6
0.000304549
0.0197754
-0.0354122
-0.0170613
0.0363407
0.0267589
-0.0485593
0.000224626
-0.00196395
-0.000160091
0.00192899
-0.000135147
0.000418367
-0.0228042
0.0452874
0.00372885
-0.0260273
0.0151547
0.0017836
-0.0246864
0.0134478
0.0235665
-0.0164808
-0.0158332
0.0193739
3.75572e-5
-1.96627e-7
3.09455e-6
2.05128e-5
-3.38601e-6
-6.73489e-6
-4.32183e-5
7.09071e-5
-8.99882e-6
-0.000113719
5.61498e-5
-5.52861e-5
-4.22919e-5
2.22575e-5
4.33501e-6
-4.69239e-5
5.46046e-5
0.000102632
0.000196673
-0.000113283
0.000311604
1.85711e-5
-0.000580513
0.000202938
-0.000238112
0.000327206
3.22179e-6
-6.03991e-5
-9.08519e-6
0.000104136
-0.000144985
1.51475e-6
2.67725e-5
0.000132683
0.000606023
-0.000585901
0.000544253
0.000485163
-0.00079635
5.47518e-5
2.91834e-5
0.000596704
-5.07038e-5
2.73906e-5
-0.000417799
0.000297673
-0.00140482
0.00228402
0.00281337
0.0074794
2.00382e-5
-2.85252e-5
-0.000118406
-5.6314e-5
-0.0107816
0.00991253
-0.0086494
0.0197526
0.0189372
-2.5533e-5
2.73865e-5
0.000444191
-0.02501
-0.0424976
-3.60031e-5
1.71857e-5
-0.000325963
0.000119212
0.0580652
-0.0480079
0.0617711
-0.0804935
-0.0568078
-3.27061e-7
-0.000212153
-5.76726e-5
0.0781821
-0.0695038
0.0638352
-2.09464e-6
0.000246047
5.32488e-5
-0.0720732
0.0621868
-0.0557486
-1.95881e-5
-0.000326094
4.23296e-5
0.0649079
-0.0465214
0.0407162
6.18404e-7
-9.73783e-6
-1.42799e-5
-0.0267981
0.0243105
-0.0271019
3.31563e-5
-4.03943e-6
0.00645835
-0.00853248
1.79248e-5
-0.00154349
6.44261e-5
0.000110217
-0.000170108
0.00055441
-3.1579e-5
0.000167409
0.00213818
0.00526764
-0.00162927
0.000297821
-0.00868125
0.000438851
-0.000236118
-0.000193083
0.000453444
0.000675543
-0.00134595
-0.000546435
0.000796462
-2.78263e-5
-0.0016119
-0.000644959
0.00221851
0.00132274
-0.0042951
-0.000637541
-0.000208393
8.05853e-5
0.00151035
0.00016967
0.00515592
-0.00733684
-0.00809766
-0.00168249
0.0147619
-0.0074989
-0.00591562
-0.00156297
0.00163103
-0.00519221
0.00283412
-0.000708358
-0.000374728
-0.033235
0.0244673
-0.00664486
0.0568849
-0.0419167
0.0217721
-0.0731456
0.0567956
-0.0351448
0.11808
-0.0668878
0.0386211
-0.0409045
0.0291612
-0.0234396
0.0113157
-0.00792521
0.00908619
-0.00118313
-0.000267495
0.000809847
-0.00136058
0.000591555
-3.73771e-5
-0.00106279
0.00186789
0.000655727
0.00852344
-0.00289534
-0.00170838
0.00334703
-0.00147174
0.00280842
0.000619264
-0.00106448
-0.000963182
-9.1625e-5
-0.00468594
0.00324165
-0.000658389
0.0149022
-0.0168353
0.0093246
-0.00529706
-0.00382452
0.00412013
-0.00608865
-0.00114632
0.00214916
-0.00536234
0.000155225
-0.000184426
-0.000750296
-0.000816208
-0.00835069
0.0082902
-0.00364022
0.00907819
-0.0204347
0.00532113
-0.00379808
-0.00295678
0.00797467
-0.0166468
0.00319343
-8.52094e-5
-0.00147216
0.00104165
0.00236447
0.00169051
0.0131718
-0.00296751
-0.0161012
0.0301031
0.00126052
0.0026033
-0.00629798
0.0070331
0.00142006
0.00697677
0.0103715
0.0202449
-0.0122156
-0.0396774
0.0683281
-0.00899855
-0.000697751
0.00027856
-0.00983876
0.0216334
0.0663874
-0.0767221
-0.000843466
0.0177213
-0.0156186
0.00180198
-0.0537779
0.0193341
-0.0887361
0.0619604
0.0759128
0.00137757
0.00545058
-0.00342636
-0.0649312
0.108552
-0.101834
-0.000551663
0.00387518
-0.00384577
0.0351426
0.00136771
-0.0172609
-0.00405579
-0.00267944
0.0206698
-0.00913048
0.00579947
0.0700045
-0.00386798
-0.0408725
-0.0685779
0.0271183
0.0552682
-0.022387
-0.00035497
-0.00488697
0.00262962
0.00324418
0.000893743
0.0284007
0.0031655
-0.00108885
-0.0127297
-0.000832591
0.0035148
-0.0471241
0.0188731
0.0033651
0.166087
-0.00168035
0.00173974
0.0321689
0.00192915
-0.00360388
-0.00836746
-0.00649142
0.0485096
-0.00150783
-0.0260237
0.00155909
-0.000332838
-0.00108352
0.0110215
0.0116267
0.013925
-0.0184955
-0.00577533
-0.024827
0.0336711
-0.0344314
0.0657632
0.00864118
-0.0693081
0.0386829
0.00337584
0.234602
-0.162852
0.0663595
-0.0539362
0.0220507
-0.06817
0.0555806
-0.0790302
0.101949
-0.0490449
0.0856311
-0.132419
-0.0148096
0.0168685
0.00776923
-0.0124136
0.0263759
-0.0343172
0.0452931
-0.0284223
7.43287e-5
-0.00571202
0.0180045
-0.0405425
0.0656536
-0.0856936
0.0662838
-0.0335665
-0.00739939
0.0064475
-0.00105123
-0.0164302
0.0498181
-0.0900443
0.114522
-0.106065
0.0606468
-0.0162044
0.013038
-0.019789
0.0201259
-0.00295002
-0.0369815
0.086838
-0.119702
0.113422
-0.073755
0.0159259
0.0154522
-0.0275819
0.0430922
-0.0546319
0.0442408
-0.00425432
-0.0512074
0.0946846
-0.106955
0.0839686
-0.0243075
-0.0299731
0.035408
-0.0681593
0.0946056
-0.0934018
0.0586342
-0.00317613
-0.0511003
0.0904851
-0.100319
0.0432457
-0.0459964
0.0872362
-0.117089
0.123314
-0.0987634
0.0546645
-0.00090014
-0.0754999
0.183532
-0.239986
-0.0663017
0.10569
-0.112889
0.106554
-0.0907351
0.0751052
8.19825e-5
-0.0351098
-0.0580005
0.0689992
-0.0785402
0.09768
-0.179656
0.0338263
0.0142536
-0.0380394
