4.7385e-13
-4.15033e-12
2.5856e-12
5.56845e-12
5.44563e-12
-2.55235e-12
1.87694e-12
-2.31641e-12
-3.43843e-12
2.46453e-12
-5.66722e-12
-1.40621e-12
-1.47497e-12
5.27053e-12
8.20017e-13
1.92288e-12
-8.05433e-13
-3.62688e-12
1.27763e-11
-3.51424e-12
-1.68451e-11
-1.78005e-11
3.75956e-12
-2.67221e-12
3.99955e-12
1.9075e-11
-1.28261e-11
1.25295e-11
-3.77464e-12
-1.06461e-11
2.07758e-12
-1.28908e-12
7.85417e-12
5.90281e-13
4.49586e-13
-4.09267e-12
-1.30046e-13
-2.74073e-13
2.35379e-14
-8.04379e-12
2.60125e-11
-8.5427e-12
-2.69298e-11
1.29017e-11
1.72941e-11
-2.10459e-11
2.20307e-11
-2.20347e-11
1.92267e-11
-1.47954e-11
1.43744e-12
8.14835e-12
-6.64169e-14
-3.14202e-12
1.371e-14
1.13386e-13
-5.77114e-15
-1.44491e-11
5.83629e-11
-1.62339e-11
1.03592e-12
-9.45072e-11
1.94428e-11
8.12783e-11
-4.6836e-11
3.99599e-11
-3.87185e-11
3.58825e-11
-2.94953e-11
2.05772e-11
-1.20227e-11
1.17946e-12
5.09618e-12
-4.45028e-13
-1.88232e-12
-1.80076e-14
7.33318e-13
-1.67811e-14
9.0938e-14
1.35756e-10
-8.21074e-11
7.03445e-11
-6.46014e-11
5.92946e-11
-5.0353e-11
3.75938e-11
-2.39826e-11
1.26116e-11
-5.31738e-12
1.68217e-12
-3.34861e-13
8.60665e-10
-5.92371e-10
6.99088e-11
-9.54171e-10
7.6224e-10
-4.33293e-11
-2.7415e-10
1.75905e-10
-1.17807e-10
9.456e-11
-7.79336e-11
5.95182e-11
-4.0092e-11
2.31813e-11
-1.13863e-11
4.8543e-12
-6.03983e-13
-1.59536e-12
2.36947e-13
9.6678e-13
6.52124e-14
-2.50159e-13
2.65382e-15
-7.26598e-14
9.97338e-10
-5.27959e-10
3.80517e-10
-1.89658e-10
1.37871e-10
-1.09936e-10
8.35753e-11
-5.79756e-11
3.54309e-11
-1.87756e-11
8.58097e-12
-3.53773e-12
1.2661e-12
-6.66012e-13
2.71067e-13
-1.21438e-14
-5.30312e-10
-3.09262e-10
1.61175e-10
-1.36038e-10
1.01747e-10
-7.22525e-11
4.59536e-11
-2.58594e-11
1.28266e-11
-5.67347e-12
3.38761e-12
-2.57482e-12
3.91502e-13
-4.44044e-14
-2.32592e-14
4.9642e-10
-5.52468e-10
-3.6436e-10
1.95952e-10
-1.40403e-10
8.60644e-11
-7.37056e-11
4.82407e-11
-2.9485e-11
1.5587e-11
-7.73325e-12
2.96762e-12
-2.14147e-12
1.76084e-12
-7.24486e-13
2.55887e-13
-1.91808e-13
1.3978e-10
6.39613e-11
-5.03897e-11
3.64869e-11
-2.42732e-11
1.56774e-11
-7.82279e-12
5.84497e-12
-2.54255e-12
2.42661e-12
-5.58491e-13
-3.12182e-14
4.31707e-14
-7.90975e-11
8.0195e-11
2.08332e-11
2.17009e-11
-1.97564e-11
9.88184e-12
-6.07732e-12
3.2518e-12
-4.67939e-12
3.00193e-12
-2.17128e-13
-4.70706e-13
2.63299e-13
-7.96603e-14
-7.78162e-12
9.34824e-12
-4.05775e-12
8.51304e-12
-3.20473e-12
3.99494e-12
-2.36857e-12
-3.80414e-14
5.7061e-13
-1.19979e-12
2.6075e-13
1.56172e-13
1.98084e-12
-5.78986e-13
-3.75632e-12
1.81795e-12
-1.19634e-12
9.96293e-13
-2.64736e-13
-1.83166e-13
4.12782e-13
-6.68688e-13
-8.8096e-14
4.57746e-14
2.23975e-13
4.48022e-13
-1.85588e-13
-1.80597e-12
-4.4935e-13
2.376e-13
-1.35368e-13
7.63329e-14
1.58492e-12
-6.85044e-13
-3.60921e-14
2.97138e-13
-9.13517e-13
5.38014e-13
-2.83638e-13
7.40666e-13
-4.29428e-13
2.36428e-13
-4.20524e-13
2.91364e-13
-1.539e-13
1.37156e-13
-1.42609e-13
3.93903e-14
4.49095e-14
-1.2404e-13
1.35161e-14
-7.92281e-15
-6.68447e-15
-1.41144e-13
-1.48776e-12
4.00645e-13
3.526e-12
2.57478e-12
-2.83385e-13
-5.06045e-14
-4.12222e-14
-5.74337e-12
-1.43545e-15
1.43559e-14
-1.40286e-15
1.00496e-14
-1.76354e-15
2.01097e-15
-4.91807e-15
5.30321e-16
2.6247e-15
4.63314e-13
-3.14464e-12
6.91819e-13
3.5848e-12
-2.102e-14
-1.14372e-11
-2.44974e-15
8.62825e-16
-4.4742e-16
-1.34956e-15
-1.20947e-15
4.41494e-16
-8.60256e-13
-2.73097e-12
4.88902e-13
9.57539e-13
5.94656e-12
2.33685e-13
-8.58237e-12
7.14279e-15
-2.37205e-15
-1.18594e-14
1.70996e-16
8.06469e-15
-6.91845e-16
3.18262e-16
-1.54553e-11
2.28824e-11
-2.69568e-14
-1.26883e-15
-1.97038e-10
1.45686e-10
-8.24816e-12
7.63471e-10
-5.29371e-10
6.36977e-12
8.39228e-11
3.00245e-15
-2.67974e-17
-4.54053e-15
3.67553e-16
-4.87104e-16
-7.20613e-18
-6.87876e-17
-2.1233e-9
1.71024e-9
-1.44465e-9
2.29921e-14
-5.7805e-15
7.12187e-16
3.9382e-9
-2.30835e-9
1.53334e-9
-2.84302e-15
1.06078e-15
1.19442e-15
-5.63571e-9
3.29824e-9
-1.56304e-9
4.95481e-15
-2.06615e-15
-1.61863e-16
6.77942e-9
-3.78412e-9
1.22681e-9
7.92125e-15
-1.74834e-15
7.60993e-16
-5.40454e-9
2.95537e-9
-1.69019e-9
5.7594e-10
-6.34849e-14
9.35409e-15
-4.05694e-15
7.60942e-16
2.40848e-9
9.96181e-10
-3.0292e-10
-2.21879e-15
6.74043e-15
7.27691e-15
2.56541e-15
-1.73964e-9
1.40503e-9
9.24305e-10
-5.81929e-10
2.79175e-10
-4.99811e-11
1.08009e-14
-1.57288e-15
-1.47706e-15
2.28396e-15
-6.34859e-15
-2.88752e-10
-1.24609e-10
5.27989e-11
-7.18434e-12
1.96421e-15
-5.9764e-15
7.95759e-16
-4.3169e-16
1.18607e-16
1.37879e-10
-1.72416e-10
-2.65254e-11
-2.38099e-11
1.13047e-11
-2.1711e-12
9.62466e-13
-9.13332e-14
-3.65124e-14
1.24999e-14
-2.73944e-15
2.43107e-15
1.67989e-17
-4.28841e-16
1.04254e-11
-1.57476e-11
2.42241e-12
-4.82221e-12
4.5042e-13
-2.48896e-13
2.49243e-13
-1.4791e-14
-3.27722e-15
5.17153e-14
1.54909e-15
1.28419e-14
1.65799e-14
-7.64468e-15
-1.94763e-16
1.58438e-15
-1.75331e-12
2.538e-13
1.904e-12
-5.50322e-13
1.21881e-13
-8.13374e-14
1.45001e-14
-6.61665e-15
-8.02849e-15
-2.24043e-15
-1.30079e-14
3.96058e-15
5.43807e-15
1.91876e-13
9.51258e-14
-3.73165e-14
2.36169e-14
-5.48875e-15
3.73307e-15
8.85231e-16
-3.76617e-15
-5.5457e-14
3.50509e-14
9.98193e-14
-4.40978e-14
2.07228e-14
-2.82009e-14
-1.47192e-13
5.95776e-14
-1.49683e-18
1.39759e-13
-4.0457e-14
-4.14248e-14
-1.04821e-13
-1.22397e-15
9.71816e-14
4.36429e-14
4.83487e-14
-1.38238e-13
8.09496e-15
-7.64309e-14
1.63795e-13
6.85709e-14
-1.45947e-13
-6.92999e-14
1.14279e-13
2.8663e-15
1.18627e-14
-2.74194e-15
-5.52996e-16
-1.2981e-14
3.14805e-15
2.12256e-15
-1.83523e-14
5.29139e-14
-7.92068e-14
-2.38128e-14
4.16935e-14
1.28549e-14
-1.94213e-14
2.83761e-14
-5.38181e-14
9.68498e-15
-5.49934e-15
-5.61108e-15
8.0507e-15
2.11845e-15
-2.89404e-15
4.79626e-13
-2.74504e-13
-7.02256e-14
-5.20713e-14
-7.19911e-16
8.51785e-16
1.77464e-16
-2.30408e-16
5.30924e-12
-8.66203e-13
-1.67455e-12
1.55218e-12
-1.31013e-12
-1.34447e-16
5.27338e-17
3.43384e-18
-7.53968e-18
5.69305e-11
-5.254e-12
-1.10617e-11
-5.07293e-12
-2.55447e-11
-2.51155e-11
-8.26081e-17
6.06052e-17
-1.40646e-17
-8.96704e-17
-5.67487e-18
-4.75814e-17
9.39158e-10
1.22265e-17
8.40213e-9
-3.38529e-9
-4.21247e-10
-6.52647e-9
4.09311e-9
-4.13548e-10
-1.76242e-9
2.74545e-17
2.76248e-17
-4.7454e-17
7.4265e-17
3.05952e-17
2.69039e-17
-3.75668e-17
1.49287e-8
-7.62112e-9
3.73407e-9
-3.01786e-16
7.24294e-17
-1.75897e-17
-2.59399e-8
1.35339e-8
-6.941e-9
-2.3243e-16
3.06237e-17
-4.26525e-17
3.28223e-8
-1.80184e-8
9.24151e-9
-1.39002e-17
2.89645e-17
5.88051e-18
-3.30747e-8
1.85243e-8
-8.74424e-9
-2.16908e-16
6.69569e-17
9.68662e-18
2.42472e-8
-1.25217e-8
8.92107e-9
-1.08303e-16
3.5204e-17
5.00118e-19
-1.27007e-8
-4.783e-9
-2.50363e-16
-6.72532e-18
4.31347e-18
8.7072e-9
-1.13326e-8
-5.0682e-9
2.43814e-9
-1.39978e-9
-1.15059e-15
3.62372e-16
-5.63259e-17
5.45887e-17
1.62614e-9
4.75048e-10
-2.73348e-16
4.55177e-17
-1.98266e-17
-6.93957e-10
7.25721e-10
2.33822e-10
5.11605e-11
3.53277e-18
2.51049e-17
3.51399e-17
3.80444e-18
-6.89205e-11
5.72146e-11
1.84245e-11
3.70569e-12
-5.03918e-17
8.83601e-17
-1.07231e-17
8.14414e-18
-4.14148e-12
1.39032e-12
9.55172e-13
6.99388e-13
-5.26866e-13
-2.294e-15
-1.04365e-16
-7.89644e-16
-4.5086e-17
8.95211e-17
-1.13283e-13
-2.01733e-13
-2.09659e-13
1.75247e-13
-6.51379e-14
-3.00523e-15
7.39099e-15
-5.96346e-15
1.51657e-15
-1.34827e-15
1.06621e-16
-1.12678e-16
-3.06582e-16
9.10592e-16
1.34328e-16
-4.91079e-17
5.64737e-16
6.40602e-15
-7.3275e-14
2.9028e-14
-3.20281e-15
-7.91643e-16
1.27088e-15
-3.3745e-16
2.49591e-16
-4.78728e-17
2.31251e-16
-1.83039e-17
-4.33798e-16
-1.13443e-14
-3.39756e-15
1.37449e-15
-1.15654e-16
-2.16257e-16
4.83109e-17
-5.288e-17
1.22554e-15
-2.37609e-15
-5.66471e-15
2.44601e-14
-1.87118e-14
1.64594e-14
3.36094e-15
-4.17628e-14
-5.26553e-14
1.19185e-13
1.08208e-13
-1.67383e-13
-1.7651e-13
1.93097e-13
2.0062e-13
-2.27268e-13
-2.38699e-13
2.63124e-13
2.17173e-13
-2.69569e-13
-1.50483e-13
1.57827e-13
9.75479e-14
-8.92178e-14
-1.36752e-14
6.85392e-16
8.94127e-15
-3.79697e-15
1.93518e-15
-1.86448e-14
-5.45676e-14
5.79949e-14
2.50281e-14
-2.67978e-14
-9.70396e-15
8.31701e-15
-6.61722e-14
9.10924e-15
2.82036e-14
3.95192e-14
3.34906e-15
-2.72049e-15
-1.01843e-15
7.90909e-16
-4.1749e-13
2.1415e-13
1.97101e-13
3.72593e-13
2.43702e-16
-1.7238e-16
-4.37978e-17
-2.97501e-17
-1.86193e-11
6.33514e-12
2.74268e-12
1.88695e-12
-3.36321e-17
3.48121e-17
4.18756e-17
-5.65766e-17
-4.11545e-10
4.66215e-11
1.24029e-10
2.63033e-10
-5.73064e-11
1.89282e-11
-4.50029e-17
-4.92856e-18
1.04413e-16
-2.01557e-17
3.96302e-17
-7.44712e-17
-1.19583e-8
1.17074e-9
1.87938e-9
4.18322e-8
-2.14072e-8
-1.90785e-9
3.57466e-17
6.11587e-17
4.27442e-17
-3.27837e-17
-4.24067e-17
-1.15889e-8
1.08656e-8
-6.64514e-18
-2.68623e-17
6.28398e-8
-2.93549e-8
1.36604e-17
-1.57188e-18
-8.70983e-8
4.84489e-8
8.67166e-18
2.62503e-19
9.9917e-8
-5.79384e-8
1.18372e-17
1.60286e-17
-1.05768e-7
5.7572e-8
1.25174e-17
-5.34351e-18
6.27657e-8
-3.98121e-8
2.59714e-17
-2.37248e-17
-3.07295e-8
2.1543e-8
-1.58321e-17
7.46058e-18
1.35023e-8
5.61868e-9
-2.8353e-17
2.53166e-18
1.332e-18
-5.53401e-9
4.3363e-9
1.9596e-9
-2.09705e-9
1.14884e-17
3.02962e-16
1.0317e-16
-5.98765e-10
-2.23826e-10
-1.68553e-17
2.83276e-17
-4.07158e-16
1.52468e-10
-5.00107e-11
-2.89127e-11
-1.1624e-11
-2.76681e-17
8.08476e-18
2.06968e-16
-6.34141e-17
2.4394e-12
4.80231e-12
9.31931e-13
1.4983e-13
-4.12449e-18
4.05214e-17
1.99167e-17
1.08483e-17
-5.55576e-13
5.43865e-13
1.681e-13
9.12e-14
1.93837e-17
-9.13938e-18
-4.57103e-17
4.51548e-17
-2.0591e-14
-3.43042e-14
-5.54868e-15
1.67257e-15
1.72287e-14
-9.46152e-17
1.0887e-16
9.94703e-19
1.00023e-18
2.08034e-18
-1.38956e-14
5.32383e-16
-4.0581e-15
-2.36444e-16
3.94086e-15
3.08739e-17
-4.19827e-16
3.65529e-17
1.65769e-17
-1.51009e-17
2.07573e-17
4.74632e-17
-8.72262e-18
3.8697e-17
3.53195e-18
-1.44247e-15
-8.19514e-16
-6.4774e-16
3.13791e-16
3.57244e-16
9.09717e-17
8.82757e-17
-4.5567e-17
-2.49509e-17
-3.64705e-15
1.03972e-13
-7.2142e-14
-1.87562e-13
1.27742e-13
-8.51331e-14
3.79751e-14
2.21283e-13
-1.9459e-13
1.39714e-13
-2.77155e-13
2.13197e-13
-1.69352e-13
1.6326e-13
-1.63767e-13
7.40524e-14
1.26825e-13
1.44586e-13
6.86511e-14
-1.20103e-13
-2.34644e-13
-2.56092e-15
-2.88383e-15
1.42546e-14
-2.36383e-14
2.60558e-14
-2.77924e-14
1.72701e-14
-7.8036e-15
1.97876e-13
-1.36199e-13
-9.20666e-14
5.00602e-14
4.25284e-14
2.7178e-14
2.05171e-14
-2.51109e-14
-3.46183e-14
-1.70812e-14
1.18595e-14
-5.45889e-14
2.5337e-14
-2.23554e-14
1.04351e-13
1.11962e-14
-7.88257e-15
-9.10167e-16
-2.97864e-15
-1.97864e-15
2.48963e-15
1.03577e-15
6.142e-13
-1.4387e-13
-1.11542e-13
1.57236e-13
-4.0835e-16
1.03779e-15
4.10458e-17
-3.51843e-16
7.77564e-12
-1.2912e-12
-1.5777e-12
-2.14698e-12
1.28448e-17
1.67199e-16
-4.21232e-17
-2.49909e-16
4.43224e-11
-4.50453e-12
-1.75737e-11
-3.73326e-11
1.54401e-17
2.32791e-16
1.65632e-17
-1.77762e-16
7.96882e-10
-3.87601e-10
1.7228e-11
-1.06223e-9
1.22627e-9
-3.17734e-10
-1.28409e-17
1.78242e-17
1.5545e-16
-5.953e-17
1.79291e-17
1.23835e-17
2.11308e-18
-9.05478e-9
-5.48144e-10
8.015e-9
-5.31915e-8
3.90354e-8
-1.80548e-9
-2.49333e-17
2.32455e-17
-1.12248e-18
-3.21542e-17
-1.11126e-17
-4.20629e-18
7.10421e-8
-6.28984e-8
1.03972e-17
-1.45317e-17
3.66688e-8
-4.38218e-17
2.03859e-7
-2.74478e-7
1.74153e-7
-3.89886e-7
3.61112e-7
-2.45181e-7
-1.6066e-7
4.33914e-17
-4.17077e-17
3.64103e-18
4.95688e-17
3.83742e-17
-3.46362e-17
1.07656e-17
1.28388e-17
5.00971e-7
-3.33334e-7
1.60233e-7
2.86615e-17
-3.24279e-18
1.75291e-17
-5.68051e-7
3.73013e-7
-1.32533e-7
8.86994e-18
3.15903e-17
2.52259e-17
9.64316e-7
-4.39149e-7
2.3881e-7
-1.98348e-17
2.05738e-17
-7.4945e-17
-2.50382e-7
-9.21942e-8
2.85238e-17
3.96479e-17
8.99206e-8
3.60459e-8
-2.51892e-8
3.604e-8
-9.94631e-18
1.68029e-17
-7.53995e-17
2.23199e-17
-6.5262e-17
5.35355e-9
-1.28575e-8
3.66148e-17
2.24685e-17
-1.74497e-9
-1.26909e-9
-9.98994e-16
-2.43007e-16
2.78854e-10
2.07287e-10
2.70733e-11
3.10982e-10
1.16321e-15
-1.61389e-15
1.79056e-15
-2.01809e-15
-2.46263e-16
-3.89401e-11
-1.99382e-12
-1.54597e-16
-2.40012e-16
1.79958e-11
3.28309e-12
-5.37538e-12
-2.01911e-12
-7.63511e-17
1.14514e-16
3.57295e-16
-1.83275e-16
-1.63477e-16
-3.91607e-16
1.00054e-12
2.04765e-12
-7.56269e-14
-8.0173e-14
1.40604e-17
2.9496e-17
5.31419e-17
4.44854e-17
-1.6014e-13
1.06851e-12
1.35384e-13
1.62067e-14
6.89284e-17
-8.0935e-17
-6.52612e-17
3.72004e-19
8.14703e-14
-3.90237e-13
-5.23161e-14
3.20693e-14
1.416e-15
1.11048e-17
3.74004e-17
-4.53122e-17
5.69069e-17
2.25226e-13
-6.95886e-14
-5.16667e-15
3.60313e-15
2.26636e-15
9.05848e-16
-4.75991e-17
-1.13124e-15
-6.56277e-16
-1.06817e-16
-3.1661e-16
-1.65279e-16
7.25484e-17
-6.71438e-17
-4.08316e-17
-3.87806e-17
-1.35196e-17
3.24719e-18
-3.10322e-17
-7.94923e-15
-9.75826e-15
-2.57499e-15
-1.41027e-15
2.74989e-15
3.36012e-15
7.61877e-16
6.26033e-16
1.53531e-15
-2.05513e-16
2.07003e-16
1.73805e-16
1.75867e-16
1.66742e-16
-5.044e-15
-1.17757e-14
-4.72076e-15
-8.33286e-16
-2.70642e-15
-4.39521e-15
-4.59153e-16
1.22184e-15
3.1552e-14
2.92701e-14
2.56956e-14
-9.92032e-14
-7.8698e-14
2.65058e-14
9.97413e-14
-4.02701e-14
-5.99153e-14
1.51209e-14
4.76381e-14
1.97902e-14
-2.84457e-14
2.63963e-14
5.64793e-14
-6.70799e-14
8.90672e-14
-8.74078e-14
3.62601e-14
-8.43453e-14
8.27213e-14
-3.64506e-14
-2.98614e-14
6.27762e-15
9.82135e-15
7.05985e-15
-6.81189e-15
-3.31384e-13
-1.21773e-13
3.72906e-14
-1.30374e-13
-1.13436e-14
5.84498e-15
-1.06618e-15
-1.80481e-15
-1.52929e-15
1.42594e-15
3.74681e-13
7.09955e-14
2.22966e-13
-3.44476e-13
1.63219e-12
8.92669e-13
-7.02026e-16
4.82391e-16
1.30314e-16
1.88698e-16
1.29307e-16
-1.87784e-16
-1.93442e-16
-1.70537e-11
5.23898e-12
9.91251e-12
-7.14453e-12
1.07961e-16
9.26411e-17
1.03721e-16
-1.08876e-16
-2.39119e-17
-7.31225e-10
1.26646e-10
1.56506e-10
9.19468e-10
-3.78924e-11
-4.77376e-17
-1.0954e-17
-8.66646e-17
8.46605e-17
-6.88269e-18
9.17529e-9
-5.83847e-10
-5.60582e-9
4.99264e-9
2.50888e-9
1.39148e-17
-4.4888e-18
7.99077e-19
-6.4092e-18
-3.32935e-18
6.1104e-8
-3.93853e-8
7.43765e-8
-3.45224e-7
1.62461e-7
-7.3545e-8
-1.19097e-17
2.00322e-17
1.52278e-17
-4.07309e-17
2.72508e-18
5.54716e-19
4.23589e-7
-1.24915e-17
5.13074e-7
-4.77561e-7
5.87132e-7
-1.09287e-6
6.73873e-7
-1.09204e-6
-4.6485e-17
4.52049e-17
1.07955e-17
-5.05563e-17
1.3113e-17
-1.6466e-17
1.01885e-6
-7.44704e-7
-1.50397e-17
1.15438e-17
-9.51677e-7
9.42987e-7
-2.37881e-17
3.45138e-17
1.36855e-6
-1.23646e-6
1.52421e-16
-5.24675e-17
-9.73902e-8
-2.71657e-8
6.85661e-8
1.1952e-8
-1.32922e-8
-4.79617e-17
4.13729e-17
1.76387e-17
1.10332e-17
4.55402e-17
-5.09479e-9
5.74293e-9
1.0485e-16
-9.00465e-17
3.40441e-10
-1.37443e-10
4.20469e-11
3.95888e-11
-1.16629e-10
2.2179e-15
-2.02013e-15
2.29195e-15
-1.85555e-15
-3.24898e-16
1.74724e-11
-4.92622e-12
-2.7524e-13
1.4276e-12
-3.22362e-12
2.30248e-16
4.69712e-17
5.69859e-17
5.406e-16
-1.5772e-16
-7.24833e-13
-8.98975e-13
-8.56457e-18
-4.82308e-17
-1.6095e-12
3.77044e-12
4.97069e-13
-2.0078e-13
5.95749e-17
-2.86531e-17
3.64838e-17
-5.5809e-17
1.63285e-16
-4.82425e-12
3.16666e-12
3.70729e-12
-2.97124e-13
-1.25448e-16
9.61057e-17
-3.64124e-17
-1.09263e-17
-1.29585e-11
2.92209e-12
-8.0332e-13
1.85191e-13
1.27772e-14
2.33302e-16
-1.62399e-18
2.08563e-16
1.57714e-16
-2.63817e-16
-2.40004e-13
-1.44879e-14
-3.47785e-14
7.2969e-14
1.14346e-14
5.98284e-15
-6.16278e-16
-4.37161e-16
-4.88284e-16
-6.61623e-16
-4.73905e-16
-3.26825e-16
-2.48374e-13
-6.58798e-14
-1.87767e-14
-1.71127e-14
5.16254e-14
2.55063e-14
3.05778e-15
4.53968e-15
1.8638e-14
3.96997e-15
3.59155e-15
-7.14383e-16
2.47586e-15
2.8222e-15
-1.4875e-13
-9.20308e-14
-3.82156e-14
1.28174e-14
-3.84016e-14
-5.5588e-14
-2.71478e-14
1.24474e-13
9.238e-14
-1.67764e-13
-5.93052e-14
7.35479e-14
1.05722e-14
-3.18745e-14
1.46019e-14
5.7995e-15
-1.59087e-14
-3.65406e-15
8.91487e-15
-1.1825e-14
2.26819e-13
-2.04681e-13
3.02433e-13
-3.36874e-13
1.32851e-13
-2.50703e-13
1.75069e-14
-5.46646e-15
-3.90099e-15
-1.10739e-15
3.80802e-16
8.02196e-16
-7.54855e-17
6.86133e-13
-1.07619e-12
4.57278e-13
-2.93297e-13
7.79555e-13
1.18349e-15
8.95902e-16
-3.39493e-16
-5.5626e-16
2.67424e-16
-1.1632e-11
1.81902e-11
-7.08898e-12
3.66167e-12
-1.45223e-11
-2.94877e-16
1.96564e-17
1.38295e-17
-7.46022e-17
8.68879e-17
-6.32994e-11
1.02951e-10
-6.84549e-11
1.52982e-17
4.08932e-17
2.49484e-17
-2.38199e-10
4.03e-10
-2.97619e-10
8.00657e-17
5.02803e-17
-1.33149e-17
-1.14619e-9
-7.7973e-11
1.49333e-9
-2.8415e-9
-1.12672e-9
1.14535e-17
-8.20672e-17
-1.08725e-16
5.2828e-17
2.7071e-17
-9.60945e-9
1.31666e-8
-1.8901e-8
1.06825e-7
1.71482e-8
-1.89075e-17
-7.44596e-18
-2.44783e-17
-1.36706e-17
-1.41656e-17
5.1137e-7
-3.09034e-7
2.40425e-7
-1.38035e-6
8.07003e-7
-2.92594e-7
-4.47397e-17
1.00274e-16
6.12463e-17
-7.12844e-17
2.0394e-17
-6.68253e-17
1.3749e-6
2.03696e-17
1.21936e-6
-1.29119e-6
1.23708e-6
-2.19236e-6
-1.90368e-6
1.5933e-6
1.39586e-6
-2.4067e-6
-1.63383e-17
2.00101e-17
6.27395e-18
-1.40689e-17
1.50966e-6
-1.22987e-6
-1.36059e-6
-7.57232e-18
-9.72884e-18
-1.51925e-6
8.7498e-7
1.26163e-6
-7.63845e-18
2.92496e-17
1.30155e-6
-3.85745e-7
-1.48765e-6
5.05845e-17
9.29006e-18
-1.47983e-7
-5.16205e-8
9.75491e-8
1.18175e-8
-1.44234e-8
-9.8675e-17
5.34715e-17
-3.27476e-17
-1.23306e-9
4.5582e-9
2.69216e-16
-1.22574e-16
-2.20016e-10
4.66064e-11
-6.14807e-11
-1.63574e-11
8.60625e-12
1.90429e-15
-1.34371e-15
1.51734e-15
-7.92922e-16
1.7797e-16
-3.03906e-12
5.52318e-13
-1.11973e-12
-1.60995e-12
1.38236e-12
-5.76923e-16
8.1922e-16
-9.1019e-16
1.05318e-15
1.17379e-16
-1.83766e-12
-1.82937e-11
2.37091e-11
7.67165e-12
4.8005e-17
-1.5426e-16
3.64915e-16
-3.73531e-11
1.79638e-11
2.50575e-11
1.62655e-16
-6.22332e-17
2.6501e-17
3.51472e-11
-8.03345e-11
-9.92069e-12
6.45553e-13
-1.21063e-15
7.15832e-16
8.45396e-17
-3.86982e-16
1.59446e-11
-2.39787e-12
1.81275e-13
1.06902e-13
1.02049e-13
2.34929e-15
4.84687e-16
2.78522e-15
1.33029e-15
-2.21758e-15
1.78375e-13
-9.85395e-13
3.84899e-13
6.30573e-13
1.04406e-13
5.22849e-14
-1.68579e-15
2.42501e-15
-1.17817e-14
-7.67782e-15
-4.67913e-15
-5.52591e-15
-2.40328e-12
-2.05492e-13
-6.82954e-13
2.34608e-13
3.72931e-13
-4.50786e-13
2.5651e-13
-5.40586e-14
3.49267e-14
1.22269e-13
1.51041e-13
1.42404e-14
2.09585e-15
-2.61622e-14
5.09504e-14
-1.5889e-12
2.30923e-13
-1.55275e-13
-3.19636e-13
2.44575e-13
2.83704e-13
-2.14094e-13
-3.05536e-13
2.47916e-13
-2.18736e-13
2.57209e-13
-2.2885e-13
1.65317e-13
-1.1313e-13
4.94567e-14
-1.62408e-14
4.61164e-15
-4.75526e-15
1.32913e-15
3.2145e-15
-7.56185e-16
5.55566e-17
-2.2737e-16
-2.18294e-16
-4.53744e-13
-5.63088e-13
1.65009e-13
-2.42647e-13
4.07984e-13
-7.91888e-17
1.10015e-16
1.44286e-16
6.09912e-17
-8.59963e-17
1.43151e-11
1.15825e-11
-3.10746e-12
1.81577e-12
-7.56104e-12
-6.97067e-17
-1.13093e-16
1.74306e-16
6.29623e-17
-1.19577e-16
6.98985e-11
4.88304e-11
-4.43515e-11
-1.1253e-16
-2.19322e-16
1.62736e-16
2.86109e-10
1.6977e-10
-1.87831e-10
-6.34815e-17
-2.04616e-17
1.1422e-16
1.11516e-9
5.84817e-10
-6.67309e-10
5.55977e-17
6.33034e-17
-2.65021e-17
5.24202e-9
-3.82186e-9
1.76382e-9
-2.17804e-8
-2.39428e-9
9.43981e-18
1.70832e-17
-2.53184e-17
-3.25301e-17
-2.23793e-17
-9.02087e-8
6.86895e-8
-2.68569e-8
3.16636e-7
3.32412e-8
-2.31949e-17
2.4088e-17
2.66317e-18
-2.47811e-17
2.88137e-18
1.84957e-6
-1.03163e-6
4.98497e-7
-1.08176e-6
-3.05745e-6
2.14072e-6
-4.19264e-7
-1.71546e-17
1.91071e-17
6.4031e-17
-8.73786e-17
3.8776e-17
2.84489e-6
-7.27594e-17
5.94747e-17
2.14944e-17
-4.58947e-17
3.18651e-17
2.59869e-18
1.15311e-17
3.24375e-8
4.74083e-18
-1.34427e-17
-2.29357e-8
3.42217e-9
2.28382e-18
-2.71253e-18
3.07353e-9
-3.01408e-9
1.76021e-17
4.60818e-10
-6.53376e-10
-1.56959e-17
-1.36163e-17
-6.063e-11
-4.63964e-11
9.92059e-12
4.4774e-12
7.22013e-16
-1.76333e-16
1.65035e-16
2.06581e-12
9.93894e-12
-2.12586e-11
-2.01104e-11
3.69719e-12
-1.15962e-15
7.34361e-16
-8.61003e-16
2.23284e-16
-2.17799e-17
5.70115e-12
-1.01787e-10
5.39892e-11
4.20368e-11
5.9054e-17
-5.65705e-17
-3.68219e-16
-1.55764e-10
8.59968e-11
1.13969e-10
2.76833e-16
-1.04488e-16
-2.13346e-16
1.81319e-10
-3.3729e-10
-5.80419e-11
1.06299e-15
2.43611e-16
-6.77066e-16
-1.26739e-11
8.45569e-11
8.16305e-12
9.4456e-13
-1.45496e-14
7.60322e-15
4.1798e-16
-2.56196e-15
-2.95158e-11
-2.24678e-12
-5.03685e-12
6.88616e-12
-9.60051e-13
2.01543e-14
1.07771e-14
2.95823e-14
3.42519e-14
-2.26851e-14
-2.4038e-11
-9.75288e-12
9.86642e-12
-3.38145e-12
-2.30933e-11
5.12024e-12
-2.7552e-13
-2.93516e-13
9.12927e-15
-7.5241e-15
-1.46292e-13
-1.22452e-13
2.17259e-14
-6.56307e-14
6.33754e-11
-1.81797e-11
-5.54761e-13
-1.68588e-12
6.46742e-12
-1.14245e-13
-2.60703e-13
1.06224e-12
9.6045e-13
2.06014e-13
4.43242e-13
-1.75232e-13
1.55165e-13
1.79303e-13
-1.20016e-13
1.0437e-13
-1.47659e-13
1.10883e-13
1.04067e-13
-8.02438e-14
-5.33138e-14
4.37501e-14
1.99418e-14
-1.80109e-14
-6.05776e-15
5.76476e-15
9.96077e-16
-1.63323e-15
2.74139e-16
3.07869e-18
4.22156e-18
2.51789e-16
-3.74131e-13
-1.61833e-13
1.21215e-13
1.77619e-13
-1.13673e-13
7.50409e-14
1.65554e-13
3.08444e-16
-2.10117e-16
-8.10417e-17
-1.57931e-17
1.66539e-17
9.30934e-12
1.55025e-12
-2.3059e-12
-3.42005e-16
9.05967e-14
-2.57913e-13
2.80892e-17
-2.22724e-17
2.38984e-17
6.32631e-11
-2.05612e-12
-2.2741e-12
2.25707e-16
5.57081e-17
-8.64192e-17
2.3018e-10
-1.19997e-11
-1.94857e-11
-9.15113e-17
-2.0609e-16
1.52238e-16
8.05961e-10
-4.57812e-11
-7.3788e-11
-1.0249e-16
-4.87292e-17
3.06773e-16
2.58431e-9
-1.11127e-10
-2.46822e-10
3.52198e-18
8.31535e-17
9.28226e-17
1.43522e-8
-8.83147e-9
7.50054e-10
-4.13164e-9
-3.87833e-8
-7.36362e-10
-1.67496e-19
-2.54922e-17
-2.3316e-17
1.8738e-17
-3.32439e-7
1.35825e-7
-9.57274e-9
1.01469e-7
7.15872e-7
1.28655e-8
7.38974e-18
-3.38729e-18
-2.84226e-17
3.86942e-17
2.09414e-17
-3.03919e-17
-2.05056e-6
2.65891e-6
-1.88631e-6
1.60267e-6
2.39683e-6
-2.87123e-6
1.24679e-6
2.56841e-18
1.27282e-17
-3.11109e-17
4.10475e-17
1.95824e-17
-2.19346e-6
2.33393e-6
-3.6814e-18
1.31589e-17
1.70766e-6
-1.89807e-6
3.19445e-19
1.30844e-17
-9.96687e-7
1.08975e-6
2.59915e-17
-5.36009e-18
4.33036e-7
-5.214e-7
3.00601e-17
3.00515e-17
-1.21054e-7
1.11209e-7
7.30767e-18
-1.96601e-17
5.06291e-8
-3.60787e-8
-1.91993e-17
1.97371e-17
3.91708e-9
6.90846e-9
2.8676e-17
-1.1129e-9
-7.36257e-9
5.39802e-17
5.14169e-17
1.9801e-9
3.54455e-10
-3.91731e-17
2.11724e-17
7.06334e-17
-1.24682e-10
6.17191e-11
4.73181e-17
-5.16713e-11
3.85184e-10
3.73207e-17
-8.60863e-17
9.66081e-11
-1.34908e-10
-7.58113e-11
-3.57004e-12
-5.69122e-18
-5.9439e-17
1.0344e-10
1.91609e-10
-2.92728e-16
2.14696e-16
-3.9491e-10
-3.80131e-10
3.36616e-10
6.31791e-16
-8.01138e-10
-2.90609e-10
4.44905e-10
8.22856e-16
1.50277e-16
-1.6123e-15
8.30026e-10
-9.63595e-10
-3.56696e-10
9.02019e-16
4.92799e-17
-2.81536e-15
6.52415e-11
6.09928e-10
-4.60731e-11
8.22628e-15
1.55096e-15
-1.1156e-15
9.00752e-11
1.68289e-10
3.63271e-11
-4.75593e-10
1.78004e-11
-1.3108e-13
5.16546e-14
2.75864e-14
-1.60351e-14
3.42516e-10
-2.19969e-10
9.18622e-11
-4.52161e-11
-1.07444e-10
9.40805e-11
3.45866e-13
5.55836e-13
4.17685e-13
-1.49651e-13
5.27475e-10
-1.87037e-10
-1.15424e-10
-6.35358e-13
-1.69537e-10
2.24402e-11
-2.46229e-11
-4.55138e-12
3.40791e-12
-3.40506e-12
-2.79698e-12
-2.45702e-12
-3.47153e-13
1.89797e-12
-1.23441e-12
-2.34986e-12
-8.69434e-13
3.40587e-10
-9.70003e-11
6.99404e-11
4.22974e-11
-1.70564e-11
8.19997e-12
9.874e-12
1.07552e-11
1.79573e-12
5.90243e-14
-5.49677e-14
-7.0223e-14
3.66383e-14
5.30622e-14
-3.07428e-14
-2.99884e-14
1.86217e-14
1.29339e-14
-8.2594e-15
-4.80139e-15
2.8404e-15
1.65243e-15
-7.14109e-16
-1.40881e-16
1.01627e-16
7.01046e-14
-3.88878e-14
-1.18769e-13
8.28281e-14
-3.75794e-14
-1.05244e-13
-3.22276e-16
1.84409e-16
9.48867e-17
5.62065e-17
-3.3135e-17
-3.81015e-19
-3.97834e-14
3.05484e-14
-4.7069e-14
1.9119e-14
-7.45927e-18
-1.11009e-17
-5.80664e-18
1.27778e-17
2.94772e-12
9.92309e-13
-7.66673e-13
4.41228e-13
-2.45623e-13
-7.04315e-18
-4.60727e-17
9.83398e-17
2.51799e-11
-1.67728e-12
-1.99671e-13
1.845e-16
-7.60713e-17
-3.59422e-17
8.6794e-11
-1.27786e-11
-2.27423e-12
-1.21203e-16
-7.03816e-16
8.22112e-16
2.52034e-10
-3.77934e-11
-7.22533e-12
-6.6088e-16
-1.44963e-15
1.90125e-15
1.37701e-9
-6.66464e-11
-2.65062e-10
-1.49608e-11
3.19539e-17
1.17922e-16
5.99185e-17
-4.40438e-16
-3.24158e-8
-6.0236e-9
9.27493e-9
2.08946e-9
4.19552e-17
-2.20534e-16
-6.5394e-17
2.66361e-16
5.71276e-7
-6.99492e-7
3.19528e-7
-2.6069e-7
-1.11479e-6
-1.22374e-7
1.11966e-17
8.19356e-17
-3.64002e-17
6.52038e-17
-8.42221e-17
1.05113e-17
9.37049e-7
-1.72286e-6
1.32428e-6
-8.96608e-7
-1.24354e-6
8.63473e-7
1.75492e-6
-1.21986e-6
1.95024e-18
-2.30155e-17
-7.04552e-18
6.05997e-17
1.09458e-6
-9.38779e-7
-1.39933e-6
1.72363e-17
-6.36795e-18
-7.62804e-7
8.27605e-7
8.60524e-7
1.75e-17
-6.87814e-19
4.69395e-7
-6.85947e-7
-4.1772e-7
-5.92362e-18
2.53539e-18
-2.22247e-7
2.59466e-7
1.45772e-7
1.45349e-17
-1.83206e-17
1.11508e-7
-1.82361e-7
-6.87823e-8
-3.00142e-17
2.87938e-17
1.05671e-8
3.06048e-8
-2.0045e-9
-8.55911e-17
7.89542e-17
-3.52388e-17
-9.03943e-10
-3.18999e-10
8.39882e-17
-2.62989e-10
5.5841e-9
-8.8603e-17
2.04075e-17
-2.28343e-9
1.41747e-11
-1.81122e-16
1.84866e-16
9.91781e-11
9.76826e-10
7.82391e-16
-5.37505e-16
-9.68268e-10
7.18957e-11
8.52818e-16
-7.87228e-16
1.99247e-9
-1.59318e-9
-2.43541e-15
2.98471e-15
-2.37014e-9
-9.52293e-9
3.45389e-9
5.61613e-15
9.11988e-10
-9.21733e-9
-2.32757e-9
2.79954e-15
1.0354e-14
-1.58329e-14
5.0364e-10
1.08739e-8
-1.0838e-9
-3.43323e-16
1.62466e-15
-1.05791e-14
-1.00282e-9
1.06078e-8
2.04454e-9
-1.06885e-8
-1.41987e-13
4.87927e-14
-1.99718e-14
9.15452e-15
-5.50777e-10
1.09348e-11
8.49986e-10
-2.44798e-9
5.55161e-13
-2.22342e-12
5.33105e-13
-1.32355e-13
-1.52646e-9
-8.79824e-10
8.51401e-11
-1.60012e-9
7.61084e-10
4.38088e-12
-1.2484e-12
1.72032e-11
7.97317e-12
-2.19098e-12
2.64082e-9
-1.5846e-9
-9.29279e-10
-9.80483e-11
-4.46095e-10
-2.56044e-10
6.85253e-11
-2.98391e-11
-5.38433e-12
-5.77243e-11
-1.23303e-11
-1.15755e-11
1.83054e-11
-4.52359e-11
-1.52353e-11
1.22788e-9
-2.39174e-10
1.47973e-10
-7.01683e-11
2.11676e-10
1.13015e-10
-3.53032e-14
2.07264e-14
4.97265e-14
-1.51677e-14
3.0731e-14
-1.80324e-14
-3.13343e-14
2.13671e-14
-1.26174e-14
6.28395e-15
-1.89243e-15
3.98853e-16
-7.99936e-18
-9.96973e-17
3.56782e-17
1.25539e-18
-2.89227e-17
-3.22552e-18
2.09579e-14
-9.30842e-15
2.14442e-14
-1.01734e-14
4.99496e-18
-5.84933e-18
7.13269e-18
1.2722e-17
-6.11758e-14
3.98106e-14
-5.28805e-15
6.18397e-15
1.05115e-17
7.28126e-18
-3.68232e-18
1.46854e-17
1.32771e-13
2.32476e-13
-7.19931e-14
-2.44989e-14
1.69725e-13
-7.68794e-14
-3.44482e-17
2.06608e-16
8.13807e-18
-7.04974e-17
1.37333e-12
2.69775e-13
-2.11163e-13
-1.54994e-13
1.03604e-15
-2.8454e-15
5.1712e-12
5.86881e-13
-1.24124e-12
1.98154e-12
1.162e-15
-7.33558e-15
5.99853e-11
-8.83063e-12
-3.81977e-12
-1.59825e-12
-2.62308e-16
-4.31638e-16
1.80535e-15
-6.25279e-15
-2.30791e-9
-6.79306e-10
5.06725e-10
1.86833e-10
8.06145e-16
-2.75215e-15
-8.15976e-16
2.63624e-15
1.05713e-7
4.13439e-8
-3.68453e-8
-1.21254e-8
-1.57297e-16
6.04929e-16
1.32763e-16
-3.8858e-16
-4.09444e-7
8.94281e-7
-3.63375e-7
2.35324e-7
6.38968e-7
-1.85579e-7
1.87399e-7
4.8809e-20
-2.18825e-17
-3.60217e-17
-2.44506e-19
9.76032e-17
-9.17323e-17
-6.60735e-17
1.48839e-17
1.48538e-17
3.66794e-18
-1.36069e-17
6.5736e-18
1.69709e-8
3.57722e-17
-4.42238e-8
2.04236e-7
1.44514e-7
7.66467e-9
-1.06319e-16
6.8334e-17
-6.51389e-17
3.05798e-17
-2.13858e-9
-4.55593e-8
9.53402e-9
2.86244e-16
-8.08161e-17
6.84665e-10
1.99328e-9
-8.46064e-16
2.70333e-16
-1.00556e-8
1.24039e-9
-2.93422e-15
1.86716e-15
2.81358e-9
-4.60132e-9
9.88654e-15
-6.00558e-15
-9.59208e-9
3.29303e-8
5.78205e-15
-1.04562e-14
2.09888e-8
1.80255e-8
-1.73319e-7
-7.9686e-15
3.43377e-14
6.23673e-9
-5.96982e-8
1.00064e-8
1.00874e-8
-4.52168e-15
7.27442e-14
-3.50616e-8
-7.67854e-8
-1.92984e-8
2.23233e-7
4.26803e-16
6.0939e-14
-4.72879e-8
2.65795e-7
5.11916e-8
-2.75319e-7
-7.27021e-14
5.97659e-14
-1.62685e-14
2.70803e-8
-4.28327e-9
1.04879e-9
2.17223e-8
4.91409e-13
-2.10587e-12
3.28962e-13
-1.50891e-13
-6.14359e-8
1.67608e-8
8.57529e-9
-2.27426e-8
9.90402e-12
-4.66226e-11
9.30756e-12
-1.61906e-12
-1.21278e-8
-5.84382e-9
2.83988e-9
-6.42404e-9
3.97892e-9
-1.2494e-10
-5.90255e-11
1.49275e-10
1.87607e-10
-4.16332e-11
-1.25503e-8
-4.78515e-9
-9.90507e-10
-4.39493e-9
7.12877e-10
-7.44675e-10
4.39173e-10
-4.87206e-10
-6.88469e-10
1.68714e-10
-2.04215e-10
-1.57187e-14
1.03095e-14
1.80439e-14
-5.71099e-15
-1.35965e-14
6.80103e-15
8.54236e-15
-6.4659e-15
-6.48225e-15
6.21162e-15
1.91464e-15
-1.99504e-16
-5.82278e-16
3.48577e-16
5.62674e-17
5.94694e-17
-9.54078e-15
4.46415e-15
-1.01535e-14
4.09972e-15
1.63086e-14
-8.65946e-17
7.70221e-18
6.49322e-19
3.87811e-18
-2.53019e-17
2.91762e-15
-1.11581e-15
4.39226e-15
-1.60401e-15
-2.33291e-18
-6.01382e-19
9.23413e-18
-1.65142e-17
-2.76369e-14
1.44999e-14
-3.8888e-15
2.6257e-15
-5.56981e-18
2.20671e-17
-1.80491e-17
4.83332e-17
3.40577e-14
-4.91446e-16
-9.41755e-17
4.00672e-16
3.73371e-14
-1.19286e-15
1.89518e-15
-2.77308e-15
2.54163e-13
4.50119e-15
1.62334e-14
-1.85831e-14
4.05862e-13
2.24427e-14
2.57241e-14
-5.07851e-14
-1.00111e-10
-4.75612e-11
2.2652e-11
4.48794e-12
8.50433e-15
-2.36695e-14
-7.82224e-15
2.09314e-14
1.1226e-8
3.04588e-9
-2.9488e-9
-6.39645e-10
-1.95539e-15
5.95853e-15
1.31398e-15
-4.02026e-15
-9.81347e-8
-7.53877e-8
4.08153e-8
2.66411e-8
2.28697e-16
-7.55322e-16
-1.34207e-16
4.12392e-16
8.35136e-17
-4.64159e-7
7.11403e-7
-3.28438e-7
3.28809e-7
9.96505e-7
-1.43618e-6
-1.00298e-6
2.25574e-7
2.92791e-17
-1.49908e-17
3.6251e-17
-8.17952e-17
-1.59261e-6
2.77842e-6
1.13123e-6
-3.25493e-17
1.0932e-16
1.92802e-6
-3.90675e-6
-1.22522e-6
4.77076e-17
-8.15745e-17
-3.37753e-6
4.98542e-6
1.4552e-6
-5.3035e-17
1.02278e-16
9.78372e-7
-4.18892e-8
-4.62105e-7
8.1182e-17
3.49947e-17
-1.36536e-6
6.38208e-6
5.32078e-7
-9.72763e-17
-8.79444e-19
-8.39103e-7
1.09505e-6
-8.23255e-17
1.12137e-16
1.75399e-7
-3.07161e-17
-2.81924e-8
1.62156e-7
2.77455e-16
-2.33262e-16
-8.06771e-8
6.24072e-8
2.64724e-15
-7.92008e-16
6.68191e-9
-9.76192e-8
-7.4665e-15
2.16743e-15
-8.07511e-9
2.63115e-8
-3.01908e-14
1.73399e-14
7.93433e-9
-5.94893e-8
8.33411e-14
-4.47988e-14
-6.94824e-8
-1.21155e-13
6.05743e-7
-9.26772e-14
-2.42824e-13
2.92342e-13
1.79308e-7
-3.66693e-14
-3.22436e-13
3.11919e-13
-1.11555e-6
-7.87174e-15
9.24846e-14
2.46899e-13
9.43957e-8
-1.03334e-7
1.7484e-7
1.89784e-13
-9.35758e-13
1.80639e-13
6.68535e-13
3.64983e-14
3.97547e-7
9.37146e-8
1.02287e-8
2.69461e-7
8.41066e-12
-4.29572e-11
4.97725e-12
-6.48227e-13
-7.604e-7
1.42046e-7
4.88996e-8
-2.22285e-7
2.01262e-10
-1.07289e-9
1.96221e-10
-2.9083e-11
1.48484e-7
-1.33183e-9
5.49823e-8
2.03831e-8
-7.10306e-8
-1.59627e-9
3.34522e-9
-1.534e-9
6.33665e-10
2.15183e-9
8.58157e-10
1.65803e-9
-3.55576e-9
2.95436e-9
-7.70642e-10
-4.24709e-9
-1.33269e-8
4.25916e-9
6.21382e-11
-8.97237e-9
-9.79769e-9
5.29029e-15
-2.60519e-15
-8.08925e-15
2.15595e-15
-3.20768e-15
2.6071e-15
-4.74624e-15
2.65713e-15
4.5467e-15
-4.13648e-15
-5.71696e-16
5.71096e-16
-3.73036e-16
6.75741e-16
2.75384e-16
-4.25705e-16
1.11986e-17
-1.03695e-16
-1.85937e-15
7.23815e-16
-2.19483e-15
7.42297e-16
3.72058e-17
-7.64227e-18
1.17294e-17
7.72413e-18
4.33033e-16
-2.69534e-16
4.88384e-16
-8.43029e-17
1.16232e-17
4.88625e-18
-1.19827e-17
3.06087e-17
-1.42174e-14
-5.69688e-15
2.65852e-15
2.44958e-15
-1.27438e-15
6.02032e-17
1.21146e-17
-2.72308e-16
2.46832e-16
4.26099e-16
-3.52591e-14
4.23448e-15
-7.37138e-16
7.19069e-15
-3.32048e-15
1.25594e-14
-1.42096e-13
-1.38058e-14
1.51955e-14
-1.35372e-14
-1.6893e-14
7.34726e-14
-8.55615e-13
1.62124e-13
3.39592e-14
8.4323e-14
-2.96373e-14
8.71066e-14
-4.50736e-12
5.10587e-14
2.96301e-13
1.62406e-14
5.55814e-14
-1.10326e-13
-4.92429e-14
1.01356e-13
6.44314e-10
1.0806e-10
-1.12829e-10
-1.39258e-11
-1.60053e-14
3.72652e-14
1.07622e-14
-2.54239e-14
-1.40341e-8
-8.4888e-9
4.78461e-9
2.37066e-9
2.13003e-15
-5.63632e-15
-8.96522e-16
3.18504e-15
5.11155e-8
-1.26116e-7
5.02007e-8
-3.90912e-8
-1.02663e-7
1.69713e-7
-2.59651e-8
-2.86661e-16
7.90725e-16
1.13149e-16
-1.22305e-16
-8.1406e-7
-1.4927e-16
1.18187e-6
1.49699e-16
-1.10831e-16
6.27149e-17
1.09508e-16
-5.20722e-17
9.03931e-6
-1.38952e-5
8.42592e-17
-1.20081e-16
-2.01409e-16
-9.83828e-6
2.26823e-5
-2.63687e-16
2.15149e-16
5.7314e-6
-1.40682e-5
-1.51025e-6
4.80891e-16
-4.82711e-16
5.50487e-7
-2.68068e-6
6.90801e-7
-6.58713e-16
4.48393e-17
-2.29679e-7
4.54171e-7
2.18403e-15
-7.76848e-16
4.35345e-7
3.29916e-7
1.90628e-14
-5.55611e-15
-1.11674e-7
-3.31295e-7
-4.21535e-14
1.28321e-14
5.84004e-7
6.35325e-8
-1.96168e-13
1.02307e-13
3.08293e-7
1.53995e-7
-1.04215e-6
3.96138e-13
-2.06609e-13
-1.92971e-6
1.1229e-6
-3.29032e-7
6.50043e-6
4.2947e-13
-5.36279e-13
-1.66031e-7
1.96707e-6
-2.94122e-7
-1.13501e-6
3.64231e-13
-1.40181e-12
2.95147e-6
2.09773e-6
1.42393e-6
-1.91375e-5
-4.66449e-13
-2.40185e-12
-1.32886e-6
4.5763e-6
4.86472e-7
-5.232e-6
-8.19845e-13
-1.81363e-12
-1.64571e-12
1.95975e-5
-3.85669e-6
-1.99125e-6
9.0082e-6
2.91113e-12
-1.46769e-11
1.78833e-12
7.12218e-12
-1.24099e-5
3.43295e-6
8.36602e-7
-3.56428e-6
1.79945e-10
-1.02154e-9
7.57466e-11
-9.16621e-12
3.74886e-6
-5.31365e-7
-4.55213e-7
1.49521e-6
2.17915e-7
1.6688e-8
4.78282e-9
-1.83766e-8
2.69557e-9
-4.84171e-10
-3.28094e-7
-7.2639e-9
2.8845e-8
-4.69233e-8
4.21328e-8
-7.62158e-9
9.11195e-10
-4.3851e-8
3.24365e-8
-3.88188e-8
2.83658e-8
2.81458e-15
-2.16563e-15
-4.1852e-15
1.54813e-15
3.30179e-15
-7.90487e-16
-5.9909e-16
-1.98233e-16
1.17924e-15
-3.23154e-16
3.74297e-16
-5.92535e-16
2.07703e-15
-8.84721e-16
-2.64601e-15
1.61378e-16
1.09089e-15
-1.13584e-15
4.9799e-16
-4.49566e-16
-1.18715e-16
1.94491e-17
-2.31191e-16
-1.54802e-16
-4.15156e-16
5.05545e-16
3.13622e-17
8.38038e-18
2.70264e-17
-1.9678e-17
3.5257e-16
-4.08332e-16
7.52397e-16
3.17292e-17
-2.19248e-16
8.26006e-17
-1.51673e-16
3.31273e-16
-3.14623e-16
-2.45538e-16
-1.90801e-15
9.234e-16
4.65419e-16
9.77142e-16
-5.44482e-15
1.22575e-14
-2.0802e-15
-1.98614e-14
-4.1849e-14
8.07414e-14
1.58278e-17
-1.75051e-13
-1.82693e-13
3.10478e-13
-4.20207e-14
-6.69046e-14
1.93645e-13
-1.77718e-13
9.96945e-12
3.42546e-12
-3.08145e-12
3.58797e-12
-7.77136e-14
1.44972e-13
4.71947e-14
-1.10236e-13
-1.48517e-9
-5.46951e-10
3.21423e-10
1.1713e-10
1.27519e-14
-2.87566e-14
-5.80063e-15
1.48515e-14
2.35003e-8
5.37039e-9
-1.08451e-8
-2.76198e-8
-1.72293e-9
-2.03755e-15
4.08943e-15
-5.76812e-16
1.4749e-8
7.06231e-17
9.81719e-17
-1.23354e-16
-1.12843e-16
6.86802e-6
-4.81613e-6
2.52738e-6
-1.005e-5
-1.1924e-5
1.27947e-5
5.32692e-6
-2.82462e-6
-8.88933e-18
1.25388e-16
-1.87399e-16
2.63121e-17
9.62707e-6
-1.5481e-5
-5.69599e-6
3.47816e-16
-1.21178e-16
-1.1275e-6
-1.24872e-5
-1.5953e-16
3.6331e-16
-5.04792e-5
4.56058e-5
6.3972e-16
-2.41706e-16
-1.16823e-16
1.2948e-5
-1.49532e-5
8.94123e-16
-1.07243e-15
-2.39845e-6
-9.37631e-7
-6.31663e-7
-6.62099e-15
1.10367e-15
-2.34543e-6
7.17013e-6
3.01723e-14
-6.93398e-15
8.03043e-6
-3.89006e-6
8.28796e-14
-2.23515e-14
-4.23131e-7
1.89958e-5
4.15684e-6
-1.52467e-13
7.91409e-14
1.89733e-6
-7.39268e-13
3.65884e-13
2.73821e-6
1.20403e-12
-1.60688e-5
2.27023e-12
3.12312e-12
-2.54632e-12
-6.15083e-6
4.71657e-12
8.80741e-12
-6.18826e-12
1.55947e-6
2.63559e-5
-6.18244e-13
2.27231e-11
-1.82812e-11
-7.69673e-5
-3.3385e-5
0.000114229
-1.07917e-11
1.12567e-11
2.91409e-11
-6.06823e-12
-0.000128517
3.4036e-5
1.12153e-5
-3.89871e-5
5.56195e-11
-2.42242e-10
1.98888e-12
-9.82845e-11
3.0335e-5
-8.34753e-6
-3.94135e-6
9.62885e-6
5.56652e-9
-2.25273e-8
-1.1437e-9
-1.60384e-10
-1.92348e-6
4.46193e-7
-3.67317e-7
1.03387e-7
-3.78451e-8
-1.16396e-7
4.53468e-7
2.05194e-7
8.09182e-8
-1.97338e-7
3.49684e-8
-1.4984e-8
1.36565e-7
-7.92086e-8
2.29253e-8
-2.97147e-7
1.68514e-7
-1.19375e-15
9.32522e-16
1.81479e-15
-9.75802e-16
1.07037e-15
-9.68027e-16
4.72092e-16
9.33747e-16
-7.16368e-16
-7.02096e-16
3.37795e-16
3.71541e-16
3.79305e-16
-1.16946e-16
6.03159e-16
-9.19629e-16
-3.04085e-16
3.69622e-17
6.1074e-16
-2.93799e-16
7.86686e-16
-1.33595e-15
2.89158e-16
-4.90751e-16
-8.96532e-17
7.19061e-17
6.71651e-18
2.80912e-16
-1.31425e-15
8.47832e-16
4.38555e-16
-6.31819e-17
2.1271e-17
1.75917e-16
-3.35618e-17
1.80083e-16
3.22862e-16
-6.64467e-16
-1.9647e-15
3.20009e-15
-7.82411e-15
7.05867e-15
-1.82828e-15
3.21551e-15
1.23455e-15
1.60402e-14
-1.1131e-14
-2.24842e-14
-1.43651e-15
-1.69452e-16
3.01038e-15
3.45199e-16
7.06574e-14
-9.40348e-14
-1.50106e-14
5.27214e-15
-3.15816e-15
1.43231e-14
2.20818e-13
-3.47609e-13
-1.00445e-13
5.53274e-14
-7.60391e-14
1.82398e-13
-3.02814e-13
3.74287e-13
2.60462e-13
-3.24123e-13
8.51381e-13
-1.5205e-12
-2.01085e-13
1.45115e-13
-1.2446e-10
-1.35692e-11
2.01656e-11
4.33466e-11
2.28337e-10
4.89315e-14
-7.14096e-14
2.1843e-14
-2.40745e-14
2.1314e-9
6.43148e-10
-2.41974e-9
6.02158e-9
-3.03545e-9
-8.05851e-15
1.2328e-14
-3.10893e-15
4.62213e-8
7.01659e-16
1.14323e-16
-5.16175e-16
-2.47199e-6
1.65934e-6
-5.31013e-7
5.04747e-6
5.79214e-6
-1.28803e-5
1.37919e-7
1.46472e-16
-4.22407e-16
-2.08765e-16
4.7896e-16
2.13038e-5
-2.7143e-16
-2.97026e-5
1.38953e-16
3.68082e-5
-1.27374e-16
5.70369e-5
-6.13958e-5
-6.13052e-16
3.9554e-16
-4.25486e-5
6.39514e-5
1.11658e-5
6.65474e-16
-5.31743e-16
1.25283e-5
3.43425e-5
-9.35064e-17
-7.87384e-5
3.23602e-5
1.0953e-15
-9.50979e-16
2.51886e-17
1.0936e-5
-1.77761e-5
3.21838e-15
-3.10504e-15
8.44084e-7
-1.58453e-5
-1.03531e-5
-2.19963e-5
-2.8484e-5
-5.38724e-14
4.11493e-14
-3.09696e-14
1.12735e-14
-2.48205e-5
0.000167023
-3.22569e-5
2.07189e-13
-8.279e-14
-4.86243e-5
3.49098e-5
1.2869e-12
-5.59003e-13
-4.56384e-5
-0.000573797
0.000290074
-1.65373e-12
6.91476e-13
7.86953e-5
-4.10836e-5
1.48177e-5
-0.000312858
-4.20831e-12
3.0113e-12
-7.31428e-5
0.000606776
0.000131627
-0.000847787
-1.6567e-11
8.22323e-12
-0.000107463
0.000166693
-0.000109483
0.000584125
-1.03616e-11
-1.14035e-10
4.72987e-11
-0.000733904
0.000241489
-0.000272202
2.21829e-12
1.67389e-10
0.000249349
6.84249e-5
-0.000158909
1.18676e-10
-4.00748e-11
-4.72821e-10
1.08894e-10
4.54138e-5
-6.15844e-5
-2.07406e-5
3.77449e-5
2.62041e-9
-1.00982e-8
-4.65772e-10
-8.37004e-10
5.72076e-10
-1.2427e-5
3.40114e-6
-3.47746e-6
9.14522e-7
6.19804e-7
-2.00069e-6
-6.98372e-7
-2.85933e-7
-1.40422e-7
3.03098e-7
-6.30042e-8
1.08973e-7
-3.66887e-8
1.78057e-8
1.68073e-6
-1.01969e-6
7.17572e-7
-3.88209e-7
3.1642e-7
-2.913e-7
-4.35875e-16
1.89851e-16
-4.37248e-16
6.90184e-16
-5.41468e-16
3.5106e-16
-1.48961e-16
2.11818e-16
-1.188e-16
-6.46767e-16
3.11975e-16
5.21733e-16
4.68305e-16
8.22764e-16
-1.40753e-15
3.0191e-16
-5.81318e-16
2.20983e-16
-3.68559e-16
-4.33168e-17
1.44314e-15
-3.96894e-15
4.42663e-15
-3.05671e-16
1.02004e-16
5.82131e-16
-5.05216e-15
-3.19429e-15
-2.09442e-15
7.55411e-15
-2.67361e-16
3.12322e-15
-8.84931e-15
4.50132e-15
1.37711e-14
1.91018e-14
-2.57904e-14
-1.14072e-14
3.54999e-14
-1.15128e-14
-8.49909e-16
-4.78449e-14
1.52068e-13
-3.98802e-15
-1.55051e-14
-1.75796e-13
3.47621e-13
4.73769e-14
-1.74286e-13
-3.64058e-13
3.32156e-13
6.13354e-13
-3.56736e-13
4.63967e-13
-1.19292e-12
2.42086e-13
-2.68035e-13
-1.50304e-13
1.8536e-13
-3.59518e-12
-4.19216e-12
8.54137e-14
2.76269e-14
-4.9259e-14
-5.25066e-10
8.397e-9
-2.92933e-8
-1.64348e-14
4.79217e-15
1.03784e-15
-2.57674e-15
-1.00943e-6
5.27809e-8
2.83532e-6
-1.09501e-5
-2.44212e-7
4.0603e-16
-9.59359e-16
8.1906e-16
2.45286e-5
-8.12979e-16
-3.94632e-5
5.09296e-16
5.42982e-5
-2.98811e-16
-6.39625e-5
2.13012e-16
6.96379e-5
-2.26537e-16
-6.54735e-5
2.58298e-16
-0.000103744
0.000111134
5.41397e-16
-3.04983e-16
3.1464e-5
7.04277e-5
4.46947e-16
-0.000102448
5.16325e-5
-1.04587e-15
2.05038e-16
-2.84478e-16
8.73332e-5
5.65134e-15
-0.000958967
1.93036e-16
-6.41847e-15
-8.35955e-5
0.000252861
-2.36684e-13
7.34702e-14
0.000103398
0.00245426
-0.00182178
2.14223e-13
-4.95053e-14
0.00178208
7.30627e-5
1.85416e-12
-6.85025e-13
-0.000828795
0.00162711
2.78661e-12
-3.70965e-12
-0.00238968
0.00314218
-4.88145e-13
-8.03567e-12
0.000566002
-0.00224409
1.20364e-10
-2.09489e-11
0.00197608
0.000628652
-0.00144664
-6.62839e-11
-1.11556e-10
5.72678e-10
-3.67035e-10
0.000974017
-0.000420524
0.000361202
-4.51876e-11
-7.94562e-10
-0.000231005
9.43876e-5
-7.16411e-5
1.63427e-9
2.29089e-9
2.57812e-5
-1.68299e-5
6.25322e-6
2.75121e-6
-6.39345e-6
-8.90928e-8
2.90486e-7
-4.90949e-8
6.14765e-8
-2.37621e-8
3.84735e-6
-3.34234e-6
2.18762e-6
-1.39542e-6
8.14388e-7
-4.62633e-7
2.5532e-7
-2.34093e-7
1.44304e-16
-4.60295e-16
8.52849e-16
9.63779e-17
1.22242e-16
-2.15068e-16
-6.01586e-18
2.09722e-16
-1.83581e-16
3.48828e-17
1.77829e-16
-5.90065e-16
-6.48113e-16
8.14361e-16
6.20834e-17
-1.45486e-16
2.77655e-16
2.59779e-15
-4.04198e-15
6.41242e-15
1.83014e-15
-1.0216e-15
2.30079e-17
-1.24452e-16
2.32831e-16
1.22708e-16
-2.80901e-16
5.31563e-16
-5.96333e-15
1.22413e-14
-1.66094e-14
-7.44187e-15
8.86265e-16
-1.12672e-15
-1.91744e-15
1.66377e-15
-3.00485e-15
1.74497e-14
-7.06543e-15
4.98432e-15
-1.81521e-14
-4.45461e-14
-1.7226e-15
7.72279e-14
-5.28072e-14
-9.48635e-14
1.41668e-13
4.16892e-14
-2.32226e-13
-2.05986e-13
3.09675e-13
2.81975e-14
-1.88139e-14
3.01016e-13
-2.7397e-13
-1.29518e-13
2.13738e-12
2.39763e-13
-1.80981e-13
3.63579e-12
1.83693e-12
-1.28255e-11
6.96698e-11
-5.90508e-11
-9.49102e-14
1.15855e-13
-6.05303e-14
5.16166e-14
9.01325e-11
1.20783e-11
5.30198e-10
-3.9487e-9
-8.53919e-9
2.5746e-14
-2.96183e-14
8.92689e-15
-2.82922e-8
-3.80065e-15
3.34359e-15
-4.26402e-7
1.55926e-7
-1.47075e-7
1.28393e-6
-5.51823e-6
1.25632e-15
-1.96131e-15
1.1908e-15
1.63145e-5
-1.2255e-15
-3.5566e-5
1.01097e-15
6.34693e-5
-7.05943e-16
-9.35402e-5
4.91684e-16
0.000119383
-2.91678e-16
-0.000142909
2.21593e-16
0.000189946
-1.13162e-16
-0.000350986
-1.00298e-17
-0.00025456
0.00041242
-9.83177e-17
1.66981e-16
6.29775e-5
7.04014e-6
0.000186719
-0.000266103
-1.20949e-18
-1.29681e-16
7.89056e-18
-0.000531957
0.00199661
-2.2266e-17
5.08819e-16
0.000353723
-0.00223302
0.00360982
0.00223168
-0.00614376
-8.48236e-15
3.07643e-15
7.00126e-16
1.11982e-15
-0.00240698
0.00697235
-0.00668423
0.00452018
-1.07231e-13
1.68228e-14
-0.00816489
-1.89064e-12
4.42639e-13
0.00117432
4.48661e-12
0.00256749
1.75825e-11
1.90142e-11
-1.31096e-11
-0.00378926
0.00861145
-3.73243e-11
8.13101e-11
-4.95238e-11
-0.00439129
0.00256932
-3.31036e-10
1.46037e-10
-0.00153635
-0.000539351
0.000873151
1.13937e-9
-1.9345e-9
-1.70079e-9
9.13235e-10
-0.000410327
0.000310119
0.0001302
-0.000173386
-4.51436e-9
9.98348e-9
1.04392e-8
-5.80245e-9
3.91448e-9
5.79809e-5
-2.61732e-5
2.36437e-5
9.174e-6
-1.48293e-5
-8.06916e-8
2.54575e-7
7.41638e-8
-4.52126e-8
-6.33532e-9
-1.79264e-8
7.61615e-6
-6.30399e-6
4.73365e-6
-3.44242e-6
2.31877e-6
-1.45064e-6
8.49926e-7
-5.06328e-7
4.51104e-7
-4.05791e-7
-3.43288e-16
7.21623e-16
1.35809e-16
-1.65999e-16
4.08145e-16
-5.90497e-16
4.94282e-16
-2.08566e-16
-2.16677e-17
2.6879e-16
-2.92974e-16
-2.08606e-16
-2.72296e-15
4.75103e-15
-7.3762e-15
-8.78669e-16
1.8645e-15
-6.18007e-16
6.3349e-16
6.21485e-16
-1.00849e-15
1.13544e-14
-1.91952e-14
3.05546e-14
1.92702e-15
-3.72575e-15
7.5617e-15
-4.58021e-14
6.34171e-14
-1.64624e-14
4.0394e-14
-3.10085e-13
1.13678e-13
3.60211e-15
1.45961e-13
-6.8593e-14
6.32777e-14
-8.21956e-14
8.97153e-14
-1.28194e-13
-5.07181e-13
4.44615e-13
-4.43531e-13
6.47006e-13
1.77343e-13
-2.25015e-13
-4.4045e-13
5.67592e-13
-1.08603e-12
1.01936e-12
5.08687e-13
-2.33086e-13
2.18449e-13
-1.67375e-13
2.10193e-13
-1.79524e-12
7.18426e-12
-1.81301e-13
1.36951e-13
-2.99502e-11
1.08396e-10
-3.41343e-10
-9.02417e-14
5.20653e-14
-3.5711e-14
1.42071e-9
-4.17723e-9
2.38773e-8
2.21842e-14
-1.00997e-14
-3.49557e-15
6.1542e-15
1.47903e-7
-1.07028e-6
5.33441e-6
2.29826e-15
-1.38691e-15
-1.76568e-5
1.2314e-15
4.36986e-5
-1.07565e-15
-8.57631e-5
9.00743e-16
0.000139063
-7.05018e-16
-0.000192634
5.37563e-16
0.000240417
-2.70684e-16
-0.000290893
1.01178e-16
0.000362496
8.45713e-18
-0.000625842
-5.56234e-17
-0.000353244
6.07614e-17
0.00628624
-0.00706456
-1.80773e-16
4.85423e-17
-6.16424e-17
0.00769422
-0.01089
0.0173091
-7.03574e-15
3.3505e-16
-3.23801e-16
-0.0241003
0.0280441
-0.0295734
-2.27305e-14
1.67689e-14
0.0354416
0.0126537
-0.0425213
6.11424e-12
-4.39527e-12
1.40234e-13
-1.78485e-14
-0.0109368
0.036954
0.0134691
-0.0392467
-0.0138763
0.0341456
-1.98806e-11
9.53578e-12
0.0291488
-0.0429869
-0.0176422
0.0213093
-1.24127e-10
-9.32002e-11
4.53322e-11
-0.00797531
0.00557031
-0.00319665
5.90242e-10
-2.96562e-10
2.30091e-10
0.0017873
-0.000963844
2.85702e-9
-1.34951e-9
0.000484958
-0.000283906
0.000162568
-3.03155e-8
1.25662e-8
-6.01013e-9
-7.83671e-5
5.04923e-5
-2.59769e-5
1.90038e-5
1.83151e-8
-1.07312e-7
7.16394e-8
-9.28801e-6
6.61547e-6
-5.29673e-6
4.17359e-6
-3.11166e-6
2.13288e-6
-1.33413e-6
7.70577e-7
-4.24146e-7
1.89662e-7
-1.10132e-15
1.67557e-15
-2.01921e-15
-6.36828e-16
4.40566e-16
-3.00381e-16
3.59039e-16
-5.49033e-16
7.04404e-16
-5.70688e-16
3.28346e-16
-5.53801e-17
-1.99801e-16
4.37215e-16
8.28937e-16
-1.00987e-15
-6.252e-16
5.61193e-16
-5.49695e-16
3.33984e-15
-4.62205e-15
7.74084e-15
5.44814e-16
-9.30827e-16
1.6298e-15
-1.31616e-14
2.38005e-14
-4.20275e-14
-3.09293e-15
5.88375e-15
-1.07821e-14
7.28115e-14
-1.2349e-13
1.91393e-14
-3.46962e-14
2.16696e-13
-3.12675e-13
4.47334e-14
6.30152e-14
-8.29433e-14
1.00232e-13
4.67331e-13
-1.26412e-12
-1.22117e-13
1.43094e-13
3.32529e-12
-5.94682e-12
-9.06195e-14
-1.40865e-13
1.10813e-13
-1.06986e-13
-2.35991e-12
1.28152e-11
9.83426e-14
-7.66739e-14
-3.37231e-11
4.26998e-11
-3.05037e-10
5.1714e-14
-3.16838e-14
2.08034e-14
4.48857e-10
1.3742e-9
-5.8997e-9
-1.33767e-14
8.90602e-15
-5.53241e-15
1.53991e-7
-7.57421e-8
8.56597e-8
-6.85677e-7
1.24041e-6
-2.97171e-15
4.20565e-15
-1.67334e-15
-5.10371e-6
1.36281e-15
1.66696e-5
-1.11245e-15
-4.48874e-5
1.03139e-15
9.73613e-5
-1.01821e-15
-0.000174427
9.64125e-16
0.000267287
-7.13367e-16
-0.000369457
3.82809e-16
0.000509564
-1.19135e-16
-0.000811232
-1.20674e-17
0.00129503
2.21704e-18
0.00275819
-0.00360615
-3.70207e-18
-9.4352e-18
-0.0039034
0.00451913
-0.00712509
0.0105475
2.57667e-17
-2.8314e-17
1.27876e-17
-0.0164852
0.025094
-0.0407158
3.20325e-15
-1.33168e-15
2.45191e-16
0.0593464
-0.073853
0.0774172
6.9212e-14
-1.85466e-14
-0.0759899
0.0787163
2.50593e-12
5.86408e-13
-2.08639e-13
-0.0668041
0.055616
-0.0427063
2.09895e-11
-8.33363e-12
0.0373703
-0.0263815
1.09393e-10
-4.87478e-11
0.012387
-0.00619499
0.00320421
-7.86936e-10
3.79118e-10
-2.14837e-10
-0.00162236
0.000808991
-3.17287e-9
1.61985e-9
-0.000398535
0.000215422
-0.000121888
2.42621e-8
-1.21124e-8
6.15106e-9
8.04031e-5
-4.95983e-5
-2.7002e-5
3.94221e-5
1.21729e-7
-1.8769e-7
-1.30637e-7
9.27143e-8
-4.34727e-8
-1.40018e-5
8.79006e-6
-5.80268e-6
4.71825e-6
-4.08137e-6
3.39207e-6
-2.58155e-6
1.75765e-6
-1.07068e-6
6.06438e-7
-2.81497e-7
2.70114e-7
4.45386e-16
-1.34839e-15
2.05883e-15
-3.68712e-16
3.20794e-16
-3.50104e-16
4.97541e-16
-5.35787e-16
4.47633e-16
-3.12404e-16
1.15773e-16
1.26034e-16
-4.2669e-16
6.07891e-16
-5.04422e-16
4.04278e-16
-3.90673e-15
5.0165e-15
-6.82198e-15
-6.62355e-16
1.16563e-15
-1.96746e-15
1.27283e-14
-2.57569e-14
4.61095e-14
3.79325e-15
-6.63363e-15
1.11209e-14
-8.25848e-14
1.59107e-13
-1.79662e-14
2.42124e-14
-4.31697e-13
1.1234e-12
-6.14989e-13
-4.8542e-14
6.68287e-14
-7.10308e-14
-1.82044e-14
4.30815e-13
7.46826e-14
-7.71274e-14
-6.58872e-12
2.05082e-11
8.64961e-12
9.15957e-14
-6.24702e-14
4.32245e-14
-1.60876e-11
-4.97814e-13
-3.72748e-14
3.08531e-14
7.58623e-11
-3.52968e-10
1.40441e-10
-2.17881e-14
1.36354e-14
-9.64353e-15
-1.33799e-9
6.92201e-9
-3.27717e-9
8.76706e-15
-7.71998e-15
4.68898e-15
-3.13987e-8
7.67327e-7
-1.0718e-6
-3.1818e-15
9.40751e-16
4.03942e-6
-8.05951e-16
-1.35536e-5
8.17136e-16
3.89543e-5
-8.63199e-16
-9.15495e-5
9.39851e-16
0.000179372
-9.30503e-16
-0.0002998
6.77728e-16
0.000444586
-3.11695e-16
-0.000611194
7.79598e-17
0.000895668
5.93646e-18
-0.00187223
5.38607e-17
0.00254826
-4.13181e-17
-0.00497671
0.00794658
-0.0173428
-9.74598e-17
6.08744e-18
1.44722e-17
0.028029
-0.041082
0.0708975
3.48198e-15
-8.76065e-17
1.96655e-16
-0.106093
0.13622
-0.150467
-2.22427e-15
-5.65818e-15
0.119635
-0.131604
-2.66782e-12
-4.42607e-13
7.03957e-14
0.0920059
-0.0722463
0.0458354
-2.35001e-11
9.03228e-12
-0.030682
0.0303084
-1.11213e-10
5.07187e-11
-0.0135817
0.00501688
-0.00214748
8.08446e-10
-3.75712e-10
1.77895e-10
0.00101046
-0.00048944
2.93093e-9
-1.52676e-9
0.000228641
-0.000122493
9.4328e-5
-2.04086e-8
1.07074e-8
-5.5754e-9
-7.81709e-5
4.58004e-5
-3.09499e-5
1.39387e-7
-7.67252e-8
3.79462e-8
7.01232e-6
-4.14523e-6
3.53816e-6
-3.34137e-6
3.26269e-6
-3.04515e-6
2.57894e-6
-1.92646e-6
1.22467e-6
-6.59677e-7
3.28382e-7
-1.93369e-7
6.10907e-17
5.91702e-16
-7.51566e-16
-3.32101e-16
2.6796e-16
-3.17886e-16
3.10743e-16
-2.49625e-16
2.01705e-16
-1.12785e-16
-2.62531e-17
2.58275e-16
2.07929e-16
-1.79194e-16
-2.28518e-16
5.11449e-16
-2.28683e-15
4.49839e-15
6.79705e-16
-1.2632e-15
1.71515e-15
-1.2741e-14
3.24944e-14
-5.30009e-14
-3.45851e-15
5.81849e-15
-9.1301e-15
9.47985e-14
-5.30702e-14
1.41942e-14
-2.50738e-14
-5.76526e-14
-1.71133e-12
2.08076e-12
3.01669e-14
-5.94272e-14
4.57956e-14
-5.02448e-12
4.82875e-12
-4.49248e-14
4.16856e-14
-1.90286e-11
-1.99135e-11
-4.76541e-11
-4.48021e-14
1.87078e-14
-6.24345e-15
6.88345e-11
-1.02277e-10
7.94225e-15
-8.3871e-15
1.21366e-10
-6.53294e-11
1.34589e-9
7.46041e-15
-4.45309e-15
2.77406e-15
-3.57981e-9
1.03174e-8
-5.37343e-8
-2.45958e-15
3.7226e-16
-2.56286e-7
2.48981e-16
-4.71384e-7
2.83198e-6
-3.9122e-6
9.23131e-16
-9.30231e-16
9.54302e-6
-6.00107e-16
-2.86578e-5
6.1373e-16
7.10003e-5
-7.03192e-16
-0.000149419
6.44852e-16
0.000269646
-4.13456e-16
-0.000424755
1.27935e-16
0.000620863
-5.56605e-18
-0.000786102
3.02127e-17
0.00159829
-6.5689e-17
-0.00266695
0.00280048
-0.00687437
0.0228791
-1.77817e-17
-1.30629e-17
-1.23944e-17
-0.0401575
0.0473474
-0.090912
-1.4709e-15
5.26075e-16
-8.99931e-17
0.140912
-0.182761
0.196246
-3.08849e-14
8.29962e-15
-0.183836
0.0927617
2.23949e-12
-2.13579e-13
1.02492e-13
-0.103134
0.0375442
-0.0384633
2.99805e-11
-1.06563e-11
0.0184237
-0.0235712
1.20214e-10
-6.04696e-11
0.0032314
-0.00091395
0.000814258
-5.1948e-10
2.12023e-10
-1.35018e-10
-0.000467115
0.000289405
-2.08015e-9
1.07971e-9
-0.000119592
4.77296e-5
-3.02429e-5
1.43615e-8
-7.49151e-9
3.75177e-9
4.99478e-6
3.48324e-6
5.34029e-8
-2.31651e-8
-4.86382e-6
4.15753e-6
-2.40928e-6
2.14596e-6
-2.23826e-6
2.29535e-6
-2.14158e-6
1.73742e-6
-1.20654e-6
6.15025e-7
-2.97927e-7
1.52095e-7
-1.00223e-7
1.00298e-16
-1.25309e-16
-2.17435e-16
4.73598e-16
-8.97018e-17
1.11107e-16
-1.34727e-16
1.44252e-16
-1.1806e-16
7.82314e-17
-1.01456e-16
1.09225e-16
-2.45771e-17
-1.22266e-16
1.13532e-16
1.10048e-16
-8.60457e-17
-1.61808e-16
8.01231e-16
-1.98818e-15
8.18384e-17
2.78043e-16
-4.86957e-16
9.98749e-16
-1.51352e-15
1.01917e-14
-3.91329e-14
1.06857e-13
2.20134e-15
-3.90271e-15
5.73351e-15
-2.8681e-13
5.75408e-13
-7.93703e-15
1.03563e-14
1.78214e-12
-8.8301e-13
3.23425e-14
-1.16029e-14
-3.91389e-12
7.88215e-12
9.93532e-12
1.21065e-14
-2.41075e-11
3.95944e-11
6.41567e-11
1.16319e-15
-1.06438e-10
1.26415e-10
7.26659e-16
-1.33135e-15
-1.89449e-10
2.98454e-10
-1.98826e-15
2.43624e-15
-3.98802e-10
1.40095e-10
-1.46889e-9
-2.5031e-15
1.15139e-15
-4.2455e-16
2.75397e-9
-1.23481e-8
2.6087e-8
6.1638e-16
-2.55293e-17
-1.42937e-7
3.17853e-7
-8.69549e-17
2.99994e-18
8.44309e-18
-1.0198e-16
2.46053e-7
-3.3012e-6
4.66136e-6
5.32102e-16
-3.02228e-16
-5.84099e-6
2.40646e-16
1.88155e-5
-4.43304e-16
-4.52618e-5
4.29249e-16
0.00010021
-3.3144e-16
-0.000185759
1.5481e-16
0.000315754
-1.5811e-17
-0.000401669
-8.2578e-19
0.000728901
-1.16354e-16
-0.00104212
3.93914e-17
0.00209351
-0.00362026
0.00292251
0.0123387
1.04929e-17
-8.72817e-18
-3.09634e-17
2.19022e-18
-4.09676e-17
-0.0196713
4.38929e-17
0.0378447
-0.0654988
0.0741892
-1.69171e-15
3.63268e-16
-1.41403e-16
-0.143474
0.205357
-0.249515
-6.21074e-15
3.69229e-15
0.24933
-0.212079
0.107644
6.93803e-14
-1.76225e-14
0.120176
-0.0952174
0.0501462
5.23355e-13
0.0367953
-0.0215268
0.0144973
1.93298e-12
-0.00567702
0.00371546
-0.00187009
2.82402e-10
-9.18261e-11
1.18507e-11
-8.55272e-12
0.000722549
-0.000278718
1.13558e-9
-6.18631e-10
7.46643e-5
-1.46973e-5
8.57743e-6
-7.05224e-9
3.12326e-9
-1.37143e-9
-9.87947e-7
-2.33086e-6
1.23802e-6
-7.47125e-7
8.93051e-8
3.00381e-6
-6.19226e-8
-1.13229e-7
4.83875e-8
-7.87593e-9
6.7443e-9
-1.39907e-6
9.17384e-7
-1.18865e-6
1.33777e-6
-1.48299e-6
1.45898e-6
-1.29554e-6
8.24804e-7
-4.16429e-7
2.03146e-7
-1.92081e-16
-1.00953e-16
2.29606e-16
9.30615e-18
-3.09176e-17
3.48557e-17
-1.88122e-17
6.56082e-17
-2.00949e-16
1.13725e-16
4.80971e-17
-8.89747e-17
4.65558e-17
6.86869e-17
-2.39194e-16
1.93011e-16
-1.54108e-16
-4.57777e-16
3.58592e-16
7.02013e-16
-6.24272e-15
-2.95016e-16
1.79444e-15
-1.11016e-15
-2.81517e-15
1.49357e-14
-1.57923e-13
3.57974e-15
-3.68543e-15
1.24586e-12
5.18086e-13
-8.0852e-13
2.11037e-15
-1.15142e-14
2.82985e-15
2.88937e-12
-7.06701e-12
1.04382e-15
-1.48232e-15
-7.65842e-15
1.18079e-15
2.16768e-11
-4.54297e-11
2.65679e-15
-9.08464e-16
-2.63445e-15
-2.80616e-16
1.0229e-10
-1.94798e-10
9.06444e-16
-1.76874e-16
3.33662e-10
-7.05099e-10
-1.5932e-16
1.58038e-9
9.29283e-17
-4.11552e-9
1.02978e-8
-1.10067e-17
-1.74385e-9
-9.41456e-17
3.34286e-8
-9.34146e-8
2.94129e-7
-7.00977e-17
1.94035e-16
1.08552e-6
-4.12119e-17
1.08109e-6
-5.06283e-6
5.31373e-6
-2.76007e-16
1.49367e-16
-1.49584e-5
5.35147e-16
2.34752e-5
-3.17712e-16
-5.54026e-5
2.78145e-16
9.56226e-5
-1.62034e-16
-0.000159904
9.87569e-17
0.000251296
-2.38213e-16
-0.000343422
1.64692e-16
0.000496013
-0.000868416
0.0023044
-0.00900837
8.80851e-18
-3.36907e-18
-2.26428e-18
0.0177072
-0.0207411
0.0526737
-0.105314
0.112539
-1.20757e-16
1.59628e-17
-0.178258
0.233603
3.41219e-15
-9.8029e-16
-0.270239
0.18962
-3.61847e-15
-7.19635e-15
-0.121759
0.0709791
3.326e-13
-1.16017e-13
-1.72601e-14
-1.6327e-15
-0.0301891
0.0142565
2.44463e-12
-1.33573e-12
-1.33637e-12
6.14927e-13
-0.00473964
0.00649178
0.00346196
-4.35831e-12
-1.33864e-11
4.9383e-12
-0.00103856
9.34622e-5
-1.43643e-10
5.01536e-11
-3.77427e-5
3.1449e-10
-2.57344e-6
6.41145e-8
-6.91993e-10
3.35302e-10
-6.63621e-10
3.93245e-7
-5.01088e-7
-8.40175e-7
-1.05849e-8
-9.48013e-10
-1.80689e-10
2.41208e-9
1.37687e-6
-9.07946e-7
1.11024e-6
-7.97175e-7
8.76995e-7
-8.30287e-7
6.96905e-7
-4.40875e-7
2.07353e-7
-2.97531e-8
4.04673e-8
-1.23498e-16
3.59061e-16
-5.03818e-17
1.46947e-16
-1.38779e-16
5.25274e-17
-3.32157e-17
7.49306e-17
-1.43794e-16
1.64749e-16
5.73715e-17
-2.39184e-17
-2.6518e-17
5.88101e-17
-3.64798e-17
-7.6913e-19
1.35971e-16
-1.43418e-16
5.71784e-17
-2.20391e-16
5.90928e-17
4.06137e-17
-1.80344e-16
-2.42308e-16
1.71231e-16
1.5416e-17
-3.95605e-15
9.26305e-17
-2.69125e-16
1.65721e-15
-2.56552e-16
5.69413e-16
1.3862e-15
-6.6168e-16
1.8128e-14
-3.40212e-15
-1.51062e-15
6.49494e-16
1.28783e-15
2.93948e-14
-2.48754e-13
-5.1071e-16
-5.31945e-16
-5.96121e-13
4.66574e-13
1.94308e-16
-8.38561e-17
-7.74685e-12
1.21072e-11
-8.72911e-17
2.47194e-16
-4.28066e-11
1.52936e-10
-1.24246e-16
-3.8795e-10
1.17915e-9
1.07712e-16
-5.36143e-18
2.48537e-10
-1.12534e-9
-1.46822e-16
-4.79352e-17
1.51972e-16
5.44281e-9
-1.09011e-8
1.15153e-8
-1.93872e-8
6.82112e-17
2.11128e-17
-3.89408e-17
-4.85346e-17
6.93844e-17
-2.60567e-8
1.0695e-7
-1.70321e-7
-1.41367e-16
1.21425e-17
5.19543e-7
-1.21391e-6
-7.33225e-17
8.27841e-17
2.2756e-17
1.09807e-6
5.43721e-17
6.1393e-7
-7.14827e-6
1.18174e-5
-6.33639e-16
4.07486e-16
-1.01356e-5
3.15995e-16
2.222e-5
-4.13893e-16
-4.1032e-5
5.55377e-16
9.16797e-5
-5.12722e-16
-0.000109803
3.39358e-16
5.53714e-5
-0.000147625
0.00042219
-0.000540881
-0.00287282
7.04796e-18
2.542e-17
1.3184e-16
-9.10821e-17
-1.93751e-16
0.0057782
-6.50862e-17
-0.0107071
0.0205046
-0.0161013
-0.0350778
1.36839e-17
6.4284e-18
-2.32121e-17
-2.2909e-18
-1.21387e-17
0.0779887
-0.0983767
0.140446
0.110691
-0.166506
-3.6884e-16
1.61214e-16
1.10475e-16
-1.3496e-17
0.163804
-0.0915531
3.51621e-15
5.82976e-16
0.044973
-0.027218
4.84885e-14
-1.37976e-14
0.00520071
-0.00341406
1.21147e-12
-4.20972e-13
-0.000817232
-3.87014e-5
1.27456e-11
-3.86682e-12
0.000163632
-2.95598e-11
-3.57162e-5
-5.40427e-6
4.92888e-6
1.00822e-6
-6.51769e-7
-1.52431e-10
-2.02386e-10
8.1241e-11
-2.9089e-11
6.74723e-11
4.71322e-7
2.04268e-7
-6.56404e-8
-5.315e-8
-1.54967e-7
-1.44645e-10
-1.47258e-10
-3.10512e-11
2.41033e-10
1.88478e-7
1.05273e-6
-6.18443e-7
-4.39252e-7
-4.49155e-7
2.38774e-9
1.59098e-9
1.16787e-10
1.47055e-9
7.34664e-7
-1.03953e-6
3.57186e-7
-4.11623e-7
4.28226e-7
-3.52384e-7
2.26719e-7
4.56142e-8
-3.17017e-8
1.93773e-17
1.73268e-16
-8.25531e-17
1.92846e-16
1.57412e-16
-1.23718e-16
-7.89781e-17
2.6988e-17
7.10884e-18
-8.61005e-17
-4.48318e-17
1.45196e-17
3.4123e-17
1.37646e-16
-2.21794e-16
-1.2095e-16
6.07161e-17
-1.09052e-16
8.43732e-17
-5.0943e-17
-5.96673e-17
-3.55559e-16
-4.69285e-17
-1.86378e-16
1.26359e-16
2.94588e-16
7.25835e-15
-2.99331e-14
1.60693e-15
-1.05696e-14
-2.81191e-16
-5.01112e-16
1.64022e-16
1.22931e-13
2.77729e-14
2.58091e-16
-1.03273e-16
3.51052e-14
-7.60586e-14
1.85278e-12
9.45487e-17
-1.27042e-12
1.66794e-12
9.0987e-12
8.5841e-17
-7.25219e-12
6.58007e-12
8.71011e-12
-6.96754e-11
-7.96076e-17
4.25472e-17
5.73973e-12
-2.11618e-11
-1.25561e-16
9.15594e-17
-1.57166e-16
1.13239e-10
-5.05289e-10
-5.26156e-17
1.60079e-9
1.59845e-17
-2.38148e-9
5.28645e-9
-1.41599e-17
-2.20976e-8
7.8113e-17
-1.39191e-8
1.12764e-7
-8.74397e-8
4.36202e-18
-5.01584e-17
-2.79975e-7
-8.08579e-7
-1.26814e-16
1.77156e-17
-1.48745e-17
2.76064e-6
-1.22045e-6
-1.34344e-16
6.42079e-8
8.31321e-6
-1.47806e-5
1.17657e-15
-8.56856e-16
1.27766e-5
-8.9809e-16
1.70064e-5
-3.85307e-5
1.36299e-5
6.86462e-5
-6.4119e-5
-0.000612826
1.64935e-16
2.52591e-16
6.26431e-16
-5.77268e-16
-6.47854e-16
0.00141957
-3.20128e-16
-0.00216678
0.00410198
-0.00878488
0.0169751
-0.0323069
3.4182e-17
1.04691e-16
0.0509944
-0.0625984
-1.45408e-17
-2.00436e-17
0.0642129
-0.0963505
-0.0375964
0.0445552
-7.15638e-16
2.05997e-17
1.63066e-16
3.3574e-17
0.0283155
-0.026181
0.0215305
8.34071e-16
0.00946743
-0.00653305
0.00662468
2.37319e-14
0.000423296
-0.000154492
0.000702028
3.15945e-13
-0.000168087
0.000108206
-3.63768e-5
2.35374e-5
4.19238e-6
1.12566e-11
6.2458e-12
-1.48347e-12
-1.33632e-12
-2.20231e-12
-9.43942e-7
-1.70058e-11
-8.48565e-8
3.62215e-8
6.37606e-11
-1.71072e-11
2.64639e-11
-1.65451e-7
1.88857e-7
6.95521e-7
-3.06153e-7
-2.09001e-7
-2.03979e-7
2.98419e-9
-1.34637e-8
4.80458e-10
-4.54637e-10
1.10474e-10
-2.64838e-10
2.12295e-7
-3.01184e-7
4.07128e-7
-2.72278e-7
-1.29877e-7
1.84368e-7
-1.328e-7
-1.62162e-16
-1.11021e-16
2.06366e-16
-2.17079e-17
1.25755e-16
-5.43027e-18
2.99671e-17
-6.60664e-17
4.66718e-17
3.6691e-17
1.31867e-17
6.14528e-17
7.72167e-17
-1.12686e-16
3.79628e-17
-7.52647e-17
-7.26288e-17
1.32231e-17
-1.17701e-17
9.25839e-17
-8.18632e-17
3.80146e-17
-1.28312e-17
1.63395e-16
-6.18643e-16
-7.48253e-19
-4.06233e-17
-5.44761e-17
1.9029e-17
-1.24135e-16
5.84462e-17
2.75074e-15
1.28532e-16
1.11142e-16
-1.95205e-17
-4.33399e-17
-3.1976e-14
-6.61012e-15
7.43913e-15
-2.84356e-17
1.29586e-17
1.11225e-17
-2.2138e-14
2.29642e-13
-4.20627e-17
4.09448e-17
-2.84602e-17
-2.6533e-17
1.54709e-13
2.64957e-13
-3.60605e-17
1.86735e-17
-1.53687e-17
6.79007e-18
1.33197e-12
-3.65819e-12
5.02232e-18
4.72142e-18
7.18387e-17
-1.15182e-17
6.63433e-13
5.83532e-12
2.15116e-17
-4.54271e-11
3.4699e-10
-4.86153e-17
1.08923e-17
-3.89999e-11
1.3513e-10
-7.17141e-19
-2.49474e-17
-2.00917e-10
2.54374e-9
2.17773e-17
-1.45715e-17
-9.6821e-10
5.81666e-9
1.90086e-17
8.78131e-19
-3.25902e-8
-1.91562e-18
1.70084e-8
-9.25763e-9
6.75437e-8
9.74885e-17
-1.34004e-16
1.86498e-7
-9.54035e-7
1.09095e-18
-3.59052e-17
7.42084e-7
5.01332e-7
8.24039e-17
4.31164e-17
1.42774e-16
-3.29443e-18
-3.5395e-6
4.61658e-6
1.30212e-15
-7.77254e-6
-5.53492e-6
3.18362e-6
2.33707e-5
-1.00907e-5
-8.8238e-16
-9.69611e-16
8.36547e-16
9.76497e-16
-2.93801e-15
1.94408e-15
1.72175e-15
-0.000139157
2.05578e-15
0.000303072
-1.2734e-15
-0.000259241
0.000598949
-0.00141445
0.00380284
0.00260134
-0.00703634
-8.158e-17
-2.02205e-16
2.8531e-16
5.80884e-16
0.00980465
-0.0236148
-0.011299
0.0289169
1.0891e-17
5.38238e-17
-5.08166e-17
-6.36397e-17
-0.0300612
0.0122768
-1.48593e-16
5.561e-18
-0.00813489
0.00619092
-3.60919e-15
3.39512e-16
-8.08659e-16
6.32408e-16
-0.000842948
0.00117806
-3.39562e-14
5.70976e-15
7.12928e-15
7.78015e-16
0.000820374
-5.17133e-5
-1.1284e-13
-2.02326e-14
-6.12496e-14
1.75269e-14
6.94506e-5
-9.3887e-5
-3.40651e-5
8.44046e-13
7.33159e-13
-2.4862e-13
1.09475e-5
-2.24514e-13
-2.23518e-6
5.62441e-7
4.58242e-7
-1.45672e-7
5.18678e-12
4.21531e-13
-2.13937e-13
-1.15909e-12
2.50775e-8
-1.82e-8
2.04394e-8
3.71117e-8
-1.91505e-12
-1.4795e-11
8.74671e-12
-3.5241e-12
-7.96908e-8
1.37786e-7
2.24986e-7
-1.00373e-7
-5.24062e-9
-1.52429e-7
3.60787e-8
1.93107e-7
-7.79437e-8
7.35851e-8
-1.28346e-8
5.96469e-8
5.35735e-10
9.39327e-10
-5.23235e-10
2.36423e-10
-1.97275e-7
1.99395e-7
-5.22085e-17
-1.29887e-17
7.954e-17
-3.97951e-17
-8.04535e-18
-3.38621e-17
5.86362e-17
-8.44254e-18
9.44582e-18
6.01205e-17
3.81376e-17
-6.26196e-17
-8.97916e-17
1.43621e-16
3.83264e-17
-9.07997e-18
1.19282e-17
-3.22556e-17
6.88133e-17
2.24331e-17
-1.06138e-17
1.04421e-17
-3.27514e-17
2.68351e-17
-2.44266e-17
-1.78208e-17
-2.9882e-17
-3.04644e-16
-2.27987e-16
3.06744e-17
-8.53332e-18
-2.69763e-18
-4.34603e-18
-3.02451e-17
4.89636e-17
2.9619e-15
3.86449e-17
7.75595e-17
-5.49158e-17
-6.18841e-15
1.99789e-14
-9.6652e-14
-5.22669e-17
2.78389e-14
-1.27082e-14
-4.54649e-13
-8.05006e-18
3.30988e-13
-3.91883e-13
7.41959e-13
3.39393e-17
-4.5771e-13
5.92368e-13
-3.6363e-12
9.85051e-12
-1.95464e-17
2.35113e-17
3.5007e-13
1.18431e-12
8.60892e-18
1.79138e-17
-1.03714e-11
9.53058e-11
1.29874e-17
5.73899e-18
-2.84794e-11
1.81843e-10
-2.6203e-17
-1.76713e-17
-7.34321e-10
1.19264e-9
3.08293e-19
-1.53551e-17
1.25908e-10
-3.14402e-9
4.92881e-17
1.22764e-18
8.389e-9
-3.13535e-8
4.17044e-17
-3.18572e-8
2.6921e-8
-2.03884e-7
-7.37073e-16
2.93827e-16
3.63813e-8
-2.73678e-7
-2.10739e-15
2.23499e-15
9.33715e-8
4.07666e-7
-1.5979e-15
2.36513e-15
-3.01966e-15
-1.34326e-6
3.15425e-6
-2.4702e-15
4.6005e-15
2.50325e-6
-5.62939e-15
-5.49687e-6
4.67635e-15
-1.82902e-5
5.0034e-5
1.16766e-5
-0.000156406
0.000506081
0.000268583
-0.000877397
-8.78323e-16
-1.02743e-15
2.05527e-15
2.48651e-15
0.0011419
-0.00354591
-0.00121918
0.00394658
1.13841e-16
2.03857e-16
-3.20708e-16
-5.98805e-16
-0.00307774
0.00933672
0.00121634
-0.000872297
6.36241e-17
-1.11198e-17
-3.64016e-17
8.88901e-18
-0.00362694
0.0031013
-0.00245006
-1.14733e-16
-0.00202649
0.00158697
-0.00171939
4.75034e-17
-0.000265329
0.000230202
-0.000502937
-4.43075e-15
8.13582e-5
-2.82194e-5
1.78454e-6
3.99431e-14
1.60757e-6
-3.8947e-7
-1.63282e-6
2.39855e-7
2.54781e-13
-8.54575e-14
-3.41038e-14
-1.08645e-13
-1.16391e-7
1.88969e-8
4.0645e-8
-7.03061e-9
4.98175e-13
-4.30433e-12
1.32206e-13
-9.79648e-14
-7.23969e-11
-3.1249e-9
-7.70426e-9
2.14671e-8
-7.09614e-11
2.80169e-10
7.07533e-11
-1.70765e-11
-1.4568e-8
2.76621e-8
-3.31512e-8
-1.75305e-7
1.20733e-7
-7.26081e-8
1.46175e-7
6.20229e-8
-1.14798e-7
-3.83698e-8
1.38253e-8
5.67528e-9
-2.09867e-9
7.20914e-10
-4.26977e-17
-2.69724e-17
7.65415e-18
3.40541e-17
-4.97466e-17
1.70587e-17
-5.03176e-17
-1.93771e-18
3.8998e-17
-2.49674e-17
-7.2496e-18
-7.74682e-17
-7.58274e-17
-5.76259e-18
3.34507e-18
1.8854e-17
-1.03546e-17
3.77225e-17
1.06229e-16
1.19499e-18
3.04681e-17
-8.73985e-18
-1.05756e-17
1.48089e-17
2.08392e-17
1.78609e-17
3.504e-18
3.34777e-18
-2.91909e-17
-1.55693e-17
2.30838e-17
7.37817e-16
-2.8774e-16
-4.10318e-18
1.39094e-17
1.27737e-17
8.53712e-18
6.49114e-17
1.73364e-15
-1.10847e-14
8.70559e-17
-1.57668e-16
-1.38438e-17
6.71661e-17
2.15632e-15
-3.9185e-14
-1.35662e-17
-6.91227e-17
-1.72194e-17
6.82817e-17
-6.978e-14
2.16464e-13
-8.93312e-18
-2.93833e-17
-2.22764e-17
4.24272e-17
4.62295e-14
-1.64913e-13
3.71423e-17
-6.22509e-17
-5.43757e-17
-5.08915e-13
3.69379e-12
2.30242e-17
1.82361e-18
-1.17205e-12
6.70226e-12
-4.4865e-19
-8.70276e-18
-3.05255e-11
8.05735e-11
-1.32182e-17
-1.01662e-17
1.9004e-11
-2.11326e-10
5.11712e-18
-1.03164e-18
1.53235e-9
-9.3906e-9
8.40665e-18
2.65038e-18
-1.10289e-10
3.48192e-9
-4.78764e-9
2.60758e-8
-7.45038e-19
-1.61847e-17
3.28442e-17
-4.78383e-17
-8.12672e-17
-5.26533e-9
2.88405e-8
-1.47434e-16
2.42578e-8
-9.06187e-8
5.17891e-7
-1.30695e-6
5.12695e-6
1.30835e-5
-1.62929e-5
-2.52433e-5
6.65636e-5
3.55752e-15
4.65788e-15
-4.02777e-15
-4.66572e-15
7.85611e-15
-1.14775e-14
-8.48643e-15
1.98924e-5
-8.06119e-5
8.45319e-5
-0.000328187
-7.9308e-5
0.000332122
9.55606e-16
1.64092e-15
-2.54208e-15
-3.97091e-15
-0.000246662
0.000923771
0.000217628
-0.000590141
2.86802e-17
-9.53276e-17
1.34059e-18
3.87914e-16
0.00138662
-0.000868498
1.90673e-17
1.51518e-17
2.79672e-17
6.27117e-17
0.000515103
-0.000370101
3.06863e-16
-3.19858e-17
-3.99007e-16
-6.13835e-17
-9.97757e-5
-9.88419e-6
-2.764e-15
1.54927e-15
1.6334e-15
-1.37966e-16
-6.57269e-5
1.13417e-5
-4.6079e-15
-7.56471e-15
-2.17898e-15
3.64131e-15
3.90132e-6
-1.53399e-6
3.49437e-14
-1.0748e-14
1.56741e-7
-1.1997e-7
-3.40094e-8
1.79698e-8
1.84154e-13
-4.98039e-13
-1.69148e-13
4.91468e-14
-4.55657e-9
8.4736e-10
2.18464e-9
3.99419e-10
1.55113e-11
-5.67721e-11
-7.37475e-12
1.19276e-12
-2.12392e-9
5.63859e-10
3.32228e-10
-2.8875e-9
1.17185e-8
-1.18043e-8
7.00039e-10
-3.12159e-9
1.24093e-9
-7.69149e-10
5.20266e-10
-2.3267e-10
1.85202e-8
-5.32076e-8
4.40032e-8
-3.75907e-8
2.81992e-8
-1.54982e-8
4.50737e-17
-7.0813e-17
5.39914e-17
-5.2593e-18
-2.92314e-17
6.61031e-18
1.05672e-17
-2.64267e-20
-1.90834e-17
-1.39212e-17
-8.79156e-18
1.04544e-16
-1.35013e-16
-1.19163e-17
-1.28467e-17
6.12307e-18
-5.69124e-18
-2.0173e-17
1.12943e-16
-7.24499e-17
-9.88942e-17
1.9182e-18
-2.2783e-17
5.39467e-18
-1.00284e-19
4.35332e-18
1.17751e-17
-2.31042e-17
1.68002e-17
-1.2429e-17
1.05865e-17
9.06483e-17
-3.80582e-16
-1.92879e-17
3.54104e-17
-5.49232e-18
2.53222e-17
-7.91151e-17
3.87682e-17
1.69543e-15
1.02449e-16
1.12732e-16
-5.38696e-17
3.97863e-16
-7.19379e-15
3.17611e-14
-3.21139e-17
-1.97069e-14
3.68163e-14
-6.3881e-14
-4.2096e-17
1.27945e-14
7.9466e-15
-6.413e-14
2.60051e-13
-4.66964e-17
-2.8801e-17
-1.93992e-14
1.91514e-13
-2.15572e-17
-3.35499e-17
-7.51739e-13
7.48575e-13
-1.81191e-17
1.71184e-18
1.12559e-12
-8.65655e-12
-3.73743e-17
8.15846e-18
4.2708e-11
-1.47261e-10
8.83995e-18
-1.21799e-17
2.72413e-12
9.93588e-11
9.71472e-18
-1.11866e-17
-1.01539e-9
1.40172e-10
3.69552e-17
-7.91021e-10
1.48086e-16
3.0485e-10
-1.40376e-9
6.08428e-9
-1.54538e-8
5.76731e-16
-6.65072e-16
9.8554e-16
-2.29429e-16
-1.2635e-8
3.87514e-8
2.30063e-15
-3.24509e-15
-2.01885e-15
4.50138e-8
-1.70757e-7
-5.42727e-15
7.94589e-15
4.07388e-15
-6.31901e-8
3.87363e-7
8.74255e-15
-1.39506e-14
-6.63708e-15
-1.33991e-7
-6.23264e-7
-1.00563e-14
1.78935e-14
9.16357e-15
9.94645e-7
-3.55996e-6
1.36975e-14
-1.46908e-14
1.42165e-6
-3.7539e-6
2.97866e-6
2.20526e-6
-1.76648e-5
-2.67316e-6
1.60458e-5
5.85375e-15
7.44359e-15
-1.22472e-14
-1.74978e-14
-1.32131e-5
5.9406e-5
2.24246e-5
-7.56794e-5
-2.4817e-16
-1.19831e-15
1.09796e-15
3.25354e-15
0.000155958
-0.000431928
-8.48853e-5
8.97958e-5
-1.29669e-16
-6.11666e-17
1.46958e-16
5.71095e-17
0.000260825
-0.00024589
0.000173056
1.10659e-16
0.000112489
-0.000112344
0.000142211
1.72926e-16
-2.09437e-5
-4.43711e-6
1.47575e-5
-1.05088e-15
-3.50649e-6
4.29473e-7
7.25756e-7
-1.32757e-7
-2.02678e-15
6.20228e-14
5.22824e-15
-5.08763e-15
3.15921e-8
-1.38759e-8
-5.57367e-9
2.54808e-9
8.03996e-13
1.11733e-13
-1.70485e-12
5.88048e-13
-3.7499e-10
5.84738e-11
1.81727e-10
-1.07176e-10
1.74713e-10
-4.57002e-10
-1.02872e-10
3.09224e-11
-9.59326e-10
5.36044e-9
-4.44617e-9
8.46429e-9
-1.09945e-8
-1.32445e-8
2.40852e-8
1.49943e-8
-2.48829e-8
-1.49156e-8
2.29945e-8
1.15365e-8
-1.7046e-8
-5.63685e-9
8.85154e-9
-3.46015e-9
2.61709e-9
-1.71435e-9
1.30859e-17
2.56127e-18
7.43164e-18
8.50504e-18
1.34056e-16
-7.40551e-18
1.17452e-17
1.0022e-17
-6.78953e-18
2.88972e-17
-1.7902e-17
6.7628e-17
8.18481e-17
1.3396e-17
-1.62046e-17
9.45987e-19
-3.21779e-17
-4.67562e-17
-1.87962e-17
1.08943e-17
-1.18091e-17
5.7591e-18
-2.3397e-17
-2.75321e-19
3.55103e-17
-9.3135e-18
1.25882e-17
-4.78364e-18
3.51984e-17
-3.20407e-17
-2.79437e-18
-3.56402e-16
-3.47624e-18
5.5411e-18
-2.42704e-18
-2.19262e-18
-1.75674e-17
1.80437e-16
-1.9321e-15
7.65895e-15
-6.99998e-18
-4.19852e-20
1.27389e-17
-4.42985e-15
8.33307e-15
-1.12962e-14
2.39506e-17
-5.98302e-17
1.10386e-17
3.72544e-15
-4.39418e-15
-2.49928e-16
1.43782e-17
1.46402e-17
1.49628e-17
3.9791e-15
-5.96695e-15
1.28733e-14
-1.84095e-13
-1.9728e-17
1.54902e-17
5.31951e-14
1.26026e-14
-7.04806e-18
2.83316e-18
1.51048e-12
-2.83829e-12
1.56435e-17
-1.57227e-17
-2.61689e-13
-1.91321e-12
-4.47558e-18
6.92897e-19
-7.40978e-12
-6.76027e-11
3.90221e-10
-2.24428e-17
-6.90757e-17
-1.66355e-10
-3.39122e-17
2.15942e-17
5.20218e-11
-1.13505e-10
-3.96382e-17
9.31313e-18
4.91341e-10
-1.3321e-9
2.4788e-16
3.15433e-9
-8.79289e-9
-1.77133e-9
9.8368e-8
-4.5496e-7
-3.71906e-7
3.77105e-7
-1.60801e-7
5.14572e-7
-1.66654e-6
-3.13327e-14
-2.34407e-14
2.29095e-14
2.27985e-14
3.71815e-14
2.82497e-14
4.75587e-7
-8.74626e-7
3.34027e-6
1.14456e-6
-6.00422e-6
-3.4405e-15
-7.73807e-15
8.41929e-15
1.5868e-14
1.18539e-5
-3.75865e-5
-4.40385e-6
-3.65697e-6
-2.56505e-16
8.9218e-17
1.66475e-16
-6.90225e-16
2.97946e-5
-3.05267e-5
-6.92434e-6
-4.97798e-16
2.93447e-16
-1.69787e-16
8.50005e-5
-7.14781e-5
6.00953e-5
-1.92776e-15
2.21928e-15
-1.23876e-15
2.97735e-5
-3.06136e-5
3.95545e-5
-5.22249e-15
9.14369e-15
-5.59942e-15
-5.71724e-6
-9.34967e-7
1.08597e-6
-1.41825e-6
3.02751e-14
-2.38448e-14
-2.2673e-7
-8.41079e-10
6.20354e-8
-1.01705e-8
-2.39573e-13
7.91559e-13
1.63395e-13
-9.63873e-14
4.01174e-9
1.53122e-9
-1.42962e-9
9.43965e-10
-7.10342e-12
4.05695e-11
-9.6462e-12
4.27561e-12
1.42381e-10
-3.48212e-10
2.17579e-10
-2.28242e-10
-1.80312e-10
3.01141e-9
-1.68086e-9
2.39606e-9
7.88941e-10
-5.41559e-10
1.10712e-9
2.66362e-10
-4.31799e-9
7.23566e-9
-8.96355e-9
9.53662e-9
-8.26663e-9
5.72025e-9
-1.00045e-16
3.3994e-17
4.1403e-17
-8.69747e-18
-8.84564e-19
3.83577e-18
-7.37713e-17
5.40449e-17
4.06933e-17
-3.24794e-17
1.09443e-16
-5.01037e-17
9.47698e-17
-4.34924e-17
-1.91036e-17
1.15841e-17
-6.84696e-18
5.10748e-17
9.13147e-18
8.16086e-18
-2.84336e-17
3.93616e-17
4.3126e-17
-3.49429e-18
-2.08856e-17
-3.57126e-17
-1.12107e-17
-6.25737e-17
5.19277e-17
2.22243e-17
-1.37097e-18
-6.08104e-17
-1.27483e-17
1.75019e-17
2.79299e-17
-2.00271e-17
-1.7021e-17
1.33452e-17
5.99091e-18
-2.09201e-17
-4.79105e-16
1.85577e-15
1.36899e-17
-3.91835e-18
-7.91533e-18
-1.01108e-15
1.99645e-15
-2.9541e-15
4.8288e-17
-1.68122e-17
-2.48543e-17
9.99929e-16
-1.14235e-15
-5.09062e-16
2.28271e-17
1.78358e-17
-1.09706e-17
1.11389e-15
1.26168e-15
-1.35004e-14
1.3566e-17
3.18334e-18
-3.2192e-17
1.46821e-14
8.96474e-14
-1.58446e-13
3.02161e-13
-5.22704e-13
-4.94656e-18
9.16285e-18
2.78602e-18
-1.64208e-13
-1.6825e-12
2.23904e-12
-2.9451e-12
1.31832e-11
5.97878e-18
1.41971e-17
-3.41586e-12
4.9192e-17
-1.57336e-17
-6.69308e-13
-8.56267e-12
-2.80029e-18
1.61165e-17
1.3135e-11
-3.00149e-11
1.74671e-10
1.15677e-17
-3.12269e-16
6.17405e-11
-5.21363e-10
-1.16348e-15
1.18816e-15
5.88293e-11
9.12856e-10
-5.01686e-15
4.36774e-15
-1.69414e-9
4.87896e-9
1.36788e-14
-1.11464e-14
4.64797e-9
-2.74161e-8
-2.59052e-14
2.02069e-14
7.2327e-9
3.25196e-8
3.51358e-14
-2.71485e-14
-6.45847e-8
1.96692e-7
-4.0273e-14
5.27151e-8
8.17982e-8
-1.7884e-7
1.52285e-8
-5.39955e-8
2.4446e-7
2.99099e-14
4.01826e-14
-2.76977e-14
-1.7032e-14
-4.63008e-14
-4.91141e-14
-1.09685e-8
-3.07063e-7
-1.68524e-7
9.94538e-7
-2.46666e-6
-1.32268e-6
-1.45318e-16
3.05703e-15
-7.36387e-15
2.05537e-6
-1.99261e-6
-3.32018e-6
-4.10838e-16
7.84793e-16
-3.41021e-16
1.10011e-5
-9.58358e-6
-3.41351e-6
-2.31461e-15
5.78356e-15
-3.75979e-15
2.52615e-5
-2.07891e-5
1.81428e-5
-8.18389e-15
2.19613e-14
-1.5988e-14
7.49873e-6
-7.25306e-6
1.0399e-5
-2.05532e-14
8.22469e-14
-5.92601e-14
-1.02509e-6
1.74843e-8
6.61468e-8
6.64801e-8
2.93657e-13
-2.3056e-13
1.98891e-8
-4.94694e-8
-3.34137e-8
1.08887e-8
-5.94189e-9
-2.89603e-9
-1.8711e-12
1.68213e-12
-1.06547e-12
-2.08926e-9
2.76954e-9
1.8853e-10
-2.74296e-10
1.2215e-10
-4.73654e-10
1.15642e-10
-2.32626e-11
7.23946e-11
-9.11617e-12
-8.99372e-11
9.39938e-12
-2.59545e-9
2.26457e-9
-5.34211e-10
2.59732e-9
-8.12638e-10
-3.12288e-9
8.6811e-10
4.00885e-9
-3.14332e-10
-4.65688e-9
-7.31018e-10
4.5978e-9
1.14891e-9
-3.66482e-9
-1.01039e-9
-6.42412e-20
-1.6508e-16
7.62947e-17
3.71615e-17
-1.68371e-17
-2.75387e-17
-1.63119e-17
-4.86166e-17
4.79536e-17
4.74286e-17
-1.27983e-17
3.49352e-18
-4.90587e-17
1.39401e-16
-4.2742e-17
2.74513e-17
-9.38941e-18
4.38043e-18
3.80038e-17
6.37764e-17
-2.22547e-17
-3.28637e-17
-2.25133e-17
1.0151e-17
-1.39662e-17
2.69629e-17
-2.31957e-18
-1.57972e-17
2.19446e-17
2.64815e-17
2.10697e-18
-3.50709e-18
-1.39085e-17
-9.31492e-18
-2.05454e-17
-2.05069e-18
4.60225e-16
4.29879e-17
4.25468e-18
-7.88454e-18
1.2625e-17
1.44592e-17
-7.11277e-18
-3.03284e-16
5.35985e-16
-7.94461e-16
1.91494e-17
-2.33732e-17
-2.40315e-17
1.60355e-16
-2.70887e-16
-9.69472e-17
1.81304e-17
3.57139e-18
-7.10333e-18
1.37899e-17
2.60119e-16
-4.58113e-15
-3.6231e-17
3.39076e-17
1.87539e-17
4.53357e-15
3.6721e-14
-7.58273e-14
9.1044e-14
-1.05334e-13
-1.24702e-17
-3.32996e-17
-3.04931e-18
-3.13975e-17
-4.50022e-18
-5.63193e-14
-8.37703e-13
1.3012e-12
-1.28465e-12
2.22849e-12
1.29568e-17
-1.10822e-17
-3.46757e-17
-9.59023e-18
3.44879e-17
-9.64578e-14
-1.33999e-12
4.03868e-12
-1.20368e-12
1.29113e-12
-9.14736e-17
1.71573e-17
5.85506e-12
-1.43241e-12
2.65046e-16
-2.39732e-16
-5.28518e-11
1.74486e-15
-8.9775e-16
2.77702e-12
6.31365e-11
-1.17502e-10
4.02844e-10
-6.60511e-15
9.44157e-15
-4.67022e-15
5.28778e-15
-5.08007e-11
-4.5622e-10
1.33312e-14
-1.58391e-14
-1.40999e-14
9.89745e-10
-2.9906e-9
-2.18536e-14
2.62196e-14
2.89962e-14
-2.57112e-9
1.03249e-8
4.08943e-14
-2.91605e-14
-3.90161e-14
1.33556e-9
-7.03838e-9
1.12245e-8
-5.26506e-14
4.90214e-14
9.78118e-9
-3.52006e-8
5.60461e-14
-1.30534e-8
-3.83365e-9
1.22245e-8
-4.25078e-8
7.90455e-8
8.78674e-8
-4.43561e-15
-2.68177e-14
1.3219e-14
3.67164e-15
4.71879e-14
4.37712e-8
-7.83347e-8
2.83039e-7
-5.24218e-7
-2.48493e-7
1.97103e-16
4.20424e-16
-8.27837e-16
5.79093e-16
-2.52571e-15
7.41063e-7
-6.11425e-7
-1.25971e-6
9.44074e-16
4.28711e-15
-2.91069e-15
3.3242e-6
-2.50364e-6
-9.79463e-7
2.25872e-16
2.29167e-14
-1.47673e-14
7.15706e-6
-4.97845e-6
5.35151e-6
-1.52611e-14
1.0041e-13
-6.96351e-14
1.59252e-6
-1.5791e-6
1.91479e-6
-1.80096e-13
4.51041e-13
-2.8433e-13
-7.33558e-7
1.78469e-7
6.33478e-8
3.15574e-9
-1.58002e-8
1.03563e-12
-5.9729e-12
3.84308e-12
-1.1879e-12
2.37642e-12
4.88064e-9
-2.55991e-9
2.75444e-9
-2.37971e-9
1.27009e-9
-1.96669e-10
7.70612e-11
-7.58803e-11
2.24464e-11
-3.19558e-11
1.3267e-9
-1.70957e-9
1.04248e-9
-1.62858e-9
-2.3171e-9
7.35304e-9
-1.16056e-8
5.84324e-9
1.12844e-8
-6.00634e-9
-1.13253e-8
4.58931e-9
5.37288e-9
-2.75722e-9
1.54953e-9
-1.85726e-9
9.97414e-10
9.52942e-10
-3.67699e-10
-3.33251e-10
-8.47614e-17
-1.2939e-16
4.37618e-17
-2.6357e-18
5.45766e-17
8.43259e-18
1.47469e-17
-2.9551e-18
-2.23956e-17
4.43754e-17
-1.52297e-17
1.91297e-18
4.67604e-17
-2.16778e-17
4.21504e-17
-4.32971e-17
-3.72339e-17
-1.71017e-17
1.4204e-17
-2.26183e-17
3.70355e-17
5.68491e-19
-1.32115e-17
6.89617e-17
-1.90978e-17
-2.54624e-17
1.59983e-17
4.50788e-18
2.32534e-17
8.57812e-18
-7.32806e-19
1.85075e-17
-1.26835e-17
5.89451e-17
-1.13305e-16
5.27254e-17
-6.33432e-17
2.15825e-17
1.39177e-17
-1.49234e-17
-2.4643e-17
5.39919e-18
1.45523e-17
1.18726e-16
2.94467e-18
-2.61437e-17
-2.15979e-17
-2.84456e-16
7.24434e-16
-1.50462e-16
-2.66876e-17
1.91988e-17
3.80175e-17
-3.04881e-15
1.03095e-14
-2.70018e-14
3.11726e-14
-3.41511e-14
5.98644e-18
-3.81518e-17
2.95009e-17
-1.14994e-17
-7.92658e-18
-1.09367e-14
-3.43157e-13
5.93505e-13
-5.78993e-13
9.52437e-13
-1.08434e-17
4.77799e-17
-2.50537e-17
5.80701e-17
-3.07334e-17
-5.23537e-14
-2.265e-13
7.02844e-13
-4.0763e-13
9.30891e-13
1.24298e-16
-5.99233e-17
1.39949e-16
-5.97485e-17
1.02743e-12
-3.58566e-12
-3.16644e-16
-1.47255e-16
6.25056e-16
9.52644e-13
1.94989e-11
-4.26205e-11
1.52846e-11
4.11559e-15
5.72034e-11
-2.83598e-10
6.39759e-10
-5.13135e-10
9.48326e-11
-2.15685e-10
-1.06471e-10
-2.59091e-10
1.26104e-9
-2.49862e-14
-3.08481e-14
4.94692e-14
3.25928e-14
3.76451e-14
-5.15901e-14
-7.10468e-11
-2.76659e-14
-2.95814e-9
5.2558e-10
2.39051e-9
-1.34554e-8
-2.15066e-9
-2.47102e-15
-3.10529e-15
1.12007e-14
2.15282e-15
1.22359e-14
2.52544e-8
-2.24767e-8
1.00016e-7
-2.0754e-7
-7.00042e-8
-1.01136e-15
-1.18382e-16
1.58055e-16
3.43403e-15
-2.8485e-16
1.74693e-7
-1.05105e-7
-1.88541e-7
1.94262e-14
-3.1192e-16
-7.13466e-16
4.24166e-7
-2.91448e-7
-2.41623e-7
7.62142e-14
2.74148e-15
-7.60684e-15
1.093e-6
-8.74018e-7
1.29062e-6
2.10164e-13
4.17647e-14
-5.2829e-14
-3.47836e-7
3.96391e-7
-4.904e-8
8.3655e-8
-1.14598e-7
-1.68214e-12
-2.75632e-12
2.1448e-12
-1.98871e-13
5.70338e-13
4.75798e-8
-1.38581e-8
-1.76323e-9
-5.49873e-9
4.08441e-9
3.51159e-11
8.30454e-11
-5.84322e-11
1.02979e-11
-2.39787e-11
-3.49133e-9
1.69089e-9
1.24772e-9
4.20547e-10
-1.59602e-9
8.23162e-9
-7.62296e-9
-2.07133e-10
2.21698e-9
-2.49737e-9
1.15205e-9
-1.39822e-9
-3.05743e-10
5.18841e-10
1.04432e-8
-1.27817e-8
1.11101e-8
-5.53383e-9
3.78027e-17
6.97294e-18
-9.51076e-18
7.03397e-18
-2.42652e-17
-1.98396e-17
-3.6705e-17
6.21162e-17
-1.878e-17
1.19154e-17
7.20857e-18
-2.96907e-17
2.32296e-17
1.96004e-17
5.54643e-18
-8.60778e-18
-4.53113e-17
-4.41109e-17
-8.56957e-18
-3.72591e-17
-1.27395e-17
-1.6899e-17
1.77823e-18
-9.35409e-18
1.25278e-17
8.79252e-18
-1.71127e-17
5.50582e-17
-2.76473e-18
-2.01071e-17
2.48082e-17
8.0247e-19
-3.93912e-18
6.29071e-18
1.44009e-17
-2.4291e-17
3.17201e-17
-5.24578e-18
2.96086e-17
3.04513e-17
3.96821e-17
-2.63011e-18
-1.38227e-17
1.24604e-17
7.2736e-18
-3.08723e-18
-2.33648e-17
1.30034e-16
-3.01329e-17
7.52655e-18
2.13308e-17
-2.71886e-16
1.14325e-15
-1.06476e-14
3.47047e-17
-6.37506e-17
3.714e-17
-5.94472e-17
-7.2327e-18
1.44163e-14
-5.27856e-14
1.90761e-13
-1.81868e-13
3.9073e-13
-3.94051e-17
3.39368e-17
-4.39555e-17
4.14561e-17
1.74232e-17
3.34085e-14
-3.58394e-14
1.39309e-13
-9.86834e-14
2.45037e-13
-1.46313e-17
1.04494e-16
-1.35701e-16
1.20275e-16
2.51657e-13
-8.25667e-13
-3.37576e-16
4.42246e-16
-3.16834e-16
-3.62694e-13
3.12205e-12
-1.02946e-11
5.71988e-12
-2.21653e-11
-4.65265e-15
4.14952e-15
-7.69766e-15
6.85008e-15
-3.82239e-12
5.07682e-11
-1.19398e-14
1.52571e-14
-2.52612e-11
-4.07861e-12
1.90185e-14
-2.57654e-14
1.44462e-10
-2.38708e-14
-5.83104e-11
-5.34152e-15
1.7555e-11
1.30687e-11
-1.74778e-10
5.67357e-10
-6.46462e-15
-6.4253e-15
2.02737e-14
9.95473e-15
1.51931e-14
-1.36868e-14
4.9915e-10
-6.23988e-15
-6.4161e-11
-4.45856e-10
2.35832e-9
-6.09257e-9
-2.83346e-9
-4.32252e-16
1.27166e-16
1.88588e-15
1.51628e-16
1.79936e-15
5.61198e-9
-3.41832e-9
1.72218e-8
-6.95766e-8
2.1606e-8
-4.69905e-16
-2.50993e-17
3.95567e-16
1.09819e-15
6.74893e-17
-9.93913e-8
1.23577e-7
1.17043e-14
-9.37358e-17
6.90287e-17
-2.84636e-7
1.91439e-7
1.48158e-13
-1.27319e-14
3.88069e-15
-3.14612e-9
2.06361e-7
-4.22048e-8
4.42703e-8
-6.23187e-8
-4.12837e-12
5.771e-13
-1.41685e-13
8.3876e-14
-5.43363e-13
1.74998e-8
-2.83465e-8
1.77129e-8
-2.01618e-8
1.49833e-8
5.89627e-11
8.09789e-12
-4.72748e-12
-3.23684e-13
6.0115e-12
-1.01495e-8
4.62375e-9
4.64187e-9
-8.40342e-10
-4.33114e-10
8.25866e-9
-7.63542e-9
2.17942e-9
1.38863e-9
-1.0693e-9
3.68099e-10
-6.6472e-10
-5.53577e-11
1.16601e-10
1.15338e-8
-1.11935e-8
-1.21295e-8
1.28955e-8
1.00105e-8
-1.26016e-8
-4.87529e-9
4.8742e-9
3.2315e-17
-5.20512e-18
-3.22763e-17
1.66166e-17
5.85976e-17
-3.87695e-17
-2.83084e-17
6.79063e-18
9.23568e-19
-1.26885e-17
-3.46456e-18
2.88393e-18
1.15053e-17
2.4096e-17
5.82168e-18
1.72955e-17
-6.32525e-17
-3.35093e-17
5.73157e-17
-3.00826e-17
2.54143e-17
-3.89188e-17
-7.4643e-18
-2.34499e-17
-1.81437e-17
4.1704e-17
-4.5653e-17
1.60213e-17
-3.24309e-17
8.52031e-17
-5.18255e-17
2.35771e-17
-1.00641e-17
-4.24824e-17
1.60588e-17
-5.73839e-17
-1.63966e-17
4.15311e-17
-1.37931e-16
-2.10823e-17
-3.52207e-17
6.63101e-18
-3.24816e-18
-1.68123e-17
3.44993e-17
7.69041e-16
-3.27481e-15
8.77045e-17
-2.75905e-16
-4.24974e-18
-1.57999e-17
2.56925e-17
4.89663e-17
9.00731e-16
-2.59231e-15
-3.54796e-18
7.66606e-18
-5.51684e-18
5.58069e-15
-6.74058e-15
3.70815e-14
-3.1604e-17
1.41894e-17
-1.79728e-17
2.14661e-17
-5.57224e-15
3.2809e-17
-5.70899e-15
1.741e-14
-1.82527e-14
-2.14387e-16
1.93019e-16
-2.74913e-16
1.96085e-16
-2.743e-14
3.36469e-14
-6.15421e-17
4.01036e-16
2.25818e-13
-5.57409e-16
-9.35358e-13
4.0427e-13
-1.59855e-12
-3.64615e-15
2.47883e-15
-4.89101e-15
4.04338e-15
-8.9857e-13
6.77747e-12
-5.79766e-15
8.25975e-15
-1.04758e-12
-9.26388e-12
7.50563e-15
-1.2355e-14
1.36964e-11
-9.19714e-15
-2.75905e-12
1.78761e-11
-3.27704e-12
-2.86074e-12
-1.19849e-11
-1.40257e-15
-3.50917e-16
4.36783e-15
1.97015e-15
5.32726e-15
-3.0093e-15
3.53777e-11
-7.60244e-16
1.12062e-10
-1.27958e-9
3.21004e-10
-1.08352e-9
-1.05655e-16
1.71051e-16
5.77133e-17
2.78163e-18
1.46076e-16
4.03365e-9
-1.27733e-8
-5.83696e-9
2.97952e-8
-1.14441e-16
-1.42016e-17
1.1061e-16
-2.9207e-17
7.30098e-9
-3.70942e-8
-1.01987e-8
6.16229e-8
-1.14896e-15
5.67967e-16
-2.11495e-15
-1.02746e-16
5.25038e-9
-3.66488e-8
-4.7477e-9
1.25296e-8
-7.22384e-15
5.92128e-15
-3.34514e-14
-7.14741e-16
1.29162e-8
-1.57734e-8
-1.87606e-13
2.15676e-14
-1.1179e-14
1.43127e-8
-2.30827e-8
-1.33707e-8
1.4629e-8
1.80655e-11
-2.02255e-12
2.54672e-12
-8.08693e-13
1.61991e-12
-1.23491e-8
1.36607e-8
6.64642e-9
-7.26063e-9
9.06159e-10
-5.08055e-9
2.1396e-9
-1.45062e-10
-3.989e-10
1.85288e-10
-6.93074e-11
-7.30679e-12
-3.89481e-11
9.28419e-9
-1.15682e-8
-1.08569e-8
1.22334e-8
1.18943e-8
-9.42152e-9
-8.06584e-9
4.90691e-9
9.23902e-18
-1.75119e-19
-2.24942e-18
-5.45918e-18
3.6043e-17
-4.39328e-17
3.56376e-18
-4.82139e-18
3.49063e-19
1.15321e-17
-6.13728e-18
-3.07481e-18
-1.60736e-17
2.01589e-17
3.59342e-17
-2.52785e-17
5.0796e-17
8.17965e-18
-9.57139e-18
-3.52708e-19
1.18588e-18
-9.01368e-18
-3.69014e-18
2.47794e-17
-9.6698e-18
2.12597e-18
-1.06759e-17
-8.79815e-18
-4.24147e-17
-5.20859e-18
3.75128e-17
6.54344e-18
-2.7506e-17
2.65797e-17
-1.76518e-17
2.12002e-17
8.73364e-18
-8.09277e-18
-1.01877e-17
-1.30808e-17
-4.2635e-19
-6.93671e-18
-1.05482e-17
7.62136e-17
2.62754e-17
-2.74291e-20
3.15388e-18
9.28104e-18
-9.80678e-18
-6.80386e-18
-1.65842e-16
3.8623e-16
9.75774e-18
-3.22158e-19
-1.53512e-17
2.1313e-17
-6.27273e-18
2.08742e-17
-7.87949e-16
1.18922e-15
-3.53049e-17
2.28127e-17
-8.79953e-18
1.63384e-19
3.72649e-17
6.11064e-17
1.0684e-16
-4.4947e-16
4.76846e-16
-3.30996e-17
7.40351e-17
-1.13631e-16
1.04927e-16
1.36716e-15
2.73968e-15
1.52246e-16
-8.75295e-17
-1.27839e-16
-2.02599e-15
5.50803e-15
-2.43447e-14
5.95541e-17
3.10756e-17
1.80385e-16
-7.60603e-17
1.39449e-15
-9.62881e-15
2.91736e-16
-8.67701e-16
-2.02278e-14
2.2511e-14
-1.26349e-13
-5.5997e-16
9.05155e-16
-2.16614e-15
6.2849e-13
1.3157e-14
1.60162e-13
8.24252e-16
-1.84623e-15
3.78774e-15
-2.26621e-12
-1.29415e-13
7.24832e-13
-8.28388e-16
2.62345e-15
-6.0404e-15
-1.09146e-13
6.11922e-13
2.95646e-16
-1.25082e-15
-6.14527e-13
2.87754e-12
-9.63158e-16
1.5345e-15
-1.07752e-12
-7.54729e-12
3.8169e-16
-1.25191e-15
7.34323e-12
6.01726e-12
-1.32179e-10
1.47892e-11
4.88234e-11
3.84694e-10
1.00464e-16
-9.39566e-17
-8.59665e-17
-1.05747e-16
-5.84576e-17
1.65239e-16
-9.19196e-10
-1.7785e-11
8.55711e-10
7.02569e-11
-9.72482e-10
6.12285e-17
2.65647e-17
1.14343e-17
5.99247e-17
-1.42951e-10
1.25707e-9
2.20912e-10
-7.24053e-10
3.60867e-16
-4.8706e-17
1.96103e-16
-4.6853e-17
-7.45918e-10
1.84463e-9
1.57111e-9
-4.36919e-9
8.94061e-15
-1.4665e-15
7.62483e-16
-3.87783e-17
-2.44841e-9
6.01189e-9
3.68568e-9
-7.40343e-9
2.04666e-13
-4.58415e-14
1.01678e-13
3.86857e-15
-5.26011e-9
8.76416e-9
5.89524e-9
-9.69734e-9
-5.30308e-9
8.69225e-9
1.08653e-11
-5.41105e-13
-4.86942e-12
5.95816e-13
-4.49731e-14
-5.28154e-13
3.4185e-9
-5.12884e-9
-5.89725e-10
2.1433e-10
-1.56506e-9
3.11544e-9
-4.77491e-9
2.14603e-9
-3.83477e-9
6.58698e-9
-1.4385e-9
2.91863e-9
-6.45528e-9
3.85332e-10
-6.67072e-10
2.36281e-9
-1.78845e-10
2.9746e-10
-1.4306e-12
-6.0607e-11
6.57587e-18
-1.07269e-17
4.55956e-19
4.05212e-19
-9.15095e-19
1.40606e-18
1.38261e-17
2.15917e-17
2.11181e-17
-5.13436e-17
-1.02867e-17
5.65071e-17
-1.4528e-17
7.46613e-18
2.96458e-17
-4.89513e-18
7.84825e-18
2.11852e-17
-3.35499e-17
-1.36051e-17
4.55428e-18
-5.29565e-18
1.62854e-17
2.27645e-18
8.03327e-18
1.14766e-17
-3.44844e-17
9.82137e-17
-9.39522e-17
7.41865e-18
3.31647e-17
-3.2418e-17
2.51243e-17
5.253e-18
2.11022e-17
3.187e-17
-2.88955e-17
-9.36672e-17
4.99037e-18
-2.60106e-17
2.29315e-17
1.4125e-18
4.88825e-17
-4.42849e-18
-6.36436e-17
-1.01764e-16
2.61328e-17
7.49883e-18
2.65278e-17
1.75465e-18
4.57252e-17
3.1861e-16
-1.588e-16
1.67388e-16
5.92151e-17
1.47361e-17
-6.56864e-17
-6.06385e-17
-3.19454e-16
2.1412e-16
-4.33959e-16
6.3398e-17
-2.89721e-17
3.04505e-17
-1.64307e-19
7.52739e-16
-6.99598e-16
1.38845e-16
-1.37174e-16
-6.48343e-17
-3.63561e-16
6.18075e-16
-2.96546e-15
2.60797e-16
-3.85585e-16
3.85531e-18
-3.99527e-16
1.60018e-15
-8.39354e-15
5.40377e-16
4.74531e-17
1.90179e-15
1.32077e-14
-6.17071e-16
-5.76288e-17
-1.4451e-14
4.67079e-14
6.6525e-16
1.31214e-17
1.03396e-14
-4.99439e-14
-3.99269e-16
-1.57191e-18
-4.33967e-16
7.01957e-13
1.29095e-16
3.8499e-16
-1.18096e-12
2.09641e-13
6.55959e-13
-2.51458e-13
7.13893e-13
-1.43622e-11
-1.71489e-16
-3.15386e-17
6.23839e-17
1.92469e-18
-5.28494e-16
-1.02009e-16
8.54033e-12
2.30429e-12
-1.89887e-11
-1.40917e-11
4.2345e-11
2.42446e-16
1.76087e-17
-3.59952e-17
2.19954e-16
4.11657e-11
-1.06308e-10
-9.99288e-11
2.90369e-10
1.2724e-16
2.03997e-16
-6.78852e-17
-8.02901e-16
2.07459e-10
-5.9378e-10
-3.86546e-10
1.06577e-9
-8.30081e-15
2.42222e-15
-9.10247e-16
-3.10546e-15
6.98974e-10
-1.64258e-9
-1.20395e-9
3.10254e-9
-1.06835e-13
3.50757e-14
-1.08385e-14
1.3131e-14
1.39435e-9
-3.44896e-9
-8.94704e-10
2.76365e-9
5.94286e-10
-1.84436e-9
2.05858e-13
-2.43509e-12
-1.79808e-12
-2.65334e-13
4.97078e-13
1.94813e-13
-2.4764e-10
4.77194e-10
-3.33816e-10
7.29478e-10
5.13813e-10
-1.0865e-9
-3.39909e-10
7.1899e-10
1.33464e-10
-2.31402e-10
-5.60603e-11
1.00738e-10
3.21944e-17
-5.25951e-18
1.83557e-17
1.10298e-17
1.14351e-17
-4.14012e-18
-5.98115e-17
-1.68593e-17
3.05114e-17
-3.85512e-17
2.76059e-17
-4.3148e-18
-2.9471e-17
-1.1654e-17
-3.80731e-17
-3.63094e-17
3.61898e-17
2.12184e-16
1.66761e-16
-2.25636e-16
4.7089e-17
2.70263e-16
-8.63319e-16
9.90667e-17
-1.00596e-16
1.76996e-16
2.62713e-17
2.75163e-17
4.24818e-17
8.19809e-17
-3.52307e-17
9.4448e-18
5.33436e-16
2.90106e-16
1.27252e-15
-1.37337e-15
2.73452e-15
-5.80973e-17
-6.23633e-17
8.15882e-17
-8.33891e-17
5.81753e-18
5.35484e-16
3.41417e-16
-2.39228e-15
2.93957e-15
1.10051e-16
-1.4981e-16
-6.0008e-17
3.3099e-17
-1.24081e-16
-1.97734e-15
1.75054e-15
-3.28914e-16
6.76553e-17
6.26123e-17
1.30717e-17
-1.50756e-16
-1.47713e-16
5.78495e-17
-9.47846e-17
-1.08246e-15
5.52832e-16
7.72112e-16
-3.15815e-16
2.30508e-16
2.35888e-16
-5.47757e-17
-1.58909e-15
1.50603e-15
-1.63251e-15
2.95358e-15
8.7427e-16
-3.56287e-16
6.22009e-16
8.78165e-19
-4.19419e-15
2.28423e-15
-1.22624e-15
-1.3527e-15
-1.04086e-15
2.79693e-15
5.35813e-15
-2.74196e-15
1.44562e-15
1.67979e-14
-1.29804e-15
-2.81707e-14
-7.19853e-15
3.05834e-15
-1.53122e-15
-6.10276e-14
4.30626e-14
1.27044e-13
2.49117e-15
-1.37461e-15
1.03307e-15
-2.61934e-13
-2.46788e-13
-2.4182e-15
9.08046e-16
8.08175e-13
-1.07642e-16
-6.39729e-14
5.87107e-13
-2.94764e-12
-1.78748e-12
5.9989e-12
7.4735e-12
-5.02645e-15
3.53981e-15
-6.98846e-16
6.58357e-15
5.98036e-15
-7.33519e-16
-1.71942e-11
-1.29973e-11
3.1363e-11
3.26159e-11
-7.80076e-11
1.11108e-14
-2.27459e-15
-7.13338e-16
-2.43934e-14
-5.7493e-11
1.29584e-10
1.09074e-10
-2.6276e-10
7.21211e-16
1.04389e-14
-2.37688e-15
-5.27748e-14
-1.46285e-10
3.63543e-10
-4.00943e-10
1.14213e-10
-3.34668e-10
-1.20576e-10
3.4495e-10
-4.03632e-13
3.96699e-14
1.60917e-13
5.64381e-14
-3.15143e-14
-1.51914e-14
-1.23569e-13
7.57519e-11
-1.52485e-10
1.38669e-10
1.38571e-11
-4.18418e-11
1.43988e-10
-4.81514e-11
1.01625e-10
-2.30875e-10
4.80451e-11
-6.95297e-11
1.49054e-10
-1.4299e-11
2.22214e-11
-5.65835e-11
3.07009e-12
-2.81693e-12
1.75205e-11
-4.15525e-16
-1.77716e-16
4.33434e-16
-6.61893e-16
1.89165e-16
-1.25386e-16
-3.5762e-15
2.84838e-15
3.72094e-16
4.10573e-15
-3.56667e-15
-1.00522e-15
1.91051e-15
-3.93909e-16
1.05317e-15
1.09908e-16
1.15657e-16
-8.70148e-15
-1.83515e-15
-1.09297e-14
1.29736e-14
4.66383e-15
9.86159e-15
-1.03784e-14
9.58606e-15
-3.37818e-15
-2.40381e-15
2.15843e-15
-2.7812e-15
-3.54793e-16
2.46071e-16
1.17101e-16
-4.05616e-15
-8.33395e-15
-7.68046e-15
1.47306e-14
-2.35942e-14
2.57941e-14
-2.86454e-14
6.31588e-15
-1.48355e-14
2.4595e-15
-9.85794e-16
4.6083e-17
-1.13825e-15
8.31138e-17
-1.50447e-14
-1.16568e-15
3.84229e-15
3.27923e-14
-3.32933e-14
-1.74384e-15
1.05011e-14
3.82102e-15
5.37078e-15
-1.29951e-15
-1.72626e-15
-5.62731e-15
3.46354e-14
-3.53922e-14
1.23172e-15
-1.14018e-14
1.77057e-14
-7.45318e-15
1.76685e-14
7.94245e-15
-4.16809e-15
1.52342e-14
7.22409e-16
-1.0796e-15
3.10308e-14
-1.42522e-14
-1.42964e-14
7.38556e-15
4.43997e-15
-3.734e-14
3.98558e-14
-5.54969e-15
2.50308e-14
-3.48414e-14
1.9734e-14
-2.66775e-14
-9.39371e-15
-1.39344e-14
-2.00845e-14
2.35999e-14
2.77947e-14
-2.48974e-14
1.70082e-14
9.02011e-15
-4.21476e-14
1.6116e-17
-4.96726e-15
-1.29964e-13
9.23992e-14
1.69993e-13
8.11963e-14
-1.4729e-13
1.79196e-14
-5.30065e-13
5.06817e-14
5.70608e-15
-3.75172e-14
-4.54503e-14
-4.533e-14
5.7644e-14
-2.6624e-14
1.78024e-12
6.28063e-13
-9.54584e-14
4.21554e-14
-6.19352e-13
-2.50448e-13
-1.07023e-12
5.41698e-12
1.36724e-13
1.69749e-12
-1.43354e-13
-5.17772e-14
2.10019e-13
-1.87971e-13
1.74305e-13
5.83595e-14
-2.46159e-12
-9.71238e-13
-3.04095e-12
2.37166e-11
1.58314e-12
1.21936e-12
-3.13057e-13
-1.24381e-13
3.22196e-13
-1.09439e-13
4.26396e-13
5.90003e-14
-1.27576e-11
-3.61226e-12
4.29033e-12
-8.32346e-12
6.32364e-12
-4.45117e-12
-1.98779e-12
-1.04259e-11
1.58575e-11
1.40084e-12
-3.48757e-14
-9.09839e-13
2.51018e-12
-1.80785e-12
1.09911e-12
-2.25013e-13
2.919e-13
-1.46042e-13
-1.97081e-11
1.64705e-11
-2.02802e-11
3.37705e-11
-1.36998e-11
2.13716e-11
-3.84907e-11
-1.36932e-14
1.35136e-14
2.66689e-14
-2.77346e-14
3.88925e-14
-4.1336e-14
4.33168e-14
-2.40202e-14
2.95056e-14
-4.78617e-14
7.22453e-14
-9.58772e-14
1.07144e-13
-1.0367e-13
7.01229e-14
-3.45962e-14
4.38539e-14
-6.6389e-14
1.14286e-13
-1.70347e-13
2.12136e-13
-2.20242e-13
1.88821e-13
-1.35217e-13
7.21204e-14
-3.44678e-14
-6.85361e-14
1.44344e-13
-2.48821e-13
3.50087e-13
-4.01e-13
3.76033e-13
-2.9328e-13
1.89844e-13
-1.05178e-13
5.17791e-14
-6.02736e-14
1.46546e-13
-2.8859e-13
4.77933e-13
-6.27375e-13
6.55653e-13
-5.54244e-13
3.91614e-13
-2.36857e-13
1.33942e-13
-5.97342e-14
5.74995e-14
-2.19213e-13
4.98742e-13
-8.12967e-13
9.96064e-13
-9.56256e-13
7.27496e-13
-4.71399e-13
2.61246e-13
-1.53823e-13
6.61147e-14
3.51346e-13
-7.89309e-13
1.22456e-12
-1.45021e-12
1.31363e-12
-8.98637e-13
5.56801e-13
-2.76645e-13
2.50566e-13
-2.33762e-13
8.77767e-13
-1.71271e-12
2.02498e-12
-1.88683e-12
1.1267e-12
-7.66776e-13
2.60501e-13
-2.60504e-13
2.06592e-12
-3.08731e-12
3.23335e-12
-1.51605e-12
1.49594e-12
-4.61696e-13
-5.59428e-12
2.93057e-12
