0.0060349
-0.0262598
0.0411551
-0.0125616
0.0284999
-0.0370692
0.0471221
-0.0625205
-0.0163169
0.0296905
0.00473234
-0.0302541
-0.0097806
-0.00389554
0.013553
0.00306948
-0.00636757
0.00841972
-0.0511854
0.0230987
0.0144125
0.075874
-0.0217899
0.00800994
-0.0115947
-0.0604337
0.0355246
-0.0330681
0.00922123
0.0333884
-0.00762961
5.88922e-5
-0.0316628
0.00308388
-0.000496576
0.0207321
-0.000864159
0.0011353
0.000298343
-0.0034159
-0.000382767
-0.00611721
-0.00436606
0.0142576
-0.00261536
0.0265434
-0.034504
0.0459004
-0.054614
0.0565031
-0.0099916
-0.0382099
0.0009936
0.0198617
-0.000189565
-0.000892728
-6.59155e-5
-0.0114477
0.0336968
-0.0157639
0.0160873
-0.0473134
0.0231929
0.0376294
-0.0180768
-0.00076229
0.0194298
-0.0410445
0.0583062
-0.0611952
0.0488594
-0.0103916
-0.0261562
0.00456094
0.0146192
0.000298592
-0.00749418
0.000253043
-0.00112923
-0.00430246
-0.0218209
0.028819
-0.0240803
0.00737053
0.0179655
-0.0400839
0.0474108
-0.0379784
0.0218575
-0.00980101
0.00367857
-0.0903963
0.0823712
-0.0177974
0.0825639
-0.0967903
-0.00223458
0.0246324
0.0130439
-0.0393234
0.048688
-0.0383801
0.0134571
0.01154
-0.0240132
0.022809
-0.0154249
0.00424941
0.00732255
-0.00233252
-0.00626587
-0.000856305
0.00197945
3.55025e-5
0.00087644
-0.0688112
0.058816
-0.0288026
-0.0151968
0.0481782
-0.0658038
0.0598344
-0.0367743
0.0114541
0.00427173
-0.00891291
0.00702055
-0.0039653
0.00412706
-0.00185048
-7.00862e-6
0.0269311
0.0118515
0.0187552
-0.0504012
0.0662609
-0.0618635
0.0421675
-0.020477
0.00579076
0.00169231
-0.00484353
0.00551594
-0.00079261
-0.000335149
0.000364307
-0.0206232
0.0141615
0.0108359
-0.00483355
-0.0107704
0.03472
-0.0514231
0.0461767
-0.033285
0.0184498
-0.0092002
0.00224314
-0.00103309
-0.003467
0.00171718
-0.000690619
0.000640193
-0.00250551
0.00540044
-0.017063
0.0270217
-0.0255596
0.0205862
-0.0123741
0.0123792
-0.00449244
0.00369814
-0.00164094
0.000649188
-0.000950555
0.000541447
-5.48236e-5
-0.000700515
0.00895009
-0.0140301
0.0109035
-0.00927286
0.00640523
-0.0133024
0.0096699
-0.00135403
-0.000540141
0.00116877
-0.000596417
0.00074406
0.000157638
-0.00402869
0.00687841
-0.00500843
0.00791379
-0.00561528
0.000743915
0.00242157
-0.00459191
0.000873637
0.000680299
0.0010378
-0.000283056
-0.00337135
0.00244827
-0.0023608
0.00233455
-0.00220417
-0.000162613
0.00227849
-0.000913197
1.45658e-5
-5.68084e-5
-0.00178932
0.00670702
-0.00431549
0.0034977
-0.0194595
0.0136004
-0.0108627
0.00451921
0.0553147
-0.0307611
0.00193657
0.017176
-0.0328386
0.0245941
-0.0140569
0.0239392
-0.0163229
0.0067106
-0.0123014
0.00747585
0.000147925
0.00456486
-0.000763329
-0.00945568
-0.00175864
-0.00224976
0.00879322
0.00294362
-0.00340496
-0.000384628
-0.00345196
0.00105921
0.00753442
0.00562745
-0.0015438
0.000474893
-0.000302484
-0.0132701
-0.000524991
0.000856426
-0.00216383
0.00392401
0.000996935
-0.000438381
-0.00162899
-0.000572919
0.000676129
0.00198101
-0.00796513
0.00196743
0.00710131
-0.000143352
-0.0177564
0.000320464
0.00016638
-0.000105194
-0.000220601
-6.23031e-5
6.50159e-5
0.0011248
-0.00337818
-0.000353028
-0.00106035
0.00538791
-0.000138949
-0.00967264
-4.57216e-5
5.1154e-5
0.000132131
-1.46346e-5
-0.000122494
6.70994e-6
-3.91344e-6
-0.00403638
0.00868388
0.00038658
2.90905e-5
0.00586651
-0.0110617
0.0034382
-0.0159663
0.0296086
-0.000382353
0.000612795
-7.22639e-5
3.28185e-6
9.74075e-5
-7.56844e-6
-4.20956e-6
1.35201e-6
1.18085e-6
0.036388
-0.0898605
0.114941
-0.00032842
9.56777e-5
-9.9381e-6
-0.0127297
0.0406993
-0.0840922
4.39617e-5
-2.58873e-5
-2.19024e-5
-0.00927531
-0.0173069
0.0507967
-2.33129e-5
2.3055e-5
7.12131e-6
0.0276029
-0.00699174
-0.0197663
-0.000106862
1.35818e-5
-9.82983e-6
-0.0269918
0.0150667
-0.00921595
-0.0065267
0.000139892
7.36114e-6
8.51214e-6
8.92057e-8
0.0143331
0.00862839
0.000166278
0.000337458
-0.000105897
-2.67874e-5
-3.02868e-5
-0.0132865
0.00850407
0.00786719
-0.0061931
0.00311104
-0.00031199
0.000252644
-0.000184861
9.04128e-5
-4.59109e-5
7.86174e-5
-0.00243745
-0.00159107
0.000712875
-0.000373294
0.000101186
-0.000189628
3.31244e-5
3.44876e-6
-1.91162e-5
0.00130937
-0.00102559
-0.000175834
-0.000271863
6.31669e-5
-0.00037918
0.000833235
-0.000628358
-0.00014415
3.95814e-5
-3.08105e-5
6.40749e-5
1.92073e-6
-1.48892e-5
6.69069e-5
-8.21966e-5
3.53015e-5
7.21078e-6
5.95248e-5
-8.43171e-5
0.000337006
-5.0184e-5
3.00805e-5
6.84598e-5
0.000109336
8.61611e-5
0.000115975
-4.61358e-5
-4.6482e-6
1.13246e-5
-1.06711e-5
-1.16835e-5
2.3044e-5
-1.50243e-5
6.87923e-7
-9.83404e-5
2.61354e-5
-1.8522e-5
-1.75954e-5
-6.02521e-5
-0.000114351
5.31972e-5
4.96917e-5
3.03412e-6
1.69426e-6
1.09492e-5
2.32172e-5
-7.94861e-6
8.94032e-6
1.09277e-5
2.89023e-5
-0.0077667
0.00977299
0.0109684
-0.00766787
0.00820086
-0.0158843
-0.0103504
0.00491145
-0.00219809
0.00431017
0.0037017
-0.00769279
0.00547114
-0.0154892
0.0195701
-0.0138357
0.0233758
-0.0248008
0.0139692
-0.0226486
0.0217821
0.0151055
-0.0140448
-0.0140072
0.00964747
3.18952e-5
7.29832e-7
9.32795e-5
0.000869108
-0.000920954
-0.000119882
0.000186231
-0.00573627
0.0100738
-0.00571769
-0.00354102
0.0016185
0.00166347
-7.80408e-5
1.53774e-5
-0.000108809
5.57659e-5
4.90254e-6
-0.000525495
-0.000332931
0.000101851
0.000306634
0.000108971
-0.000641475
0.000114284
-1.46766e-5
8.37089e-6
-0.000182943
-2.17394e-5
8.77647e-5
3.79743e-5
-0.000155004
2.64703e-5
-0.00011247
-1.55147e-5
1.4041e-5
-3.59376e-5
-5.04454e-6
1.26763e-5
-0.000582731
0.000479518
1.79482e-5
0.000736425
-0.00172921
1.63e-5
3.20442e-6
-3.89627e-7
-4.67739e-6
2.24628e-6
-8.37423e-7
2.80414e-6
-0.00141595
-7.95559e-7
0.0122756
-0.00466565
-5.87207e-5
-0.0170998
0.00758546
-0.000666256
0.00378963
-6.75482e-7
3.64732e-7
4.88142e-7
3.47082e-7
-7.58735e-7
3.98286e-8
-2.06081e-7
0.0400323
-0.0196478
-0.00344933
5.42958e-6
-1.90276e-6
4.44556e-7
-0.0689556
0.042521
-0.015283
4.00916e-6
-5.3127e-7
4.92179e-7
0.0849892
-0.0599585
0.0319086
-1.22178e-6
-1.01946e-7
6.17639e-8
-0.0790277
0.0610769
-0.035721
3.43711e-6
-5.17932e-7
1.16267e-7
0.0585662
-0.0419356
0.0362528
-1.05804e-6
3.47842e-7
-3.82096e-8
-0.0324304
-0.0207033
1.07455e-6
1.08363e-7
1.14084e-7
0.0264172
-0.0226243
-0.017757
0.0105636
-0.00813441
2.13014e-5
-6.9121e-6
2.92941e-6
-1.13262e-6
0.00608971
0.00272049
9.53278e-6
-1.55301e-6
7.6676e-7
-0.00277423
0.00205852
0.000969042
0.000260445
1.11961e-6
3.28609e-7
-9.17856e-7
-1.32074e-6
-0.000275398
0.000151899
7.39001e-5
1.67742e-5
1.63088e-7
2.903e-6
2.43864e-7
-5.06427e-7
-1.51736e-5
-2.94067e-6
3.77845e-6
7.31835e-6
-2.65023e-6
-2.84876e-5
-3.77152e-7
-7.48856e-6
-5.92368e-7
7.61401e-7
-4.02378e-7
-1.82138e-6
-2.38298e-6
1.08801e-6
-1.00109e-6
-9.87083e-7
-6.00972e-6
-4.44851e-6
1.64605e-6
-3.562e-6
-2.02431e-6
-3.48422e-7
-5.28387e-6
1.20699e-5
1.33025e-6
-9.23107e-7
1.56029e-7
1.98386e-7
-6.7661e-7
3.77598e-7
9.34318e-7
2.22142e-6
6.28315e-7
-5.87651e-8
1.06298e-6
7.0975e-7
2.86075e-6
-5.95946e-7
-5.62958e-6
-1.03001e-7
-1.68717e-7
-5.51688e-7
-6.28476e-7
-5.43467e-8
-1.57456e-7
-3.56284e-7
0.001273
5.9879e-5
-0.00625876
0.0220972
-0.0223728
0.0159395
-0.00544398
0.00490791
0.00185486
-0.00543051
0.00631129
-0.00104837
-0.0163279
0.00697201
0.016551
-0.00279965
-0.0105389
-0.00566085
0.00316754
0.0134286
-0.00033432
-0.00914927
-0.00209692
0.00836774
-4.71956e-5
-7.45961e-5
0.000237165
-0.000350944
9.40369e-5
-0.000340384
0.00324278
-0.00849024
-0.00250088
0.00481485
0.00151383
-0.00213757
1.85507e-6
-1.18125e-5
9.33784e-6
-2.95394e-6
-0.000797263
0.00104806
0.00036803
-0.000476654
6.47967e-6
-3.29474e-5
6.91801e-6
-1.36398e-6
-0.000150297
0.000195335
5.47983e-5
-7.27596e-5
6.85356e-9
-1.15201e-5
3.87501e-6
-1.33878e-6
-1.78253e-5
2.46328e-5
5.00986e-6
-8.59114e-6
0.000204694
-0.000141408
-1.84275e-5
-0.000582068
0.000820496
1.06787e-5
-9.04229e-7
2.8686e-6
-1.00053e-6
4.64792e-7
-9.95869e-7
4.26394e-7
-0.00920627
0.000589137
0.00191032
0.036598
-0.024706
-0.0002173
-1.0882e-7
-2.37514e-7
8.73625e-8
-2.25291e-8
1.00141e-7
-0.0282668
0.0254113
-7.8377e-8
-8.49208e-9
0.0884341
-0.0596817
-1.77406e-7
4.92259e-8
-0.115209
0.093628
-1.01746e-7
5.43969e-8
0.117791
-0.104395
-2.14061e-8
2.24514e-8
-0.0769244
0.0847171
-1.19203e-8
5.83093e-9
0.049056
-0.0592698
2.77498e-8
-1.41956e-8
-0.029397
0.0350497
-1.61681e-7
4.68751e-8
0.0170521
0.0136782
-5.75613e-7
3.91133e-7
-1.89906e-8
-0.00895792
0.00562818
0.00366214
-0.00554225
-4.76133e-8
1.21518e-7
-4.17574e-8
-0.00121585
-0.000648331
3.07032e-7
-6.15005e-9
-1.91972e-8
0.00030515
-0.000105917
-4.22753e-5
-2.22488e-5
-4.7117e-8
1.14503e-7
-1.59496e-8
-6.71207e-8
-6.0225e-6
9.35665e-6
6.35762e-6
3.42977e-6
3.83934e-8
1.67868e-7
5.19011e-9
-3.4817e-9
-2.04764e-6
1.19574e-7
2.03227e-7
7.16758e-7
-1.54679e-7
-2.82587e-7
-3.95504e-8
1.95351e-8
2.18025e-7
-1.54956e-7
-1.65761e-7
-4.3712e-8
1.3621e-7
-9.87485e-7
1.18201e-6
1.00095e-7
6.92876e-8
3.33469e-8
4.44767e-8
2.95696e-8
-3.63176e-8
-2.22569e-9
4.22777e-8
1.12264e-7
2.41328e-7
1.42762e-7
1.46285e-8
9.74609e-8
1.04046e-7
4.54121e-7
5.26849e-8
8.04035e-8
-2.18826e-7
2.71017e-9
-8.47217e-9
-2.2541e-8
-7.1371e-8
-8.12114e-8
-3.22459e-8
-7.2022e-9
-3.51084e-8
-1.62154e-7
-0.00185605
-0.00967218
0.0104337
0.0117695
-0.00847594
0.00563484
-0.0086133
-0.00496143
0.00598194
-0.0034082
0.00150104
-0.00374209
0.00279231
-0.00139679
0.00872583
-0.00208689
-0.00498156
-0.0218092
-0.00887309
0.0238441
0.0161608
-0.000601322
-0.00144424
0.00381574
-0.0143484
0.00767737
-0.00371577
0.0108229
-0.00395408
-0.0187844
0.0269089
0.0142812
-0.0133352
-0.00767285
-0.00855233
-0.00507682
0.00861084
0.00740586
1.31213e-5
7.26338e-5
-0.000145649
0.000366918
-0.000314734
0.000120421
-0.00371522
0.00349494
0.0010659
0.00176114
0.00104325
-0.00172453
-0.000998897
1.11651e-6
-6.93609e-7
-4.04371e-6
1.34787e-5
0.000560454
-0.000836797
-0.000254703
0.000340536
-8.27897e-7
-1.75331e-6
4.72366e-7
3.17531e-7
0.000103569
-0.000142827
-3.46946e-5
3.96592e-5
-4.27787e-6
-1.82432e-6
2.21094e-6
5.41491e-6
1.01153e-5
-1.3682e-5
-1.74156e-6
2.62829e-6
4.02134e-5
-2.20176e-5
-1.51773e-5
-9.68073e-6
-2.85814e-5
2.70799e-5
-2.89612e-7
6.3063e-7
-1.27924e-6
1.81416e-7
3.57322e-7
-1.89881e-7
-1.08759e-7
0.00126446
-0.00185404
0.000543734
-0.0137035
0.0222451
-0.000130495
4.9432e-8
3.23304e-8
1.28218e-7
-4.54e-8
-3.18953e-8
-1.01113e-8
0.0070129
-0.0380486
1.40466e-8
3.82448e-9
0.065448
-1.18654e-9
0.1417
-0.220265
0.0554715
-0.151477
0.271383
-0.0327515
-0.160069
-7.75737e-9
5.41767e-9
-1.84926e-8
-1.29387e-9
-1.66196e-9
7.75978e-10
6.14932e-9
-1.96461e-9
0.132725
-0.176286
0.142719
-1.44486e-8
3.63707e-9
-1.80053e-9
-0.0755411
0.103036
-0.103515
-5.62557e-9
8.74008e-10
-8.74734e-10
0.0244182
-0.0385496
0.0542367
-2.91217e-10
-4.1282e-10
2.42451e-10
-0.0184468
-0.0315432
-2.31165e-9
5.06139e-10
0.018619
-0.0104218
-0.0124787
0.0200077
-1.33437e-8
4.89964e-9
-9.47345e-10
-2.50558e-10
-1.15381e-9
0.0098961
-0.0118942
1.21096e-8
-4.43429e-9
-0.00408532
-0.00208766
-1.33587e-8
4.54502e-9
0.0010014
0.000499495
-9.13091e-5
0.0005943
9.32743e-9
1.37423e-8
-1.42718e-8
3.35753e-8
5.50982e-9
-2.48849e-5
-3.51566e-6
9.99122e-9
-5.4391e-9
2.54435e-5
-4.7275e-6
-8.87983e-6
-3.07472e-6
-4.59988e-9
9.9154e-9
3.51701e-9
-5.93718e-9
-8.21746e-9
4.58069e-9
1.58428e-6
2.40601e-6
7.73669e-8
3.31945e-7
7.07104e-9
4.7485e-9
1.50279e-10
9.62442e-10
-9.30266e-8
3.63202e-7
-2.3431e-8
-5.86648e-9
-2.42183e-8
-8.75451e-9
-2.15171e-9
-1.83449e-9
3.3785e-8
3.49566e-8
-9.99913e-9
-2.48032e-8
5.23947e-10
-4.13698e-8
4.39269e-8
-2.85683e-9
9.50612e-9
6.21847e-9
6.69784e-9
3.45317e-9
-1.29358e-9
-1.10852e-9
7.93959e-9
2.04817e-8
2.62865e-8
2.46289e-8
7.9982e-9
2.63474e-9
-9.59753e-9
4.46919e-8
1.59644e-8
1.36703e-9
8.61235e-10
-5.57366e-9
2.71828e-9
-2.80968e-9
7.53257e-10
4.8176e-10
-1.58303e-9
-2.57024e-9
-7.64992e-9
-1.14076e-8
-6.81958e-9
-2.04734e-9
3.09608e-9
-7.20103e-9
-8.55218e-9
-2.70932e-9
9.09863e-11
1.06021e-9
1.4688e-9
3.44644e-9
3.84698e-9
1.77084e-9
1.63853e-10
-1.56905e-9
3.27818e-9
0.00393204
0.00148907
-0.000379374
-0.00465682
0.00268074
-0.00109011
0.00694035
0.000241657
-0.00658105
0.00347497
0.00441063
-0.0153408
-0.00157247
0.0139536
0.00106264
0.00207754
-0.00362114
0.00155096
-0.00111507
0.000336636
-0.00107009
-0.0216114
0.0170829
0.010224
-0.00549136
-0.00527088
-0.00289068
0.00394927
-4.12111e-5
1.28601e-5
-0.000140964
-0.000549952
5.95192e-5
-0.00300996
0.00143563
0.00152288
0.000896911
-0.00123222
1.70266e-7
-1.18564e-6
-1.90353e-6
6.42732e-6
8.47019e-6
-1.89838e-6
0.000714843
-0.000567988
-0.000127578
-0.000252958
-0.000151282
0.000292322
0.000112141
2.47151e-7
-4.55171e-8
-3.5683e-6
4.53992e-6
-2.98765e-6
-4.72934e-5
-1.01662e-5
6.01562e-5
1.12039e-5
6.02621e-5
-1.30218e-5
-2.11161e-5
-3.97356e-5
1.4833e-5
1.06127e-6
-6.02516e-6
3.59303e-6
7.21898e-6
1.82499e-6
-0.000327639
-1.28379e-5
0.000315521
0.000260787
-0.000238698
-1.80259e-7
-8.32622e-8
-1.03658e-6
2.79645e-7
2.17331e-8
0.00496027
-0.00245858
-0.0012694
-0.0184123
0.0155586
0.00180711
-4.7148e-9
1.49185e-8
-2.77639e-9
-4.09298e-9
2.94634e-9
-2.51172e-9
0.032546
1.09916e-10
0.045606
-0.0930056
0.0330939
-0.0691917
0.0770062
-0.0359906
7.08613e-10
-3.77695e-10
-6.68389e-10
2.87167e-10
6.2475e-10
-1.12782e-10
0.0272137
-0.0672294
6.32025e-10
-2.3201e-10
0.0156433
0.0252064
2.15162e-10
-9.25801e-10
-0.0858084
0.0190669
-9.9383e-11
8.20887e-10
0.0190001
0.00817221
-0.0140141
-0.00550295
0.00823888
-5.1857e-10
-9.18803e-11
3.19507e-10
5.30589e-10
5.53128e-9
0.0037296
-0.00716291
-1.26523e-10
-3.53245e-10
0.000766792
-0.000356534
8.16372e-5
0.000120819
-0.000310679
-3.57349e-8
4.59222e-8
-5.11875e-8
4.99237e-8
7.96346e-9
4.72261e-5
-1.1839e-5
1.25917e-6
4.9905e-6
-2.3675e-6
9.69437e-9
-1.04679e-8
1.03169e-8
-1.33768e-8
8.38841e-9
-1.95938e-6
-1.1316e-6
1.64658e-10
-1.98329e-9
6.20064e-8
6.50984e-7
1.78884e-7
-9.62658e-8
1.20545e-9
-3.08226e-10
7.9994e-11
1.27748e-9
-3.08725e-9
-1.13279e-7
-1.37239e-8
5.30988e-8
-2.42033e-8
2.83461e-10
-5.8077e-10
4.51789e-10
-3.31058e-10
-1.77477e-8
-9.0037e-9
8.13226e-9
-4.63907e-9
-2.22817e-9
-5.94139e-11
1.44167e-11
3.36501e-10
-2.92759e-10
4.9653e-10
1.10133e-9
1.13141e-9
1.69335e-10
-3.08431e-10
1.64069e-10
1.08374e-9
2.30098e-9
1.53444e-10
-3.20757e-10
-1.02238e-10
5.59022e-11
-1.14142e-10
1.51487e-10
1.23304e-11
-7.84743e-11
-5.73471e-10
-7.25977e-10
-1.68906e-9
-1.25969e-9
-4.88394e-10
4.16434e-10
-1.50186e-10
-1.02123e-9
-4.75143e-10
1.63888e-10
1.6287e-10
2.99316e-10
6.43764e-10
8.02795e-10
7.1731e-10
1.75953e-10
-4.82456e-10
2.41311e-10
-0.00173139
-0.00346894
0.00279612
0.00661327
-0.00409929
-0.0100028
0.00683408
0.0133961
-0.00806879
-0.00882246
0.00346463
-0.0162799
0.000601478
-0.00140838
0.00127795
-0.00311568
0.00330154
-0.000989643
0.00283856
-0.0133064
0.0145802
0.00381408
-0.00225272
-0.00086674
-0.000560927
0.000325857
-6.19647e-5
0.0002667
-0.000253862
0.000686747
-0.000312903
-0.00103398
-0.00028269
0.000422606
0.00040872
-0.000315666
8.36364e-6
-3.77586e-5
4.00187e-5
-5.73564e-5
3.98656e-5
0.000424914
-2.47294e-5
-0.000165882
-0.000155528
0.000173076
1.53461e-5
-3.99146e-5
3.51166e-5
-0.000120335
-8.29577e-5
0.00012217
3.59768e-5
-0.000100922
9.40053e-5
-2.57594e-5
-3.45065e-6
2.66524e-5
0.000115745
3.16784e-5
-0.000253359
0.000311751
0.00024192
7.64603e-7
-3.19429e-6
1.9886e-6
2.86051e-6
1.00289e-6
-0.000109985
-0.000654639
0.00165904
-0.00265833
-0.00186553
7.73277e-10
-1.2555e-7
-4.60842e-7
1.53947e-7
3.26689e-8
0.00120887
-0.000519737
-0.00857619
-0.00626377
0.0148256
0.0123891
-5.19952e-9
9.68658e-9
-1.96787e-8
-1.1595e-8
2.42744e-9
-3.53087e-9
0.0181179
-1.00013e-9
0.00285679
-0.0290152
0.00444605
0.00254868
0.00807675
-0.0107826
0.0111318
0.00394759
-2.47591e-10
1.02921e-9
1.02781e-10
4.63856e-10
-0.0512551
0.0366861
0.0264788
5.8964e-10
-9.72796e-10
0.114714
-0.0594885
-0.0747778
2.80912e-9
-3.21723e-9
-0.120672
0.0354808
0.126966
-7.06139e-9
9.30313e-9
0.0139283
0.0129925
-0.0176217
-0.00429964
0.00445514
5.51937e-10
2.00556e-9
-9.62383e-9
0.00126634
-0.00236307
-3.37002e-9
3.61328e-10
-0.000199248
-1.3132e-7
5.15026e-5
-4.43867e-6
1.82796e-5
-5.34982e-8
4.20328e-8
-4.71301e-8
2.51343e-8
-2.15985e-9
-2.00182e-5
4.30271e-6
1.24361e-6
-1.20884e-6
1.06771e-6
1.38589e-8
-1.11337e-8
1.06395e-8
-1.22029e-8
1.2645e-9
-3.11381e-7
-9.62209e-8
1.95699e-9
-1.53548e-7
-2.44267e-10
1.63425e-9
-2.96604e-9
2.79343e-8
1.90394e-8
1.70802e-8
-7.66175e-10
6.25451e-10
6.07868e-11
2.93241e-10
-2.45373e-9
6.07119e-9
-4.64185e-10
9.28001e-11
1.1026e-11
-5.2025e-10
1.61987e-9
-9.66117e-10
-1.26288e-9
2.06248e-10
-4.88197e-10
-2.53681e-10
3.64845e-11
7.16091e-13
8.42601e-11
-2.29083e-10
4.52587e-10
1.78776e-10
1.31076e-10
-1.23676e-11
-7.36126e-11
-2.96212e-11
1.80522e-10
4.24848e-10
-9.01024e-11
-3.58263e-10
-2.1849e-10
-3.43899e-11
-5.40773e-11
1.81631e-10
-1.23334e-11
1.71966e-10
-2.90501e-10
-6.87476e-10
8.65199e-10
-8.19816e-10
-9.80791e-10
-1.41291e-9
2.85697e-10
3.64621e-10
-8.52383e-10
3.94653e-10
-1.64279e-10
1.34656e-9
2.27823e-9
1.2767e-9
3.77204e-9
1.21089e-9
-0.00222072
-0.00276233
0.00216615
0.00281281
-0.000510375
0.000897434
-0.00244755
-0.000200302
0.00023364
0.00113498
-0.00224681
0.00142165
0.00441245
0.0268384
-0.0258505
-0.0173043
0.00704945
0.00161495
0.000208281
-1.31669e-5
7.12724e-5
0.000590819
-0.000512701
0.00148481
-0.00114885
-3.03528e-5
-5.96416e-5
-4.33461e-5
7.38249e-6
2.29349e-5
-1.34698e-5
-7.70167e-5
5.55308e-5
-0.000197584
8.50587e-5
4.78226e-5
7.52796e-5
7.6182e-6
-2.84128e-5
1.85426e-5
-2.63986e-5
-3.10852e-5
4.49317e-5
-5.86938e-5
-6.5897e-5
6.37848e-5
-7.21276e-5
-6.67228e-5
8.57024e-5
-4.90927e-5
-3.54025e-5
4.40819e-5
-0.000194153
-0.000156329
0.000198504
-9.92472e-6
-1.52835e-6
6.98531e-6
-0.000642662
0.000565569
-0.000339056
0.00221692
0.000487686
2.33841e-7
-5.25735e-7
2.0705e-8
-3.80386e-7
2.19882e-7
0.00441096
-0.00397327
0.00263797
-0.0134183
-0.00364827
2.58585e-8
-8.44594e-8
-1.84801e-7
1.25306e-7
4.54169e-8
-0.03454
0.0190767
-0.017803
0.034935
0.0374917
-0.0175163
0.0205542
-1.22484e-8
3.5256e-8
1.67489e-8
-4.84107e-8
9.60866e-8
-0.0166323
-6.12669e-9
4.18787e-9
4.42524e-9
-2.56203e-9
1.18091e-9
5.16953e-9
2.14119e-9
0.00674934
1.88711e-8
-5.60736e-8
-0.000974298
0.00157139
-8.89457e-9
-8.18535e-9
3.59935e-5
-0.000174486
1.73599e-8
-0.000126208
4.22639e-5
-4.83683e-8
-1.68342e-8
4.83522e-6
1.36621e-5
-2.54143e-6
-1.02381e-5
-2.82566e-8
9.53276e-9
-3.84961e-9
3.95874e-6
-1.21385e-6
-5.15807e-7
2.77961e-7
-1.15734e-6
1.20807e-8
-6.5266e-9
8.29974e-9
-4.57037e-9
9.58908e-9
4.41103e-7
-8.7427e-8
-4.16079e-8
3.88564e-8
-6.1218e-10
7.40082e-10
1.56757e-9
-6.62667e-9
-1.39693e-8
-8.66162e-9
-2.37065e-9
9.90659e-10
1.79579e-9
3.69659e-9
9.39085e-10
-8.48245e-10
-3.33898e-10
-1.5739e-9
5.93604e-9
-1.67069e-9
3.71608e-9
8.96249e-10
6.37047e-11
-2.17209e-10
4.93866e-10
-1.03915e-9
2.08956e-9
-8.14565e-10
4.18799e-10
-1.22787e-10
-2.81814e-10
1.15833e-11
3.92129e-10
2.83773e-11
3.10713e-10
3.90426e-10
-6.06504e-10
5.19519e-10
8.91033e-10
-7.18638e-10
4.38456e-10
1.23325e-9
-3.974e-10
-3.81559e-10
-9.84163e-10
3.00985e-9
-5.62927e-9
-4.44775e-9
-1.80615e-9
-6.4812e-10
-4.79494e-10
-5.00849e-9
1.06803e-9
8.55444e-10
3.58212e-11
-5.91502e-9
-3.80613e-9
-4.0282e-9
-1.16617e-8
3.67757e-9
-5.44154e-9
1.53558e-8
-0.00213913
0.00140417
0.00354893
-0.00575522
0.00359562
-0.00405488
0.00676341
0.00318906
-0.00607092
-0.00223798
0.00480911
0.00314703
-0.00454955
-0.00804783
0.00572741
0.0170217
-0.00823261
-0.000572552
-0.00143404
0.000357849
0.000329275
0.000601913
0.00107275
-0.000575651
-0.00162941
0.000918176
-0.000665979
-0.000975962
-3.50437e-6
-0.000113457
2.63565e-5
-6.51797e-6
-2.66914e-6
-4.057e-5
-1.91026e-5
1.2702e-5
-6.14875e-6
-0.000201603
7.10433e-5
-1.4909e-5
7.41049e-6
5.6163e-7
-3.74309e-5
-2.75862e-6
1.48617e-5
5.10155e-6
-4.31594e-6
5.42399e-6
-8.31219e-5
3.19582e-7
1.51106e-5
-1.89832e-5
-2.15215e-5
1.54647e-5
-0.000197339
2.2543e-6
3.65224e-5
-1.29266e-5
-8.66751e-6
-4.08509e-6
-0.000434138
-6.57693e-7
8.10837e-5
2.62004e-6
1.94251e-6
-9.85794e-6
-0.00169802
0.0012413
-0.000171508
0.00060648
0.00381981
0.000160905
4.82723e-7
-1.84748e-6
-3.83426e-7
1.71792e-6
0.0188288
-0.00854516
0.00140352
-0.00719968
-0.0336973
-0.00176771
-8.38813e-8
4.98416e-7
-9.01973e-8
3.10291e-7
-6.59137e-7
-1.94169e-7
0.0135459
-0.0303775
0.0354534
-0.0232453
0.00621577
0.0124466
-0.0363857
5.93731e-8
-2.33808e-7
-2.04779e-8
3.61784e-8
-1.17553e-7
-0.0223242
0.00365554
6.16536e-9
-9.20909e-9
0.0219911
-0.00113981
-4.99167e-10
-4.41352e-9
-0.0099336
-0.0129533
-7.7375e-9
1.13499e-8
0.00196342
0.0194244
-1.76931e-8
3.96855e-8
-0.0049816
-0.00338045
5.75007e-8
-5.27163e-10
0.00704481
-0.00804605
1.67857e-7
-5.94958e-7
0.000501647
0.00067405
-1.27877e-7
-0.000206926
-6.10736e-5
-7.98046e-8
7.57024e-7
3.08278e-5
-1.91956e-5
1.20728e-8
1.17975e-7
1.75317e-7
6.71114e-6
-5.78679e-6
-5.80514e-8
1.53899e-6
-1.67475e-6
7.87e-9
2.1936e-7
-4.46244e-7
3.57749e-7
7.87601e-8
4.03685e-7
4.13475e-9
-9.95862e-9
-1.63156e-7
6.41275e-8
5.36609e-9
-2.01701e-8
4.39868e-8
-1.37093e-8
2.28421e-8
-4.6049e-9
6.59307e-9
-1.4321e-8
-1.15438e-9
-7.35877e-9
-1.42391e-9
1.07051e-8
4.38187e-9
8.8656e-9
-5.80404e-9
-2.16134e-9
-3.66544e-9
2.22558e-8
-6.48385e-9
1.57639e-8
3.23269e-9
1.23628e-9
-3.10395e-9
7.21536e-9
7.93812e-10
-1.18098e-8
-2.36383e-9
8.54761e-9
5.12816e-12
-1.25423e-9
3.95889e-10
1.49572e-9
-9.50475e-10
3.38914e-9
4.33437e-9
-2.94711e-9
1.99635e-9
4.75567e-9
-5.37408e-9
6.28061e-9
9.41461e-9
3.75225e-9
-1.091e-9
-2.06405e-8
8.23868e-9
9.64842e-9
1.54273e-9
1.08654e-8
-6.31199e-9
1.34089e-8
1.64467e-8
3.28872e-9
2.3455e-8
3.20064e-8
-2.83751e-8
1.24686e-8
6.26903e-8
-5.61721e-8
-4.30691e-8
-6.3768e-9
-4.77507e-8
2.13942e-8
-1.97638e-8
-5.69376e-8
-2.25767e-8
-1.18557e-8
-1.35242e-7
2.56362e-8
-6.54899e-8
0.00512168
-0.00554189
-0.00711981
0.00579625
0.00656227
-0.00519305
-0.00494938
0.00332173
0.00383972
-0.00152256
-0.00426588
0.00148298
0.00400943
-0.000964806
0.000170673
1.45118e-5
7.9935e-5
0.000131227
-0.000785973
0.00228008
-0.000722849
-0.00325371
-0.000370265
0.000160098
7.68725e-5
8.23537e-6
-9.69965e-6
1.1266e-6
0.00025628
-0.000100215
0.00039679
-0.000199955
1.23901e-6
1.0723e-6
-3.893e-9
-1.54463e-6
-7.61475e-6
-5.58221e-6
2.64905e-6
-2.21498e-5
5.75491e-6
-1.06961e-7
1.00187e-6
-9.89985e-7
-1.5148e-5
8.03916e-7
1.91508e-6
-2.39937e-6
9.18976e-8
6.42562e-7
-3.49656e-5
5.12868e-6
2.10929e-6
-1.5965e-6
1.63322e-5
-2.23769e-5
-6.76864e-5
1.01617e-5
4.64254e-6
2.89046e-5
6.39163e-5
-7.31254e-5
-0.000232743
8.24287e-6
4.95774e-5
7.81475e-6
5.43915e-6
-1.29551e-5
-6.30125e-6
2.13289e-5
0.00295104
0.000972953
-0.00109955
-0.000406072
-2.28128e-6
8.7655e-6
2.47214e-6
-8.85457e-6
-0.0191954
0.0286037
-0.0167261
0.0117704
0.0253943
0.00801058
3.47057e-7
-2.12269e-6
5.14328e-7
-1.23637e-6
2.60757e-6
4.32306e-7
0.0318959
-0.0262978
0.00397306
-0.0359875
-0.0515154
0.0521182
0.0419722
0.00603504
8.07197e-9
1.34102e-7
1.16325e-8
-1.86066e-7
0.0511805
-0.0521896
-0.0411449
4.45937e-9
2.34936e-7
-0.0362045
0.0376848
0.0274263
-9.97599e-8
-3.30905e-7
0.0200192
-0.0202283
-0.0142957
-8.39532e-8
1.1411e-6
-0.010831
0.0087405
0.00785968
4.23432e-7
-1.51543e-6
0.0053249
-0.00253487
-0.00541209
1.61621e-6
-5.60589e-6
-0.000285247
0.000539532
3.33834e-5
-4.91571e-7
4.53878e-6
-2.57954e-6
-9.98616e-6
-2.75868e-6
-1.28161e-6
2.5232e-7
1.12407e-5
4.21015e-7
4.60914e-6
-2.83493e-6
9.30862e-7
9.50596e-8
-3.72894e-7
-2.9272e-7
3.73236e-7
4.48615e-8
-3.62284e-7
-1.34575e-7
3.62798e-8
-8.2133e-9
1.28062e-9
-9.08736e-9
1.51286e-7
2.80574e-8
-3.66556e-8
3.91267e-8
-8.61784e-8
-9.85473e-9
-3.5673e-8
-7.47359e-9
-1.39088e-11
-2.66685e-8
-1.44799e-8
-7.66927e-8
8.55469e-8
-1.76043e-8
1.24353e-7
8.77144e-10
2.17427e-9
-2.84987e-8
5.74892e-8
3.5023e-8
-1.02448e-8
3.75273e-9
-1.50238e-7
-1.96204e-9
-5.37248e-9
1.66052e-8
7.27685e-9
1.5498e-7
-4.93602e-8
-2.64013e-8
5.52001e-8
4.30091e-9
-1.7689e-8
3.97306e-9
1.04287e-9
4.91735e-8
2.63709e-8
-6.40447e-9
6.12492e-8
-5.1764e-8
1.91115e-7
-2.32401e-8
2.1169e-7
6.23087e-8
-1.43507e-8
-6.67479e-8
8.33301e-8
1.03326e-7
-2.92076e-9
8.64075e-8
1.42205e-7
1.51041e-7
-4.16836e-8
2.28668e-7
3.80121e-7
-2.11148e-7
-1.68842e-7
8.38994e-7
-9.88699e-7
-9.94055e-8
-1.87624e-7
-6.76323e-7
8.75694e-8
-1.79964e-7
-1.36824e-6
2.73898e-7
-0.00161481
0.00145339
0.0032739
-0.00158892
0.00549574
-0.00290847
-0.00604766
0.00351113
-0.000810559
-0.00183991
0.000574074
-0.000298229
0.000181661
-9.61658e-5
3.14435e-5
-1.52196e-5
-2.04777e-5
1.60361e-6
-0.000144753
9.64222e-5
0.000286426
-6.34135e-5
1.31452e-6
-6.94695e-7
6.68013e-7
-2.80877e-7
3.39293e-5
-9.63451e-6
8.66122e-5
-3.2725e-5
3.77644e-7
4.42881e-8
9.6778e-8
-3.62711e-7
-7.89319e-7
-9.82057e-7
3.29661e-7
1.14467e-7
-1.32128e-6
4.62127e-7
7.08213e-7
-2.84174e-6
-6.82968e-7
5.24548e-6
-1.16989e-6
-1.11693e-7
7.63586e-8
3.59027e-7
-2.34333e-5
6.36055e-5
-2.40808e-6
-5.5243e-7
4.82889e-7
1.19968e-10
-5.57054e-5
0.000187199
-1.09997e-5
1.38491e-7
2.15978e-6
-2.53873e-6
2.26494e-5
-4.16196e-6
-6.50932e-5
0.000180541
0.000363919
0.000152336
-0.000109169
-4.71033e-5
-2.97817e-5
8.95703e-5
2.93342e-5
-8.68518e-5
-0.00613706
-0.00335401
0.00269005
0.00121766
7.04602e-6
-2.39994e-5
-5.30364e-6
1.9008e-5
0.00125606
-0.0110833
0.00860127
0.00151127
0.00977292
-0.00590107
-0.00652397
-6.43677e-7
1.02527e-6
-5.05241e-7
1.37892e-6
-2.27845e-7
1.24098e-6
6.61963e-7
-5.17741e-7
-1.89241e-7
1.30018e-6
-7.248e-6
2.37224e-5
-5.24216e-5
9.61016e-6
-0.000198264
-0.000712901
0.000428021
-5.45163e-5
-1.24614e-5
1.32326e-5
-8.68756e-6
-4.2683e-5
1.19535e-5
-8.20762e-5
7.95966e-6
2.40919e-6
-9.47743e-6
-1.08329e-6
1.10877e-5
1.15383e-6
-9.21116e-6
-6.12569e-6
1.979e-6
7.78426e-8
-2.75912e-7
-5.15581e-7
1.80944e-6
3.16602e-8
-4.28105e-7
-3.26118e-7
1.19243e-7
-5.37465e-8
4.90432e-8
-8.81443e-9
-5.64517e-7
1.23108e-7
7.83541e-8
-1.09972e-7
-1.5147e-8
9.70042e-9
6.1918e-8
1.07206e-8
5.96023e-8
-2.63061e-7
-3.34915e-7
-1.96858e-7
-1.32681e-7
1.42412e-6
9.45696e-9
-2.30289e-7
-1.25491e-7
1.55492e-6
7.03024e-7
-3.30562e-6
3.75811e-9
-4.50402e-8
-8.93795e-8
-3.63727e-7
-1.91776e-7
3.47356e-8
-6.01632e-7
4.96635e-9
-1.59584e-8
-3.73957e-9
-4.33767e-8
1.02279e-6
-3.93599e-7
-2.50826e-7
5.14067e-7
6.50416e-8
-3.13638e-7
5.76447e-8
-1.23705e-8
4.87974e-7
1.03363e-7
-2.47248e-7
3.15045e-7
-3.78894e-7
-2.34739e-6
-7.07796e-7
2.40025e-6
1.3443e-6
-2.33488e-7
1.1721e-6
1.40643e-8
8.16568e-8
4.39113e-8
1.82528e-6
1.18276e-6
-1.79751e-6
4.85961e-6
3.34463e-7
2.62456e-6
-2.24262e-6
-0.00373616
0.00245236
0.00337039
0.000838549
-0.000585697
-0.00364198
-0.00222207
0.0068103
0.00695739
-0.00970429
-0.00214053
-0.000234202
0.000955417
-0.00029837
-0.000223331
0.000126274
-0.000463108
0.000163437
-0.0016705
0.000521271
0.0027843
-5.52953e-5
-1.82437e-6
-2.43962e-7
7.09907e-6
-6.72542e-6
-4.93806e-5
2.25862e-5
-5.00224e-6
8.83546e-6
2.03744e-6
-5.17878e-7
1.17368e-6
-2.39206e-7
2.11985e-6
-8.78531e-7
1.04959e-5
-8.53394e-7
1.26647e-7
-7.43731e-8
2.42838e-8
3.07397e-7
-4.33838e-7
6.59052e-6
-2.02699e-6
1.71305e-6
2.00793e-7
1.17938e-5
-3.52158e-5
5.57086e-5
-3.094e-7
-6.48106e-5
-0.000255387
0.0002867
-4.69617e-7
-0.000534473
-0.00055769
0.00101693
2.94927e-5
1.40823e-5
-8.73081e-6
-5.32563e-7
-0.000237389
0.000555619
0.000227581
-0.000523508
-0.00101178
-0.000382822
0.00032793
0.000103608
7.26912e-5
-0.000194137
-5.7796e-5
0.000152716
0.00143116
0.00359138
-0.00121003
-0.00168014
-1.24239e-5
3.73148e-5
7.7768e-6
-2.41542e-5
-6.03862e-6
-0.0383697
0.0487197
-0.0206034
0.0234315
0.0476512
-0.0167886
-0.0636492
0.0154371
-2.05263e-6
4.27313e-6
3.38232e-7
4.37536e-6
-0.0401287
0.0181043
0.0516612
2.43216e-6
-9.95542e-6
0.0268632
-0.0149263
-0.0355191
-3.50667e-6
7.30639e-6
-0.0182569
0.0113476
0.0195657
3.41611e-6
3.65529e-6
0.00659397
-0.00228625
-0.00711006
1.83157e-5
-6.21875e-5
-0.000135968
-0.00944441
0.000828945
-7.39664e-5
0.000245472
0.00104526
0.0028016
-0.000159548
0.000194724
8.33885e-5
4.86076e-5
7.52805e-6
0.000154731
3.75061e-5
-0.000191439
-0.000156306
4.64961e-5
2.40401e-6
-7.05502e-6
-1.00549e-5
2.77915e-5
3.80758e-7
-1.26992e-5
-4.03425e-6
7.84864e-7
-1.56391e-8
1.84449e-7
-1.2504e-7
7.68225e-7
1.87348e-7
-7.18479e-7
5.31371e-7
2.22628e-7
4.45329e-8
2.48557e-7
7.70119e-7
-5.11709e-7
3.07376e-7
2.41408e-7
7.98458e-7
-7.67464e-7
-6.11005e-6
2.50769e-7
6.62403e-8
-8.94858e-7
2.45169e-6
1.75639e-6
1.2745e-6
3.27521e-8
-9.7899e-9
-1.2974e-7
7.57352e-7
-8.39914e-7
-1.62122e-5
1.32949e-7
2.05597e-7
-7.23784e-6
6.29054e-8
-2.69417e-7
3.97293e-8
1.69521e-8
1.72968e-5
-3.82432e-6
-1.26563e-6
5.22955e-6
1.02919e-6
-5.62378e-6
1.14539e-6
-2.17774e-7
-1.71312e-6
-1.36658e-6
-4.07945e-6
-2.68301e-7
6.27524e-6
-2.47099e-6
-9.45197e-6
9.08029e-6
-9.8239e-6
-1.16694e-5
6.34113e-6
-6.52074e-7
-2.43651e-5
1.59519e-5
-3.79934e-6
-8.86983e-6
4.44038e-5
-3.41518e-5
1.39192e-5
5.18597e-5
9.7106e-6
0.00138249
-0.000746598
-0.00196823
0.000383444
1.86645e-5
-0.000819612
0.00608698
-0.00226284
-0.00745914
0.00828042
0.000776637
-0.00101615
-0.000175361
0.000492501
0.000125645
-0.000434242
4.79352e-5
-0.000129831
-2.63845e-5
-3.90581e-6
-0.000287219
4.33839e-5
3.97638e-5
-7.07712e-6
1.02238e-5
-2.37558e-6
-1.34699e-5
2.04785e-5
1.20589e-6
-2.24842e-5
7.39367e-7
-1.49831e-7
1.36448e-6
-1.21586e-6
-2.28645e-7
3.96994e-6
-1.50386e-5
6.00592e-6
-8.74322e-6
2.96706e-5
1.43791e-6
7.49649e-6
-8.06721e-6
-1.51681e-5
8.39457e-7
-2.03483e-6
3.1445e-6
-2.38874e-6
3.07125e-5
-0.000128195
5.40843e-8
1.86833e-7
3.41253e-7
3.79391e-8
0.000203264
-0.000651202
2.71835e-7
-9.93576e-9
9.00675e-8
4.71652e-8
0.000537881
-0.00120249
1.99892e-6
-4.29969e-7
-3.03804e-8
-5.9506e-8
-0.00107055
0.00161958
0.00104141
-0.00175795
-8.98823e-5
-2.38565e-5
2.009e-5
4.9379e-6
0.000459626
-0.000935836
-0.000369424
0.000785885
0.000764952
0.00066484
-0.000337407
-0.000227109
-9.26678e-5
0.000238157
4.90639e-5
-0.000197247
0.00757275
-0.00758722
0.00135447
-0.00370549
-0.0130502
0.00479915
-0.000457006
3.07204e-5
-7.73389e-5
-1.89682e-5
1.93056e-5
-0.00825887
2.37638e-5
0.00754869
-1.30873e-5
2.5778e-5
-2.50651e-5
-2.15272e-5
1.1131e-5
-0.0218463
0.0262814
-0.000735926
0.000725289
0.00016997
-0.00676508
0.0187578
-0.000620906
0.00120936
0.00442801
-0.0121961
-0.00147869
0.000770196
-0.00103574
0.000954956
-0.00325318
0.00103138
4.64595e-5
-0.000187175
-0.000182131
0.000269603
3.7679e-5
-0.000234344
-5.22739e-5
1.3642e-5
8.86484e-7
7.18003e-6
-4.10352e-6
1.01339e-5
6.65891e-6
-4.2306e-5
3.74025e-6
-5.01814e-6
-1.0119e-7
-5.15881e-7
2.16258e-6
3.24145e-5
-1.2419e-5
4.00405e-7
1.54843e-6
-1.22172e-6
5.54465e-7
-5.74586e-7
2.77251e-6
-1.52045e-6
4.95658e-7
1.65936e-6
2.89783e-6
-3.05723e-6
-7.54667e-6
-5.30301e-7
3.00793e-6
9.88184e-6
5.57927e-5
1.65679e-5
-0.000141268
9.74057e-7
5.69091e-6
-6.367e-6
-4.21801e-5
-3.36718e-5
0.000206227
-1.52246e-7
-2.08189e-6
2.82524e-6
-0.000353945
9.22857e-5
4.38057e-5
-0.000167466
-1.4618e-8
-5.81029e-8
1.5706e-7
3.33075e-7
0.000238569
-7.40032e-5
-1.81146e-5
8.7086e-5
1.04707e-6
-5.73924e-6
6.08142e-7
-5.98923e-8
-0.000124678
1.15372e-5
2.01037e-5
-6.67596e-5
-1.11081e-6
5.48732e-5
2.19879e-5
-7.64239e-5
1.37757e-5
-2.53401e-6
7.69024e-6
-4.93966e-5
2.18579e-5
0.00012017
-0.000115559
7.82845e-5
-3.43996e-5
9.64087e-5
-3.35533e-5
-9.41854e-5
0.000104461
-0.00598068
0.00347297
0.00997048
-0.0033566
-0.00848174
0.00163928
0.00195665
0.00014564
0.000370276
-0.000130543
0.0001154
-0.000123112
-0.000762887
9.88697e-5
0.0016956
-0.000508885
0.00109815
-0.000959811
0.000490999
-0.000466958
-0.000114682
1.83509e-6
3.13538e-5
-0.000107913
-4.32288e-5
0.000124144
1.47743e-5
-4.43627e-6
9.89896e-6
4.0086e-7
-5.06235e-5
0.000128482
-7.52654e-5
6.00164e-5
-0.000189798
-3.46211e-6
6.61237e-6
-1.10916e-5
1.92082e-5
2.93514e-6
4.23021e-5
-5.6514e-6
-2.58447e-5
3.55592e-5
4.58287e-5
-8.90005e-5
5.67691e-6
0.000187328
0.00012542
-0.000313291
-9.2365e-7
0.00134096
0.000641179
-0.00133903
-1.26884e-7
2.78916e-8
-0.00194051
0.00239837
-2.86097e-6
-1.49467e-6
1.22071e-6
-1.14254e-6
0.00168468
-0.00268964
-0.00129812
0.00272516
0.00012578
6.49915e-5
-3.46796e-5
-1.61743e-5
-0.000500346
0.00112264
0.000337892
-0.000908436
0.00143056
-0.000231097
-0.000549111
0.000978673
0.000159263
0.000179384
-0.000353844
6.5912e-5
-0.00160174
-2.08365e-5
-5.52542e-5
5.46722e-5
2.95189e-5
-0.0143661
-0.00220889
0.00227088
0.0213432
0.0260881
-0.02674
-0.000232451
-0.000732244
-4.08175e-5
0.000105121
0.000165053
-0.000121383
-0.0214737
0.0305944
0.00293353
-0.000225585
9.30063e-5
0.00448166
0.0367628
0.000377142
-0.00135322
-0.0202785
0.0296641
0.00252201
-0.0036026
0.00262536
0.0131685
-0.0121012
0.0010345
-0.00105099
-0.00324013
0.000263073
0.000335708
6.5379e-6
-9.91056e-5
-7.62871e-5
0.000144329
0.000301458
-0.00028144
-2.80704e-5
3.14939e-5
-1.22591e-5
4.31245e-5
-3.38723e-5
-0.000203731
7.86632e-5
-5.85402e-5
0.000224795
-2.65568e-5
-6.41288e-6
1.7417e-5
-5.74083e-8
1.46082e-6
-2.39984e-5
-6.50398e-6
-4.07126e-6
-2.28415e-6
-8.63963e-5
-9.15171e-6
-1.88496e-5
1.46379e-5
0.000511381
-0.000761275
4.41635e-6
-3.56783e-5
3.26896e-5
0.00104575
0.000520413
-0.00146718
5.05781e-7
-1.45874e-6
-2.06484e-6
1.65619e-6
0.0018614
-0.000576945
-0.000248814
0.000823884
6.88326e-9
-2.10211e-6
1.40353e-6
1.22232e-5
-0.000849906
0.000240431
0.000165647
-0.000348911
2.81278e-5
-9.73023e-5
-5.3467e-6
3.75689e-7
4.15545e-5
6.17087e-7
-7.35465e-5
0.000106632
-0.000109389
0.000182492
-0.000541143
-0.000631719
-0.00037736
0.000742311
6.62362e-5
-1.68973e-6
0.000173526
-0.000226677
8.19525e-5
0.0006034
-0.000429778
0.000510989
0.000814015
-0.00144715
-0.000882429
-4.7565e-5
0.000717534
-0.000272351
-0.00132765
0.000779601
0.000867484
-0.000232653
8.90495e-5
0.000254071
-4.31371e-5
0.000184461
-0.000251494
2.57813e-6
-2.16574e-5
4.51272e-5
0.000112114
0.000896037
-0.00138628
0.000284051
-0.000485665
-7.97713e-5
5.20688e-5
1.17995e-6
0.000129578
-0.000287366
0.000281163
0.000120632
9.3442e-6
-5.64443e-5
-1.68785e-5
3.62816e-5
-1.28902e-5
-0.000208104
1.29715e-5
6.15663e-5
-9.04439e-5
0.000156889
-9.08611e-5
0.000141783
-0.000238622
-1.6461e-5
-4.17657e-5
9.14368e-5
1.71603e-5
1.0064e-5
-3.11746e-5
2.87415e-5
-1.08224e-5
0.000227089
-0.000129612
1.40558e-6
-3.58301e-6
3.57782e-6
-2.00996e-6
0.000242169
-0.000184391
1.84738e-7
-1.89674e-7
6.54563e-8
-5.09822e-7
0.0018004
-0.00051642
-0.00241574
0.00153436
-3.28857e-7
-4.25259e-8
0.00287761
-0.00304666
7.52504e-6
3.89656e-6
-1.33988e-6
-6.92597e-6
2.52255e-5
-0.00144554
0.00210755
-0.000924337
0.00142598
0.00013675
-8.17637e-5
3.32573e-6
-9.18963e-5
0.000126898
0.000651436
-0.000932015
0.000233271
-0.000290762
-6.56222e-5
-5.08451e-5
1.55044e-5
0.00541668
0.00162255
-0.0013464
-0.0114688
-0.0120153
0.0254059
0.00104295
7.16575e-5
-0.000222404
-0.000137879
0.000260766
-0.0376478
-0.000111302
0.0479006
-3.82485e-5
-0.0564965
0.000480653
-0.132228
0.103446
0.0032286
-0.00189012
0.0895688
-0.0262485
-0.0401111
-0.00423113
0.00303967
-0.0153948
0.00814468
0.00155746
-0.0423264
0.0200839
0.00107717
-0.00311438
0.00142406
0.00713035
-0.012064
0.000718065
-0.00047598
-0.00210184
0.00101144
0.000656277
-0.000107624
0.000559338
-0.000372152
0.000298048
-0.000382726
0.000343823
0.000212607
-0.000583188
0.000141196
6.07127e-5
-0.000170596
3.92272e-5
1.04604e-5
1.07251e-5
-2.49225e-5
3.29963e-5
0.00038117
-0.00037041
-1.06884e-5
2.17646e-5
-9.93828e-6
0.000341814
8.91049e-5
-0.000555001
5.12971e-6
2.40472e-6
-0.000100958
0.000573889
0.000419119
-0.00103889
3.03504e-5
-1.66481e-5
-0.00191715
0.00322631
0.00198565
-0.00370685
1.55664e-5
0.000144032
-7.0104e-5
0.00431988
-0.00227953
0.00265731
-1.68666e-5
-0.000181029
-0.00294842
-0.00111243
0.00232346
-1.66066e-5
6.80431e-6
5.21213e-5
-7.17203e-6
-0.000906892
0.00150026
0.000707653
-0.00104792
1.59355e-5
-4.26332e-5
-1.69659e-5
-1.09785e-5
-5.10822e-5
5.81646e-5
-8.73878e-6
-0.000147944
2.79631e-5
-0.000168765
0.000505346
0.000535222
0.000312407
6.53938e-5
-0.000225261
-0.000118885
0.000374503
-0.000111789
7.38158e-5
-0.00125132
0.00121955
-0.00112016
0.00063413
-0.000381064
4.03759e-5
-0.000632013
0.00171705
-0.00278044
0.00341566
-0.00260886
0.00154727
-0.000749414
2.99427e-5
6.74101e-5
-0.000114991
-0.000180309
0.000409519
0.000378402
-9.35442e-5
-0.000352714
-0.000162094
0.000499269
0.000287445
-0.000487576
5.40566e-5
0.000333713
-0.00078483
0.000619271
-0.000133215
4.43652e-6
0.000313331
-0.00051287
0.000379413
-0.000347317
0.000602555
4.28931e-6
-4.08695e-5
0.000159496
-0.000131664
-0.000126564
-0.000248107
0.000160193
-0.000111042
0.000310715
-2.21628e-5
7.39954e-6
-0.000468172
0.00188242
-4.74931e-6
4.08405e-6
-0.00105244
0.00231193
2.96726e-7
1.20674e-6
-0.00160558
1.48116e-5
1.12281e-7
9.45943e-8
-6.58442e-7
-2.31415e-7
-0.00231958
0.00146261
0.00243477
-0.00219965
3.8344e-9
1.37519e-6
-0.0024435
-0.00140776
0.00243157
-1.25236e-6
-1.91815e-5
0.000113593
0.00116482
-0.000223112
-9.41929e-6
-0.000110051
0.00313456
-0.000970648
-0.00655734
0.0202243
0.000958949
0.000166117
-0.000419452
0.00049119
-0.0384356
-0.000474741
0.0487274
0.00020014
-0.0533468
8.28265e-5
0.0505796
-0.000417366
-0.046613
0.000880802
0.0078919
-0.00123605
0.00321246
0.00553174
-0.00407807
0.0027606
0.00649217
0.0290402
0.00184941
-0.0281847
0.0129869
1.84904e-5
-0.000235341
6.16485e-5
-0.00268413
1.87119e-5
0.00255639
-1.60617e-5
-4.09337e-5
0.000182249
-0.00046439
-4.12686e-5
8.04288e-5
-0.000133315
-0.0030379
0.00266649
1.46158e-5
-9.19508e-6
-0.00152583
0.00138896
5.66513e-6
-1.0679e-5
-0.000954921
0.0013662
-2.29181e-6
-5.21324e-7
-0.000212413
0.000126086
-4.29141e-7
1.26036e-5
-0.00509869
0.00732314
-0.000118076
2.97563e-5
-0.00796322
-0.00447347
0.00807732
7.43948e-5
2.46965e-5
-0.000357204
0.000300124
-0.00740047
0.0038819
-0.00442406
-1.36524e-5
0.000341632
0.00360564
-0.00176041
0.00135499
9.93581e-5
-0.000221314
0.000508653
-0.00121777
0.000309815
9.36846e-5
-0.000161397
-0.000111382
0.000230102
-0.000327689
0.000280447
-0.00010197
-0.00134638
0.00244065
-0.00243084
0.00189603
-0.00108613
0.000438466
-4.06544e-6
-0.000300472
-0.00096257
0.00123658
-0.000557586
-0.0023993
0.0041889
-0.00479206
0.00418465
-0.0027019
0.00118889
-0.000108868
-0.000297787
0.000397865
6.24028e-5
-0.000239702
-0.000150451
7.89782e-5
0.000479605
0.000626219
-0.000842132
0.00107033
0.000295675
9.39608e-5
-3.01437e-5
-0.000492607
0.00112648
0.000261905
-0.000649786
0.000300054
-0.000520985
0.000849411
-0.000813116
-0.000856989
5.39514e-5
-5.23625e-5
4.84129e-5
-0.000184218
0.000280492
0.000690305
-0.000531329
-0.0002695
0.000480461
0.000404236
0.000132339
-0.000235397
-0.000548501
-0.000681517
0.00231172
3.07663e-5
-0.00357938
-0.00474529
0.00718647
-1.27561e-5
-5.68591e-6
0.00382651
-0.00137917
4.23701e-6
-1.59375e-6
-0.000530757
0.00179172
-2.63272e-7
1.92472e-7
5.88192e-7
-4.11124e-7
-1.98016e-7
0.00177189
-0.00220524
0.00219845
-0.00264036
-1.84431e-7
1.57678e-6
-2.37485e-6
1.52226e-5
1.35972e-5
-0.00170402
0.00181463
-0.00033552
0.000115613
5.33759e-5
0.000260305
0.00132828
-0.000617406
0.000434045
-0.00332523
0.0102925
0.000329151
-0.000596609
0.000699842
-0.0239138
-0.000826101
0.0385137
0.000622017
-0.0481775
-0.00024906
0.0463044
-0.000118942
-0.0332799
0.000378314
0.0122879
-0.000542347
0.0218459
0.000666613
-0.0647699
-0.00115858
-0.0632345
0.088712
-0.00278329
0.00179302
0.022326
-0.0261344
0.0204764
0.00173161
-6.33728e-5
0.000317302
-0.000424245
0.00170695
-0.0115121
-6.6087e-6
1.38932e-5
-0.00163474
0.00914719
-0.00805233
-0.00415569
0.00769556
-2.65537e-5
1.45667e-5
-3.65683e-6
8.46307e-6
0.00334544
-0.00392229
0.00185498
0.000405985
-1.70155e-6
-2.79003e-6
-0.0050912
2.13654e-7
1.33596e-6
0.000109729
-3.95797e-6
-0.0009654
-2.78955e-5
-1.70698e-5
5.70545e-6
0.00823273
-0.0153409
2.9525e-5
-0.000105255
6.5302e-5
0.0127618
-0.0116784
0.000174661
-0.000120725
0.0101214
0.00514245
-0.00765958
-0.000306048
0.00033852
0.000415452
-0.000333074
0.00468507
-0.00403815
-0.00226227
0.00178358
0.000223666
-0.000368412
-0.000741566
0.000610543
-0.000619601
0.00138849
-0.0012111
0.00214057
0.00104764
-0.00191657
-0.000393377
0.00103281
0.00045717
-0.000124694
-0.000117926
0.00104823
-0.000131205
0.0020559
-0.00342055
0.00362347
-0.00271467
0.00139006
-0.000267564
-0.000505675
0.00126516
-0.00152949
0.00199615
-0.000784308
-0.00347332
0.00432323
-0.00384011
0.0023014
-0.000568415
-0.000563006
0.000823753
-0.00049284
-0.00026252
-0.00071198
-0.000794534
0.000980074
-0.00104021
7.46888e-5
0.000566368
-0.00334904
0.00417796
0.00148575
-0.000411257
0.000958451
-0.000925196
0.000865565
-0.000228857
0.000694703
-0.00097434
-0.000763962
0.000646179
0.00118675
-0.00162833
0.000583758
-0.00037204
0.00042331
-0.000374041
-0.000434707
-0.000713271
0.00202513
-0.00057136
-0.00133991
0.000321117
-0.000531969
0.000362165
-0.000208289
0.00364906
-0.00538765
8.22592e-5
-0.000193314
0.000132584
-6.16959e-5
-2.25989e-5
-0.00506225
0.00495863
-0.00237829
0.00152043
4.8549e-6
-7.00851e-7
6.91603e-5
-0.00126425
4.53344e-8
-4.64967e-7
1.80514e-6
0.00181149
-0.00185217
0.00175075
-6.51838e-6
1.8055e-5
-7.37175e-5
-0.00112487
1.17332e-5
-0.000242148
0.000682827
-0.000385352
0.00224482
-0.00713417
0.000975313
-0.000954236
0.0173614
0.000907126
-0.0291057
-0.000622781
0.0346265
0.000155883
-0.0281263
0.000257391
0.01055
-0.000462338
0.0108831
0.000472374
-0.029402
-0.000402121
0.0358454
0.000375624
-0.0169756
-0.00020106
-0.00220771
-0.000119553
-0.0336018
0.0332671
5.81294e-6
2.99568e-6
8.75922e-8
-0.0223905
0.0155417
-0.0105788
-1.69753e-6
1.35635e-6
-2.29403e-6
0.00367832
0.00385338
-0.0113519
-1.90185e-6
1.77131e-6
0.0205399
0.00965951
-0.0272596
1.48501e-6
-7.06554e-6
-9.84084e-6
4.75413e-6
-0.00639963
0.0195715
0.00665655
-0.0122563
0.0043778
-0.0113293
-1.09811e-5
1.27548e-5
-0.0287207
0.0342795
0.0208109
-0.0247255
0.00015047
7.48658e-5
-1.70886e-5
0.015547
-0.0161925
0.013572
-0.000334758
0.000255772
-0.000238822
-0.0107386
0.00765628
-0.000710424
0.000513865
-0.00453569
0.00227353
0.00042915
0.00180683
-0.00117315
0.000926223
-0.00395972
0.00603649
-0.00245276
0.00345389
-0.000286481
0.00343735
-0.00305773
-0.000192417
-0.0022187
0.00387169
-0.00408247
0.00289655
-0.00111824
-0.000307916
0.000967435
-0.000935436
0.000170254
-0.000194064
0.000856531
-0.000922831
0.000132647
-0.000839546
0.00177673
-0.00236921
0.00196098
-0.000584429
-0.000974798
0.00182184
-0.0016326
0.000674381
0.000713946
0.00288386
-0.00325493
-0.00320278
0.00285009
-0.00300815
0.00128236
-0.00105038
0.000985822
0.00156209
-0.000680642
-0.000187829
-0.00085596
0.000785718
-0.000720588
0.000976739
-0.00164766
0.00212234
0.000630609
-0.000513937
-0.00236942
0.00262883
0.000429574
-0.000428049
0.000321726
-0.00334392
0.00281296
-0.00103394
-0.000218659
0.000145953
-0.00101711
0.00253733
-8.4937e-5
4.15883e-5
2.17825e-5
-0.0027316
0.00163488
-0.000809609
-8.60059e-6
2.88676e-6
-8.95334e-5
0.000828659
-6.20352e-7
-2.00915e-8
1.3602e-6
-0.00117093
0.00114963
-0.000894122
-1.65948e-6
-6.7568e-6
-9.12925e-7
0.000365048
0.00047149
-0.000896879
-0.000442106
0.000222302
-0.000165118
0.0014079
-0.00192602
-0.00106624
0.00177201
-0.0009804
0.00495509
0.00108121
-0.010135
-0.000865679
0.0157702
0.000441933
-0.0158628
9.007e-5
0.00535817
-0.000512457
0.0134495
0.000660108
-0.031119
-0.000555691
0.0388678
0.000356132
-0.0332717
-0.000196714
0.0131827
6.90935e-5
-0.00151647
0.000985918
0.000182724
-0.000106425
0.0175639
-0.0169157
0.0284348
-0.027399
-6.47967e-7
-2.39605e-6
1.46165e-5
0.0269686
-0.0214026
0.0131767
-1.54381e-7
-3.30732e-7
3.3711e-7
-0.00139676
-0.012618
0.0250508
1.41251e-6
-4.63786e-7
-0.035075
0.0423252
2.34832e-5
1.29107e-5
-4.43642e-6
-0.0342132
0.0187576
0.00191592
7.43857e-5
-4.81713e-5
-0.0238331
0.0311067
2.00566e-5
-6.98813e-5
-0.0216225
0.0158798
-0.012062
0.000516836
-0.000332075
0.000158835
0.00867588
-0.00557916
0.000989172
-0.000756635
0.00271275
-1.33256e-5
-0.00271937
-0.00183977
0.00147177
-0.00121491
0.0068449
-0.00720478
-0.00568134
0.00924535
-0.00231326
0.00158757
0.00209732
-0.00269594
0.00208691
-0.00292893
0.000133567
0.00216744
-0.00351015
0.00347793
-0.0020166
-4.58414e-5
0.00155983
-0.00193875
0.00134956
-5.22848e-5
-0.00171162
0.000792004
-0.00113114
0.00117847
-0.001359
0.000377179
0.000166396
0.000172483
-0.00130653
0.00255502
-0.00306407
0.00242437
-0.00105124
-0.000649596
0.00187958
-0.00228543
0.00177031
-0.00175218
0.00158145
-0.000944501
-0.000714492
-0.000122684
0.000847814
0.000648232
-0.00055963
0.000479284
-0.00178093
0.00260538
-0.00321725
-0.000397821
0.000326376
0.0036402
-0.00328248
-0.000361058
0.000493133
-0.000253802
0.00496731
-0.00543897
0.00342913
0.000126076
-0.000115454
-0.00117803
-0.000350459
6.31029e-5
-6.02884e-5
-7.77223e-6
0.00113481
-0.000755736
0.000244369
5.32206e-6
-2.41288e-6
0.00017082
-0.000485795
6.45641e-7
7.74805e-7
-5.44916e-7
0.000599042
-0.000471045
0.000148222
4.00302e-6
-1.47492e-5
3.10541e-5
0.000456264
-0.000924173
0.00105479
-8.64182e-6
-0.0014986
0.00107742
-0.00147751
0.000741208
-0.00220527
-0.000992776
0.00431638
0.000692054
-0.00516218
-0.000147192
0.000776929
-0.000404898
0.0121347
0.000787786
-0.0305054
-0.000872235
0.0445721
0.000690352
-0.0445481
-0.000400675
0.0312511
0.000167462
-0.0116278
-4.4834e-5
-0.000631571
1.59501e-5
0.0146518
-0.0225807
0.030768
-9.92662e-8
2.64387e-6
-6.86117e-6
-0.032184
0.0257408
-0.0157237
2.25201e-7
-1.86699e-8
1.27161e-7
0.000970722
0.0172678
-0.0345348
1.41948e-7
-2.03932e-7
0.0400937
-0.056927
-3.77175e-5
-7.28156e-6
9.32433e-7
0.0411013
-0.0235233
0.00714151
-0.000187265
9.61378e-5
0.0186097
-0.0409465
-0.000309245
0.00023117
0.0242589
-0.0124522
0.00764591
-0.000609414
0.000363187
3.72859e-5
-0.00497629
0.00273248
-0.00110799
0.000845966
-0.000446777
-0.00251825
0.00719546
0.00187761
-0.00157985
0.00134942
-0.00959039
0.00791769
-0.00781021
-0.00168238
0.0018715
-0.00195615
0.000880084
0.00111902
-0.00210591
0.00262146
-0.00211622
0.000427557
0.00172915
-0.00316416
0.00309518
-0.00189257
0.000313417
0.000900604
0.00059789
0.0051591
-0.00720506
-0.00208626
0.00124534
-0.00141996
0.00226126
-0.00320212
0.00349544
-0.00282474
0.00131361
-3.59641e-5
0.000782172
-0.000418937
-0.000629598
0.000179164
-0.000613772
0.000380133
-0.000177454
0.000834663
-0.00113349
-0.000319352
0.000353786
-0.000261131
0.0021435
-0.00297544
0.00353513
0.000230141
-0.000141261
-0.00401461
0.00530607
0.000148968
-0.000350483
0.000203706
-0.00452901
0.00808549
-0.0044503
-0.000111479
5.49982e-5
0.00173398
-0.000507106
-4.73008e-5
5.80745e-5
-1.74319e-6
-0.000267091
0.00014002
6.66371e-5
-9.78895e-7
1.15534e-6
-0.000185179
0.000248612
-9.22002e-7
6.96979e-7
-3.45257e-6
-0.000296333
0.000176294
-2.53888e-5
7.83128e-6
-1.76482e-5
6.80759e-5
-0.000127089
-7.98085e-5
0.000816884
0.000361228
-2.45685e-5
-0.000902419
0.00109037
0.00174733
-0.00235188
-0.00115278
-0.000603318
-0.000516222
-0.000198041
0.00636044
0.000681664
-0.0186561
-0.000942275
0.0346319
0.000952067
-0.0456338
-0.000735796
0.0442779
0.000442519
-0.0269793
-0.000183648
0.0107925
5.23096e-5
0.00130368
-0.00550774
0.0147171
-0.0312867
-6.34465e-7
-3.31752e-7
6.60681e-6
0.0376041
-0.0264536
0.017066
-3.99916e-8
3.23408e-9
9.85609e-8
-0.00565762
-0.00926283
0.0221308
-6.83908e-7
1.83745e-7
-0.0281442
0.0297743
3.1158e-5
-5.11985e-6
2.30009e-6
-0.0208643
0.00644351
0.00525935
0.000320726
-0.000129024
-0.0215065
0.0326849
0.000736887
-0.000511972
-0.0105062
0.00364458
-0.00274655
0.000326584
0.000170809
-0.000665546
0.00190021
-0.00106142
0.0009691
-0.000672122
-3.26941e-5
0.0011409
-0.00231543
-0.00185222
0.00137243
-0.00116974
-0.000159514
0.00187088
-0.000948429
0.0016164
0.00228424
-0.00220364
0.00173475
-0.00154537
0.000731726
0.00095492
-0.0029632
0.00421233
-0.00400608
0.00228288
-0.000893709
2.20991e-5
0.000494452
0.00237723
-0.00253104
-0.00320002
0.00572708
-0.00157187
0.00161302
-0.0016016
0.00161864
-0.00211406
0.00265806
-0.00292498
0.00204975
-0.000924425
0.000178871
0.000128381
0.000361998
-0.000111196
-0.00178994
0.000555757
-0.000261775
0.00350091
-0.000320203
0.000489172
-0.000922825
0.00137322
0.000158166
-0.000200647
0.0001897
-0.00162597
0.0024911
-0.00289684
-0.000228269
0.000253637
0.00308382
-0.00320005
5.94381e-5
-0.000215786
-0.0058464
0.00317866
-4.8976e-5
4.05313e-5
3.65974e-5
-0.000127255
-4.41781e-5
3.45653e-5
-1.83055e-5
8.41493e-5
-6.65461e-6
4.89113e-6
-0.000146885
9.30385e-5
-1.66599e-6
-2.5579e-7
0.000157235
-0.000146048
1.05718e-6
-8.22974e-7
2.75042e-6
0.000139824
-4.28656e-5
-4.04161e-5
-7.34641e-6
3.60326e-5
-6.12746e-5
0.000114867
-0.000264938
0.000201861
-0.000488008
-0.000563141
0.000648618
0.000626653
-0.000677497
8.21589e-6
0.000704472
-0.000153193
0.0016142
-0.000277061
-0.000189714
-7.38901e-5
0.00259235
0.000800685
-0.00703809
-0.000890481
0.0160975
0.000898673
-0.0267868
-0.000797351
0.0354764
0.000611963
-0.0289024
-0.000319394
0.0168291
9.29528e-5
-0.00731472
-1.61413e-5
-0.000385839
0.00594443
-0.00640971
-0.016168
-1.46788e-6
-7.22562e-6
4.69214e-7
-1.67342e-6
8.00658e-6
0.0243849
5.16057e-8
-0.0306167
0.0233837
-0.0125741
-5.52244e-8
1.8098e-8
-2.69847e-8
0.0117395
-0.00371299
-0.00520905
-3.16719e-7
1.57243e-7
0.0103687
-0.0108356
0.00997724
4.6777e-7
2.03758e-8
0.0070125
-0.00531274
0.00358496
1.39155e-5
-0.000137572
0.00145616
-0.00550212
1.03286e-6
0.00326587
-0.00308474
0.00211355
-0.00022614
2.55751e-5
-6.29034e-5
8.53176e-5
-0.00115933
0.000552128
-0.000682585
0.000469435
4.82551e-5
-0.00049197
0.000973238
0.00131896
-0.000908252
0.000672407
-0.00025108
-0.000602836
0.000376782
0.000781782
-0.000868403
-0.00151361
0.000347063
-0.000180923
-0.000237796
0.000694575
-0.00111566
0.00113387
-0.000839303
0.000691484
6.49647e-5
-0.00143997
0.00292934
-0.00401172
0.00318711
-0.00194396
0.00086879
-0.00338016
-0.00293872
0.00634565
0.00260824
-0.00145117
0.00147905
-0.00158684
0.00161132
-0.00108744
0.000471984
1.12641e-5
-6.09059e-5
-2.51053e-5
0.000231917
-0.00483131
0.00259549
0.000294337
0.000516566
-0.00047659
-0.000854808
2.52917e-6
1.15184e-5
-0.00148246
0.00122388
0.00182118
-1.17375e-5
-5.19232e-5
-0.00185849
0.00164426
6.39173e-5
0.000117928
-7.33426e-5
-0.00105702
0.00093174
-0.000217407
3.91191e-5
-3.45063e-5
-0.000228903
0.000153523
0.000124683
-1.20643e-5
2.98851e-5
-3.14114e-5
-3.19127e-5
6.06958e-6
-5.71755e-5
2.13274e-5
1.33422e-5
-9.54195e-6
-2.92942e-5
1.13523e-5
3.39226e-6
1.10562e-7
1.89139e-5
-2.50296e-6
-9.97318e-6
6.40431e-6
-1.24387e-5
1.11538e-5
-1.05465e-5
1.14586e-5
-1.31884e-5
4.44882e-5
-7.24867e-5
4.67956e-5
3.02103e-5
-0.000413266
-0.000441208
0.000186577
-0.000399823
0.000925548
0.000385857
-0.000114681
-0.00385248
-0.00176382
0.00488892
0.000916647
-0.0103877
-0.000622799
0.0150036
0.000448005
-0.0185735
-0.000301706
0.0145954
0.000102071
-0.00771338
-1.56761e-5
0.000203013
0.000418739
-0.00378688
0.0111319
4.30269e-7
-2.72145e-7
-1.23964e-5
-0.0153139
0.0160337
-0.018584
0.0242615
-0.0177856
9.21898e-9
-1.36765e-8
0.0152555
-0.0104138
2.15723e-8
-2.65673e-8
0.0061001
-0.000690712
-6.37112e-7
7.95263e-8
-0.000693051
0.000705677
-1.10119e-5
1.85542e-6
1.39747e-6
5.81008e-7
0.000920311
-0.000966764
-2.27076e-5
1.44685e-5
1.09948e-5
-6.64976e-6
0.000998489
0.000723649
-0.0019552
2.17846e-5
5.27978e-5
-2.39763e-5
0.000764767
-1.54945e-5
0.000154985
-6.07278e-5
-1.34266e-5
-0.000279461
0.000129412
-0.000175132
0.00039476
-0.000311134
0.00038927
0.00056961
-0.00110542
-0.000150722
0.000154823
-0.000409801
0.000464603
-0.000568293
-0.000809079
0.000813069
-0.000590157
-0.000116374
0.00105038
-0.00186644
0.00237581
-0.00205842
0.00117119
-0.000109315
7.26959e-5
-0.00396067
0.00927267
-0.00309949
-0.00303695
0.00291647
0.0008536
-0.000697714
0.000709728
-0.000866087
0.000574838
-3.37469e-5
3.94497e-5
9.9637e-6
-9.31587e-6
-0.000330211
-5.85205e-5
0.00267711
-0.00151072
0.000447651
-0.00699844
0.000105873
-0.000208848
0.000283065
0.000327659
-0.00032608
-3.34359e-5
5.01013e-6
-4.93218e-5
1.54407e-5
2.03666e-6
0.000462141
-0.000817738
-0.00117278
0.000693605
1.13485e-5
-1.84356e-6
0.00102332
-0.000519291
-0.000787756
-1.09887e-5
1.49154e-5
0.000534985
-7.17962e-5
-1.0367e-5
1.12766e-5
1.05774e-5
-1.76621e-5
-1.15246e-5
1.44774e-5
6.99108e-6
-7.65199e-6
-9.40686e-6
5.69635e-6
2.71727e-6
-2.43702e-6
-1.03145e-6
-5.46941e-6
-3.44118e-7
1.99114e-6
1.25513e-6
7.21891e-6
1.54082e-6
-1.97248e-6
-9.26942e-6
1.64962e-5
-1.44076e-5
1.96983e-5
-6.0867e-6
-1.52144e-5
5.32051e-6
3.43851e-5
-7.5031e-7
1.45817e-5
-5.19541e-5
6.48551e-5
-1.19509e-5
-4.84056e-5
-0.000136591
0.000207869
9.82606e-5
0.000118868
7.90614e-5
-7.51246e-5
4.75113e-5
0.000307223
-0.00269076
0.0040085
0.00228983
-0.00159888
-0.00262218
-0.000352234
0.0048031
7.64555e-5
-0.00660914
5.91875e-5
0.0102724
-3.83777e-5
-0.00742796
3.8445e-5
-0.000855318
0.00115657
-0.000908498
0.00110203
0.00411116
2.5134e-6
9.97334e-6
-4.65511e-8
-5.72744e-6
-2.44535e-5
-0.00742004
8.02781e-8
0.00944058
-0.0101124
0.00868653
0.0122774
-3.18959e-8
-1.94897e-7
1.10583e-8
-5.05657e-9
2.53377e-7
-0.0225745
0.0225239
-0.0222213
-0.0211385
0.0183122
7.83353e-9
-6.21784e-9
-1.29433e-8
1.89375e-8
-0.0122186
0.00786947
7.92423e-8
-3.57912e-8
-0.00159849
0.00209328
-5.16411e-7
-1.23411e-7
-0.00098848
0.000592289
-9.04298e-6
3.6353e-6
-0.000255319
0.00023224
-5.12855e-5
2.02733e-5
-0.000185588
7.09547e-5
5.90833e-5
-6.65868e-5
4.17669e-5
-4.43696e-5
-3.27367e-5
0.000189479
0.000209449
-0.000118518
5.78549e-5
-0.000106334
9.91754e-6
-1.12045e-5
9.15163e-5
-5.48262e-5
-0.000339343
-0.000193028
-0.000260186
0.000163092
-0.000161904
0.000588006
0.00142004
-0.00137842
-0.000231604
-8.89886e-5
-5.15923e-5
5.51756e-5
-0.000144768
0.000258079
-0.000417042
0.000641458
-0.00013993
-7.33189e-5
0.000554258
-0.00119081
0.00107976
0.000228822
-0.000231079
-0.00265092
0.00780574
0.000389735
3.51757e-5
0.000659444
-0.00058747
-0.000369035
0.000414403
-0.000195501
-0.000249214
6.29864e-6
-1.80967e-5
-7.46188e-5
0.00259692
-0.00284458
-0.00361409
2.31655e-5
-5.41174e-5
-9.05858e-5
4.83704e-5
0.000111283
-1.30466e-8
-7.09469e-5
0.000272933
-0.000123067
-0.000270433
-1.62244e-6
-1.18036e-6
7.56539e-7
1.27027e-7
0.000200518
0.000379375
-0.000134019
8.49861e-7
3.31007e-7
-0.000304071
8.59813e-5
-2.46214e-7
1.51725e-6
2.8155e-6
1.72777e-6
-3.3061e-6
4.21622e-6
2.14253e-6
1.22797e-6
-3.96876e-6
3.83806e-6
3.78114e-6
-3.87582e-6
1.60797e-6
-4.71516e-7
-2.92387e-6
3.24596e-6
2.31113e-6
-9.68083e-7
1.0218e-6
-1.96477e-6
1.43482e-6
2.29045e-7
-2.31424e-6
1.51938e-7
2.43404e-6
-1.38455e-6
-2.91836e-6
1.01201e-5
1.32458e-5
1.36707e-5
-6.89741e-5
7.00603e-5
-4.66351e-5
5.18607e-5
-0.000316464
8.94419e-5
-0.000374365
8.72806e-5
0.000495798
0.00129432
-0.00063644
0.000637903
-0.000228761
0.0026534
-0.00403884
0.000531995
-0.00044331
0.00276289
-0.000355768
0.00261623
-0.00532193
0.00330971
8.43856e-5
6.55942e-5
0.00106803
1.56363e-5
4.1699e-5
3.08337e-6
-4.21722e-5
-0.000128793
-0.00209457
5.53339e-7
0.00189621
-0.00326882
0.00433248
-0.00673355
0.0110263
-1.6399e-7
-7.5539e-7
-0.0147334
0.016619
-1.78084e-8
-5.36465e-8
-0.0175252
0.0170155
0.0105208
-0.00900553
-1.41647e-8
2.08705e-8
1.72747e-8
-1.77528e-8
-0.00636267
0.005954
-0.00388216
4.02069e-8
-0.00199769
0.00136017
-0.000752365
-2.4921e-7
-0.000267109
0.000118807
-0.000117692
-1.31488e-6
3.33792e-5
8.36114e-6
-2.13914e-5
4.93969e-5
1.27705e-5
-3.29975e-5
-2.0782e-5
8.26791e-6
3.62413e-6
7.69945e-6
-4.45245e-7
4.26833e-5
-1.62869e-5
-6.1253e-6
-3.78919e-5
2.14444e-5
-6.38053e-5
-0.000623323
0.000561066
0.00132974
-0.000795099
-0.000425612
0.000355444
8.42171e-7
-1.83691e-5
-3.60254e-5
6.61735e-5
-4.22069e-5
6.8686e-5
-0.000202571
0.00134903
-0.00134899
0.000589143
0.000144781
0.000457177
-0.000528407
0.000823841
0.000261955
-0.000697867
-0.000169869
0.000162707
0.000160963
-1.63017e-5
4.89484e-5
6.24106e-5
0.000714374
-5.45536e-5
0.000712674
0.00137022
-0.0010251
-0.000365045
0.000100782
-2.13982e-5
-2.85458e-6
-5.78241e-6
-7.23045e-6
2.47061e-6
-4.18448e-5
1.0912e-5
2.03581e-5
-3.18139e-6
1.09439e-5
-0.000228351
4.15565e-5
-1.12199e-5
9.61957e-5
-2.85551e-5
3.59506e-7
-3.86437e-6
-6.17929e-5
1.41551e-5
3.34567e-5
-3.34429e-8
-1.56793e-7
7.90847e-8
-7.30112e-6
4.4181e-5
-1.96389e-5
-6.88833e-9
3.64724e-9
-1.18433e-5
7.28668e-6
3.77133e-6
2.05933e-7
7.34196e-7
-1.35839e-6
-1.21652e-6
-8.90163e-8
1.04458e-7
3.89818e-7
1.38627e-6
-1.46959e-6
-1.90421e-7
-1.01308e-7
-6.62349e-7
1.99142e-7
1.26272e-6
-1.61013e-6
-1.76837e-7
1.04871e-6
-8.53255e-7
2.48867e-7
-6.09096e-8
-4.21165e-7
1.98368e-7
-1.86789e-7
-7.16252e-8
-3.91622e-7
-2.20882e-6
6.14183e-7
2.38451e-7
1.0707e-6
-4.49943e-6
-1.60751e-5
4.18148e-6
1.81771e-5
-1.01355e-5
-5.04342e-6
-4.29641e-5
8.18348e-5
-8.78008e-5
4.87518e-5
0.000149999
-0.00060496
-0.000547316
0.000231591
0.000203649
0.000544049
-0.000680547
0.00039373
1.22708e-5
7.89445e-5
-0.00117806
0.0012842
0.000732884
-0.0015791
-0.000598654
0.000172761
0.00022593
-0.000812648
-0.000200213
-0.000261575
0.000208735
0.000132547
-9.87531e-5
0.00032102
0.000607555
0.000442776
2.36002e-5
-0.000664161
-4.19278e-6
0.000205112
-0.000387905
0.00075622
-0.00203737
-0.00133253
0.00319725
8.202e-7
1.73116e-6
-2.80638e-6
-4.40619e-6
-0.00410064
0.00831086
0.00456894
-0.00960847
1.04086e-7
1.33209e-7
-3.63393e-7
-2.02257e-7
0.00993729
-0.00440615
1.85348e-9
3.51503e-8
0.0020589
-0.0020958
1.75499e-8
-1.58951e-8
1.46088e-9
1.8365e-9
0.000297596
-0.000473379
2.03637e-7
-1.46707e-8
-4.70229e-8
-5.93359e-9
-8.38201e-5
-2.47262e-5
5.43874e-7
4.8272e-8
1.70547e-7
-4.64923e-8
-1.35263e-5
-1.64014e-5
3.26307e-6
-3.06215e-6
-2.42245e-6
1.04609e-6
2.30735e-6
-7.64991e-7
-3.09506e-6
-5.7986e-7
5.13408e-6
2.63317e-6
-1.36545e-5
4.88965e-6
-1.10162e-7
5.36452e-6
-1.26162e-5
-4.91773e-5
0.000145807
0.000159391
7.64686e-6
1.11006e-5
-4.89929e-8
-4.42338e-6
-0.000242362
0.000378375
-2.1617e-5
-1.96415e-5
-0.000143914
0.000136492
-0.000206548
-0.0019492
-2.30399e-5
-0.000419685
0.000110459
0.00011845
-2.83827e-5
2.02141e-5
-3.52437e-5
1.83443e-5
0.00164288
-0.00115029
-7.43116e-6
3.18772e-6
-5.81052e-5
-0.000227806
-1.59631e-5
-0.000314227
0.000464342
-9.89433e-6
7.37846e-5
-7.26747e-6
-1.85e-6
2.05885e-5
-3.8233e-6
2.76371e-6
3.93916e-6
-9.32197e-8
-2.65114e-7
-3.30143e-6
7.53116e-7
3.89529e-5
-5.70742e-6
3.31882e-5
-7.19817e-5
2.70095e-6
-4.42219e-7
6.07892e-6
-7.06132e-7
1.03746e-6
-2.0599e-7
1.08434e-6
-1.02694e-5
-1.74122e-6
-2.55786e-7
-4.34744e-6
-2.69586e-7
5.51574e-8
-2.86904e-7
-1.37246e-6
5.5702e-7
-5.58102e-8
4.65213e-8
-2.02214e-7
1.59848e-6
1.44083e-7
-2.18314e-7
-2.05509e-7
6.83577e-8
3.73002e-7
-5.1058e-7
-3.26504e-7
-8.57536e-8
4.97076e-7
-5.05667e-7
-2.71377e-7
5.73662e-7
-5.02461e-8
1.61069e-8
2.3884e-7
-2.36088e-7
-3.76579e-8
-3.4129e-9
1.77132e-7
-1.75167e-7
2.30251e-8
1.62479e-8
-1.4078e-8
-1.7763e-7
-7.66875e-7
1.84258e-7
3.73482e-7
1.90247e-7
-5.88272e-7
1.24386e-6
-2.01158e-7
-4.05633e-6
-5.89636e-6
3.94866e-6
2.74177e-5
-3.96893e-5
-1.28478e-5
-2.4013e-5
-9.69133e-6
-6.35618e-5
-0.000316601
7.29639e-5
-1.0928e-5
-9.61303e-6
-0.00109785
0.000958502
2.78636e-5
3.19268e-5
-0.000696636
0.000864876
-0.000608106
-0.000225493
0.000599481
-0.000602176
0.000500336
6.76035e-5
-0.000323715
-4.50747e-5
0.000162869
9.69456e-5
-0.000262464
0.000121235
8.94209e-5
-0.000302253
-0.00018096
0.000516164
8.0156e-6
7.03232e-6
-1.87368e-5
-8.30046e-6
-0.000652567
0.00173539
0.000713457
-0.00192025
9.79801e-7
-6.62214e-8
-2.08013e-6
1.79914e-6
0.00161134
-0.00383948
-0.00096295
0.000701408
-3.50804e-8
-1.5895e-7
1.78469e-7
6.09531e-7
0.00211756
-0.0020435
0.00149943
-3.30021e-9
0.00119873
-0.00098589
0.000806783
-3.88251e-9
0.000215188
-0.000152926
0.000177966
2.07872e-8
-1.48536e-5
1.01781e-5
2.30888e-6
-1.75843e-7
-1.18992e-6
2.5089e-7
3.93556e-7
1.29239e-7
-1.37822e-8
-6.67505e-7
-3.87541e-7
4.09617e-7
-1.36931e-6
-2.49762e-6
8.58423e-6
8.78546e-6
-4.6489e-6
8.91001e-6
6.83047e-6
-2.47472e-6
-1.12974e-5
-8.44291e-6
-3.60828e-5
7.97187e-5
-2.85736e-5
6.71323e-5
2.12969e-5
-4.27891e-6
-9.52655e-5
-0.000367511
0.000956108
0.00294215
-0.00262488
0.00152881
-0.00213829
-0.00108464
0.00126528
0.000555515
-0.000251023
3.79e-5
-7.85896e-5
5.89632e-5
-0.000168431
3.73289e-5
0.000198261
-1.21863e-5
-4.65981e-6
4.94628e-6
1.78576e-6
-6.10309e-6
-4.99623e-7
-2.93287e-7
-6.55318e-7
1.51049e-7
-1.61458e-7
5.12538e-7
-3.04957e-6
3.45835e-5
-8.49816e-5
7.10914e-5
1.50093e-7
3.97134e-8
-9.3475e-9
-1.5799e-7
1.17826e-7
2.1296e-6
-4.08954e-7
1.78259e-6
-3.23033e-6
2.09011e-7
-4.72107e-8
3.49756e-7
-7.70328e-8
8.02514e-8
9.10769e-8
-5.62158e-7
-4.31832e-8
-4.88974e-8
2.48784e-6
-5.42927e-7
-8.06576e-9
-4.01928e-8
-9.41504e-7
2.35444e-7
-5.52876e-7
2.32822e-7
-1.83595e-8
3.95588e-8
1.19497e-7
-3.66084e-8
-5.06681e-8
-2.29044e-8
-1.22406e-7
1.81525e-7
4.13966e-8
5.70318e-9
2.70729e-9
-1.55817e-8
-1.86063e-7
2.21505e-7
1.61171e-8
-2.30392e-9
1.81209e-9
-1.25765e-7
8.53522e-8
5.28335e-10
1.33523e-9
5.53625e-8
-3.66146e-8
-3.15596e-8
8.76578e-9
4.77453e-9
1.25522e-7
-3.64327e-8
1.42124e-7
1.64196e-8
-3.85915e-7
-7.17016e-7
1.51064e-7
3.09626e-6
-1.87479e-5
-2.83312e-7
-2.63895e-6
-4.68823e-7
9.19148e-6
-1.44032e-5
3.64362e-5
-1.02204e-5
1.5566e-5
1.34033e-5
-1.06799e-6
-5.25463e-5
9.52813e-6
9.86103e-6
-5.01365e-5
1.30001e-5
-1.73917e-5
6.55761e-5
2.90208e-8
-1.92952e-5
-2.91308e-5
1.41919e-5
3.27578e-5
-6.44738e-5
-2.9299e-5
2.78216e-5
3.10018e-7
4.04255e-5
-6.82775e-5
8.91126e-5
-0.00012885
-1.81107e-5
6.68562e-5
-6.66338e-5
0.000218836
7.02742e-5
-0.000235974
3.20794e-6
-7.90092e-6
-2.11094e-6
2.37106e-5
0.000220586
-0.000624561
-0.000251821
0.000558048
-7.25668e-7
-1.90482e-6
2.45438e-6
4.97258e-6
-0.000980015
0.000736321
-5.73629e-10
3.77904e-8
-5.20715e-8
-1.66926e-7
-0.000363844
0.000328228
4.80981e-10
2.10493e-8
9.67219e-9
-3.46759e-8
3.3048e-5
2.65027e-5
2.66886e-8
-1.81416e-8
-1.40231e-8
1.69645e-8
3.41242e-5
-6.84996e-6
6.76162e-8
-6.24936e-9
-9.33752e-8
9.03462e-8
-1.32041e-6
5.14672e-7
-1.84031e-7
5.77197e-7
-9.25573e-8
-1.68857e-8
5.35914e-7
5.09922e-7
2.81535e-6
-8.21625e-6
-4.09228e-6
1.28893e-6
-1.31733e-6
-5.76587e-8
1.22159e-6
3.73041e-6
-1.52332e-5
1.85598e-5
3.73931e-5
-1.69605e-5
-1.06503e-5
6.58436e-6
-5.0511e-5
-2.02645e-6
9.85557e-5
0.00022908
0.000126554
-0.00035187
0.000236431
-0.000152957
0.000145473
-6.81026e-5
-0.000677361
0.0014976
-0.00120348
0.000812906
-0.000416684
0.000107486
1.00178e-5
9.38212e-7
-1.64134e-6
1.52043e-6
8.46259e-7
2.15797e-8
6.01043e-9
8.75991e-7
-5.94427e-6
2.27318e-6
-2.75757e-5
-6.36376e-7
-2.33736e-6
3.976e-7
-1.29068e-7
-4.46012e-7
-7.7852e-8
1.35373e-8
-3.57725e-8
9.10176e-9
-3.00482e-8
-3.95274e-8
1.45078e-8
4.13795e-7
-2.56901e-7
1.238e-6
3.27439e-6
-3.37332e-9
6.10705e-9
-1.05345e-8
1.17553e-8
1.46249e-7
-4.61512e-8
1.22272e-7
-1.45954e-7
2.85637e-8
-6.26329e-9
1.15832e-7
-2.23228e-8
2.10116e-8
-4.37398e-8
-1.23459e-8
-4.37994e-9
-1.36739e-8
3.15494e-9
3.05374e-8
-5.3635e-8
-3.71937e-8
4.50524e-8
2.52619e-8
4.20373e-9
-5.96499e-8
6.11274e-8
2.57086e-8
-7.92682e-8
5.43078e-9
-6.72917e-10
-2.10632e-8
3.05197e-8
-1.3737e-9
8.67198e-10
-2.31102e-8
1.70111e-8
-2.02164e-9
7.82747e-9
1.04238e-8
-2.59183e-8
-3.55658e-8
6.62545e-9
1.03181e-7
-3.18361e-7
-1.72702e-8
-6.26899e-8
-8.71032e-9
2.99428e-7
-1.09661e-9
4.03045e-7
-3.10857e-6
8.22193e-7
3.39012e-6
-1.5166e-6
4.73329e-5
1.36685e-7
-2.67349e-7
2.20277e-6
-6.07165e-6
0.000216405
-0.000147705
0.000109619
-5.69997e-5
-9.80565e-7
5.1509e-6
0.00027279
-0.000134023
-0.000523048
2.62334e-6
-1.48732e-5
-0.000266072
8.80194e-5
0.000458633
4.16448e-6
-8.38389e-6
0.000197782
1.05437e-5
-0.000371613
3.25272e-7
5.05662e-6
-0.000107443
-0.000114971
0.000264514
-3.68061e-6
9.70363e-6
-5.50351e-5
0.000144959
-3.9855e-6
9.54057e-6
-7.68168e-6
-2.84905e-6
1.60743e-5
4.44156e-6
-1.85822e-5
-6.47998e-6
-4.86551e-5
3.21799e-5
0.000132696
2.27552e-5
-7.27723e-5
-3.49792e-5
0.000103043
-7.07308e-6
-1.09063e-5
1.75778e-5
1.9738e-5
-0.000161945
0.000386108
0.000115543
-0.000121312
2.02235e-7
6.23446e-7
-6.12864e-7
-2.10444e-6
-0.000265858
0.000309491
-0.000209171
8.94861e-8
-0.000116581
0.000145538
-0.000138258
-1.22438e-9
1.40352e-5
1.17971e-5
-1.43867e-5
-6.64918e-8
3.76755e-6
1.79589e-7
-7.75788e-7
3.60073e-8
-1.57377e-6
5.97834e-6
-1.25178e-7
-2.40829e-7
-1.03794e-7
-1.43221e-8
2.46313e-7
-4.68502e-7
2.10076e-5
-4.77035e-5
-2.40448e-5
1.05034e-5
-2.6168e-6
8.41311e-6
-1.31319e-6
-1.06311e-6
-4.23858e-6
-5.81946e-5
0.000121714
-7.2295e-5
4.89119e-5
-0.000268181
0.00053528
-0.000704385
0.000601035
0.000649386
-0.000908633
-0.000354449
0.000766909
-0.000113899
-0.000417914
0.000522214
8.26509e-5
-0.000568044
0.000354369
-0.000645
0.000591065
-0.000420565
1.19708e-5
-8.77587e-7
-3.79061e-6
4.9127e-7
7.82563e-7
-7.05677e-8
-4.49792e-8
1.37619e-7
7.93152e-8
-6.50387e-9
1.05068e-8
-5.36352e-9
-1.44928e-9
8.29202e-7
-3.5293e-7
-2.69584e-6
-7.27126e-7
5.41477e-7
4.41697e-11
-6.72174e-10
-3.03074e-9
-2.8175e-9
-6.01356e-10
4.31711e-8
-2.68932e-8
4.70146e-8
-1.00734e-7
-5.33029e-10
7.78287e-10
-8.50584e-10
1.68767e-9
1.76366e-8
8.59828e-9
-1.01615e-8
6.35792e-9
-1.95246e-9
-2.27482e-8
-4.48364e-9
1.6567e-9
1.27498e-8
1.98638e-8
-2.70355e-9
1.1126e-8
-1.0846e-8
1.18246e-8
1.14155e-8
-3.33423e-9
-5.1136e-10
-4.79443e-10
-1.86006e-8
2.33057e-8
-3.01429e-9
-6.8372e-10
1.90135e-10
-1.08623e-9
-7.77686e-9
8.30809e-9
-1.12388e-9
-6.10279e-9
1.56865e-10
1.78669e-10
-1.79205e-9
-1.67352e-9
-1.4685e-9
5.40421e-10
-1.37293e-10
-8.86692e-10
-1.07651e-9
-6.26856e-10
-3.08911e-9
-1.06496e-8
5.44151e-8
-4.58782e-8
-1.05489e-8
-2.47732e-7
1.30238e-6
-3.919e-7
-2.87357e-6
-5.68143e-7
-1.16127e-5
2.30305e-6
1.8531e-7
5.98151e-8
2.60227e-6
-4.2733e-6
9.67178e-8
-4.00023e-7
3.33336e-5
-1.08445e-8
-3.05371e-7
-1.37819e-6
-7.68682e-7
1.70499e-6
1.15442e-6
-8.78851e-7
3.78044e-7
-1.22136e-6
3.46158e-6
0.000153409
0.0001962
-0.000183
-9.29356e-5
-0.000223521
-0.00028467
-9.78762e-7
2.69926e-6
-7.88621e-6
-1.93834e-6
1.0444e-5
-3.80228e-5
-2.80469e-5
6.73398e-5
2.65829e-5
-1.60681e-5
4.53137e-5
1.13391e-5
-1.17874e-6
1.57337e-6
6.2485e-6
-3.00531e-6
-1.67566e-5
-4.97367e-5
6.36913e-5
-1.02578e-5
-4.1519e-8
-3.34397e-7
1.02374e-6
-0.000128395
0.000132405
-0.00010088
-1.96178e-7
2.58501e-7
-7.5623e-9
-4.50987e-5
5.85368e-5
-5.8799e-5
-3.5618e-7
8.99517e-7
-6.95599e-7
6.75638e-6
3.97161e-6
-2.83301e-6
-2.59517e-7
1.90141e-6
-2.02863e-6
5.25314e-7
-1.0812e-7
-1.57498e-7
4.49996e-7
-1.44979e-5
3.72794e-5
4.93111e-6
-4.39102e-6
1.12581e-7
-7.66181e-6
5.27265e-6
-2.50161e-5
9.96019e-5
-0.000227714
-4.77131e-5
4.39343e-5
-2.58768e-5
3.64749e-5
1.88484e-5
-2.30772e-5
4.91898e-6
-0.000779574
-0.000412667
0.000620904
6.62489e-6
0.000112442
0.000233721
-0.000161611
0.000591938
-0.000418342
-2.1297e-5
0.00059756
-0.000981427
0.000968287
-3.94341e-7
-4.13823e-8
3.57551e-8
-2.61021e-8
-4.1104e-8
-1.01411e-8
5.66996e-9
7.48473e-7
1.43062e-6
-7.50948e-8
1.16164e-7
-5.47951e-7
9.54231e-8
-1.85323e-8
-8.22822e-10
1.48399e-8
8.97315e-9
-1.54673e-9
8.03811e-11
2.17645e-10
1.38074e-10
9.49371e-10
9.70214e-8
-3.30012e-8
-1.71612e-7
2.79701e-8
-1.16698e-7
-3.41927e-10
3.30985e-11
-1.58602e-10
-3.85456e-10
9.1826e-9
6.35463e-9
-1.74888e-9
1.63321e-8
6.22045e-9
-7.0866e-11
1.57498e-10
4.44241e-10
-8.81982e-10
4.75631e-10
3.36744e-9
2.42252e-9
-1.07713e-9
-4.24681e-9
-2.56472e-9
2.87053e-9
3.99634e-9
5.06084e-10
1.02525e-9
7.40935e-10
-5.43015e-9
7.51197e-9
-2.29656e-9
-2.92553e-10
-3.06297e-11
1.68382e-10
-2.22783e-9
3.21492e-9
-1.14374e-9
-4.46824e-11
1.03956e-10
4.78753e-11
-1.43271e-9
-4.92055e-9
4.86887e-9
-4.72106e-9
3.54555e-9
-5.32238e-10
-1.90797e-9
5.04841e-9
1.69036e-9
4.54385e-9
5.60125e-9
-5.53438e-9
5.00016e-8
1.25009e-8
2.76583e-7
-2.02645e-8
9.25773e-7
-2.09124e-7
2.035e-9
-9.1434e-9
1.92238e-7
7.68055e-8
-7.50691e-8
2.44714e-9
2.70136e-8
-7.13327e-7
-2.07284e-5
-1.7947e-8
7.21354e-8
-3.8897e-5
8.65433e-6
-6.68235e-9
1.85412e-8
5.14308e-5
2.20082e-5
-6.27978e-8
3.35581e-7
-0.000174825
6.80482e-5
-1.43672e-7
4.02407e-7
0.000314191
-0.000197105
-7.51175e-8
-1.04231e-7
-0.000358309
0.000285567
2.76404e-7
-7.56886e-7
0.0003228
-1.40137e-7
-2.45148e-7
5.12076e-7
-9.44614e-8
3.05682e-7
-9.28406e-7
0.000108278
-4.20154e-5
-2.46127e-6
-9.34143e-5
-0.000116755
0.000120914
-2.17891e-7
6.41172e-7
3.33191e-7
-1.68332e-6
3.41144e-6
1.49061e-6
2.16636e-6
4.77161e-5
-9.14279e-5
-6.35213e-6
7.76163e-6
3.94102e-6
-2.56583e-7
-3.09707e-6
7.62167e-6
-2.77879e-5
2.99126e-5
-3.48898e-6
-1.07912e-7
5.59725e-8
1.51052e-6
-5.57809e-5
5.65443e-5
-4.42845e-5
-2.27163e-7
1.80003e-6
-1.14719e-6
-1.68898e-5
2.10205e-5
-2.30206e-5
-1.45474e-7
5.05858e-6
-4.6111e-6
1.75123e-6
1.93611e-6
-1.55725e-6
-1.89879e-7
1.13009e-5
-1.21776e-5
-1.17142e-6
1.88483e-6
-1.70884e-7
-1.0526e-5
1.42696e-5
-1.17044e-6
-7.95975e-5
7.76435e-5
-3.16133e-5
3.61414e-5
-3.79582e-5
-1.20604e-5
0.000135517
-0.000116215
0.000573295
-0.000395037
0.000418678
0.000363217
-0.000349553
0.000402155
0.000173098
0.00137135
-0.00195592
0.000456676
-0.000702628
-0.000132556
0.000262076
-0.000326251
0.000273791
0.00084067
-0.000869897
-0.000827613
0.00111932
0.000520637
-0.000978334
-0.000154323
1.59082e-7
-9.11869e-8
6.09354e-9
4.96971e-9
-3.40876e-9
-5.35533e-9
-9.944e-10
4.47235e-10
-1.42325e-10
7.75425e-8
5.53343e-9
-2.76237e-8
3.17864e-9
5.62188e-9
-2.07058e-9
-3.71542e-10
-5.51891e-11
1.62952e-9
1.66992e-9
1.26364e-10
-2.1284e-10
-5.56346e-11
5.78897e-12
1.05876e-10
-7.25051e-11
-1.445e-9
-2.47446e-9
-4.92018e-9
2.9223e-9
-1.55628e-9
7.63831e-12
-3.05166e-11
-2.83427e-11
-5.33994e-11
6.17836e-10
3.99807e-10
6.96951e-10
1.87276e-9
-8.76005e-12
-1.41669e-10
4.49372e-11
4.02906e-10
-7.37831e-10
-5.84435e-10
4.81794e-10
1.26163e-9
-1.69317e-10
2.67837e-10
-2.37742e-10
-1.28099e-9
2.16138e-9
-9.9383e-10
-8.1776e-11
3.31356e-11
2.44952e-10
-4.26387e-10
1.00938e-9
-2.72623e-10
-3.35003e-10
-4.52743e-10
-4.81152e-10
-1.02966e-9
-4.73099e-9
6.23746e-9
-6.03757e-9
5.23627e-9
1.71457e-9
1.14244e-9
8.91318e-10
-1.13134e-9
5.93482e-10
3.24034e-9
1.78729e-8
-1.34639e-8
1.27796e-8
-5.10996e-9
-1.30851e-8
3.55408e-9
-6.44189e-8
6.87298e-8
-1.08794e-7
2.05227e-9
-2.07283e-9
5.67844e-9
-5.91118e-9
2.20588e-8
6.91419e-7
8.51752e-7
-3.28249e-9
-1.51925e-10
1.2338e-5
-4.16405e-6
2.70515e-9
-4.97397e-5
1.18109e-5
5.63241e-11
-2.25758e-10
-2.44736e-9
1.13006e-8
0.000145793
-0.000208805
0.000150493
-9.53216e-5
-9.60588e-9
4.0532e-8
-0.000196073
0.000166233
0.000208202
-1.73208e-8
4.50506e-8
0.000215728
-8.76327e-5
-0.000331467
6.01152e-9
-4.462e-8
-9.93033e-5
-1.17492e-5
0.000291409
-6.96895e-9
3.69366e-8
-6.21726e-8
2.47559e-5
-0.000222332
-3.58187e-8
1.20267e-7
6.34259e-5
4.62606e-8
2.75155e-8
-4.26331e-8
1.21619e-7
-1.90092e-7
-1.91315e-7
-6.31703e-5
-0.000165529
0.000114899
5.80452e-5
0.000254096
-1.56746e-7
3.92138e-7
-1.19196e-6
1.9408e-6
8.55887e-7
4.91359e-6
1.27003e-5
-2.08024e-5
-6.64491e-6
-4.28271e-5
-3.65078e-6
3.53962e-6
2.15992e-6
-4.12874e-8
-6.91304e-7
3.76167e-6
-1.20227e-5
1.11616e-5
-1.74988e-6
1.11296e-6
6.33367e-7
-7.26534e-8
-2.29651e-5
2.19308e-5
-1.85262e-5
3.10519e-6
2.5333e-6
-2.44127e-6
-7.73697e-6
1.48249e-5
-1.33014e-5
5.9837e-6
7.54191e-6
-7.45504e-6
8.74335e-6
-4.80908e-6
3.93924e-6
-3.35727e-5
1.85281e-5
-4.70951e-5
-7.01905e-5
5.66613e-5
-1.91762e-5
2.63355e-5
-8.77144e-6
3.38478e-5
-9.9874e-5
0.000408208
-0.000379397
6.19518e-5
0.000403927
-0.000408205
0.000141787
-0.000164992
-0.00146535
0.00136588
-0.00100839
0.00199944
-0.000270216
0.000393169
-0.000402232
0.000170265
1.08014e-5
0.000196406
0.000211823
-0.00048716
-8.15485e-5
0.000252198
0.000193288
-0.000707689
0.000199153
0.000860254
-0.00059475
-0.000672366
6.29352e-9
-3.06489e-9
-1.16443e-9
3.06778e-10
1.29129e-9
4.13789e-10
-3.7068e-10
-7.21219e-10
4.35423e-12
1.45847e-11
-1.38011e-11
6.0128e-10
-1.85278e-9
6.12836e-11
-1.261e-9
-4.87352e-10
7.42606e-10
-2.11968e-12
-2.7814e-11
-7.7022e-12
1.31975e-11
2.34621e-12
4.19778e-12
1.12756e-10
-2.95891e-10
-4.53967e-10
2.39086e-10
-1.59347e-10
-9.7379e-13
-9.48231e-13
-2.71729e-11
3.40035e-11
-1.48471e-10
2.18552e-11
3.86032e-10
2.10919e-10
-9.01924e-11
8.96172e-13
-2.8846e-11
-2.89879e-11
-7.34754e-11
-2.00194e-10
2.91809e-10
-3.04135e-10
9.76204e-12
2.07741e-10
3.03651e-10
7.366e-11
-9.22612e-11
-2.19858e-10
-2.55802e-10
-6.38245e-10
2.61392e-9
7.59557e-10
-2.23912e-9
4.65346e-9
-4.6771e-9
4.57977e-9
-6.64573e-9
-6.61272e-9
-5.79546e-9
9.06117e-9
1.38625e-8
1.33549e-9
1.70626e-8
-2.123e-8
1.98751e-8
-1.99518e-8
-3.90018e-8
-2.38655e-8
-2.81021e-8
1.66924e-7
-2.13709e-7
3.6154e-9
-1.53982e-11
5.34402e-11
-1.48045e-10
2.08311e-9
-8.67363e-7
2.94145e-6
-2.54253e-6
1.24099e-6
-6.46043e-10
7.64085e-10
-3.16063e-6
1.25277e-5
-1.71218e-5
-7.77673e-11
-1.61133e-11
1.9081e-11
2.79466e-10
-0.000170981
2.02108e-9
5.74368e-9
4.4875e-10
2.07947e-9
-6.44267e-10
2.13736e-9
-2.62531e-9
2.51906e-9
-6.88835e-9
-0.000134094
-9.88662e-5
0.000134971
0.000208613
0.000162228
-0.000201199
-3.71231e-9
-0.000205073
1.25549e-8
-2.0812e-9
-1.28083e-8
4.36171e-8
4.95986e-9
-2.95018e-5
-6.43716e-5
0.000113853
3.89953e-5
0.000164813
-1.49672e-7
1.37986e-7
-7.23901e-7
1.14807e-6
5.06606e-7
3.28762e-6
7.05176e-8
-9.70049e-6
-2.91541e-6
-1.35292e-5
-1.66713e-6
1.57062e-6
-8.04049e-8
6.08956e-7
3.57631e-7
2.09164e-7
-3.38321e-6
4.72642e-6
-1.38307e-6
2.73522e-6
-1.63942e-7
-2.3447e-7
-1.13368e-5
1.91067e-5
-1.92211e-5
6.86089e-6
-3.23437e-7
-8.01335e-7
1.08548e-5
-2.10534e-5
2.4358e-5
-7.6328e-5
7.08275e-5
-4.13068e-5
-1.97914e-5
1.47644e-5
-2.1533e-6
1.24093e-6
-4.96998e-5
0.000122646
-0.000174505
0.000415186
-0.00037802
0.000241285
0.000254625
-0.000191133
4.96296e-5
-6.99874e-5
0.000582826
-0.000788706
-0.000160167
0.000347844
-0.000269775
0.000516427
-0.00054193
0.000182106
0.0010293
-0.00116766
0.00106053
-0.00128829
-0.000502072
0.000643474
0.000328901
-0.000111285
-2.23276e-5
-0.00033601
-1.64372e-10
-2.33798e-11
2.57275e-10
1.53453e-10
7.5944e-10
2.07689e-11
1.81299e-10
-1.55078e-10
7.82082e-11
-1.81015e-11
-6.78684e-11
-1.34129e-11
1.23009e-11
1.72687e-11
7.48599e-13
5.7456e-11
-2.10047e-10
5.1637e-11
-2.10077e-10
-3.78954e-11
-2.30643e-11
-4.42364e-11
7.22978e-12
-3.29344e-11
-3.11065e-12
5.45493e-12
2.63187e-11
4.69835e-11
-3.72307e-11
-2.5201e-11
-1.0209e-10
6.03306e-12
-4.91181e-11
1.38626e-11
-3.2332e-11
8.68752e-11
5.08284e-11
-1.97619e-11
2.38561e-11
-8.78748e-11
-3.34102e-11
2.23214e-11
-6.19659e-10
2.33786e-10
-2.07883e-10
-7.2985e-10
5.29143e-11
-1.2277e-10
3.44465e-9
1.37746e-10
-6.88792e-10
2.67281e-10
-6.34199e-10
2.35689e-9
2.40922e-9
2.81513e-8
2.33109e-8
1.37429e-8
-1.18551e-7
-1.06416e-9
3.88655e-9
-1.20474e-8
1.08427e-8
-1.93619e-8
9.656e-8
7.69713e-7
1.57612e-8
4.30171e-7
-9.73699e-7
-1.69692e-9
9.80142e-10
-2.04105e-9
6.3534e-10
-1.5656e-10
-7.29482e-6
1.58227e-5
-4.42749e-6
8.9738e-6
-1.77444e-10
4.08383e-10
-1.99781e-5
8.08511e-6
1.25133e-5
8.01042e-11
2.94898e-11
1.39202e-11
2.41426e-11
-3.22404e-10
0.000255788
-0.00029657
0.000144761
-0.000141785
2.95583e-10
-1.49729e-9
-4.89378e-6
-8.36466e-5
6.24385e-10
-1.37546e-9
0.000150167
-3.95337e-5
-4.48447e-10
-0.000227532
3.2193e-10
-6.79097e-11
1.74901e-10
-6.70967e-10
6.26741e-10
-2.27355e-9
-7.33994e-5
-0.000170375
0.000184271
0.000180571
0.000394664
-0.000170856
-1.60605e-9
-0.000119979
-2.51686e-9
7.58788e-9
-1.84047e-8
4.08313e-8
1.97305e-8
-7.86187e-6
-1.69094e-5
4.15212e-5
8.62382e-6
8.80447e-5
-3.6634e-8
8.16335e-9
-1.52744e-7
7.18286e-7
-3.64408e-7
7.52326e-7
-1.3139e-6
-1.33289e-6
-2.77026e-7
-1.40375e-6
1.21916e-6
-2.47753e-6
1.706e-7
1.41467e-7
-1.30654e-7
5.17635e-6
-7.71533e-6
1.3058e-6
-3.55775e-8
1.57742e-8
5.49043e-6
-3.66927e-5
7.20146e-5
-0.000135567
9.40249e-5
-1.92304e-5
2.05619e-6
-1.07258e-6
7.0446e-7
-3.54589e-6
-0.000108205
0.000204802
-0.000225585
0.000344782
-0.000346168
0.00013931
4.49158e-5
-1.65006e-5
1.45676e-6
1.26861e-5
0.000334006
-0.000435028
-0.000146216
0.000263968
-3.54823e-5
4.1833e-5
-0.000216149
0.000444056
0.00080542
-0.000770935
0.00071988
-0.000887582
-0.000203917
0.000290906
0.000108927
-0.000279234
-2.38226e-6
0.000105236
1.10809e-5
-6.6708e-5
-0.000292487
0.000103788
-1.85015e-10
-1.0344e-10
-4.55155e-11
7.046e-12
1.44643e-10
1.95976e-10
3.32517e-10
1.00484e-10
-6.16648e-10
3.20424e-10
2.36094e-10
1.25285e-10
-2.56083e-11
2.35767e-11
1.56029e-10
3.85812e-11
2.76014e-11
-1.74407e-10
8.50149e-10
-8.46115e-10
-1.75605e-10
-1.02919e-9
6.81132e-10
2.592e-10
-2.91239e-10
2.4744e-10
9.57737e-11
8.60703e-11
1.01913e-11
2.09767e-10
9.19684e-11
-2.7544e-10
3.2439e-10
-1.49052e-9
-6.51346e-10
-4.0141e-11
1.23783e-9
1.03984e-11
5.58961e-12
-3.18818e-10
9.47378e-12
2.04255e-9
-3.14832e-9
-7.4598e-9
-1.10371e-8
-1.79804e-10
2.48937e-10
-3.3548e-11
2.96848e-10
1.56328e-8
1.10414e-8
-1.51723e-8
-6.11623e-8
3.97213e-10
2.87209e-10
-2.87737e-8
1.6729e-7
2.36039e-7
-6.3144e-10
6.00296e-10
-2.85381e-9
-1.71811e-6
-7.01249e-7
-2.18558e-6
2.6059e-6
7.24677e-10
5.39191e-6
-3.30037e-10
-1.48479e-10
-2.04845e-10
-3.77056e-5
5.28668e-5
-1.92003e-5
3.87965e-5
1.27983e-10
-4.76167e-11
-4.4325e-5
1.85336e-5
3.82329e-10
6.01071e-5
-1.07549e-10
-1.50414e-10
7.87172e-12
0.000321372
-0.000264341
7.12446e-5
-3.18894e-5
-1.16628e-10
-1.31615e-10
-0.000233704
0.000113279
-7.50656e-11
-6.16802e-11
0.000353528
-0.00026937
-1.27893e-10
-0.000418022
1.43956e-12
-4.40389e-11
-4.85697e-11
-7.45391e-10
5.28933e-10
-0.000168358
4.83458e-6
0.000139076
0.000243593
0.000432105
-0.000163075
1.78441e-9
-7.17027e-5
-9.45772e-9
3.24312e-9
1.59757e-8
3.47977e-8
-6.92891e-6
1.13365e-5
7.12119e-6
2.31803e-6
2.59667e-5
-1.67774e-7
2.56554e-7
5.12318e-7
-7.21281e-7
7.04079e-8
-2.24659e-7
-3.31832e-8
-1.29706e-6
-1.56121e-6
1.75647e-6
4.4185e-6
-4.55069e-6
-1.80346e-9
2.62457e-8
-6.29973e-8
-1.02901e-8
-1.12716e-5
1.1152e-5
2.57706e-5
-2.67844e-5
-5.23813e-8
6.57792e-8
-3.40271e-7
-1.00591e-8
-5.23581e-5
8.76424e-5
-3.93883e-7
1.19923e-7
-5.92332e-8
-0.000111642
0.000164326
0.000112378
-9.84671e-5
2.90169e-5
5.53315e-7
7.44882e-7
-1.4866e-6
3.11031e-6
-1.24405e-5
-0.000226728
0.000162813
7.34877e-5
-0.000274401
0.000136173
0.000161142
0.000907638
-0.0015907
0.00101411
-0.000830707
-9.53022e-5
0.000133631
-0.000267013
9.0578e-5
0.00028822
-0.000157649
-0.000221476
9.377e-5
4.41971e-5
4.60581e-5
-1.0424e-9
-5.76443e-10
-6.49263e-10
-4.47472e-11
-4.21511e-10
-2.41536e-9
9.77752e-10
2.87899e-9
1.52227e-9
1.5604e-9
1.4208e-9
-1.27203e-9
-6.90707e-10
2.87775e-9
5.7514e-10
-3.51772e-10
-3.10376e-10
4.39609e-9
4.11617e-10
4.49718e-9
1.16955e-9
-8.07269e-9
-6.56385e-9
-2.23897e-9
-5.48355e-9
-1.55543e-9
5.14971e-9
-3.79454e-9
-4.65234e-9
4.84078e-9
1.4456e-9
2.02712e-9
1.98968e-9
8.11901e-10
-8.54764e-9
4.11341e-9
-3.73528e-9
-4.02534e-10
-2.70283e-8
-4.342e-9
-2.66296e-9
2.39005e-9
-6.80749e-11
-2.78029e-10
-9.2641e-9
-7.46585e-10
1.19272e-8
-1.43663e-8
-3.62406e-8
-6.04982e-8
-2.14202e-9
-1.74848e-9
1.36659e-10
5.30477e-9
7.09597e-8
5.49213e-8
-2.04132e-8
-1.2725e-7
6.7565e-10
-2.72541e-11
1.22473e-8
2.06985e-9
-7.74471e-7
2.35138e-6
4.1755e-6
6.25537e-6
-2.96367e-9
5.04338e-9
-2.34725e-9
-1.45071e-5
2.66973e-5
-2.41246e-5
3.89152e-5
1.74549e-9
5.23502e-10
-1.34028e-9
-7.29358e-5
-5.17235e-5
-4.88201e-9
-4.86094e-10
-7.04516e-10
0.000110854
-0.00017603
4.86921e-5
-0.000171849
6.66293e-9
-2.09923e-9
0.000269052
4.64321e-6
6.25461e-10
5.09691e-9
-8.97081e-10
-0.00048782
0.000348708
-0.000137118
2.84304e-10
1.22184e-9
-1.06229e-9
0.000451192
-0.000408521
0.000380174
4.62838e-10
4.57791e-9
-1.15877e-9
-0.000326702
0.000409103
-0.000585142
1.57005e-9
8.55223e-10
0.000163628
-0.000193497
-4.12705e-9
2.06373e-10
-0.000372152
0.000369722
7.20703e-10
1.36656e-9
0.000100795
-0.000262192
-4.58312e-9
6.80246e-10
2.31645e-8
-4.21405e-9
-5.35943e-8
-6.77989e-8
5.96833e-6
-2.21317e-5
-1.92247e-6
-4.22501e-6
4.79279e-6
6.30554e-6
1.44796e-7
2.10986e-7
-3.92283e-7
-6.31629e-7
1.17033e-6
-1.05413e-7
8.87345e-7
3.42662e-8
1.23427e-6
1.37832e-6
-3.11022e-6
-2.29859e-6
7.16302e-6
1.31972e-8
4.07442e-8
-9.88925e-9
-2.96915e-8
2.06453e-6
-1.40332e-5
3.36738e-6
2.23e-5
1.06632e-9
-1.9993e-8
1.17068e-8
7.42705e-9
-2.18774e-5
-2.5264e-5
6.66815e-5
8.42336e-6
-4.02819e-7
-6.62837e-8
3.55974e-7
4.06066e-8
-0.000159275
4.42449e-5
0.000245336
-0.000125317
-0.000332118
0.000249452
8.4629e-5
-1.69189e-5
-1.19935e-5
1.50137e-5
-3.61249e-6
5.61283e-6
0.000424706
-0.00038103
-0.000412873
0.000439069
0.000293034
-0.000442829
0.000357945
-4.59201e-5
0.000216129
-0.000293524
-0.000201344
1.60794e-6
0.000183328
0.000516461
-0.00030234
-5.03931e-5
-0.00104644
0.00155124
2.38087e-5
-0.000414554
-6.78425e-10
-1.77841e-8
3.68487e-8
2.49917e-9
1.21619e-8
1.44091e-8
-2.8954e-9
-1.13381e-8
1.23648e-8
2.25581e-8
-8.37242e-9
-7.97773e-9
-1.15421e-7
5.00401e-8
9.84491e-9
-5.07061e-8
5.6182e-9
-5.89935e-8
-2.07369e-8
2.59084e-8
1.57517e-8
-2.29117e-8
5.1376e-8
2.30598e-8
3.58997e-8
3.23147e-8
2.03869e-8
-4.7626e-8
7.82573e-8
-6.57006e-8
1.82147e-7
-5.0194e-8
-7.37606e-8
1.09627e-8
-7.87587e-9
-1.29123e-9
-2.59138e-7
-1.24268e-8
7.97046e-8
6.43673e-8
-2.19068e-7
-4.12673e-7
-5.33179e-8
-3.87998e-8
1.33401e-8
8.93313e-8
7.44663e-7
-4.13852e-7
-4.01311e-6
-8.78224e-6
9.5444e-9
-1.35156e-8
3.15645e-7
-6.49813e-8
1.3956e-5
-2.00949e-5
-3.65588e-5
-7.1791e-5
3.16298e-8
-6.44185e-9
8.59168e-10
0.000116453
-8.44178e-5
0.000116646
-0.000174274
2.113e-8
1.82012e-9
-6.98999e-9
0.00021996
0.000300595
-5.23462e-8
1.09829e-7
-3.30195e-8
-0.000394737
0.000362262
-0.000439191
0.000560532
4.5306e-8
-7.22079e-10
-0.000641954
0.000565449
-7.79154e-9
-9.82889e-9
0.00057111
-0.000519567
5.31482e-8
-1.3487e-8
-0.000403466
0.000359588
2.29931e-8
2.03038e-9
0.000241409
-0.000238431
-2.50673e-8
1.10802e-8
-0.000200021
0.000289408
-1.58427e-8
7.79325e-8
1.56209e-8
-2.27839e-7
5.81708e-8
2.73728e-8
1.94284e-5
-4.98845e-6
1.67956e-6
-2.52954e-6
0.000174081
-2.55028e-6
-8.79906e-8
-5.35708e-7
2.72494e-7
-6.6246e-7
-4.53807e-8
3.5637e-8
-3.75054e-7
-2.7115e-7
-1.39821e-7
2.04516e-6
-1.03538e-6
-5.53088e-6
4.93336e-6
-3.16941e-8
5.68789e-7
-9.14781e-8
-2.8005e-6
1.24495e-5
-1.56821e-5
-2.5178e-5
4.02609e-5
-5.92687e-7
-1.05673e-8
9.39617e-8
1.21693e-7
4.08492e-5
-7.45359e-5
-8.36985e-5
0.000184042
1.08146e-6
-1.24478e-7
4.29077e-7
2.96767e-6
7.7056e-5
-0.000239862
4.17726e-5
0.000238607
8.10057e-5
-0.000287488
-4.94267e-6
-2.23217e-5
-1.64518e-5
1.43837e-5
2.14146e-6
-1.76605e-6
3.99982e-5
0.000217847
-0.000221286
-4.36922e-5
0.000361393
-0.000166911
-0.000423663
0.000326366
0.000431566
-0.000412972
-0.000337773
0.000550473
3.71151e-7
1.87947e-9
3.02649e-8
2.08635e-7
-3.35924e-8
-6.79707e-8
-3.45178e-7
4.46329e-7
-1.53997e-7
-1.16982e-6
5.70831e-7
-5.59467e-7
-4.32564e-7
2.24759e-7
4.43228e-8
-4.72795e-7
5.53598e-7
2.70104e-7
1.11783e-6
-1.53379e-7
3.17843e-6
-1.9664e-8
-4.94942e-6
2.07484e-6
-2.42621e-6
3.32442e-6
4.46997e-8
-6.13992e-7
-9.12286e-8
1.0483e-6
-1.47639e-6
1.6373e-8
-6.75209e-7
4.53563e-7
3.18631e-6
-2.26921e-6
5.75399e-7
4.97412e-6
-8.09962e-6
5.58353e-7
3.1374e-7
6.20984e-6
-1.40756e-6
-4.66119e-7
6.35243e-7
-1.86282e-6
-1.4584e-5
2.36535e-5
2.92529e-5
7.81044e-5
1.50431e-7
3.28348e-6
-3.97169e-6
4.02372e-7
-0.000112177
0.000102913
-9.05575e-5
0.000205875
0.000199581
-5.22816e-7
3.47609e-7
5.15623e-6
-0.000261473
-0.000450215
-3.5891e-7
1.73891e-8
-3.19196e-6
1.14816e-6
0.000607918
-0.000499978
0.000654289
-0.000843158
-0.000614853
3.98949e-9
-2.03683e-6
-5.74199e-7
0.000817649
-0.000739065
0.000696943
-2.52252e-8
2.41987e-6
5.43829e-7
-0.00075004
0.000660821
-0.00061196
-1.96803e-7
-3.27901e-6
4.1781e-7
0.00066906
-0.000491464
0.000446922
1.71622e-8
-5.75229e-8
-1.74484e-7
-0.000276364
0.000258278
-0.000299681
4.49162e-7
-5.05206e-8
6.69283e-5
-9.24309e-5
1.73394e-7
-1.54525e-5
5.99685e-7
7.78584e-7
-1.53894e-6
6.77098e-6
-2.23648e-6
1.81799e-6
1.88966e-5
5.31062e-5
-1.60764e-5
4.79548e-6
-8.96527e-5
4.19171e-6
-2.04019e-6
3.45068e-6
3.28292e-6
-5.937e-6
-3.36952e-6
-2.10135e-6
7.26719e-6
-5.03243e-7
-2.17678e-5
2.01347e-5
3.41092e-6
-3.76904e-5
1.86529e-5
-7.19004e-6
1.31707e-6
5.69407e-7
1.61847e-6
7.72402e-5
-5.35284e-5
-1.51807e-5
-0.000183601
9.79428e-5
0.000308654
-0.000302054
-5.30108e-5
-1.85619e-5
1.65295e-5
-4.37933e-5
2.32082e-5
-5.20585e-6
-4.83132e-6
-0.000496589
0.000508689
-0.000305353
0.000649111
-0.000599444
0.000445343
-0.000720694
0.000657455
-0.000517355
0.001037
-0.000667183
0.000486063
-0.000370251
0.000299813
-0.000318061
9.51033e-5
-7.8834e-5
0.000140246
-1.21709e-5
-2.71173e-6
8.25495e-6
-1.38527e-5
5.97839e-6
-3.72057e-7
-5.30854e-6
1.61459e-5
6.69321e-6
8.70128e-5
-2.6841e-5
-1.7463e-5
3.41545e-5
-1.48796e-5
2.84661e-5
6.34574e-6
-1.09862e-5
1.40189e-6
4.57882e-8
-3.81046e-5
1.8388e-5
-1.08369e-5
0.00015258
-0.000172213
9.61787e-5
-5.41388e-5
-3.90791e-5
4.19794e-5
-6.18765e-5
-1.17236e-5
2.20429e-5
-5.55462e-5
6.69983e-6
3.37489e-6
-2.39035e-6
-2.17248e-5
-7.60959e-5
7.15059e-5
-2.95543e-5
9.26103e-5
-0.000208939
5.40952e-5
-3.85338e-5
-3.03742e-5
8.21856e-5
-0.000172949
4.00772e-5
-6.4585e-8
-1.6873e-5
-8.17983e-7
3.0314e-5
1.73431e-5
0.000133957
-3.03918e-5
-0.000165632
0.000312834
1.22228e-5
2.76614e-5
-7.34499e-5
7.71907e-5
1.04697e-5
7.15819e-5
0.000105462
0.000207354
-0.000124749
-0.00040746
0.000709984
-8.79207e-5
-6.66664e-6
2.66577e-6
-9.6309e-5
0.000220472
0.000679101
-0.000793342
-8.23586e-6
0.000173428
-0.000153477
1.74676e-5
-0.000547639
0.000196918
-0.000904556
0.00063032
0.000780397
1.3761e-5
5.45954e-5
-3.41328e-5
-0.000660247
0.00110414
-0.00103869
-5.7545e-6
3.89135e-5
-4.03018e-5
0.000358726
1.43506e-5
-0.000173943
-4.12365e-5
-2.79023e-5
0.000211119
-9.53311e-5
6.07474e-5
0.000685745
-3.97729e-5
-0.000400772
-0.000668865
0.000278454
0.000544846
-0.000221517
-4.94675e-6
-5.19779e-5
5.99999e-6
4.15913e-5
1.0548e-5
0.000297666
3.46887e-5
-1.59703e-5
-0.000144424
-5.2471e-6
2.40063e-5
-0.00047203
0.000219452
3.59192e-6
0.00163312
-4.27589e-6
2.19693e-5
0.000363201
1.18905e-5
-5.13186e-5
-0.000132097
-2.93155e-5
0.000473554
-2.54108e-5
-0.000225644
-1.10824e-6
5.94478e-6
1.28915e-6
0.000113528
0.000201636
7.47182e-5
-0.000163694
-0.000195679
-0.000181627
0.000333651
-0.000161188
0.000494473
3.01818e-5
-0.000680119
0.000402262
4.76951e-5
0.00234561
-0.0016232
0.000663558
-0.000545367
0.000220768
-0.000610727
0.00026073
-0.000593549
0.00086532
-0.000246748
0.00063908
-0.00109386
-0.000152497
0.000172942
7.6103e-5
-0.00012886
0.000273601
-0.0003543
0.000464909
-0.000290594
2.59483e-7
-6.22322e-5
0.000192834
-0.000425961
0.000681694
-0.000882503
0.000679694
-0.00034262
-7.59627e-5
6.0303e-5
2.32736e-6
-0.00018903
0.000534727
-0.00094329
0.00118455
-0.00108884
0.000619802
-0.00016511
0.000127968
-0.000189483
0.000181279
6.56633e-6
-0.000420662
0.000924491
-0.00124518
0.00116541
-0.000752036
0.000161873
0.000152776
-0.000272858
0.000422405
-0.000525581
0.000404271
1.07024e-5
-0.000568855
0.000992459
-0.00109636
0.000850301
-0.000244457
-0.000306777
0.000354771
-0.000680516
0.000936981
-0.000910438
0.000548551
1.06088e-5
-0.000543575
0.000919345
-0.00100112
0.000428559
-0.000468736
0.000887226
-0.00118603
0.00123957
-0.000979756
0.00052718
7.5422e-6
-0.000756579
0.00181154
-0.00236001
-0.000689306
0.00110042
-0.00117088
0.00109443
-0.000909993
0.000744767
4.38851e-6
-0.000347292
-0.00063844
0.000768158
-0.000859943
0.000997229
-0.001798
0.000336608
0.000263778
-0.000433079
