-0.00139787
0.00465018
-0.00937227
0.00539667
-0.00470519
0.0083601
-0.0116561
0.0155015
0.00261455
-0.00652422
-0.0030015
0.00743842
0.0019398
0.00259495
-0.00329716
-5.86768e-5
0.00134926
-0.000659564
0.0192424
-0.00958795
-0.00768067
-0.0288511
0.00818245
-0.00280313
0.00348207
0.0231741
-0.0127181
0.0108739
-0.00343015
-0.0101499
0.00260416
-0.000530643
0.00910846
-0.00055798
0.000288847
-0.00597775
0.000151974
-0.000395791
-6.19579e-5
0.00265515
0.00218663
0.0034714
-0.00268084
-0.0126631
0.00306416
-0.010498
0.0114366
-0.0134338
0.0150064
-0.0151608
0.00288613
0.0101435
-0.000279164
-0.00535311
4.49698e-5
0.000242657
2.14467e-5
-0.000373773
-0.00327302
0.00574872
-0.00216117
0.00371586
-0.0148507
-0.00274779
0.00136932
0.00227722
-0.00586919
0.0104693
-0.0144683
0.0152591
-0.0123111
0.00282958
0.00665536
-0.00124189
-0.00386022
-8.46261e-5
0.00202785
-6.65473e-5
0.000308592
0.00469599
0.00203855
-0.00534737
0.00585319
-0.00321774
-0.00226528
0.00787609
-0.0103963
0.00877131
-0.00519245
0.00241051
-0.00100111
0.0320932
-0.0315651
0.00672405
-0.0289046
0.0372273
-0.000824768
-0.0116361
0.000306371
0.00890675
-0.0137801
0.0131692
-0.00766719
0.000836749
0.00354222
-0.00441094
0.00328259
-0.00101394
-0.00164377
0.000598759
0.00141784
0.000230928
-0.000471452
-1.5756e-5
-0.000228174
0.0236732
-0.0224847
0.0126581
0.00130283
-0.012188
0.0192882
-0.0196571
0.0142578
-0.00697187
0.00158248
0.000793579
-0.000977582
0.000651497
-0.000866295
0.000425191
1.05764e-5
-0.00900109
-0.00570038
-0.00360877
0.0134815
-0.0196338
0.0198653
-0.0149295
0.00853505
-0.00366176
0.00087526
-3.09347e-5
-0.000108361
-7.34804e-5
1.30067e-5
-0.000138801
0.00699747
-0.00370276
-0.00348676
0.00254962
0.00209141
-0.00963006
0.0153131
-0.0146406
0.0113165
-0.00694078
0.00399635
-0.00147645
0.00136264
-0.000185207
3.58387e-5
-0.000103061
0.000112818
0.000628072
-0.00117256
0.00474234
-0.00807705
0.00806079
-0.00686207
0.00454894
-0.00502801
0.00237411
-0.00253345
0.00092338
-2.90295e-5
0.000362271
-4.99114e-5
-0.000265776
5.17571e-5
-0.00252274
0.0041184
-0.00340808
0.00305913
-0.00232265
0.00540052
-0.00405205
0.000556283
0.000602007
-0.000798908
0.000453769
-0.000146
-8.30278e-5
0.00112735
-0.00197907
0.00161955
-0.00264067
0.00194044
-0.000319055
-0.00103235
0.00191081
-0.000709256
-0.000121838
-0.000298533
9.06305e-5
0.000968513
-0.000755274
0.000770189
-0.000776128
0.000979127
2.44189e-6
-0.000997929
0.000281626
-1.27632e-5
2.70933e-5
0.000306442
-0.00180818
0.00134203
-0.000665706
0.0052621
-0.00418609
0.00454206
-0.00218706
-0.0144034
0.00888585
-0.000698774
-0.00626634
0.00885965
-0.00742509
0.00527709
-0.00653067
0.00499812
-0.00270989
0.00342117
-0.00229075
0.000199696
-0.00130823
0.000142016
0.00306497
0.000645009
0.000567917
-0.00298168
-0.00104065
0.00116355
0.000272894
0.00266214
-0.000829005
-0.00560599
-0.00432195
0.00102609
-0.000175454
0.000198015
0.00931126
0.000229459
-0.00030851
0.000762009
-0.00135796
-0.000351208
0.000170577
0.000562905
0.000202314
-0.000232673
-0.00150608
0.00605791
-0.00150883
-0.00546616
0.00011313
0.0132931
-0.000118715
-5.84472e-5
4.4102e-5
7.47482e-5
2.30374e-5
-2.14073e-5
-0.000824589
0.00254646
0.000280706
0.000901628
-0.00405888
0.000105051
0.00808795
3.54918e-6
-1.34862e-5
-3.11096e-5
3.84586e-6
3.15069e-5
-1.70394e-6
1.29838e-6
0.00109013
-0.00135818
-0.000107133
-7.29452e-6
-0.00182441
0.00365831
-0.00120603
0.00432452
-0.00932699
7.13307e-5
-0.000643559
2.13377e-5
-1.46423e-6
-2.82034e-5
2.00113e-6
2.00346e-6
-3.28712e-7
-2.12146e-7
-0.00925398
0.0286502
-0.0386577
8.69516e-5
-2.56051e-5
2.41649e-6
-0.00194979
-0.00976577
0.0271603
-1.11871e-5
6.93937e-6
5.88603e-6
0.0122778
-0.000657264
-0.0148808
6.49005e-6
-7.56551e-6
-1.72634e-6
-0.0204991
0.010401
0.00416406
3.65794e-5
-3.04028e-6
3.00886e-6
0.0177984
-0.0117226
0.0072913
0.000871757
5.24781e-5
-2.33389e-5
6.50883e-6
-1.92845e-6
-0.00881673
-0.00555205
0.000834903
-0.000148582
3.2572e-5
-3.26538e-6
5.95963e-6
0.0078251
-0.00448362
-0.00453613
0.00377862
-0.00195943
0.000310841
-0.000160027
9.05752e-5
-3.91243e-5
1.46495e-5
-1.89217e-5
0.00133812
0.000975256
-0.000458436
0.000140506
-0.000115334
0.000148349
-3.29051e-5
5.57475e-6
7.88535e-6
-0.000713292
0.000469321
7.20596e-5
0.000209793
-9.37863e-5
0.000119767
-0.000248542
0.000286815
-6.6179e-6
2.4115e-5
1.67429e-5
-4.37708e-5
-3.30717e-7
1.19262e-5
-2.89659e-5
3.02377e-5
-4.28624e-5
4.03215e-5
-1.69525e-5
2.36857e-5
-0.000102997
1.62959e-5
-8.98444e-6
-1.12708e-5
-5.67386e-5
-3.78591e-5
-3.36479e-5
1.31768e-6
2.10616e-6
-1.51292e-6
6.91212e-6
5.3842e-6
-2.59462e-5
9.5741e-6
-2.07226e-7
3.00149e-5
-8.09084e-6
4.0779e-6
5.83851e-6
2.85357e-5
3.94013e-5
-1.95704e-5
-1.40042e-5
-2.56428e-6
-1.65888e-6
-3.15549e-6
-7.14891e-6
2.68745e-6
-2.26911e-6
-5.54566e-6
0.000103519
0.00529174
-0.0087323
-0.00643601
0.00643818
-0.00836562
0.016179
0.00555867
-0.00471418
0.00397562
-0.00315457
0.00106894
0.00050761
-0.000605508
0.00373338
-0.00561266
0.00392731
-0.00712245
0.00811866
-0.0043753
0.00737073
-0.00745273
-0.00513729
0.00491796
0.00482177
-0.0033709
-4.5002e-5
-0.000108329
0.000166823
-0.000147577
0.000306696
0.000296081
-0.000472312
0.00197843
-0.00347641
0.00195082
0.00121338
-0.000500421
-0.000561778
-2.79069e-5
-1.62532e-5
9.36637e-5
-3.3407e-5
-1.70186e-5
0.000170391
0.000153479
-2.76825e-5
-0.000128056
-8.41279e-5
0.000490689
-8.72734e-5
1.14943e-5
-7.08414e-6
7.42277e-5
9.60147e-6
-3.52151e-5
-3.59389e-5
0.000104991
-1.61925e-5
0.000125958
1.13186e-5
-5.62612e-6
1.43622e-5
2.05484e-6
-5.10564e-6
0.000197404
-0.000215053
-4.06061e-6
-0.00012081
0.00060313
-4.05257e-6
-1.06115e-6
-1.46741e-8
1.8929e-6
-5.88145e-7
3.12599e-7
-1.09538e-6
-0.000116159
1.96941e-7
-0.00578079
0.00305199
-9.02774e-5
0.00885635
-0.00557413
0.000208614
0.000597679
1.33644e-7
-8.34085e-8
-9.89575e-8
-1.02648e-7
1.85141e-7
-1.0733e-8
5.42819e-8
-0.0205535
0.0124465
-0.0031333
-1.39572e-6
5.00718e-7
-1.13321e-7
0.0344463
-0.0239635
0.0130209
-1.10633e-6
1.6338e-7
-1.32911e-7
-0.0414307
0.0320982
-0.0210114
2.28583e-7
7.03346e-8
-2.94036e-8
0.0375214
-0.0314864
0.0217926
-9.81947e-7
6.81637e-8
-3.24276e-8
-0.0272056
0.0208572
-0.0196313
8.13627e-7
-2.52334e-7
6.48446e-8
0.0148277
0.0104674
2.87434e-7
-9.00272e-9
8.98468e-9
-0.0120004
0.00937464
0.00805115
-0.00506873
0.00413779
-5.8593e-6
1.78473e-6
-8.11328e-7
2.27623e-7
-0.00269736
-0.00129808
-3.42418e-6
5.0811e-7
-2.20406e-7
0.00118533
-0.000805443
-0.000397521
-9.97365e-5
-1.22194e-6
-1.41813e-7
3.30707e-7
4.61065e-7
0.000104382
-5.07974e-5
-2.75084e-5
-3.14982e-6
-6.18793e-8
-2.0104e-6
-1.84219e-8
4.14983e-7
5.48453e-6
2.11768e-6
-2.17011e-6
-5.13428e-6
4.37016e-6
9.22553e-6
1.34604e-7
1.72435e-6
3.06258e-7
-2.11369e-7
1.45911e-7
8.88415e-7
1.98751e-6
-1.59665e-6
9.84563e-7
4.03283e-7
1.77992e-6
1.36013e-6
-6.44642e-7
1.00506e-6
1.26102e-6
1.69655e-7
2.30958e-6
-4.0283e-6
-3.21127e-7
2.84352e-7
-3.59945e-7
-9.47831e-9
8.0839e-7
-4.26125e-7
-2.74078e-7
-6.6799e-7
-1.76287e-7
7.95485e-8
-4.13027e-7
-4.41699e-7
-1.04997e-6
2.46888e-7
1.84977e-6
1.64417e-7
9.45826e-8
1.58174e-7
1.89632e-7
9.93838e-10
4.50774e-8
1.92521e-7
-0.00140069
-0.000377216
0.00688267
-0.023374
0.0238893
-0.0174454
0.00568722
-0.00339769
-0.00271753
0.00279478
-0.00110572
0.00056121
0.00564398
-0.00354233
-0.00614163
0.00227037
0.00406831
0.00129487
-0.00131706
-0.00448459
0.000151817
0.00322312
0.000849458
-0.00315549
6.37033e-5
0.000125291
-0.000331196
0.000511808
-0.000155623
0.000454169
-0.00129933
0.00329667
0.000997054
-0.00188349
-0.000602455
0.00084454
-1.32974e-6
1.11848e-5
-9.88876e-6
2.5668e-6
0.000317518
-0.000418669
-0.000147014
0.000192462
-5.00294e-6
2.54452e-5
-5.35003e-6
1.07504e-6
6.03631e-5
-7.97444e-5
-2.21906e-5
3.0056e-5
-2.12883e-6
8.08833e-6
-2.17732e-6
1.05444e-6
7.30652e-6
-1.03029e-5
-2.0782e-6
3.63964e-6
-8.9785e-5
5.16501e-5
1.27064e-5
0.000233761
-0.000293794
-2.03481e-6
3.80798e-7
-1.22869e-6
3.89614e-7
-1.91792e-7
4.27919e-7
-1.69929e-7
0.00319393
-2.87829e-5
-0.00065523
-0.0140087
0.0102138
-1.7813e-5
4.19839e-8
9.65664e-8
-2.50583e-8
7.02596e-9
-3.97178e-8
0.0127752
-0.0118783
2.05306e-8
2.79037e-9
-0.0404589
0.0283697
4.61982e-8
-1.28372e-8
0.0519729
-0.0439242
2.98105e-8
-1.46696e-8
-0.0509669
0.0477259
1.05886e-8
-7.90202e-9
0.0294371
-0.0371056
-6.77947e-9
-1.88915e-9
-0.0178841
0.0251849
-2.38014e-8
1.0492e-8
0.0105641
-0.0145293
3.53553e-8
-9.39708e-9
-0.0062018
-0.00569254
1.66887e-7
-9.41866e-8
5.69596e-9
0.00328998
-0.00178328
-0.00130996
0.00224394
1.61116e-8
-3.50402e-8
8.127e-9
0.000413322
0.000241126
-1.0687e-7
-5.06991e-9
5.30389e-9
-9.2096e-5
2.35639e-5
6.7041e-6
5.61126e-6
-1.53135e-8
-4.11222e-8
7.34126e-9
2.25446e-8
4.99586e-6
-3.5404e-6
-2.9953e-6
-1.55054e-6
-2.13865e-8
-1.02461e-7
3.74938e-10
9.99189e-9
8.15973e-7
2.14932e-7
-5.33399e-8
-2.74401e-7
2.70626e-8
7.91964e-8
2.03593e-8
-6.83713e-9
-1.28541e-7
8.76821e-8
7.58273e-8
1.63855e-7
-2.22471e-7
3.50822e-7
-3.84396e-7
-1.80408e-8
-1.65769e-8
-9.32685e-9
-1.29139e-8
-4.37831e-8
-3.16473e-8
2.43039e-8
-6.71924e-8
-3.65174e-8
-7.07741e-8
-4.07208e-8
2.66979e-9
-4.6867e-8
-5.80554e-8
-1.6604e-7
-2.08277e-8
-2.7838e-8
6.6081e-8
-1.76487e-8
1.23641e-8
1.92114e-8
2.16348e-8
2.36376e-8
7.31699e-9
1.3836e-9
2.22139e-8
6.11328e-8
0.00227998
0.00429396
-0.00536144
-0.00469402
0.00288935
-0.0016995
0.00452455
0.000350536
-0.000157455
-0.000701846
0.00260479
-0.00159911
0.00186325
-0.00133416
-0.0016237
-0.000319771
0.001149
0.00783891
0.00312943
-0.00898632
-0.00518405
0.000721634
0.00159651
-0.00437267
0.0160185
-0.00882417
0.00445219
-0.0118765
0.00351494
0.00662622
-0.0101861
-0.00538819
0.00515523
0.00293783
0.00339688
0.00203256
-0.0034471
-0.0028931
-1.47637e-5
-9.51225e-5
0.00017782
-0.000455382
0.000372578
-0.000135408
0.00148071
-0.00140351
-0.000432041
-0.000717653
-0.000425531
0.000706672
0.000407571
-6.8944e-7
5.74526e-7
4.94539e-6
-1.49568e-5
-0.000230414
0.000343502
0.00010558
-0.000141161
2.62336e-6
1.02119e-6
-4.37501e-7
-1.59108e-6
-4.32601e-5
5.95612e-5
1.45919e-5
-1.66546e-5
7.22216e-6
2.69303e-7
-3.36355e-6
-1.36668e-5
-4.27989e-6
5.78404e-6
7.36727e-7
-1.11925e-6
4.52333e-5
-1.39618e-5
1.78834e-6
5.3443e-6
5.09816e-5
-5.0865e-5
1.25682e-7
-2.65156e-7
5.56709e-7
-8.9665e-8
-1.55885e-7
8.05765e-8
4.75164e-8
-0.000271046
0.000541181
0.000222778
0.00286063
-0.00722072
-0.000298234
-2.06633e-8
-1.43243e-8
-5.39994e-8
1.94765e-8
1.29176e-8
4.51918e-9
3.70113e-5
0.0135984
-4.93936e-9
-1.85002e-9
-0.0297617
6.08128e-10
-0.0623116
0.0976966
-0.0236942
0.0685104
-0.120701
0.00946268
0.0719255
1.76686e-9
-1.34383e-9
4.91666e-9
2.54935e-10
7.69236e-10
-2.72399e-10
-1.70196e-9
5.27629e-10
-0.0536019
0.0743288
-0.0628362
4.20582e-9
-1.14614e-9
5.19827e-10
0.0154329
-0.0325123
0.0430144
2.11066e-9
-3.44335e-10
2.87812e-10
0.0316874
-0.00466752
-0.0108388
-2.13349e-11
1.97484e-10
-7.3876e-11
-0.00566907
0.00739896
-2.02931e-9
-1.23981e-10
-0.00154261
0.00463935
0.00279968
-0.00550394
3.18957e-9
-1.285e-9
1.48137e-9
-4.45005e-10
7.36087e-12
-0.00304727
0.00363546
-3.6766e-9
1.26239e-9
0.00127395
0.000651374
5.22522e-9
-4.56133e-10
-0.000308984
-0.000159425
2.32797e-5
-0.00017315
-3.5125e-9
-3.16601e-9
2.82684e-9
-9.22912e-9
-1.70837e-9
9.83945e-6
4.83023e-6
-3.28028e-9
1.82492e-9
-7.56951e-6
1.01738e-6
2.09909e-6
7.31193e-7
7.49804e-10
-3.48028e-9
-3.20921e-9
3.86741e-9
6.18314e-9
-5.84612e-10
-1.34233e-7
-7.23156e-7
-1.24333e-7
-2.23948e-7
-3.20612e-9
-3.63746e-9
-6.26934e-10
-8.45957e-12
2.06333e-8
-7.10832e-8
3.17764e-8
1.33829e-9
5.71924e-9
3.21548e-9
1.14821e-9
5.38147e-10
-2.49323e-8
-1.16036e-8
7.1233e-9
1.02399e-8
2.19617e-8
1.4998e-8
-1.36273e-8
1.32497e-9
-2.8239e-9
-3.29e-9
-3.32035e-9
7.27566e-10
-1.77904e-9
6.62506e-9
-9.35976e-9
-9.77388e-9
-7.144e-9
-6.87629e-9
-1.49722e-9
-1.3828e-9
4.82002e-9
-1.99703e-8
-6.40271e-9
-4.09723e-10
-8.85137e-10
1.77209e-9
-9.61184e-10
7.2703e-10
6.90152e-10
-1.31688e-9
7.95632e-10
1.78924e-9
3.02607e-9
3.03866e-9
1.72337e-9
6.07903e-10
-1.44379e-9
3.11225e-9
3.66182e-9
1.04989e-9
-1.06208e-10
-1.53297e-10
-5.93642e-10
-9.79933e-10
-9.07366e-10
-3.45772e-10
9.65741e-11
7.74773e-10
-1.3912e-9
-0.00244004
-0.00122876
-0.000148872
0.00156453
-0.000353528
0.00164314
-0.00259803
-0.00185656
0.00214481
-0.00137356
-0.000314187
0.00649405
0.00089443
-0.00649572
-0.00118804
-0.00326672
0.00528114
-0.00321129
0.00284187
-0.00107381
0.0015996
0.00850747
-0.00749568
-0.00414887
0.00253382
0.00215249
0.00116651
-0.00162208
2.63371e-5
8.44829e-5
4.7974e-5
0.000973716
-0.00020634
0.00122272
-0.000598852
-0.000628402
-0.000366818
0.000509531
1.80489e-6
-3.36383e-7
-9.91479e-7
2.20526e-6
-2.30111e-5
3.98788e-6
-0.000296745
0.00023662
5.36599e-5
0.000105771
6.34069e-5
-0.000123449
-4.73491e-5
-1.0408e-6
2.65505e-7
8.00737e-6
-1.01487e-5
1.35304e-6
2.01661e-5
4.57881e-6
-2.59782e-5
-4.84811e-6
-0.000144734
2.97783e-5
5.24789e-5
8.53392e-5
-3.44429e-5
-4.44928e-7
2.65005e-6
-1.50434e-6
-3.2337e-6
-8.08876e-7
0.000607064
5.44848e-5
-0.000764079
0.000705916
0.000591392
7.58424e-8
4.65915e-8
4.78086e-7
-1.45864e-7
-1.22608e-8
0.00139563
-0.00125069
0.0041251
-0.0016053
-0.001203
-0.00601743
2.0617e-9
-6.20232e-9
2.26922e-9
1.65684e-9
-1.28087e-9
1.12275e-9
-0.00748803
-1.39824e-10
-0.0264695
0.042203
-0.0130368
0.0475048
-0.0415515
0.00470501
-1.65577e-10
1.23916e-10
2.28435e-10
-8.9701e-11
-1.84453e-10
3.95415e-11
-0.0177826
0.0265367
-1.49342e-10
6.7334e-11
-0.0189846
0.0126941
-6.33337e-11
5.65927e-11
0.0701334
-0.0529792
5.90984e-11
-2.40551e-11
-0.00811868
-0.00387252
0.00664679
0.00241409
-0.00330808
1.54898e-10
8.73625e-11
1.54714e-10
-3.03301e-11
-3.15324e-11
-0.00154784
0.00271143
1.40961e-10
-3.6242e-11
-0.000231777
0.000112462
-2.90531e-5
-3.88356e-5
0.000100087
9.68119e-9
-1.34855e-8
1.501e-8
-1.50369e-8
-2.75239e-9
-1.5187e-5
3.93382e-6
-3.81453e-7
-1.58001e-6
9.00284e-7
-6.89504e-9
7.43706e-9
-7.98315e-9
8.20112e-9
-2.10063e-9
5.90825e-7
2.85483e-7
9.40053e-11
1.34425e-9
-1.37258e-8
-2.01734e-7
-4.7804e-8
1.75844e-8
-4.49974e-10
3.46696e-10
-7.87964e-10
1.23911e-10
1.60757e-9
2.55971e-8
3.2918e-9
-1.09252e-8
9.89736e-9
1.08708e-9
-1.68353e-9
1.25374e-9
1.54448e-9
3.66125e-9
1.63327e-9
-2.83415e-9
2.10119e-9
5.69658e-10
-2.55708e-11
1.6893e-10
-2.55676e-10
-1.46625e-9
4.7222e-9
-6.80348e-10
-3.54941e-10
-2.68031e-10
3.72188e-11
2.16476e-10
-6.71139e-10
-9.26906e-10
-7.4402e-11
7.15542e-11
-2.15138e-11
7.74447e-11
-2.10403e-10
2.23132e-11
-2.26646e-12
-7.65347e-12
3.49373e-10
4.82617e-12
2.41325e-10
2.46577e-11
-2.87578e-10
-5.06062e-10
-6.3173e-11
3.18069e-10
1.7408e-10
1.04441e-10
5.38774e-11
4.60232e-10
3.35305e-10
4.54416e-10
7.22954e-10
9.80913e-10
7.75831e-10
5.76178e-10
0.00021133
0.00108607
-0.00119739
-0.00199836
0.00113886
0.00272978
-0.00150114
-0.00287597
0.00152197
0.00129102
-0.000416632
0.00837756
-0.00126833
-0.000892548
0.00101062
0.000500423
-0.000335617
-0.000133535
-0.000726272
0.0063321
-0.00776731
-0.00182107
0.00132055
0.00040037
0.000242823
-0.000144485
6.22614e-5
0.000165372
-7.36606e-5
0.000560128
-0.000161374
0.000431746
9.91255e-5
-0.000177352
-0.000165733
0.000131236
-5.65873e-6
9.61268e-6
-5.24087e-6
-4.88299e-5
-1.40704e-6
-0.00017796
1.16789e-5
6.99615e-5
6.52975e-5
-7.36287e-5
-2.22382e-5
6.32751e-5
-4.92495e-5
5.14054e-5
3.5603e-5
-5.32613e-5
-4.82157e-5
0.000176022
-0.000163745
1.13218e-5
1.65043e-6
-1.21228e-5
-0.000100934
-8.29204e-5
0.00043389
-0.000785551
-0.000435515
-3.49618e-7
1.49969e-6
-8.48396e-7
-1.42193e-6
-4.71326e-7
-0.0014669
0.00180584
-0.00271067
0.00842172
0.00329882
2.81209e-10
5.8611e-8
2.72658e-7
-6.08e-8
-1.56419e-8
0.0128721
-0.0105273
0.0140322
-0.0201806
0.00895364
-0.0219353
1.34555e-9
-1.00322e-9
7.89569e-9
7.32435e-11
-5.41969e-10
2.67335e-10
0.00328644
1.19737e-10
-0.0252203
0.0242733
-0.00468294
0.0246769
0.0406246
-0.0346278
-0.0334474
-0.00992318
-6.19724e-12
-7.37977e-11
-3.31159e-11
2.77501e-11
-0.0045957
0.012507
0.00548442
-4.90621e-11
7.61609e-11
-0.0438176
0.0157724
0.0359536
-5.25953e-11
1.17266e-10
0.0603963
-0.0152414
-0.0769864
5.51117e-11
-3.15479e-11
-0.00749874
-0.00577507
0.00781632
0.00189141
-0.00201079
-4.48729e-10
1.37037e-10
5.73812e-11
-0.000538588
0.00102095
1.53946e-9
-6.83285e-10
7.03115e-5
6.10803e-7
-1.93081e-5
1.24809e-6
-4.68287e-6
1.59793e-8
-1.29544e-8
1.47512e-8
-8.28972e-9
1.31444e-9
6.20868e-6
-1.36572e-6
-3.03442e-7
3.94836e-7
-3.86808e-7
-8.59328e-9
6.35188e-9
-6.78718e-9
5.62155e-9
-1.12415e-9
1.10346e-7
2.9557e-8
-6.94443e-9
4.71136e-8
-2.81885e-9
1.72499e-9
8.19199e-10
-7.87784e-9
-6.64579e-9
-3.64264e-9
-7.57126e-9
3.843e-9
6.28067e-9
1.57288e-9
-5.01103e-10
-2.55682e-9
6.77431e-10
1.87723e-9
-1.27473e-9
-4.93069e-9
1.87624e-8
3.57625e-9
-4.08959e-10
1.84217e-10
6.43097e-11
1.24878e-10
2.08705e-11
-8.77947e-11
5.49631e-10
-3.87423e-9
7.83504e-9
3.56664e-10
3.47658e-11
-3.29527e-11
-2.23631e-10
-9.11693e-11
-8.21942e-11
-2.93049e-11
-2.46439e-10
-2.83088e-10
-1.95625e-10
5.50962e-11
-3.76846e-11
7.21935e-10
2.60108e-10
3.63714e-10
-5.81972e-10
-1.4624e-9
2.2934e-9
-1.34975e-9
-1.7881e-9
-2.44318e-9
-1.88943e-9
-2.18486e-9
-1.31515e-9
8.55619e-10
5.54409e-11
1.30593e-9
5.28145e-9
2.43252e-9
8.36227e-9
6.18868e-9
0.000376424
0.00140591
-0.00109808
-0.00157431
0.00174178
-0.00173246
0.00143201
-0.00127563
0.000572268
-0.000203238
-0.000146775
0.000738613
-0.0030194
-0.0149848
0.0146371
0.00959023
-0.00395039
-0.000914226
-9.90962e-5
1.44956e-5
7.51479e-5
2.34544e-5
-0.000155141
-0.000265915
0.000188553
1.52081e-5
2.33249e-5
1.67105e-5
-3.30511e-6
-9.21911e-6
7.62511e-6
1.05033e-5
-7.69673e-6
-2.44691e-5
-4.97152e-6
-2.04876e-5
-3.09165e-5
-3.05517e-6
1.19394e-5
-7.98995e-6
4.47569e-5
4.28785e-5
-3.9262e-5
2.52235e-5
2.84287e-5
-2.82727e-5
0.000134106
0.000107904
-0.00013403
2.22065e-5
1.62521e-5
-2.18845e-5
0.000371982
0.000255445
-0.000334626
4.77135e-6
7.86482e-7
-4.12557e-6
0.00124757
-0.00104442
0.000536319
-0.00397716
-0.000824368
-1.7992e-7
5.5817e-7
3.48637e-8
-3.9989e-7
-2.38425e-7
-0.00816964
0.00741476
-0.00411813
0.0230182
0.00588787
-9.49978e-9
2.41337e-8
7.09553e-8
-2.42212e-8
-8.49454e-9
0.0428186
-0.0334677
0.0275328
-0.046897
-0.0434484
0.0304861
-0.0306097
1.31027e-9
-3.51305e-9
-1.44657e-9
4.06292e-9
-8.30386e-9
0.00794887
4.72554e-10
-3.02979e-10
-2.37703e-10
5.77538e-11
-2.08827e-10
-1.84931e-10
-2.90154e-10
-0.00281377
-2.24483e-10
4.56335e-10
0.000368213
-0.000662905
2.5804e-10
1.3385e-10
-3.0015e-7
5.86628e-5
-4.73315e-10
5.3932e-5
-6.93464e-6
4.59865e-10
6.43495e-10
-5.56122e-6
3.66397e-6
2.64851e-6
3.39638e-6
9.06655e-9
-2.48301e-9
2.15664e-9
-1.64572e-6
4.59715e-7
1.44567e-7
-1.16841e-7
3.47714e-7
-4.76376e-9
9.76076e-11
-2.98115e-9
3.40959e-9
-1.01017e-9
-1.27381e-7
3.13906e-8
1.47791e-9
-1.2398e-8
-8.80652e-9
4.13393e-9
9.01902e-9
6.31259e-9
3.44518e-9
1.0944e-10
-2.607e-8
8.53982e-9
2.1063e-8
5.62696e-9
-8.95446e-10
-4.37947e-9
-7.16186e-9
-1.67278e-8
6.54661e-8
-7.19496e-9
1.31266e-8
1.11577e-9
-3.43665e-10
-6.75668e-10
6.07359e-9
-1.72572e-8
3.20042e-8
-2.17821e-9
1.78415e-9
-3.37998e-10
-1.02823e-9
1.28796e-10
1.62353e-10
-1.20341e-10
6.86553e-11
5.21991e-10
-3.70242e-9
1.89389e-9
3.91913e-9
-3.22261e-9
1.84159e-9
5.6696e-9
-2.84826e-9
4.5349e-10
3.24264e-9
4.36321e-9
-9.08433e-9
-5.13495e-9
-7.06207e-10
-9.53564e-10
2.34234e-10
-2.57886e-8
8.62212e-9
4.61487e-10
-2.42884e-9
-1.48417e-8
-7.78898e-9
-8.68632e-9
-2.8538e-8
-7.87157e-9
-1.11879e-8
1.92237e-8
-0.00114163
0.00139235
0.000370921
0.000713511
0.000288942
0.00059747
-0.00172403
-0.00130523
0.00240707
0.00180494
-0.00269319
-0.00253446
0.00292802
0.00487607
-0.0034737
-0.00974069
0.00480228
0.000300152
0.00080803
-0.000195248
-0.000193078
-9.54314e-5
-0.000416365
0.000190535
0.000739294
-0.000949827
0.000522297
0.00142424
-1.14184e-5
7.06247e-5
-1.00735e-5
3.22056e-6
9.90251e-7
8.5925e-6
-1.1133e-5
2.79521e-6
2.75248e-5
1.98133e-5
-1.44592e-6
6.15657e-6
-3.14311e-6
-1.82556e-7
5.08056e-5
9.18747e-7
-3.98317e-6
-2.38177e-6
1.87761e-6
-2.30623e-6
0.000137102
3.88936e-7
-2.1705e-5
8.69963e-6
1.03991e-5
-8.72439e-6
0.000333767
-2.71559e-6
-6.13793e-5
8.169e-6
6.16006e-6
-5.38645e-6
0.000730083
3.32042e-6
-0.000138923
5.61946e-7
1.05911e-7
1.37198e-7
0.00273954
-0.00208941
0.000302299
-0.000994962
-0.00608636
-0.000275096
2.57738e-8
-3.33225e-8
-9.51113e-10
-9.58484e-8
-0.0263676
0.0133321
-0.00260069
0.0103518
0.046836
0.00297125
4.89111e-9
-3.75742e-8
1.06353e-8
-3.02921e-8
6.475e-8
1.77967e-8
-0.00739319
0.0257365
-0.0391765
0.0246839
-0.0240123
0.00722975
0.0450689
-4.7067e-9
1.91374e-8
1.11782e-9
-1.53055e-9
7.10743e-9
0.0491567
-0.0385082
-3.53747e-10
1.2135e-9
-0.0510811
0.0479063
6.6128e-10
-1.3594e-9
0.0290461
-0.0232913
3.42763e-10
-1.95433e-9
-0.00845834
0.00163122
8.14122e-10
-3.28691e-10
0.00232087
0.000536684
3.03376e-10
-4.4166e-9
-0.00193188
0.00310961
-1.64349e-9
6.18731e-9
0.000163647
-0.000322917
2.90327e-10
8.64637e-5
-0.000188705
5.19956e-10
-3.45496e-9
-8.36739e-5
-1.65408e-5
-1.13874e-9
-1.61492e-9
-2.36517e-9
1.89991e-6
-5.57833e-7
2.23418e-9
-6.61857e-7
1.48061e-6
-5.00078e-9
1.39286e-9
3.89656e-7
-5.15733e-7
-6.74254e-8
-1.30033e-7
-8.87023e-9
4.92882e-9
6.48436e-8
2.53921e-8
2.63958e-8
-1.82645e-8
1.70922e-9
-3.85039e-8
-7.90644e-9
-4.72055e-8
6.76755e-9
-1.06713e-8
-1.27775e-8
-7.85019e-8
-1.65628e-8
1.26863e-7
2.05906e-8
2.09364e-8
-1.86877e-8
-3.00735e-8
-3.75207e-8
2.36518e-7
-2.18559e-8
5.19489e-8
1.14652e-8
2.0512e-8
-5.85907e-8
9.12401e-8
2.45822e-9
-4.18232e-8
-8.61008e-9
3.07908e-8
1.67497e-10
-9.19548e-11
2.89143e-10
4.14444e-9
-1.02068e-8
1.18036e-8
1.5628e-8
-1.18229e-8
8.30337e-9
2.08129e-8
-2.31347e-8
5.39691e-9
5.16698e-9
-1.23989e-10
3.38206e-10
-8.57759e-8
3.39726e-8
4.46428e-8
-1.52169e-9
6.07123e-8
-7.8221e-9
3.74658e-8
3.74429e-8
3.54817e-9
5.70903e-8
9.1396e-8
-2.03773e-8
2.49205e-8
8.20371e-8
-7.84829e-8
-3.7362e-8
1.29905e-9
-1.14671e-7
3.87227e-8
-6.85422e-8
-1.39253e-7
-3.97851e-8
-2.41173e-8
-3.43871e-7
-6.50766e-8
-1.2814e-7
-0.00117588
0.00120306
0.00219353
-0.00202714
-0.00269053
0.00226392
0.00263825
-0.00190709
-0.00244206
0.0012923
0.00269074
-0.0011359
-0.00243234
0.000669234
-8.90959e-5
-3.8703e-5
0.000830576
-0.000469431
-0.00126725
0.000798459
-0.000476111
-0.000716304
0.000209664
-8.61087e-5
-4.46773e-5
-6.41501e-6
5.20489e-6
-9.97681e-8
-6.91596e-5
2.0334e-5
-0.000244629
9.77041e-5
-6.87831e-7
-3.64054e-7
-9.53732e-8
6.90475e-7
4.28237e-6
-4.26496e-7
-6.63354e-7
-1.74859e-6
1.28508e-6
5.88476e-9
-4.15822e-7
2.86277e-7
2.43052e-5
-8.35167e-7
-9.44445e-7
-1.22816e-7
3.14663e-7
-4.79853e-7
5.95565e-5
-8.40594e-6
-3.59701e-6
2.33616e-6
1.00975e-6
-2.70527e-7
0.000115517
-1.70202e-5
-8.11764e-6
-1.13225e-6
-3.96865e-6
5.44536e-6
0.000383976
-1.20417e-5
-8.19905e-5
-1.40386e-5
-2.25329e-7
7.78874e-7
5.36216e-7
-1.99546e-6
-0.00438462
-0.001636
0.00169831
0.000690864
2.13931e-7
-8.51884e-7
-2.43274e-7
8.54837e-7
0.0240914
-0.0372075
0.0222804
-0.0150915
-0.030666
-0.010901
-3.52044e-8
2.00026e-7
-4.24613e-8
1.0405e-7
-2.20457e-7
-3.16115e-8
-0.0257303
0.0318075
-0.0033456
0.013895
0.0349211
-0.0115141
-0.0485486
-0.0101469
-3.36889e-9
-1.28188e-9
4.65632e-11
1.66954e-8
-0.0276883
0.00519834
0.044557
8.90238e-9
-3.32021e-8
0.0110678
0.00748039
-0.0245529
-1.58753e-10
-1.3839e-9
0.00222197
-0.0164003
0.00684504
6.48337e-9
-9.2421e-9
-0.00489219
0.00988989
-0.000756858
1.07963e-8
-3.27842e-8
0.00273645
-0.00337465
-0.000246615
-2.37256e-8
5.46137e-8
-0.000119877
0.000861531
0.000212901
6.56779e-9
-4.42657e-8
2.27629e-8
-3.29576e-5
3.58305e-5
8.84503e-9
-7.38389e-6
2.3901e-5
6.56202e-9
-4.65215e-8
-3.43043e-6
3.26717e-7
1.86686e-8
-1.15457e-8
7.72699e-8
4.68983e-7
-7.37232e-8
5.77065e-8
-2.72888e-7
8.28386e-8
-6.8605e-8
6.57747e-8
4.63971e-9
1.59675e-7
1.6933e-7
-2.22864e-7
2.8863e-8
-1.23926e-7
2.84759e-9
-3.97431e-7
-2.51819e-8
-3.48183e-8
-9.01071e-8
-1.65784e-7
-7.75079e-7
9.68454e-7
-5.52103e-8
4.21623e-7
2.27096e-9
7.96874e-8
-4.52704e-7
6.14794e-7
1.24967e-7
-4.03926e-8
1.20053e-8
-5.26824e-7
-2.52914e-9
-9.78891e-9
3.86583e-8
2.44688e-9
5.49637e-7
-1.7497e-7
-9.5291e-8
1.98185e-7
-4.84693e-10
8.20096e-10
-2.6153e-11
5.30222e-9
1.81698e-7
8.53625e-8
-2.81448e-8
2.8663e-7
-2.38885e-7
2.64885e-7
-1.2537e-8
1.09922e-7
-2.73039e-9
1.95299e-9
-3.71151e-7
4.22385e-7
2.93532e-7
6.54901e-8
6.32122e-8
3.78255e-7
3.26112e-7
-1.29776e-7
5.71287e-7
1.04491e-6
-2.23173e-7
-1.18185e-7
1.149e-6
-1.07525e-6
4.217e-9
-6.70642e-7
-1.51257e-6
2.50259e-7
-3.13734e-7
-3.68902e-6
-5.80451e-7
-0.000234527
5.27971e-5
-0.000134904
0.000151579
-0.00166279
0.00069028
0.00217701
-0.001632
0.000873405
7.82881e-5
0.000110021
1.21542e-5
-7.24301e-5
5.50368e-5
-3.25594e-5
1.79505e-5
1.24209e-5
3.13145e-6
0.000231833
-9.71562e-5
0.000326642
-0.000168708
-1.5695e-6
5.45701e-7
-1.50208e-6
6.63042e-7
-4.25402e-6
2.14683e-7
-3.31093e-5
9.37613e-6
-3.34461e-7
3.36143e-8
-1.52398e-7
1.50794e-7
5.02046e-7
3.78364e-7
-1.5964e-7
-1.17004e-7
-4.10669e-7
-4.21189e-8
-1.31159e-7
1.80314e-7
1.86615e-7
-1.70439e-7
1.96187e-6
4.3312e-7
-2.30676e-7
-5.53747e-7
1.27483e-6
-5.80358e-6
4.21048e-6
9.70142e-7
-8.37916e-7
-1.08218e-7
4.54153e-6
-1.79398e-5
1.77876e-5
2.68971e-7
-3.95496e-6
5.03534e-6
-1.91496e-6
7.02699e-7
6.28857e-6
-1.7348e-5
-0.000587064
-0.000261036
0.000184294
8.10661e-5
2.87244e-6
-8.47671e-6
-2.7348e-6
7.79379e-6
0.0080079
0.00467209
-0.00357355
-0.00174541
-6.49544e-7
2.08242e-6
4.53631e-7
-1.47262e-6
-0.005325
0.0163326
-0.0115997
0.00322992
-6.06347e-5
0.00054698
0.00847166
5.46599e-8
-1.35977e-7
8.84908e-9
-2.67175e-8
1.36415e-8
-7.12211e-8
-6.58719e-8
6.65955e-8
8.37491e-8
-9.45275e-8
2.23954e-7
-1.89586e-7
-0.00109118
-8.80969e-8
6.17432e-6
-0.00114476
0.00055747
-0.00022679
1.24003e-7
-1.37514e-7
1.0349e-7
3.08386e-7
-1.52159e-5
-9.3276e-5
5.58553e-6
-5.42982e-8
9.42288e-8
-4.85459e-7
1.32252e-5
8.88538e-8
5.69956e-8
-7.4528e-6
2.38065e-6
2.49356e-7
-1.76168e-7
-6.06155e-7
2.21931e-6
-7.65274e-7
5.29163e-7
-3.69034e-7
2.09522e-7
-3.11211e-7
6.94971e-7
6.34168e-8
-6.36655e-8
-5.34117e-7
2.02348e-7
-2.02689e-6
-6.04254e-8
1.13209e-7
2.39859e-7
-5.69349e-8
4.62243e-7
-2.96793e-6
-1.15119e-6
-8.09657e-7
-4.69676e-7
5.00839e-6
5.04515e-7
-1.80549e-6
-4.18655e-7
5.36528e-6
2.46217e-6
-1.15421e-5
3.66453e-11
-6.35269e-8
-3.57992e-7
-1.29036e-6
-6.81595e-7
1.18183e-7
-2.12169e-6
4.52079e-9
-3.62404e-9
-1.71791e-8
-1.55896e-7
3.653e-6
-1.40583e-6
-8.91787e-7
1.8087e-6
-5.63246e-9
3.28288e-8
-2.60464e-9
-8.20975e-9
1.90307e-6
6.61015e-8
-1.04719e-6
2.88572e-6
-7.6606e-7
-2.67777e-6
-4.05433e-7
2.29304e-6
1.66733e-7
8.60516e-9
2.56145e-6
-3.26867e-7
5.31821e-7
8.20552e-7
4.32738e-6
2.33833e-6
-3.88586e-6
1.05745e-5
5.91412e-6
2.3734e-6
-1.84986e-6
0.00127175
-0.000761039
-0.00130293
-0.000178243
0.000536975
0.00105188
0.000347944
-0.00206439
-0.00190974
0.00300097
0.000524036
0.000144675
-0.000268596
0.000113305
8.86065e-5
-0.000153009
-0.000107465
7.21759e-5
0.000257798
-3.36331e-5
-0.000525874
0.000112327
-1.00759e-5
1.86252e-6
-1.4809e-5
1.20542e-5
3.51046e-5
-1.15101e-5
7.56749e-5
-2.81057e-5
-3.62448e-6
8.15692e-7
-1.87222e-6
3.26196e-7
3.29025e-7
1.79293e-7
-1.94394e-6
-9.81214e-7
-1.03136e-7
1.2324e-9
-8.1056e-8
2.12933e-8
2.14972e-7
-1.0069e-6
-3.18348e-7
3.46602e-7
-8.76643e-8
-1.08677e-6
4.0802e-6
-6.02827e-6
3.97606e-7
7.12248e-6
2.62454e-5
-2.94838e-5
9.02305e-7
5.04783e-5
5.36397e-5
-9.55586e-5
-5.18068e-5
-2.44419e-5
1.56998e-5
7.11905e-7
2.19349e-5
-5.01091e-5
-1.96513e-5
4.34937e-5
0.00137687
0.000568418
-0.000459018
-0.000160975
-5.97637e-6
1.52058e-5
4.2491e-6
-1.07549e-5
-0.00289532
-0.00460921
0.00181618
0.00214204
8.46887e-7
-2.48633e-6
-3.92241e-7
1.49461e-6
2.46482e-7
-0.00132682
-0.00443671
0.0018772
0.00150795
0.0121865
-0.023582
-8.27102e-5
-0.00115209
1.83464e-7
-1.79636e-7
4.38541e-9
-9.97101e-7
-0.0310773
0.0493512
0.0134191
-4.99304e-7
2.04588e-6
0.0464841
-0.0753454
-0.0281356
3.65144e-7
-1.16586e-6
-0.083159
0.0986953
0.0411638
-2.9347e-7
2.96271e-7
0.0273747
-0.000334835
-0.0174562
-6.08667e-7
2.19306e-6
-0.00761206
-0.0134503
0.00476425
7.63863e-7
-1.76406e-6
0.00334887
0.00327685
1.44367e-6
-1.76246e-6
6.34137e-5
-4.11151e-7
1.43238e-5
0.000186512
-3.76871e-7
1.63983e-6
-0.000186214
5.49323e-5
-2.96887e-7
1.2655e-7
-1.19626e-5
3.42968e-5
6.74193e-7
1.78965e-9
-5.27465e-6
8.85862e-7
2.09058e-6
-1.37357e-6
-3.07376e-7
1.46382e-6
-5.10763e-6
3.16046e-6
2.01902e-7
6.39622e-6
1.40816e-6
2.63372e-6
8.76497e-6
-1.33095e-5
1.67034e-6
3.74802e-7
7.89082e-6
-8.45353e-6
-2.10996e-5
6.02261e-7
1.04983e-6
-3.9051e-6
8.63001e-6
6.25166e-6
4.3013e-6
1.04204e-7
-1.27443e-8
-4.00289e-7
2.66123e-6
-2.60073e-6
-5.67943e-5
2.64844e-7
7.3186e-7
-2.53526e-5
2.65966e-8
-1.72314e-8
5.25511e-8
5.63235e-8
6.06708e-5
-1.35971e-5
-3.91574e-6
1.74576e-5
-3.46465e-7
1.26706e-6
2.54402e-7
-1.95711e-7
-3.41089e-6
-9.95438e-6
-1.06363e-5
-3.20871e-6
2.10726e-5
-6.89915e-6
-2.06133e-5
2.10725e-5
-2.39144e-5
-2.50443e-5
5.14133e-6
-1.7403e-5
-1.13143e-5
2.05927e-6
3.45007e-7
-1.30139e-5
0.00010009
-8.17988e-5
3.57911e-5
0.000115747
7.93199e-5
-0.00030514
0.000152589
0.000481898
-0.000106212
5.08513e-6
0.000224503
-0.00206638
0.000769296
0.00252591
-0.00280926
-0.000483404
0.000570443
0.000538809
-0.00118128
-0.00034139
0.000787671
-4.81717e-5
0.000217466
-4.23734e-5
2.30733e-5
1.00718e-5
7.32542e-6
-7.01564e-5
1.25052e-5
-1.67626e-5
2.83746e-6
5.89241e-6
-1.06883e-5
5.15969e-6
1.13939e-5
-1.03842e-6
3.34411e-7
-1.10973e-6
1.01075e-7
1.62498e-7
-2.33209e-6
8.88682e-6
-3.61114e-6
5.50612e-6
-1.71955e-5
8.14304e-8
4.21306e-7
-4.08531e-7
5.04771e-7
-5.36597e-7
1.20994e-6
-1.86476e-6
1.43331e-6
-4.34037e-6
1.31486e-5
-1.6485e-7
-1.1738e-7
-1.99374e-7
1.03485e-9
-2.0728e-5
6.86663e-5
-4.66501e-7
-3.66223e-8
1.14838e-8
-1.38406e-7
-5.24703e-5
0.000113293
-3.61629e-6
8.49168e-7
7.30444e-8
1.32254e-7
9.44325e-5
-0.000139768
-8.31909e-5
0.000134514
0.000130365
3.93074e-5
-3.02836e-5
-8.82277e-6
-3.4354e-5
6.68215e-5
2.49488e-5
-5.0995e-5
-0.000931672
-0.000865622
0.000411708
0.000303777
5.99372e-6
-1.49881e-5
-3.01517e-6
1.23566e-5
-0.00070279
7.96199e-6
0.000624574
0.000112302
0.000608221
0.00243965
-0.000519098
-2.20735e-6
5.19916e-6
1.96626e-6
-1.73917e-6
-0.00925084
-4.7235e-6
0.0156225
2.54938e-6
-4.99578e-6
5.8036e-6
2.4686e-6
-9.30735e-7
-0.0267898
0.0365111
4.98319e-6
-3.63061e-6
-1.28886e-5
-0.00767543
0.0225083
5.36756e-6
-1.04301e-5
0.0050826
-0.0143364
-0.00165106
-6.8647e-6
9.46479e-6
0.00116116
-0.00385372
0.00121302
-3.56951e-7
1.84989e-6
-0.000214566
0.000333663
-7.11434e-7
2.28461e-6
-7.34488e-5
1.74894e-5
-1.51113e-6
1.53699e-7
-4.56005e-6
1.51246e-5
2.80592e-6
5.6877e-8
-5.44638e-7
-4.09778e-6
1.04637e-5
-6.30412e-6
1.48158e-6
2.1723e-5
-3.25955e-6
-1.79705e-5
1.10415e-5
-3.06416e-6
-4.48251e-6
-2.82381e-6
1.5396e-5
-1.07819e-5
1.97077e-5
4.80992e-6
9.91593e-6
-1.09933e-5
-2.14577e-5
-6.57824e-6
2.70412e-5
3.39312e-5
0.000194561
5.76754e-5
-0.000489389
1.84742e-6
2.12878e-5
-2.20642e-5
-0.000147981
-0.000117917
0.000721168
-7.72462e-7
-7.34014e-6
8.77872e-6
-0.00124405
0.00032464
0.000154955
-0.000593679
-1.11065e-7
-5.34898e-9
6.84294e-7
2.84792e-6
0.000853739
-0.000263617
-6.18407e-5
0.000315654
8.0019e-8
-1.55947e-6
1.08871e-6
-1.19715e-7
-0.000476684
3.9614e-5
8.63685e-5
-0.000268672
-3.06983e-5
-2.49834e-5
-7.78788e-6
9.64425e-6
6.57226e-6
-4.16285e-7
4.89836e-5
-8.1296e-5
3.03284e-5
0.000266114
-0.000263303
0.000188954
-8.47002e-5
0.000375796
-0.000228683
3.46714e-5
1.74437e-5
0.00222587
-0.0014354
-0.00373811
0.00148262
0.00316362
-0.00102972
-0.000690258
-0.00065879
-5.72441e-5
-2.14384e-6
-2.65121e-5
4.22105e-5
0.000280674
-3.60196e-5
-0.000601969
0.000963079
-0.00190297
0.00182712
-0.000867406
0.000798061
0.000213979
-2.989e-5
-2.31761e-5
6.26934e-5
1.04705e-5
-7.29527e-5
-1.76653e-5
6.0095e-6
-1.91925e-5
7.4364e-7
2.82171e-5
-7.1679e-5
4.2963e-5
-3.32581e-5
0.000104343
-1.33151e-8
3.80557e-7
-9.94718e-7
2.03404e-7
-1.79739e-8
-2.47173e-5
-1.00628e-6
1.53424e-5
4.99451e-7
6.24713e-6
5.17637e-7
-3.37562e-6
-2.10677e-5
-1.75772e-5
4.30726e-5
5.36173e-7
-0.000132408
-8.39917e-5
0.000149034
8.71757e-8
-1.01312e-7
0.000165112
-0.000174266
4.67376e-6
2.66566e-6
-1.89908e-6
1.50792e-6
-0.000114422
0.000171027
8.11465e-5
-0.000160686
-0.000155753
-9.0792e-5
4.88353e-5
2.31966e-5
3.06704e-5
-6.74545e-5
-2.10764e-5
5.77128e-5
-3.89826e-7
0.000300564
-2.99309e-5
0.000243397
-0.000166334
-1.17248e-5
2.37737e-5
-5.90192e-6
-0.000854765
2.46126e-6
1.03846e-5
-9.47738e-6
-6.55088e-6
0.037079
-0.0553764
0.0232352
-0.0108897
-0.0566255
-0.00119618
0.064602
-0.0186432
7.83002e-6
-2.52471e-5
-2.14914e-5
2.12721e-5
0.0475898
0.0285773
-0.0689087
2.44139e-5
-1.31179e-5
-0.0113232
0.0582755
-3.64969e-6
1.4681e-5
-0.0186435
0.0342761
-2.28721e-5
3.09773e-5
-2.05863e-5
0.0154941
-0.0141312
-9.84684e-6
1.01933e-5
-0.0037867
0.000136184
0.000451729
1.22464e-6
8.60508e-7
-9.10041e-5
0.000102935
-1.12e-5
5.20689e-6
-3.81027e-5
2.86866e-5
-4.80503e-6
3.23305e-7
-1.93761e-5
-0.000169521
4.036e-5
1.05157e-5
-1.29277e-5
-3.15453e-5
2.83511e-5
-1.75083e-5
-1.24732e-5
-3.63039e-5
-8.48854e-5
-2.53166e-5
-5.67163e-5
6.49808e-5
-0.000303931
-2.7784e-5
-6.98036e-5
6.66809e-5
0.00177667
-0.00265049
1.44495e-5
-0.00011071
0.000103918
0.00366271
0.00184567
-0.00519399
-3.39515e-7
-3.09178e-6
-2.38049e-6
3.79106e-6
0.00667841
-0.0020737
-0.000909752
0.00305829
-7.19523e-7
-5.35938e-6
3.22355e-6
2.84344e-5
-0.00328533
0.000921504
0.000651877
-0.00139288
2.74053e-6
-1.87943e-5
6.51195e-6
7.38544e-6
0.000225088
-3.82883e-5
-8.08874e-5
0.000170156
-0.000225904
0.000411422
-0.00119399
-0.00148843
-0.000898168
0.00176411
-6.49392e-5
3.8407e-5
-0.000246545
-8.39765e-5
1.7607e-5
0.00139811
-0.00102074
-0.000246
-0.000184751
0.000632644
9.9568e-5
0.000382639
-0.000819799
0.000961235
0.00263683
-0.00204681
-0.00173888
0.000898147
-0.000189281
-0.00039614
6.04427e-5
-0.000111395
0.000139471
1.4029e-5
1.61999e-6
-1.63945e-5
-2.87064e-5
-0.00132049
0.00209696
-0.000409016
0.000670983
0.000124704
-0.000120078
1.22447e-6
-7.07971e-5
0.000152498
-0.000153198
-6.83153e-5
5.6534e-6
4.22486e-6
-1.54325e-7
-1.03504e-5
1.47207e-6
0.000115508
3.71884e-6
-3.63823e-5
5.2554e-5
-9.079e-5
5.36062e-5
-8.04182e-5
0.000134274
-3.1686e-6
-3.73533e-5
4.36758e-5
1.37316e-5
-5.97252e-6
1.8457e-5
-1.68656e-5
6.34684e-6
-5.27074e-6
-1.04153e-5
-8.45923e-7
2.14267e-6
-2.10299e-6
1.18363e-6
2.01236e-5
-2.91719e-5
-1.46418e-7
1.30603e-7
-5.67047e-8
3.64671e-7
-0.000155806
5.26481e-5
0.000164336
-8.29507e-5
4.87964e-7
3.11639e-9
-0.00016887
0.000169172
-1.2133e-5
-5.55499e-6
2.85654e-6
5.65436e-6
-2.28776e-5
8.41374e-5
-0.000120227
5.47391e-5
-9.15964e-5
4.27548e-5
6.34417e-5
-6.8341e-6
-3.69198e-5
1.71774e-6
-4.31889e-5
6.40292e-5
-2.1529e-5
-0.000116089
6.96281e-6
7.3941e-6
-3.4961e-6
-0.00490474
0.0110786
-0.00335527
-0.00632304
0.00660721
0.0211324
0.00186715
-1.47418e-5
4.66873e-5
3.18901e-5
-7.02122e-5
-0.0324362
4.98567e-5
0.0483013
-3.54526e-5
-0.0780413
1.12111e-5
-0.195997
0.153934
-2.21548e-5
9.13842e-6
0.134477
-0.0430697
-0.0593548
3.18326e-5
-2.38655e-5
-0.0257687
0.00697641
-1.4013e-5
-0.0512609
0.0238969
-1.05876e-5
2.92853e-5
-1.2414e-5
0.00893099
-0.0151921
-8.37682e-6
5.98516e-6
-0.00256158
0.000691706
0.00098405
1.46056e-5
0.000258354
1.5876e-5
-1.20792e-5
1.2911e-5
-7.19966e-6
0.000183511
-0.000715052
0.000146526
-1.20097e-5
1.0779e-5
0.000143532
3.2786e-5
-4.17e-5
2.28074e-5
6.85936e-5
0.000785569
-0.000854649
4.51408e-5
-2.35964e-5
2.88756e-5
0.000901425
0.000268728
-0.00172218
6.57416e-5
-6.56861e-5
-0.000299186
0.00187025
0.00143845
-0.00359689
0.000110525
-7.44912e-5
-0.00661182
0.0110283
0.00685631
-0.0126247
4.7639e-5
0.000441423
-0.000219989
0.0148186
-0.00791322
0.00932761
-5.1592e-5
-0.000549704
-0.010518
-0.00404196
0.00851756
-4.09799e-5
1.36563e-5
0.000136906
-1.66666e-5
-0.00338616
0.00582947
0.00276803
-0.0041914
1.58754e-5
-3.65585e-5
-4.33938e-6
-3.52581e-5
-0.000126215
0.000625552
-0.000177254
-0.000298718
-3.46319e-5
-0.000306185
0.000884325
0.00111675
0.00130673
0.000708706
-0.00125069
-0.000178982
0.000519561
1.40896e-6
7.48835e-5
-0.00264921
0.00274541
-0.00261065
0.00157412
-0.00119032
0.00031991
0.000184641
-0.000580398
0.000890926
-0.000977255
0.000549318
3.9013e-6
-0.000463969
0.000881322
-0.000503842
-0.000389534
0.000699016
-0.000439743
-0.000542601
2.16835e-5
0.000177647
5.11726e-5
-0.000178129
-0.000201882
0.000241281
2.80762e-5
-0.000169756
0.000379169
-0.000311232
4.85705e-5
8.48615e-7
-0.000171981
0.000277443
-0.000211312
0.00018557
-0.000317455
-3.58455e-6
-1.78001e-5
7.67588e-5
-6.70784e-5
-6.84864e-5
0.000143514
-9.52232e-5
4.02862e-5
-1.82696e-5
1.2725e-5
-4.17884e-6
2.19539e-5
-0.000105006
2.60936e-6
-2.33527e-6
4.9418e-5
-0.000132431
-3.07174e-7
-7.38749e-7
0.000114135
-4.92574e-5
-3.73648e-8
-1.38889e-7
4.23362e-7
1.40401e-7
0.000110948
-2.42213e-5
-0.000120172
7.62922e-5
-3.40568e-7
-1.29348e-6
0.00013859
9.30707e-5
-0.000170427
9.79851e-6
-3.43935e-5
0.000129232
-8.92497e-5
3.28138e-5
5.34693e-6
-7.11447e-6
0.000706049
-0.000650445
-0.00664326
0.0231777
0.000846144
-2.41235e-5
6.20357e-5
-0.000108997
-0.0450613
0.000133339
0.0604524
-9.5803e-5
-0.0714551
5.43997e-5
0.0759258
-1.9534e-5
-0.0733172
-7.86107e-7
0.0160736
1.0279e-5
0.0139728
0.00382482
3.53683e-5
-2.55686e-5
0.00444615
0.0403892
-1.84451e-5
-0.0430777
0.019477
-1.41961e-7
2.89658e-6
-4.62411e-7
-0.00295243
-2.23874e-6
0.00336342
2.19356e-7
2.11367e-6
0.000436583
-0.000925506
1.10262e-5
-6.67209e-6
-0.000359264
-0.00663915
0.0061738
-7.78039e-6
2.35061e-6
-0.00330614
0.00358346
-3.79933e-5
1.83619e-5
-0.00275846
0.0042035
-4.18465e-5
6.33302e-5
-0.000638313
0.000564468
-1.12863e-5
6.47004e-5
-0.0170833
0.0245496
-0.000357335
9.86368e-5
-0.0269712
-0.0155362
0.0277672
0.000225597
6.69577e-5
-0.00105869
0.000900921
-0.0258878
0.0137465
-0.0163994
-3.87168e-5
0.000994796
0.0144217
-0.0069137
0.00584686
0.000253499
-0.000586476
0.00063107
-0.00307778
0.00068969
0.000504792
-0.00109375
-7.48735e-5
0.000404089
-0.000917233
0.00096765
-0.000344119
-0.00252789
0.00521177
-0.00550179
0.00442651
-0.00259288
0.00108529
2.85549e-5
-0.000941123
0.000341583
-0.000471969
0.000214524
0.000882644
-0.00148649
0.00162817
-0.00130191
0.000639562
2.62709e-5
-0.000483942
0.000603494
-0.000964048
-0.000591108
0.00101193
0.000479349
-0.000258002
-0.00014636
-0.000298159
0.000379059
-0.000498999
-0.000114276
-3.22294e-5
2.36387e-5
0.000118908
-0.000227771
-6.55675e-5
0.000151175
-0.00011339
0.000268388
-0.000425587
0.000421086
0.000409873
-6.26648e-5
0.000104504
5.65374e-5
-5.99051e-5
4.39556e-5
-0.000368385
0.000292933
-1.50845e-5
-1.98603e-5
-0.000234764
-1.86397e-5
0.000142508
2.71803e-5
2.8212e-5
-0.000125544
-1.80767e-5
0.000225492
0.000286262
-0.000451266
7.89002e-6
3.63697e-6
-0.000277061
0.000156656
-2.7116e-6
9.97259e-7
-5.00502e-5
-4.27668e-5
2.61709e-7
-1.02634e-7
-2.58922e-7
-4.76796e-7
7.46026e-7
-7.60038e-5
0.000102774
-0.000147641
0.000203581
-1.92207e-6
-2.17398e-6
-2.28871e-6
2.0275e-5
3.3681e-5
0.000132404
-0.000164143
7.06869e-5
9.83395e-5
-3.22965e-5
9.05244e-6
0.00120965
-0.000579678
0.00059506
-0.00400375
0.013135
-2.64916e-5
4.54622e-5
-0.000111788
-0.0316207
0.000177741
0.0532581
-0.000178925
-0.0706568
0.000131122
0.073196
-6.67827e-5
-0.0584941
1.9123e-5
0.0273486
3.5137e-6
0.0263014
-1.00448e-5
-0.0931635
1.45041e-5
-0.0922986
0.130564
2.80025e-5
-1.97176e-5
0.0339447
-0.0372768
0.0335917
0.00390373
8.54812e-7
-4.73527e-6
3.81176e-6
-0.00163795
-0.00692454
4.6698e-7
-4.31461e-7
-0.000351844
0.00883634
-0.0115794
-0.00723709
0.013759
1.71066e-6
-4.69876e-7
3.13233e-7
-5.14028e-7
0.0065868
-0.00835473
0.00439005
0.00105246
4.94033e-6
-1.37891e-6
-0.0150179
2.1581e-5
-1.10662e-5
0.000425003
-4.61334e-5
-0.00327769
-9.61059e-5
-7.84782e-5
5.09432e-5
0.0269849
-0.0504618
8.68121e-5
-0.000346021
0.00022688
0.042568
-0.0396953
0.000516168
-0.000370436
0.0351823
0.0183101
-0.0274421
-0.000867591
0.000931802
0.00117387
-0.000963257
0.0179886
-0.0167799
-0.00958787
0.00900329
0.000562176
-0.000906703
-0.00190134
0.00162117
-0.00169759
0.00237476
-0.00264877
0.0056095
0.00314653
-0.00577089
-0.00140442
0.0034626
0.00151602
-0.000554712
-0.000343821
0.00263522
0.000808923
0.0037897
-0.00742808
0.00832514
-0.00638665
0.00322649
-0.000397236
-0.00175589
0.00423826
-0.00519167
-0.000821924
0.000367489
0.00138252
-0.0017081
0.00151681
-0.000890658
0.000152136
0.00037173
-0.00055422
0.000540753
-0.000205318
0.0001714
0.000264122
-0.000394122
0.000453559
-5.05161e-5
-0.000135817
0.000651745
-0.000740366
-0.000361928
0.000206282
-0.000441189
0.000449604
-0.000439081
-0.000131926
6.89876e-5
-1.73574e-5
0.000401703
-0.000350739
-3.24311e-5
9.04992e-5
-0.000358915
0.000225319
-0.000248222
0.000225203
0.000242094
5.49482e-5
-0.000141121
6.43466e-5
5.06723e-5
-0.000200866
0.000329918
-0.000222782
0.000129009
-0.000203854
0.000331043
-5.19339e-5
0.000121588
-8.2705e-5
3.86845e-5
1.43774e-5
0.000332758
-0.000327898
0.000191535
-0.000167757
-3.0359e-6
3.65961e-7
6.89606e-5
2.67985e-5
3.27225e-7
-9.36789e-7
2.11405e-6
-9.73611e-5
0.000140836
-0.000166469
-8.84087e-6
2.40706e-5
-0.000107173
0.000150076
-9.65225e-5
-2.27918e-5
5.10386e-5
-0.00051453
0.00298575
-0.0102884
-6.21776e-5
0.000143041
0.0259625
-0.000193349
-0.0460702
0.000186719
0.0596614
-0.000123599
-0.0559127
4.65909e-5
0.0324181
5.48792e-6
0.00232504
-2.26331e-5
-0.0362117
1.91287e-5
0.0523728
-1.14085e-5
-0.0324877
5.79264e-6
-0.0127695
4.12456e-6
-0.00479642
0.0172587
1.26475e-8
6.10423e-8
-2.60337e-8
-0.0236633
0.0251968
-0.0219665
-3.32999e-7
2.08798e-8
3.16268e-8
0.00955129
0.00910119
-0.0310942
-6.81776e-6
1.89896e-6
0.060155
0.0289833
-0.0823754
-9.81164e-6
-1.56343e-5
-3.29353e-5
1.85076e-5
-0.0196082
0.0607298
0.0208897
-0.038513
0.014238
-0.0362001
-1.02749e-5
2.22536e-5
-0.0930073
0.109767
0.0676495
-0.0788846
0.000481976
0.000260269
-8.13049e-5
0.0499654
-0.0530775
0.0454607
-0.00100194
0.00079035
-0.000762188
-0.0369695
0.027448
-0.00202321
0.00149991
-0.0176862
0.0108651
-0.00223028
0.00462372
-0.00312252
0.00255802
-0.00932195
0.016117
-0.00638888
0.0103326
-0.000587988
0.00837019
-0.00759675
-0.00196013
-0.00420564
0.00868103
-0.00965832
0.00698012
-0.00255874
-0.00115164
0.00297414
-0.00297878
0.000840441
-2.11778e-5
-0.000157796
0.000247499
-0.000151755
0.000460526
-0.000879147
0.0012035
-0.00114869
0.000667696
-1.47041e-5
-0.000463969
0.00059623
-0.00044665
7.10843e-5
-0.000353308
0.000362686
0.000492515
-0.000446119
0.000563997
-0.000405598
0.000380741
-0.000393638
-0.000402691
0.000318776
-0.000214219
0.000372173
-0.000366937
0.000355792
0.000127597
-4.81016e-5
-2.5436e-5
-0.000325591
0.000276027
8.8386e-5
-0.000146584
-0.000239273
0.000246565
-0.000189752
0.00023433
-0.000228803
0.000119739
0.00013198
-8.84888e-5
2.13898e-5
-0.000136699
5.07256e-5
-2.39165e-5
-1.40801e-5
0.000171864
-0.000123467
8.67488e-5
5.41956e-6
-2.04747e-6
-3.22527e-5
-3.04376e-5
9.20482e-7
-2.06138e-7
2.17167e-6
8.03922e-5
-0.000112025
0.000129827
-2.19827e-6
-1.04148e-5
1.2096e-5
-0.000121816
0.000110566
-5.40381e-5
-0.000589133
0.000305726
-0.000285884
0.00223985
-0.00292767
1.63714e-5
-3.28241e-5
7.73132e-5
0.00790494
-0.000167494
-0.017241
0.000185623
0.02965
-0.000143981
-0.0362522
6.29604e-5
0.0268794
1.84956e-5
-0.000732745
-6.27195e-5
-0.0303631
6.28142e-5
0.0515114
-4.0542e-5
-0.0552226
2.01134e-5
0.0373215
-7.7981e-6
0.0390207
-0.0475314
-7.23772e-6
6.21863e-6
-0.0131408
0.00947903
0.012625
-0.0345857
-3.42098e-8
2.48107e-8
-7.5354e-7
0.0478566
-0.0476821
0.036855
-5.96185e-8
-5.59129e-8
1.96146e-9
-0.0114682
-0.0267128
0.0664185
3.77583e-6
-6.0329e-7
-0.101892
0.129592
6.71081e-5
3.75882e-5
-1.31584e-5
-0.107879
0.0613045
0.00399921
0.000196242
-0.000130824
-0.0733573
0.0963082
4.94465e-6
-0.000168852
-0.0677221
0.0508068
-0.039559
0.00155751
-0.00102109
0.000523749
0.0294035
-0.0199703
0.00286237
-0.00223651
0.0112259
-0.00315303
-0.00525669
-0.00486864
0.00402756
-0.00342731
0.017554
-0.0195224
-0.0161768
0.0264195
-0.00541792
0.00334566
0.00487275
-0.00658405
0.00532989
-0.00896289
0.00180278
0.00440903
-0.00832003
0.00870898
-0.00520605
-0.000155743
0.00429534
-0.00550038
0.00409991
-0.000680953
-0.00346671
-0.000210458
0.000297019
-0.000330872
0.000357965
0.000107215
-0.000462247
0.000503953
-0.000194199
-0.000287515
0.000641712
-0.000666948
0.000425135
-5.32992e-5
-0.000204464
0.000361617
-0.000374354
0.000544922
-0.000519696
0.000337881
0.000330681
-0.000271158
0.000185732
-0.000259592
0.00024678
-0.000227627
-9.4724e-5
3.9563e-6
8.3403e-5
0.000199989
-0.000173753
-0.000161408
0.00018775
0.000202713
-0.000283705
0.000148184
-0.000358002
0.000422586
-0.000289528
-7.51815e-5
6.86543e-5
0.000127534
-8.72358e-6
-3.30771e-5
2.32194e-5
5.53793e-6
-5.56992e-5
4.79897e-5
-2.45205e-5
-2.54293e-6
1.35953e-6
-1.73363e-6
3.16842e-5
-2.06074e-6
3.42252e-6
-1.96156e-6
-5.82533e-5
7.45487e-5
-9.63098e-5
8.16151e-6
-2.96322e-5
4.03769e-5
0.000129848
-0.000122057
5.1722e-5
4.37405e-6
-0.00253096
0.00198577
2.67975e-5
-9.95531e-5
-0.00435779
0.000197106
0.00905135
-0.000158212
-0.0140393
6.50149e-5
0.0133769
3.40668e-5
8.64596e-5
-0.000110613
-0.0257176
0.000138098
0.0513513
-0.000115842
-0.060982
6.88756e-5
0.0523268
-2.82806e-5
-0.037115
8.8494e-6
0.0289122
-1.79867e-6
-0.00572233
-0.0208263
0.0590592
6.61438e-8
-3.08197e-7
9.11568e-7
-0.0765369
0.0709996
-0.0563685
2.70767e-7
-2.20579e-8
-1.02827e-8
0.0228695
0.0298253
-0.0883111
5.35655e-7
-6.19381e-7
0.11627
-0.178927
-0.000106941
-2.07044e-5
2.60404e-6
0.132953
-0.0810263
0.0275189
-0.000518818
0.000268863
0.0540868
-0.123175
-0.000823351
0.000628267
0.0743829
-0.0387744
0.0241712
-0.00185058
0.00111106
4.32378e-5
-0.0163273
0.00975162
-0.00324682
0.00252575
-0.00304798
-0.00537035
0.0184147
0.00511283
-0.00441402
0.00386953
-0.025445
0.0216927
-0.0223239
-0.00382887
0.0045929
-0.00513571
0.00308719
0.00198309
-0.0048908
0.00688567
-0.00606557
0.00180509
0.0040573
-0.00823912
0.00842385
-0.00544787
0.00143807
0.00170694
-0.000229166
-0.00175008
0.00255793
0.00056875
-0.000118255
1.68649e-5
-0.000188678
0.000499054
-0.000720529
0.000697396
-0.000399161
0.000119434
-0.000118025
3.59753e-5
0.000179283
-7.44621e-5
0.000210451
-0.000134415
-0.000225459
0.000218166
-0.000131383
0.000124902
-0.000150614
0.000119998
3.98571e-5
4.23024e-5
-0.000126382
-0.000110942
7.16229e-5
0.000213814
-0.00036058
-8.25328e-5
0.000203083
-0.000119168
0.000338661
-0.000617932
0.000354248
6.85898e-5
-3.51244e-5
-0.000158148
6.1678e-5
3.59158e-5
-1.7201e-5
1.09729e-5
1.28135e-6
-5.38862e-6
-3.77396e-6
-5.85392e-6
3.73329e-6
1.3185e-5
-2.21874e-5
1.36069e-6
-1.18229e-5
-3.33128e-6
3.78662e-5
-3.68076e-5
3.84233e-5
8.48696e-6
-4.90811e-5
0.000187873
-4.49175e-5
7.85527e-6
0.0013781
-1.65365e-5
0.000538417
-0.00381067
0.00361362
-0.000371541
0.000505349
-0.00407477
0.000132876
0.00410747
4.03574e-5
0.000493128
-0.000136861
-0.0145283
0.000190307
0.0367331
-0.000195394
-0.0564885
0.00015432
0.0617583
-9.49878e-5
-0.0434823
4.06327e-5
0.0268945
-1.3058e-5
-0.00650217
0.00188106
0.0228295
-0.079346
6.4416e-8
5.88774e-8
-1.55064e-6
0.107003
-0.0827643
0.0708957
-5.6303e-8
4.81442e-8
-1.0751e-8
-0.0462941
-0.000371111
0.0523542
-1.96743e-6
5.04873e-7
-0.0888217
0.0965463
8.78875e-5
-1.4635e-5
6.584e-6
-0.0792057
0.026069
0.00569319
0.000895561
-0.000361894
-0.0615685
0.0960568
0.00202614
-0.00142076
-0.0329165
0.0101887
-0.00691351
0.00102374
0.000416383
-0.00181888
0.00529079
-0.00335043
0.00287157
-0.00202885
0.000406491
0.00268117
-0.00591637
-0.00517688
0.00389363
-0.00340247
-0.000612632
0.00553423
-0.0023375
0.00440602
0.00395756
-0.00447143
0.00441316
-0.00505037
0.00332816
0.001182
-0.00689412
0.0107762
-0.0107194
0.00636493
-0.00283687
0.00044982
0.000985197
-0.000877535
0.00100595
0.001104
-0.0020966
0.000514193
-0.000485264
0.000348744
-0.000249038
0.000321293
-0.0004779
0.000614433
-0.000483504
0.000266219
-9.94784e-5
-6.94141e-8
-8.0918e-5
4.87218e-5
0.000737648
-0.000211998
9.97348e-5
-0.0014116
-7.91199e-5
0.000131089
-0.000132532
4.36677e-5
-6.25248e-5
8.54132e-5
-8.61649e-5
5.88982e-6
-5.73361e-5
0.00011683
0.000109068
-0.000124625
-0.000167885
0.000208354
-3.69561e-5
0.000108179
0.000430027
-0.000220917
2.97185e-5
-2.8198e-5
-2.7058e-5
1.99641e-5
3.89278e-5
-3.77458e-5
-1.99207e-5
-5.68827e-6
4.31409e-5
-3.2678e-5
1.15939e-5
-7.30224e-6
2.42313e-5
-1.97352e-5
-1.39723e-5
1.57656e-5
1.10298e-5
2.26116e-5
1.71574e-5
-1.93493e-5
1.10591e-5
-5.29028e-6
2.02205e-5
7.69994e-5
-0.000127885
3.19724e-6
6.5445e-5
0.000531949
-0.00112428
0.000111208
-0.000147474
-0.000148656
0.000136215
-0.000154419
0.0044587
-0.00352564
-0.000356204
4.61562e-5
0.00166554
2.72422e-5
0.000469015
-0.000215345
-0.0050626
0.000225171
0.0160771
-0.000225389
-0.0310429
0.000198969
0.0456027
-0.000153444
-0.0403806
7.96869e-5
0.0280273
-2.51051e-5
-0.0167004
4.97121e-6
0.00318093
0.0116722
-0.00725646
-0.0477731
4.43408e-7
1.79125e-6
-3.98546e-8
4.60033e-7
-2.44497e-6
0.0703218
-1.40099e-8
-0.0952643
0.0861224
-0.0572587
-1.75117e-7
4.20282e-8
-1.97774e-8
0.064702
-0.0364541
-0.00765123
-9.35859e-7
4.70766e-7
0.0447662
-0.0584971
0.0404423
1.17102e-6
1.25992e-7
0.0503017
-0.0464281
0.0245417
3.96206e-5
0.0160748
-0.00802998
-0.0116337
2.71962e-6
-0.000276046
-0.000741866
0.00143318
-0.000712011
0.000110137
-0.000190561
0.000244772
-0.00157509
0.00113464
-0.0020429
0.00143032
0.000154803
-0.00133301
0.00264221
0.00374305
-0.00263452
0.00198629
-0.00120649
-0.00244749
0.00208613
0.00168293
-0.0017385
-0.00249944
0.000721673
-0.000751589
-0.000506266
0.00194749
-0.0031359
0.00359236
-0.00305028
0.00425419
-0.00195424
-0.00221128
0.0067705
-0.010241
0.00849193
-0.00547949
0.00263662
0.00143
0.000989796
-0.0024314
-0.000727503
0.000330303
-0.000282589
0.000311117
-0.000345776
0.000260255
-0.000131642
-4.95989e-6
1.41222e-5
-2.08034e-5
-0.000103093
0.00215025
-0.00114834
3.57361e-5
4.72634e-5
-3.16983e-5
-1.16914e-6
-1.25588e-6
-1.4973e-6
3.76803e-5
-3.41412e-5
-7.76992e-5
4.73107e-6
2.6203e-5
0.000100291
-0.000101568
-3.15549e-5
-5.97421e-5
3.74831e-5
6.76388e-5
-7.92325e-5
2.12171e-5
-2.28136e-5
2.36814e-5
1.83474e-5
-1.44797e-5
-1.52444e-5
2.74196e-6
-2.86884e-5
3.77806e-5
4.71897e-6
-1.88945e-6
2.80986e-6
-1.53679e-6
-3.75419e-5
4.33784e-5
2.46314e-6
-7.76844e-7
-3.73276e-5
4.5576e-5
-2.06485e-6
-7.60995e-5
9.46992e-7
0.000157361
-0.000263871
1.83305e-6
-4.14016e-5
-1.15848e-5
-0.000280851
0.000439053
-0.00091342
6.19173e-5
-4.23465e-5
-0.00251487
0.00013664
-0.000850597
0.00336537
-0.00108683
-0.00011937
1.73903e-5
-0.00246236
0.000501618
0.00436857
-0.000261135
-0.0114715
0.000200464
0.0181797
-0.000149561
-0.0244036
9.7992e-5
0.0210945
-4.11711e-5
-0.0128007
1.04083e-5
0.000137137
0.000451305
-0.0101152
0.0366248
-5.05499e-7
6.04735e-7
3.83735e-6
-0.0534904
0.0534484
-0.0712174
0.0959425
-0.0755058
-1.17431e-8
4.46707e-8
0.0647052
-0.0340207
5.30067e-8
-7.99601e-8
-0.00133804
0.0236692
-1.8474e-6
2.50786e-7
-0.0351237
0.0272156
-3.31704e-5
5.81697e-6
4.29284e-6
1.65267e-6
-0.0133089
0.00724806
-7.05307e-5
4.47695e-5
3.47396e-5
-2.08776e-5
-0.00381363
0.0101548
0.00091003
7.06942e-5
0.000166504
-7.71165e-5
-0.000227275
0.000253013
0.000489771
-0.000201214
-0.000177706
-0.000859243
0.000323007
-0.000371283
0.00117021
-0.000945522
0.00117048
0.00223701
-0.00421506
-0.00158863
0.000399034
-0.00118508
0.00135717
-0.00163424
-0.00313051
0.00398753
-0.00678144
0.00213942
0.0015053
-0.00435245
0.0061774
-0.00573169
0.00337179
-0.000304199
0.000260178
0.00165667
-0.00405776
0.00129971
0.000886975
-0.000927676
-0.000220763
0.000146549
-0.000149704
0.000197607
-0.000138915
1.36007e-5
-1.14971e-5
5.97396e-6
-4.8775e-6
0.000155093
2.32629e-5
-0.00120621
0.000672305
-0.000200968
0.00312791
1.07581e-5
-1.91964e-5
1.51334e-5
5.28199e-6
-4.91368e-8
1.27541e-5
-1.48665e-6
2.31912e-5
-7.99786e-6
3.03278e-7
-8.18432e-6
2.39528e-5
4.96061e-5
-2.88772e-5
-5.83937e-6
-3.75721e-7
-5.364e-5
2.6683e-5
4.63982e-5
5.54495e-6
-7.19507e-6
-3.1665e-5
1.79602e-6
5.98361e-6
-6.77358e-6
7.01078e-7
6.47684e-7
1.12057e-5
-1.52767e-5
-3.35452e-7
6.68393e-7
1.91326e-5
-2.81949e-5
-2.50888e-7
3.54479e-5
-6.26479e-5
3.1985e-7
5.23517e-7
-2.5506e-5
5.94774e-5
-2.45092e-6
6.86881e-7
-6.34387e-7
-0.00020628
0.00033258
-0.000263949
0.000337771
-1.15862e-7
3.63513e-6
1.92487e-8
6.47468e-7
-6.95962e-6
0.000225632
-0.000597023
0.00078285
2.45887e-5
-3.60735e-5
-0.00174328
0.0027831
-0.000150627
8.7988e-5
1.5683e-5
-0.00160436
2.36123e-5
-6.07465e-5
-0.00149524
0.0027694
-0.000653481
0.000448839
-0.00260715
0.000133909
0.00559839
-9.75463e-5
-0.00839997
6.77681e-5
0.0142501
-3.54997e-5
-0.0108142
1.39576e-5
-0.00147735
0.00225594
-0.00261897
0.00280457
0.0140171
-1.06077e-6
-4.07687e-6
-3.39593e-6
4.18274e-6
5.69447e-6
-0.0253898
1.07073e-6
0.0336547
-0.0381438
0.0327239
0.047259
6.7047e-9
-1.23015e-7
-2.3084e-8
7.81582e-8
-2.4995e-9
-0.086161
0.0801148
-0.0830047
-0.0654783
0.0577988
2.59995e-8
1.05661e-8
-3.11734e-8
5.16462e-9
-0.0260019
0.00749542
2.22664e-7
-1.03016e-7
0.0106262
-0.00451186
-1.71222e-6
-3.04431e-7
0.0014139
-0.000979316
-2.90245e-5
1.16815e-5
-0.000366984
0.000156986
-0.000164457
6.5372e-5
-5.1666e-5
0.000229823
4.30247e-5
-8.77832e-5
6.84023e-5
-6.5117e-5
-7.92702e-5
0.00058692
0.000639749
-0.000368727
0.000184224
-0.000337274
6.07907e-6
-4.41652e-5
0.000372345
-0.000231456
-0.00133905
-0.000575273
-0.000764163
0.0004883
-0.000487204
0.00233107
0.00602027
-0.00546962
-0.000824983
-0.000487109
-0.000133407
0.00013216
-0.000408489
0.000752293
-0.00569812
0.00837859
-0.00143079
3.64086e-5
0.00174362
-0.0035992
0.00326379
0.000829888
-0.000763627
0.00117294
-0.00347472
-7.59379e-5
-0.000211636
-0.000150718
0.000147253
8.17272e-5
-9.75309e-5
4.55421e-5
6.0387e-5
-5.90528e-7
3.42072e-6
3.75217e-5
-0.00117568
0.00129218
0.00166032
2.8039e-6
-4.47369e-6
-2.21498e-6
1.00908e-6
-2.40992e-6
-1.47056e-7
3.10594e-5
-9.09047e-6
5.05293e-6
1.21927e-5
1.33032e-6
5.34482e-7
-1.44861e-7
-3.13037e-7
-1.06981e-5
-2.17472e-5
7.819e-6
-6.0778e-7
4.32134e-9
1.77672e-5
-5.13899e-6
1.96429e-7
-9.02156e-7
-2.99346e-6
-1.4571e-7
3.40114e-6
-4.47532e-6
-5.01142e-6
2.80523e-9
7.24287e-6
-7.35825e-6
-8.14664e-6
1.68575e-5
-1.09604e-7
-3.04149e-8
6.57053e-6
-9.23299e-6
1.76682e-7
-8.0136e-8
6.02264e-8
5.11437e-6
6.9303e-6
9.81242e-8
-3.62607e-5
-6.86688e-8
3.7559e-5
-9.31972e-6
1.37573e-6
0.000112232
-2.20661e-7
0.000125848
-0.000706706
0.000581855
-3.66301e-5
3.96134e-5
-0.00102842
0.00201572
-3.27081e-5
5.41449e-5
-9.86388e-5
0.00095421
-0.000351696
-0.000195246
-0.000196155
0.00302341
-0.00479524
6.19416e-5
-5.27641e-5
0.0034172
-2.90083e-5
0.00375878
-0.00762273
0.00488524
-0.000127995
0.000282805
0.00366437
-6.60205e-6
-8.41352e-6
-1.94135e-5
2.17828e-5
1.57134e-5
-0.00732646
8.61423e-6
0.00701706
-0.0120418
0.0163739
-0.024303
0.0406046
-2.37819e-7
-3.49687e-7
-0.05016
0.0501594
1.03753e-8
1.81872e-8
-0.0468006
0.0444212
0.0254364
-0.0198992
-3.76233e-8
4.23334e-8
3.95889e-8
-2.16462e-8
-0.010626
0.00933913
-0.0066738
1.10029e-7
-0.000624547
6.28315e-5
0.000817135
-8.02807e-7
-0.000126423
6.86589e-5
0.000198779
-4.27806e-6
-6.21924e-5
9.55089e-5
-5.76536e-5
6.85438e-5
1.82732e-5
-0.000107142
-6.72122e-5
2.72413e-5
1.17725e-5
2.48194e-5
8.05039e-6
0.000134642
-6.52043e-5
-3.10033e-5
-0.000116198
6.87545e-5
-0.000197662
-0.00250657
0.00226115
0.00484676
-0.00328797
-0.000524891
0.00308231
6.08478e-5
-0.000215454
-5.31224e-5
0.000170913
-0.000121568
0.000201474
-0.00253001
0.00297455
-0.00276591
0.000908181
-0.000269564
0.00195352
-0.00196187
-0.000275356
-8.88856e-5
0.000218331
3.65547e-5
-3.20296e-5
-3.61688e-5
3.54773e-6
-1.12371e-5
-1.5011e-5
-0.000327248
2.47056e-5
-0.000324707
-0.000627221
0.000468368
0.000137436
-3.60847e-5
4.84538e-6
3.04956e-6
-2.88945e-6
4.80027e-7
-5.87032e-9
1.34888e-6
-7.77789e-7
-9.14232e-6
1.43431e-6
-4.74512e-6
0.000104707
-1.9813e-6
6.6919e-7
-4.75606e-6
1.55254e-6
-1.42461e-7
1.70304e-6
3.50209e-6
-8.81529e-7
-2.04637e-6
-3.91912e-8
6.11486e-8
-3.47515e-8
5.04957e-7
-2.24322e-6
1.09153e-6
2.50669e-9
-2.40866e-7
6.39729e-7
-4.1263e-7
-2.20917e-7
-3.48353e-9
-7.39377e-7
1.04008e-6
5.59574e-8
4.27373e-9
-4.8043e-8
-1.24397e-8
-2.13355e-6
2.64079e-6
4.11676e-8
-3.88012e-9
-1.4872e-8
-4.43472e-9
-2.63754e-6
4.55826e-6
-8.76744e-9
-2.69248e-6
-4.36439e-6
5.53011e-9
2.76801e-8
1.98485e-6
-1.25156e-6
-2.44809e-7
5.43321e-8
-7.76479e-6
-2.22575e-5
-2.19844e-7
8.46582e-7
1.15389e-5
-4.61864e-5
-9.44285e-6
3.12708e-6
0.000207317
-1.0192e-5
-7.32163e-5
-0.000227963
0.00033233
-1.39302e-5
1.00277e-5
3.83107e-5
-0.0002814
0.000143875
-5.56727e-5
0.000326397
0.000241753
0.000187816
-0.000115076
-7.94671e-6
1.36459e-5
-0.00139912
0.00159012
-3.11613e-5
-0.00212694
-0.000835589
0.000220593
0.000233929
-0.001183
3.89232e-5
2.49524e-5
-1.76306e-5
-3.88403e-5
9.66734e-5
-7.85592e-5
-4.38563e-5
0.00129995
-6.0565e-5
-0.00214466
3.78034e-5
0.000768172
-0.00151103
0.0028044
-0.00762397
-0.00456327
0.0112589
7.65199e-7
1.13357e-6
-2.14557e-6
-7.62079e-6
-0.0131419
0.0274304
0.0132116
-0.0284451
-2.6968e-8
-9.79809e-8
1.18877e-7
3.68651e-7
0.0267074
-0.0100629
-8.29825e-9
-1.98394e-9
0.00262987
-0.00341473
6.28445e-8
-4.06087e-8
3.34536e-9
-1.51621e-9
-0.000564357
-0.00042772
6.682e-7
-5.20226e-8
-1.5314e-7
-2.10274e-8
0.000126024
-5.9557e-5
1.80395e-6
1.44412e-7
5.35436e-7
-1.46774e-7
3.09255e-5
-8.52057e-5
-2.38806e-5
-9.95619e-6
-7.87917e-6
3.43176e-6
1.36496e-5
-2.6602e-6
-9.49623e-6
-2.1655e-6
1.7935e-5
1.09723e-5
-4.35232e-5
1.46026e-5
-1.17404e-6
1.79193e-5
-5.05633e-5
-0.000200081
0.000592826
0.00064365
2.57805e-5
2.76828e-5
1.79837e-6
-1.59093e-5
-0.000952625
0.00148094
-0.00129883
0.00038425
-0.000389046
0.00134679
-0.000374062
-0.00401177
-0.000658776
-0.000341734
-4.89458e-5
0.000777296
7.36297e-5
-2.0762e-5
-0.000113167
5.89112e-5
0.00316034
-0.00188145
1.09163e-6
-3.07292e-7
1.3079e-5
0.000103505
7.06758e-6
0.00014883
-0.000214696
2.77854e-6
-2.70894e-5
3.38421e-6
1.45342e-7
-4.68019e-6
9.60716e-7
-7.3354e-7
-2.23126e-6
5.95024e-7
1.00645e-6
2.47422e-7
-1.64242e-7
-1.79126e-5
2.59281e-6
-1.52205e-5
3.34886e-5
-1.5223e-7
2.35839e-8
-3.80847e-7
4.7862e-8
-4.66277e-7
9.14907e-8
-4.82741e-7
4.74094e-6
1.38955e-7
6.43374e-9
3.10855e-7
-1.3706e-9
-2.83032e-8
1.28432e-7
4.41455e-8
-2.46847e-8
4.18749e-8
-5.37788e-8
2.89277e-7
-8.62444e-8
-1.83094e-7
2.38255e-7
5.66507e-7
-5.57411e-9
-7.09947e-7
8.94503e-7
5.67807e-7
4.48915e-9
-9.35916e-7
1.01159e-6
4.62742e-7
-1.75389e-6
2.15778e-9
2.3819e-9
-4.52171e-7
6.66467e-7
-1.26997e-8
2.81224e-9
-7.56834e-7
-1.5602e-8
-1.40942e-8
8.61494e-8
6.72242e-7
-2.38862e-6
-5.36262e-7
1.41809e-7
4.52633e-6
-4.4631e-6
-4.88657e-7
4.1902e-7
-4.88876e-7
-1.25597e-5
3.95358e-6
-1.35146e-7
0.000114814
-9.51319e-5
-3.78603e-6
-1.41397e-5
2.34894e-5
-9.38309e-5
4.0691e-5
-2.73803e-6
-9.86336e-6
-3.97925e-5
0.000102228
-0.000117975
3.47236e-5
6.87927e-5
3.94286e-5
-0.000101598
0.000127044
-0.000311264
0.000815326
9.81804e-5
-0.000168037
9.55416e-5
0.000188874
-5.61086e-5
-0.000150676
0.000287287
-0.000714361
0.000335402
0.000319586
-0.00109501
-0.000579064
0.0017135
6.98705e-6
1.46129e-5
-1.67568e-5
-4.75623e-5
-0.00194766
0.00538052
0.00192535
-0.00538729
-4.51479e-7
-1.20438e-6
1.47287e-6
3.45189e-6
0.00408013
-0.010066
-0.00204023
0.00108969
1.17062e-8
3.81938e-8
-5.00115e-8
-1.64012e-7
0.00496268
-0.00478277
0.00375934
4.56029e-9
0.00221967
-0.00184894
0.00161608
1.93534e-9
0.000243463
-0.000148901
0.000110354
6.84754e-8
5.52254e-6
6.42648e-6
1.02605e-7
-5.67265e-7
8.19806e-7
-6.90471e-8
-5.80816e-7
1.09866e-6
-1.94924e-7
-1.42739e-6
-9.82553e-7
1.28103e-6
-5.7392e-6
-1.02082e-5
3.48589e-5
3.58098e-5
-1.14141e-5
2.04297e-5
1.63186e-5
-5.98425e-6
-4.48722e-5
-2.96795e-5
-0.000153153
0.000314629
-7.59356e-5
0.00018099
5.87925e-5
-1.32678e-5
-0.000420252
-0.000879163
0.00203125
0.00601879
-0.0053819
0.00294703
-0.0041717
-0.00183233
0.00218626
0.000646718
-0.000169061
0.000300561
-0.000356932
0.000233698
7.98709e-5
-1.31211e-5
-9.65761e-5
5.50961e-6
-1.47041e-6
-2.04415e-6
-4.73231e-7
1.44969e-6
9.31112e-8
-6.17472e-8
1.2177e-7
-1.45283e-7
-9.75961e-8
-1.75522e-7
1.37682e-6
-1.63214e-5
4.20099e-5
-3.43092e-5
5.2372e-8
3.08191e-8
-1.66718e-11
7.4731e-9
-9.57128e-9
-9.82302e-7
1.86344e-7
-8.21137e-7
1.52797e-6
-1.07218e-8
2.854e-9
-1.9668e-8
5.39758e-9
-3.80994e-8
-4.01653e-8
2.60503e-7
3.52763e-9
2.29862e-9
-1.39379e-7
2.89339e-8
-3.61001e-9
5.32227e-8
5.17678e-8
-1.25517e-8
3.03435e-8
-1.29331e-8
1.68858e-8
1.6656e-9
-5.88771e-9
1.91521e-9
2.4622e-9
1.09365e-9
2.07836e-7
-3.09908e-7
-2.19446e-9
-2.5659e-10
1.05794e-10
8.41062e-10
3.43586e-7
-4.39372e-7
-3.83319e-10
6.76098e-11
-9.93283e-10
2.43159e-7
-2.92817e-7
-7.94146e-10
5.3853e-9
-8.21275e-8
2.25704e-8
-3.00421e-8
6.12136e-9
2.32326e-8
3.74683e-7
-1.88959e-8
2.7253e-8
4.89475e-8
-1.08416e-6
9.93429e-8
8.06546e-9
8.59173e-6
-5.03605e-5
-2.39547e-7
1.72662e-6
-9.57897e-7
2.15855e-5
-2.656e-5
7.05696e-5
1.07834e-5
-3.94152e-6
-9.45144e-7
-6.2249e-7
7.78339e-6
8.99497e-7
1.0608e-5
5.01083e-6
1.80556e-5
-2.38339e-5
9.06811e-5
5.38379e-6
-6.9111e-5
-8.85136e-5
3.90106e-5
0.000106582
-0.000211889
-4.43899e-5
-9.44279e-5
8.23885e-5
4.55664e-5
-5.41065e-5
9.6571e-5
0.000193636
-5.47074e-5
0.000207024
-0.000179165
0.000623076
0.000169673
-0.000605996
-4.18566e-6
-9.29678e-6
1.05365e-5
2.15858e-5
0.000507027
-0.00151162
-0.000548581
0.00121155
1.9339e-7
5.87358e-7
-6.73578e-7
-1.82184e-6
-0.00228584
0.00163037
-2.23466e-9
-1.80495e-8
2.51968e-8
6.61493e-8
-0.000558039
0.00060793
5.4627e-10
-5.79773e-9
1.2246e-8
4.51891e-9
0.000129778
3.59639e-5
7.42485e-8
-5.22961e-8
-4.03175e-8
6.08252e-8
2.5795e-5
-5.56218e-6
1.80487e-7
9.59473e-9
-2.21098e-7
2.23927e-7
-7.09746e-7
2.15705e-7
-5.25967e-7
1.44668e-6
-3.44899e-7
-4.85815e-7
2.16891e-6
2.13914e-6
6.75575e-6
-1.97319e-5
-9.95744e-6
3.13588e-6
-5.13072e-6
-6.7584e-7
4.0845e-6
1.49876e-5
-3.33931e-5
3.62252e-5
8.65051e-5
-3.98313e-5
-5.55705e-5
2.28846e-5
-0.000118723
3.46677e-5
0.000195583
0.00052871
0.000369724
-0.000957564
0.000621438
-0.000428871
0.000380924
-0.000181301
-0.00143523
0.00308198
-0.00232535
0.00132976
-0.000354149
-0.000205526
-4.00548e-6
-5.1144e-7
5.92017e-7
-3.80247e-7
-1.98345e-7
2.67279e-8
4.30154e-8
-3.83215e-7
2.81535e-6
-1.35782e-6
1.33897e-5
3.00699e-7
9.11232e-7
-1.19671e-7
4.20669e-9
1.128e-7
1.37038e-8
-2.04909e-8
4.35007e-8
-1.73323e-8
-2.6843e-8
-2.40514e-9
1.65501e-10
-1.88236e-7
1.17648e-7
-5.8959e-7
-1.5868e-6
1.15555e-9
2.00753e-10
1.65666e-10
-7.0249e-10
-6.79965e-8
2.35069e-8
-5.65062e-8
6.90532e-8
-1.61446e-9
4.26032e-10
-6.33672e-9
1.29495e-9
-1.90759e-8
1.98822e-8
7.05415e-10
2.2711e-10
8.612e-9
8.97097e-9
-7.50925e-8
3.03002e-9
6.91059e-8
-7.6917e-8
-5.20158e-8
-1.93746e-10
1.1216e-7
-1.15546e-7
-4.19864e-8
1.48549e-7
-3.79438e-10
4.61581e-10
3.82486e-8
-5.80942e-8
-1.59014e-9
1.44017e-10
3.39084e-8
-9.43798e-9
-5.48682e-10
8.61639e-10
-5.01803e-9
-4.8983e-8
8.39293e-10
8.95583e-10
2.84247e-7
-9.09879e-7
-9.14802e-9
4.5798e-8
-4.19085e-9
6.82619e-7
1.04307e-8
-5.24591e-8
-7.11218e-6
2.50852e-7
-3.5513e-7
1.73758e-6
-1.06745e-5
1.55404e-7
-1.33421e-6
2.83792e-6
-8.07791e-6
-3.67791e-5
3.72877e-5
-4.0229e-5
1.91509e-5
-1.32661e-6
6.99946e-6
-8.16518e-5
6.96794e-5
9.62909e-5
3.44715e-6
-2.02303e-5
0.000135998
-0.000112122
-0.000145355
6.60883e-6
-1.46181e-5
-0.000180121
0.000150342
0.000196798
4.42028e-7
1.51808e-5
0.000185335
-0.000157353
-0.00024111
-1.15511e-5
3.12699e-5
-0.000154003
0.000107393
-1.25227e-5
2.94545e-5
-2.55654e-5
-3.94044e-6
3.85223e-5
9.10568e-6
-4.13037e-5
-2.26039e-5
-3.87696e-5
4.27107e-5
8.95348e-5
4.81831e-5
-0.000159271
-7.78945e-5
0.000226631
2.05734e-6
4.9289e-6
-5.51249e-6
-1.15998e-5
-0.000377334
0.000895305
0.000259359
-0.000261093
-1.18339e-7
-1.90977e-7
2.49265e-7
5.97613e-7
-0.000597322
0.000700977
-0.000526426
-4.36148e-9
-0.000199516
0.00028792
-0.000281449
-4.92334e-8
3.63586e-5
1.89442e-5
-1.57247e-5
-1.9075e-7
4.2222e-6
6.91722e-7
-7.82965e-7
2.55402e-8
-3.85038e-6
1.45093e-5
-2.83143e-7
-6.15371e-7
-3.42685e-7
-8.98956e-8
8.41971e-7
-9.3419e-7
4.99553e-5
-0.000112113
-5.79113e-5
2.54562e-5
-8.20401e-6
2.26825e-5
-1.74756e-6
-1.77275e-7
7.76778e-6
-0.000171936
0.000271134
-0.000164432
0.000111591
-0.000639976
0.00136186
-0.00172728
0.00135479
0.0015393
-0.00194606
-0.00080532
0.00152535
-0.000343664
-0.000633386
0.00132651
-0.000164851
-0.00139202
0.00106669
-0.00156336
0.00147956
-0.00107713
-5.80992e-6
3.91769e-7
1.89358e-6
-2.03178e-7
-3.01457e-7
1.11545e-8
2.29416e-8
-3.14703e-8
-1.96787e-8
9.13417e-9
-4.32341e-9
5.60668e-9
7.37232e-9
-3.91221e-7
1.679e-7
1.30864e-6
3.50243e-7
-2.82688e-7
-2.46705e-9
4.79013e-10
-4.99229e-10
-7.3743e-11
2.34419e-11
-1.99395e-8
1.25609e-8
-2.24953e-8
4.85431e-8
5.54575e-11
-6.80613e-12
3.12783e-11
-1.08024e-10
-6.94325e-9
-4.58239e-9
4.7469e-9
-3.58736e-10
1.15225e-10
1.22444e-9
1.91544e-9
4.16019e-9
-2.7083e-8
-1.12574e-9
1.69469e-10
-6.09142e-10
1.98788e-8
-2.12279e-8
-2.41161e-8
1.74982e-10
2.6955e-11
2.05721e-11
3.58595e-8
-4.4373e-8
6.55988e-9
9.7911e-11
-5.59626e-11
-3.62349e-11
1.37307e-8
-1.50564e-8
2.63795e-9
1.34997e-8
-2.00811e-12
2.24151e-10
-1.05147e-9
-9.14769e-9
-2.27746e-10
-5.32175e-10
1.21376e-8
-1.61563e-8
4.05066e-10
1.51187e-9
-7.28226e-9
-2.36788e-8
-1.20457e-9
4.24898e-9
-1.88862e-8
-6.16634e-7
3.15465e-6
8.65572e-9
2.87864e-7
-1.11252e-6
2.40054e-6
-3.35759e-7
3.98554e-7
9.82483e-8
-1.18807e-6
1.55803e-6
3.95386e-7
-3.65935e-7
-1.54061e-5
-2.72892e-8
-3.60506e-7
-2.05286e-6
-1.56889e-6
5.31367e-6
3.49571e-6
-1.94866e-6
7.66088e-7
-2.93366e-6
8.34286e-6
7.70865e-5
9.26368e-5
-0.000106012
-7.20935e-5
-6.09414e-5
-0.000103637
-2.26883e-6
5.90606e-6
-1.68352e-5
-4.56198e-6
2.36511e-5
1.29268e-5
2.33649e-5
-2.46337e-5
-3.94491e-5
-3.8344e-5
0.000106503
2.5538e-5
-9.66379e-7
-5.91392e-7
-1.71443e-6
9.20066e-7
4.65865e-6
-0.000113134
0.000145416
-2.41105e-5
-1.52201e-7
2.66322e-7
-4.35277e-7
-0.000291743
0.000300604
-0.000242793
-5.29287e-7
9.54337e-7
-7.25401e-7
-8.2975e-5
0.000118294
-0.000119307
-8.95583e-7
2.39736e-6
-2.10806e-6
1.48285e-5
7.73136e-6
-4.50135e-6
-1.6999e-6
4.74924e-6
-5.20037e-6
9.81044e-7
5.32073e-7
-4.29576e-7
1.19008e-6
-3.50034e-5
8.92726e-5
1.20674e-5
-1.08184e-5
1.76835e-7
-1.97777e-5
1.39581e-5
-6.55777e-5
0.000231125
-0.00052201
-0.000113874
0.000105176
-7.23887e-5
9.78478e-5
5.53199e-5
-6.88914e-5
1.86903e-5
-0.00209753
-0.00101173
0.00144138
4.15637e-5
0.000223011
0.000606635
-0.000349976
0.00158995
-0.00118841
0.000176067
0.0012046
-0.00218452
0.00223524
1.62803e-7
2.12077e-8
-1.23366e-8
4.03099e-9
1.01602e-8
1.58401e-9
-4.41413e-9
-3.64594e-7
-7.0935e-7
4.02314e-8
-4.78275e-8
2.7413e-7
-4.11268e-8
6.59355e-9
1.29527e-9
-3.32484e-9
-2.19833e-9
1.50144e-9
-3.00296e-10
5.69049e-10
-2.43192e-10
1.61164e-11
-4.61627e-8
1.59122e-8
8.39329e-8
-1.39819e-8
5.73508e-8
-9.87275e-11
-1.13648e-11
1.49771e-11
1.20267e-11
-4.12943e-9
-3.0198e-9
8.21405e-10
-7.94522e-9
-3.01007e-9
7.13828e-12
-5.67752e-12
-2.49499e-11
3.52965e-10
1.54557e-9
-8.06493e-9
-1.43617e-10
6.41742e-11
2.36946e-10
4.81743e-9
-5.12231e-9
-8.09931e-9
-1.49808e-11
-5.17819e-11
-4.69074e-11
1.05431e-8
-1.45537e-8
4.78157e-9
8.76104e-11
1.57984e-12
2.47241e-11
3.55336e-9
-6.01202e-9
4.34506e-9
2.17365e-11
-2.99334e-10
-2.69842e-10
-2.38009e-9
-9.27647e-9
9.78057e-9
-7.63556e-9
4.51098e-9
8.9789e-10
3.13603e-9
-6.95365e-9
3.77022e-9
7.74962e-9
1.53516e-8
-1.72595e-8
1.17322e-7
1.80108e-8
-1.36953e-8
-3.58747e-8
-3.39249e-11
5.79634e-8
1.72525e-9
-2.19077e-8
-4.11015e-7
-8.30561e-8
-1.63663e-7
3.80271e-8
-7.36546e-8
1.31871e-6
1.44774e-5
-1.38379e-9
8.32318e-8
2.52617e-5
-1.47931e-5
-9.75768e-9
1.57945e-8
2.30353e-6
-4.25547e-5
-8.01171e-8
4.66282e-7
7.70909e-6
6.43395e-5
-2.44259e-7
7.55826e-7
-7.03535e-6
-8.8199e-5
-1.50494e-7
-4.08701e-7
-1.52196e-5
0.000105467
8.33795e-7
-2.31767e-6
4.11193e-5
-3.44547e-7
-5.52292e-7
1.19805e-6
-2.03165e-7
6.45268e-7
-2.03145e-6
-3.91061e-5
-4.69288e-5
5.26848e-5
3.58832e-5
2.71783e-5
1.46863e-5
-4.21853e-7
1.46872e-6
8.77348e-7
-4.19171e-6
8.46459e-6
3.76683e-6
-4.80087e-7
-1.36525e-5
2.60604e-5
-1.4553e-5
1.77867e-5
8.99603e-6
-2.69305e-8
1.38396e-6
-2.65696e-6
-6.35687e-5
6.8029e-5
-8.33785e-6
-2.94728e-7
2.20487e-6
-2.11444e-6
-0.000125796
0.000124221
-0.000103703
-5.40334e-7
5.36472e-6
-5.06534e-6
-3.13201e-5
3.94408e-5
-4.54368e-5
-2.89661e-7
1.27974e-5
-1.22989e-5
9.99862e-7
3.05775e-6
-1.46356e-6
-1.11113e-6
2.75788e-5
-3.01368e-5
-4.10394e-6
-5.44834e-7
1.11575e-5
-3.10081e-5
3.83096e-5
-3.03432e-6
-0.000189311
0.000185186
-7.64464e-5
9.2022e-5
-9.55983e-5
-2.78466e-5
0.000355613
-0.000314493
0.00155802
-0.000890934
0.00094685
0.000823537
-0.000803676
0.000916745
0.000404753
0.00376409
-0.00537254
0.00134774
-0.00198365
-0.000717859
0.0009651
-0.000260958
0.000215871
0.00148474
-0.00163019
-0.00165171
0.00235
0.00108806
-0.00216363
-0.000339012
-8.08142e-8
4.10275e-8
-2.68141e-9
-1.918e-9
5.99461e-10
1.28319e-9
3.38965e-11
-3.63628e-10
2.19362e-10
-3.93248e-8
-2.43642e-9
1.42164e-8
-1.32387e-9
-1.07944e-9
7.78457e-10
3.03069e-10
1.79634e-10
-3.69121e-10
-3.51585e-10
9.81544e-11
3.71818e-11
-2.55903e-11
9.65928e-13
2.15391e-11
-5.03219e-12
6.5935e-10
1.16552e-9
2.41423e-9
-1.57476e-9
7.22623e-10
-1.48136e-12
-5.84467e-12
4.13121e-12
5.87489e-13
-3.71587e-11
-2.93588e-11
-1.85269e-9
-9.15279e-10
-1.92288e-12
1.04867e-11
-2.32753e-13
-2.5002e-11
4.40231e-11
1.08212e-9
-8.49977e-10
-2.59641e-9
1.36672e-11
-3.18313e-11
-4.54904e-11
2.55199e-9
-4.26265e-9
2.14968e-9
1.97346e-10
6.73005e-11
-3.16182e-10
7.47921e-10
-1.65131e-9
2.60646e-9
6.16231e-10
8.27089e-10
9.78507e-10
-1.91571e-9
-7.47107e-9
1.07798e-8
-1.03952e-8
8.88076e-9
-3.26971e-9
-2.18606e-9
-1.39772e-9
2.41304e-9
-2.42739e-9
8.32551e-9
4.1338e-8
-2.958e-8
2.7949e-8
-7.44108e-9
3.99681e-9
2.72402e-10
-2.14562e-8
-9.01393e-8
1.73393e-7
5.03645e-9
-5.15643e-9
1.50836e-8
-1.45115e-8
4.77609e-8
-8.48891e-7
-1.02257e-6
-2.23013e-10
-2.01327e-8
-1.16025e-5
4.28332e-6
4.71083e-9
4.91118e-5
-1.6477e-6
5.09257e-10
-1.33203e-9
-2.33986e-9
1.30818e-8
-0.000137886
0.00025347
-0.000171751
5.09593e-5
-1.38438e-8
6.37987e-8
0.000164001
-0.000255055
-8.7092e-5
-3.39453e-8
8.64339e-8
-0.000158453
0.000261102
0.000111884
3.22081e-8
-1.43037e-7
0.000168172
-0.000198985
-8.37495e-5
-2.3054e-8
1.10034e-7
-1.85257e-7
-8.77318e-5
3.50841e-5
-8.44281e-8
2.90521e-7
1.88696e-5
9.99742e-8
5.96915e-8
-9.55931e-8
2.75549e-7
-4.35232e-7
-4.4929e-7
1.76462e-5
3.08798e-5
-3.00038e-5
-1.62437e-5
-2.85355e-5
-3.97266e-7
9.10317e-7
-2.77806e-6
4.47516e-6
1.96302e-6
-1.77025e-6
-2.92241e-6
5.79523e-6
2.59051e-6
1.05077e-5
-8.31741e-6
7.94367e-6
4.91812e-6
1.52366e-6
9.01808e-7
-1.81154e-6
-2.69602e-5
2.36584e-5
-4.10284e-6
3.5217e-6
2.26307e-6
-2.37597e-6
-4.74684e-5
3.48111e-5
-3.94415e-5
7.96645e-6
6.52733e-6
-7.02821e-6
-1.01346e-5
6.51253e-6
-8.12913e-6
1.46529e-5
1.85578e-5
-1.87264e-5
-3.06717e-6
-4.60929e-6
1.56683e-5
-1.38926e-5
-3.50379e-6
-0.000111075
-0.000168641
0.000136629
-4.67499e-5
6.38754e-5
3.57422e-5
7.81622e-5
-0.000264278
0.000924659
-0.000951911
0.000153663
0.000943232
-0.000954515
0.000334064
-0.000388817
-0.00393446
0.00355808
-0.0026656
0.00545244
-0.000893897
0.00124536
-0.00146219
0.000873931
0.000352111
-1.8355e-5
0.000384103
-0.000792731
-0.0001856
0.000461261
0.000399964
-0.00157166
0.000495066
0.00193241
-0.00135825
-0.00152458
-3.59359e-9
8.84668e-10
4.88933e-10
-1.57128e-10
-4.62794e-10
-1.91463e-10
5.37359e-11
1.56693e-10
-2.50391e-11
5.72474e-12
-4.76109e-13
-2.77398e-10
1.03534e-9
-1.43436e-11
7.42896e-10
1.95593e-10
-3.38343e-10
7.5522e-12
1.13228e-11
4.09148e-12
2.57587e-12
4.00523e-13
-4.05222e-12
-1.58202e-10
1.35053e-10
2.4641e-10
-1.36152e-10
6.50089e-11
5.38073e-12
3.0276e-13
1.15253e-11
-1.90118e-11
1.07389e-11
-2.15217e-11
-7.78119e-10
-9.12461e-11
9.14732e-11
2.9948e-11
3.07059e-11
1.95721e-12
7.09104e-11
3.80633e-10
-6.27629e-10
5.54042e-10
-6.60488e-11
-3.64343e-10
-5.9204e-10
6.46299e-11
-4.30624e-10
4.64698e-10
4.79281e-10
1.25192e-9
-4.88471e-9
9.71946e-10
-3.2952e-9
7.52669e-9
-7.68201e-9
6.4999e-9
1.24877e-8
1.22559e-8
1.08516e-8
-1.672e-8
-2.63337e-8
3.66943e-9
4.09134e-8
-5.05102e-8
4.70707e-8
-4.61908e-8
6.7949e-8
4.48336e-8
4.94287e-8
-3.01766e-7
3.54252e-7
8.7561e-9
-1.38086e-10
3.45503e-10
-7.7272e-10
5.51195e-9
1.28888e-6
-5.07245e-6
2.74361e-6
-1.63562e-6
1.00035e-10
-2.13146e-9
5.05614e-6
-1.35874e-5
2.0784e-5
-1.78767e-10
-4.39714e-10
6.45674e-10
2.62512e-10
0.000193141
2.38108e-9
1.14266e-8
-6.27279e-9
9.24959e-9
-3.23115e-9
9.60534e-9
-1.365e-8
5.50861e-9
-1.24148e-8
-2.13597e-5
-0.000115983
8.72872e-5
-7.35662e-6
0.000232651
-2.04037e-5
-8.30399e-9
2.96397e-5
2.78939e-8
-1.98878e-9
-3.81905e-8
1.11803e-7
2.33166e-8
6.85933e-6
2.45367e-5
-2.63934e-5
-9.76295e-6
-5.146e-5
-3.64025e-7
3.51155e-7
-1.58265e-6
2.63392e-6
1.04378e-6
-1.12609e-6
-5.77281e-7
2.86332e-6
1.61638e-6
4.70971e-6
-3.28123e-6
2.55744e-6
-1.48397e-7
2.70865e-6
-2.38423e-7
-2.10937e-7
-4.29904e-6
2.12978e-6
-1.09616e-6
7.21201e-6
-6.85938e-7
-5.29437e-7
-1.86107e-6
-1.1563e-5
4.83851e-6
1.69694e-5
-8.78146e-7
-1.99378e-6
-1.0967e-5
1.08234e-5
-1.81736e-5
8.50506e-5
-7.16612e-5
-9.93074e-5
-4.74797e-5
3.54177e-5
-5.28364e-6
2.95698e-6
6.69678e-5
0.000135567
-0.000145957
0.000282439
-0.000520687
0.00056354
0.000589695
-0.000443788
0.000116812
-0.000162242
0.000904744
-0.00188808
-0.000100003
0.00075742
-0.000557312
0.00109412
-0.0013984
0.000518812
0.00222099
-0.0024757
0.00233523
-0.00285341
-0.0011328
0.00143347
0.000864353
-0.000231059
-0.000210062
-0.000563419
9.83017e-11
4.86256e-11
-3.98586e-11
-2.93983e-11
-4.14374e-10
-1.16911e-10
-1.24666e-10
6.66382e-11
-8.76646e-11
-5.11835e-11
-7.18658e-12
3.90773e-12
-9.19111e-12
-2.92322e-11
-6.76017e-12
-1.49905e-11
2.60218e-11
2.00561e-11
1.78166e-10
1.56477e-10
3.44398e-10
7.41628e-11
-1.93486e-11
5.67675e-11
8.79887e-12
-1.1199e-11
-2.89042e-11
-1.09275e-10
-1.99353e-10
1.60341e-11
-3.66371e-11
2.06787e-10
7.19862e-11
-1.50339e-11
4.38602e-11
-1.46977e-10
-7.45326e-11
1.65977e-10
1.6754e-11
1.85893e-10
2.47828e-10
-8.2457e-11
1.21401e-9
-5.31565e-10
2.91151e-10
1.47529e-9
4.9424e-11
-2.16769e-11
-6.68495e-9
-7.21545e-10
1.23823e-9
3.58298e-10
-8.37981e-10
3.12997e-9
-4.10529e-9
-5.33243e-8
-4.37752e-8
-2.47111e-8
2.2062e-7
-2.57911e-9
9.4388e-9
-2.92728e-8
2.61704e-8
-4.64426e-8
-1.74033e-7
-1.43966e-6
-2.52859e-8
-8.21259e-7
1.81183e-6
-4.32652e-9
2.12835e-9
-4.78407e-9
1.42583e-9
-1.94033e-10
1.26279e-5
-2.82359e-5
7.46749e-6
-1.48205e-5
-1.83616e-10
1.6514e-10
3.09222e-5
-1.35526e-5
-1.45407e-5
1.19694e-10
-1.45211e-10
3.07181e-10
-9.87548e-12
-2.0419e-10
-0.000259631
0.000248636
-0.000215048
0.000205744
5.4608e-10
-2.84467e-9
-0.000157336
0.000247704
1.35707e-9
-2.01583e-9
0.000123475
-0.000249838
-2.62273e-9
-8.76499e-5
1.64241e-9
-4.5486e-10
1.22215e-9
-3.04729e-9
2.09077e-9
-4.49214e-9
2.27239e-6
8.02197e-5
6.87935e-6
-7.50266e-5
-0.000144873
4.54788e-5
-5.83459e-9
5.35914e-5
7.28567e-10
5.61702e-9
-5.00479e-8
9.95199e-8
5.67821e-8
-6.61477e-8
2.02724e-5
-1.87058e-5
-2.21361e-6
-7.35526e-5
-1.26696e-7
1.04587e-7
-3.88599e-7
1.41296e-6
-3.23687e-7
-1.79969e-7
-2.62073e-7
6.6492e-7
1.64529e-7
2.14294e-6
8.68586e-7
-5.27085e-7
4.70672e-7
2.53676e-8
9.59055e-9
-2.28143e-7
3.57402e-6
3.17053e-6
-8.02016e-8
1.55872e-8
2.56098e-7
5.49095e-5
-0.000175037
0.000332206
-0.000171668
-4.55308e-5
4.78768e-6
-2.60364e-6
1.69437e-6
-8.47145e-6
0.000150218
-0.000182997
0.000575258
-0.000796241
0.000331254
0.000321288
0.000104139
-3.8179e-5
3.85074e-6
2.93163e-5
-0.000263421
-0.000392216
0.0002224
0.000157473
0.000193444
-0.000284039
-0.00015955
0.000854553
0.00169745
-0.00163648
0.00161235
-0.00196711
-0.000466219
0.000654797
-0.000157322
-0.000435652
0.000534061
-0.000146256
-0.000556154
0.000452957
-0.000218979
-9.79038e-5
1.9996e-10
1.75326e-10
1.14593e-10
8.93626e-12
3.42627e-10
-8.29027e-10
-3.81849e-10
-5.74318e-10
1.54565e-9
-4.81589e-10
-3.82158e-10
-2.06164e-10
4.43164e-11
-4.12572e-11
-2.62105e-10
-7.20887e-11
6.1373e-10
-1.11141e-9
7.10606e-10
-3.07305e-9
9.86867e-10
1.73369e-9
-1.13487e-9
-4.38524e-10
5.05533e-10
-4.46891e-10
-1.03034e-10
-7.01527e-10
-3.23402e-10
-6.36634e-10
-1.56061e-9
2.05432e-9
-5.14906e-10
2.57344e-9
1.04983e-9
3.6349e-10
-2.15497e-9
-3.1365e-10
-1.60533e-10
2.84087e-9
1.57477e-9
-4.25093e-9
5.41933e-9
1.43269e-8
2.17433e-8
-5.69038e-10
5.3636e-10
1.35687e-9
1.43433e-9
-2.84943e-8
-2.4308e-8
2.36853e-8
1.12077e-7
1.54485e-9
6.62412e-10
6.54234e-8
-3.09908e-7
-4.42814e-7
-2.65687e-9
1.82444e-9
-6.51596e-9
3.21326e-6
1.43245e-6
4.0739e-6
-4.89685e-6
-1.42781e-9
-9.89771e-6
1.93514e-9
-9.33127e-10
-3.75547e-10
6.73937e-5
-9.88903e-5
3.41352e-5
-6.62772e-5
4.96264e-10
1.77333e-11
6.61882e-5
-3.37299e-5
-4.60321e-10
-6.77552e-5
-2.4968e-11
3.9249e-10
-1.72227e-10
-0.00018258
0.000101832
-9.01749e-5
-1.37177e-5
3.547e-10
-4.59796e-10
0.000181935
8.89913e-7
3.45725e-10
-1.27485e-10
-0.000234535
6.43696e-5
-2.18252e-10
0.000257959
3.09114e-10
-8.65294e-10
-8.04764e-10
3.96972e-9
1.36963e-10
0.000187147
-2.03879e-5
-7.98673e-5
-0.000262137
-0.000349483
0.000142802
-4.75464e-9
7.2264e-5
1.18631e-8
3.9485e-8
-4.11688e-8
6.75015e-10
6.75377e-6
-1.06789e-5
-6.64526e-6
-2.58066e-6
-2.88897e-5
7.19096e-8
1.59702e-7
-6.67023e-7
-1.19385e-8
-8.41166e-8
2.51409e-7
2.07397e-7
1.24638e-6
2.92283e-6
-1.32753e-6
-1.01166e-5
6.1349e-6
-9.38931e-9
3.46855e-8
-9.31007e-8
-4.24446e-10
2.98821e-5
-2.10306e-5
-7.64495e-5
5.96813e-5
-1.13616e-7
1.76757e-7
-8.31058e-7
-5.01324e-8
0.00017202
-0.000320991
-8.37926e-7
2.91197e-7
-1.7487e-7
0.000481828
-0.000415302
-0.000613176
0.000709997
6.39642e-5
3.58208e-6
-3.16893e-6
-2.57183e-6
6.24791e-6
-0.000590517
0.000648609
0.000303993
-0.00046409
-9.82208e-5
0.000299169
0.000138696
0.00207974
-0.00359445
0.00231597
-0.00190696
-0.000219709
0.000315986
-0.000577245
0.000578053
0.000983209
-0.000935398
-0.00133664
0.000881016
0.000847263
-0.000418094
1.5236e-9
9.03592e-10
1.01188e-9
5.77409e-11
2.5106e-9
1.37926e-10
-4.27993e-9
-4.4656e-9
-2.34292e-9
-2.42393e-9
-2.18597e-9
2.1205e-9
1.14181e-9
-4.83215e-9
-9.91593e-10
6.95056e-9
3.26691e-9
9.90071e-9
6.70357e-9
-2.17699e-8
1.04523e-9
1.42733e-8
1.03147e-8
3.33636e-9
8.56132e-9
2.16998e-9
-8.40923e-9
6.26132e-9
7.84084e-9
-8.19665e-9
-2.53169e-9
-3.53427e-9
-1.48426e-8
-1.1068e-8
-2.67368e-8
-4.41392e-8
2.80891e-8
9.862e-10
4.54158e-8
7.32842e-9
4.81559e-9
-3.05056e-9
-7.94025e-9
-7.0453e-9
7.4765e-8
4.34693e-8
-2.23111e-8
2.65108e-8
6.66878e-8
1.18989e-7
-7.78647e-9
-6.73955e-9
4.28348e-8
3.35906e-8
-1.23121e-7
-1.14362e-7
-6.15364e-9
1.87143e-7
5.2024e-9
3.58845e-9
4.22855e-8
7.62293e-9
1.55839e-6
-4.4007e-6
-7.93523e-6
-1.18843e-5
-3.2047e-8
-3.00233e-8
1.09393e-8
2.69157e-5
-4.78108e-5
4.51763e-5
-7.10784e-5
-3.91595e-9
-3.30002e-10
4.45597e-9
0.00013282
0.000103456
-1.27706e-9
6.23911e-9
-5.58743e-10
-0.000201671
0.000303636
-0.000123915
0.000308852
-1.08013e-8
3.93943e-9
-0.000463414
0.000141812
-1.24113e-9
-9.33174e-9
1.61563e-9
0.000712062
-0.00046231
0.000209356
-5.49762e-10
-1.90384e-9
1.74476e-9
-0.000611843
0.000481854
-0.000386833
-6.96994e-10
-7.48943e-9
1.68763e-9
0.000411952
-0.000423576
0.00051974
-2.70725e-9
-4.46845e-10
-0.000213434
0.000198642
2.80188e-9
2.33112e-10
0.000476864
-0.000446742
1.06641e-8
-1.10563e-8
-0.000121623
0.000304266
2.46165e-8
-5.08652e-8
-5.83256e-8
1.19005e-7
1.43654e-7
9.81301e-8
-6.05319e-6
2.69756e-5
9.53393e-7
4.12755e-6
-1.1273e-5
-5.90788e-6
-2.2078e-7
-7.34416e-7
8.81587e-7
2.33902e-6
-3.1298e-6
1.28896e-7
-8.56825e-7
-4.17583e-8
-1.10336e-6
-6.72039e-6
9.73113e-6
1.70515e-5
-2.64782e-5
6.48008e-8
-3.46388e-8
-7.74356e-10
1.737e-8
-3.78158e-5
6.30739e-5
7.17753e-5
-0.000130567
1.5536e-7
7.50466e-8
-1.45743e-8
-3.57509e-7
-0.00011205
0.000231734
0.000136888
-0.000344224
-1.65097e-6
-7.10977e-8
8.24058e-7
-4.55902e-7
-8.36225e-5
0.000403632
-4.41756e-5
-0.000364446
0.000285021
0.000159416
0.000193976
-4.91831e-5
-2.4344e-5
5.83484e-5
-1.17865e-5
1.81322e-5
-0.000715269
0.000205078
0.000990092
-0.000479608
-0.000952113
0.000486749
6.96328e-5
0.000679318
-0.000185984
-0.000443239
-0.000596695
9.72001e-5
0.00068402
0.00111592
-0.000678227
-0.000273204
-0.00228208
0.00348313
8.61851e-5
-0.000951803
-1.25392e-8
8.54537e-8
-6.03444e-8
-2.8492e-9
-1.91326e-8
-2.20881e-8
5.4503e-9
1.82831e-8
-2.06664e-8
1.73524e-7
1.4842e-7
-1.3914e-7
2.00125e-7
-6.28198e-8
-1.3595e-7
7.80146e-8
-1.06873e-8
9.31033e-8
2.94699e-8
-4.27992e-8
-2.50373e-8
3.59641e-8
-8.56925e-8
-3.91973e-8
-3.24881e-7
-2.85538e-7
3.79135e-7
-4.11112e-7
3.54191e-7
1.12162e-7
-2.93061e-7
8.22619e-8
1.22774e-7
-1.86959e-8
-2.07291e-7
-2.08459e-7
1.58804e-6
1.0751e-6
-1.45187e-7
-8.91972e-8
4.20219e-7
8.13393e-7
-1.57881e-7
-1.87532e-7
1.0413e-6
8.8345e-7
-1.43009e-6
8.46609e-7
7.29943e-6
1.60239e-5
1.17974e-7
1.80371e-7
7.16087e-7
4.83164e-7
-2.48294e-5
3.47842e-5
6.38938e-5
0.000126506
-4.50105e-7
3.67927e-7
-1.20777e-7
-0.000200717
0.000143801
-0.000204013
0.000297967
5.37343e-9
-1.4569e-8
-9.62769e-8
-0.000370538
-0.000505479
1.08115e-7
-1.75306e-7
5.69453e-8
0.0006519
-0.00059491
0.00071309
-0.000906541
-8.44904e-8
2.68541e-9
0.00100929
-0.000865429
1.3418e-8
1.50146e-8
-0.000877215
0.000764539
-8.42393e-8
2.2887e-8
0.000608154
-0.000513055
-4.36123e-8
-8.5196e-10
-0.000358449
0.000338608
2.98338e-8
-1.21841e-8
0.000285457
-0.000391194
1.09838e-8
-9.01163e-8
3.36566e-8
3.1189e-7
-1.24541e-7
-3.0341e-7
-2.98069e-5
9.53595e-6
-8.85135e-7
4.68683e-6
-0.000259328
1.19852e-6
6.47378e-7
7.47374e-7
-1.39773e-6
-8.89735e-7
3.38537e-6
5.44676e-7
4.25622e-7
1.30931e-7
1.12234e-6
1.76563e-6
-7.73004e-6
-1.73163e-6
1.49377e-5
1.23638e-6
-7.90963e-7
-2.04436e-8
3.3674e-6
-7.00894e-6
-2.15594e-5
3.16122e-5
1.75442e-5
1.23693e-6
1.15232e-6
-2.78284e-7
-6.86904e-6
-0.000122157
1.50899e-5
0.000146047
-0.000172974
2.76911e-6
-1.01957e-7
1.63878e-6
-5.38736e-6
-0.000332545
0.000334277
0.000586602
-0.000472698
-0.000737341
0.000946593
-2.93386e-5
1.84831e-5
-5.27329e-5
-4.70113e-5
1.54889e-5
-2.95499e-5
0.00095883
-0.00118095
-0.000805311
0.00107515
0.000504202
-0.000782319
-0.000308773
0.000617628
0.000399366
-0.000729413
-0.000446203
0.00106429
-6.20063e-7
2.03378e-8
-5.56619e-8
-3.2086e-7
6.12846e-8
1.09968e-7
1.01e-6
-2.16075e-6
-9.57772e-8
1.71154e-6
-8.80221e-7
8.84751e-7
6.47564e-7
-3.68995e-7
-7.36718e-8
7.54343e-7
-9.1069e-7
-4.48972e-6
-6.33545e-6
5.51518e-6
-4.82007e-6
-9.87537e-7
1.24098e-5
-3.07801e-6
3.68733e-6
-5.15363e-6
2.35824e-8
9.98973e-7
1.5373e-7
-1.64438e-6
2.43059e-6
-8.14912e-8
-3.97408e-6
-5.39712e-6
-2.04424e-5
2.28298e-5
-2.68703e-5
-8.33349e-6
1.30887e-5
-9.09173e-7
-6.06062e-7
-1.09209e-5
-2.59055e-6
-3.22978e-6
2.47178e-5
-2.28298e-5
2.49892e-5
-4.0283e-5
-4.97357e-5
-0.000133164
-5.13407e-7
1.38621e-5
-8.54121e-6
4.55454e-6
0.000189339
-0.000173707
0.000153436
-0.000344797
-0.000334906
-6.02336e-7
-1.67087e-7
-4.53936e-6
0.000431422
0.00074018
5.87201e-7
-8.48583e-7
5.53988e-6
-2.09665e-6
-0.000991563
0.000812639
-0.00105743
0.00135871
0.000995677
3.06968e-8
3.75483e-6
9.51306e-7
-0.00129081
0.0011762
-0.0011088
1.79281e-8
-4.16275e-6
-8.30731e-7
0.00115594
-0.00103328
0.000956929
3.28292e-7
5.281e-6
-7.36586e-7
-0.00100018
0.000751853
-0.000686734
-4.66765e-9
3.31029e-7
2.16869e-7
0.00041284
-0.000392118
0.000454655
-4.31614e-7
-1.88831e-8
-9.51522e-5
0.000137792
-5.8187e-8
2.18164e-5
-8.33459e-7
-2.1248e-6
2.03579e-6
-7.17427e-6
-1.16089e-6
-5.24785e-7
-4.60589e-5
-8.08962e-5
2.77698e-5
3.09502e-6
0.000120194
-8.87794e-6
2.45321e-7
9.14718e-6
-2.21178e-6
-2.53347e-5
2.1133e-5
2.38752e-5
-1.62502e-5
-5.83128e-7
2.12205e-6
4.61632e-5
-4.00874e-5
-9.51082e-5
0.00012749
7.16758e-6
1.82794e-5
-2.39011e-6
-8.39882e-5
0.000117745
-0.000210596
0.000149515
-6.89257e-5
0.000204532
0.000106786
-0.000326137
0.000114576
1.3834e-5
-2.51602e-5
0.000122661
-6.9997e-5
1.97599e-5
1.549e-6
0.000170801
0.00020683
-0.000449281
-0.000729557
0.000200202
0.000288018
0.0012039
-0.000624399
8.25734e-6
-0.00228933
0.0010272
-0.000224157
0.000752578
-0.000407213
3.59811e-5
-0.000228347
0.000116718
5.24929e-5
1.78598e-5
4.11541e-6
-1.24783e-5
2.12647e-5
-9.56153e-6
4.78903e-7
3.67465e-5
-3.91987e-5
-9.95479e-6
-0.000131059
5.41378e-5
2.60766e-5
-5.20125e-5
2.38019e-5
-4.50985e-5
-1.0236e-5
1.8643e-5
5.62325e-5
4.73261e-6
0.000107191
-0.000103561
-4.3044e-6
-0.000228392
0.000257936
-0.000140415
8.22941e-5
5.95168e-5
-6.48327e-5
9.74422e-5
1.86422e-5
-3.58045e-5
9.35889e-5
1.65883e-5
2.1689e-5
3.05769e-5
-3.6618e-5
0.000160726
-0.000173957
8.21743e-5
-0.000144348
0.000320294
-8.5551e-5
6.18381e-5
4.8078e-5
-0.000129792
0.000288229
-2.20959e-5
4.19913e-6
1.59151e-5
-5.60155e-5
-1.57215e-5
-2.40685e-5
-0.000217978
4.12728e-5
0.000248798
-0.000509399
-2.19041e-5
-3.62743e-5
6.50182e-5
-9.03101e-5
-3.67869e-5
-8.57596e-5
-0.000193573
-0.000302442
0.000151337
0.000612452
-0.00113028
0.00015404
1.24383e-5
-4.95137e-6
0.000168626
-0.000298818
-0.0009936
0.00122527
1.44693e-5
-0.000302808
0.000264988
-3.13366e-5
0.000744943
-0.000187678
0.00130037
-0.000854255
-0.00117216
-2.26409e-5
-8.90968e-5
5.66226e-5
0.000888126
-0.00156973
0.00151025
8.33049e-6
-6.31432e-5
6.5272e-5
-0.000525174
-2.05508e-5
0.000279243
6.4769e-5
4.06685e-5
-0.000325067
0.000136554
-8.74673e-5
-0.00119139
2.38122e-5
0.000708041
0.00118641
-0.000262488
-0.000937537
0.000375275
3.56758e-6
7.19818e-5
-0.00012829
-1.41326e-5
-1.11115e-5
-0.000422463
-4.48553e-5
8.67435e-6
0.000153365
2.87008e-5
-9.98044e-5
0.000760057
-0.000175238
-0.000185431
-0.00282271
8.19106e-5
-2.01595e-5
-0.000396738
-6.24608e-5
3.83515e-5
-1.53549e-5
0.000228333
-0.000832553
-1.61452e-5
0.000570574
-0.000103341
2.65816e-5
7.12361e-5
-0.000197798
7.2531e-5
-0.000433614
0.000377555
-0.000318793
0.000610986
-0.00058517
0.00110444
-0.00155665
-0.000308805
0.00115611
-0.000581615
-5.64524e-6
-0.0037871
0.00264465
-0.00106476
0.000858354
-0.00036036
0.00132731
-0.00177725
0.00185922
-0.00209388
0.00151635
-0.00201751
0.0027903
0.000225106
-0.000261259
-0.000130592
0.000184303
-0.000394882
0.000522621
-0.000703885
0.000450683
-1.55091e-6
7.25941e-5
-0.00024557
0.00058763
-0.000986669
0.00132221
-0.00104196
0.00055054
0.000114771
-0.000122615
6.74405e-5
0.000174554
-0.000680107
0.0013231
-0.00174934
0.00166612
-0.000983235
0.00030796
-0.000223428
0.000357742
-0.000407914
0.000186682
0.000415862
-0.00122181
0.00180326
-0.00177878
0.00120846
-0.000339549
-0.000259784
0.000464761
-0.000741951
0.000978989
-0.000873742
0.000270571
0.000633864
-0.00139925
0.00168406
-0.00138971
0.000472085
0.000277504
-0.000581166
0.00112901
-0.00159627
0.00163039
-0.0011075
0.000206151
0.000727279
-0.00144384
0.00167045
-0.000758532
0.0007282
-0.00138923
0.00188372
-0.00201794
0.0016595
-0.000965476
6.57701e-5
0.00123959
-0.00310352
0.00408257
0.00100719
-0.00160296
0.00172803
-0.00166179
0.00147387
-0.00123529
2.12138e-6
0.000600492
0.000772072
-0.000894593
0.00105929
-0.00152337
0.00289611
-0.000541203
0.000127969
0.000459396
