-4.01726e-6
1.94325e-5
-1.61249e-5
-7.85329e-6
-2.35168e-5
1.34145e-5
-9.4624e-6
1.72842e-5
1.43302e-5
-9.32422e-6
1.24459e-5
-4.23754e-7
2.41664e-6
-1.29338e-5
8.56248e-6
-2.52468e-6
-1.03499e-6
7.25975e-7
-1.07689e-5
5.2183e-6
2.10479e-6
1.67588e-5
-3.72645e-6
3.51115e-6
-3.20316e-6
-1.31473e-5
9.23106e-6
-1.31786e-5
7.96853e-6
1.30033e-5
-4.42384e-6
-3.87006e-7
-1.0357e-5
8.23486e-6
1.62598e-6
6.40896e-6
-1.039e-5
-1.00349e-6
1.91596e-6
-2.57637e-6
2.65878e-6
-3.01771e-6
-2.10178e-6
7.36528e-6
4.16942e-7
4.79947e-6
-6.99254e-6
1.11093e-5
-1.3426e-5
1.34923e-5
-2.71344e-6
-8.6609e-6
1.08003e-6
4.38695e-6
-2.71745e-6
-5.30629e-7
1.8876e-7
-2.46515e-6
8.43051e-6
-4.74918e-6
4.02317e-6
-1.13962e-5
9.72108e-6
9.23643e-6
-5.17086e-6
1.7488e-6
1.74056e-6
-6.56285e-6
1.06447e-5
-1.17021e-5
9.44431e-6
-2.1845e-6
-5.02447e-6
1.08161e-6
2.89775e-6
-5.30415e-7
-1.55718e-6
4.74844e-8
-2.7807e-7
-1.77593e-6
-4.9014e-6
7.26808e-6
-7.55878e-6
5.30355e-6
-5.22788e-7
-4.45998e-6
6.96214e-6
-6.11495e-6
3.6403e-6
-1.68484e-6
7.54588e-7
-2.48495e-5
2.25212e-5
-4.58185e-6
2.32929e-5
-2.69553e-5
-8.07794e-7
7.69094e-6
1.58234e-6
-8.68113e-6
1.24089e-5
-1.19228e-5
7.56128e-6
-2.03886e-6
-1.69077e-6
2.7173e-6
-2.12948e-6
6.68196e-7
1.06944e-6
-4.17401e-7
-8.97347e-7
-1.42109e-7
3.02073e-7
1.73089e-8
1.51355e-7
-2.02012e-5
1.68022e-5
-9.55467e-6
-1.49775e-6
9.68281e-6
-1.49921e-5
1.53377e-5
-1.13641e-5
5.88295e-6
-1.71569e-6
-2.29743e-7
5.25621e-7
-3.78941e-7
5.3038e-7
-2.5824e-7
-1.21531e-8
8.71493e-6
5.41711e-6
2.20418e-6
-9.42562e-6
1.39718e-5
-1.42927e-5
1.08714e-5
-6.31908e-6
2.78333e-6
-7.64022e-7
1.48226e-7
-5.13625e-8
7.46158e-8
-9.56925e-9
8.66502e-8
-7.68862e-6
5.53453e-6
4.67938e-6
-2.98588e-6
-5.62457e-7
6.2638e-6
-1.02597e-5
9.97267e-6
-7.76175e-6
4.76082e-6
-2.67259e-6
9.8467e-7
-8.49325e-7
1.86877e-7
-7.61909e-8
7.33061e-8
-8.19909e-8
-1.40234e-6
2.40348e-7
-2.74283e-6
5.17516e-6
-5.26548e-6
4.48705e-6
-2.92426e-6
3.05381e-6
-1.41977e-6
1.47345e-6
-5.03602e-7
3.79629e-8
-1.59017e-7
6.65696e-7
-2.7395e-7
-2.10922e-7
1.38188e-6
-2.43826e-6
2.11411e-6
-1.9177e-6
1.42616e-6
-3.14164e-6
2.30882e-6
-2.86038e-7
-3.30814e-7
3.79234e-7
-1.97778e-7
1.70255e-7
6.22312e-9
-6.51451e-7
1.13074e-6
-9.71561e-7
1.57418e-6
-1.13602e-6
1.39278e-7
5.74709e-7
-1.07218e-6
3.38308e-7
9.66413e-8
1.65345e-7
-4.80458e-8
-5.49572e-7
4.36079e-7
-4.53696e-7
4.63697e-7
-4.96645e-7
-1.83152e-8
5.23774e-7
-1.57895e-7
8.09976e-9
-1.71709e-8
3.19884e-7
-1.66913e-6
8.61801e-7
9.64281e-7
3.9137e-6
-2.65302e-6
3.61247e-6
-1.21168e-6
-1.22333e-5
5.63458e-6
5.98804e-7
-7.2697e-6
-1.19674e-6
2.92775e-6
6.47618e-6
2.03278e-5
-2.5854e-5
1.14346e-5
-4.76828e-5
6.99763e-5
-5.06391e-5
5.37728e-5
-9.3534e-5
0.00013557
7.65376e-5
-4.47724e-5
-0.000189361
-9.1465e-5
7.45665e-5
-1.84779e-7
-1.33327e-6
4.42228e-7
3.10673e-6
2.153e-6
-6.77015e-7
5.44671e-8
-5.63805e-8
-4.9641e-6
4.9107e-5
-3.76475e-5
6.44439e-5
-0.000109673
-2.84958e-5
2.13655e-5
5.53847e-5
1.73624e-5
-2.77982e-5
7.92638e-7
-3.29412e-6
8.156e-7
3.05417e-6
-5.32941e-8
-7.71313e-6
-1.2312e-5
-5.32285e-6
6.07341e-6
1.16981e-5
2.62989e-6
-4.73459e-6
4.78137e-7
-1.50741e-6
-1.19068e-7
-4.69906e-7
2.47758e-6
-5.69616e-8
-4.70114e-6
-3.58554e-6
4.00085e-8
1.90978e-6
1.63302e-6
-8.55919e-7
2.03887e-7
-8.28637e-7
-1.38796e-6
2.7367e-6
-2.00216e-7
3.51746e-7
1.62263e-6
-2.97986e-6
9.92243e-7
-4.92572e-6
8.35127e-6
-1.01371e-7
6.96715e-8
4.18506e-8
-9.83726e-8
-4.90463e-9
-2.20222e-7
2.07461e-8
1.45943e-8
6.67432e-8
1.18472e-5
-2.56548e-5
3.19483e-5
-5.47461e-8
1.31729e-8
-1.01563e-8
-7.78021e-6
1.39382e-5
-2.44172e-5
5.67436e-9
-3.89344e-9
-1.66321e-9
4.03941e-6
-9.5037e-6
1.6176e-5
-1.9667e-9
4.09291e-9
8.13969e-10
-6.37758e-7
3.99265e-6
-7.82447e-6
-2.29185e-8
2.13734e-9
-1.7238e-9
-9.56434e-7
-6.5899e-7
5.63403e-7
-3.47082e-6
-3.27287e-8
1.44737e-8
-4.62186e-9
1.05861e-9
9.28798e-7
4.66679e-7
8.6143e-7
6.68288e-8
-1.30359e-8
2.20576e-9
-1.55561e-9
-1.12442e-6
1.03824e-6
7.3138e-7
-4.95537e-7
1.94222e-7
5.17011e-8
6.68733e-8
-3.95245e-8
1.61687e-8
-5.55445e-9
6.73092e-9
-2.54901e-7
-1.1656e-7
4.26247e-8
-5.01744e-8
4.37124e-8
-5.82386e-8
1.21059e-8
-1.29559e-9
-3.41783e-9
1.40844e-7
-1.60142e-7
-3.13634e-8
-7.64647e-9
-1.04237e-8
-5.64859e-8
1.36499e-7
-1.46329e-7
-9.19725e-9
-4.51378e-9
-7.12875e-9
1.74026e-8
1.25372e-10
-4.49651e-9
1.21613e-8
-1.65886e-8
-4.33407e-9
1.24464e-8
7.3835e-9
-1.16033e-8
5.66283e-8
-9.12347e-9
6.86829e-9
1.02675e-8
2.70599e-8
1.92424e-8
1.99314e-8
-4.11244e-9
-9.56439e-10
1.28466e-9
-1.14242e-9
-9.75128e-10
-1.25535e-9
-5.12433e-10
-1.02872e-9
-1.60916e-8
4.26359e-9
-3.26638e-9
-3.4731e-9
-1.37371e-8
-2.12969e-8
1.01138e-8
8.18955e-9
-9.47179e-12
-3.963e-11
2.15588e-9
3.70805e-9
-1.24931e-9
1.56733e-9
2.61958e-9
-1.39242e-7
2.5389e-6
-1.70991e-6
-6.78847e-6
7.69261e-6
-3.48059e-6
-1.25056e-6
1.59907e-5
-2.67466e-5
2.858e-5
-2.88324e-5
6.5245e-5
-0.000111071
1.64751e-5
-6.72168e-5
0.000152404
3.95132e-5
-2.2622e-5
-3.46175e-5
-7.4533e-5
0.000148282
-0.000162166
-0.000255811
0.00031844
0.000350341
-0.00039461
-5.27038e-8
-3.33026e-8
2.27296e-7
-1.67318e-7
2.00235e-7
1.2638e-7
-5.98051e-7
0.000156387
-0.000327617
0.00037426
0.00016454
-0.000240896
-0.000102424
0.00013413
1.96283e-9
-5.39612e-8
3.8662e-8
-6.38186e-8
4.92767e-5
-6.5419e-5
-2.08593e-5
2.7364e-5
4.36014e-8
-2.59867e-7
4.64627e-8
-9.09251e-9
8.00595e-6
-1.0102e-5
-2.77895e-6
3.31313e-6
1.79974e-8
-7.06187e-8
1.15886e-8
-5.21942e-8
-6.57447e-9
9.52166e-7
-9.73801e-7
-2.59454e-7
2.31523e-7
-1.67846e-7
1.2199e-7
1.02719e-8
2.76587e-7
-4.74431e-7
1.49602e-10
3.68134e-7
-6.14124e-8
-3.77102e-8
7.41524e-8
-8.26631e-9
3.54927e-8
-6.70487e-7
-3.06548e-8
2.85102e-6
-5.5959e-7
-1.20983e-7
-2.81151e-6
2.52884e-7
-2.23945e-7
2.14281e-6
-2.07266e-8
1.06937e-8
2.78189e-9
8.96387e-9
-2.58516e-9
-7.04293e-10
-5.24151e-9
5.98317e-6
-1.36836e-6
-3.7874e-6
2.73012e-9
-3.89196e-10
8.40405e-10
-1.04871e-5
4.59229e-6
1.37724e-6
-1.00763e-10
1.01433e-10
-2.99803e-11
1.32187e-5
-7.36069e-6
1.21825e-6
6.74264e-12
-9.65564e-11
-1.03147e-11
-1.26437e-5
8.12639e-6
-2.48443e-6
5.38926e-10
-2.98172e-11
3.2586e-11
9.57384e-6
-6.0054e-6
4.09746e-6
-4.4292e-10
1.36361e-10
-3.65961e-11
-5.32407e-6
-2.76434e-6
-2.19331e-10
7.83769e-12
-1.60751e-11
4.31753e-6
-4.22551e-6
-2.87714e-6
1.54989e-6
-1.06192e-6
2.00627e-9
-5.75823e-10
2.6933e-10
-5.84177e-11
1.01277e-6
3.97877e-7
1.35755e-9
-1.86509e-10
7.45314e-11
-4.801e-7
3.95393e-7
1.74977e-7
5.08725e-8
4.36182e-10
1.13983e-10
-1.26333e-10
-1.89845e-10
-5.37035e-8
3.29197e-8
1.44516e-8
4.48692e-9
4.20213e-11
7.75615e-10
2.78176e-12
-1.48094e-10
-2.95903e-9
-9.11132e-11
4.32953e-10
5.29905e-10
3.27413e-10
-4.97374e-9
-7.60306e-11
-1.08902e-9
-1.31082e-10
1.16601e-10
-3.65664e-11
-2.54608e-10
-1.2124e-10
-6.15396e-11
5.93041e-11
-1.79765e-10
-1.06267e-9
-6.90752e-10
2.39109e-10
-6.31143e-10
-5.39993e-10
-8.4973e-11
-1.11676e-9
2.10871e-9
1.98008e-10
-1.54986e-10
-3.93106e-11
3.75303e-11
1.51956e-11
-2.32657e-11
1.77567e-10
3.73356e-10
9.4496e-11
1.21054e-12
2.12511e-10
1.86155e-10
5.21223e-10
-1.14726e-10
-9.56151e-10
1.49287e-11
-1.82137e-11
-9.89051e-11
-1.01787e-10
-7.59155e-12
-3.29314e-11
-8.47293e-11
-4.43323e-7
-3.07529e-7
4.44408e-7
1.0801e-5
-2.21196e-5
-6.24257e-7
-1.57742e-5
8.07164e-5
-3.75941e-6
-7.23502e-5
0.000148833
-0.000174899
-0.000269333
0.000341222
0.000136673
-0.000261906
0.000103176
1.73126e-5
-0.000304873
0.000220807
0.000373327
-0.000265195
-0.000375309
0.000296543
1.88708e-7
2.17453e-7
-8.46493e-7
7.41299e-7
-1.01145e-6
1.64795e-6
0.00027917
-0.000284924
-0.000156775
0.000158287
7.27045e-5
-5.90035e-5
5.81258e-9
9.79593e-9
-2.36454e-8
1.12053e-8
-2.97738e-5
2.36963e-5
1.07246e-5
-8.72151e-6
2.16217e-9
-1.25015e-8
3.24141e-9
-7.10045e-9
-3.41349e-6
2.90051e-6
9.65651e-7
-8.95034e-7
-1.21273e-9
-3.83681e-9
1.83502e-9
-3.13378e-10
-2.39194e-7
2.62396e-7
5.1963e-8
-8.67053e-8
2.93738e-8
-3.65032e-8
5.23345e-9
-1.39716e-7
2.27265e-7
5.19491e-9
-1.06938e-8
2.86722e-8
-1.24575e-8
5.3169e-9
-9.67901e-9
4.20486e-9
-3.22994e-6
3.58793e-7
6.59699e-7
1.1445e-5
-6.92465e-6
-1.95067e-7
-1.40702e-9
-2.57888e-9
1.91174e-9
-4.25245e-10
1.18104e-9
-5.78778e-6
5.13015e-6
-2.94196e-10
-3.32583e-10
1.70094e-5
-1.05643e-5
-1.68756e-10
1.22541e-10
-2.20082e-5
1.63664e-5
3.02308e-11
2.26781e-11
2.31574e-5
-1.85167e-5
-6.44642e-12
-8.43271e-12
-1.70532e-5
1.56405e-5
4.69083e-13
1.13236e-12
1.10939e-5
-1.11602e-5
1.36709e-11
-3.48808e-12
-6.56581e-6
6.66992e-6
-1.12239e-11
-1.21249e-12
3.67961e-6
2.50284e-6
-5.2265e-11
3.05815e-11
1.00329e-11
-1.88006e-6
1.32789e-6
7.75958e-7
-1.03628e-6
3.23687e-12
-1.9205e-11
-2.40869e-11
-2.65393e-7
-1.29704e-7
4.22155e-11
-6.23526e-12
3.36473e-11
7.16065e-8
-2.85392e-8
-1.27237e-8
-5.63511e-9
4.50542e-12
1.84537e-11
7.52538e-12
-7.13064e-12
1.05595e-10
1.87326e-9
9.50985e-10
5.18001e-10
9.74915e-12
3.85428e-11
-2.63735e-12
-1.67858e-12
-3.72206e-10
1.47596e-10
5.22638e-11
1.07144e-10
-2.05993e-11
-4.38597e-11
-8.33358e-12
3.05978e-12
2.17782e-11
-1.67087e-11
-2.15872e-11
2.37683e-11
-1.41475e-11
-1.73363e-10
1.97176e-10
1.43838e-11
9.90669e-12
5.1011e-12
6.98554e-12
-2.24868e-12
-1.35665e-11
3.53183e-12
-5.76716e-12
1.87653e-11
4.08335e-11
2.17156e-11
2.06108e-12
2.25307e-11
2.46673e-11
7.98499e-11
1.02392e-11
1.37866e-11
-3.55469e-11
-2.54719e-12
8.96589e-13
-8.79818e-13
-1.16255e-11
-1.1754e-11
-2.74708e-12
-1.97597e-12
-8.93359e-12
-2.8424e-11
-9.58958e-6
-0.000294322
0.000475399
0.000222774
-0.000256227
0.000401905
-0.000644192
0.000200942
-0.000151769
8.5966e-5
-0.000599253
0.000496938
-0.000523354
0.000361718
-0.000423274
0.00030095
0.000140392
0.000260103
0.000269934
-0.000352038
-0.000142999
2.6866e-6
2.18471e-6
-1.47237e-5
1.35686e-5
-2.55389e-5
3.53002e-5
1.61503e-5
-9.31671e-5
-3.18797e-5
-0.000146294
0.000112458
4.52454e-5
-0.000136341
-8.62761e-5
-5.69374e-5
7.77525e-5
0.000161505
-4.46856e-8
-3.01671e-7
2.27496e-7
-1.83043e-6
3.54568e-6
3.17427e-7
-6.3661e-5
2.50818e-5
7.78567e-6
2.88071e-5
2.07026e-5
-2.7256e-5
-1.21851e-5
3.75677e-8
-5.88882e-9
8.44928e-9
2.19884e-7
6.97743e-6
-1.30037e-5
-3.06899e-6
4.95796e-6
3.03546e-10
3.36305e-10
2.6421e-11
-3.22374e-8
1.23312e-6
-2.05062e-6
-4.12814e-7
5.66056e-7
4.44112e-9
-1.37155e-9
-1.4567e-9
-9.33209e-9
1.2211e-7
-2.01279e-7
-2.2547e-8
4.45065e-8
8.58929e-8
-3.78223e-8
-8.02882e-9
-3.07538e-8
6.60622e-8
-3.29e-8
-1.81364e-9
6.25906e-9
-2.35401e-8
7.26586e-9
2.98129e-9
-1.82726e-9
-8.50348e-10
4.22053e-7
-7.01708e-7
6.91257e-7
-7.41153e-6
8.46791e-6
-3.80063e-7
4.8763e-10
2.18396e-10
9.19389e-10
-3.73607e-10
-3.63839e-10
-6.87263e-11
6.52064e-6
-1.31391e-5
2.78733e-10
4.5334e-12
1.25876e-5
-6.00014e-11
3.19784e-5
-4.77286e-5
1.49695e-5
-3.28209e-5
5.74204e-5
-1.62771e-5
-3.24939e-5
9.10498e-11
-2.52143e-11
-4.26524e-11
2.63998e-11
3.45147e-12
-8.57269e-12
1.30445e-11
4.98765e-13
3.24018e-5
-3.92706e-5
2.91584e-5
3.42728e-13
-2.15267e-12
-1.34815e-12
-2.77012e-5
2.93123e-5
-2.20618e-5
2.16904e-12
2.01989e-13
6.99206e-13
3.23673e-5
-2.13948e-5
1.84341e-5
1.3496e-12
-7.88735e-12
9.92415e-12
-1.21928e-5
-9.66567e-6
1.00948e-12
7.05544e-12
7.41347e-6
-1.70187e-6
-3.74184e-6
5.45464e-6
7.05775e-12
-2.83729e-12
-4.0268e-12
5.69365e-12
-4.14236e-11
2.37276e-6
-2.93976e-6
-2.47817e-11
3.39218e-12
-9.57338e-7
-4.89043e-7
1.29384e-10
4.4236e-11
2.32163e-7
1.14295e-7
-2.246e-8
1.43181e-7
-1.29068e-10
2.22731e-10
-2.50736e-10
2.75313e-10
3.88646e-11
-5.24145e-9
8.28302e-10
-7.61292e-11
-2.37124e-11
6.08935e-9
-1.20628e-9
-2.33557e-9
-8.10795e-10
-1.62224e-11
3.57025e-11
2.63655e-10
-2.15364e-10
-3.94623e-10
-5.75301e-12
5.17448e-10
5.69677e-10
-2.42291e-11
1.66886e-11
-2.54828e-12
6.24194e-12
6.81805e-11
-1.00622e-11
-2.68141e-11
9.9824e-11
7.11426e-12
-6.13871e-13
-3.3355e-12
7.6434e-13
6.06071e-12
6.47576e-12
6.46722e-13
6.76328e-12
-3.16671e-13
-3.41782e-12
4.21966e-12
-8.24505e-12
7.02323e-12
3.55973e-13
-3.34395e-12
8.10425e-13
8.06722e-13
1.03937e-12
-8.31645e-13
7.59016e-13
2.49023e-13
2.61558e-12
1.60429e-12
-1.19731e-12
-2.9091e-12
2.56462e-12
-1.98092e-13
7.22755e-12
2.48907e-12
3.32031e-12
6.37814e-13
1.14761e-13
9.00695e-13
8.44165e-12
6.04388e-13
6.33383e-13
-4.30099e-13
-1.53844e-12
2.08868e-12
8.75495e-12
1.31475e-11
5.11175e-12
-1.489e-11
2.58081e-12
-5.05933e-13
-1.68218e-12
-1.02618e-11
-3.88971e-12
-3.56489e-12
-1.70381e-11
-3.1787e-11
-3.60667e-11
7.90627e-12
4.75278e-11
-3.94626e-12
0.000195497
0.000740965
-0.00052389
0.00056678
-0.000936387
-8.20295e-6
7.7474e-5
0.000368873
-0.000490461
-0.000465848
0.000534876
0.000227029
0.000237166
-0.000203161
-4.23046e-6
-9.23874e-5
6.512e-5
-0.000103854
0.000175916
1.49787e-5
-0.000234819
0.000170452
-0.000144518
-2.38401e-5
3.31012e-5
-9.18288e-6
-1.24913e-6
4.92697e-6
-2.44063e-6
1.16302e-5
-1.25886e-5
4.52941e-5
-1.72684e-5
-2.47926e-5
-3.7504e-6
1.43543e-5
1.09946e-5
-1.19999e-5
1.52311e-7
-1.87099e-7
-3.54556e-7
1.07581e-6
-1.64523e-6
1.52198e-7
9.29909e-6
-3.91443e-6
-1.42796e-6
-3.35842e-6
-2.77067e-6
3.93077e-6
1.41494e-6
3.28908e-10
8.03075e-9
-1.1838e-8
-5.58468e-8
-1.15899e-9
-6.20793e-7
-1.05334e-7
8.29276e-7
1.38992e-7
-9.94643e-8
2.01234e-8
3.06372e-8
6.67814e-8
-1.52852e-8
2.01659e-8
-8.46272e-8
5.26468e-8
1.15999e-7
2.61483e-8
4.67507e-7
2.44197e-8
-5.44668e-7
8.843e-7
3.86928e-7
-1.83911e-9
-4.64542e-9
-2.06629e-8
1.13941e-8
1.29751e-9
5.58113e-6
-3.37055e-6
3.85261e-6
-1.8879e-5
1.18442e-5
-5.2169e-6
2.44816e-12
1.98878e-11
-3.66028e-10
-1.48784e-11
1.66564e-11
-4.95757e-11
2.03859e-5
2.56469e-11
9.92893e-6
-2.50322e-5
1.65933e-5
-1.0628e-5
1.57879e-5
-3.34045e-5
-1.06347e-11
9.24747e-12
1.18919e-11
-9.80991e-12
-3.70677e-12
1.00245e-11
6.34078e-6
-1.91093e-5
-1.55514e-12
1.86992e-11
-7.02192e-6
2.24051e-5
-3.76604e-12
-5.65504e-12
5.34464e-6
-2.58579e-5
-6.15588e-12
4.41458e-11
3.60406e-6
1.14288e-6
-2.06572e-6
-8.75213e-7
1.50962e-6
3.99045e-12
4.08964e-12
-3.99539e-12
3.67949e-11
2.21947e-10
6.29143e-7
-1.38289e-6
-1.48933e-11
-7.52058e-12
1.83534e-7
-8.09322e-8
1.44542e-8
2.66841e-8
-7.00669e-8
-2.80341e-10
2.84032e-10
-3.14605e-10
2.399e-10
-4.71337e-12
1.07458e-8
-2.64302e-9
3.28758e-10
1.12709e-9
-5.06143e-10
4.06668e-10
-4.349e-10
4.83023e-10
-4.68485e-10
-8.55968e-13
-4.45621e-10
-2.87507e-10
-1.67842e-11
-7.76452e-11
1.26855e-11
1.44973e-10
4.56159e-11
-2.62048e-11
-1.33555e-11
-1.44861e-11
5.51805e-11
-2.42941e-11
-7.86459e-11
-2.98406e-11
-4.34756e-12
1.42735e-11
-4.00073e-12
-7.49689e-11
1.35346e-10
-1.05931e-10
-1.00431e-10
-5.45478e-12
-1.95336e-12
1.43358e-12
-9.77207e-13
-6.66682e-13
-4.32953e-12
-8.27285e-12
6.50853e-12
1.04176e-10
-3.48415e-10
7.84117e-13
8.87014e-13
6.90731e-13
-2.5712e-12
-1.67088e-12
3.4518e-12
-3.41274e-12
3.08378e-11
1.38809e-11
2.37159e-11
4.22431e-12
2.16918e-11
5.93275e-12
5.68849e-12
1.54873e-12
-1.22249e-11
4.43301e-11
5.67976e-11
1.05031e-10
6.48719e-11
-1.94414e-10
-1.16044e-11
-1.22943e-11
1.87869e-11
-1.23306e-10
-8.88235e-11
-9.75648e-11
-1.22503e-10
-1.71499e-10
-3.33612e-10
7.14052e-11
7.57366e-10
1.39821e-10
0.000418941
0.000604141
-0.000448069
-0.000414638
0.000145891
-0.0002178
0.000191893
0.000843971
-0.000467438
-0.000773713
0.000211076
8.27004e-5
-7.20804e-5
-0.000314616
0.000188101
-0.000260842
0.000512638
3.33249e-5
-0.00012108
0.00010962
-8.87679e-5
-1.79505e-5
6.05053e-6
1.77021e-6
3.73858e-6
-7.73094e-7
-2.77397e-6
7.07537e-5
-5.74548e-5
0.000204032
-7.88805e-5
-3.02389e-6
-9.82761e-7
1.54603e-6
1.30542e-6
-1.10217e-6
8.46812e-7
-5.81278e-6
6.58916e-6
-1.69678e-5
7.19776e-6
3.75892e-6
8.85379e-7
-1.28907e-6
-1.75676e-6
1.81323e-6
1.79453e-7
-7.58139e-7
1.3742e-6
-1.70794e-6
-1.38732e-6
1.9875e-6
3.49261e-8
-2.00685e-7
5.4225e-7
-4.02145e-7
-3.98105e-8
5.44542e-7
-8.85154e-9
-3.98223e-8
1.0724e-7
-5.06935e-7
3.25562e-8
1.48737e-8
-7.2852e-8
3.10101e-8
9.44536e-8
2.22384e-8
-1.66866e-6
1.33341e-6
-1.38548e-6
7.19046e-6
1.72053e-6
-2.79021e-10
-2.28026e-9
-3.04834e-8
-1.38523e-9
7.1832e-10
1.9021e-5
-1.37442e-5
8.61977e-6
-3.8212e-5
2.85882e-5
-1.38999e-5
3.52656e-10
-1.24708e-9
1.9619e-10
2.14298e-9
-1.4056e-10
2.95931e-10
3.02552e-5
1.0317e-10
-1.05756e-5
-9.64696e-6
7.67722e-6
1.35963e-5
2.6109e-5
-3.27463e-5
-1.0126e-5
-2.50231e-5
-1.50046e-11
-6.79899e-11
-4.99012e-11
1.63722e-10
-2.69126e-5
3.04869e-5
1.25329e-5
-4.46756e-11
1.03954e-10
2.68049e-5
-2.07952e-5
-1.08696e-5
3.92602e-11
1.22594e-10
-1.85803e-5
7.81059e-6
1.01272e-5
-2.98148e-10
5.11273e-10
1.69601e-6
2.08778e-6
-2.82965e-6
-6.35614e-7
6.78874e-7
-2.9751e-11
8.77464e-11
-4.13327e-10
1.60377e-7
-3.6447e-7
3.4011e-11
-4.84384e-11
-3.24133e-8
-1.13679e-9
1.12452e-8
-5.4594e-10
5.25447e-9
-2.46911e-10
1.61494e-10
-1.63068e-10
3.85226e-11
9.03972e-11
-4.78648e-9
9.84848e-10
3.89657e-10
-2.70084e-10
2.18848e-10
4.89889e-10
-3.84573e-10
4.44327e-10
-3.47754e-10
-6.89395e-11
-6.35871e-11
-2.05106e-11
-4.19472e-12
-3.40911e-11
2.06291e-10
-1.51755e-10
-3.60538e-11
6.9938e-12
3.67468e-12
4.77097e-12
5.76762e-10
-3.17184e-10
-4.6161e-10
6.66394e-12
-6.79501e-12
-2.71087e-12
3.75224e-13
-1.2101e-10
9.21972e-11
3.58999e-10
-1.44224e-9
1.12221e-11
-3.31596e-12
1.04706e-12
-4.73116e-12
-1.47942e-12
-6.63591e-11
7.51229e-12
-1.01368e-10
2.87728e-10
-5.84408e-10
1.53352e-11
2.52319e-12
7.9413e-13
-3.07565e-11
-9.19529e-12
1.52138e-11
-3.59346e-11
1.0388e-10
3.61062e-10
2.51138e-10
8.10355e-11
8.62302e-11
3.76569e-11
1.34484e-10
-1.3029e-10
9.99212e-11
3.35545e-10
-3.71945e-10
4.14044e-10
5.49257e-10
1.02447e-9
-9.64732e-10
-1.3843e-9
4.83931e-10
-4.61409e-10
2.67142e-10
-1.52087e-9
-1.34634e-9
-9.44402e-10
-2.36932e-9
5.93492e-10
-0.00038899
-0.000459446
0.000426257
0.000269042
-0.000211283
0.000366429
9.68407e-5
-6.33101e-5
0.000260713
-0.000166669
-8.6765e-5
0.000208529
-9.11062e-5
-0.000199522
0.000180225
0.000119685
-4.75597e-5
-9.08078e-6
-1.46812e-6
-3.98626e-7
2.04035e-5
0.000129123
-0.000131985
0.000289491
-0.000228299
-1.70023e-7
3.72898e-7
-1.30827e-7
-8.23857e-8
1.19057e-7
-1.53291e-6
-1.42859e-5
1.11134e-5
-4.30121e-5
1.64318e-5
1.91012e-7
2.51181e-7
2.6849e-7
-1.05847e-7
1.03208e-7
-3.97176e-7
-1.20036e-6
4.27944e-6
-5.93832e-7
-8.65067e-7
1.06969e-6
-9.70753e-8
-4.76175e-7
1.51428e-6
-1.08011e-6
-8.8982e-7
1.72484e-6
1.3274e-7
-9.78411e-8
4.58743e-7
-3.00445e-7
-3.242e-8
5.215e-7
6.78268e-7
-4.61359e-7
1.50717e-7
-2.12884e-6
-1.391e-7
3.11063e-8
-1.28911e-7
-9.85925e-9
2.15537e-7
5.57828e-8
-5.2681e-6
4.55738e-6
-1.92697e-6
1.42681e-5
2.81579e-6
-6.17004e-10
4.68536e-9
2.31282e-9
-1.19698e-8
-4.60358e-9
2.46728e-5
-2.56053e-5
1.60875e-5
-2.32263e-5
-3.11865e-5
3.25185e-5
-1.5925e-5
1.50889e-9
-5.42755e-9
-1.31315e-9
3.56743e-9
-7.9602e-9
1.09572e-5
3.43679e-10
-1.83014e-10
5.48279e-11
-3.34822e-10
-4.52276e-10
-1.48554e-10
-7.45847e-10
1.24101e-7
7.63574e-10
-2.46284e-9
3.41537e-7
1.24692e-8
-3.02884e-10
-1.97877e-10
-5.58683e-8
6.21968e-8
4.73577e-10
-2.87257e-8
2.20177e-8
-1.8118e-9
1.3304e-12
-2.02684e-9
1.51902e-8
1.27392e-9
-2.53377e-9
-4.56078e-11
5.84189e-12
7.99337e-11
4.81e-10
-2.07643e-10
-7.41877e-11
4.23315e-11
-2.86369e-10
2.76465e-10
1.00635e-11
2.89105e-10
-3.85676e-10
6.20885e-10
1.1157e-10
-1.92853e-11
-1.60922e-11
7.30887e-12
6.87987e-10
-3.27072e-10
-7.84509e-10
2.36501e-12
3.78692e-12
-4.26459e-12
2.06513e-9
-7.50484e-10
-1.70455e-9
2.77709e-11
-1.54542e-11
-1.66319e-11
5.85243e-10
1.2604e-9
-5.26155e-9
-2.71385e-11
4.96385e-11
6.80465e-12
1.63565e-12
3.31333e-10
-6.65119e-10
1.42784e-9
-2.59818e-9
-8.46884e-12
-4.59407e-12
-1.97587e-11
-4.53001e-11
1.14724e-11
-5.3978e-10
-1.02789e-10
-5.02509e-10
-6.10978e-10
7.6233e-10
2.57789e-11
2.5719e-10
-2.31814e-10
8.2402e-11
4.74594e-10
-5.63762e-10
7.74143e-10
2.9964e-9
-2.49174e-9
5.04232e-9
4.74462e-9
2.54908e-9
5.36842e-10
8.9311e-10
-3.04571e-9
1.95717e-9
-1.14813e-9
-1.0583e-9
3.24012e-9
2.89918e-9
2.83692e-9
6.46359e-9
-9.1246e-9
2.66154e-9
-1.56918e-8
0.000134731
-0.000255753
6.21913e-5
-8.08488e-5
-6.48558e-5
-0.000194864
0.000165389
0.00014756
-0.000135593
8.63562e-6
3.64599e-5
-8.92609e-5
2.59956e-5
6.84111e-5
-3.29024e-5
-0.000109694
4.83451e-5
4.40732e-6
9.02448e-6
-2.18913e-6
-1.86662e-6
0.000117675
0.000218383
-0.000113292
-0.000335964
0.000284965
-0.000175859
-0.000371539
4.36863e-7
4.74558e-7
-2.29406e-7
5.6592e-8
-1.95254e-8
-7.00901e-6
-4.28147e-6
2.47616e-6
4.64161e-7
-3.89732e-5
1.3624e-5
-5.4488e-8
2.7432e-8
-3.99013e-9
-1.53122e-6
-4.1202e-7
2.44349e-6
2.10705e-7
-3.86454e-8
1.01853e-8
-5.95625e-7
7.11264e-8
4.97888e-7
-4.60471e-7
-7.73134e-7
1.16756e-6
-1.07748e-7
3.63565e-8
2.06098e-7
-1.25422e-6
-1.03878e-6
3.07158e-6
2.47156e-7
1.31112e-8
3.20543e-8
-6.70815e-7
-3.72372e-7
1.63464e-6
1.2857e-6
-9.36591e-7
1.46396e-7
-4.57887e-7
-2.93539e-6
-9.53931e-8
-9.21372e-8
3.41889e-7
7.20738e-8
-2.81266e-7
-1.21402e-5
6.95851e-6
-1.50933e-6
4.78421e-6
2.20621e-5
1.50381e-6
1.34078e-8
-7.80466e-8
1.24929e-8
-4.29766e-8
9.51738e-8
2.1316e-8
9.05391e-6
7.86366e-6
-1.43526e-5
1.01998e-6
-2.88441e-5
1.19619e-5
1.72933e-5
-3.40723e-9
1.54403e-8
-3.29311e-10
2.07657e-9
2.61954e-10
4.46988e-5
-3.39762e-5
3.28498e-10
1.18361e-9
-4.60956e-5
4.57164e-5
1.92357e-9
-5.45859e-9
2.99403e-5
-3.20336e-5
2.8861e-10
-4.11289e-9
-1.18385e-5
1.54307e-5
1.21291e-9
1.54638e-9
1.7684e-6
-2.91253e-6
5.02131e-9
-1.30588e-8
6.51341e-7
-1.96558e-7
6.39822e-9
-2.37975e-8
3.1336e-7
-1.62728e-7
-6.31676e-9
5.1404e-8
-2.34574e-7
-4.1719e-9
3.6512e-8
-1.01608e-7
-3.62331e-8
4.04568e-10
4.80301e-9
6.01948e-9
7.38699e-9
-5.39265e-9
-2.3398e-9
5.62304e-10
-2.12559e-10
7.31455e-10
8.39202e-9
-1.68078e-10
1.7985e-11
4.97127e-11
5.59477e-11
9.03002e-10
-8.93957e-10
-2.16863e-11
2.32303e-11
-2.14061e-9
8.74838e-10
7.12233e-12
-2.28232e-11
1.15257e-11
3.89345e-9
-1.53601e-11
-1.25379e-11
-2.22847e-11
6.57156e-9
1.32979e-9
-1.07258e-8
9.44643e-11
5.5449e-11
-7.30159e-11
2.60555e-9
2.67993e-9
-2.0306e-8
-8.35853e-11
1.9264e-10
4.48794e-11
-1.94482e-9
4.9634e-9
-7.70732e-9
1.37685e-11
-1.74543e-10
-3.05023e-11
1.13297e-10
9.37585e-11
2.02613e-9
-7.3994e-10
-1.08096e-9
1.33113e-9
3.97573e-11
-2.32277e-12
-4.96641e-10
4.29508e-10
1.56566e-9
-1.39991e-9
-7.66008e-9
-1.25735e-8
-6.16246e-9
2.01145e-9
-4.77086e-9
1.65891e-9
3.6923e-9
-3.15253e-9
8.96488e-9
6.73632e-9
-5.70849e-9
-1.09855e-8
-4.01594e-9
-1.37183e-8
-1.17861e-8
3.6772e-8
-9.25441e-9
-5.76157e-8
5.42047e-8
5.22417e-8
1.11212e-8
2.74018e-8
-1.77658e-8
2.53846e-9
3.34632e-8
2.10154e-8
8.59179e-9
7.31046e-8
-7.77695e-8
4.42308e-8
8.56424e-5
-4.84871e-5
-0.000137414
9.624e-5
0.00011783
-9.27718e-5
-5.28984e-5
5.24037e-5
4.32553e-6
-1.59869e-5
1.33389e-5
-4.69469e-7
-1.84307e-5
3.75381e-6
-2.06802e-6
3.71656e-7
-0.00019834
0.000120741
0.000274481
-0.000179523
0.000107459
0.000157758
2.08647e-6
-8.55667e-7
-4.14801e-7
-8.56412e-9
6.50404e-8
-2.25038e-8
4.86e-5
-1.83938e-5
9.18693e-5
-4.1467e-5
-3.09381e-9
7.03978e-9
3.17871e-9
-9.47429e-9
-9.98088e-7
-1.01774e-6
4.0392e-7
-4.24416e-6
1.12579e-6
9.38336e-9
-1.81444e-8
1.10422e-7
-2.18235e-7
6.17258e-8
2.68054e-7
5.48175e-7
-2.9421e-7
1.83173e-7
-8.06932e-8
4.42203e-8
1.11142e-8
-1.11387e-6
-3.94185e-6
4.89678e-6
1.10434e-8
1.53927e-8
3.15908e-9
-4.59127e-6
-9.36751e-6
1.06352e-5
1.68618e-7
3.11623e-10
-3.70956e-8
-4.13842e-9
-9.02882e-7
2.12793e-6
9.45681e-7
-3.04713e-6
-2.03771e-6
-7.95957e-7
7.95485e-7
3.27762e-7
3.26468e-7
-1.19792e-6
-3.26924e-7
1.11467e-6
6.7126e-6
-1.48212e-5
9.04356e-6
-4.7857e-6
-6.00979e-6
-4.51003e-6
-4.81618e-8
2.42364e-7
-3.59604e-8
9.61752e-8
-2.12932e-7
-1.88441e-8
-2.12283e-5
3.18387e-5
-1.35872e-5
1.1146e-5
2.5135e-5
-1.55798e-6
-4.10988e-5
7.46619e-6
-8.77939e-9
2.21935e-8
7.57281e-9
1.08834e-8
-1.68538e-5
-6.16436e-6
3.59408e-5
2.44046e-8
-7.96547e-8
3.48705e-6
1.63782e-5
-1.98996e-5
-7.79843e-9
-2.41969e-8
6.52306e-6
-2.21282e-5
5.09111e-6
1.45665e-8
5.10141e-8
-7.49497e-6
1.23802e-5
8.49642e-7
6.109e-8
-2.09004e-7
4.19996e-6
-4.37493e-6
-1.89698e-6
4.77606e-8
-2.37138e-7
-1.30895e-7
1.0724e-6
2.76307e-7
-1.74239e-8
1.75603e-7
-9.89251e-8
-4.28296e-8
4.65417e-8
-5.20267e-8
-7.9472e-9
1.67004e-8
1.78697e-8
1.88451e-7
-1.73002e-9
4.19227e-10
2.26282e-9
-1.41071e-8
-1.08381e-10
3.90501e-10
8.32984e-9
-2.0333e-8
-1.25782e-10
4.63435e-11
6.07697e-9
-6.02476e-9
2.9677e-11
8.34663e-11
-1.52134e-8
1.87369e-8
-4.14936e-11
-1.70697e-10
9.75475e-11
3.43982e-8
-9.6644e-11
-2.78168e-10
-3.91885e-10
1.55111e-8
6.7322e-8
-8.55091e-8
-1.69491e-10
1.85569e-9
2.43127e-11
-7.15581e-9
3.88639e-8
-5.68266e-8
5.89731e-10
-4.0349e-10
-5.45454e-11
-2.1382e-9
2.24198e-9
1.76349e-9
-8.34317e-9
7.06004e-10
2.58845e-9
-5.19314e-10
-4.74293e-10
7.94796e-10
-7.32059e-9
2.94691e-8
-6.66098e-9
7.58858e-10
3.14994e-9
-3.83926e-9
-1.57367e-9
2.80147e-8
-2.04858e-8
-1.85238e-7
3.09365e-8
-2.93628e-7
-1.03789e-7
2.49774e-8
-6.17568e-8
5.09912e-8
-4.08303e-8
3.34315e-8
-1.11321e-7
-6.91729e-8
-1.10788e-7
1.05655e-8
-1.24313e-7
-1.73248e-7
2.20749e-7
2.63702e-7
-8.1059e-7
1.10775e-6
1.70003e-7
9.76169e-9
4.69411e-7
-2.87084e-8
1.60102e-7
6.30174e-7
-7.74503e-7
7.02058e-5
-4.36292e-5
-4.92583e-5
1.44185e-5
7.18464e-5
-1.70685e-5
-0.000102522
8.0715e-5
-4.73526e-5
1.93013e-5
-4.53279e-6
7.05739e-7
-4.51796e-7
1.52914e-7
3.6592e-7
-1.07876e-7
1.36306e-7
-1.65654e-7
-6.39782e-5
2.90625e-5
-7.35414e-5
3.86111e-5
2.26101e-8
-2.69515e-9
3.67723e-8
-1.72369e-8
6.09094e-6
-1.74265e-6
1.64028e-5
-5.7432e-6
7.27835e-9
-1.11946e-9
-1.63398e-9
2.15466e-8
-1.02307e-7
-1.35713e-7
4.35143e-8
2.22773e-8
-2.50494e-7
4.56396e-8
-1.30289e-7
7.89192e-7
9.7816e-8
-1.23867e-6
-9.27053e-9
2.48758e-8
-1.25396e-8
5.15533e-9
4.28905e-6
-1.13327e-5
4.14059e-11
7.8401e-10
-2.44876e-9
1.07049e-9
7.09595e-6
-2.75295e-5
7.91524e-9
-3.78248e-10
-1.86248e-9
2.16199e-9
-3.70948e-6
1.72959e-6
8.94031e-6
-2.42068e-5
-2.76819e-7
-1.19495e-7
8.66177e-8
3.62976e-8
3.89348e-6
-1.12112e-5
-3.42818e-6
9.34997e-6
2.74808e-6
1.97482e-6
-1.30484e-6
-7.55787e-7
-7.7623e-7
2.27383e-6
4.65299e-7
-1.20515e-6
2.41221e-6
-2.15148e-6
-1.1743e-6
-1.59495e-6
-6.35699e-6
2.46491e-6
1.51467e-6
5.42848e-8
-2.48706e-7
-6.64362e-8
1.75573e-7
-2.29833e-9
3.6227e-9
-8.15336e-8
1.73906e-7
2.23934e-7
-1.88129e-7
1.63031e-7
1.14451e-6
-1.36127e-6
3.82073e-7
1.0292e-7
-5.97067e-7
3.26867e-7
-3.14287e-7
-4.9215e-7
5.30545e-7
-3.02607e-7
-1.954e-6
7.61556e-9
-6.4997e-8
5.49553e-9
1.03609e-7
-4.03394e-7
-1.01279e-9
9.79692e-9
4.70343e-8
-3.98107e-7
-4.55957e-9
1.36741e-9
-1.80069e-8
2.49446e-9
-4.15959e-10
1.63465e-9
6.52401e-8
-5.81062e-8
-1.16103e-10
3.58803e-10
2.94723e-8
-6.01732e-8
3.25201e-10
3.00369e-9
-3.477e-9
-2.44266e-8
1.75348e-7
-3.4567e-11
8.49041e-10
1.15045e-9
-1.32337e-9
-3.9166e-8
2.77642e-7
-5.13492e-9
-4.1222e-9
-2.38135e-9
2.3273e-8
-4.12354e-8
1.84128e-7
-1.83534e-9
2.84141e-8
1.28637e-8
-6.29132e-8
2.88251e-10
1.79231e-8
3.7556e-8
-1.31716e-9
-6.89251e-9
-1.13186e-9
-3.20158e-9
-6.37605e-9
2.51885e-8
-1.49091e-9
4.28598e-9
1.66559e-8
-5.67354e-9
1.30861e-9
-7.03953e-9
-1.11611e-7
5.36799e-7
-9.88037e-8
1.75193e-8
6.40897e-8
-1.21877e-7
-5.42649e-8
7.69323e-7
2.84193e-7
2.59356e-6
9.67278e-7
-2.87902e-6
-2.17254e-6
4.03973e-7
-8.05501e-7
-1.34626e-7
8.88969e-8
3.11547e-7
-1.14123e-6
-1.00392e-6
1.34023e-6
-3.51289e-6
2.37167e-6
-3.40243e-6
2.92998e-6
-5.80373e-5
3.13896e-5
7.17544e-5
-2.02655e-5
-5.76073e-5
2.14635e-5
3.39127e-5
-1.55359e-5
-1.77062e-5
9.4733e-6
6.44285e-6
-3.60521e-6
-2.39029e-6
2.05089e-6
-1.82994e-7
3.00013e-6
2.97472e-5
-1.70024e-5
7.30324e-6
-8.50455e-6
5.22191e-7
-2.80447e-6
4.1142e-7
-5.60633e-8
3.45442e-7
-2.67969e-7
-1.16336e-5
4.14265e-6
-1.77437e-5
7.24819e-6
7.97347e-8
-1.65091e-8
3.51135e-8
-1.21489e-9
4.18059e-7
-6.98837e-8
1.79352e-6
-5.19126e-7
-8.20294e-10
2.16742e-8
1.10398e-8
-7.01222e-8
-9.04066e-9
-1.66565e-6
7.30443e-7
-9.88201e-8
-1.49213e-8
-1.274e-6
8.44396e-6
-1.26288e-5
3.92181e-9
1.39486e-5
4.62662e-5
-5.14798e-5
3.65984e-10
7.05677e-5
7.96262e-5
-0.000136197
-2.40082e-8
-1.06606e-8
7.0068e-9
3.26518e-10
2.85734e-5
-6.46358e-5
-2.25197e-5
4.74402e-5
5.30198e-7
2.52633e-7
-1.85875e-7
-7.33832e-8
-5.94007e-6
1.37151e-5
2.9889e-6
-6.52056e-6
1.72557e-7
-1.08225e-6
1.25829e-7
5.93275e-7
3.98304e-7
-1.03369e-6
2.13596e-7
2.57694e-7
-3.50949e-7
-8.22259e-6
3.23418e-6
2.99335e-7
5.43363e-6
2.29764e-5
-3.16865e-5
-1.26067e-5
-1.53009e-6
2.13066e-7
2.45055e-7
-4.59247e-8
-2.31647e-6
-4.35904e-5
6.28681e-5
2.57176e-5
-1.32316e-6
5.66019e-6
5.84034e-5
-9.2723e-5
-3.85449e-5
8.98539e-7
-3.31916e-6
-9.93789e-5
0.000119487
5.00289e-5
-7.25801e-7
1.33572e-6
3.23337e-5
-5.37438e-7
-2.05465e-5
-4.83956e-7
2.30519e-6
-1.10643e-5
-4.54854e-6
6.28723e-6
-3.21827e-6
1.27122e-5
2.91062e-6
1.5429e-6
-6.94018e-6
8.35958e-6
8.13858e-8
2.13212e-6
-1.28962e-9
1.4229e-7
1.62955e-6
-8.49727e-6
-1.16732e-7
3.32531e-8
1.14455e-7
-3.18861e-7
-7.41806e-9
2.35138e-8
-2.56724e-8
-4.8744e-7
-3.84223e-9
-2.93207e-10
-1.74053e-7
1.12097e-7
-5.77672e-10
3.56501e-9
4.31454e-7
-2.73986e-7
-3.24784e-9
-5.56378e-7
6.76675e-9
-2.66536e-7
-8.23924e-7
1.17257e-6
1.10886e-8
-6.50804e-8
-8.03751e-7
8.45588e-7
-1.02135e-7
-8.86728e-8
-6.83158e-8
4.70688e-7
8.41026e-8
3.90122e-8
-8.60687e-8
-1.40373e-8
1.10554e-8
5.94427e-8
-2.32839e-7
3.37839e-7
-5.11799e-8
-6.20532e-8
1.27825e-8
-2.64212e-9
-9.46885e-8
4.48417e-7
-4.57761e-8
-5.23163e-9
-5.02608e-8
-3.9245e-8
2.27989e-7
-3.61695e-7
-1.90603e-6
1.01388e-5
-1.85698e-6
2.88852e-7
9.06333e-7
-2.12183e-6
2.02467e-6
-1.02339e-6
-1.16072e-6
1.01191e-6
6.92375e-6
-5.89134e-6
5.60799e-6
8.963e-6
-7.8959e-6
-8.40212e-6
3.63425e-5
-2.6449e-5
6.69916e-6
9.68298e-6
-3.07744e-5
2.06878e-5
-6.84655e-6
-3.63729e-5
2.31188e-5
4.50422e-6
-2.01587e-6
-1.11706e-5
4.99107e-6
-7.06123e-6
5.23348e-6
2.5129e-6
-3.74285e-6
-3.57039e-6
5.4145e-6
1.35815e-6
-3.12728e-6
-1.52732e-5
3.1859e-5
9.27112e-6
-1.89635e-5
7.16025e-7
-4.78577e-6
8.25839e-6
-3.31146e-6
6.06878e-6
-3.61849e-6
1.57018e-6
-2.73555e-7
3.5963e-7
-6.237e-8
-1.28633e-6
1.81233e-7
-2.73164e-6
1.27733e-6
4.46419e-8
-4.80979e-8
-1.21103e-7
3.63012e-7
5.65699e-9
-3.60038e-8
1.76057e-7
-6.72291e-8
2.23157e-7
-3.94921e-7
-5.38988e-7
-2.85767e-6
2.81271e-6
3.47105e-6
-5.48796e-9
2.37391e-8
-3.59459e-8
2.58235e-8
-9.03331e-6
3.52311e-5
3.84632e-10
-3.62779e-9
-2.9728e-9
-8.41526e-10
-3.68935e-5
0.000135929
-2.24936e-10
3.62947e-10
-1.41303e-9
1.97838e-10
-8.28908e-5
0.000172516
-1.58728e-9
3.81986e-10
-2.79349e-10
1.71594e-10
0.000121458
-0.0001821
-8.59565e-5
0.000130301
5.55286e-8
1.82786e-8
-1.35714e-8
-4.08126e-9
-2.7754e-5
4.75353e-5
1.26166e-5
-2.0683e-5
-1.45018e-7
-2.6851e-7
8.55066e-8
1.03538e-7
2.05679e-6
-4.1015e-6
-5.2514e-7
3.11602e-6
-6.27239e-7
1.086e-6
-3.20505e-7
1.1811e-7
-2.44943e-7
3.68723e-6
1.38039e-7
-1.36717e-6
2.41953e-6
2.83126e-6
-2.17666e-6
-1.35308e-5
-1.10202e-5
2.12881e-5
5.68771e-6
-1.42079e-5
1.6967e-5
6.87662e-6
-2.35453e-6
-8.16138e-6
1.43484e-5
-3.93559e-5
4.35486e-5
-2.91605e-5
-6.11089e-6
1.56517e-5
-2.81447e-5
5.63152e-5
3.90535e-6
-9.64621e-6
-1.12928e-6
3.4172e-5
-4.63063e-5
5.93459e-7
-2.47167e-6
7.55249e-7
1.99362e-6
-8.01585e-6
-1.34539e-7
2.36427e-7
1.58343e-6
-1.0214e-5
-5.53585e-8
8.29535e-9
1.54173e-7
1.60284e-7
3.09326e-10
3.00059e-8
1.67195e-8
-1.45217e-6
-2.94364e-8
1.16587e-8
-8.74815e-7
4.75782e-7
-3.92588e-9
-9.20067e-8
5.461e-8
1.50053e-6
-8.01343e-7
-8.79233e-9
-3.79717e-8
-1.16028e-8
7.48314e-8
1.09321e-6
-1.75624e-6
1.276e-8
2.51818e-8
-5.37649e-8
-3.74456e-8
6.80028e-7
-2.85937e-6
1.72944e-7
8.40259e-7
2.68775e-7
-2.25469e-6
-3.72835e-7
-2.90162e-6
-2.90358e-7
-2.74678e-7
-2.07954e-7
2.79046e-6
-2.92731e-8
7.03264e-7
-1.37105e-6
-6.56232e-6
1.21591e-6
5.89089e-7
-3.49207e-6
-1.76661e-8
9.38321e-8
-1.08982e-8
4.65837e-7
7.03671e-6
-1.37121e-6
6.82896e-7
3.23219e-6
-1.74578e-6
9.22059e-6
-5.90583e-7
6.30232e-8
-1.29731e-5
-3.37368e-7
6.09017e-6
-1.1778e-5
-1.29999e-5
-0.000108589
-4.12721e-5
0.00013782
-2.11582e-5
4.14017e-6
1.03284e-5
5.00697e-5
-2.46727e-5
-8.72542e-5
7.9051e-5
-4.66728e-5
1.91791e-5
1.84606e-5
-5.74508e-5
0.000189505
-0.000178205
-2.2558e-5
3.66767e-5
3.23917e-5
-3.06095e-5
-2.31854e-5
2.05898e-5
3.68863e-6
1.10721e-5
5.44361e-7
-1.60008e-6
1.92375e-6
-2.35325e-6
-8.84238e-6
2.28798e-6
1.16613e-5
-1.75934e-5
4.68672e-5
-5.01416e-5
2.00595e-5
-1.85818e-5
-4.98051e-6
1.01296e-6
6.5072e-7
1.70496e-6
2.49561e-6
-3.72049e-6
3.05317e-7
-6.17974e-8
5.19267e-7
-2.30857e-7
5.96887e-7
-1.78637e-6
9.80003e-7
-1.30183e-6
2.958e-6
7.09145e-7
-1.8804e-6
2.74911e-6
-3.02697e-6
-1.40415e-6
-5.09096e-7
4.64494e-6
2.94952e-7
-5.66628e-6
-2.68753e-5
4.36489e-5
-6.43363e-8
-5.65135e-5
-8.81248e-5
0.000145615
1.03443e-8
-0.000238926
-0.000228998
0.000335662
1.37469e-9
2.17181e-11
0.000226894
-0.000154475
2.25184e-9
1.15306e-9
-8.9972e-10
5.72147e-10
-6.83428e-5
7.25792e-5
2.50931e-5
-2.17385e-5
-3.94931e-8
-3.37939e-8
1.47436e-8
9.37174e-9
6.35584e-6
-1.05739e-5
-5.50741e-6
1.9101e-5
-1.30222e-7
-3.07237e-10
2.97853e-8
3.23499e-7
-1.2351e-8
-4.46722e-6
1.18243e-5
-8.11845e-6
-1.23932e-6
4.48407e-6
2.43916e-5
-2.16893e-5
-1.79864e-5
5.45149e-5
-7.23212e-5
3.1338e-5
-2.64179e-5
-8.5659e-5
1.55115e-5
8.30029e-5
-2.71739e-5
2.23015e-5
-7.63179e-5
-6.09385e-5
6.79561e-5
7.20806e-5
9.846e-6
-8.79764e-5
6.56242e-5
-4.21036e-5
-1.67287e-5
3.19525e-5
1.79189e-5
-5.73651e-5
-1.52843e-5
2.38839e-5
0.000115783
-0.000172265
0.00013461
1.02559e-5
-9.71847e-6
4.52843e-5
-4.64229e-5
-2.40169e-6
-9.95526e-8
3.25652e-7
4.84648e-7
-4.16201e-6
-6.31994e-8
3.4464e-8
1.07812e-5
-1.13076e-5
-2.38337e-8
-6.13844e-8
-5.76082e-8
1.39885e-6
1.19325e-7
4.65077e-7
-3.07838e-7
-2.55605e-6
7.97114e-6
6.2395e-9
-2.51626e-6
1.86486e-6
-2.12842e-8
3.27904e-6
-3.09174e-7
3.28869e-6
5.72896e-6
-5.88729e-6
-1.40004e-6
4.29737e-6
9.60853e-6
-8.3566e-6
7.10311e-6
-1.19386e-5
-1.91016e-6
1.73143e-5
-1.57775e-5
2.27321e-5
1.43495e-5
-4.77907e-5
-9.27553e-7
1.23195e-6
2.50033e-6
-1.25692e-6
8.84655e-5
-2.40409e-5
-1.36854e-5
6.76193e-5
-3.04859e-7
1.41586e-6
-1.11426e-6
-9.54715e-6
-0.000115886
2.81424e-5
2.34897e-5
-6.20381e-5
-4.74946e-5
0.000162563
1.21764e-5
2.40824e-6
3.59338e-5
-2.04557e-5
9.53783e-5
-0.000112078
8.73335e-5
-0.000128858
0.000402263
0.000403295
0.000234734
-0.000462981
-0.000165808
2.90882e-5
-0.000457044
0.00037757
-0.000138556
-0.000405098
0.000270492
2.47262e-5
-4.21809e-5
-3.38826e-5
5.52973e-5
-5.66925e-5
4.98589e-5
-3.36553e-5
-5.05208e-5
4.30416e-5
3.04758e-5
-8.9976e-6
6.35236e-6
1.68409e-5
2.82083e-6
-4.81024e-6
5.79827e-6
1.62799e-6
-8.26123e-7
-2.23514e-6
-3.70086e-6
2.78853e-5
-5.26848e-5
8.42238e-6
-1.36326e-5
-2.76886e-6
3.39249e-6
1.63581e-7
-1.94459e-6
4.98322e-6
-4.3297e-6
-2.37941e-6
-9.95939e-7
2.87438e-6
1.77031e-6
-1.50193e-6
1.80592e-6
2.93481e-6
-5.58178e-6
-7.10166e-7
1.10017e-6
-1.92018e-6
1.04945e-6
-1.85912e-6
3.16438e-6
7.99526e-6
7.63239e-5
-7.0964e-5
-6.79539e-5
-1.14244e-7
3.57224e-7
-3.37342e-7
1.26927e-7
0.000109255
-0.000125971
-1.53719e-8
3.99069e-8
-4.16163e-8
2.3249e-8
0.00018922
-0.000216725
-1.31307e-9
1.59666e-9
-4.50498e-10
3.97471e-9
-0.000245604
0.000143288
0.000128809
-1.97e-5
5.39216e-10
3.91524e-11
-3.33105e-5
-1.01872e-5
-4.10322e-9
-2.37375e-9
1.11805e-9
1.34923e-9
-5.38375e-9
6.68879e-6
-2.87482e-6
5.65812e-6
-3.65498e-5
-3.5117e-9
8.21522e-9
6.82232e-9
-2.10277e-8
1.07572e-8
-1.88927e-5
3.97493e-5
-4.30618e-5
-1.38247e-7
1.57333e-5
1.59547e-5
-2.25455e-5
-1.05078e-5
1.66676e-5
-5.04517e-6
-8.47736e-7
1.65856e-5
1.21129e-5
2.74167e-6
-3.55894e-5
0.000116114
8.9194e-5
-0.000213247
-1.86802e-5
0.0001774
2.89651e-5
-0.000148274
-5.00042e-5
9.6637e-5
-0.000107466
9.10178e-5
0.000187155
-0.000133727
7.25563e-5
-3.06194e-5
-3.1849e-5
-0.000230668
0.000170737
-1.10263e-5
3.07282e-6
7.54856e-5
-3.34037e-5
1.84113e-5
4.80809e-5
-0.000143107
7.09473e-5
6.57829e-6
-1.13849e-5
3.0533e-5
-2.01215e-5
-1.67012e-6
-2.91251e-7
4.82203e-7
5.70243e-7
-2.25321e-6
-1.3062e-5
1.05845e-5
-1.38941e-5
1.35768e-5
-4.26114e-7
4.41519e-7
-2.28858e-7
2.72012e-6
-6.10246e-6
5.25522e-7
-4.61159e-8
3.68883e-6
-2.46463e-6
1.18401e-7
2.56246e-6
-1.96258e-6
-3.65803e-6
2.32308e-6
2.91145e-7
2.77317e-6
8.66777e-7
-6.18383e-6
-6.26911e-6
5.42212e-6
-1.32623e-6
1.26028e-5
7.16874e-6
-2.43522e-5
-1.53636e-5
9.23305e-6
-2.72519e-5
4.34154e-5
2.99221e-5
-4.82229e-5
-7.66228e-6
-7.11814e-5
3.41581e-5
8.54098e-5
-4.76401e-5
8.41615e-5
8.29693e-6
9.05964e-5
-0.000143629
-7.08228e-5
0.000199191
1.21684e-5
-6.29975e-6
-3.54502e-5
5.76573e-6
-8.52358e-5
0.000232475
0.000105805
-0.000211155
-2.11493e-5
5.9042e-5
2.90359e-5
4.29572e-6
3.81053e-5
0.000193903
-6.79025e-5
9.87787e-5
-6.67849e-5
0.000168782
-0.000528249
-0.000438506
0.000126495
0.000253624
-0.000270959
0.000149837
-0.000449549
0.000201564
-9.7836e-5
0.00101294
-0.000885066
0.000753782
-0.000364324
6.68548e-5
0.000159752
2.23324e-5
-3.44014e-5
5.92853e-5
-8.24464e-5
7.22384e-5
-5.30746e-5
3.07436e-5
-1.87168e-5
1.34604e-6
-1.11686e-5
1.2999e-6
1.4563e-5
1.77968e-5
-1.88862e-6
8.1552e-6
2.70907e-6
-4.80313e-6
2.69182e-6
-2.70136e-6
-5.1358e-6
-6.91541e-6
1.60039e-5
-1.13073e-5
2.18069e-6
5.61699e-7
-4.47348e-6
7.4801e-6
-5.12383e-6
5.41788e-6
-9.43553e-6
-2.1231e-6
2.49707e-5
-7.71187e-5
4.92313e-5
8.90482e-5
3.02525e-6
-1.80311e-6
-4.23482e-5
4.91218e-5
2.75552e-7
-9.56944e-8
-3.60728e-5
4.14391e-5
6.51379e-8
-5.07527e-8
-7.61636e-5
4.31486e-5
3.86924e-9
-1.2558e-8
5.15761e-5
-0.000160812
-8.00648e-10
-1.21364e-10
6.57322e-9
1.6685e-9
-5.93275e-5
0.000208796
5.95885e-5
-0.000174972
1.37848e-10
-6.37459e-10
9.9849e-6
5.37222e-5
-0.000143327
2.7254e-9
-2.57696e-8
8.91943e-8
-0.000100829
0.000124022
4.07389e-5
-0.000123797
-1.40426e-6
-5.58313e-7
-4.63646e-6
1.87483e-5
6.67732e-7
-3.069e-5
9.50776e-5
-0.000300646
-3.74863e-5
0.000430402
5.21364e-5
-0.000370282
-6.19088e-5
0.000264652
6.37452e-5
-0.000158263
-5.64999e-5
0.000102445
1.89506e-5
-8.00097e-5
1.51057e-5
-5.30649e-6
-0.000212711
0.00014556
2.09242e-6
2.38983e-5
8.45226e-5
-3.33959e-5
1.52576e-5
5.82598e-7
-9.74522e-6
4.6542e-6
2.0118e-6
2.45756e-7
-9.22899e-7
-6.08631e-7
-1.36866e-6
8.72792e-7
-1.59883e-6
-2.02162e-6
2.92608e-6
-1.08153e-6
-1.5234e-5
1.51343e-5
1.05931e-6
-5.42589e-7
-9.61041e-6
7.28879e-6
2.42252e-6
-1.55986e-6
-1.02254e-5
1.52972e-5
2.97643e-6
-4.08848e-6
-2.66487e-5
3.76484e-5
6.11913e-7
-5.14028e-6
-4.78603e-5
7.00542e-5
5.98555e-5
-1.28332e-5
-0.000149185
-0.000140175
0.000258269
-3.72846e-5
-1.59216e-5
0.000189758
-0.000154235
-0.000368839
0.000203458
-0.00053925
8.05842e-6
-0.00018983
0.000885998
-0.000342907
0.000502376
-6.99049e-5
0.00014944
-0.000556981
0.000574123
-0.000183552
0.000125363
-0.000365356
0.000192179
-0.000316152
0.000171606
-6.68675e-5
2.78507e-5
0.00130895
-0.00196765
0.00176316
-0.00128079
0.000681635
-0.000226849
-2.67331e-5
0.000164344
1.52263e-5
-1.37501e-5
1.88279e-6
3.52752e-5
-6.64237e-5
7.66711e-5
-6.42939e-5
3.73273e-5
-1.16714e-5
-2.78197e-6
9.91202e-6
-1.09237e-5
-1.15279e-5
1.1764e-5
-9.31638e-7
-8.7293e-6
-5.95841e-6
-1.33719e-5
2.00522e-5
-2.27495e-5
-1.23691e-5
3.58035e-6
-1.82456e-6
1.80271e-5
-4.73121e-5
-9.36181e-6
2.60425e-5
-7.43169e-6
8.68513e-6
-1.49127e-5
1.31157e-5
1.69278e-5
8.15574e-6
-9.80561e-6
-2.31082e-5
2.43671e-5
-3.73196e-5
-1.0318e-5
7.31658e-6
3.7759e-5
-7.36601e-5
-4.85612e-6
-7.78541e-6
2.4963e-6
-5.4352e-5
-0.00013548
7.14593e-5
-3.57757e-7
8.41853e-5
9.15527e-5
-0.000227838
1.26232e-7
4.8872e-8
-0.000250453
0.000316186
-3.73844e-8
1.39363e-8
-0.000313412
0.000222846
9.5693e-10
-1.42241e-9
-4.49034e-9
6.77306e-10
-7.89232e-11
8.73324e-5
-7.46252e-5
-0.000110492
0.000247637
-2.49107e-9
8.52579e-11
-2.0416e-9
1.76199e-8
3.35231e-8
0.000155321
-0.00029177
0.000288514
6.78158e-8
-0.00018189
0.000202044
6.61634e-7
-4.17712e-7
5.28409e-7
-3.18579e-6
1.15096e-5
3.95091e-5
-6.74652e-5
-0.000223071
-2.93237e-5
0.000503236
5.25929e-5
-0.000628171
-7.45031e-5
0.000577673
8.24691e-5
-0.000406555
-7.14656e-5
0.000228757
4.32744e-5
-0.000110416
-1.06975e-6
5.61006e-5
-4.50096e-5
-6.09554e-5
-4.83366e-5
6.94163e-5
-0.000136173
8.74581e-5
1.65548e-5
-1.30878e-5
3.28649e-5
5.45561e-6
-2.65139e-6
1.23131e-5
-2.19481e-5
-2.02628e-5
4.33737e-5
-7.11153e-8
5.15943e-7
9.76404e-6
-1.93016e-5
-2.09214e-6
-8.16284e-6
1.89159e-5
-8.03254e-7
3.75429e-7
-1.14388e-7
2.69219e-7
1.197e-5
-2.33779e-5
2.0783e-5
-8.31568e-6
-8.01553e-7
2.20807e-7
-1.79186e-5
-5.01848e-7
1.28831e-6
7.06828e-6
2.15815e-6
1.65062e-5
1.01103e-5
-2.54994e-6
7.89305e-6
2.18941e-5
-6.82741e-5
-1.56487e-5
3.74157e-5
-1.74804e-5
0.000223976
-0.000391037
-9.48642e-5
5.80115e-5
0.000566674
0.00036199
-0.000721802
0.000180955
-0.000213065
-0.000250928
0.000190756
0.000947918
-0.00137605
-0.000789553
0.00138548
-0.000164753
0.000280833
0.000534057
-0.000414657
0.000397133
-0.00127648
0.000799071
-0.000938159
-0.000227307
0.000422168
8.52925e-5
-0.000312649
-0.000159454
-3.59278e-5
5.34845e-5
-0.000776581
0.000822128
-0.00206899
0.00272095
-0.00258594
0.00181719
-0.000908724
0.000226148
0.000148947
-0.000377566
0.000422686
-2.11184e-5
-4.47027e-7
4.04982e-5
-4.5569e-5
2.89754e-5
-7.95771e-7
-2.19096e-5
2.82483e-5
-2.0336e-5
4.385e-6
2.45862e-5
3.05271e-5
2.73224e-5
-2.60375e-5
2.39446e-5
7.12126e-6
-2.7382e-5
0.000147835
-0.000190164
-6.17916e-5
1.05323e-5
-1.98074e-5
1.70482e-5
-1.44702e-5
2.37063e-5
-5.20521e-5
7.63033e-5
1.17316e-5
-9.18283e-6
-0.000107035
0.000180327
-5.86793e-6
3.93214e-6
-4.9127e-6
4.00555e-6
5.78833e-6
0.000178568
-0.000277448
0.000162535
-5.87583e-5
-3.03227e-6
5.1862e-6
-3.61035e-6
2.01298e-6
-9.1783e-5
0.00023583
-7.50853e-7
1.78599e-6
-1.23448e-6
5.62558e-7
2.03971e-7
0.00022613
-0.000309554
0.000304364
-0.00037913
-4.32811e-8
5.79694e-9
0.000314615
-0.00018172
1.3156e-9
-1.95168e-9
1.68775e-9
8.58541e-6
0.000172576
-0.000324385
-7.19553e-9
1.89679e-8
-9.52829e-8
0.000439448
-0.00054299
-0.000248188
0.000578684
-4.51692e-7
2.64935e-6
-1.03152e-5
0.000137059
0.000276787
2.77993e-5
-0.00058278
-5.38184e-5
0.000742488
7.81358e-5
-0.000689381
-8.63709e-5
0.000487071
7.011e-5
-0.000260965
-3.49416e-5
0.00010531
-4.76507e-6
-3.37093e-5
3.27933e-5
1.56729e-5
-4.97225e-5
-5.02892e-6
-4.39469e-5
-3.75833e-7
0.000194806
-0.000138007
2.10984e-7
3.74267e-7
-3.6374e-7
3.94505e-5
1.76254e-5
-4.88786e-5
5.96981e-8
2.0103e-8
-6.36722e-8
5.55665e-5
-3.49126e-5
-7.29923e-6
1.58754e-6
-4.5514e-7
7.00441e-5
3.95875e-5
-0.000133149
-8.35455e-6
1.09906e-5
7.35318e-6
-4.14761e-6
-5.43829e-5
0.000160713
7.82554e-5
-0.000191393
-7.75503e-5
0.000141148
2.44866e-5
-1.91211e-5
9.91297e-5
-0.000125127
-5.07016e-5
-2.4948e-5
-6.07134e-5
-9.97008e-6
-1.64708e-5
0.00017516
-0.000329433
0.000492152
0.000178254
-0.000121267
9.45257e-5
-0.000691373
0.000920595
0.000429119
-0.000293265
-0.00121
0.00161646
-0.00197922
-0.00132123
0.000804974
-0.000594585
0.00241229
-0.00266496
0.00113609
-0.000861745
0.000299353
-0.00273102
0.00234184
-0.000876528
0.00221187
-0.00298148
0.00280601
-0.00186568
0.000722033
8.73804e-5
-0.000391029
0.000305175
0.00013872
1.93348e-5
-3.81041e-5
3.50068e-5
9.24698e-6
2.68788e-6
-1.03757e-5
5.98295e-6
1.41847e-5
-4.13606e-5
5.82774e-5
-5.30232e-5
2.72658e-5
1.3074e-5
-5.95665e-5
-0.00014773
0.000176673
0.000153562
-0.000141775
0.000140707
-4.1061e-5
2.94243e-5
-2.45552e-5
-6.95523e-5
2.6096e-5
1.68574e-5
1.88572e-5
-1.53043e-5
1.25855e-5
-5.8252e-5
9.73594e-5
-0.000131794
-1.00082e-5
7.45509e-6
0.000160939
-0.000200465
-5.70144e-6
5.20404e-6
-3.64805e-6
0.000265122
-0.000225883
0.000108274
2.28561e-6
-1.45957e-6
3.57772e-5
-0.000171657
8.09995e-7
-3.82988e-7
-1.95216e-7
0.000254844
-0.000246869
0.000237104
7.60109e-8
-2.596e-8
-0.000186563
7.56349e-5
7.11002e-9
-1.17894e-9
2.32531e-9
6.88702e-5
-0.000225663
0.000394734
-2.09211e-9
-8.09556e-9
2.18699e-8
-0.0005321
0.000780712
-0.000664524
-5.00231e-7
2.67955e-7
-3.00792e-7
2.23689e-6
-2.96146e-6
-0.000392345
0.000618614
-5.81568e-5
8.90228e-6
-0.000342774
-2.16748e-5
0.000598483
4.28428e-5
-0.000698967
-6.4402e-5
0.000625759
7.16338e-5
-0.000416099
-5.45764e-5
0.000188348
1.7728e-5
-4.10168e-5
2.46666e-5
-1.23922e-5
-6.54259e-5
1.6426e-5
9.61835e-5
-9.65932e-6
0.000188206
-0.000226723
-8.71469e-8
4.1454e-6
-0.000172129
0.000156179
-0.000133403
3.30923e-5
-5.91972e-8
-2.97279e-7
-8.31462e-9
3.12535e-5
-8.12018e-5
0.000114708
-2.26194e-9
2.63487e-8
-6.20855e-9
-0.000115036
6.97093e-5
1.10376e-5
-1.05759e-6
1.94347e-7
-0.000105843
0.00020308
-2.02515e-5
-1.02133e-5
3.5751e-6
-0.000233287
0.000222666
-0.000153519
-7.28724e-5
4.39335e-5
4.89224e-5
9.53953e-5
-7.12893e-5
8.48062e-5
-0.000187357
0.000298374
-0.000462561
-0.000273776
0.000162518
-4.21982e-5
0.000661305
-0.000909459
-0.000588628
0.000426019
0.00125865
-0.00180606
0.00233549
0.00130426
-0.00098429
0.000765256
-0.00346633
0.00306283
0.00196975
-0.00317014
0.00198018
-0.00161065
-0.00184898
0.00216558
-0.00156603
0.000606108
0.000945594
-0.00204789
0.00253373
-0.00219878
0.0011335
9.43593e-5
-0.000854767
0.000916468
-0.000438462
-0.000376517
0.00186036
-1.35027e-5
3.56842e-5
-3.93918e-5
1.76193e-5
-1.44097e-5
2.21684e-5
-4.25771e-5
6.72523e-5
-8.00648e-5
6.8966e-5
-3.50135e-5
-9.60994e-6
6.8839e-5
-0.000109261
0.000121307
-8.80578e-5
5.35285e-5
-4.57451e-5
2.55007e-5
3.40544e-5
7.59042e-6
-4.39645e-5
-1.55192e-5
1.17116e-5
-8.86923e-6
9.11225e-5
-0.000135211
0.000171857
6.60345e-6
-4.8085e-6
-0.000201804
0.000191593
4.69731e-6
-6.0355e-6
2.9739e-6
-0.000276861
0.000287839
-0.000168113
-1.3436e-6
1.18777e-6
2.52504e-5
8.52298e-5
-6.01149e-7
5.38256e-7
6.90609e-8
-0.000192087
0.00015393
-0.000102355
-4.469e-8
2.06072e-8
5.63381e-5
1.36914e-5
-9.35698e-9
5.92863e-9
-2.09584e-9
-0.000114614
0.000236245
-0.000457003
8.72568e-9
-3.57472e-8
2.72958e-8
0.000850847
-0.000995229
0.000703988
3.44658e-8
-2.63848e-6
2.41613e-6
-0.000522585
-0.000132102
-6.07074e-6
0.000489026
1.41704e-5
-0.000552436
-2.79135e-5
0.000511153
4.23749e-5
-0.00038242
-4.64444e-5
0.000175047
3.0825e-5
1.55741e-5
1.74813e-6
-0.000107461
-3.7011e-5
9.71112e-5
6.62752e-5
-4.77947e-5
-0.00010885
2.04209e-5
0.000140787
-3.88352e-6
-0.000130624
6.72148e-5
3.78507e-5
1.65793e-7
-4.70255e-7
1.73242e-6
-0.000109008
0.00014817
-0.000187914
-7.5285e-8
1.61991e-8
-7.40787e-8
0.000183845
-0.000115876
-5.45926e-7
-1.18788e-7
1.5895e-7
0.000109316
-0.000273704
3.08434e-5
5.8725e-6
-7.73205e-7
0.000251048
-0.000236321
0.000148604
0.000161302
-8.06308e-5
9.22427e-6
-0.000175394
0.000302287
-0.000211745
0.000173311
-0.000220776
0.000348586
0.000319547
-0.000186996
-0.00010003
-0.000521021
0.000770695
0.000655051
-0.000472134
-0.00113359
0.00201375
-0.00374415
-0.00131883
0.00105079
-0.000844821
0.00443807
-0.00326188
0.00269665
0.00157489
-0.00153818
0.00146132
0.000126012
-0.00131562
0.00168732
-0.00163055
0.00102277
0.000115719
-0.0012958
0.00188961
-0.0016065
0.000760158
0.000320439
-0.00109158
-8.81393e-6
-5.1376e-5
6.66432e-5
2.85565e-5
-3.19489e-5
4.74598e-5
-6.69024e-5
7.73386e-5
-6.70845e-5
3.73376e-5
2.22956e-7
-3.9662e-5
-5.15778e-5
4.63467e-5
3.78098e-5
-1.89632e-6
1.57297e-5
-1.02892e-5
4.92388e-6
-3.7012e-5
5.27601e-5
7.88515e-6
-7.67562e-6
5.02978e-6
-0.000101333
0.00014198
-0.000169964
-4.04699e-6
2.25859e-6
0.000192435
-0.000246338
-1.98102e-6
4.25054e-6
-2.45148e-6
0.000214541
-0.000370771
0.000191454
1.28277e-6
-5.96378e-7
-3.31047e-5
-4.01822e-5
5.07366e-7
-5.03286e-7
4.35116e-8
9.55546e-5
-4.48644e-5
7.9181e-6
-5.53705e-9
-6.53891e-10
1.16525e-5
-3.74728e-5
5.17404e-9
-1.59217e-8
-4.36625e-9
9.9571e-5
-0.000130218
0.000188408
1.12655e-8
-6.22996e-8
2.59168e-7
-0.000279233
1.06983e-5
1.34902e-6
0.000102996
1.247e-6
-6.81287e-6
6.43627e-6
-0.00089023
0.00110796
-8.56914e-6
0.000467667
1.53437e-5
-0.000215325
-2.24648e-5
4.02439e-5
2.28577e-5
0.000159999
-9.9608e-6
-0.000295703
-1.48855e-5
0.000308112
4.11885e-5
-0.000222632
-5.13747e-5
0.000106057
7.04646e-5
-3.9394e-5
-5.51386e-5
5.53346e-5
-1.17966e-5
-0.00010696
1.63484e-7
-1.81411e-7
-3.29873e-6
0.0001832
-0.000174582
0.000222105
1.39554e-8
-2.46802e-9
2.43087e-8
-0.000224065
0.000149333
-2.2108e-5
5.42209e-7
-1.40738e-7
-0.000106971
0.000149993
-2.54978e-5
4.00801e-6
-1.80814e-6
-0.000159793
8.67223e-5
-2.95217e-5
-0.000269358
0.000106957
-8.36217e-5
0.000141036
-0.000650374
0.000438742
-8.97554e-5
0.000140395
-0.00025939
-0.000139958
-0.000210488
0.00059888
0.000327807
-0.000537173
-0.000572222
0.000367497
0.000595277
-0.000818609
0.00122851
0.00131735
-0.000928182
0.000735052
-3.92323e-5
-0.000587107
0.000826824
-0.0012166
-0.00263166
0.00221262
-0.00126134
0.000589169
0.000165217
-0.00122815
0.00223012
-0.00261191
0.00216594
-0.00103391
0.000100363
0.000341924
-0.000602053
-1.98679e-5
2.06765e-5
3.17224e-5
-5.02707e-5
1.60329e-5
-2.02646e-5
2.87802e-5
-3.69049e-5
4.89623e-5
-5.51886e-5
5.05782e-5
-2.66218e-5
-4.04816e-6
2.18498e-5
-2.758e-5
-2.94109e-5
1.59952e-5
1.29342e-5
-8.20297e-6
4.2584e-6
-2.64498e-5
1.2031e-5
-2.05234e-5
3.97873e-5
-6.0458e-5
-3.1402e-6
4.15958e-6
-3.59424e-6
7.3842e-5
-0.000113058
0.000131277
3.97379e-6
-4.19151e-6
-0.000138968
0.000142672
-6.4892e-7
3.44587e-6
0.000262364
-0.000142203
6.66431e-7
-5.11863e-7
-4.13789e-7
-1.39305e-5
5.21488e-7
-4.10171e-7
7.58994e-8
-7.88021e-6
1.82835e-7
-1.22434e-7
2.4227e-5
-1.51836e-5
6.41296e-8
-3.35612e-8
-2.89903e-5
3.71744e-5
1.41334e-8
2.82987e-8
2.20568e-8
-5.48644e-5
4.51794e-5
-5.11646e-5
2.2963e-8
8.37825e-8
-1.50242e-7
8.25966e-5
0.000106728
7.12506e-7
-1.42709e-6
0.000160352
-0.00025023
-0.000329898
0.000295141
-4.36756e-7
8.55829e-6
-8.20883e-6
-0.000775845
0.000244366
5.20595e-6
-9.6047e-5
-7.77772e-6
-0.000210081
9.79321e-6
0.000298864
-8.10632e-6
-0.000488241
-7.53736e-7
0.000544224
1.68872e-5
-0.000485911
-2.68935e-5
0.000268284
3.80767e-5
-0.000108339
-4.14239e-5
2.54462e-5
3.19973e-5
-2.40725e-6
2.21921e-5
-7.23556e-5
1.97774e-6
3.11909e-6
4.76894e-7
1.51002e-6
-9.82272e-6
0.000111671
-1.81521e-7
-0.000168055
0.00018091
-0.000167405
4.47014e-8
-1.30963e-8
-7.88226e-8
0.000204151
-0.000142198
2.10686e-5
2.25906e-7
-1.14674e-7
9.61567e-5
-0.000141543
7.89895e-5
-4.85633e-7
3.41449e-8
0.000126414
-0.00011187
6.16805e-5
-1.09895e-5
2.48826e-5
1.85794e-5
3.55799e-6
-1.31107e-6
0.000279566
-0.000329774
0.000295592
0.000103508
1.67462e-5
4.03192e-5
-6.49442e-5
-0.000256287
0.000294023
0.00040868
-0.000259167
-0.000216118
0.000253448
-0.00043452
-0.000992399
0.000641365
-0.000428798
-0.000124207
-0.000150931
0.000362049
-0.00073869
0.000802109
0.00179426
-0.000412752
-0.000114245
0.00034483
-0.00072198
0.000890334
-0.000602675
0.000252379
0.000516024
-0.000960697
0.00172659
-0.00233236
0.00255796
-0.00174832
0.000786726
-0.000178072
2.18997e-5
3.08972e-5
-5.27171e-5
-3.61279e-5
2.51639e-5
-2.90238e-5
2.97193e-5
-2.59227e-5
1.13677e-5
1.64194e-6
7.69499e-6
-3.59638e-6
-1.96956e-6
-5.73499e-7
2.77448e-5
-1.51873e-5
-1.24094e-5
-2.15866e-5
1.96752e-5
3.60093e-5
-1.25304e-7
-6.68737e-7
6.41994e-5
-5.12949e-5
-7.90484e-5
2.79148e-7
8.0713e-7
8.05512e-5
-7.1127e-5
-1.07937e-6
-1.83845e-6
1.1449e-6
4.61778e-5
-3.52141e-5
8.56861e-6
-5.69507e-7
4.69307e-7
1.08385e-5
-5.59344e-6
8.5561e-6
-3.1561e-6
-3.71371e-7
3.87355e-7
-7.16571e-6
4.37261e-6
1.55859e-5
-2.81879e-6
-2.11169e-7
1.77856e-7
2.97588e-6
-5.77806e-7
-9.86656e-8
7.29371e-8
-5.03012e-6
-9.59977e-8
1.06524e-6
1.95147e-7
-3.30048e-7
1.23918e-5
-2.99563e-8
-3.56169e-5
-4.18626e-7
7.11782e-7
-1.62481e-6
9.4336e-5
-6.5425e-5
-4.41425e-6
0.000253909
-2.34654e-6
9.04998e-6
-5.48658e-6
-6.27128e-5
-0.00016776
5.77464e-6
0.000759343
-3.9627e-6
-0.000517321
1.76164e-6
0.00079398
2.83842e-6
-0.000737414
-1.03598e-5
0.000519127
1.64137e-5
-0.000318278
-1.72042e-5
0.000113663
4.14645e-6
-7.69466e-6
-9.98004e-6
5.71498e-5
-4.16751e-6
5.2336e-6
1.47031e-5
-8.51184e-5
8.9988e-5
-0.000119039
0.000142768
-0.00014422
4.58571e-8
4.84253e-7
0.000107863
-1.40013e-5
-1.96622e-8
1.02615e-8
-9.358e-5
0.000112837
4.75953e-7
-4.51358e-8
-0.00011708
7.36523e-5
7.34763e-6
-1.07371e-6
-8.78875e-7
-4.55271e-7
-6.8711e-6
-3.07271e-5
1.35517e-5
-8.72788e-6
-6.14282e-6
3.80766e-6
0.000102543
-0.000100036
-0.000157482
-1.06861e-5
-2.90667e-5
1.22469e-5
6.76414e-5
1.82908e-5
-7.68593e-5
2.31687e-5
-9.22549e-6
0.000159793
-5.79379e-5
0.000114518
-0.000342224
0.000215355
-0.000249198
-5.0762e-5
0.000165703
-0.000423458
-0.000362189
0.000876739
-0.000617373
0.000521623
0.000251997
0.000128239
-0.00167229
0.00118013
-0.00162695
0.00173875
-0.00154119
0.000905305
-0.000371032
0.000280146
-8.51378e-5
2.70003e-5
-5.55045e-5
2.08175e-5
3.91678e-5
-3.35431e-5
-1.29023e-5
1.24054e-5
-1.18566e-5
1.1576e-5
-5.78887e-6
5.10562e-7
-5.52143e-7
6.48437e-7
3.97435e-7
1.40452e-6
4.00558e-7
-1.4648e-5
8.67758e-6
-2.46421e-6
3.9213e-5
-4.30856e-6
8.98312e-6
-1.15654e-5
-1.35734e-5
1.32075e-5
7.28892e-7
-1.17662e-7
2.40913e-7
1.60694e-8
-2.00909e-7
-1.89257e-5
3.35157e-5
4.9227e-5
-2.84027e-5
-1.75567e-7
1.5982e-7
-4.29723e-5
2.1235e-5
3.31001e-5
1.70024e-7
-2.36287e-7
-2.24516e-5
3.07163e-6
1.5364e-7
-1.58403e-7
-1.01498e-6
1.73439e-6
1.48193e-7
-1.72457e-7
-1.01581e-6
3.54712e-7
1.28493e-7
-1.06237e-7
-2.19258e-8
8.28249e-8
-9.16229e-8
-7.68127e-8
2.67897e-6
-6.01344e-8
8.41285e-8
-1.03529e-5
3.54223e-6
-3.49145e-6
-2.5281e-7
4.07682e-7
-3.31992e-7
4.37423e-7
-1.72151e-6
7.00249e-6
-1.63076e-7
3.13621e-6
-1.10445e-5
3.35928e-7
-9.62077e-7
1.31321e-6
3.72587e-5
-5.58363e-5
-3.07465e-6
5.21228e-6
-0.000280088
0.000143413
7.64184e-5
-3.33473e-6
8.99555e-5
-7.64706e-7
4.36494e-6
-5.28919e-6
-0.00103311
0.000686792
1.31506e-6
0.000580766
3.39404e-8
-0.0010076
-2.42223e-6
0.00108345
8.04535e-6
-0.000653186
-8.15928e-6
0.000351539
-1.13506e-6
1.86284e-6
-3.48827e-6
2.64723e-6
2.07535e-5
-5.23192e-6
-1.58073e-5
-3.37521e-5
2.60208e-5
-2.32111e-5
-3.93941e-5
1.11583e-5
5.12664e-5
-5.36591e-5
5.28274e-5
6.65997e-5
-3.24315e-7
-1.80487e-6
-2.8097e-7
1.21871e-6
1.55421e-6
-0.000109269
7.14695e-5
-9.34928e-5
-1.83307e-5
2.06139e-5
-1.23535e-8
5.62582e-8
2.29534e-8
-3.20044e-8
4.37833e-5
-5.69994e-5
-6.45496e-8
2.62432e-8
4.95751e-5
-2.54532e-5
2.30914e-7
1.31552e-7
-6.10989e-6
9.51638e-6
4.75133e-6
-1.8751e-6
-2.50911e-5
1.58889e-5
2.64229e-5
-1.02943e-5
-1.45107e-5
-3.39509e-5
-7.74949e-6
1.24585e-5
-1.65698e-5
5.17535e-5
7.4899e-6
-0.000113539
-0.000135994
7.04745e-5
-2.9204e-5
5.53836e-5
-1.74926e-5
5.53563e-6
-6.842e-6
1.31291e-5
3.13812e-5
0.000266696
0.000321191
-0.000319244
0.000178048
-7.46545e-5
3.68187e-5
0.000166558
2.2004e-5
-6.4038e-5
0.000165628
-0.000900336
0.00196794
-0.00130569
-0.00149306
0.00219832
-0.000748175
0.00101832
-0.000937543
0.00051581
-0.000271288
0.000678322
-0.000440983
1.55603e-5
-4.43042e-5
-6.58383e-6
8.48121e-6
-1.06315e-5
8.76438e-6
5.98951e-6
-4.94193e-6
2.32317e-6
2.72605e-6
-1.18654e-7
3.0104e-7
2.27483e-7
-1.39426e-5
1.51312e-5
1.82355e-5
-9.57703e-7
2.16619e-6
3.52798e-6
-1.86794e-6
-4.39646e-6
1.70988e-8
4.23922e-7
-1.09719e-5
4.85353e-6
1.08568e-5
-3.47831e-8
3.24114e-8
-2.45128e-8
2.18669e-8
-8.02938e-6
-1.54795e-5
5.35353e-6
-1.44709e-8
-2.4761e-8
1.24365e-5
-3.44249e-6
2.45131e-9
-2.13204e-8
-3.70643e-8
1.37e-7
4.19678e-8
-5.26295e-8
-3.41016e-8
-3.63081e-8
5.41239e-8
-5.15578e-8
-5.03225e-8
6.52335e-8
2.00976e-8
-3.21131e-7
3.87695e-8
-4.52779e-8
1.42698e-6
-6.25468e-7
5.53814e-7
2.58166e-8
1.61219e-10
5.42909e-7
-4.27078e-8
-2.75874e-7
4.77926e-8
-2.68062e-8
2.18971e-6
1.85743e-7
-2.44633e-7
1.94126e-7
-1.13595e-6
9.26182e-7
-5.54853e-5
5.9627e-5
-1.16181e-6
3.76386e-6
-6.40616e-5
6.5386e-5
-0.000168339
-1.67841e-6
1.10369e-6
-0.000289556
1.4699e-7
-2.51481e-7
-2.05146e-7
0.00227904
-0.00189262
6.1458e-7
-0.0014004
2.30959e-6
-4.74608e-6
3.40988e-6
-4.77331e-7
5.45933e-7
5.04315e-6
-1.983e-5
5.83237e-5
-0.000184473
8.85488e-5
-0.000275632
-1.05107e-5
8.76748e-5
9.35972e-6
-1.69175e-5
1.97523e-5
-2.14759e-5
4.21412e-5
-4.50458e-6
-8.01313e-6
-3.33657e-5
7.81178e-6
6.92758e-9
2.42152e-7
1.58221e-5
-2.09438e-5
-1.73642e-5
2.33039e-5
1.43123e-8
-1.96559e-8
-1.9382e-8
1.45689e-8
2.2947e-5
-2.15655e-5
1.25996e-5
-3.42282e-8
1.1924e-5
-8.27225e-6
7.33954e-6
1.21344e-7
-1.18113e-6
-7.76984e-8
8.21688e-8
5.27832e-7
2.28368e-6
-1.58507e-6
1.49419e-6
-2.74561e-6
-1.49558e-6
1.5696e-5
6.81001e-6
-4.28462e-6
-1.28466e-6
-3.82116e-6
5.66702e-7
-2.56643e-5
5.86969e-8
3.59819e-6
0.000410713
0.000221897
-4.52997e-5
7.32506e-5
-6.35962e-5
-0.000344364
9.11805e-5
0.000508791
0.000573867
0.000656906
-0.00292283
0.00591962
-0.00357094
-0.00132426
0.000584446
-0.000554995
0.00103449
-0.00121716
0.000686033
-0.000620166
0.00064254
-0.000915593
-8.49749e-6
-2.41759e-6
7.7035e-6
2.79464e-6
-2.94352e-6
-2.33293e-6
2.48015e-7
-6.21162e-7
-7.08001e-7
-3.68538e-6
2.96457e-7
-3.76067e-6
-7.00953e-6
5.30443e-6
3.09319e-6
-8.35315e-7
2.6295e-7
-1.61233e-7
4.18775e-7
2.7236e-7
-1.13058e-7
1.63156e-6
-4.21208e-7
-1.1624e-7
1.79318e-8
-6.69048e-8
1.17656e-6
-1.61444e-6
4.29492e-7
-3.79137e-6
1.1072e-6
-3.76972e-9
2.30824e-8
2.42763e-6
-5.45719e-7
-1.31132e-6
7.88793e-9
4.84678e-9
-3.86238e-9
2.82655e-7
-1.85513e-6
7.92085e-7
9.446e-10
5.5651e-10
4.46933e-7
-2.81679e-7
-2.72647e-7
7.59236e-9
-9.11798e-9
1.60618e-8
6.58321e-8
1.95371e-9
7.5245e-9
-1.36078e-8
-1.76855e-8
1.94565e-8
5.92674e-8
-2.67217e-8
-2.33912e-7
4.43141e-8
-1.64185e-8
2.21195e-8
-9.30355e-8
-1.35429e-8
-9.0518e-10
1.10572e-7
-2.98849e-8
7.06446e-9
-4.30507e-9
-3.15023e-7
9.26949e-8
-7.09297e-9
-3.32461e-8
-3.38427e-7
1.15049e-6
1.60094e-8
-7.19268e-8
-1.38481e-5
4.76304e-6
3.3193e-7
-1.58106e-5
-1.19307e-7
-3.21115e-7
4.24632e-7
-6.01365e-6
6.87991e-6
-3.32252e-7
1.07178e-6
0.000319204
-0.00012823
2.12918e-7
-1.00073e-6
0.000216442
-0.000329651
-4.82425e-5
0.000416572
-1.52537e-8
2.48168e-7
0.00173202
-8.86697e-7
-4.314e-7
3.88508e-8
3.12972e-8
-7.2107e-7
-0.000215546
-0.000535668
0.000506033
2.23637e-5
0.000676189
0.000140563
0.00130477
1.57937e-6
-0.000541203
-2.73843e-6
0.000367859
7.97251e-7
-1.66619e-6
2.39015e-6
-8.06909e-6
-2.59289e-6
8.22454e-6
1.49259e-5
2.1094e-5
-4.2187e-5
-9.90571e-5
-4.59769e-6
1.37024e-5
-6.5444e-7
-1.63325e-6
-1.86196e-7
-1.39405e-6
1.24505e-6
5.99324e-6
-8.23775e-6
5.51024e-6
1.48109e-8
-2.29924e-8
-9.06401e-6
2.21885e-6
-3.51895e-10
9.8415e-9
-9.97976e-11
-2.03365e-10
-2.58845e-6
-4.09489e-7
-2.44706e-8
-9.59346e-9
2.08009e-8
-2.76772e-8
2.12387e-6
-2.91308e-7
2.90198e-7
-1.8855e-7
-9.16558e-7
2.96882e-8
-7.90556e-8
3.30855e-7
2.43203e-7
7.43492e-7
2.52403e-7
1.57906e-6
-1.35701e-7
5.02837e-6
2.99258e-7
7.63647e-8
-9.69706e-7
1.02769e-7
6.03849e-5
-0.000230261
-5.08289e-5
7.40041e-6
1.38276e-6
5.17281e-6
-1.7255e-5
-1.72371e-5
-0.00121973
0.00304131
0.00208379
-0.000701775
5.09713e-5
-8.76637e-5
-0.000564642
0.000237763
2.33724e-6
0.000473
-0.000228195
-0.000594325
-0.000882534
0.00266791
-0.0109353
0.00248683
0.0127726
-0.0100292
-0.00756137
0.00463449
0.000186723
0.000390589
1.84401e-7
-1.09495e-7
8.17004e-7
1.22074e-6
9.24069e-8
1.41362e-6
-2.30869e-6
9.77135e-8
-6.41676e-7
1.07086e-8
4.37445e-8
-2.77548e-7
3.01238e-8
-1.72836e-8
5.71152e-8
-4.44061e-8
-6.2809e-8
1.26673e-7
-2.01693e-8
-1.99385e-7
3.03269e-8
-1.71038e-7
3.47334e-7
-1.01593e-7
1.56083e-8
-2.31758e-7
2.62103e-8
-5.65669e-9
8.51184e-10
-6.24388e-9
5.18628e-8
6.52412e-8
1.00593e-8
1.65842e-7
1.11239e-8
-1.13625e-10
1.65755e-9
5.60296e-8
-2.18103e-8
1.44488e-10
-3.42451e-10
1.97302e-9
-6.79695e-8
-1.51176e-9
2.46631e-9
2.9065e-9
-6.02355e-9
-4.67694e-9
6.35022e-9
3.8653e-9
1.18342e-8
-6.00433e-9
6.21791e-9
3.41053e-9
-8.07673e-9
-5.50245e-9
8.71277e-9
-2.9237e-9
3.19017e-9
-3.37159e-8
4.92266e-9
-2.67857e-9
6.02998e-10
-1.86321e-8
1.25354e-7
1.54426e-9
-3.68475e-9
-7.94166e-7
2.08738e-7
7.70634e-9
-8.92545e-9
-6.973e-7
2.86939e-7
-2.91581e-10
-1.31376e-8
8.56374e-6
-5.37293e-7
1.41523e-7
-7.32603e-8
-5.81059e-6
3.53932e-8
8.38946e-8
-4.76002e-8
-0.000446562
0.000201632
1.63017e-8
-9.45196e-8
-0.00197052
0.0014151
2.22563e-9
1.07177e-7
-0.00156973
0.00136438
-0.000393665
-1.41035e-7
3.45996e-7
-0.000705216
-0.000287007
5.89531e-8
0.000969517
-2.95255e-8
-0.00103758
3.48751e-7
-8.3636e-7
4.78711e-7
1.31608e-7
-7.89343e-7
-1.56336e-7
7.33774e-7
0.000121961
0.000184064
-0.000280319
-0.00052973
-8.57301e-8
1.05384e-6
-4.50417e-7
8.35545e-7
-5.85408e-6
-2.12568e-5
2.2015e-5
6.44395e-5
-1.35774e-6
3.79991e-6
-8.9851e-7
-2.06854e-6
-1.88833e-8
2.05612e-7
-9.52092e-8
-1.24073e-6
6.9382e-6
-1.05195e-5
3.58344e-6
-2.80366e-8
1.02693e-5
-1.12484e-5
4.11499e-6
3.8685e-8
2.00475e-6
-1.21038e-6
-2.24121e-7
9.71682e-8
6.33831e-7
-3.30532e-7
1.15317e-7
9.67551e-7
-1.92683e-8
-8.8205e-9
-3.85667e-8
6.37184e-9
-1.44916e-5
4.70028e-5
2.57934e-5
-5.83765e-6
8.71796e-8
4.3168e-7
-1.05274e-6
-6.36956e-7
0.000821118
-0.00258455
-0.000829089
0.000220968
2.84984e-6
-2.70034e-7
-2.54669e-6
-1.27024e-5
-0.00728152
0.0145245
0.012939
-0.00546922
-1.25203e-5
-8.51917e-5
0.000218001
0.000559926
-0.000526145
-0.000872298
0.000271094
0.00459688
-0.00157547
-0.0106703
0.0123427
0.0191205
-0.0237807
0.016964
7.627e-7
-3.50609e-7
-7.95108e-7
6.90968e-8
1.61957e-7
-2.51637e-8
-2.13541e-8
7.72729e-8
1.30516e-8
1.15781e-8
7.74857e-9
7.69607e-9
1.55347e-8
-4.38847e-9
1.64841e-8
-1.59209e-7
3.20277e-7
-3.00552e-7
-9.28072e-9
-3.55744e-9
-9.994e-11
6.03426e-9
-4.03826e-9
-1.07581e-8
2.161e-9
-9.07621e-9
1.46364e-8
-7.85048e-9
1.70091e-9
-1.32982e-8
2.83333e-9
-3.79302e-10
-5.19954e-10
2.80172e-9
1.51168e-9
1.90447e-9
-9.84628e-8
2.13654e-8
4.02621e-11
3.84183e-10
3.87582e-8
-9.68484e-9
2.08379e-8
-9.24092e-9
1.8497e-10
-3.6562e-10
-3.15159e-9
1.23991e-9
1.25948e-9
4.68227e-10
1.45581e-9
-2.23795e-9
-3.7639e-9
3.94676e-11
-4.70742e-9
2.07372e-9
2.21565e-9
-2.68037e-9
5.64791e-9
-1.67515e-9
-3.10902e-9
1.51249e-9
-1.29898e-9
-4.66366e-10
7.50671e-9
-5.69055e-10
3.5418e-10
-4.49584e-8
8.62916e-9
-1.04474e-10
2.30744e-10
-2.32641e-8
1.62817e-8
1.29708e-10
-9.40666e-10
2.39024e-7
3.18532e-8
7.61287e-9
-4.30148e-8
-3.01494e-7
2.50812e-6
-4.42117e-10
1.46047e-8
-9.01467e-9
3.40833e-8
2.66552e-5
-4.43918e-6
2.3802e-5
-6.07067e-6
-2.90549e-5
-2.88151e-8
-6.9309e-10
-9.81467e-5
4.32633e-9
-9.42752e-9
4.20496e-8
5.35194e-9
-8.894e-8
-7.66633e-8
7.51553e-9
6.85603e-8
-1.24196e-7
-0.00059215
-0.000910854
0.00086614
0.000683345
-0.000935397
0.00146354
0.00162767
-4.1762e-9
4.67017e-8
4.74295e-8
-7.56022e-8
-1.42436e-8
1.58981e-7
-6.94722e-5
-0.000175819
0.000188767
0.000412994
2.31803e-7
9.72546e-8
-1.54495e-6
2.15276e-6
9.41321e-7
5.62977e-6
-4.5985e-6
-2.08913e-5
-7.78497e-6
2.88837e-5
9.15432e-9
1.11347e-7
-9.95019e-8
-2.84261e-7
-8.10962e-6
2.92836e-5
-1.71135e-7
-1.55309e-8
-1.26378e-7
2.07635e-7
1.61875e-6
3.82311e-6
-1.09424e-6
6.11395e-7
2.65136e-7
-1.17641e-6
-7.58853e-7
3.54022e-7
-5.52054e-6
3.17092e-6
1.08425e-5
-6.66712e-6
-3.35906e-9
4.99988e-8
9.79468e-6
-4.92755e-5
5.18763e-8
4.36487e-7
-1.83666e-7
7.14139e-8
-0.000180703
0.000651423
0.000261314
-8.55482e-5
-7.92223e-7
4.77446e-6
-2.15748e-6
6.18193e-6
0.0071087
-0.0171207
-0.00768474
0.00270722
1.45636e-5
-4.97228e-5
2.54987e-5
3.52656e-6
-2.92965e-5
9.57555e-5
0.0195155
-0.0487541
0.0406963
-0.0287001
0.0431829
-0.0268847
-0.000483725
0.000980799
-0.000211432
-0.00441062
0.0149451
-0.0218549
-7.39217e-8
-4.61144e-9
1.28718e-8
-1.8064e-8
-1.21584e-8
-2.73984e-9
-3.29455e-9
-5.29053e-9
2.71037e-8
2.94833e-10
1.14117e-7
3.83911e-9
1.77627e-8
-3.55988e-9
2.4316e-9
5.60662e-9
1.51366e-9
1.01389e-9
-2.6968e-9
1.18612e-9
3.33845e-9
1.73573e-9
-4.52568e-10
-2.14682e-9
1.32905e-9
-5.50882e-9
-1.36286e-8
5.56557e-11
-2.74092e-10
4.14171e-10
-4.21915e-10
-7.38261e-10
2.5588e-10
-6.09529e-10
6.6014e-10
-1.07479e-9
2.28973e-10
-4.51381e-9
8.60054e-10
-1.72118e-10
2.1401e-10
6.11465e-10
1.32834e-10
8.98267e-11
-1.50812e-12
-3.90176e-10
2.16031e-9
4.27604e-10
-5.32987e-10
-2.64559e-10
-8.7636e-11
6.65149e-10
-7.15411e-10
-2.98368e-10
9.52758e-10
-7.51382e-10
1.09795e-9
2.29274e-10
-4.41947e-10
-2.57903e-9
-2.26568e-10
1.31564e-10
-1.35799e-10
3.22544e-11
-2.53271e-10
1.70737e-10
-5.36356e-11
1.69471e-9
5.62486e-9
1.7289e-10
-8.33917e-10
-2.09757e-8
-1.10641e-7
6.64768e-11
4.45488e-10
1.52531e-7
5.76528e-7
-4.47288e-9
-1.90814e-9
4.45783e-6
7.6488e-9
2.27549e-5
-2.77089e-11
-2.18679e-9
5.61997e-10
-2.05233e-9
0.00021168
-1.64828e-5
-0.000128015
4.21217e-5
-7.51532e-10
3.22687e-9
-0.000107083
0.000407783
-0.000443549
1.42523e-9
-9.1448e-9
0.000698177
-0.00104021
-0.000217709
3.92834e-9
-9.56861e-9
-0.00135122
0.00177412
0.000964977
-7.55803e-10
1.92211e-8
0.00165831
-0.00218341
-0.00170868
-1.19561e-8
3.08184e-8
-0.00191254
0.00172581
-1.08759e-8
2.55317e-8
-2.59193e-8
4.49733e-9
-2.10325e-8
2.57659e-8
-2.35483e-8
-0.000431351
-0.000742763
0.000864568
0.00172653
1.71572e-7
-2.8141e-7
-4.25095e-7
1.14707e-6
1.75067e-5
6.51292e-5
-5.44656e-5
-0.00017283
-3.68999e-6
4.14836e-6
1.6607e-5
-2.18871e-6
9.8143e-7
-8.63149e-8
-9.23622e-7
1.9058e-6
-3.33143e-5
8.77273e-5
-3.00186e-5
-7.25025e-7
-2.03592e-5
8.05384e-5
-3.3359e-5
7.97996e-7
1.5673e-5
2.80099e-6
-1.15381e-6
4.61495e-6
-8.78642e-8
2.48623e-6
-5.69755e-7
2.99547e-8
0.00013305
-0.000495207
2.06135e-5
1.24919e-5
-1.89409e-6
-1.61763e-6
1.45828e-6
-8.46017e-6
-0.00210894
0.00599581
0.00159543
-0.000670966
-2.22807e-5
8.85621e-5
-2.27199e-5
0.000121025
0.0352461
-0.0634531
-0.0412858
0.0190046
5.87768e-5
-0.000561945
0.001681
-0.00315924
0.00146568
0.00615729
-0.00285706
-0.0109475
0.00401703
0.00904417
-0.000499628
0.00554185
-0.00974717
-0.0163831
0.0327318
-0.0657631
0.0912543
-0.0856951
-4.98893e-8
4.93205e-9
1.38341e-8
-3.45734e-9
-6.03136e-9
8.12149e-10
1.08808e-10
-1.78473e-9
-1.06845e-9
-4.82513e-10
4.61616e-11
-3.02657e-10
-6.08871e-10
-3.84432e-9
1.58337e-9
1.12526e-8
3.10131e-9
-1.56941e-9
2.14415e-10
-2.42642e-11
1.49465e-10
1.18655e-10
2.50922e-11
-2.16985e-10
1.34139e-10
-2.04595e-10
4.37404e-10
1.55259e-11
-3.03192e-11
2.72469e-11
-5.98128e-11
-8.18751e-11
-4.69894e-11
4.77097e-11
-2.30481e-10
7.0469e-11
8.92702e-10
2.18002e-11
8.34744e-12
-1.48206e-10
-7.97108e-10
1.12758e-10
-4.09836e-10
1.15171e-10
-1.33443e-10
-1.13272e-10
1.32804e-10
9.24269e-12
-5.79707e-11
1.81314e-10
-2.49431e-10
6.72384e-11
1.6196e-10
-1.0885e-10
5.47919e-11
-2.27471e-11
-1.64331e-11
-1.94962e-11
5.17486e-10
-1.04657e-10
1.17891e-9
-5.55671e-10
-1.43996e-9
-2.33717e-9
-2.70027e-9
-5.11099e-10
3.10251e-10
5.60728e-9
-1.2098e-8
-5.04996e-10
-5.96867e-10
1.6763e-7
-6.7535e-8
-7.81147e-11
-4.90644e-10
2.16147e-9
-9.25031e-7
-4.28557e-6
-4.33029e-10
-7.42297e-6
3.06117e-6
1.85939e-10
-3.47182e-11
-5.3031e-6
4.49419e-6
6.19893e-10
1.97739e-10
-7.1909e-5
7.13947e-11
-8.74281e-11
-1.13155e-9
-8.88521e-10
5.07781e-9
2.65379e-9
-6.8155e-10
9.88511e-10
-1.31427e-9
4.708e-9
0.00187657
0.00195223
-0.00211041
-0.00155243
-0.00189797
-0.00232596
-1.06229e-8
-1.52094e-8
-8.75922e-8
3.02064e-7
8.74639e-8
0.000144029
0.000388832
-0.000305732
-0.000737171
-1.37234e-6
1.34911e-6
5.87015e-6
-4.39708e-7
2.01996e-6
-9.98505e-6
-7.39822e-7
3.43606e-5
-1.73502e-5
4.59222e-5
-3.9468e-6
3.82891e-6
-2.93967e-6
9.38117e-7
-8.5824e-5
0.000210025
-7.53694e-5
1.40925e-5
-2.34091e-5
1.58333e-5
-5.00901e-5
0.000193995
-8.86779e-5
2.59382e-5
-6.36546e-5
5.3548e-5
5.47735e-5
-1.28275e-5
-5.57222e-6
2.11068e-7
-0.000132903
0.00014108
-9.2789e-6
-5.38375e-5
1.05676e-5
3.61133e-6
0.0012035
-0.00327117
-0.000298486
0.000302054
3.55311e-6
-0.000104258
6.62255e-5
-0.000307827
-0.0153437
0.041807
0.00173295
-0.00285843
-0.000284259
0.00032043
0.000112726
-0.000166807
-3.05299e-5
-0.0022558
-0.103894
0.0833205
0.0996372
-0.0996544
0.0985981
0.0738289
0.00369445
-0.00928972
0.0207662
-0.0226156
-0.000927109
0.0353977
2.66931e-9
2.24341e-10
-2.70826e-10
4.00872e-10
5.18343e-10
2.08088e-10
1.65023e-10
-3.0791e-9
-5.44457e-9
1.82008e-10
-7.87003e-10
2.01364e-9
-6.00088e-10
1.36272e-10
-3.1367e-11
-1.92056e-10
-1.1738e-10
-6.8594e-11
2.76867e-11
-5.5982e-11
1.6932e-11
-3.65172e-11
-4.36312e-10
1.42558e-10
6.97893e-10
-1.05581e-10
4.58881e-10
2.09086e-11
-6.42469e-13
4.39942e-12
1.48282e-11
-4.3107e-11
-3.09204e-11
6.65185e-12
-6.68959e-11
-2.87567e-11
2.83342e-12
-6.30124e-12
-1.64013e-11
9.18661e-12
9.07405e-12
-4.41961e-11
-9.46662e-11
4.09718e-11
1.57354e-10
3.17277e-11
-2.81203e-11
-3.43378e-11
3.06258e-11
-2.20348e-11
-7.00365e-11
4.87357e-11
-6.86898e-11
7.14278e-11
2.1925e-10
2.4362e-11
1.09378e-10
-6.54577e-11
1.3487e-12
2.6424e-10
2.03576e-11
-9.06328e-10
-6.51695e-10
-5.66627e-10
-2.73488e-9
2.59684e-9
-2.44269e-9
1.81553e-9
2.74193e-9
1.25475e-8
-3.09406e-8
-8.18813e-10
-2.14826e-9
1.70366e-9
-1.43831e-9
4.55058e-10
1.42262e-7
5.48925e-7
2.08713e-10
2.37896e-6
4.75738e-8
-4.37179e-10
-1.30873e-10
-4.50013e-6
1.3608e-6
-5.52072e-11
5.90718e-11
-2.05647e-10
1.40672e-5
9.90172e-5
3.93934e-11
-2.17069e-11
0.000184339
-0.000173279
1.13407e-12
-1.86652e-11
0.000365149
-0.000502821
-2.93989e-11
2.30527e-10
-0.000768987
0.00110571
-1.47004e-10
4.74145e-10
0.00125945
-0.00181829
-1.06801e-10
-5.15709e-10
-0.00163555
0.00230841
8.40966e-10
-1.96956e-9
0.00190666
-1.49704e-10
-9.51416e-9
1.06644e-8
4.94389e-8
-7.19434e-8
2.07914e-8
-0.000645631
-0.00131304
0.00113591
0.000505031
0.000590492
0.00115682
3.96171e-8
-5.32834e-7
1.50775e-6
-1.38131e-6
7.39954e-7
3.07968e-7
3.64456e-6
-0.000114436
0.000226455
-6.90338e-6
1.50384e-5
1.67222e-6
3.25139e-6
-5.48596e-6
-2.94416e-6
-4.16846e-5
0.000100159
-5.68513e-6
9.33163e-6
-5.1214e-5
3.51502e-5
-0.000207188
0.000510917
-0.000178729
1.91997e-5
-0.000144395
0.00012782
-0.000123013
0.000422279
-0.00023625
1.76119e-5
-0.000367969
0.000341911
0.00024463
5.58668e-5
-0.000108575
4.51204e-5
-0.000829125
0.000888028
5.87119e-5
0.000314445
-0.000693901
6.25671e-5
9.99926e-5
-1.54862e-5
0.00733697
-0.0069044
0.00229625
0.000558736
-0.000611395
-0.000320029
0.000948068
-0.00041621
0.00155344
0.0792896
-0.0721394
-0.0366326
0.0429234
-0.0755629
-0.0166525
0.00300869
-0.00184232
-0.00326917
-0.00287331
-0.000755958
0.00910633
0.0396216
-0.0318036
-0.0723355
0.0438102
0.037077
-0.0126753
0.0276077
-0.0405799
-0.0818235
-5.48424e-10
5.01642e-10
-3.0062e-11
-3.7806e-11
4.33106e-11
6.52194e-11
2.91154e-11
1.31023e-11
-1.57651e-11
-2.64206e-10
-4.71216e-11
1.02502e-10
-1.78906e-11
-8.34793e-11
2.7592e-11
1.5636e-11
1.60733e-11
-9.1264e-12
-2.14515e-11
-1.12293e-11
2.88776e-12
7.22398e-12
2.57433e-12
-5.63866e-12
2.4862e-12
2.32538e-11
2.59587e-11
1.66939e-11
-1.73802e-11
5.68106e-11
1.51023e-12
1.87673e-12
4.36596e-12
-1.24902e-12
-2.23726e-11
-1.46154e-11
-3.08307e-11
-1.84291e-11
-5.01439e-11
1.16562e-11
4.91757e-12
-1.85224e-11
3.3572e-11
7.77988e-11
7.51466e-12
-2.60748e-11
1.80006e-11
-6.64384e-11
-1.74193e-10
5.44971e-11
1.85242e-12
1.5839e-11
5.73738e-10
2.15935e-10
-9.76945e-10
3.52464e-11
1.0233e-10
1.62706e-10
1.92935e-9
2.66489e-9
2.99055e-9
-2.32282e-10
-2.14585e-9
2.89946e-9
-2.64243e-9
3.19911e-9
-1.02058e-8
-6.66102e-9
-4.5287e-9
8.3266e-9
-1.14223e-8
-6.64007e-10
-2.28404e-9
2.83928e-9
-2.56334e-9
2.46062e-9
-7.84386e-9
-6.55344e-9
-3.37648e-7
-3.44724e-7
9.6361e-7
-3.38996e-10
-1.89483e-11
2.53209e-10
-7.396e-11
4.85467e-11
-5.50561e-6
-2.12963e-5
-1.47292e-12
-4.06171e-11
-9.55617e-5
5.3292e-5
2.79194e-11
0.00012448
8.22175e-5
-1.15284e-10
-7.64685e-11
2.72189e-11
-5.88793e-12
-0.000471464
0.00110894
-0.000518603
-4.1369e-5
-1.59472e-11
3.33417e-11
0.000731413
-0.00188229
8.95466e-5
-2.43213e-11
9.05993e-11
-0.000874955
0.00299075
-0.000171071
-1.2787e-10
-8.34597e-11
0.00182006
-0.00298312
0.000213892
5.83886e-10
2.6241e-10
-8.75145e-10
-0.00074243
-0.000720546
-1.71871e-9
3.7421e-9
-0.000117385
-7.3004e-10
-2.88569e-8
4.37019e-8
-2.06367e-7
1.6539e-7
1.81049e-7
9.78772e-5
0.000236501
-0.000268296
-0.000109206
-4.63497e-5
-1.36639e-6
3.4223e-6
-3.70194e-6
2.38254e-6
2.63719e-6
-7.35081e-6
-1.70115e-6
3.00809e-5
-1.60992e-6
3.40169e-5
-1.60829e-5
2.68889e-5
2.37951e-6
-3.74578e-5
-1.27704e-5
1.1876e-5
-7.91119e-5
0.000187431
-8.70427e-6
-0.000106289
-4.04358e-5
4.54398e-5
-0.000466673
0.00131854
-0.00039932
-0.000275445
-0.000117791
0.000147391
-0.000436395
0.00212602
-0.00171367
-0.000637852
-0.000316656
0.000397751
0.00191232
-0.000491876
-0.000749979
-0.00500846
0.00336247
0.00527181
0.00370363
-0.00310216
0.00093204
-0.00101754
-0.00359843
0.00108244
-0.00140767
0.0109876
-0.00510178
0.000914776
-0.023311
0.0210959
-0.00659412
0.0068006
-0.00387669
0.00741263
0.00159036
-0.00112391
0.0223461
-0.0815409
0.0641792
-0.0219845
0.049307
-0.0441067
-0.15543
0.0891596
0.0940246
-0.0677777
0.0358696
-0.0345879
0.00194881
-0.0117
0.0618821
0.0314224
-5.03638e-11
1.40299e-11
1.08939e-10
-4.20292e-11
-4.33414e-11
-6.39134e-11
-3.97885e-11
-7.47812e-12
-6.79115e-13
-1.29387e-11
-1.77485e-12
-1.42104e-10
1.07478e-10
-5.67241e-11
2.1068e-11
6.8954e-11
-3.61036e-10
2.75373e-11
-7.22431e-12
2.30302e-11
5.18007e-13
-3.21566e-12
-1.12262e-11
6.33983e-11
7.43796e-12
1.36888e-10
1.77288e-10
5.44993e-10
1.73634e-11
4.40189e-12
3.17496e-11
-5.57616e-11
7.33745e-12
-2.75618e-10
-1.49357e-10
-5.18943e-10
-6.66859e-11
1.09731e-10
8.75257e-11
1.83212e-11
2.25567e-10
6.5264e-10
1.67248e-10
-1.32164e-10
-2.73574e-10
-1.14637e-9
-1.70073e-9
2.43435e-10
2.43561e-10
-3.26048e-10
1.11599e-9
3.72958e-9
-1.55002e-8
9.30015e-10
-3.77442e-10
1.42262e-9
-1.22263e-9
2.46966e-9
3.98782e-8
4.00492e-8
3.36206e-8
-5.37915e-8
-8.20915e-8
1.07804e-9
-7.50022e-10
1.95637e-9
-1.68893e-9
2.58065e-9
2.05901e-7
1.65315e-7
2.13397e-7
-9.26691e-7
8.92317e-7
4.68601e-10
1.54202e-10
7.46902e-11
1.41521e-11
6.91675e-12
5.50837e-6
-1.36364e-5
1.91351e-5
-5.807e-6
-8.05043e-11
6.92711e-11
-3.44558e-6
-5.18251e-5
0.000108976
6.02851e-10
-1.94438e-10
1.78683e-10
-2.4508e-11
0.000252024
-1.04833e-11
6.54258e-11
6.66969e-11
-9.17695e-11
-1.38923e-9
-2.99348e-9
8.299e-10
-3.64433e-9
4.66169e-9
-0.000882734
-0.00228076
0.00156142
0.000583285
0.00472363
-0.000582171
1.62555e-8
-0.000135066
-5.33358e-8
7.31613e-9
-1.0883e-7
3.80247e-7
-1.60327e-7
2.75277e-5
-5.91595e-6
-5.95768e-5
-2.96203e-5
0.00010898
-3.50638e-7
-1.32257e-6
-1.08756e-5
4.78684e-6
1.22843e-5
3.36931e-6
2.85834e-6
3.14612e-6
-1.36731e-5
2.06574e-6
-5.29335e-5
9.431e-5
-4.59285e-6
-5.65867e-5
3.93938e-6
1.85777e-6
-0.000298422
0.000743147
-0.000166194
-0.000161601
2.3154e-5
7.6549e-6
-0.0020955
0.00489442
-0.00431759
-0.000423425
6.19165e-5
2.13862e-5
0.0033665
-0.00493579
0.00585192
-0.0225437
0.0202155
0.00288221
0.000394755
-0.000287299
4.2137e-5
0.000234425
-0.0163123
0.0131061
-0.0207999
0.0507355
-0.0271966
-0.0154593
-0.0027465
0.0015524
-0.000823042
-0.000938334
0.0208797
-0.0094476
0.00254296
-0.0240444
0.0520689
-0.172199
0.128507
-0.00196034
0.0663724
-0.0913629
0.0431959
-0.0357158
-0.00549504
0.0106688
-0.0708923
-0.0373203
0.129493
-0.110737
1.71812e-10
1.56027e-10
7.13043e-11
1.02114e-11
-5.48453e-10
1.20851e-9
-2.92745e-10
1.77347e-10
-5.231e-10
-2.5532e-10
-1.2417e-10
9.55398e-12
-1.74962e-11
-1.02788e-10
-2.13093e-11
-1.48303e-10
1.47966e-9
-1.92837e-9
1.092e-10
-8.62462e-10
-5.44349e-9
2.51989e-10
-8.53862e-11
1.95302e-10
2.3811e-11
-4.1486e-11
-8.60507e-11
1.31794e-9
4.64695e-9
-4.15274e-10
5.61559e-9
-5.0354e-9
2.40193e-10
-3.39932e-11
1.30507e-10
-4.46641e-10
-3.04338e-10
-3.43788e-9
-9.93734e-10
-1.42987e-9
-3.65283e-9
8.72674e-10
4.16158e-9
-1.97125e-9
1.03543e-9
4.75555e-9
-8.92794e-10
-2.08012e-9
-2.16841e-8
-1.61243e-9
6.05114e-9
-2.74063e-9
1.67116e-9
-4.09132e-10
-2.03798e-8
-1.76648e-7
-1.4296e-7
-7.1562e-8
7.17519e-7
-7.64472e-9
-1.69113e-10
-4.11233e-10
8.37874e-10
4.30815e-10
-5.95944e-7
-4.72308e-6
-1.03728e-7
-2.72075e-6
5.98538e-6
-1.65682e-9
6.77583e-10
-7.74918e-10
7.5105e-10
-1.76419e-10
3.34881e-5
-8.26614e-5
1.525e-5
-3.60041e-5
-4.59173e-10
6.81121e-11
7.28141e-5
-2.13567e-5
-4.98229e-5
-3.33139e-9
-7.11154e-10
1.52709e-10
1.04863e-11
6.11749e-11
0.000307834
-0.0012106
-0.000997832
0.000616006
-1.56909e-10
-4.10217e-11
-0.00195259
0.00233045
4.83302e-10
-2.9302e-10
0.0032695
-0.00382275
1.10151e-9
-0.00355483
-1.70187e-9
-2.96564e-9
7.39201e-9
1.33623e-8
-7.47562e-8
-9.21393e-9
-0.000383185
-0.000821234
0.00152459
0.000292475
0.00267362
-0.000344454
1.66439e-7
-6.08477e-5
-5.60729e-7
9.19268e-7
1.66161e-7
1.41011e-7
-3.51595e-7
-9.40987e-6
4.7511e-5
-1.11332e-5
1.99736e-6
-8.89982e-5
2.26773e-6
-5.40885e-6
1.87126e-6
2.28295e-5
-4.10043e-5
1.23561e-6
-1.34647e-6
-1.71334e-6
-1.6222e-6
4.14232e-6
0.000151111
-0.000399497
-5.09034e-6
-8.71554e-7
1.54483e-7
0.000938656
-0.00161824
-2.57439e-5
-5.70961e-7
4.08012e-7
0.000593469
-0.0126131
0.0335764
-0.064858
0.0369566
0.000359331
-4.04201e-5
3.37664e-5
-1.52446e-5
6.88789e-5
-0.0376039
0.0578275
-0.108799
0.143693
-0.0891361
-0.0005647
0.000442813
-0.000197609
-4.06761e-5
-0.000296166
0.0548124
-0.0312509
0.00663801
-0.0605263
0.110087
-0.246761
0.195837
0.0713118
0.0596413
-0.0537258
0.028464
-0.037297
-0.00457329
0.00852713
-0.137897
0.107696
-0.00415887
0.0223624
0.0998004
-0.139325
-0.126237
0.0805424
1.74103e-9
8.06965e-10
5.74083e-10
8.06905e-11
-9.43631e-9
1.00796e-8
-4.69365e-9
7.00377e-9
-7.67391e-9
-2.56068e-9
-1.81811e-9
-1.03751e-9
1.19297e-10
-7.41843e-11
-9.2407e-10
-2.2608e-10
-1.3956e-8
2.68266e-8
-4.69714e-8
9.70823e-8
-1.50493e-8
6.11845e-9
-4.262e-9
-1.54227e-9
1.67934e-9
-1.55824e-9
-3.25506e-10
1.22491e-8
7.4581e-9
6.49274e-9
2.9543e-8
-3.43722e-8
-1.62944e-9
8.89606e-9
3.65951e-9
1.69791e-9
-7.38065e-9
6.27975e-9
6.41428e-9
-5.22629e-8
-3.81347e-8
-1.49158e-8
1.7357e-8
4.81281e-8
6.96372e-8
1.27122e-8
7.24981e-9
-3.2567e-8
-4.50534e-8
-9.57727e-8
-8.7632e-8
8.71711e-8
3.90938e-7
-6.28723e-8
-4.41437e-9
1.96075e-7
-1.05245e-6
-1.55701e-6
3.56536e-8
-4.83053e-9
-2.96155e-9
1.10427e-5
4.38536e-6
1.35543e-5
-1.72135e-5
3.52485e-8
-3.25105e-5
-8.79503e-9
7.36e-9
-2.20094e-9
0.000205454
-0.000352604
0.000101822
-0.000186552
-1.10599e-8
6.26728e-9
0.000125505
-0.000108704
-7.66188e-9
3.44515e-5
4.41031e-9
-4.15346e-10
3.069e-10
0.00254466
-0.00269962
8.32623e-5
-0.00095707
-6.40235e-10
1.36894e-10
-0.00050155
0.0012229
1.38995e-9
-2.75878e-9
0.00134033
-0.00230936
1.37816e-8
-0.00172791
-4.98599e-8
4.37753e-8
2.76901e-7
-7.63657e-7
1.66278e-7
0.000326518
-0.000137937
0.000436144
-0.000446493
0.000968308
0.000121305
7.00409e-7
0.00011906
-2.34104e-6
-2.07627e-6
5.4604e-6
5.88817e-6
6.22679e-6
-1.18277e-5
-1.32418e-5
-2.50646e-6
-5.35186e-5
-3.43775e-5
3.10853e-5
0.000147804
-0.000123614
-9.39508e-8
5.89319e-7
-1.66448e-7
1.55422e-7
-0.000552906
0.000423269
0.00183284
-0.00138901
-8.54534e-8
-2.78059e-7
1.06586e-6
1.71518e-7
-0.00538098
0.00414623
0.0139691
-0.0113867
2.20299e-6
-1.71974e-6
6.84534e-6
5.341e-7
-0.0321526
0.0613888
-2.23606e-5
-5.35627e-6
-1.24621e-6
-0.0934914
0.0815081
0.117603
-0.126283
0.000968886
-0.000107039
0.000123056
-6.05824e-5
9.67252e-5
0.0736234
-0.0744406
0.0264038
-0.0296479
-0.121056
0.1599
0.0646415
0.02098
-0.0523777
0.0313124
-0.0229731
-0.00237268
0.00153191
-0.10816
0.147774
-0.063365
0.0253982
0.234396
-0.136042
-0.214056
0.14765
9.70075e-9
4.43178e-9
4.9679e-9
5.26764e-10
-2.92511e-8
9.05546e-8
5.23188e-8
-2.1428e-8
-1.2727e-8
-1.20553e-8
-1.09716e-8
7.82114e-9
4.50705e-9
-1.73231e-8
-3.27812e-9
-1.38756e-7
-5.74497e-8
-3.79066e-7
-1.63429e-7
2.51582e-7
-4.31884e-8
1.82993e-8
4.98403e-8
2.0766e-8
4.08316e-8
1.48514e-8
-3.3937e-8
2.36479e-8
2.78543e-8
-2.96508e-8
-8.90048e-9
-1.30538e-8
2.54332e-7
2.2859e-7
9.00689e-7
8.20184e-7
-4.96156e-7
5.15189e-9
1.65037e-7
2.5805e-8
2.36942e-8
-5.81413e-9
1.9631e-7
1.85157e-7
-1.34377e-6
-1.03394e-6
-8.21939e-8
6.78205e-8
2.15149e-7
3.99068e-7
2.86347e-7
2.31135e-7
-1.04935e-6
-1.07868e-6
-3.65665e-7
-4.8899e-7
-6.43457e-8
7.89752e-7
-1.35085e-7
-8.60745e-8
-1.56108e-6
-2.8829e-7
5.11701e-6
-1.41117e-5
-2.64415e-5
-3.98464e-5
8.43831e-7
3.92017e-7
-1.25976e-7
9.22206e-5
-0.000162787
0.000156682
-0.000251752
1.84926e-9
-7.61041e-9
-6.86332e-9
0.000488905
0.000453333
1.93264e-7
-1.11503e-7
3.95677e-8
-0.000794541
0.00112444
-0.000783133
0.00128133
-5.76262e-8
8.19353e-9
-0.00190365
0.00188715
-1.78519e-9
-2.21549e-8
2.74707e-9
0.00200947
-0.000920151
0.000913572
3.47056e-9
3.82224e-9
-7.22531e-9
-0.0014592
0.000543182
3.24525e-5
-1.65945e-8
-1.98779e-8
8.43912e-8
0.00080221
1.55187e-5
-0.000873159
-1.72871e-7
-1.67363e-7
-0.000534552
-9.6926e-6
7.56357e-7
-2.15722e-7
0.00123935
-0.000952014
-2.34388e-6
2.16095e-6
-0.000259017
0.000595572
-4.53199e-6
9.85062e-6
1.07448e-5
-2.27542e-5
-2.26861e-5
-1.9287e-5
1.23523e-5
5.67618e-5
-7.97269e-6
-3.98011e-6
-9.18312e-5
1.10263e-6
4.26159e-5
0.000121369
-0.000152802
-0.000387133
0.000531273
-1.89551e-7
-1.69352e-7
-1.063e-7
5.94796e-6
0.0011976
-0.00168073
-0.00331425
0.00473114
-7.50302e-7
-4.55281e-7
1.45526e-7
1.35351e-6
0.00813656
-0.0117884
-0.0176109
0.0257625
1.06323e-6
-7.4277e-7
1.79608e-8
3.15078e-6
0.0326972
-0.0486824
-0.0527771
0.0778796
-3.5896e-7
-4.16906e-6
1.44835e-5
-2.96149e-7
0.0713504
-0.10019
-0.0644508
0.0973437
0.02998
-0.0535597
0.00235367
-0.000460095
-0.000387666
0.000474086
-9.77065e-5
0.000111265
0.0254977
-0.0223901
-0.0616516
0.076043
0.047039
-0.0500041
0.0403348
-0.00124165
-0.0216622
0.0531123
-0.0231288
0.0565603
-0.129277
0.0179957
-0.0244859
0.0585486
-0.0288361
0.0472745
0.00108403
-0.0124261
3.51776e-7
-1.02856e-6
-2.20665e-7
-4.25069e-8
-8.99617e-8
-1.12823e-7
9.91255e-9
7.78732e-8
-7.47428e-8
-4.70931e-6
-2.96374e-6
3.20772e-6
4.30567e-7
-9.21002e-7
3.02536e-6
4.0236e-7
8.41382e-9
4.19004e-7
1.992e-7
-1.69108e-7
-1.10125e-7
1.54371e-7
-3.2249e-7
-1.50873e-7
6.01714e-6
5.45197e-6
-9.17143e-6
1.12078e-5
-1.18289e-5
4.28581e-7
-1.242e-6
3.12821e-7
5.5125e-7
7.86002e-9
5.47661e-6
5.1959e-6
-2.6494e-5
-2.59033e-5
-5.66778e-7
-6.31069e-7
1.27237e-6
2.63837e-6
6.37238e-6
6.21951e-6
-2.65671e-5
-2.60339e-5
-3.79247e-6
6.35459e-7
2.22752e-5
5.27041e-5
-3.05122e-6
-3.23906e-6
-3.23671e-5
-8.3971e-6
-8.07788e-5
0.000121654
0.000220283
0.000444836
8.5109e-6
-7.52519e-6
2.32066e-6
-0.000719402
0.000536813
-0.000733583
0.00108607
-8.84871e-7
2.89747e-7
2.9305e-6
-0.00139988
-0.00188058
-3.5664e-7
-8.86443e-7
1.75992e-7
0.00244426
-0.00232317
0.002598
-0.00344238
-1.35785e-7
-5.06817e-9
0.00384141
-0.00287614
1.34427e-8
1.75912e-8
-0.00343401
0.00246282
-1.72088e-7
1.48496e-7
0.00252904
-0.00166925
-5.26173e-7
1.57755e-7
-0.00153108
0.00117859
4.35745e-7
-1.20819e-6
0.00113404
-0.00123018
3.74021e-6
-3.88189e-6
-1.56618e-5
8.95066e-6
1.98764e-5
5.82614e-5
-0.000212072
5.20653e-5
3.15921e-5
6.95347e-5
-0.0013023
-5.30103e-5
-0.000120704
-2.7571e-5
0.000237299
0.000371089
-0.000733721
-4.14171e-6
-3.10593e-6
2.72119e-7
-3.2555e-5
-0.00100606
0.0020124
0.0022488
-0.00484148
-1.07278e-5
-5.73174e-6
2.05993e-6
3.16546e-5
-0.00444932
0.0103361
0.00750305
-0.0193111
3.55248e-6
-1.01418e-5
4.72319e-7
6.22998e-5
-0.0102364
0.0276061
0.0166953
-0.0443157
3.44828e-5
-1.05501e-5
1.04209e-5
-3.44337e-6
-0.00946488
0.036711
-0.0177431
-0.0112316
0.0288388
-0.0307234
-0.00053058
-0.000127691
-0.000517186
0.00016043
1.2677e-5
-0.000147605
-0.0435334
0.0538419
0.0359218
-0.0434171
-0.015311
0.0130643
0.000124542
0.00636025
0.00482834
-0.00888276
-0.00562397
0.0130349
-1.76352e-6
-5.94692e-7
-2.95364e-8
-1.66024e-6
1.38348e-7
4.75631e-7
-9.81728e-6
2.96214e-5
9.18754e-6
1.183e-5
-4.6476e-6
3.98714e-6
3.73113e-6
-1.49819e-6
-3.35123e-7
3.2896e-6
-3.76028e-6
9.76157e-5
0.00010278
-0.000126259
-2.90882e-5
3.12816e-5
-9.05547e-5
-1.85983e-5
2.0288e-5
-2.56286e-5
-1.86698e-6
4.40138e-6
5.8832e-7
-7.47734e-6
1.0234e-5
6.0507e-7
0.000132035
0.000113149
0.00036494
-0.000463697
0.000664215
-3.35055e-5
5.65021e-5
-4.36137e-6
-9.766e-7
-3.5438e-5
0.000131006
0.000101498
-0.000656435
0.000680488
9.41471e-5
-0.000156704
-0.000194148
-0.000496728
5.52043e-6
-0.000507121
0.000411902
-0.000128745
0.000750739
-0.000677859
0.000578065
-0.00142484
-0.00131559
3.5313e-5
-1.3794e-5
-0.000152321
0.00193791
0.00317329
2.72537e-6
2.98649e-5
1.19068e-5
-2.69099e-6
-0.00472549
0.00405525
-0.00498949
0.00693472
0.0041252
-7.95766e-7
6.50468e-6
3.16166e-6
-0.00742897
0.00592036
-0.00482461
6.62972e-7
-1.16757e-5
-4.37388e-6
0.00764476
-0.00572627
0.00444897
5.24905e-7
2.14021e-5
-5.17289e-7
-0.00787281
0.00477697
-0.00352054
1.45468e-6
-4.77852e-6
-3.09429e-6
0.00322258
-0.00250305
0.00240174
1.69357e-6
1.08549e-5
-0.000912289
0.000886593
-3.25889e-5
0.000226769
-2.51032e-5
-8.51457e-6
0.000122035
-5.8208e-5
-7.40433e-5
-0.000282719
3.51072e-5
-0.000567514
0.000106685
-0.000143362
0.00145948
-7.44571e-6
0.000541515
3.52548e-5
-0.000858665
-5.35921e-5
0.00150321
-0.000175794
-9.31095e-6
1.60704e-5
0.000477178
-0.000543663
-0.00194642
0.00154537
0.00103206
0.00010778
-0.000203865
4.85759e-6
0.000764146
-0.00350318
0.0016953
0.00232419
0.00847187
-0.00595811
-0.0155647
0.0209951
-0.000187214
0.0003365
-6.45837e-5
-8.69559e-5
9.45379e-5
-7.2523e-5
1.48345e-5
0.017121
-0.0277643
0.0281357
-0.00928996
0.0188103
-0.0253278
-0.000410132
-0.00678952
0.0119549
0.0126924
-0.00343519
-0.000608836
-0.00421919
0.00244063
-0.00228177
0.00205712
-0.00125394
0.00187768
0.000120337
2.12142e-5
-6.93133e-5
0.00011022
-4.15577e-5
3.11286e-6
-0.000707601
0.000264447
-5.92729e-5
-0.000752597
-0.000150556
0.000153362
-0.000278848
0.000103503
-0.000202054
-4.58159e-5
7.43032e-5
-0.00158344
-0.000158951
-0.00106803
0.00191168
0.000704797
-0.00132181
0.00149375
-0.000890486
0.000441588
0.0003194
-0.000332756
0.000447777
8.71925e-5
-0.00017233
0.000382079
-0.00078016
-0.00083792
-0.000790487
0.00215982
-0.000816965
0.00142123
-0.00110762
-0.000648084
0.00163589
-0.000395888
0.000293917
0.00030581
-0.000871914
0.00123377
-0.00156697
-0.000150293
0.000465354
0.00197558
-0.00149853
-0.000396765
-0.000576599
0.00070826
0.00227159
-0.00257718
-3.69775e-5
-0.000487043
0.00234789
-0.00181325
0.000545251
-0.00208988
0.000586646
-0.0031126
0.00334388
0.00511611
-0.00649098
0.000378704
1.94052e-5
-9.995e-6
0.000417168
-0.00409578
-0.00918227
0.00838691
3.66473e-5
-0.000775366
0.000728173
-6.68978e-5
0.00946705
-0.00633882
0.012817
-0.0107774
-0.00925176
-8.2473e-5
-0.00033561
0.00019728
0.0113433
-0.0160929
0.013937
5.16206e-5
-0.000244609
0.000234756
-0.00463995
-0.000130009
0.00112895
0.000291552
0.000247466
-0.00158712
0.000878036
-0.000557016
-0.004756
0.00169402
0.00215789
0.00426555
-0.00849502
-0.00346427
0.00145479
7.21021e-5
0.000537456
0.00113174
-0.000827
-0.000188689
-0.00281868
-0.000422382
0.000370837
0.00221078
-0.000233239
0.000848863
0.00362073
-0.00366307
0.00181086
-0.011158
-0.000704406
-0.000531702
-0.00545719
0.000599563
0.00108922
0.0047106
-0.00277598
-0.00262701
0.00112928
-0.000604827
0.000914955
-0.00189146
-0.000718305
-0.000894275
-0.00826131
0.00504021
-0.000800419
0.0128774
-0.00497404
-0.00127216
-0.0150251
0.0121992
0.00449796
0.00359525
-0.00431488
-0.000585124
-0.0157276
0.010524
-0.00442143
0.00444299
-0.00179059
-0.00413558
0.0244037
-0.0151531
0.0115517
-0.0201674
0.0171682
-0.0185155
0.00137544
-0.00143729
3.1828e-5
0.00115957
-0.00260013
0.00318606
-0.00381702
0.00207853
0.000329418
0.000709417
-0.00235792
0.00457509
-0.00652447
0.00756557
-0.00525472
0.00171103
0.00106063
-0.000149341
-0.00117767
0.00356393
-0.00688262
0.00993172
-0.0107886
0.00861192
-0.00383087
-0.00102636
-0.000653636
0.000393871
0.000867187
-0.00369746
0.00777819
-0.0113751
0.0123336
-0.00965631
0.00457269
0.00217963
-0.000766699
0.00135698
-0.00165514
0.000968736
0.00162665
-0.00579086
0.00963655
-0.0110707
0.00949898
-0.00537116
-0.00100389
0.0100331
-0.00210293
0.00374203
-0.00432369
0.00258291
0.00112707
-0.00508681
0.00755215
-0.00832544
0.00727661
-0.00184387
0.00341458
-0.00626428
0.00786124
-0.00722459
0.00429512
-0.000493557
-0.00269282
0.00670674
-0.0128859
0.0159997
0.00608572
-0.00982151
0.0100624
-0.0085333
0.00535624
-0.00370629
-0.00111505
0.00327592
0.0084779
-0.0109559
0.0113341
-0.00792163
0.0117962
-0.00133041
-0.0119886
0.0073567
