-5.18212e-5
0.000258202
-0.000232774
-9.40174e-5
-0.000321939
0.000221174
-0.000197105
0.000264332
0.000206793
-0.000198253
0.00016341
0.000124163
9.733e-5
-0.000189254
-5.472e-5
-0.000109109
5.5772e-5
1.77203e-5
-0.00010206
4.3646e-5
1.21758e-5
0.000160216
-3.02267e-5
3.90469e-5
-3.64151e-5
-0.00012891
0.000104653
-0.000168593
0.000139934
0.000174871
-8.66974e-5
7.2075e-5
-0.000147388
-3.23465e-5
-2.27571e-5
0.000103118
2.92697e-6
1.42817e-5
-1.0327e-6
-1.78068e-5
3.19746e-5
-2.17937e-5
-4.05404e-5
3.53964e-5
1.0342e-5
5.1748e-5
-9.07572e-5
0.000152737
-0.000186781
0.000188619
-4.63334e-5
-0.000122064
2.07707e-6
6.38179e-5
-1.62582e-6
-2.28667e-6
1.57591e-7
-4.73958e-5
0.000136014
-4.94466e-5
4.75609e-5
-0.000196958
6.74255e-5
0.000159939
-7.73362e-5
1.60575e-5
4.53335e-5
-0.000117091
0.0001691
-0.000174602
0.000135657
-3.07283e-5
-7.05174e-5
1.23595e-5
3.87468e-5
3.36887e-7
-1.94085e-5
4.58588e-7
-2.79725e-6
6.70479e-5
-0.000108746
0.000109428
-8.08332e-5
2.39718e-5
5.06862e-5
-0.000109699
0.000125602
-9.75936e-5
5.44215e-5
-2.36579e-5
9.29273e-6
6.03205e-5
-9.87497e-5
2.26052e-5
-5.64348e-5
0.00012592
-4.21679e-5
-9.05987e-5
0.000135344
-0.000154622
0.000146784
-9.96304e-5
2.68415e-5
3.62175e-5
-6.32783e-5
5.651e-5
-3.65552e-5
9.31388e-6
1.64942e-5
-5.30495e-6
-1.30726e-5
-1.96279e-6
4.10533e-6
1.68756e-7
1.91155e-6
5.10403e-5
-8.1194e-5
9.82857e-5
-0.000134918
0.000177553
-0.000187813
0.000148389
-8.05792e-5
1.84802e-5
1.54451e-5
-2.2676e-5
1.63324e-5
-8.61716e-6
8.29972e-6
-3.67312e-6
-7.86411e-8
-2.81504e-5
-7.63313e-5
0.000114478
-0.000173208
0.000181907
-0.000149184
9.17876e-5
-3.94505e-5
7.93266e-6
5.84635e-6
-1.113e-5
1.1569e-5
-1.49182e-6
-4.60454e-7
7.40335e-7
4.04746e-5
-9.19039e-6
-2.74945e-5
4.79142e-5
-7.43073e-5
0.000110966
-0.000136262
0.000108586
-7.11108e-5
3.54213e-5
-1.49768e-5
2.45366e-6
2.76837e-7
-7.37609e-6
3.26979e-6
-1.31302e-6
1.06861e-6
8.24834e-6
3.28305e-5
-5.4939e-5
6.92978e-5
-5.83933e-5
4.28185e-5
-2.25137e-5
1.87145e-5
-5.34564e-6
3.11523e-6
-1.62765e-6
1.36659e-6
-1.12148e-6
-5.94426e-6
-1.63572e-6
-2.87425e-6
2.63294e-5
-3.59447e-5
2.43056e-5
-1.8554e-5
1.11289e-5
-1.8692e-5
1.27642e-5
-1.75181e-6
-3.33204e-9
7.19495e-7
-2.68228e-7
2.54501e-6
-1.95605e-7
-1.10235e-5
1.75931e-5
-9.89852e-6
1.45579e-5
-9.62257e-6
6.05582e-7
2.88048e-6
-5.74893e-6
4.2276e-7
1.17301e-6
2.55258e-6
-4.81867e-7
-8.45155e-6
5.21748e-6
-4.41646e-6
4.15889e-6
-2.14518e-6
-6.3695e-7
2.47733e-6
-1.87499e-6
-1.0003e-7
-2.75333e-9
4.47746e-6
-2.61412e-5
1.30335e-5
1.32765e-5
6.0249e-5
-3.03436e-5
3.00126e-6
-2.42503e-6
-0.000194155
6.96204e-5
6.21189e-6
5.76954e-6
8.0143e-5
-6.24248e-6
-6.36534e-5
-2.04415e-5
-5.69723e-5
0.000119112
-4.29794e-5
0.000111801
-0.000131488
6.07454e-5
-0.000102134
0.000125833
4.98855e-5
-3.45828e-5
-5.9783e-5
-4.32967e-5
2.61553e-5
-1.3241e-6
-5.86674e-6
2.20158e-6
1.66878e-5
9.34092e-6
-4.8732e-6
6.13432e-7
-5.94442e-7
-2.55725e-5
2.96352e-5
-2.04009e-5
2.41398e-5
-1.9559e-5
-6.53254e-6
9.75037e-6
4.2209e-6
3.24957e-6
-6.84432e-7
3.83692e-6
-1.72015e-5
4.2557e-6
1.66288e-5
-2.49255e-7
-4.38193e-5
-4.6295e-6
-2.4839e-7
2.16794e-6
-4.20019e-7
1.20434e-7
3.08399e-7
2.69892e-6
-1.00739e-5
3.65897e-8
-2.96594e-7
1.72894e-5
-3.41862e-7
-2.87202e-5
-1.32189e-6
3.59286e-7
9.88009e-7
-2.15397e-7
-6.21925e-7
-7.64149e-9
6.15403e-8
-2.30635e-5
5.32364e-5
8.36325e-7
2.08253e-7
2.16917e-7
5.56355e-6
2.17556e-6
-1.17738e-5
-3.46219e-7
-1.19895e-6
-6.68076e-6
-1.64739e-7
-3.03285e-8
2.24764e-7
-2.41286e-8
-8.29777e-9
1.11921e-8
9.39092e-9
2.91424e-5
9.99067e-6
-4.17072e-5
-7.03753e-7
2.0157e-7
-2.19184e-8
-7.43063e-5
3.00324e-5
2.28937e-5
7.0957e-8
-4.94547e-8
-4.54276e-8
0.00011416
-6.29947e-5
-3.7439e-6
-2.24492e-8
3.8427e-8
1.45422e-8
-0.000143133
8.74925e-5
-8.44813e-6
-2.15489e-7
2.99541e-8
-1.78499e-8
0.00011395
-7.63e-5
4.53048e-5
1.26261e-6
2.77486e-7
1.60386e-8
7.28429e-9
-9.53695e-10
-5.26116e-5
-3.04566e-5
5.52002e-6
3.67812e-7
-1.22183e-7
-4.86056e-8
-3.15983e-8
4.29994e-5
-2.57594e-5
-2.40608e-5
1.95047e-5
-9.84798e-6
2.12062e-6
1.66607e-7
-1.7709e-7
8.71265e-8
-4.79106e-8
9.15238e-8
6.993e-6
4.64792e-6
-2.24239e-6
-3.3707e-7
-3.84453e-8
-6.55141e-8
-3.24019e-9
1.99778e-8
-1.97782e-8
-3.60405e-6
2.88217e-6
4.5144e-7
1.35406e-6
-9.66086e-7
-7.51453e-7
1.84558e-6
-6.17389e-7
-3.24184e-7
1.34275e-7
-2.80512e-8
3.50615e-8
2.37607e-9
-4.42009e-9
-2.22127e-7
2.28483e-7
-3.19854e-7
5.97148e-7
1.36349e-7
-1.98475e-7
6.86574e-7
-7.67463e-8
4.24706e-8
1.98575e-7
6.09363e-8
8.90347e-8
1.52018e-7
-8.37123e-8
-4.18341e-9
1.86975e-8
5.85296e-8
-1.54936e-8
-1.99333e-7
3.29239e-8
1.05668e-9
-1.97433e-7
4.73538e-8
-4.04051e-8
-3.40039e-8
-4.18163e-8
-1.2911e-7
5.21144e-8
6.06105e-8
-1.56861e-8
-1.03868e-8
2.3773e-8
4.55393e-8
-1.36531e-8
1.89561e-8
7.86588e-9
1.05114e-6
-9.98615e-6
1.84922e-5
2.16014e-5
-3.55555e-5
3.88998e-5
-2.73468e-5
-5.6059e-5
8.61457e-5
-8.58759e-5
0.000127899
-0.000170454
0.000170339
-0.000195787
0.000243086
-0.000234728
0.00021069
-0.000248536
0.000215205
-0.000146522
0.000181466
-0.000130525
-8.11776e-5
3.72317e-5
5.11167e-5
3.66464e-6
-1.40083e-8
1.0161e-6
-7.4777e-7
-3.39924e-6
9.49494e-7
-5.98027e-7
7.6649e-7
2.25287e-5
-2.30906e-5
-2.21156e-5
-8.68336e-8
2.59097e-5
4.1011e-6
-1.85756e-5
1.15968e-8
-1.44509e-7
1.1189e-7
-1.81095e-9
-3.69993e-6
1.07372e-5
2.26138e-6
-5.18423e-6
2.13938e-7
-1.27675e-6
2.19467e-7
-2.59151e-8
-1.07885e-6
2.16931e-6
4.53748e-7
-8.06265e-7
1.03154e-7
-5.57129e-7
1.02917e-7
7.40182e-8
-3.08737e-8
-1.61081e-7
2.66816e-7
5.1321e-8
-7.85446e-8
6.83881e-7
-5.8316e-7
-8.04979e-8
1.01051e-6
8.32521e-7
1.70085e-8
-2.0196e-8
-9.24114e-9
2.12228e-8
7.85636e-9
2.20103e-9
-9.46857e-9
-1.5595e-5
-3.33702e-9
-0.000105843
5.34516e-5
2.65009e-6
9.98153e-5
-7.39319e-5
4.77303e-6
3.49754e-5
-4.65346e-9
1.90206e-9
-2.22691e-11
4.99769e-10
-1.4142e-9
-1.22841e-10
-5.9237e-10
-0.000173774
0.000115868
-6.64575e-5
1.14646e-8
-3.88672e-9
8.81315e-10
0.000266369
-0.000184209
0.000120023
8.11318e-9
-1.03054e-9
9.74715e-10
-0.000315286
0.000230661
-0.000156559
-2.66955e-9
-3.6081e-11
9.89348e-11
0.000290807
-0.000221368
0.000147972
6.13901e-9
-9.79162e-10
1.50025e-10
-0.000212383
0.000144788
-0.000129624
-1.55467e-9
5.42613e-10
3.74167e-11
0.000116174
6.78746e-5
1.24319e-9
2.17408e-10
-3.34363e-11
-8.97948e-5
8.59293e-5
5.81577e-5
-3.35398e-5
2.44827e-5
2.14993e-8
-6.94947e-9
2.98428e-9
-7.85253e-10
-1.9474e-5
-7.86881e-6
9.51775e-9
-1.36922e-9
1.1873e-9
8.6411e-6
-7.18967e-6
-2.98688e-6
-7.24235e-7
-2.50864e-10
6.61462e-10
-1.11946e-9
-1.18598e-9
8.62052e-7
-5.72302e-7
-2.37967e-7
-2.59839e-8
-9.26747e-11
1.4393e-9
2.03745e-10
-7.89465e-11
5.26529e-8
-3.69998e-9
-2.01601e-8
-3.25473e-8
4.64323e-8
-3.03894e-8
-4.14888e-10
-9.93714e-9
-4.5941e-10
9.81947e-10
5.4112e-10
5.42537e-9
1.41751e-8
-1.60266e-8
6.47762e-9
-7.93057e-10
-1.22738e-8
-8.62123e-9
2.36112e-9
-6.82451e-9
-1.90555e-10
-3.92918e-10
-4.28767e-9
1.21082e-8
1.66438e-9
-9.93611e-10
-2.92992e-9
7.36509e-10
6.98623e-9
-3.16474e-9
1.95323e-9
4.33234e-9
1.2868e-9
1.65183e-10
1.41594e-9
4.13955e-11
2.55797e-9
-3.92909e-10
-5.48996e-9
1.45149e-9
1.99263e-10
-1.15693e-9
-1.18561e-9
-1.8083e-10
-2.74494e-10
-2.11868e-10
1.08381e-6
-1.0644e-6
-4.55831e-6
2.72558e-5
-1.63164e-5
6.77452e-6
-2.14911e-5
-4.83999e-6
5.4907e-5
-2.61386e-6
-0.000121764
4.94605e-5
0.000171674
-7.18497e-5
-0.000118415
-5.12578e-6
1.81574e-5
0.000100922
6.13498e-5
-0.000178294
-7.53362e-5
0.000126033
7.67898e-5
-0.000102381
9.36537e-10
-9.23276e-8
8.7204e-8
-3.93324e-7
-2.30133e-7
9.3796e-8
-6.13394e-5
9.00039e-5
3.62898e-5
-4.83359e-5
-1.78258e-5
1.85947e-5
5.65849e-9
-1.56924e-8
1.74763e-9
9.60658e-10
7.79845e-6
-7.80483e-6
-3.02953e-6
3.04562e-6
1.58091e-8
-6.27477e-8
9.99366e-9
-5.45861e-9
1.05057e-6
-1.07912e-6
-3.26449e-7
3.51704e-7
1.07627e-7
-4.75371e-8
-1.2952e-8
-1.03888e-8
9.07358e-8
-1.05989e-7
-2.17429e-8
3.36488e-8
6.82254e-7
3.95185e-7
-4.56922e-7
1.71991e-6
-2.55533e-6
-1.86843e-7
3.66674e-9
-1.01361e-8
3.25425e-9
-1.63263e-9
3.2333e-9
-1.54945e-9
0.000104861
-8.95607e-6
-2.06793e-5
-0.000369532
0.000224837
8.84065e-6
3.10883e-10
8.51974e-10
1.62824e-10
-2.08744e-11
-3.10999e-10
0.000139279
-0.000145137
-1.02867e-10
-1.65461e-11
-0.000379812
0.000249198
-3.48166e-10
8.04707e-11
0.00048457
-0.00036695
-1.9207e-10
1.03368e-10
-0.000510262
0.000407701
-4.53015e-11
4.61826e-11
0.000395506
-0.000345835
9.36938e-11
-1.05214e-11
-0.000252509
0.000242538
-2.27386e-10
-3.27923e-10
0.000143486
-0.00014096
6.53808e-10
1.03263e-9
-7.6427e-5
-4.92674e-5
-2.36618e-9
-4.22499e-10
-4.16064e-9
3.73574e-5
-2.639e-5
-1.4818e-5
1.96099e-5
-2.4609e-9
1.26569e-8
7.72113e-9
4.89718e-6
2.28789e-6
-9.38817e-10
1.71911e-9
-1.81677e-8
-1.28831e-6
4.95389e-7
2.27621e-7
1.05522e-7
-2.44616e-10
6.1366e-10
7.71387e-9
-1.46983e-9
-4.79886e-9
-3.48509e-8
-1.59014e-8
-6.17096e-9
1.2332e-11
1.31279e-10
1.36345e-10
9.69645e-11
6.83695e-9
-2.95822e-9
-1.57915e-9
-1.42663e-9
-2.11979e-10
-3.36617e-10
-8.21109e-11
4.4339e-11
-3.88534e-10
3.99834e-10
3.24174e-10
1.29055e-9
-2.08708e-9
-8.76878e-10
1.13314e-9
1.46205e-10
7.53524e-11
3.73562e-11
1.51413e-11
-3.07356e-10
-3.25794e-10
2.34954e-10
-5.63018e-10
1.81368e-10
4.76746e-10
2.7288e-10
6.39451e-11
8.69275e-11
4.02382e-11
3.69094e-10
4.79038e-11
6.82222e-11
-2.24461e-10
-1.43512e-10
9.61469e-11
9.81787e-11
-1.35553e-10
-1.5996e-10
-6.7659e-11
-6.53191e-11
6.84066e-12
-1.21896e-10
-5.90794e-6
6.03203e-5
-8.96389e-5
-6.2165e-5
8.15935e-5
-9.79943e-5
0.000112111
2.6519e-5
-6.96716e-5
7.86983e-5
-2.24672e-5
5.43633e-5
-7.04899e-5
2.53627e-5
-7.87962e-5
3.48758e-5
5.82376e-5
0.000146635
5.50265e-5
-0.000139766
-0.000153288
4.37638e-7
-1.67859e-7
-1.68233e-6
6.06472e-7
-1.07428e-5
6.67027e-6
1.36526e-6
2.68106e-5
0.000171437
-0.000174924
-0.00011575
8.20147e-5
6.76363e-5
5.60433e-5
3.50859e-5
-5.41345e-5
-6.36781e-5
4.30776e-9
-2.21508e-8
-4.20578e-8
-1.41754e-7
2.87739e-7
1.85152e-7
2.65601e-5
-2.0019e-5
-5.27521e-6
-1.08275e-5
-6.95854e-6
1.02053e-5
5.36589e-6
-2.36775e-9
3.49209e-11
-5.89782e-10
3.51861e-8
-2.88386e-6
4.82839e-6
1.23035e-6
-1.80411e-6
-7.19312e-8
8.82571e-9
9.61866e-9
2.81312e-8
-4.7759e-7
7.35296e-7
1.53299e-7
-1.96527e-7
-2.2463e-7
3.51312e-8
9.6644e-8
3.44503e-7
-4.29535e-8
7.15648e-8
5.50685e-9
-1.69473e-8
-4.01376e-6
1.85057e-6
2.49853e-7
2.46492e-6
-4.4478e-6
1.5871e-6
5.67641e-10
9.43028e-10
1.44303e-8
-1.07951e-8
-7.07808e-10
-3.19279e-10
3.28864e-11
-4.64004e-6
2.11364e-5
-3.17816e-5
0.000289461
-0.000287651
1.55802e-5
-1.61655e-10
7.69082e-11
8.57994e-10
-9.78075e-11
1.07501e-10
9.99828e-12
-0.000299245
0.000439866
-5.33572e-12
-2.96947e-11
-0.000258508
-4.69935e-13
-0.000840054
0.00118099
-0.000489536
0.000866019
-0.00137754
0.000708005
0.000741256
-1.11247e-11
7.046e-12
-3.13993e-11
-1.26295e-13
3.02452e-11
6.50982e-12
8.57866e-12
1.29701e-12
-0.000885077
0.000960895
-0.000663465
-2.61722e-11
5.86049e-12
3.73284e-12
0.000835429
-0.000782619
0.000505583
-1.79395e-11
3.08442e-11
-1.9891e-11
-0.00113857
0.000666753
-0.00050163
1.20351e-11
-1.36534e-10
6.09985e-11
0.000384741
0.000244376
4.83106e-10
2.71627e-10
-0.000200374
1.64309e-5
8.67111e-5
-0.000126293
-2.8899e-9
1.92267e-9
-1.21286e-9
6.89715e-10
2.64092e-10
-4.48654e-5
6.19851e-5
9.1147e-9
-2.03797e-9
1.75407e-5
9.25703e-6
-5.011e-8
-1.52275e-8
-4.04802e-6
-1.96932e-6
3.35735e-7
-2.60487e-6
5.64015e-8
-8.08253e-8
9.20731e-8
-1.04991e-7
-1.23027e-8
1.25092e-7
-7.94376e-9
-7.5445e-9
-9.88238e-9
-1.14322e-7
1.46613e-8
4.15022e-8
1.50096e-8
-1.48256e-9
3.48744e-9
2.43641e-8
-1.83385e-8
-3.14462e-8
-2.19042e-8
-8.74961e-9
-1.07692e-8
1.83499e-10
-1.86788e-10
-1.78207e-10
4.76586e-10
5.38022e-9
-9.68877e-10
6.08328e-10
-1.69705e-9
-1.99798e-10
-6.90207e-11
-3.34282e-11
5.63374e-11
3.16101e-10
5.47991e-11
-5.85595e-12
-7.34543e-11
7.93734e-12
2.2197e-11
1.74026e-10
-5.27737e-11
3.96203e-11
1.0046e-12
-4.54154e-11
-9.08247e-12
-7.01808e-12
1.73291e-11
-1.44594e-11
5.1631e-11
-6.30882e-11
2.8995e-12
7.53676e-11
5.20361e-11
2.62457e-11
1.74179e-10
5.32319e-11
-1.76942e-11
2.39276e-11
5.88198e-11
9.3847e-12
2.56414e-11
2.85452e-11
8.67466e-11
4.65165e-12
-1.57363e-11
5.64912e-12
1.66839e-11
-4.61231e-11
-8.15817e-11
-4.70937e-12
-2.37351e-10
-6.7084e-10
1.24262e-10
-4.1539e-11
-4.32981e-11
-1.91892e-10
-9.88362e-11
2.97335e-11
2.21537e-10
4.954e-11
8.56356e-11
1.04781e-9
1.82704e-9
4.5498e-11
-4.31183e-5
-9.72493e-5
8.49186e-5
-4.50667e-5
9.18761e-5
-5.31411e-5
-6.64408e-6
4.04773e-5
3.37573e-5
-2.05064e-5
-4.76356e-5
6.95532e-5
4.2909e-6
-4.75718e-5
4.49491e-7
-2.26694e-5
3.58023e-5
-4.2494e-5
3.88374e-5
-2.20871e-5
6.34404e-5
0.000121996
-7.10088e-5
-5.58125e-5
1.92783e-5
2.69522e-5
1.54216e-5
-1.94811e-5
-4.09595e-7
1.78333e-6
-2.30177e-6
7.62769e-6
-2.53241e-6
1.68764e-5
-5.7883e-6
-7.65275e-6
-5.02954e-6
6.14501e-6
6.94228e-9
-2.5077e-8
-7.62801e-8
1.73567e-7
-2.35522e-7
4.15407e-8
-3.82253e-6
2.52847e-6
5.70078e-7
1.45881e-6
1.00317e-6
-1.96059e-6
-6.0697e-7
7.66006e-8
-2.16115e-8
-1.6204e-7
1.61237e-7
4.61793e-9
3.16856e-7
3.98256e-8
-5.58935e-7
-7.97589e-8
4.42715e-6
-8.60993e-7
-1.35843e-6
-3.4891e-6
6.77196e-7
-7.77696e-9
6.7122e-8
-3.18845e-8
-1.27643e-7
-2.16701e-8
-2.67111e-5
-2.82826e-7
2.6219e-5
-3.74754e-5
-1.70861e-5
-4.90406e-10
9.57164e-9
2.84341e-8
-2.53461e-8
-2.61505e-9
-0.000254905
0.000155313
-0.000210143
0.000944667
-0.00054228
0.000265956
-1.07226e-10
3.42019e-10
6.31961e-10
-8.35722e-11
1.37456e-11
8.86939e-11
-0.000992342
-9.56856e-11
-0.000457725
0.000909439
-0.000891032
0.000557598
-0.000581134
0.00191111
-1.2359e-11
2.19701e-11
-5.01833e-11
1.76431e-11
-1.30443e-11
4.23006e-11
-0.000388743
0.000664036
-8.25154e-12
3.42983e-11
0.000438189
-0.000850359
3.04317e-11
1.09983e-11
-0.000574237
0.00107663
-1.58744e-10
8.2891e-11
-5.609e-5
3.33442e-7
2.48499e-6
4.61179e-6
-1.84143e-5
-2.69591e-9
1.86459e-9
-1.1839e-9
4.84774e-10
3.55775e-11
-4.02378e-6
1.83529e-5
7.11722e-9
-1.99263e-9
-3.80901e-6
1.4016e-6
5.18314e-8
-4.29438e-7
1.2039e-6
1.12512e-7
-1.08412e-7
1.21706e-7
-1.04205e-7
-1.48209e-8
-1.90194e-7
4.82805e-8
-9.25832e-9
-1.93905e-8
1.17851e-8
3.36629e-8
-3.89976e-8
4.75828e-8
-3.89027e-8
-2.17278e-8
7.06498e-9
5.14094e-9
-5.12924e-10
-6.27125e-9
1.06822e-11
-2.06892e-9
-8.99052e-10
3.99933e-10
-2.45464e-10
-1.26534e-10
1.06177e-9
2.38693e-9
-7.38704e-9
5.17661e-10
9.84553e-11
-2.3113e-10
4.7103e-11
-7.23339e-10
1.42359e-9
-1.01796e-9
-1.88401e-9
4.61471e-11
5.19164e-11
-2.31947e-11
9.79274e-12
-1.28187e-12
-1.50521e-10
-8.15122e-11
1.21735e-11
1.05489e-9
-3.89986e-9
-4.19456e-12
-8.60712e-13
-5.02017e-12
1.87151e-11
1.80049e-11
-3.04401e-11
4.54056e-11
5.37693e-10
3.3987e-10
5.31871e-10
2.12237e-10
3.44149e-10
-4.40036e-11
-4.74316e-11
-2.0558e-11
1.16705e-10
-4.34705e-10
-6.49862e-10
2.95289e-10
-1.15913e-9
-7.42173e-9
-1.18044e-9
-9.39667e-10
6.28757e-10
-2.42744e-9
-2.03055e-9
9.43992e-10
1.29281e-9
1.50355e-9
-2.16961e-9
8.80912e-9
2.51325e-8
8.41029e-9
-5.31159e-5
-2.87407e-5
-1.66833e-5
-2.03848e-5
9.31709e-5
7.52491e-5
-0.000105464
-0.00012064
9.68251e-5
8.80892e-5
-4.30186e-5
3.41284e-5
-1.32035e-5
-6.38087e-5
7.00952e-5
-8.10409e-5
8.92233e-5
-5.22483e-5
6.70654e-5
4.13817e-5
-2.40578e-5
-1.18528e-5
7.81204e-7
2.81407e-6
2.32109e-6
-1.14549e-6
-2.88829e-7
9.30059e-6
-7.72316e-6
3.132e-5
-1.04098e-5
4.69805e-6
1.92006e-6
-1.70212e-6
-1.93224e-6
1.30296e-6
1.82227e-7
-9.31402e-7
8.75105e-7
-2.16477e-6
1.0665e-6
-2.07751e-6
-9.15692e-8
8.26921e-7
9.54395e-7
-1.33263e-6
4.40736e-7
-1.18066e-6
9.97709e-7
1.1579e-6
9.18236e-7
-2.10795e-6
1.00297e-6
-3.39787e-6
3.02304e-6
3.98192e-7
2.34419e-8
-8.45587e-7
1.93167e-6
1.81015e-6
-9.27723e-6
2.20092e-5
8.85416e-6
-2.10147e-8
1.25055e-7
-3.28846e-8
-2.0774e-7
-3.62135e-8
7.46451e-5
-6.35597e-5
7.10772e-5
-0.000370718
-8.32909e-5
1.31899e-9
2.47649e-9
8.24701e-8
1.0556e-8
-9.16718e-10
-0.00111731
0.000762135
-0.000513404
0.00238273
-0.00164202
0.000779327
-1.25959e-9
4.33651e-9
-8.62846e-10
-7.34696e-9
5.1601e-10
-1.11932e-9
-0.00195683
-2.90455e-10
6.62906e-5
0.000858826
-0.000813768
-2.52405e-5
-0.000583134
0.00126982
3.44775e-5
0.00215259
-1.50413e-10
3.80747e-10
-1.07036e-10
4.09697e-10
0.000697446
-0.00116969
-0.000132196
-9.03383e-11
2.40291e-10
-0.000546399
0.00066837
2.00404e-5
-6.28823e-11
3.19045e-10
0.000221476
-0.000200329
0.000147219
-1.5547e-10
4.34261e-10
5.38641e-7
4.67909e-6
-1.90302e-5
-8.78739e-6
9.52952e-7
-2.81608e-9
9.70563e-10
-4.41294e-10
6.12313e-6
-1.12051e-6
8.94647e-9
-4.01412e-9
-4.96179e-7
1.07581e-7
-9.66602e-8
-2.03606e-9
-1.7209e-7
1.11805e-7
-8.01066e-8
9.0971e-8
-4.91948e-8
7.71194e-9
9.98539e-8
-2.00097e-8
-5.57651e-9
6.27349e-9
-3.54363e-9
4.31474e-8
-3.7733e-8
4.63706e-8
-2.958e-8
-9.35127e-9
4.50574e-10
-2.37513e-10
1.3405e-9
6.62918e-10
2.33965e-9
7.39525e-10
-5.44492e-9
-2.01385e-10
-1.65979e-10
-1.78633e-11
6.65963e-9
-3.49868e-9
-6.0415e-9
7.06233e-11
-1.73013e-10
-4.81084e-11
-3.99954e-12
-1.09829e-9
1.06417e-9
3.93214e-9
-1.71061e-8
3.9837e-11
6.70868e-12
6.77335e-12
4.81878e-12
1.70371e-12
-1.63961e-9
1.37787e-11
-2.12474e-9
3.23722e-9
-6.83638e-9
-3.98403e-11
2.9997e-11
1.34269e-11
2.19555e-10
1.02476e-10
-1.36991e-10
-7.8335e-10
7.80699e-10
8.17828e-9
5.64998e-9
2.46332e-9
2.53288e-9
-1.36871e-10
-1.23056e-9
1.11841e-9
-9.18012e-10
-3.48441e-9
3.75283e-9
-4.20733e-9
-2.31242e-9
8.39408e-9
-3.94012e-8
-5.47884e-8
4.95544e-9
-5.5368e-9
9.26337e-9
-3.41937e-8
1.42167e-8
7.46684e-9
1.41117e-9
6.57015e-8
-5.54844e-5
-5.47212e-5
4.40743e-5
4.46615e-5
1.49407e-5
8.50148e-6
-1.59004e-5
-5.70634e-5
0.000102363
-0.000147464
0.000117977
-7.15066e-5
1.67199e-5
-2.70559e-5
2.05773e-5
1.93461e-5
-6.51345e-6
-1.39448e-6
-7.20576e-7
-2.35909e-7
2.90248e-6
1.45818e-5
-1.61264e-5
3.43338e-5
-2.48129e-5
2.39423e-8
3.13276e-7
2.43282e-7
-2.26406e-8
-1.09385e-7
-4.17432e-7
-1.60821e-6
1.08398e-6
-4.8583e-6
1.82006e-6
-1.7944e-7
-3.21329e-7
-1.99568e-7
1.11208e-7
-6.23444e-8
-8.54917e-7
-7.27887e-7
1.04317e-6
6.43963e-7
1.00214e-6
-1.88965e-6
-2.65636e-6
-1.7823e-6
2.28409e-6
1.8399e-6
1.52698e-6
-4.36537e-6
-8.31082e-6
-4.5821e-6
5.98307e-6
6.52284e-7
2.06592e-8
-1.54481e-6
-3.14778e-5
2.41834e-5
-1.04677e-5
0.000103285
1.6469e-5
-9.56445e-8
4.18811e-7
1.74924e-8
-7.69643e-7
-1.77238e-7
0.000282172
-0.000237706
0.000100831
-0.000810879
-0.000142066
1.6193e-9
-1.44989e-8
-1.4596e-8
3.71182e-8
1.57982e-8
-0.00197613
0.00168561
-0.00101076
0.0016073
0.00274293
-0.00247379
0.000961141
-5.61961e-9
1.97884e-8
5.34133e-9
-1.51126e-8
3.30493e-8
-0.00153916
-2.02382e-9
1.79009e-9
1.34846e-9
-1.18513e-9
-9.46158e-10
-5.56877e-10
-1.18187e-9
0.000158871
1.42781e-10
-1.35835e-9
-7.30371e-5
3.57166e-5
5.67714e-10
1.71145e-10
8.82424e-6
-1.27582e-5
-6.78178e-10
7.1601e-7
9.06692e-7
-2.76573e-9
8.74846e-10
-8.60152e-8
-5.03571e-8
2.64207e-8
-5.68525e-9
5.54627e-8
-1.81215e-8
1.23556e-8
-1.19374e-8
-4.93091e-9
4.65269e-8
4.53983e-9
4.0408e-9
3.07874e-8
-1.43865e-8
2.26525e-8
-9.33017e-9
8.96496e-9
-3.71987e-9
-1.88954e-9
4.37883e-9
5.38402e-10
8.79322e-9
-5.08639e-9
-5.4526e-9
-4.75356e-10
-5.74759e-11
4.08588e-10
2.5017e-8
-9.7843e-9
-2.05303e-8
2.00446e-10
-6.33385e-10
-5.21723e-11
7.5956e-9
1.47936e-8
-6.51279e-8
-6.23001e-11
1.11429e-10
1.33713e-12
-2.90242e-11
8.3791e-9
-1.08389e-8
1.89681e-8
-3.36806e-8
-4.4586e-11
9.17041e-11
9.87357e-11
3.90866e-11
-1.94831e-10
-1.3573e-8
-3.81146e-9
-1.42729e-8
-1.67039e-8
1.57306e-8
1.6246e-10
-3.72841e-10
1.23884e-9
-9.26744e-11
-3.53034e-9
4.68981e-9
-6.6395e-9
1.10122e-7
-4.45663e-8
7.43546e-8
1.01144e-7
6.70864e-8
6.489e-9
2.74382e-8
2.13259e-8
-1.64388e-8
9.22807e-9
9.87106e-9
-3.42999e-8
-3.02304e-8
-6.59288e-9
-4.18294e-8
-3.39129e-7
1.84241e-8
-3.20521e-7
-5.513e-5
2.886e-5
0.000102651
-0.000105083
5.7949e-5
-0.00014016
0.000129685
0.000151632
-0.000119852
-0.000111699
7.71373e-5
5.40914e-5
-2.88928e-5
-9.38474e-6
1.31844e-6
-1.21995e-5
8.86132e-6
2.94918e-8
1.18292e-6
4.18301e-7
4.00691e-7
1.24439e-5
2.08293e-5
-1.08563e-5
-3.25849e-5
1.62958e-5
-1.17239e-5
-1.6174e-5
4.81264e-7
-2.68109e-7
-1.53401e-7
1.64404e-8
1.47389e-8
-8.51173e-7
-4.99486e-7
2.96707e-7
1.51905e-7
-4.09088e-6
1.42729e-6
6.08268e-8
-2.31158e-8
-1.12107e-8
-9.39557e-7
-4.3115e-8
2.92664e-7
-5.43172e-7
6.05459e-8
1.48982e-7
-2.36614e-6
4.59435e-8
3.55174e-7
1.21741e-6
2.24173e-6
-3.94201e-6
-6.30661e-6
1.63041e-7
9.62783e-7
4.0516e-6
3.25605e-6
-1.17152e-5
-1.55333e-5
1.85845e-7
2.41123e-6
2.53719e-6
1.34432e-6
-6.48793e-6
-6.42914e-5
4.72763e-5
-6.15063e-6
2.18145e-5
0.000151016
5.43458e-6
3.26486e-7
-1.23554e-6
-2.44712e-7
1.03908e-6
0.000743602
-0.000390005
7.16971e-5
-0.000277399
-0.0013981
-7.26724e-5
-4.80526e-8
2.95045e-7
-4.55606e-8
1.61856e-7
-3.75662e-7
-8.66323e-8
-0.000180054
-0.0012039
0.00136036
-0.000368547
0.00147766
5.05565e-5
-0.00132121
1.54094e-8
-6.71963e-8
-6.12855e-9
1.05966e-8
-2.62331e-8
-0.00271158
0.00146745
1.64157e-9
1.23963e-9
0.00303258
-0.0022985
3.85872e-9
-1.03861e-8
-0.00218945
0.00169693
1.46665e-9
-1.07761e-8
0.00106902
-0.000829225
2.55524e-9
1.21337e-9
-0.000401035
0.000240915
5.15164e-9
-2.10494e-8
0.000225474
-0.000218438
2.70744e-9
-9.367e-9
1.61903e-5
3.36814e-5
-5.76044e-9
-1.03456e-5
4.20857e-6
-1.70012e-9
2.87116e-8
-3.02388e-6
-4.81461e-7
-1.89293e-9
3.2907e-9
2.71577e-9
9.26707e-8
-1.05179e-8
-2.82558e-10
4.41399e-8
-4.66198e-7
3.60532e-9
-4.25839e-10
-1.28212e-7
2.20442e-7
1.66162e-8
-1.5363e-8
1.11099e-8
-5.82196e-9
1.82418e-9
-4.92678e-8
-2.59618e-8
1.71286e-8
-1.35343e-8
3.09399e-8
2.86832e-9
5.07266e-8
-3.24194e-9
3.87743e-9
1.4736e-9
8.40709e-8
1.3716e-8
-1.43039e-7
4.51789e-10
-1.2162e-9
-1.09504e-10
3.42888e-8
3.14923e-8
-2.65223e-7
-2.36379e-10
3.81422e-10
1.22886e-10
-2.95522e-8
7.0683e-8
-1.01756e-7
1.15101e-10
-5.52688e-10
-2.18167e-10
1.94957e-10
-4.35849e-10
5.85459e-8
-2.20992e-8
-1.80439e-8
2.31105e-8
3.25351e-10
1.08217e-9
1.33583e-9
-2.4753e-9
-4.80823e-9
2.94635e-9
-1.87145e-7
-3.18297e-7
-1.79811e-7
6.13572e-8
2.04929e-8
3.42901e-10
-1.01388e-8
3.44459e-8
-8.01426e-8
-6.28075e-8
5.65816e-8
1.26349e-7
1.4798e-8
6.17885e-8
4.31979e-7
9.36677e-7
-6.96037e-8
-1.24705e-6
1.02983e-6
1.26714e-6
3.37783e-7
-2.96664e-7
1.63108e-7
-1.6032e-8
-3.67931e-7
-2.51163e-7
1.40097e-7
-8.94691e-7
-2.78645e-6
4.02242e-7
6.73784e-5
-4.24822e-5
-8.21731e-5
1.41755e-5
6.21669e-5
5.97155e-6
-2.4688e-5
-3.58202e-5
-9.14429e-6
5.70658e-5
1.87986e-5
-3.37654e-5
-1.28219e-5
1.27266e-5
-4.19784e-8
-3.11401e-6
7.2498e-7
2.37901e-6
-1.26267e-5
2.91756e-5
-8.75616e-6
-4.59165e-5
-1.01148e-6
1.3167e-6
1.22895e-7
4.90072e-8
3.47177e-8
-2.61492e-8
4.72017e-6
-1.81699e-6
6.82955e-6
-3.36672e-6
2.96227e-9
-9.46382e-9
8.40514e-9
7.10488e-9
-1.51248e-7
-1.22365e-7
5.47725e-8
-4.50177e-7
1.21941e-7
-1.94739e-8
8.89925e-8
-4.65764e-7
-3.77827e-7
2.17369e-8
3.4131e-8
-2.47195e-6
1.09848e-6
-3.56088e-7
-9.7536e-7
1.41955e-7
4.82316e-8
4.57941e-6
1.68897e-5
-2.10729e-5
-2.12251e-6
3.10012e-7
1.19368e-7
1.90408e-5
3.92099e-5
-4.58722e-5
-8.02504e-6
2.67794e-7
1.64844e-6
2.30988e-7
3.36773e-6
-8.22975e-6
-3.76696e-6
1.28871e-5
0.000111099
3.74687e-5
-4.06924e-5
-1.4882e-5
-1.31953e-6
5.07049e-6
1.37597e-6
-4.82847e-6
-0.000509558
0.00101493
-0.000582802
0.000331732
0.000565339
0.000275675
2.09663e-7
-1.06326e-6
1.60209e-7
-4.44879e-7
9.25687e-7
1.10803e-7
0.00205662
-0.00233293
0.000940436
-0.00198534
-0.00313398
0.00248134
0.00333191
-0.000478791
-1.49868e-8
3.41667e-8
1.22882e-8
4.16685e-8
0.00305805
-0.00249499
-0.00331981
5.36055e-8
-1.81724e-7
-0.00213303
0.001761
0.0023391
-5.26279e-9
-5.45e-8
0.00109376
-0.0008781
-0.00118111
2.32623e-8
5.14332e-8
-0.000491067
0.000374902
0.000451913
8.42792e-8
-2.83772e-7
0.00017854
1.68013e-5
-0.00019168
-7.69749e-9
-1.0475e-7
-2.47508e-5
3.12246e-6
1.09949e-5
-8.55525e-9
7.6747e-8
-4.9776e-8
9.2183e-7
4.91679e-7
-2.04119e-8
8.07957e-7
-9.61444e-6
-3.187e-9
9.17926e-8
2.80966e-6
-6.14033e-7
-1.91876e-8
1.12655e-8
9.7379e-8
-7.30229e-7
8.95378e-8
-7.81319e-8
2.35998e-7
-5.91954e-8
6.61263e-8
-6.99313e-8
3.7785e-9
-1.07171e-7
-1.69489e-7
2.64715e-7
-1.88746e-8
5.38236e-8
4.97345e-9
4.74792e-7
-1.19176e-9
4.37474e-10
-7.26212e-10
2.10114e-7
9.03359e-7
-1.21604e-6
-4.90644e-10
5.77835e-9
3.14549e-10
-1.15926e-7
5.64727e-7
-7.81538e-7
1.81367e-9
-2.68885e-9
-2.26578e-10
-4.88942e-9
5.84548e-8
-4.88409e-10
-7.9919e-8
4.43203e-8
5.7764e-9
-8.40219e-10
-4.84362e-9
2.23336e-9
-2.20969e-7
8.80156e-7
-2.0171e-7
4.11751e-8
1.97172e-8
1.56635e-8
-2.98957e-8
-1.15629e-7
8.83378e-8
-3.60578e-6
7.76031e-7
-7.86101e-6
-3.09983e-6
7.79044e-7
6.60531e-7
-2.99686e-7
6.52191e-7
-2.6405e-7
8.5302e-7
5.85097e-7
1.52525e-6
-5.85956e-7
8.29517e-7
5.02104e-6
5.51402e-6
5.92252e-6
-1.62041e-5
2.53165e-5
5.25081e-6
-1.95755e-8
-4.60458e-6
-2.12018e-6
4.94803e-6
-1.66796e-5
-2.82173e-5
-1.72771e-5
1.17833e-5
3.07626e-5
-1.18297e-5
-3.3204e-7
-6.28261e-6
2.62653e-5
-6.5152e-5
0.000103104
-0.000140164
5.77982e-5
-1.79688e-5
4.88951e-6
-1.19939e-6
9.84321e-7
9.77328e-7
-5.06317e-8
-3.53727e-7
-2.3468e-6
1.49077e-6
3.42222e-6
-7.45756e-7
7.23338e-8
-1.91207e-8
1.05992e-7
-4.08542e-8
6.12685e-7
-1.76807e-7
1.436e-6
-5.37276e-7
7.13192e-9
-3.85334e-9
3.11004e-8
-1.13046e-7
-1.39097e-8
-1.8861e-8
6.35355e-9
2.02256e-9
-2.98738e-8
9.35265e-9
6.12183e-7
-3.54558e-6
-6.64736e-7
4.98411e-6
-2.75622e-8
-3.42237e-9
2.40574e-9
7.29373e-9
-1.98559e-5
5.34748e-5
-6.7127e-8
-1.3018e-8
1.3472e-8
-2.45505e-9
-2.9795e-5
0.000129658
-3.5593e-7
1.07842e-8
6.29045e-8
-7.21158e-8
1.47495e-5
-5.92115e-6
-3.97331e-5
0.000112285
1.32614e-5
5.31268e-6
-3.89348e-6
-1.56522e-6
-1.70963e-5
5.08136e-5
1.51934e-5
-4.22442e-5
-0.000178657
-0.000114629
8.02671e-5
4.15693e-5
3.35993e-6
-9.88151e-6
-1.76868e-6
4.70457e-6
-0.000235112
0.000116411
0.000101427
0.000227111
0.000803802
-0.000351456
-0.00011679
-1.06815e-7
-2.12992e-8
-8.53436e-8
2.59115e-7
-4.23773e-8
6.20446e-8
-2.2371e-7
3.63238e-7
5.82797e-7
-4.991e-7
7.07308e-7
6.77641e-7
-5.95991e-5
1.83203e-7
6.64604e-5
-0.00021065
-0.000191085
-2.34937e-5
-2.18459e-7
2.28485e-7
-5.10323e-8
-1.2552e-6
1.53628e-6
7.2353e-5
-1.21839e-5
8.9976e-8
-2.06923e-7
2.49508e-6
-1.61494e-5
-1.04669e-7
-1.62103e-7
6.08229e-6
-1.70433e-6
-3.24086e-7
2.37155e-7
4.03147e-7
-1.47102e-6
1.06447e-6
-7.62216e-7
2.38489e-7
-4.8142e-8
3.16762e-7
-9.08359e-7
-7.65072e-9
-3.36347e-9
3.10418e-8
-1.38031e-7
2.87357e-6
3.63191e-10
5.04753e-9
2.88142e-9
-1.60968e-9
-4.8193e-7
4.2146e-6
-1.58286e-8
-8.9136e-9
-7.9555e-9
7.00741e-8
-6.96921e-7
2.51736e-6
-2.03584e-9
9.41777e-8
4.30101e-8
-2.32243e-7
3.99575e-8
1.3195e-7
2.8809e-7
2.07862e-8
-3.29678e-8
-5.2776e-9
2.26407e-8
-1.77104e-7
7.52059e-7
-9.87196e-8
-2.29002e-7
1.27433e-8
-1.93985e-8
-5.43839e-8
-7.64455e-8
-3.4648e-6
1.65168e-5
-3.09823e-6
5.0866e-7
4.70622e-7
2.33021e-7
-3.98212e-7
-4.93563e-6
-3.31171e-6
6.03105e-5
2.58814e-5
-7.02773e-5
-6.54297e-5
1.2926e-5
9.96689e-6
-1.1102e-7
3.9163e-7
-2.8436e-6
1.04562e-5
1.35381e-5
-8.91854e-6
-1.68008e-6
0.000126933
-8.45424e-5
7.72469e-5
1.82389e-5
-1.50344e-5
-6.42558e-5
0.000112308
0.000125755
-0.000202422
-0.00016812
0.000286256
0.000289717
-0.000361966
-9.16077e-5
-3.31213e-6
3.10821e-5
1.94181e-5
-1.14049e-5
8.60287e-6
-4.31157e-6
1.6647e-6
-7.29153e-6
2.58425e-6
1.05454e-5
-8.39e-6
1.23918e-6
-1.96807e-7
9.78363e-7
-7.25263e-7
-7.55136e-7
3.36422e-7
-4.36723e-8
1.44449e-7
2.06305e-7
-4.60443e-8
1.28163e-7
-3.96204e-8
4.01185e-8
-9.9467e-9
1.75745e-7
-2.53116e-8
1.19542e-8
-5.13615e-8
-2.71872e-8
2.1735e-7
-9.05477e-9
8.6511e-6
-2.08317e-6
-1.49751e-6
2.71793e-9
8.53356e-6
-4.08416e-5
6.04054e-5
-6.12642e-9
-7.07626e-5
-0.00023526
0.000263094
-1.28049e-8
-0.000339497
-0.000389242
0.000676352
1.01606e-6
4.43072e-7
-2.80697e-7
-1.71334e-8
-0.000133444
0.000311289
0.000103548
-0.00022166
-3.08399e-5
-1.31201e-5
1.02307e-5
3.57595e-6
2.5723e-5
-5.87218e-5
-1.11096e-5
2.21407e-5
-2.72182e-5
7.72017e-5
-7.20336e-6
-4.01107e-5
-1.40586e-6
2.58684e-6
1.56757e-6
9.59393e-8
-8.3348e-7
-0.00149941
0.00209471
-0.000913291
0.000913963
0.00190072
-0.000763325
-0.00269666
0.000684306
6.21073e-7
3.18564e-7
9.35702e-8
-6.32718e-6
-0.00158337
0.00075765
0.00216792
-3.25131e-6
1.33905e-5
0.000991185
-0.000505153
-0.00143418
1.99646e-6
-6.5263e-6
-0.000467796
0.000181536
0.000696003
-1.34117e-6
1.69992e-6
3.43298e-5
0.000153918
-0.000261837
-2.13586e-6
8.34979e-6
0.00102428
-0.0058854
-0.000390318
-1.25514e-6
8.42321e-6
0.000968457
-0.00145145
-3.49937e-6
4.13176e-6
-0.000267488
1.07242e-6
3.44567e-5
-0.000191609
8.62328e-7
-4.41273e-6
0.000142485
-4.06722e-5
4.36783e-7
-2.69851e-7
8.41966e-6
-2.40102e-5
-1.0375e-6
4.98823e-8
3.24539e-6
-5.25529e-7
-3.09889e-6
2.09747e-6
1.03457e-7
-7.5022e-7
8.08571e-6
-5.16728e-6
1.92092e-7
-9.71354e-6
-3.24648e-8
-4.01594e-6
-1.31807e-5
2.13099e-5
2.3324e-8
-2.24084e-7
-1.22651e-5
1.33227e-5
-3.19913e-7
-4.25882e-7
-1.15372e-6
5.35632e-6
4.0202e-7
1.27e-7
-6.39017e-7
-1.29883e-7
3.03623e-7
5.32789e-7
-4.26236e-8
2.37657e-6
7.72161e-7
-3.96422e-7
1.73643e-7
5.3529e-7
-2.79284e-6
1.38949e-5
-1.29489e-6
5.54823e-8
-2.29053e-6
-1.51366e-7
-2.32657e-7
-3.29165e-6
-6.2184e-5
0.000327907
-5.82731e-5
8.30885e-6
7.91973e-6
7.53607e-6
-2.87235e-5
5.73929e-6
3.6632e-5
-4.56944e-6
-7.91299e-5
5.04763e-5
-4.49449e-5
-3.16543e-6
-0.000228102
-0.000390357
0.00108211
-0.000838576
0.000218377
-0.000130178
0.000345928
-0.000199708
9.61997e-5
7.9044e-5
0.00150578
4.52857e-6
-3.682e-7
-2.91756e-6
-1.72355e-5
6.53172e-5
-9.31224e-5
0.000260614
-0.000132772
-0.000282773
0.000290608
-3.35323e-5
8.96911e-6
-4.62408e-5
9.33546e-5
2.7544e-5
-5.66067e-5
1.97352e-6
-1.35525e-5
-5.39458e-7
-1.1588e-7
-1.40719e-6
1.36067e-6
4.34934e-6
-7.54271e-7
9.76303e-7
-1.43988e-7
-2.02308e-7
3.72937e-7
2.30342e-8
-5.00871e-7
-3.04032e-8
1.36789e-7
5.09103e-7
-1.29135e-6
3.05452e-9
4.9513e-8
-2.32252e-7
7.98517e-8
-1.35201e-7
5.52384e-7
1.88974e-6
1.14013e-5
-1.03945e-5
-1.46459e-5
1.23007e-8
-3.09689e-8
4.90868e-8
-3.52935e-8
4.91513e-5
-0.000186207
1.89492e-9
2.90121e-9
4.54166e-9
6.06507e-10
0.00019838
-0.0007729
7.76459e-9
4.32583e-11
4.85803e-10
1.86913e-9
0.000419756
-0.000922018
6.07728e-8
-1.22388e-8
-1.94256e-9
-8.142e-10
-0.000606344
0.000960925
0.000408451
-0.000632275
-2.88553e-6
-8.27432e-7
6.66693e-7
1.67873e-7
0.000115083
-0.000185875
-3.29363e-5
2.70358e-5
1.28025e-5
1.68408e-5
-6.5833e-6
-6.04951e-6
-2.6235e-6
-1.06554e-5
-3.03256e-6
3.26708e-5
0.000289883
-0.000349099
8.48488e-5
-0.000143003
-0.000503049
0.000205474
-3.65185e-5
-7.03706e-6
1.6955e-5
9.72284e-6
-8.47144e-6
-0.000456877
-3.2395e-5
0.000472738
1.58756e-5
-3.38482e-5
4.20645e-5
1.31371e-5
-3.93144e-6
-0.00734701
0.0109465
-2.78472e-5
3.60732e-5
-6.71933e-5
0.0107117
-0.0216874
-1.52567e-5
3.20067e-5
-0.00638595
0.0130267
0.00182331
1.78185e-5
-2.4539e-5
-0.000412204
0.00303701
-0.000964968
8.58696e-7
-3.95945e-6
0.000168854
-0.000246827
1.22274e-6
-5.34074e-6
3.29804e-5
-9.32592e-6
2.5531e-6
-6.03181e-7
2.84066e-6
-1.33048e-5
-5.17877e-6
7.68621e-7
1.03238e-6
5.06584e-7
-1.78182e-5
1.11185e-5
-4.8852e-7
-6.12886e-6
3.13617e-6
3.37314e-5
-2.12226e-5
4.22687e-7
-7.31999e-7
-5.69747e-8
-4.92069e-7
1.65817e-5
-3.54128e-5
9.48633e-8
-5.60149e-8
-1.80269e-7
-1.62811e-7
1.13675e-5
-4.77611e-5
5.37236e-7
2.85406e-6
8.91992e-7
-7.47244e-6
-2.3977e-6
-3.2995e-5
-1.63637e-6
1.06993e-6
7.70036e-7
5.60243e-6
-2.09215e-6
1.63861e-6
-1.45645e-5
-2.13096e-5
2.04313e-6
7.39053e-7
-1.25119e-5
-8.98667e-7
3.23005e-6
9.53972e-7
1.70946e-5
3.33539e-5
-3.39592e-6
9.1006e-6
1.68551e-5
-5.45951e-5
0.000290098
-1.52388e-5
2.19167e-6
-0.000107306
-3.96615e-6
-6.39996e-6
-8.10558e-5
0.000133824
-0.00383796
-0.00137049
0.00462181
-0.00067035
0.000130244
-8.17464e-5
-0.000708963
0.00032592
0.00104028
-0.000889527
0.000413001
-0.000160726
0.0044518
-0.00425248
0.00708031
-0.00603462
-0.000232274
0.000189845
0.000351993
-0.000140936
-0.000280975
4.86426e-5
5.29678e-5
-3.65837e-5
-9.46814e-7
3.69304e-6
-2.07099e-6
5.77081e-6
-0.000103936
3.43549e-5
0.000148577
1.22412e-5
0.000148862
-0.000178381
5.83333e-5
-5.6339e-5
-1.39387e-5
2.59439e-6
9.84683e-7
-4.23066e-6
-2.11133e-6
6.79809e-6
1.17277e-6
-4.763e-7
6.2721e-7
4.90632e-7
-1.11825e-6
3.23652e-6
-1.58839e-6
1.61809e-6
-5.71739e-6
-1.96133e-6
6.3107e-6
-8.60957e-6
6.43119e-6
5.72843e-6
7.43988e-7
-2.14862e-5
-3.97364e-7
1.58773e-5
0.000124727
-0.00021905
8.57415e-8
0.000304452
0.00051529
-0.000876054
-1.34757e-8
0.00143484
0.00149093
-0.00220794
-1.75019e-9
1.15521e-9
-0.00130573
0.000772956
-1.0271e-7
-4.69601e-8
3.54979e-8
-2.7267e-8
0.000234251
-0.00014223
2.89513e-5
-0.00031107
2.70755e-6
1.82604e-6
-8.11366e-7
-4.76943e-7
5.06729e-5
-0.000210454
-6.63412e-5
0.000236026
5.89739e-5
-1.07451e-6
-2.26904e-5
2.52095e-5
2.40302e-6
-4.11938e-5
9.11666e-5
-2.06166e-5
-5.32187e-5
1.43001e-5
7.47547e-5
-6.28156e-5
-4.37326e-5
-0.00028417
-0.000301158
0.000387109
-8.71453e-5
0.00115239
-0.000624292
4.10416e-5
-0.00051724
5.81852e-5
-0.000206759
-0.000137211
0.00016051
-0.00167983
0.00230735
0.00026059
0.000144599
-9.32168e-5
0.00173705
0.00567083
9.35176e-6
-2.11975e-5
0.0405662
-0.0345149
6.41169e-5
-0.000102396
9.03598e-5
-0.0134354
0.0130976
2.33177e-5
-2.44492e-5
0.00324486
-0.000544056
-0.000228053
-1.23093e-6
-1.7301e-6
7.3709e-5
-0.000264048
1.30395e-5
-7.60658e-6
1.27843e-5
-3.83759e-6
9.62233e-6
-1.85877e-6
6.85579e-6
3.84501e-5
-2.18742e-5
-1.95562e-5
1.77699e-5
3.98766e-6
-5.95196e-5
3.63068e-5
-2.46322e-6
7.51114e-5
-1.68708e-7
3.85146e-5
0.000119059
-0.000146898
-5.38391e-6
4.32373e-5
0.000115186
-0.000114809
1.66979e-5
-3.34575e-5
-1.53525e-5
0.0001843
-0.000169671
9.07102e-5
6.46115e-5
-0.000248111
-2.40113e-5
2.43902e-5
6.04159e-5
-2.2277e-5
0.000542397
-0.000131278
-8.87249e-5
0.000438303
-1.44105e-5
3.07787e-5
-2.14552e-5
-0.00018705
-0.000784898
0.000231275
0.000190987
-0.000428109
-0.0015296
0.00535412
0.000418118
0.000109121
4.96047e-5
0.00018986
-0.00123971
0.00162234
-0.0010018
0.0015817
-0.00528917
-0.00414022
-0.00206548
0.00457917
-0.00604705
0.00150654
-0.0194088
0.0132841
-0.00472155
0.00450287
-0.00318602
0.00011021
-0.000119911
-0.00015649
0.000118005
-0.000112186
7.95979e-5
8.23251e-6
8.0769e-5
-6.88808e-5
-7.10775e-5
5.99123e-5
5.62583e-5
7.13258e-5
-5.35488e-6
1.15479e-5
-1.33483e-5
-1.69982e-5
5.43558e-6
-2.06232e-5
-1.71215e-5
8.93724e-5
-0.000173625
2.59488e-5
-4.32025e-5
-8.34001e-6
1.01168e-5
1.27239e-6
4.58787e-6
-1.18465e-5
8.80961e-6
4.88783e-6
-4.96886e-7
7.84653e-6
-9.90109e-7
-7.52343e-6
-3.98772e-6
-5.44567e-6
2.27191e-5
9.92832e-7
-1.68007e-6
3.03815e-6
-1.52249e-6
3.14503e-6
-5.585e-6
-3.46207e-5
-0.000358354
0.000310055
0.000358575
1.50097e-7
-4.82463e-7
4.75952e-7
-1.73839e-7
-0.000724811
0.000858219
1.91316e-8
-5.05854e-8
5.56711e-8
-3.07078e-8
-0.00146659
0.0018211
2.16172e-9
-1.72789e-9
2.52152e-10
-3.80184e-9
0.00159827
-0.00128937
-0.000707123
0.00022009
-7.88885e-9
-4.20876e-9
-0.000112783
0.000625948
1.70458e-7
1.19309e-7
-3.43288e-8
-1.68473e-7
6.82247e-7
0.000258513
-0.000625857
0.000265173
-0.000418391
5.85715e-6
-1.6908e-6
-9.27154e-7
-1.28046e-6
3.10993e-6
-0.000191911
0.000278141
2.42828e-5
1.31516e-6
-4.03354e-6
3.06407e-5
0.000108475
-0.000306414
0.000403239
-0.000163862
0.000495195
0.000429498
-0.0008097
8.31191e-5
-0.00014657
0.000481333
0.000273402
-0.000636325
0.000530023
0.000451125
0.000705645
-0.000334325
-0.00420248
0.000168602
-0.0185547
0.0130747
0.000151257
-0.000137231
0.0159402
-0.00870399
-0.00242918
-0.000169378
0.000130294
-0.0136994
-0.0145348
4.50716e-5
0.0402713
-0.0219949
2.56641e-5
-7.90374e-5
4.52066e-5
-0.00646489
0.0109365
1.62599e-5
-1.09584e-5
0.00191152
-0.0016891
-0.000118311
0.000113722
-0.000133913
-1.8864e-5
1.4538e-5
-1.50864e-5
9.90971e-6
-5.11755e-5
-1.32437e-5
1.32828e-6
2.4722e-5
-1.62357e-5
1.62638e-5
-5.62746e-6
9.82395e-5
-5.28566e-5
8.70269e-6
0.000107515
-6.33681e-5
-0.000130741
6.47042e-5
-9.18836e-6
3.8373e-5
5.05368e-6
-2.46024e-5
-0.000170165
0.000188069
-5.8489e-6
6.87543e-5
2.75849e-5
-0.00012765
-0.000202118
0.000151993
-7.08964e-5
0.000101998
7.95351e-5
-8.7993e-5
-8.63018e-5
-0.000786932
0.000390419
0.000326642
-0.000187174
0.000440016
8.7265e-5
0.00103913
-0.000903701
-0.000488045
0.00148148
0.000231008
-0.000154898
-0.000629814
0.000119757
-0.000535498
0.00174352
0.000510778
-0.00150372
-0.000648793
0.00187685
0.000999684
-5.0796e-6
0.000777981
0.00313675
-0.000863418
0.00324154
0.000382889
-0.00349961
0.011173
0.00659203
0.0195532
0.0162249
-0.0243658
0.00519774
-0.0137781
0.00728572
-0.00311326
-0.0150869
0.0115241
-0.00967043
0.00739017
-0.0126066
0.01396
7.852e-5
-0.000109131
0.000108599
-0.00011557
6.63618e-5
-1.20196e-5
-4.16505e-5
6.15185e-5
-4.7765e-5
-0.000122328
5.82774e-5
7.02375e-5
5.15521e-5
5.55822e-5
-3.13859e-5
2.81939e-5
-8.36484e-5
1.15799e-5
-1.78631e-5
-1.70273e-5
2.00247e-5
-5.06863e-5
3.11759e-5
4.50067e-5
-1.25598e-6
8.70787e-6
-1.52604e-5
9.46001e-6
-1.19017e-5
2.11685e-5
4.7828e-6
-0.000104669
0.000327371
-0.000215398
-0.000387031
-4.88259e-6
2.59155e-6
0.00021652
-0.000338081
-4.23276e-7
1.42037e-7
0.000344465
-0.000744414
-1.01619e-7
7.28906e-8
0.000878564
-0.00114035
-1.34053e-8
1.46147e-8
0.000420797
0.000733839
2.12699e-9
1.12097e-9
-7.57693e-9
-1.94921e-9
0.000643326
-0.00162693
-0.000939101
0.00192343
2.02459e-10
3.88852e-8
0.00123547
0.000474705
-0.000949024
-7.64166e-8
1.77414e-6
-4.17489e-6
-0.000316017
-0.000298423
-0.00019961
0.000652425
-0.00013804
-1.55633e-5
0.000326668
-0.00104359
-2.1527e-5
-0.000356937
0.000897127
-0.00109667
0.00187351
0.0012582
-0.00204934
-0.000929191
0.00120497
0.000587731
0.00109853
-0.000300173
-0.00425195
0.000142137
0.00360206
-7.19926e-5
0.021493
-0.00769294
-0.00014414
9.93203e-5
-0.0148714
-0.0124209
4.52356e-5
0.00954247
-0.00536178
-3.75205e-7
-3.92281e-6
4.2572e-6
0.00101404
1.84376e-6
0.000166559
1.27502e-7
-2.49136e-6
4.75282e-6
-4.72436e-5
-2.62128e-5
1.19172e-5
-3.26113e-5
-0.000478546
0.000428295
1.90505e-5
-3.15621e-6
-0.000335995
0.000103081
0.00015326
-6.05989e-5
-5.9485e-5
4.88016e-5
0.000166011
-0.00025986
-0.000221038
0.000338532
3.47105e-5
-0.000310016
1.28097e-5
-3.58358e-5
0.000672731
-0.000316231
-0.000541496
-0.000760211
0.00143187
-0.000417067
-0.000249262
0.00233932
-0.00187252
-0.00245913
0.001388
-0.00460071
9.99575e-5
-0.00247822
0.00848934
-0.00309327
0.00536873
-0.00133662
0.00265135
-0.0112734
0.0173097
-0.00569243
-0.00839147
0.0202755
0.00816203
-0.0145986
0.000707964
0.00242869
-0.000618705
-0.0242416
0.0286826
-0.0223472
0.015457
-0.00952381
0.00687328
-0.00445538
0.00363405
9.17275e-5
-0.000124138
0.000115907
0.000101785
-0.000108447
6.82599e-5
-2.19723e-6
-6.01397e-5
9.33304e-5
-8.789e-5
6.36989e-5
-5.9054e-5
-5.70983e-5
6.06564e-5
7.1351e-6
-3.64725e-5
-1.18432e-5
4.52642e-5
-8.30265e-5
7.86761e-5
9.15423e-5
-7.38319e-5
2.64793e-6
6.42115e-5
-0.000183213
-3.88079e-5
0.000131154
-0.00011722
-2.11341e-5
3.98446e-5
-3.11232e-5
-5.29988e-5
-8.7076e-5
0.000141406
0.000122617
-0.0001319
0.000157626
2.20623e-5
-1.40785e-5
-0.000148219
0.000299484
7.85129e-6
2.82474e-5
-3.33614e-6
0.000422285
0.000855306
-0.000851497
5.33181e-7
0.000421835
0.000498009
-0.000289343
-1.51045e-7
-4.40394e-8
0.000542999
-0.00167913
3.57208e-8
-1.23416e-8
0.0023971
-0.00251077
-4.88438e-9
2.55829e-9
7.52007e-10
1.88272e-8
-2.64852e-8
-0.0014528
0.00202404
-0.00120861
0.00100333
-2.62832e-8
2.18605e-8
1.39877e-7
-8.99228e-7
-1.48261e-6
0.00054898
-0.000361752
-0.000536788
-3.77199e-6
0.000524524
-0.00101273
-5.65447e-5
1.86663e-5
-1.99965e-5
0.000166297
-0.000641041
-0.000768175
0.00129922
-0.00139679
0.00166832
0.0018222
-0.00304234
-0.001775
0.00427395
0.00140255
-0.0044451
-0.000877243
0.00311621
0.000436293
-0.000749485
-0.000173276
-0.00176807
5.90616e-5
0.00768924
-3.91144e-5
0.0115656
-0.0120056
-8.15795e-5
5.09949e-5
-0.000791233
0.00428939
-0.00608226
0.000453907
-1.1031e-6
3.57072e-6
-1.46652e-5
0.000681565
0.000602604
2.67412e-8
3.8698e-7
-0.000261912
-0.000304365
-0.000211441
-0.00034265
0.000747954
-4.60441e-6
3.52299e-6
-1.70196e-7
5.49739e-7
0.000419979
-0.000903059
0.00085472
-0.000506929
2.16738e-6
-4.20394e-6
0.000445364
-0.000152728
1.95945e-5
2.37929e-5
0.000271323
0.000209288
0.000436449
0.00101011
-0.000990407
-0.000508109
0.000757017
-0.000152252
0.00172948
-0.00150218
0.000753361
-0.00228151
-0.00130621
0.00114408
0.00405548
0.00265207
-0.00596845
0.0025919
-0.00335328
-0.00368313
0.00261914
0.00908488
-0.0142751
-0.00781069
0.0162835
-0.00333999
0.00596475
0.0105599
-0.00739939
0.00640275
-0.0202781
0.0158261
-0.0257861
-0.0180807
0.0294346
-0.00388871
0.00729869
0.00112348
-0.00426145
-0.000478201
-0.0160774
-0.0292869
0.0380859
-0.0379664
0.0310586
-0.0199512
0.0094629
-0.00194279
-0.0039378
0.0113364
-0.0139825
-9.30206e-5
0.000142763
6.20132e-5
-5.50851e-6
-7.08931e-5
0.0001317
-0.000147099
0.000114716
-5.9382e-5
6.73343e-6
8.39343e-5
9.1228e-5
-0.000152422
0.000115536
-9.00679e-5
-0.000100014
0.00018888
0.000574582
-0.000681264
-0.000330481
0.000227352
6.53042e-5
-4.86394e-5
3.62579e-5
-0.000217641
0.000233857
-0.000277132
-2.61849e-5
1.84511e-5
0.000379597
-0.000681596
7.14914e-6
-5.21603e-6
7.54466e-6
-5.43368e-6
-1.06705e-5
-0.000819065
0.00113512
-0.000811155
0.00063122
3.29265e-6
-5.97552e-6
4.33347e-6
-2.27953e-6
-0.000271614
-0.000189869
7.63597e-7
-1.85857e-6
1.2986e-6
-5.64999e-7
-2.03186e-7
-0.00016714
0.000753546
-0.00141119
0.00224817
4.15728e-8
-5.28381e-9
-0.00252722
0.00237313
-7.49593e-9
3.1253e-8
-8.08617e-8
-0.00181179
0.00105176
-0.000465507
3.0982e-7
-7.80636e-7
4.81063e-6
-0.000254779
0.00122619
0.00092926
-0.00192991
2.17518e-5
-0.000147027
0.000638866
-0.00183913
0.00176636
-0.00184918
-0.00198549
0.00390375
0.00197987
-0.00628304
-0.00158667
0.00789702
0.000996441
-0.0077372
-0.000468453
0.00580671
0.000151293
-0.00296353
-2.47113e-5
-8.77399e-5
5.43395e-8
-0.000568865
4.94188e-6
0.000606635
6.77951e-6
0.00398587
-0.00260783
-5.55611e-8
5.20851e-7
-6.92006e-7
0.000518136
0.000867681
-0.00190462
-3.21021e-6
5.18436e-7
-1.68571e-7
0.00249346
-0.00246498
0.00201635
-3.45285e-5
1.1894e-5
-0.0016365
-0.000546187
0.00118933
0.000611204
-0.000541355
-0.00014805
8.42988e-5
-3.0816e-7
0.000149243
0.000328537
-0.00123651
-0.00119633
0.00267374
-0.00155704
0.00100897
0.00349169
-0.00447868
-0.00227903
0.00214867
-0.00201817
-0.00276569
0.002202
1.78469e-5
-0.0013171
0.00304552
0.00282202
-0.00263019
0.00361832
-0.00529555
0.0082027
0.00630108
-0.00420877
-0.0122945
0.0183005
-0.0253887
-0.0267781
0.0144673
-0.00949607
0.0364261
-0.0471477
0.0236868
-0.0391221
0.00976182
-0.064615
0.051814
0.0339897
-0.0377125
0.0383243
-0.0310417
0.0182341
-0.0048176
-0.00508555
0.0106386
-0.0127415
0.0153466
-0.000167083
0.00025163
-0.000200486
-0.000105797
7.01906e-5
-2.03111e-5
-4.42241e-5
0.000119327
-0.000173552
0.000175157
-0.000119369
2.80974e-5
8.7056e-5
-0.000212865
-0.000479256
0.000587028
0.000522386
-0.000503949
0.000549582
0.000204502
-0.00013044
9.69593e-5
-0.000389372
0.00033765
-0.000295864
-6.55568e-5
4.62982e-5
-3.33077e-5
0.000306788
-0.000349847
0.000413947
2.34079e-5
-1.54868e-5
-0.000499505
0.000655119
1.04893e-5
-8.46418e-6
5.36561e-6
-0.000903675
0.000823325
-0.000518955
-2.96439e-6
1.74529e-6
0.000102938
0.000395383
-8.69288e-7
3.60686e-7
1.89505e-7
-0.000907223
0.00122019
-0.00154215
-6.74696e-8
3.16466e-8
0.00173654
-0.00157207
-3.08269e-8
2.16823e-8
-8.47728e-8
0.00111165
-0.000507272
-0.000136222
1.15521e-7
2.73198e-7
-1.86148e-6
0.000821826
-0.00194105
0.00216653
2.65589e-5
-1.36278e-5
1.8718e-5
-0.000135745
0.000184024
0.00201513
-0.00316838
0.00165221
-0.000632797
-0.00181348
0.00175368
0.00181876
-0.00399573
-0.00170736
0.00714439
0.00132964
-0.0100876
-0.000767313
0.0113562
0.000266494
-0.0102766
7.99575e-6
0.00765675
-7.64006e-5
-0.0052345
5.68431e-5
0.00382863
-2.68224e-5
0.00384768
-0.00589027
-1.27637e-5
1.62496e-5
-0.00384855
0.00389707
-0.00298611
0.000572381
-2.72724e-8
-4.44061e-7
-8.60006e-7
0.00108184
-0.00259066
0.00405514
3.617e-7
-5.76615e-7
2.5604e-8
-0.00502867
0.0050416
-0.00406482
2.93281e-5
-6.28978e-6
0.0028047
-0.0014821
0.000626152
0.000275629
-9.61282e-5
-2.34992e-5
0.00142006
-0.00237125
0.0027974
-0.00151747
0.0031618
-0.00234927
0.00546914
-0.0040927
0.000498045
0.00108935
-0.00300007
-0.00442534
0.00327448
-0.00456405
0.00539413
-0.00863748
-0.00834467
0.00614265
0.0135569
-0.0216476
0.0308013
0.0241152
-0.0161727
0.0114166
-0.0507766
0.0511697
0.0440312
-0.0668566
0.0528953
-0.0532144
-0.0518545
0.0522016
-0.0327932
0.031825
-0.0298301
0.0289955
-0.0278966
0.0212273
-0.00879271
-0.00526256
0.0160888
-0.0222484
0.027156
-0.0308171
0.0669433
4.60806e-5
-0.000200781
0.000202949
-1.78574e-5
-1.27539e-5
6.37987e-5
-0.000124457
0.000167679
-0.000163165
0.000102803
-7.17209e-6
-0.00010019
0.00026606
-0.000376271
0.000457832
-0.000404656
-0.000251182
0.000202832
-0.000105572
0.000364428
-0.000344674
0.000324321
5.74601e-5
-3.78385e-5
2.49771e-5
-0.000359508
0.000413989
-0.000474691
-1.63155e-5
1.02462e-5
0.000543951
-0.00053199
-8.41725e-6
9.82871e-6
-4.54743e-6
0.000756782
-0.000780553
0.000467447
1.78686e-6
-1.47945e-6
-5.52288e-5
-0.000324567
5.92799e-7
-3.34592e-7
-4.82134e-8
0.000834746
-0.000789043
0.000741591
-1.08944e-8
-1.43906e-9
-0.000781317
0.000697036
8.13352e-8
-2.28851e-7
7.81242e-8
-0.000410075
-3.21887e-5
0.000726488
-5.09242e-7
2.54896e-6
-6.05062e-7
-0.00191926
0.00259846
-0.00228921
-4.60322e-6
0.000167758
-0.000182603
0.00254502
-0.00102392
0.000531357
0.00127261
-0.00141956
-0.00128137
0.00338027
0.00106973
-0.00649634
-0.000688932
0.0100208
0.000191148
-0.0124134
0.000204213
0.0124244
-0.000347605
-0.00996989
0.000267962
0.00678232
-0.000124342
-0.00517446
4.97028e-5
0.00429984
-9.88559e-6
-0.00376282
0.00184793
0.000781282
2.86255e-7
-1.06094e-6
3.82982e-6
-0.00269817
0.00412104
-0.00598798
1.92052e-6
-1.01545e-7
3.32282e-8
0.00710846
-0.00686382
0.00539215
2.25988e-6
-3.84932e-6
-0.00300369
0.00114902
-0.000897698
-0.000167327
2.313e-5
0.000196532
-0.00178468
0.00187102
-0.00518604
0.00246724
-0.00230359
0.00277185
-0.0119578
0.00755733
-0.000900558
-0.000731552
0.00242141
0.00553575
-0.00293362
0.00768598
-0.0045599
0.00784719
0.00910181
-0.00701185
-0.013072
0.0256079
-0.0508394
-0.0220389
0.015893
-0.0118984
0.0638071
-0.05257
0.0520486
0.0482032
-0.0383645
0.0285809
-0.0132774
0.00898675
-0.0121624
0.0117933
-0.0066794
-0.00336796
0.0157305
-0.0256751
0.0296595
-0.0301265
0.0379871
-0.0437759
4.04547e-5
8.99504e-6
-1.96783e-5
1.78411e-5
-5.46885e-5
9.54686e-5
-0.000124635
0.000119811
-7.03049e-5
-8.36508e-6
7.91445e-5
-0.000185848
-0.000217836
0.000215002
0.000233683
-1.5531e-6
-6.32978e-5
4.15234e-5
-0.00028951
0.000331769
-0.000276919
-2.90682e-5
2.51536e-5
-1.45313e-5
0.000326762
-0.000383265
0.000419625
1.0453e-5
-5.20016e-6
-0.000452624
0.000555185
3.65032e-6
-6.79309e-6
3.86145e-6
-0.000501547
0.000847806
-0.000423093
-1.91934e-6
8.39375e-7
-8.76796e-6
0.000235667
-7.9621e-7
2.22775e-7
-3.20641e-7
-0.000443601
0.000240594
-0.000152868
2.38454e-7
-1.99547e-7
0.000217386
-0.000203822
3.74293e-9
4.92077e-7
4.78349e-7
9.20132e-5
8.58045e-5
-0.00031372
-1.16303e-6
4.48963e-6
-2.01975e-5
0.000588847
5.9102e-5
-7.74045e-5
-0.00048439
-0.000128309
0.000643428
-0.000642547
-0.00165475
0.00198119
0.00103355
0.000857991
-0.00242745
-0.000314724
0.00482863
-8.96199e-5
-0.00793921
0.000543715
0.0106226
-0.000820221
-0.0114219
0.000799258
0.00999511
-0.000559344
-0.00631692
0.000262447
0.00445247
-9.53098e-5
-0.00295852
0.00223027
-0.000816432
-0.00211009
1.99433e-7
-1.2755e-7
-6.52405e-6
0.00404569
-0.00427936
0.00624124
-5.69585e-7
3.33279e-7
-1.22012e-7
-0.00708594
0.00603787
-0.00341239
-1.47443e-5
3.89853e-6
0.000146636
9.19605e-6
0.000747684
-0.000107455
4.89459e-5
-0.00195925
0.00123789
-0.0020448
0.00829355
-0.00321388
0.00174019
-0.00230684
0.022036
-0.0140407
0.000165907
0.000776578
-0.00192369
-0.00667882
0.0114796
-0.02111
0.00290308
-0.00548846
-0.00812311
0.00673283
0.00681346
-0.0101785
0.0154906
0.0189615
-0.0128002
0.00982644
0.00120625
-0.00692979
0.0222705
-0.0200727
-0.0139951
0.00703997
-0.00128121
0.0024427
-0.00504659
0.0105742
-0.0192532
0.0271496
-0.0309738
0.0262723
-0.0292409
0.0271963
-0.0246472
-3.29553e-6
-1.81615e-5
9.3194e-6
1.19895e-5
-3.35736e-6
-1.71892e-5
3.95174e-5
-5.85951e-5
7.36754e-5
-6.89738e-5
3.89204e-5
7.81137e-6
-7.50173e-5
0.000113723
-0.000142705
-0.000157689
0.000118096
-5.83651e-6
2.40507e-5
-1.33642e-5
1.34134e-5
-0.000115528
0.000181845
-0.000232994
0.000205028
1.04005e-5
-1.30876e-5
1.01088e-5
-0.000200782
0.000278437
-0.000299386
-9.938e-6
9.68077e-6
0.000302465
-0.000302377
8.62978e-7
-7.55633e-6
-0.000574242
0.000302474
-1.24331e-6
9.10517e-7
6.63259e-7
6.64555e-5
-9.69145e-7
8.90601e-7
5.94069e-7
1.73801e-5
-1.11951e-6
9.13562e-7
7.67869e-5
-6.92393e-5
-8.33874e-7
8.66615e-7
-8.59129e-5
6.24098e-5
-6.5141e-7
-8.5777e-7
-1.4168e-6
-1.98377e-5
-4.46299e-5
0.000124389
-3.75893e-7
-5.4283e-6
1.05378e-5
-0.000247054
0.000116364
-5.41124e-5
0.000105709
0.000394971
-0.000361064
-0.000398877
0.000564363
5.34999e-5
-0.000827819
0.00091097
-0.00124473
0.000240331
-0.000711797
-3.87964e-5
0.00161897
-0.000620964
-0.00299631
0.000808979
0.00510291
-0.00125764
-0.0070372
0.00137728
0.00822132
-0.0012256
-0.00642845
0.000680871
0.00427155
-0.000288436
-0.00288588
7.00726e-5
0.00206689
-0.000743054
0.00127238
-0.00127257
3.61115e-6
4.02739e-6
-1.27384e-6
3.66009e-6
-1.68791e-5
0.00222481
2.93342e-7
-0.0034133
0.00371978
-0.00419668
-1.08681e-6
2.52949e-7
-1.33677e-7
0.00494905
-0.00329636
7.21543e-5
-5.07795e-6
2.70352e-6
0.00317262
-0.00450965
0.00166042
1.93056e-5
-3.42633e-6
0.00414887
-0.004
0.00188004
0.000298413
0.00195136
-0.00120085
0.00109659
7.68448e-5
0.00111957
-0.00173013
0.00193053
0.00408347
-0.00345095
-0.000365281
0.0015092
-0.00209094
0.00282625
0.00566975
-0.00479647
-0.00219233
0.00238857
-0.00378446
-0.0121259
0.00758173
-0.00528037
-0.0114539
-0.00963799
0.0189413
0.00236338
0.00809663
0.0182771
-0.0173786
-0.01877
0.0128042
-0.00736461
0.0107874
-0.0159496
0.00909454
-0.0142311
0.010818
-0.0087272
0.0120518
-0.0178591
0.0183676
-0.0184599
0.0182462
-6.27994e-6
1.83595e-5
-1.60215e-5
-3.70386e-5
3.15616e-5
-3.62879e-5
3.12061e-5
-1.51942e-5
-1.47774e-5
3.58373e-5
4.76848e-5
-2.7208e-5
-4.09561e-5
-4.4323e-6
-3.40055e-6
2.344e-6
5.40981e-5
9.77616e-5
-7.02372e-5
-9.59065e-5
4.41567e-7
2.92517e-6
-0.000151121
0.000113024
0.00016971
-9.33816e-7
-1.68432e-6
-0.000165761
0.00014316
2.43844e-6
3.86044e-6
-2.38124e-6
-9.23535e-5
6.96559e-5
-1.99609e-5
1.11944e-6
-8.93641e-7
-2.64085e-5
1.37494e-5
-4.10093e-5
6.72579e-6
7.58054e-7
-9.18466e-7
1.13204e-5
-2.52356e-6
-7.57948e-6
-1.07541e-5
9.74902e-7
-1.25131e-6
2.62992e-5
-7.70651e-6
1.35622e-6
-2.09048e-6
-6.6425e-6
3.94688e-6
5.64797e-6
-8.7542e-6
1.6725e-5
-3.07062e-5
1.61622e-7
4.55003e-5
2.78672e-5
-5.42434e-5
0.00013567
-0.00048245
0.000195857
0.000382373
0.000118597
0.000264557
-0.00104901
0.000797273
-0.000401987
0.000369665
-0.00146032
0.00188541
0.00160395
-0.00128308
-0.00276124
0.00200108
0.00357012
-0.00188532
-0.00406877
0.00136413
0.00313676
-0.000909717
-0.0018793
0.000341572
0.000468828
-0.000692261
1.22935e-5
0.000955297
1.77734e-7
-1.75409e-6
1.77967e-5
-0.00130543
0.00157446
-0.00156262
0.000977199
-0.0019515
-3.06632e-8
3.22665e-8
0.000452208
0.0024581
8.95854e-7
-5.20135e-7
-0.00574474
0.00520089
-1.11502e-5
1.38318e-7
-0.00497869
0.00337153
-0.000122644
7.76502e-6
1.24428e-5
1.15065e-5
-0.00173764
0.000784033
-8.84794e-5
7.50471e-5
9.6146e-6
-1.95357e-5
0.000150574
-0.000179995
-0.00051748
-0.000145914
-0.000144361
0.000118735
0.000257912
0.000216827
-0.00225161
0.00142981
-0.000118296
0.00277553
-0.000957341
0.00344431
-0.00289798
0.00237629
-0.00322171
0.0274648
-0.0559196
-0.0289909
-0.00383218
0.00253193
-0.00303093
0.00472376
0.051636
-0.0206887
0.0329717
-0.0111283
-0.00286768
0.00316133
0.00171188
-0.0029624
0.00584133
-0.00477501
0.00675327
3.84633e-6
4.24352e-6
2.25162e-6
3.64936e-5
-2.68886e-5
-1.3826e-5
1.3432e-5
-9.50756e-6
2.72297e-7
7.69203e-6
3.76633e-6
-1.60563e-6
1.24479e-5
-4.79063e-6
1.13063e-6
8.07903e-8
1.38686e-6
-1.36275e-6
1.34038e-7
-3.5813e-6
1.65617e-5
-2.93297e-5
3.66344e-5
3.58901e-5
-3.21212e-5
-2.48433e-6
4.4521e-7
-2.4008e-8
-4.47748e-7
8.27772e-7
4.33464e-5
-7.09016e-5
-0.00010061
5.59842e-5
3.5989e-7
-6.57228e-7
8.42979e-5
-3.98558e-5
-6.32918e-5
-3.49397e-7
4.90256e-7
4.10687e-5
-3.76613e-6
-3.04079e-7
2.94741e-7
7.14397e-7
-2.68287e-6
-3.09118e-7
3.58554e-7
-7.9594e-7
3.13455e-6
-4.7465e-7
8.53097e-7
-2.94997e-6
-1.38138e-6
3.07097e-6
4.44051e-6
-4.08987e-6
9.55594e-7
-2.9307e-6
1.20015e-5
-7.45555e-6
7.2274e-6
1.15297e-5
-1.9929e-5
1.72674e-5
-2.41063e-5
8.99707e-6
7.03541e-6
-8.89298e-6
-6.78336e-5
4.06192e-5
-2.24511e-5
7.14416e-5
-0.000101607
-0.000121256
0.000311136
0.000252757
-0.000460936
0.000726936
-0.0008239
-0.000328773
0.000324959
-0.000300815
0.000113613
-0.00095587
0.00134452
-0.00251703
0.00175608
-0.000723981
0.00149653
0.00112792
-0.00264375
-0.00141577
0.00299172
0.00202522
-0.00195584
-0.00146789
0.00110702
-0.000121611
0.000102717
-6.54973e-5
-5.34265e-6
0.000304861
3.07352e-7
5.72172e-6
8.87703e-6
-1.69883e-5
-0.000190621
-0.000632726
-2.29983e-6
0.00070493
-0.000462179
0.000714146
0.00046352
-9.70005e-8
5.38632e-7
9.2242e-8
-2.67331e-7
1.9438e-7
-0.000217524
-0.00120421
0.000758603
0.00280716
-0.00284767
4.32617e-8
2.69272e-8
-1.22311e-7
7.10165e-8
0.00415907
-0.00355259
1.7996e-6
-4.31854e-7
0.00232566
-0.00155066
3.00719e-6
-5.11889e-6
0.000424884
-0.000220585
1.95958e-5
-5.9111e-6
-0.000155052
6.28265e-5
0.000297157
-0.000100259
-5.1679e-5
-0.000812383
-0.000109185
0.000225529
-0.000294875
0.000570182
0.000347426
-0.00169937
-0.00153677
0.000983796
-0.0005858
0.00122153
-0.000330457
-0.000611874
0.00486567
-0.00458056
-0.0164229
0.00112321
0.00146901
-0.000981245
0.00115331
0.0336917
0.101211
-0.0883189
-0.0369082
-0.0364825
0.00105889
0.000583518
0.000109953
-0.000872225
0.0385186
-0.0445334
-0.00494057
0.022439
-0.028247
0.0170445
-0.0083161
-0.00576743
0.00336816
1.58654e-6
1.50769e-6
-6.99424e-6
1.32186e-5
-1.01042e-5
8.19186e-6
5.14711e-6
1.69318e-6
-8.27847e-7
-1.62198e-6
9.06997e-7
-5.3008e-7
1.59922e-7
1.50274e-6
-1.45954e-6
-3.7864e-6
3.51015e-6
-7.33096e-6
-1.01955e-5
5.02769e-6
9.19627e-6
-4.77261e-8
-4.5965e-8
2.18221e-5
-8.90417e-6
-2.02492e-5
1.99758e-7
-9.52373e-8
8.38274e-8
-9.5013e-8
1.43293e-5
2.79077e-5
-9.21413e-6
3.35165e-8
8.90878e-8
-2.17009e-5
5.86121e-6
-2.32859e-9
3.86845e-8
8.14591e-8
-1.1139e-7
-8.4311e-8
1.0567e-7
1.29911e-7
8.54885e-7
-1.62095e-7
1.58633e-7
1.80321e-7
-4.70792e-7
-5.26843e-7
7.37749e-7
-1.20069e-7
1.56142e-7
-3.97307e-6
1.52151e-6
-1.31501e-6
1.50397e-8
-6.86265e-7
-1.01957e-6
2.48302e-6
7.21116e-7
-2.89793e-6
2.91055e-6
-2.51649e-6
-1.42415e-5
-2.2554e-5
-1.34458e-5
8.33797e-5
-6.77079e-5
0.000314974
-0.000321604
4.28461e-5
-0.000326968
0.00117552
-0.00058499
-0.000737028
0.000405286
-0.000221363
-0.000574678
-3.42829e-5
0.000578591
-0.00085909
0.0062509
-0.00513899
0.000568962
-0.00393318
0.000467437
-0.000973627
0.00060264
2.18187e-5
7.84609e-6
6.70983e-5
7.24789e-5
0.000382368
5.41293e-5
-0.000269076
-0.00124776
-0.000139683
-2.09625e-5
8.30144e-5
-0.000173986
5.74383e-5
0.000256442
-0.000226089
6.46375e-7
-1.11717e-7
0.00109599
-0.00217854
-3.03203e-8
-1.92291e-7
0.00300258
-0.00342095
-0.00205816
0.00215298
-3.60648e-7
2.25467e-7
2.42046e-7
-1.28377e-7
0.00172185
-0.00164831
0.00108022
9.55576e-7
0.000768567
-0.000548588
0.000433078
2.51135e-7
6.40502e-5
-3.10684e-5
5.58164e-5
1.08644e-5
1.23638e-5
-2.10713e-5
3.19538e-5
-8.25793e-5
-2.42684e-5
0.000345741
0.000206708
-8.34289e-5
-3.97647e-5
-6.24628e-5
3.03335e-5
-0.000350302
-0.000706445
-0.00115426
0.000210134
-0.000184485
0.000458167
-0.0347488
0.0336757
0.103612
-0.0556953
-0.0345623
-0.00540944
-0.00180228
0.00589418
-0.00291952
0.00112581
0.000328445
-0.000475115
0.015695
0.0570876
-0.0706885
0.0452525
0.0273564
-0.0252053
0.0161777
-5.50855e-6
-8.92388e-7
5.31695e-6
2.47075e-6
-3.09404e-6
-1.10455e-6
9.46467e-8
4.62674e-8
3.74912e-7
3.09888e-7
-5.37269e-8
3.42626e-7
1.03482e-6
-6.67558e-7
1.49396e-6
-3.58564e-7
-2.57534e-7
8.42564e-7
-1.63947e-6
-3.80941e-7
1.582e-7
-3.04377e-6
5.30481e-7
2.19216e-8
-8.26866e-9
9.39435e-9
-9.65373e-8
2.74501e-6
-6.52435e-7
6.6726e-6
-1.83812e-6
8.68588e-9
-3.11586e-9
-4.1069e-6
8.6629e-7
2.14917e-6
-2.9867e-8
-1.43894e-8
1.24582e-8
-4.639e-7
2.94597e-6
-1.29037e-6
-3.54935e-9
8.32894e-10
-6.90924e-7
4.3967e-7
2.82567e-7
-8.55618e-9
1.65893e-8
-2.40058e-8
-2.69339e-7
3.61422e-8
-2.95314e-7
7.9382e-8
4.2438e-8
-5.92506e-8
3.0174e-8
3.35085e-8
5.88849e-7
-1.37326e-7
5.58605e-8
-7.12726e-8
2.14799e-7
2.15327e-10
4.33395e-7
-2.58603e-7
-1.24788e-7
-6.56149e-8
9.87484e-8
1.43018e-6
-1.41463e-7
2.78304e-7
2.22028e-6
2.70988e-7
-5.17115e-6
-1.04677e-6
5.06729e-6
8.02311e-5
-2.28051e-5
-2.42005e-5
6.94299e-5
9.09095e-6
1.92233e-5
-2.04223e-5
0.000337267
-0.000195225
5.2121e-5
-0.000196773
0.000940304
-0.000431548
2.95055e-5
0.000167448
0.000493735
-0.000903948
-8.99021e-7
0.00106649
-0.000246566
0.000255839
0.00518963
-0.000291844
-0.000102593
2.82585e-5
4.27028e-5
-0.00013894
-0.00135596
-0.00204782
0.0019795
0.000932739
-0.000607371
0.00195345
0.00443809
3.80623e-5
0.000203908
-4.51398e-5
-8.53194e-5
1.07932e-6
-8.02557e-7
-2.76984e-5
1.41501e-5
9.27364e-5
-0.000172362
-1.39176e-6
-5.92564e-7
2.66161e-6
1.31257e-5
0.000398219
-0.000723118
-0.000611851
0.0012662
2.89365e-7
6.51724e-7
-1.19147e-6
-1.94683e-6
-0.00161162
0.000844724
-4.67693e-8
1.14546e-7
-0.000602778
0.000508676
-3.79826e-7
-1.73046e-7
-4.60492e-8
1.21502e-7
-0.000153208
0.000132828
-1.36003e-6
4.58816e-7
2.75644e-7
-1.74021e-8
5.93014e-5
1.71172e-6
-5.3382e-6
-2.35297e-7
-1.32437e-6
4.20677e-7
3.94835e-6
5.11648e-6
4.18578e-7
2.76514e-5
2.46044e-5
-9.50626e-6
2.71512e-6
7.05322e-6
-3.33647e-5
-3.93906e-5
0.000209808
0.000114152
0.000107426
-8.99382e-6
1.61962e-5
-5.90701e-5
-0.000597751
-0.00256325
0.0080813
0.00820771
5.3197e-5
-0.000308162
-0.000215393
0.000111647
-0.0166266
0.0278987
0.0244741
-0.0134173
-0.00060508
-0.0133175
-0.00786372
-0.067635
0.0203878
-0.0313847
0.0166329
-0.0153206
-0.00886279
0.00521198
0.002037
-0.0010999
0.0653758
-0.0589561
3.25269e-7
-2.56339e-7
3.10911e-7
-1.0433e-7
-5.8669e-9
-4.35199e-7
3.61422e-7
5.96151e-8
-3.25479e-7
-8.55019e-8
4.76024e-8
-6.98085e-8
-8.29391e-8
9.33153e-8
-4.17568e-7
1.7737e-7
3.53755e-7
-1.48704e-7
-3.37326e-9
2.05294e-8
-3.52066e-9
1.24462e-8
-5.92672e-8
1.61268e-7
-2.95314e-8
3.58775e-7
-4.18705e-8
2.86359e-10
4.11774e-10
9.04532e-10
-4.5689e-9
-9.02746e-8
-1.81167e-8
-2.47175e-7
-2.38229e-8
-5.79395e-10
-2.34634e-10
-9.57719e-8
3.53058e-8
6.4752e-10
1.92707e-10
-3.55729e-9
1.14697e-7
2.78226e-9
-3.94459e-9
-8.81454e-9
-2.26589e-9
8.76614e-9
-5.26934e-9
-7.21007e-9
-3.49647e-8
7.16406e-9
-7.6997e-9
-3.66088e-8
3.60068e-8
2.56514e-8
-2.4817e-8
7.03608e-8
3.49614e-9
9.10094e-8
-9.78317e-9
1.68845e-9
5.28724e-8
4.33452e-8
-4.75609e-7
8.76382e-10
2.34294e-7
3.90371e-6
-9.75067e-7
-5.56876e-7
7.55139e-7
3.54131e-6
-5.92725e-6
-1.39314e-8
3.65472e-7
2.67923e-6
-8.94768e-6
-7.01616e-6
-6.16189e-7
4.66811e-5
-6.89178e-6
-7.13829e-6
-1.01863e-5
-0.00166735
0.000682954
-2.82848e-6
2.96978e-6
-0.00649943
0.00527675
4.59636e-6
3.25543e-6
-0.00496164
0.00515252
-0.00327731
-3.77343e-5
0.000104896
-0.0036455
0.00274031
1.05234e-5
-0.00181585
-7.24148e-6
0.000937385
7.76094e-6
-2.51907e-5
1.39153e-5
-8.75201e-6
1.51313e-5
1.6561e-5
-4.13835e-5
-8.01882e-6
-2.79448e-5
1.72162e-5
0.000104381
7.53824e-5
-0.000185459
-0.000100563
0.000263311
3.91777e-6
4.99927e-6
-1.0935e-5
-1.1131e-5
-0.000253949
0.000613199
0.000166087
-0.000158068
-7.39572e-8
-4.42683e-7
4.68913e-7
1.82485e-6
-0.000341736
0.000319997
-0.000222956
-3.74543e-8
-0.000229723
0.000183978
-0.000154826
-8.67345e-9
-4.8451e-5
3.74729e-5
-5.6657e-5
-1.48623e-7
7.62403e-6
-4.11439e-6
3.71947e-7
1.36004e-6
-2.28573e-6
-3.05524e-6
1.08001e-5
1.16533e-5
4.16388e-6
-7.39349e-6
-2.15295e-6
-3.2472e-6
-6.32171e-5
-0.000123712
0.000431346
0.000446172
-7.21236e-5
0.000252299
8.02124e-5
-2.16129e-5
-0.000634467
-0.000707551
-0.00118833
0.00496535
0.00096973
-0.00228072
-0.00143533
0.000562805
-0.00458216
-0.00693557
0.0251339
0.0910662
-0.0776945
0.0527282
-0.0737165
-0.0491487
0.0542183
0.039416
-0.0252542
-0.0138216
0.0113654
-0.006474
-1.94566e-7
-1.80494e-7
3.54153e-7
6.52342e-9
1.70636e-7
1.20509e-8
-4.4864e-9
8.82087e-9
4.15887e-8
-6.6202e-8
-2.16442e-8
-2.90555e-8
-4.35149e-8
1.17096e-9
-5.95779e-10
3.35984e-8
-1.66549e-7
9.71093e-8
2.77116e-8
1.48112e-8
-1.43462e-9
-8.53375e-9
5.72882e-9
1.05489e-9
-2.95771e-10
6.18723e-10
-3.69834e-9
1.26645e-8
-2.80963e-9
2.08125e-8
-4.06717e-9
-9.3954e-11
2.23141e-10
-2.43076e-10
-1.64492e-9
-3.11872e-9
1.57967e-7
-3.3865e-8
-3.45334e-10
2.4862e-10
-6.32112e-8
1.54124e-8
-3.17933e-8
1.49121e-8
-4.36496e-9
1.20311e-9
9.28825e-9
-3.00298e-9
-5.25857e-9
-1.55654e-9
-1.83384e-8
-1.3456e-8
1.02437e-8
3.71566e-10
1.95223e-8
-6.49513e-9
1.95718e-8
-4.17876e-8
-2.15254e-8
6.05316e-9
7.86934e-9
-1.85696e-7
-2.59343e-8
1.48711e-9
-2.77968e-8
5.01599e-7
4.4053e-8
1.89767e-7
-4.13865e-8
-1.67669e-7
-5.27582e-8
1.55876e-7
-4.63352e-7
4.47292e-7
1.47664e-7
1.30714e-6
-4.23982e-7
-1.2094e-7
5.19706e-7
2.46193e-6
-4.18419e-6
-6.39397e-9
2.35366e-7
-1.33325e-6
2.99675e-6
1.01808e-5
-8.69155e-6
7.06633e-5
-8.26698e-6
-7.97341e-5
3.30605e-6
2.14543e-6
-0.000358848
2.18616e-6
-2.63285e-6
1.06259e-5
-1.67413e-8
-1.05638e-6
-9.35549e-7
-6.83007e-8
-8.17943e-7
2.43872e-6
5.42622e-5
0.000363356
-0.000221125
-5.24269e-5
3.84304e-5
-0.000105208
-0.000975888
1.77913e-6
-5.68652e-6
8.8192e-6
-2.73002e-5
-1.04451e-5
3.42599e-5
2.63564e-5
2.24653e-5
-5.4977e-5
-3.82043e-5
-3.39888e-5
9.75441e-5
3.77927e-5
-8.90539e-5
-2.07051e-6
-6.30321e-6
7.56736e-6
1.85463e-5
0.00015053
-0.00011005
1.19907e-8
8.5507e-8
-1.29097e-7
-4.01115e-7
7.27743e-5
-5.28751e-5
2.27506e-8
4.40621e-8
1.27389e-9
-9.52482e-8
-3.22256e-6
-4.16809e-6
-1.48152e-8
1.54709e-8
4.8476e-8
6.14661e-8
-9.62651e-6
1.72763e-6
3.9596e-7
-5.70265e-7
-1.09542e-6
6.57065e-7
1.4056e-6
8.41062e-7
7.99445e-8
4.21697e-6
-4.75027e-6
-7.50184e-6
2.5109e-5
2.65493e-5
1.93394e-5
-6.66247e-5
-2.64358e-5
8.63141e-6
-6.87423e-5
-3.61067e-5
0.00011796
0.000211499
-0.000717763
0.00180393
0.000781454
-0.000268793
-0.000607515
0.000386324
-0.00142987
-0.000451586
0.00441854
0.00456924
-0.00573601
0.0129167
-0.00736856
0.00606478
-0.00573628
0.00323624
-0.0178232
0.0438902
-0.0433485
0.0431665
-0.0421187
0.0302772
-2.54962e-8
-1.83419e-9
-5.28643e-10
1.88391e-10
-1.4012e-8
9.62923e-9
1.69687e-8
6.67622e-10
-5.67125e-9
1.51305e-8
-3.75714e-8
1.08282e-9
6.4576e-9
3.00315e-10
-4.48908e-10
3.62134e-9
9.83761e-10
-6.90028e-9
8.08435e-9
-3.76948e-9
-9.43295e-9
-3.89417e-9
1.41022e-9
2.6441e-10
-8.52824e-11
1.31174e-9
4.23249e-9
1.96721e-10
4.72779e-10
-7.48337e-10
6.58719e-10
1.67243e-10
-4.43848e-10
9.17791e-11
-1.66675e-10
1.62943e-9
-3.25182e-10
6.91531e-9
-1.26332e-9
1.53749e-9
-2.85819e-10
-8.98406e-10
-1.88893e-10
-4.7493e-9
1.37141e-9
1.56399e-8
-3.13762e-9
-4.48264e-8
1.26527e-8
4.25475e-8
2.58462e-10
-1.63863e-7
-2.71416e-9
-1.11694e-7
3.70624e-7
2.17396e-9
-3.4729e-9
-4.97374e-8
-1.15209e-6
9.75478e-9
-1.07778e-9
-1.47344e-6
1.90996e-7
6.2653e-9
-2.30935e-8
3.41823e-6
-1.38774e-6
8.75829e-8
-1.7007e-8
-1.10291e-6
-1.59978e-7
8.01027e-8
-4.53583e-7
1.46522e-6
4.07415e-7
-1.4997e-6
2.16375e-6
-2.44191e-7
2.1651e-7
1.73092e-5
-7.8454e-7
0.000245749
-1.40051e-8
9.91916e-8
3.73973e-7
-1.03974e-6
0.00106086
-0.000690263
0.000512147
-0.000261672
-1.29001e-7
7.55078e-7
0.00135939
-0.00069065
-0.00270233
4.20612e-7
-2.37415e-6
-0.00140541
0.000622349
0.00236152
6.20256e-7
-1.24524e-6
0.00123547
-0.00041522
-0.00202807
3.45016e-8
4.21844e-7
-0.000907532
0.000142412
0.00162319
-1.85497e-7
3.51603e-7
0.000346107
7.36372e-5
-1.19621e-7
2.88114e-7
-2.94174e-7
6.4746e-7
-2.52955e-6
-6.62537e-7
2.84196e-6
9.58524e-5
4.93939e-5
-0.000137813
-4.98412e-5
-3.22233e-6
1.08753e-5
4.657e-6
-1.45204e-5
-2.36253e-5
-4.70754e-5
6.38239e-5
0.000102974
2.21137e-5
-5.57747e-5
-1.36727e-5
1.70877e-5
4.72866e-7
1.66035e-6
-1.54396e-6
-6.11286e-6
3.44728e-5
-3.12082e-5
2.22552e-5
2.71249e-7
1.72908e-5
-1.04148e-5
1.70584e-5
-2.11593e-9
4.81745e-7
-1.7579e-6
3.09744e-6
-3.58081e-7
-1.39283e-6
-1.52985e-7
1.96505e-6
2.0489e-6
-1.27059e-5
4.92921e-5
-2.16373e-6
-1.0463e-6
-5.71752e-6
-3.19047e-6
1.28548e-5
6.76581e-6
0.000217396
-0.000629522
-0.000169019
6.91948e-5
-4.76012e-5
1.71016e-5
3.23119e-5
-0.000377062
-0.00389957
0.00743479
0.00446691
-0.0019894
0.00111488
-0.00491692
0.00772512
-0.0131395
0.0139971
0.0170657
-0.0261831
-0.0195535
0.0310748
0.0211075
-0.0325899
-0.0197574
0.0290811
0.0124862
-0.0211017
0.0128045
-0.0150658
0.0128853
1.45542e-8
2.19549e-10
-6.64107e-9
-1.0783e-9
-2.1958e-9
-1.00561e-10
1.7196e-10
-7.72663e-10
-1.02198e-9
2.35946e-9
-1.69388e-10
9.77971e-10
1.62029e-9
6.66168e-10
-3.24437e-10
-3.075e-9
-8.35003e-10
1.37664e-9
-5.47071e-10
2.56213e-11
-3.70435e-10
-2.3735e-10
-2.71364e-11
4.31553e-11
-1.33904e-10
4.50286e-11
-8.12376e-11
-2.21068e-11
5.32446e-11
-4.85306e-11
8.60199e-11
7.51031e-10
9.5367e-10
-2.46821e-11
3.34126e-10
-9.77723e-11
-1.47985e-9
-1.89288e-9
-3.90091e-10
1.98392e-8
1.0974e-9
-9.39227e-11
7.47059e-10
-3.67977e-8
2.20384e-8
1.0438e-7
-2.8307e-10
-1.72452e-11
1.47118e-10
-2.64053e-7
1.32635e-7
3.01114e-7
-6.74551e-10
3.87616e-10
3.95053e-10
-1.23012e-6
7.78543e-7
-4.61741e-7
5.74762e-6
-1.28105e-11
-2.27923e-9
-6.90116e-6
-1.89999e-5
4.61904e-9
2.73987e-9
-7.56633e-6
7.29579e-6
-7.28401e-10
-1.72171e-8
-9.43966e-6
-1.64607e-5
2.10284e-7
-1.86528e-7
-2.1342e-6
-1.66577e-6
2.22687e-7
-1.86996e-6
-1.43248e-5
2.32951e-7
-5.71434e-5
1.20854e-5
-6.98609e-7
-6.55539e-8
6.13395e-6
-1.74414e-5
-6.86967e-9
-9.20468e-8
0.00015592
-2.69538e-9
-5.54338e-8
-2.06208e-7
-8.3434e-8
7.3645e-8
2.10242e-8
6.1385e-8
-4.67694e-8
9.79457e-8
-2.84601e-7
-2.37248e-5
0.000134585
-2.05337e-5
0.000137997
-0.000243621
-0.000418994
1.1069e-7
-3.17498e-7
1.0111e-6
2.68372e-7
-1.31895e-6
-0.000150874
-0.000191684
0.000293973
0.000295854
1.86445e-6
-5.83484e-6
-6.60619e-7
2.62125e-8
4.12439e-6
1.97278e-5
-8.25681e-6
-5.7127e-5
4.23975e-6
-2.07273e-6
3.02717e-7
-2.7154e-7
-8.11473e-7
2.86763e-6
5.68982e-6
1.12397e-5
2.7235e-6
-1.19324e-6
1.65927e-6
-6.39618e-7
-1.22521e-6
2.20283e-5
-5.01106e-6
-2.41508e-6
5.42169e-6
-4.17388e-6
8.21245e-6
-3.22869e-6
-6.23395e-7
2.94381e-7
1.23991e-5
-1.25304e-5
-2.61991e-6
-1.26269e-5
3.34264e-6
2.5634e-6
-0.00012306
0.000346005
2.99952e-5
-2.93759e-5
-1.40596e-6
-5.03247e-5
3.78558e-5
-0.000129773
0.00165174
-0.00462145
-0.000227478
0.0003148
0.000139526
0.000121671
-3.97948e-5
0.000208117
-0.000223437
-0.00754127
0.0135524
-0.0111546
-0.0118796
0.0116384
-0.0123901
-0.00828334
0.00739085
-0.00717952
0.00569196
-0.00623876
0.00942944
-0.0116834
7.0947e-10
1.56398e-10
-6.27057e-11
1.20434e-10
3.97058e-10
-1.63579e-10
-8.22758e-10
8.50363e-10
2.10882e-9
-1.87004e-10
-2.30872e-10
-8.36161e-10
-1.66156e-10
1.4712e-11
3.52037e-12
-1.07704e-10
-6.20949e-11
2.88009e-10
-3.40277e-11
1.44355e-10
-3.65647e-11
7.52215e-11
7.85165e-11
1.56895e-11
-1.6929e-10
1.77049e-11
-1.79098e-10
-4.47978e-11
-3.46138e-12
-1.09939e-11
-2.30776e-11
1.24844e-10
-1.72512e-10
2.06072e-10
2.51399e-11
-4.85238e-11
-7.28567e-12
1.06185e-11
1.29331e-11
3.60909e-10
-1.66892e-9
1.14184e-8
9.76828e-11
-3.68052e-11
-1.98266e-10
-8.43855e-9
1.84556e-9
9.62066e-8
-9.89783e-11
1.5912e-11
1.51514e-10
-1.3341e-7
1.06388e-7
5.53993e-7
-6.52957e-10
-3.53645e-11
-2.49179e-10
-1.17855e-6
1.47792e-7
3.37114e-6
-2.94588e-10
2.75113e-9
2.72434e-9
-8.30296e-6
-4.04567e-5
3.51033e-5
-3.28253e-5
2.49771e-5
-7.85025e-9
-2.13302e-8
4.79184e-8
-2.04593e-5
-7.28024e-5
5.10428e-5
-4.52516e-5
1.13216e-5
-3.23567e-8
1.24583e-6
7.00965e-6
4.63801e-6
-1.04816e-6
-1.3724e-5
-3.73814e-6
-3.1342e-7
3.60149e-6
7.06041e-7
-2.31767e-7
5.71625e-8
-3.75944e-6
-0.00010658
1.05651e-7
-9.53049e-9
-0.000197099
5.27276e-5
-2.08274e-8
1.17431e-8
0.000284583
0.000158212
-9.84208e-9
5.05984e-8
-0.00077353
0.000101924
-1.8299e-8
4.81352e-8
0.00114911
-0.000399126
-6.62787e-9
-1.53986e-9
-0.00104653
0.000516181
7.1009e-9
-2.4035e-8
0.000687593
9.3796e-9
2.33141e-8
-4.70555e-8
1.54519e-8
-4.26969e-8
1.05693e-7
0.000595899
0.000269011
-0.000350767
-0.000458025
-0.00066758
6.80626e-5
2.85314e-8
-1.35149e-7
1.38192e-7
3.52293e-8
-3.23856e-7
-1.50269e-7
5.39959e-6
0.00017425
-0.000350437
-9.57898e-8
9.59369e-7
-3.05841e-7
-8.25704e-7
-8.97859e-6
2.3764e-5
-2.00407e-6
9.54428e-6
-2.77905e-7
-8.8317e-7
2.37986e-6
2.90266e-6
-2.14584e-5
6.48439e-5
-1.81272e-5
-2.13398e-6
1.20477e-5
-9.01862e-6
-1.99732e-5
6.86035e-5
-3.56812e-5
-2.60298e-6
3.45651e-5
-3.0454e-5
4.21392e-5
1.18287e-5
-2.45813e-5
1.02325e-5
8.4195e-5
-8.65881e-5
1.09765e-5
7.30054e-5
-0.000172466
1.25998e-5
6.94691e-5
-6.6549e-6
-0.000798404
0.00074462
-0.00024249
0.000251746
-0.000310347
-0.000113828
0.00100146
-0.000764234
0.00374694
-0.00954433
0.00936147
0.00505522
-0.00520554
0.00862798
0.00197885
0.0100606
-0.0126309
-0.00100592
-0.00459151
0.0167795
-0.00383426
-0.027303
0.0109775
0.0297073
-0.0119604
-0.0148861
0.00373826
0.000210092
0.00545427
0.00924525
2.66595e-10
1.00013e-10
2.4757e-11
-2.66399e-11
-5.00911e-12
3.28375e-11
-4.37738e-11
-6.73377e-11
3.09076e-11
1.44449e-10
-1.85682e-10
2.96697e-11
5.47429e-11
-1.97076e-10
1.43214e-11
2.1071e-10
9.59387e-11
2.88607e-11
5.21769e-12
3.01317e-11
-6.92398e-12
-6.52057e-13
3.9713e-12
1.14576e-11
-1.23564e-12
5.00739e-10
2.42903e-10
-8.79865e-11
-1.33728e-10
5.41988e-10
-1.1674e-11
5.53326e-12
-1.6969e-11
1.33365e-11
3.6375e-11
-1.65039e-9
8.22983e-10
-2.15611e-10
-5.43824e-10
-5.11582e-11
-2.33509e-11
-3.01434e-12
-3.97365e-11
5.68259e-9
-1.33305e-8
3.37265e-8
-7.71818e-11
1.83042e-10
4.51243e-10
2.32139e-8
-2.20893e-8
2.90321e-7
-1.64318e-9
-3.67137e-10
2.78607e-9
-4.73508e-8
6.92371e-7
3.35046e-6
-5.8564e-9
-7.72239e-9
-8.76961e-9
-6.81122e-6
-4.04689e-5
4.58351e-5
-4.14315e-5
4.90431e-5
3.04717e-8
1.96631e-8
1.17785e-8
-2.13844e-8
1.26962e-8
-2.03835e-5
-9.79181e-5
0.000101769
-9.48985e-5
8.31037e-5
-6.16585e-8
-8.96186e-9
-2.07792e-7
7.47371e-7
-1.20357e-6
-1.11076e-5
-1.83248e-6
8.20732e-6
-2.59654e-6
8.99853e-7
4.55593e-6
-1.27474e-5
4.37066e-7
-2.88349e-7
6.50708e-5
7.28118e-6
-1.27e-8
-0.000643043
9.5867e-5
2.39831e-7
6.69063e-9
-8.25864e-9
9.93412e-9
0.00167069
-0.00308094
0.00228763
-0.000765002
-1.50062e-9
4.35512e-9
-0.00187192
0.00263303
0.00132325
-1.40032e-9
4.67607e-9
0.00169113
-0.00205941
-0.00172042
-1.01871e-9
-4.42251e-10
-0.00112207
0.001106
0.00126656
3.19012e-10
-6.09441e-11
-1.30158e-9
0.000290272
-0.000656567
2.85442e-9
-8.34592e-9
0.000358806
-5.1849e-9
-5.91033e-9
8.91825e-9
-3.60882e-8
3.98292e-8
4.21514e-8
-0.000255136
-0.000716632
0.000473889
0.000218352
0.00108912
-1.43352e-7
3.74558e-7
-3.08765e-7
6.4119e-8
2.22679e-7
1.56155e-5
4.6348e-5
-7.30563e-5
-2.00017e-5
-0.000163215
-1.58768e-6
3.03598e-6
1.4444e-7
1.62077e-6
-1.69357e-6
1.12802e-5
-9.25988e-6
2.47901e-5
-2.0335e-7
8.43712e-6
3.17639e-6
-1.90637e-6
-6.56169e-5
0.000197907
-4.97466e-5
2.44989e-5
1.18298e-5
-1.30571e-5
-9.02778e-5
0.000382975
-0.00030379
5.98181e-5
3.59001e-5
-4.02472e-5
0.000350952
-0.000103405
-0.000103878
-0.00124248
0.000840626
-0.000569342
-0.000445836
0.000360106
-0.000105889
0.000127207
-0.00100704
0.00036545
-0.000478115
0.0056056
-0.00367804
0.000628813
0.00334547
-0.0031183
0.000958978
-0.0010414
-0.0101324
0.0118029
-0.00950977
0.0124401
0.0113608
-0.0250616
0.0455113
-0.033228
-0.0477729
0.0411459
0.0497152
-0.0367401
-0.0235081
0.0190445
-0.00278758
0.00034203
-0.00202841
0.00564638
-0.00882885
-0.00622895
-1.79618e-10
-2.86888e-10
1.77319e-9
-1.49924e-10
-4.27803e-10
-2.75478e-10
-1.89547e-10
-3.00062e-11
-7.82358e-12
-1.79815e-11
2.89377e-12
-1.92628e-9
8.82545e-10
-4.00985e-10
-9.4404e-10
4.03926e-10
-5.82721e-9
5.42399e-11
-2.62662e-11
2.89247e-11
-3.52731e-11
2.16089e-11
5.4111e-11
1.64671e-9
6.94585e-10
1.6669e-9
1.71281e-9
7.08323e-9
-1.3153e-10
1.0399e-11
-1.32966e-10
2.34272e-10
9.50784e-11
-5.85198e-9
-6.59553e-9
-7.7696e-9
-2.8584e-9
-6.08834e-10
-2.88438e-10
-3.29063e-10
-4.41989e-10
1.65074e-8
-3.3661e-8
-8.75257e-8
-7.51251e-11
3.33572e-9
4.63825e-9
3.2554e-7
-1.07719e-6
-4.05884e-7
-3.35003e-9
-8.28541e-9
4.67401e-8
5.63065e-6
-1.89549e-5
3.5008e-5
-3.27621e-5
4.89607e-5
-1.18021e-7
-1.30261e-7
-1.05827e-7
1.67689e-7
2.66386e-7
-9.36254e-6
-7.2581e-5
0.000101443
-9.44183e-5
0.000110058
-6.13149e-7
-6.25801e-7
-4.02512e-7
2.70944e-6
-3.19541e-6
-1.34102e-5
-1.7941e-6
6.42063e-6
-2.43096e-6
1.72959e-6
-8.95923e-6
4.66688e-5
-1.60024e-5
1.26588e-5
6.18099e-7
-1.08959e-6
-6.33706e-5
0.00013853
-0.000184945
2.64682e-7
4.56993e-8
-1.14729e-7
2.69847e-8
-0.00328489
7.67523e-10
-3.00721e-11
6.87782e-10
-3.23709e-10
-1.24237e-10
-1.43383e-10
-6.33386e-10
-5.15716e-10
1.44781e-9
-0.000439488
0.000236963
0.000188859
0.00087427
-0.000866455
-0.000753273
2.34912e-9
-0.000906703
-7.87928e-9
1.17587e-9
-9.75705e-9
3.90363e-8
-2.21855e-8
-0.000120842
-0.000368869
0.000499196
0.000150096
0.000930464
-2.16384e-8
-1.93841e-7
-1.29346e-6
4.54614e-7
1.52564e-6
1.00165e-5
3.66376e-6
-3.50489e-5
-8.22068e-6
-6.21612e-5
-6.78774e-6
1.26798e-5
-3.55622e-7
3.98877e-6
8.93567e-7
4.52546e-7
-4.23367e-5
0.000109203
-2.3317e-5
1.51688e-5
-1.6878e-6
-8.76417e-7
-0.000320606
0.000771949
-0.00065417
4.25311e-5
-4.93183e-6
-2.78128e-6
0.000473827
-0.00098497
0.00136746
-0.0048059
0.00431203
-0.000317629
-7.6207e-5
5.8471e-5
-6.82946e-6
-1.47635e-5
-0.00357211
0.00395989
-0.00653975
0.0191144
-0.0120358
0.00210209
0.00116099
-0.000763634
0.000205256
-0.000171029
0.0191334
-0.00979385
-0.0110752
0.00542268
-0.0045848
0.0130544
0.00663949
0.00269463
0.00153546
-0.00327006
0.00336659
-0.00498569
-0.00204077
0.00297094
-0.0172431
0.0289208
-0.0304988
0.0100014
6.98615e-10
7.88684e-10
1.7397e-10
4.13692e-11
-4.36746e-9
2.11899e-8
-4.35196e-10
3.40654e-9
-3.17281e-9
-6.76959e-10
-3.95476e-10
3.65254e-11
-1.15165e-11
-2.00608e-10
8.62873e-11
-4.70169e-9
1.80313e-8
-2.31063e-8
-1.02927e-8
-2.00221e-8
-8.63759e-8
5.9603e-10
-3.38608e-10
2.54798e-10
-4.3609e-10
4.87472e-10
4.18816e-10
2.78209e-8
7.46392e-8
-5.90456e-9
7.09353e-8
-7.10053e-8
-8.75758e-10
-1.0405e-9
-1.04049e-9
2.13601e-9
1.91285e-9
-8.0204e-8
3.30283e-8
-1.9511e-7
-6.71486e-8
2.72713e-8
-1.07192e-8
1.41451e-9
-6.76364e-9
-9.84287e-9
4.81883e-7
-1.5334e-6
5.4914e-8
-1.50262e-8
-2.30611e-8
3.44492e-6
-7.60601e-6
2.48954e-5
9.22156e-8
5.12797e-7
4.35448e-7
2.5706e-7
-2.26371e-6
7.12107e-6
-1.64184e-5
5.06627e-5
-4.47207e-5
8.24694e-5
2.27079e-6
1.46365e-5
6.23843e-7
7.44749e-6
-1.82673e-5
6.88676e-6
-3.6103e-6
8.07479e-6
-2.52357e-6
1.6793e-6
-0.000123254
0.000285571
-7.53475e-5
0.000154814
4.11972e-7
-1.06455e-6
-0.000350276
0.000150481
0.000158631
-1.14361e-7
3.73306e-8
-1.35917e-7
3.42973e-8
-1.87319e-8
0.00566156
-0.00712804
0.00303527
-0.00385227
-1.7798e-10
2.45835e-9
0.00208499
-0.00265727
-1.64823e-10
-4.76049e-10
-0.000693167
0.00176055
6.08449e-10
-0.000221516
-7.62817e-10
-6.14765e-11
1.0185e-9
1.42102e-9
-8.20883e-9
-1.37633e-9
-0.000285435
-0.0012262
0.000696633
0.00135119
0.00250738
-0.000986722
2.26599e-8
-0.000860207
-7.56627e-8
1.31379e-7
2.0224e-8
1.06205e-8
-3.77029e-8
-8.91567e-6
-0.000264601
0.000274218
2.91743e-5
0.00105502
2.74847e-7
-6.94044e-7
2.47436e-7
2.90255e-6
-5.60705e-6
1.30533e-6
-5.05762e-7
-5.18159e-6
-3.48229e-7
-1.81173e-5
2.16565e-5
-6.00712e-5
6.55177e-7
3.23643e-7
-3.86792e-7
0.000148619
-0.000274069
4.77978e-6
-1.22584e-7
-9.71038e-8
0.000158978
-0.00221778
0.0054546
-0.0108377
0.00651587
-8.68003e-5
1.07721e-5
-4.57255e-6
2.64894e-6
-1.46388e-5
-0.00726122
0.0144751
-0.0247699
0.0410986
-0.0299268
0.000493425
5.53694e-5
-6.17521e-5
2.21479e-6
8.95702e-5
0.0335268
-0.0209375
-0.0239084
0.0257731
-0.0338145
0.0616904
-0.0405667
0.00231156
0.00341993
-0.00220862
-0.000610347
-0.00150167
0.000226108
0.000393861
0.0355014
-0.00890325
-0.0229492
-0.000613348
0.0108628
0.00320094
-0.0144755
0.00293036
1.25518e-8
2.54601e-9
1.86992e-9
1.96606e-10
-1.14031e-7
1.78379e-7
-3.74134e-8
1.1915e-7
-1.89254e-7
-9.95554e-9
-6.6386e-9
-3.02762e-9
5.04388e-10
1.42302e-10
-2.19044e-9
1.00904e-9
-2.26711e-7
3.42998e-7
-5.98077e-7
1.37985e-6
-2.78478e-7
1.13803e-8
-8.97008e-9
-1.65633e-9
-1.16382e-9
5.02071e-9
2.9678e-9
2.1264e-7
1.67305e-7
1.66513e-7
4.76043e-7
-6.2206e-7
-4.29989e-9
-2.11569e-8
-1.12902e-8
6.09506e-9
2.90641e-8
6.01575e-8
2.00527e-7
-9.78347e-7
-7.26137e-7
3.02948e-8
-7.75434e-8
-1.33576e-7
-1.60945e-7
3.49665e-7
-1.19734e-6
-5.84165e-7
-9.74233e-7
3.24633e-7
1.31407e-7
-5.02326e-7
-1.35574e-6
-6.12919e-7
-1.22925e-6
1.97419e-8
3.36081e-6
4.88432e-6
2.08702e-6
-2.20654e-6
1.1235e-5
-3.49326e-5
-6.09881e-6
-4.29521e-5
5.3853e-5
-1.14045e-6
0.000110135
-8.49552e-7
7.63145e-7
8.0516e-7
-0.000738863
0.00111975
-0.000351659
0.000792983
-3.79685e-7
-1.06978e-7
-0.000972325
0.000325547
-5.45695e-8
0.00139714
6.66754e-8
-2.56283e-8
-7.72012e-9
0.00825772
-0.00671263
0.00311867
-0.00276167
5.55469e-9
-2.98493e-10
-0.0015023
-0.000644599
2.72744e-9
-1.05433e-9
0.00305034
-0.00110151
3.75977e-9
-0.00369143
-6.94896e-9
3.34381e-9
3.13734e-8
-7.37608e-8
1.61725e-8
-0.00323967
0.000543064
0.00124001
0.00412718
0.00481373
-0.00217653
9.49382e-8
-0.00105935
-3.56866e-7
-2.8703e-7
8.11275e-7
8.71587e-7
-4.26722e-5
0.00011556
9.35387e-5
1.28741e-5
0.000444537
-5.31003e-6
4.49678e-6
2.31006e-5
-1.88115e-5
6.46758e-7
-3.15718e-6
2.61889e-7
6.12826e-7
-8.63471e-5
6.69189e-5
0.000281587
-0.000223047
3.60804e-7
1.69197e-7
-2.47811e-7
-4.52835e-7
-0.000806485
0.000669128
0.00203677
-0.0018443
-1.19805e-7
6.95444e-7
-1.30343e-6
-1.61625e-6
-0.00456133
0.0085413
-2.66312e-6
1.27946e-6
-6.76799e-7
-0.0130746
0.0149975
0.0176873
-0.0231235
0.000112289
-2.99866e-5
4.13913e-5
-6.91242e-6
2.13433e-5
0.0216428
-0.0398576
-0.0151236
0.0375976
0.013283
-0.0370059
0.00994532
-0.0069062
0.0127607
-0.00724791
0.0051441
0.00070516
-0.00135327
0.0381721
-0.0514544
-0.0380614
0.0415615
0.0499359
-0.0323423
-0.0405093
0.0274349
4.14129e-8
2.00498e-8
1.59103e-8
7.27546e-10
-3.36829e-7
1.06329e-6
9.57351e-7
-7.47203e-9
-6.32685e-8
-4.95708e-8
-3.07209e-8
2.0933e-8
7.89404e-9
-3.23651e-8
1.41515e-9
-2.34836e-6
-9.4515e-7
-5.26931e-6
-2.63417e-6
3.67155e-6
2.03714e-7
-7.53627e-7
1.26555e-7
1.56582e-7
1.18511e-7
4.89241e-8
-9.62385e-8
7.25344e-8
3.84555e-8
3.62753e-9
4.72958e-8
3.77442e-8
4.73003e-6
4.38077e-6
1.28603e-5
1.45663e-5
-9.55771e-6
-1.48122e-7
7.64273e-8
-2.34167e-8
-6.28043e-8
7.00263e-8
3.71617e-6
3.58198e-6
-2.56099e-5
-2.00786e-5
3.07876e-7
-2.24917e-7
-7.32195e-7
-9.3172e-7
5.02171e-6
4.148e-6
-2.00859e-5
-2.0356e-5
1.36609e-6
1.76457e-6
-1.87317e-6
-5.37505e-6
-2.37383e-6
-9.76334e-7
-2.76066e-5
-5.38624e-6
-9.48977e-6
4.05399e-5
7.37521e-5
0.000112705
1.41275e-5
5.64019e-6
-1.72937e-6
-0.000301255
0.000639219
-0.000491757
0.000912098
4.05253e-7
-6.57274e-8
4.9909e-7
-0.00180432
-0.00121672
1.93088e-6
-1.7531e-6
6.51285e-7
0.00297051
-0.00530786
0.00125274
-0.00490649
-8.39018e-7
4.24677e-8
0.00781195
-8.83957e-6
3.80884e-9
-3.75239e-8
-4.91405e-9
-0.0132901
0.00784649
-0.00162374
-6.59524e-9
6.08664e-9
3.31952e-8
0.0120067
-0.00797181
0.00513494
-1.27617e-8
-1.59671e-7
3.26244e-8
-0.00842731
0.00677243
-0.00726096
-2.73375e-8
-2.15639e-8
0.00468579
-0.00329827
9.14834e-8
-3.37084e-8
-0.00970128
0.00812038
-1.56382e-7
1.99272e-7
0.00201061
-0.0050131
-4.58274e-7
7.59199e-7
1.38924e-6
-1.95894e-6
-3.65632e-6
-2.83425e-6
-0.000169788
-0.000406959
6.40999e-5
5.92931e-5
0.000768928
-2.5486e-5
6.6287e-6
1.67707e-5
-2.32499e-5
-4.96089e-5
7.84364e-5
7.29747e-7
2.87816e-8
5.25467e-7
-7.19542e-5
0.000124483
-0.000232405
-0.000255693
0.000597594
4.98902e-6
1.39628e-6
-8.11871e-7
-2.27365e-6
0.000387088
-0.00132587
-0.00019325
0.00247822
3.11179e-6
5.64076e-6
-1.16276e-6
-2.50451e-5
-0.00111137
-0.00374641
0.00514773
0.00410154
1.14737e-5
2.10205e-6
-1.30155e-6
-9.33598e-6
-0.0152556
-0.00188259
0.0248793
-0.00231118
-0.0369683
0.0111591
-0.000739757
0.000170095
2.76717e-5
-0.000145165
3.17377e-5
-6.75292e-5
0.0583757
-0.0251915
-0.0710507
0.0356473
0.0679532
-0.0408792
0.00526148
-0.0454495
0.0223946
0.00731306
0.0226727
-0.00646175
-0.019451
-0.0136505
0.00587608
0.00843335
0.0135856
-0.0157772
0.00032303
0.00337647
6.99573e-6
-1.62196e-5
3.73648e-7
-4.33476e-7
-4.1116e-7
-2.79079e-7
-2.887e-8
2.45896e-7
-1.58591e-7
-7.40779e-5
-5.12634e-5
4.69045e-5
-5.59457e-6
-1.53062e-5
6.37719e-5
5.19742e-7
1.32363e-6
1.05039e-6
6.23881e-7
-3.1977e-7
-4.70454e-7
1.27922e-6
-2.42327e-7
1.69408e-7
0.000113713
0.000107937
-0.00014723
0.000184552
-0.00020792
-1.82265e-6
-5.09496e-6
9.89008e-7
-1.34564e-6
-3.02831e-7
0.000105601
0.000100909
-0.000533058
-0.000505728
2.64761e-6
2.32552e-6
-3.22892e-6
-5.50703e-6
0.000117319
0.000111096
-0.000523098
-0.000498788
2.87466e-6
2.19745e-5
-6.99534e-5
-0.000182281
-5.12348e-5
-5.18277e-5
-0.000592184
-0.000158547
0.000321596
-0.000616428
-0.00100185
-0.0019386
0.00014384
-0.000119283
3.22164e-5
0.00361179
-0.00298829
0.00328409
-0.00563271
-1.05449e-5
5.96699e-6
6.04366e-5
0.00785443
0.00955049
-1.39244e-5
-9.27204e-6
1.42793e-6
-0.014252
0.0146717
-0.0145365
0.0217401
-1.08618e-6
-3.73185e-7
-0.0266686
0.0189419
1.35957e-6
3.66268e-7
0.0258447
-0.0181275
-2.50347e-6
4.2841e-7
-0.0204643
0.0134148
-2.41122e-7
-1.20087e-7
0.012531
-0.00923592
5.26652e-7
-1.44164e-7
-0.00925474
0.00952422
1.9498e-7
-6.25977e-7
-9.03716e-7
7.35087e-7
-9.18473e-7
5.896e-6
0.00216573
-0.000303038
-0.000386539
-0.000767993
0.011513
0.000602136
-1.12004e-5
9.36474e-6
1.76347e-5
-2.76268e-5
-1.97803e-5
2.58286e-5
5.33449e-5
-3.61555e-6
0.000493048
0.00013085
-3.00484e-5
-0.000441435
0.000291969
8.86391e-5
3.07332e-6
-1.10213e-5
-4.26292e-5
0.00165823
-0.00131909
-0.00437236
0.00411713
4.2703e-5
8.95119e-5
-1.6286e-5
-0.000527832
0.0128023
-0.00911368
-0.0165478
0.0266264
1.3783e-5
4.26976e-5
-1.52367e-5
-0.000238233
0.0319164
-0.0382986
-0.0543657
0.0439977
0.0546675
-0.070982
-0.00038223
0.000321106
0.000153141
0.000233837
-0.000127159
2.43577e-5
-0.0766761
0.0852506
0.0705537
-0.0780201
-0.0481488
0.0536148
0.0252052
-0.0285488
-0.0129408
0.0139147
0.00676208
-0.00916465
1.53378e-5
-9.84916e-6
6.42972e-7
-5.3338e-6
4.69006e-7
7.26946e-7
-0.0002607
0.000548286
0.000152948
8.24971e-5
-2.3457e-5
1.84814e-5
9.09195e-6
-3.44036e-6
2.68156e-6
1.50018e-5
-1.69564e-6
0.00192442
0.00210811
-0.00241115
-0.000210363
0.000793469
-0.00281285
-4.94977e-5
7.22768e-5
-0.000103799
1.09641e-5
-1.57182e-6
-1.90034e-6
-4.58692e-5
-1.31194e-5
-1.09754e-5
0.00256052
0.00229588
0.00778419
-0.00951771
0.0138682
9.0965e-5
0.000137263
3.26696e-5
-6.64439e-6
0.000153327
0.00242333
0.00192803
-0.0132233
0.0139527
-0.000569188
0.000979608
0.00120746
0.00271342
0.000116
-0.00984235
0.00802851
-0.00240248
-0.00440601
0.00350132
-0.00317279
0.00899013
0.00800692
0.000552605
-0.000272926
-0.0030719
-0.0140895
-0.0221508
3.12654e-5
0.000795339
-4.7183e-5
2.80865e-5
0.0367704
-0.0327678
0.0391695
-0.0584338
-0.0287281
-1.17923e-5
4.17268e-5
1.01963e-5
0.0697203
-0.04995
0.0365055
4.33247e-6
-6.07173e-5
-2.08983e-5
-0.0784397
0.0522322
-0.0363277
6.62767e-6
0.000113428
-1.41497e-5
0.088695
-0.0477051
0.0311447
-2.0294e-6
1.65444e-6
9.8941e-6
-0.0353972
0.0247209
-0.0215054
-2.99634e-5
4.05251e-7
0.0118367
-0.00912252
3.98299e-6
-0.00266667
-2.45087e-6
1.24445e-5
-3.72163e-6
-0.000391456
0.000371815
-1.0665e-5
-0.00244663
0.00390974
0.000150321
0.000900415
-0.0215212
-0.000203367
-0.000122194
-0.000933164
0.000342732
0.00221365
-0.00203486
0.00178131
-0.000661674
-8.98286e-5
-0.00200992
-0.00481229
0.00387256
0.00947307
-0.0123418
6.40136e-5
0.00155215
-0.000142919
-0.00705094
-0.0145122
0.0213866
-0.0132351
0.0204566
-0.0245314
-0.0330743
0.0495579
0.000862346
-0.000109561
-0.000462245
0.0074812
-0.00431313
0.00114253
-9.46734e-6
0.0360712
-0.05822
0.0566896
-0.0227322
0.0416876
-0.053719
0.00707591
-0.0228279
0.0358326
0.0117625
0.00467552
-0.0160389
-0.0031365
-0.00120794
0.00663937
0.00341088
-0.00110657
-0.00192174
0.000814736
-4.80814e-5
-0.000162186
0.000395639
-0.000199385
7.8864e-5
-0.0158998
0.00860247
-9.66148e-5
-0.00290063
-0.00814072
0.000347636
-0.000994221
0.000492397
-0.00106594
-2.52641e-5
-0.000434865
-0.0347274
-0.00449889
-0.0318666
0.0462443
0.0159715
-0.00411704
0.00458572
-0.00199155
0.00184698
0.00120096
-0.00118328
0.0023908
0.000139261
0.000680842
-0.00231501
-0.0161859
-0.0208673
-0.0205113
0.0472832
-0.0391662
0.0522295
-0.0419184
-0.00589721
0.00918719
-0.00172015
0.000125435
-0.0030636
0.010515
-0.0077947
-0.0341011
-0.00439696
0.00938151
0.0581572
-0.0436346
0.00900983
-0.0183446
-0.0160813
-0.0350772
0.0218093
0.000163673
-0.00946227
0.056227
-0.0435017
0.0151817
0.0492992
-0.0465403
0.0490112
-0.0745897
-0.0668012
0.0616647
0.00183637
0.000160486
-0.000143873
0.00395628
0.0722865
0.120875
-0.0904227
0.000257753
-0.0051611
0.00502328
-0.00049215
-0.150207
0.135974
-0.168948
0.165515
0.106652
-0.000487473
-0.00209192
0.00123093
-0.171755
0.212371
-0.17173
0.000217721
-0.00152669
0.000734262
0.0545324
-0.000547853
0.00742882
0.00160242
0.00109585
-0.00924633
0.00448616
-0.00254098
-0.0101407
-0.0343243
0.0216387
0.0174851
0.172671
-0.0183366
0.00722064
0.000365678
0.00223404
-0.00946918
0.00309446
-0.000574837
-0.0148026
-0.00140142
0.00115751
0.00889305
-0.00119679
-0.00960558
0.00765103
0.0142037
-0.0180331
-0.0412873
0.00677017
-0.000993385
-0.0230899
0.00232797
0.00295197
0.0154567
-0.00886207
-0.0208342
-0.00852578
0.0288153
-0.0122926
0.0167936
0.00686998
-0.000676393
-0.0264339
0.0142095
-0.00315012
0.0370316
-0.0110671
-0.00311279
-0.0331159
0.0225492
0.00947934
0.0209078
-0.0184526
-0.00202217
-0.0849597
0.0588538
-0.0207007
0.0231747
-0.0101521
-0.0042105
0.0528159
-0.0261721
0.0145112
-0.0423175
0.0286696
-0.0242895
0.00429684
-0.00623985
0.023634
-0.00459412
-0.00497456
0.0107859
-0.0196462
0.0187458
0.0198956
-0.0131545
0.00442215
0.00626475
-0.0198292
0.0362532
-0.038422
0.0435762
0.028325
-0.0172432
0.0141035
-0.0085884
-0.00389031
0.0240548
-0.0461151
0.061892
-0.0605845
0.0773413
-0.0133445
0.0180524
-0.022167
0.0205505
-0.00765757
-0.0162402
0.043149
-0.0626182
0.0759938
-0.109528
-0.0060251
0.0149835
-0.0257322
0.036841
-0.0398744
0.0279683
-0.00268579
-0.0265026
0.0514876
-0.0748812
0.0933446
-0.21282
-0.0174145
0.0355481
-0.053181
0.0594965
-0.0489311
0.0244825
0.00383119
-0.0279317
0.0414836
-0.0498043
0.0220585
-0.0438202
0.0619446
-0.0694166
0.0605454
-0.0396237
0.0146937
0.0152359
-0.0499088
0.0650867
0.0349944
-0.0579245
0.0637825
-0.0600579
0.0466095
-0.0357442
0.00750495
0.0020737
0.0386877
-0.0488031
0.0520501
-0.0450826
0.0692479
-0.0195737
-0.0358305
0.0277783
