3.07364e-7
-1.72228e-6
1.97919e-6
3.96704e-7
2.13547e-6
-1.98404e-6
2.40266e-6
-2.75225e-6
-1.39486e-6
1.87866e-6
-8.29702e-7
-1.97442e-6
-9.41126e-7
1.04582e-6
1.29563e-6
9.43144e-7
-7.89773e-7
-5.00556e-8
1.63874e-7
-5.64229e-8
3.5741e-8
-2.666e-7
2.33801e-9
-1.57969e-7
1.11166e-7
1.80221e-7
-2.00625e-7
5.1589e-7
-7.79497e-7
-5.56747e-7
4.84372e-7
-6.46897e-7
4.62523e-7
6.48362e-7
2.27723e-7
-3.85183e-7
-2.56999e-7
-1.32907e-7
8.01944e-8
3.26898e-8
-1.14822e-7
3.83465e-8
1.42336e-7
-1.09429e-8
-9.41713e-8
1.97128e-8
4.35117e-8
-2.15326e-7
3.19451e-7
-3.57342e-7
1.77762e-7
2.37104e-7
2.18036e-8
-1.48864e-7
-3.61145e-8
-7.12742e-9
8.10373e-9
1.12422e-7
-3.15483e-7
8.36962e-8
-1.01289e-7
4.7492e-7
-7.98176e-8
-4.24899e-7
2.86044e-7
-2.3822e-7
1.83611e-7
-5.69372e-8
-7.90858e-8
1.6146e-7
-1.58281e-7
7.02244e-8
9.17617e-8
-2.11488e-8
-6.42244e-8
-5.20119e-9
3.34981e-8
-9.18609e-10
5.54345e-9
-1.94325e-7
3.20386e-7
-3.9899e-7
4.48177e-7
-4.30913e-7
3.17215e-7
-1.54969e-7
2.15339e-8
3.5853e-8
-3.47735e-8
2.23201e-8
-1.5561e-8
-2.66335e-7
3.23278e-7
-5.67307e-8
2.63382e-7
-4.16006e-7
8.48018e-8
2.75734e-7
-4.11651e-7
5.28955e-7
-6.22804e-7
6.19348e-7
-4.94148e-7
3.05047e-7
-1.37321e-7
3.89563e-8
-1.78546e-9
-6.51293e-9
-4.50016e-9
6.30312e-9
4.61421e-9
3.17118e-9
-2.36708e-9
-6.39083e-10
-2.38305e-9
-2.49706e-7
2.72152e-7
-3.04757e-7
4.04961e-7
-5.70017e-7
6.84787e-7
-6.6623e-7
5.2541e-7
-3.31806e-7
1.66217e-7
-6.55607e-8
2.32543e-8
-6.67315e-9
-6.32945e-10
7.46744e-10
5.78278e-10
1.35471e-7
2.35155e-7
-3.35157e-7
5.24145e-7
-5.98048e-7
5.60309e-7
-4.24875e-7
2.63924e-7
-1.358e-7
5.88341e-8
-3.61746e-8
3.03223e-8
-6.30405e-9
5.71654e-11
-1.13252e-9
-1.63589e-7
8.70766e-8
1.1277e-7
-1.44406e-7
2.11768e-7
-3.23162e-7
4.1601e-7
-3.6414e-7
2.71994e-7
-1.66323e-7
9.2547e-8
-3.79516e-8
3.17289e-8
-2.36743e-8
1.05907e-8
-4.69188e-9
4.35191e-9
-3.80342e-8
-8.92154e-8
1.50503e-7
-2.0054e-7
1.81054e-7
-1.4429e-7
8.83427e-8
-8.14491e-8
3.98727e-8
-4.16804e-8
1.12788e-8
3.29089e-10
6.34714e-10
2.44277e-8
-4.67805e-9
3.75244e-9
-6.73703e-8
9.42512e-8
-6.90567e-8
5.68528e-8
-3.86659e-8
7.37791e-8
-5.15455e-8
4.59015e-9
9.1791e-9
-6.66818e-9
2.76023e-9
-5.26523e-9
-3.31045e-10
2.67477e-8
-4.31819e-8
2.72211e-8
-4.11717e-8
2.77778e-8
-9.03381e-10
-1.17661e-8
2.25045e-8
-6.40642e-9
-2.33022e-9
-6.05002e-9
1.1544e-9
2.03636e-8
-1.30645e-8
1.18399e-8
-1.16673e-8
7.79728e-9
1.3182e-9
-9.32493e-9
4.49211e-9
1.33329e-10
2.0691e-10
-5.04239e-8
2.81081e-7
-1.79186e-7
-5.35258e-8
-8.09324e-7
6.87242e-7
-8.19512e-7
2.78354e-7
2.53013e-6
-1.83355e-6
6.21889e-8
1.78137e-6
-2.19109e-6
2.47287e-6
-2.85053e-6
2.48235e-6
-3.00406e-6
3.4613e-6
-2.36613e-6
3.20678e-6
-3.01594e-6
1.65956e-6
-2.24787e-6
1.9619e-6
8.65461e-7
-9.84589e-7
-3.95873e-7
-5.62996e-7
2.07564e-7
2.86654e-9
-3.11555e-9
-1.88586e-9
-9.76495e-9
5.95408e-9
1.48761e-8
1.65074e-9
-9.05864e-10
3.52967e-9
4.70744e-7
-2.51638e-7
2.50249e-7
1.36283e-8
-3.75666e-8
1.29068e-7
-9.46109e-8
9.88568e-9
6.61821e-8
-1.89504e-9
1.03234e-8
-3.03982e-9
-1.08139e-8
-1.01541e-10
3.05826e-8
-5.14613e-8
1.03475e-8
2.33391e-8
-3.74195e-8
-5.37157e-9
1.62317e-8
-1.99238e-9
9.35804e-9
-9.64791e-10
-2.96218e-9
-1.70651e-8
2.5378e-10
2.22854e-8
-9.1821e-9
4.11999e-9
4.72766e-9
-6.62862e-9
-2.64816e-9
-9.73581e-10
2.72793e-9
4.11512e-8
-1.00676e-7
-2.45779e-9
1.25305e-9
1.56448e-8
-3.13193e-8
7.09391e-10
-4.07524e-8
6.63054e-8
1.65692e-9
6.03897e-9
4.81987e-10
-4.3174e-10
-5.06046e-10
3.66112e-10
1.37238e-10
8.9353e-11
-2.32377e-11
1.0647e-7
-2.21685e-7
2.91922e-7
9.22723e-10
-2.82501e-10
-1.97225e-11
-8.96764e-8
1.34135e-7
-2.36139e-7
-2.23822e-11
6.03884e-11
7.02695e-11
7.63603e-8
-1.11664e-7
1.73936e-7
-1.12687e-10
-1.57756e-11
-2.2821e-11
-5.93961e-8
7.07856e-8
-1.00476e-7
2.67043e-10
-1.50653e-11
1.21741e-11
3.48095e-8
-3.18097e-8
2.34791e-8
-6.37248e-8
1.38549e-9
-3.5944e-10
1.43191e-10
-2.47292e-11
-1.27032e-8
-5.1683e-9
1.66743e-8
-5.08209e-10
-3.64962e-11
-1.42537e-10
-5.61277e-11
6.62823e-9
-2.00533e-9
-2.8991e-9
1.18017e-9
-1.61661e-9
1.45597e-10
-6.7376e-10
3.26075e-10
-8.08637e-11
-1.44334e-11
8.80921e-11
1.01982e-9
7.0822e-10
-2.14103e-10
1.45844e-9
-4.23879e-10
5.40262e-10
-1.04118e-10
1.25358e-11
2.05376e-11
-4.5442e-10
9.3588e-11
-1.93773e-11
-4.34785e-10
7.68851e-10
1.93415e-9
-4.33448e-9
2.40915e-9
3.89981e-10
-6.57748e-11
7.98092e-11
-1.58666e-10
9.1306e-13
3.77646e-11
7.31757e-11
-9.48843e-12
1.73013e-10
-5.91209e-10
-3.10616e-10
4.3061e-10
-1.58293e-9
1.78009e-10
-1.47229e-10
-4.40296e-10
-3.38753e-10
-3.12805e-10
-3.5343e-10
1.15915e-10
9.7459e-12
-2.59185e-11
-2.34248e-11
5.47447e-11
1.12771e-10
1.57614e-11
-4.5241e-12
4.42659e-10
-9.93343e-11
9.74432e-11
9.14994e-11
1.72725e-10
3.3281e-10
-1.38673e-10
-1.32133e-10
5.4991e-12
3.53175e-12
-4.84061e-11
-1.00802e-10
2.71836e-11
-4.46824e-11
-3.47996e-11
2.67347e-8
-5.99233e-7
7.16827e-7
1.19205e-6
-1.22984e-6
1.32793e-6
-9.523e-7
-2.22216e-6
2.68192e-6
-2.98036e-6
3.60885e-6
-4.42018e-6
4.91646e-6
-4.44017e-6
5.25131e-6
-5.48769e-6
3.934e-6
-4.33635e-6
3.72297e-6
-2.26254e-6
2.31412e-6
-9.55956e-7
-2.39725e-7
-1.15695e-6
-5.21087e-7
1.83104e-6
-2.04149e-9
2.97794e-10
1.25236e-8
3.13838e-8
-5.67827e-8
1.25573e-9
-5.78102e-9
-1.52675e-7
7.86882e-7
-1.7871e-6
-5.37203e-7
1.22763e-6
3.71579e-7
-6.9836e-7
-3.39374e-11
-3.38643e-11
5.01609e-10
1.95574e-10
-1.93342e-7
3.4512e-7
8.74544e-8
-1.46808e-7
-1.39044e-10
7.94833e-10
-8.8345e-11
3.198e-11
-3.47414e-8
5.537e-8
1.25276e-8
-1.88053e-8
-8.59653e-11
5.74891e-10
-1.0229e-10
-2.00695e-10
3.11692e-11
-4.20856e-9
5.841e-9
1.17973e-9
-1.62419e-9
-7.97451e-10
5.41175e-10
6.42731e-11
2.31193e-9
-3.01542e-9
1.18959e-11
-1.03988e-9
3.62105e-11
4.77852e-10
-1.1925e-10
6.78017e-11
-2.82037e-10
-9.87987e-9
3.94503e-11
-7.65808e-9
1.06442e-8
-1.67891e-10
1.08248e-8
-2.0487e-8
-4.58428e-10
2.59098e-8
-1.1508e-11
-3.56931e-12
-1.42884e-11
-1.67039e-11
4.2881e-12
-5.90152e-13
6.53009e-12
-1.79381e-8
3.03085e-8
-5.19096e-8
-1.47896e-12
1.66262e-12
-6.06291e-13
2.2027e-8
-3.39779e-8
5.4079e-8
-1.44151e-11
2.3081e-12
-3.68794e-13
-2.22473e-8
3.29864e-8
-4.96871e-8
5.98612e-12
-1.3055e-12
-1.77358e-14
1.77321e-8
-2.48478e-8
3.72264e-8
-3.78748e-12
-3.29899e-13
1.4629e-12
-1.12361e-8
1.18274e-8
-1.93594e-8
7.3024e-12
-2.41256e-12
8.88443e-13
6.17305e-9
6.30231e-9
8.33335e-12
4.63062e-13
1.19223e-12
-4.1497e-9
2.3663e-9
2.59482e-9
-2.25802e-9
1.83102e-9
1.73717e-11
-5.76399e-12
5.65582e-13
-3.70262e-12
-6.66171e-10
-4.45843e-10
-2.10023e-12
-3.53963e-13
-2.13559e-12
2.13543e-10
-1.16736e-10
-4.01833e-11
2.92927e-11
-3.68788e-12
-1.91081e-12
1.03863e-12
-5.0586e-13
-5.84998e-13
-3.50137e-12
-3.57094e-12
-1.95228e-11
-4.16679e-13
-6.47748e-12
1.01586e-12
7.86203e-13
3.59153e-12
-1.73972e-13
4.0402e-12
7.94593e-12
-3.53414e-11
7.02286e-11
1.46384e-12
1.78803e-11
1.37311e-12
-1.73178e-12
1.89278e-12
-4.0401e-13
-6.21115e-12
1.14986e-11
-2.73391e-12
3.31999e-12
2.50918e-11
1.91996e-11
-4.04126e-12
1.59515e-11
4.64982e-12
1.53485e-12
1.40367e-11
-2.77633e-11
-3.11139e-12
2.11411e-12
2.15258e-12
-1.16346e-12
-4.3932e-12
1.65907e-12
-3.85258e-12
-8.84705e-12
-3.04719e-12
-6.56879e-13
-3.80835e-12
-1.48283e-12
-6.25883e-12
1.10418e-12
1.18982e-11
-9.40273e-13
2.41183e-13
2.17518e-12
2.44023e-12
4.87692e-13
7.20123e-13
9.69568e-13
4.09872e-8
-4.79365e-8
-1.88999e-7
1.05557e-6
-8.73043e-7
4.10418e-7
-1.09359e-6
1.5622e-6
3.20287e-6
-3.95843e-6
-4.89734e-6
4.7585e-6
5.10527e-6
-3.86712e-6
-2.20895e-6
9.90077e-8
-1.31588e-6
3.50536e-6
3.34741e-6
-5.73892e-6
-3.25613e-6
3.99445e-6
2.79531e-6
-2.98537e-6
6.93456e-11
6.24752e-10
-5.86039e-10
-2.12849e-9
-8.52268e-9
3.81253e-9
-1.9456e-6
2.42265e-6
1.05001e-6
-1.2547e-6
-4.74188e-7
4.51396e-7
2.34899e-11
-1.09136e-10
-2.9126e-11
1.3134e-11
1.92705e-7
-1.85426e-7
-7.11501e-8
7.76477e-8
-7.73993e-12
2.66607e-11
-9.32159e-12
-2.48548e-11
2.40491e-8
-3.07768e-8
-7.85919e-9
1.32383e-8
-3.93481e-12
2.4801e-11
-7.4146e-12
1.29106e-12
2.5529e-9
-5.2009e-9
-9.38418e-10
2.09725e-9
8.96028e-11
-8.02726e-11
-7.63805e-12
-2.00515e-10
6.29586e-10
3.31396e-13
2.47858e-10
3.47203e-10
9.56571e-11
-2.27882e-10
-4.22716e-10
-5.68921e-11
1.24323e-9
6.79087e-10
-2.22422e-10
-6.99578e-9
7.19918e-9
7.78392e-11
8.83538e-12
2.0222e-10
-6.03971e-12
1.36768e-11
-7.46141e-11
3.59806e-9
-7.38179e-9
-1.72014e-13
3.58648e-12
-6.53348e-9
1.08305e-8
-1.88664e-12
5.51922e-12
9.04769e-9
-1.43007e-8
2.02368e-13
5.64936e-12
-9.88477e-9
1.48453e-8
-2.50815e-12
-2.78969e-12
6.83732e-9
-1.16474e-8
-4.86527e-12
2.92234e-11
-4.28148e-9
7.53609e-9
1.11975e-12
5.01823e-12
2.37527e-9
-4.05767e-9
-5.43775e-12
-5.17532e-12
-1.26066e-9
-1.34955e-9
1.1551e-11
5.49842e-12
2.68023e-11
6.07388e-10
-2.58988e-10
-1.93342e-10
4.21113e-10
1.39848e-11
-7.98281e-11
-5.08119e-11
4.57929e-11
2.44141e-11
8.32507e-12
-9.23057e-12
1.1765e-10
-5.74933e-12
-3.5633e-13
-7.93678e-13
1.63093e-12
8.87905e-13
-3.41472e-12
-5.75053e-11
8.63492e-12
6.3668e-13
-3.26788e-13
-4.70101e-13
-8.49796e-13
-9.27573e-14
-4.6425e-13
2.05163e-13
-1.21831e-12
2.40813e-13
4.43035e-14
8.17442e-14
-7.30893e-13
3.53344e-13
6.34811e-13
7.0133e-13
-2.76724e-13
1.18507e-13
-9.03633e-15
5.04814e-14
-9.57754e-13
1.45035e-12
1.98864e-12
-2.36725e-12
-2.6004e-13
-6.75877e-14
-9.59453e-14
-4.74017e-14
1.80318e-13
3.48744e-13
-1.91959e-13
3.49356e-13
-3.86307e-13
-8.97354e-13
-5.75289e-13
-1.44783e-13
-3.01012e-13
-2.46259e-13
-8.31578e-13
-1.02881e-13
-1.66118e-13
4.41567e-13
1.05686e-13
-5.19901e-14
-2.99305e-14
2.46743e-13
2.94797e-13
1.46927e-13
3.60672e-14
1.06749e-13
2.84905e-13
3.14704e-8
-2.73741e-6
1.14653e-6
4.70865e-6
-1.68393e-6
-7.16564e-7
5.86991e-7
-4.24051e-6
1.99719e-6
6.53696e-7
3.1811e-6
-1.29496e-6
-1.30736e-6
-8.06497e-7
-1.4853e-6
1.28572e-6
1.72945e-6
3.68344e-6
1.79311e-6
-3.57881e-6
-4.37515e-6
9.6618e-9
-2.7529e-8
-8.1942e-9
-1.29193e-7
-1.70954e-7
1.37863e-7
6.41547e-8
1.45104e-7
4.83252e-6
-4.3022e-6
-3.01986e-6
1.9205e-6
1.73542e-6
1.29346e-6
8.46461e-7
-1.23698e-6
-1.59995e-6
2.34945e-10
-5.71036e-10
-1.8066e-9
-2.49953e-9
2.6737e-9
6.79117e-9
6.63913e-7
-4.32507e-7
-1.02344e-7
-4.27467e-7
-2.48772e-7
4.87301e-7
1.55176e-7
1.36868e-10
-5.26224e-12
-9.26165e-11
1.06484e-9
-1.15237e-7
2.95457e-7
5.72926e-8
-1.21176e-7
-3.48204e-12
8.23503e-12
-4.99629e-12
-8.15053e-11
-3.2458e-8
9.36957e-8
1.04655e-8
-2.8184e-8
-6.20629e-13
1.54224e-12
9.86021e-13
-4.05206e-12
-2.03625e-9
2.89608e-8
-7.02378e-9
-1.51509e-8
-1.20086e-11
1.15144e-11
7.66985e-13
2.66732e-11
-7.77553e-11
3.6755e-14
-8.9184e-10
1.23916e-8
3.09143e-8
-3.71202e-8
1.50693e-9
-3.63212e-9
-1.06526e-9
-3.57479e-10
2.54048e-10
-4.36203e-11
1.8968e-9
-2.90251e-9
1.0643e-11
1.19492e-11
6.14728e-10
4.74869e-9
-8.59712e-10
3.17488e-11
-6.99536e-11
-1.94109e-9
5.52299e-9
-4.76702e-12
-2.76898e-11
-2.44878e-9
5.95725e-12
-3.12792e-9
5.1032e-9
-9.40327e-10
3.02621e-9
-6.75276e-9
1.37963e-9
5.46701e-9
-1.63666e-11
5.08933e-11
-1.38285e-11
-1.06897e-10
8.05812e-11
8.19374e-11
4.27264e-11
-1.18246e-10
-2.60602e-9
4.88849e-9
-6.13976e-9
-1.5469e-11
3.81369e-11
-1.38166e-10
1.29008e-9
-3.10148e-9
5.59991e-9
9.86144e-12
1.45677e-11
-1.00423e-10
4.51479e-10
7.72074e-10
-2.88932e-9
-7.86728e-11
1.84478e-10
-2.4762e-10
4.86887e-10
1.83626e-9
-3.28139e-11
-1.16501e-10
-7.59166e-10
3.51176e-10
5.20332e-10
-1.13558e-9
2.96744e-11
-4.03628e-11
1.27679e-10
-1.70308e-10
6.19656e-10
-3.56691e-10
6.10756e-10
-6.5159e-11
2.23685e-11
1.35958e-10
7.35198e-11
3.30448e-10
1.00149e-10
-2.51064e-11
-1.6633e-11
-1.28285e-12
-1.30826e-11
-3.70551e-10
5.50796e-10
-6.32054e-10
7.84576e-10
4.09377e-11
2.19438e-12
1.06348e-12
8.40562e-11
7.13795e-11
-7.28087e-13
-1.63157e-13
9.16208e-14
5.36967e-14
1.56046e-11
-3.77266e-11
-2.8286e-10
2.2018e-10
4.22469e-10
1.73093e-10
2.4322e-14
-7.42176e-14
-2.25028e-14
-5.8526e-14
1.80309e-12
-4.97865e-12
-6.30241e-11
1.23042e-11
2.43493e-15
-2.32085e-15
1.12487e-14
-6.30193e-15
1.61214e-13
-5.73505e-13
-3.81578e-12
-6.3398e-14
-1.61776e-15
-2.76817e-15
5.05929e-15
3.61199e-15
-1.38723e-13
8.08033e-14
-6.9072e-14
-9.39035e-14
2.50458e-13
-1.23899e-15
-8.75393e-16
-1.06001e-14
1.24489e-14
-3.57423e-14
2.71594e-14
-3.89307e-14
-9.38571e-14
-8.93142e-14
-3.85324e-14
-2.36166e-15
1.19504e-14
-8.76677e-14
-2.11062e-14
5.65543e-15
-3.17408e-14
8.47747e-14
-7.71695e-14
-2.88148e-13
-5.11352e-15
5.98131e-15
7.40546e-16
2.10649e-15
1.8269e-14
3.92186e-14
2.53345e-14
6.16277e-15
-6.46285e-15
1.60463e-14
1.29662e-14
4.2187e-15
-1.1682e-14
3.00238e-14
-3.0527e-15
-9.79027e-15
-1.27901e-14
-5.71771e-15
9.05521e-16
5.31333e-15
-5.71644e-15
-1.43756e-7
-3.11545e-6
3.06055e-6
-4.53583e-6
5.04374e-6
-2.57587e-6
4.14286e-6
2.00589e-6
-3.53496e-6
-2.53588e-6
2.98236e-6
1.84698e-6
1.42007e-6
-1.22285e-6
3.16063e-8
-6.45776e-7
1.04594e-6
-1.32312e-6
1.18134e-6
-7.40283e-7
1.88347e-6
2.8936e-6
-1.52414e-6
-1.25169e-6
3.64649e-7
5.56977e-7
3.21479e-7
-3.95029e-7
-1.08567e-8
4.43708e-8
-6.44014e-8
2.07863e-7
-6.21713e-8
4.46761e-7
-9.95276e-8
-4.36938e-7
-2.37879e-7
4.32326e-7
4.26378e-10
-6.4309e-10
-9.39186e-10
3.68599e-9
-4.00516e-9
-1.3048e-10
-8.18943e-7
2.63719e-7
3.96642e-8
9.35092e-7
8.14732e-7
-2.54579e-6
-4.10586e-7
9.03816e-12
1.68747e-11
-2.81286e-11
-1.99981e-10
1.6068e-9
4.47853e-7
3.45413e-8
-1.25062e-6
-1.35589e-7
2.84063e-13
1.77627e-13
1.87808e-12
-9.95234e-13
-2.49295e-11
-7.97555e-9
1.67637e-7
-6.87969e-8
-3.93896e-7
-5.52248e-8
-7.59528e-12
1.88745e-12
1.30056e-11
-4.83516e-11
-9.25611e-12
-4.54066e-9
3.58904e-8
9.48058e-8
-1.00494e-7
-9.57384e-9
-3.72466e-10
3.10872e-10
-1.41132e-10
1.16385e-9
-1.15014e-9
1.678e-10
-5.12107e-10
1.71455e-9
2.10386e-9
-1.00889e-9
8.08882e-11
3.8055e-10
-1.20456e-9
-4.07868e-10
-3.83174e-10
1.70402e-9
-8.2263e-10
-1.86363e-10
-5.71467e-10
1.50998e-9
3.41355e-10
-6.13199e-10
3.41549e-11
3.61619e-10
4.16289e-10
-1.1051e-9
1.0187e-9
3.2045e-10
3.87941e-10
-1.36793e-9
-1.73121e-9
7.59707e-10
2.74519e-10
-9.37041e-10
3.6438e-9
-2.00394e-9
2.47854e-10
-1.15061e-9
-6.11391e-10
-2.05393e-10
3.50081e-10
1.3795e-10
-2.59859e-10
5.98316e-11
-8.06962e-11
2.42938e-10
-9.39585e-10
-3.70272e-9
-8.88275e-11
2.12677e-10
-6.59334e-11
6.08912e-11
-2.76126e-11
1.12645e-11
-1.63889e-12
-3.54332e-12
1.00501e-11
-8.3083e-10
8.83423e-10
-1.00184e-9
1.06476e-9
6.48147e-10
-1.49833e-12
4.25478e-13
-4.83074e-14
-1.26085e-13
1.6736e-13
-4.39435e-10
5.5544e-10
-6.53163e-10
6.96634e-10
1.7274e-10
3.00893e-14
2.12091e-14
2.91486e-12
7.56279e-11
6.13185e-15
-1.21848e-14
-6.37789e-15
5.54405e-17
2.25853e-12
-1.31501e-12
-1.88199e-12
-4.88176e-11
1.29774e-10
1.75999e-15
1.37951e-15
-2.51483e-16
1.34036e-15
2.22437e-12
-5.47905e-12
4.30851e-12
1.00548e-11
1.70405e-16
-2.5096e-17
-1.58391e-16
2.6693e-16
2.46613e-15
-3.38441e-13
9.74643e-13
-1.7718e-12
-2.0488e-12
1.59219e-11
7.80612e-17
-4.93283e-16
7.88723e-16
3.61248e-16
-1.56041e-15
-9.87502e-16
-3.2362e-15
1.51384e-15
1.04229e-14
-7.87911e-14
6.6176e-13
-1.73705e-12
-1.79775e-16
1.82425e-16
3.07464e-16
1.0133e-15
8.78724e-16
3.64136e-15
3.83442e-15
-8.18303e-16
-1.12312e-14
-1.69482e-15
-4.69843e-16
2.07181e-15
-8.4273e-15
1.45527e-14
1.57483e-15
1.24079e-15
1.15205e-15
-3.11328e-15
1.31823e-14
3.65165e-14
1.35848e-14
-2.84533e-6
-3.29459e-6
1.79598e-6
3.6595e-6
-2.84266e-7
-3.89422e-6
1.20066e-6
5.12971e-6
-2.08062e-6
-4.2148e-6
7.50229e-7
-1.67017e-7
-3.58894e-7
-2.21017e-6
2.55254e-6
-3.40435e-6
3.31177e-6
-1.91602e-6
3.34094e-6
7.14389e-7
8.04855e-8
-1.8086e-7
-1.25667e-7
4.98476e-8
4.84754e-8
-2.4041e-8
-1.2306e-8
2.64206e-7
-2.37515e-7
9.9197e-7
-2.98178e-7
1.31919e-7
3.23403e-8
-6.00135e-8
-4.7918e-8
4.19525e-8
2.4362e-9
-1.56688e-8
2.00599e-8
-5.47193e-8
1.95723e-8
-8.74207e-7
-9.96957e-8
6.50347e-7
1.0891e-6
-2.69644e-6
4.5981e-10
-1.82597e-9
3.24219e-9
2.67262e-6
2.27812e-6
-7.00631e-6
1.14985e-10
-5.45588e-10
1.23796e-9
1.22006e-6
-2.45473e-8
-3.16978e-6
1.8195e-11
5.44098e-12
-1.69954e-10
1.32935e-11
4.1655e-10
-7.26695e-8
4.62749e-7
-1.33465e-7
-8.28988e-7
-1.27022e-7
4.68559e-11
-4.31051e-11
5.3154e-11
-2.26307e-10
-8.36235e-11
5.93324e-9
7.73949e-9
3.48442e-7
5.26435e-8
-2.65653e-9
-7.29034e-10
5.58462e-10
-3.05392e-10
1.5965e-9
-1.25783e-9
4.33715e-10
-5.4055e-9
1.85663e-8
-2.98313e-10
-3.24185e-8
1.87287e-9
-3.0334e-9
-1.30773e-9
-2.55626e-9
7.98825e-10
2.30076e-10
-4.9008e-10
-3.41235e-10
-2.21285e-9
1.73761e-9
1.46637e-9
1.3539e-9
2.80802e-9
-1.19182e-9
4.33598e-9
-1.52198e-8
3.03469e-9
-2.31755e-9
-2.4736e-9
3.63889e-9
-9.83364e-9
-4.38367e-9
2.40043e-9
3.30344e-9
2.13264e-9
-1.22424e-8
4.18033e-9
-1.24079e-9
-4.60092e-9
5.56911e-9
-1.43002e-8
-4.57462e-10
-2.80906e-10
4.14586e-10
7.87561e-11
-9.57516e-11
4.30268e-10
-7.79952e-10
7.98977e-9
-1.81829e-11
4.62553e-11
-4.95649e-10
2.18003e-10
4.567e-12
-1.12066e-13
-1.07271e-12
1.99142e-13
-8.61958e-13
-1.05732e-9
9.28784e-10
-1.45129e-9
1.43564e-9
-2.23898e-9
6.21409e-13
-1.23009e-13
-4.34336e-14
3.78603e-14
-4.82723e-14
-7.42728e-10
7.87386e-10
-9.38832e-10
9.98894e-10
9.97985e-10
1.1352e-14
8.39963e-16
1.39028e-16
2.21495e-15
9.10837e-12
-8.95585e-11
2.09398e-10
-7.14883e-16
-6.6881e-17
-4.47372e-16
-2.90396e-11
1.64034e-11
2.52321e-11
9.46232e-17
-5.99764e-18
-1.29856e-16
6.4854e-17
1.60186e-11
-2.21666e-11
-5.22647e-13
7.56819e-11
6.9008e-17
4.8373e-17
-6.96023e-17
6.65394e-17
-7.91112e-17
-7.52074e-15
-7.39491e-13
5.04051e-12
-3.50785e-11
7.59979e-11
-1.00067e-16
4.36053e-17
4.78307e-17
3.77699e-16
6.42431e-17
-4.55331e-16
2.17666e-16
1.26407e-15
1.56652e-14
-2.19624e-14
1.30341e-13
-4.23158e-13
-3.88586e-16
-1.94275e-15
1.79728e-15
-1.7213e-15
-6.72534e-15
8.04008e-15
-7.54919e-15
-4.65455e-15
9.55595e-15
-5.8396e-14
-8.4253e-14
1.16199e-15
-1.08858e-14
1.3352e-14
-4.59117e-14
2.84708e-14
1.45367e-14
9.39931e-15
1.0555e-13
-1.95117e-6
-2.33221e-6
1.66273e-6
2.47011e-6
-2.90436e-7
7.19866e-7
-2.04184e-6
-7.43321e-7
1.80173e-6
-2.47158e-6
1.51079e-6
-5.03716e-7
5.93132e-7
7.4758e-7
-1.26231e-6
-3.34782e-7
1.90078e-7
4.33215e-8
-1.11967e-9
-1.7149e-9
8.02245e-8
4.10403e-7
-4.63934e-7
1.09472e-6
-7.29689e-7
4.52618e-9
4.35483e-9
-9.64387e-10
-1.47298e-9
2.92575e-10
-4.49465e-9
-3.29919e-8
2.41602e-8
-1.29079e-7
4.09591e-8
-5.05198e-8
7.12821e-9
-6.9176e-7
-9.40195e-9
1.3708e-7
-9.96511e-10
-2.1206e-9
9.36269e-9
1.88739e-6
3.39599e-6
-7.69463e-6
-3.25975e-10
-8.41759e-10
2.89975e-9
7.48891e-6
6.25805e-6
-1.98866e-5
-1.08624e-10
-2.92518e-10
9.67324e-10
2.74076e-6
-1.87754e-7
-7.03963e-6
-4.73423e-11
1.33623e-10
-1.02354e-10
8.91789e-11
3.3673e-10
-4.32044e-7
1.93295e-6
-3.66481e-8
-3.72305e-6
-7.86925e-7
1.48692e-10
-1.3714e-10
6.00767e-11
-4.42907e-10
-9.99985e-11
-1.11779e-9
-4.0006e-8
-7.55256e-8
1.1351e-7
6.23608e-8
-1.29053e-9
1.02412e-9
-5.78661e-10
9.75246e-10
1.82434e-9
-1.57844e-9
5.27044e-10
-2.65493e-8
9.57742e-8
1.75333e-8
-4.82667e-8
1.31502e-7
-1.01692e-9
1.13552e-9
-6.31212e-9
-1.35424e-8
3.72648e-8
4.09353e-8
1.96194e-8
4.75711e-8
1.36824e-11
-1.44255e-8
5.34383e-8
-5.51588e-11
-7.65408e-14
2.95756e-9
2.48437e-9
9.11783e-12
-8.8104e-12
-4.47599e-11
2.8602e-12
-1.21269e-12
2.21771e-8
-2.62296e-8
-1.15766e-13
-3.75816e-13
5.07323e-14
2.00579e-13
-9.66912e-10
-6.64331e-10
-1.43783e-9
-9.27279e-14
3.07809e-14
1.09579e-14
-5.74305e-15
3.20226e-14
-9.4029e-10
7.06666e-10
-1.5489e-9
1.69957e-9
-6.90518e-9
-1.26467e-14
2.14592e-15
1.46852e-15
-7.76364e-16
2.72411e-11
-2.70513e-10
6.40627e-10
3.13614e-17
3.84905e-16
1.06813e-16
-1.15859e-10
4.81393e-11
1.43608e-10
1.1462e-16
-8.63849e-17
-1.03013e-16
-1.05301e-10
-1.61535e-11
3.15277e-10
-3.06788e-17
1.09977e-16
-4.20122e-17
-2.2682e-17
-6.95578e-12
5.93525e-11
-1.78193e-10
3.38267e-10
2.03293e-17
1.52858e-16
2.24804e-16
2.43383e-16
-2.73429e-16
-2.46141e-14
-1.23739e-13
6.80148e-13
5.90167e-12
-3.93889e-11
-9.44939e-19
-1.62886e-15
2.555e-15
-3.96159e-16
-6.75082e-15
7.98195e-15
-1.09286e-14
1.78925e-13
-4.82498e-14
1.08202e-13
1.46847e-13
1.07381e-13
-2.60501e-14
1.11966e-13
3.96866e-14
-2.9179e-14
1.61221e-14
1.4248e-14
-7.05164e-14
-6.27819e-14
-1.4632e-14
-9.29748e-14
-5.45734e-13
-4.66602e-14
-4.66801e-13
-1.75028e-6
9.21258e-7
3.45819e-6
-5.13516e-6
2.85188e-6
-4.88746e-6
6.97461e-6
5.2525e-6
-7.2962e-6
-4.05318e-6
5.92518e-6
2.44246e-6
-3.92354e-6
-1.60785e-6
2.15114e-6
1.41116e-6
-1.38224e-6
1.28271e-7
-4.37403e-8
-4.41906e-8
-1.70817e-8
3.51365e-7
6.52186e-7
-3.20359e-7
-1.10576e-6
6.0759e-7
-3.94478e-7
-7.33372e-7
-1.36368e-9
5.96773e-9
-1.02354e-9
-3.8052e-10
1.47113e-9
-1.63409e-8
-9.11816e-9
4.89801e-9
-1.31245e-10
-1.09432e-7
3.56897e-8
-1.85852e-9
1.86636e-8
-4.01348e-8
-3.14433e-9
-6.86387e-10
5.26143e-9
-2.76769e-6
8.94456e-8
1.21909e-6
-1.13024e-9
2.08452e-10
9.07193e-10
5.51495e-6
1.107e-5
-1.94054e-5
-3.86234e-10
8.87945e-11
3.44673e-10
1.98463e-5
1.56854e-5
-6.04162e-5
-1.33048e-10
2.87105e-11
1.1791e-10
1.27534e-5
6.05552e-6
-3.36372e-5
-5.44009e-11
1.14952e-10
3.47762e-12
1.57937e-11
9.56515e-11
3.6974e-11
1.45635e-6
-5.5243e-6
-9.60489e-7
4.59872e-6
4.04461e-10
-2.07415e-10
3.21236e-11
-1.42479e-10
-7.89627e-10
-3.82804e-11
-2.00505e-7
1.36014e-6
-2.13078e-7
7.56382e-7
-1.87458e-6
-4.07067e-7
4.78494e-10
-1.10009e-9
1.07934e-9
-6.72509e-10
1.48091e-10
4.19823e-10
-9.27115e-10
2.82346e-8
-2.24258e-7
7.82799e-8
-2.37532e-7
3.57141e-7
-9.92563e-10
7.61836e-10
-6.01988e-8
-6.74113e-9
1.53271e-9
-1.75288e-9
-1.68016e-7
4.96949e-7
-1.34486e-9
1.71226e-9
-5.39725e-8
4.20386e-7
7.47688e-10
-1.18458e-9
-9.79767e-8
-4.75638e-8
-1.83238e-10
2.76805e-10
-2.17865e-7
8.36908e-7
2.63709e-11
-4.73688e-12
-9.92455e-8
4.84053e-7
1.89343e-12
1.42149e-11
1.24375e-7
-4.35493e-12
1.12636e-13
1.48212e-7
-8.11445e-7
1.19497e-12
7.71606e-13
-3.08632e-9
-7.88084e-8
-5.74929e-8
-2.04878e-13
1.55155e-13
3.45833e-8
-3.20577e-14
2.88607e-14
-7.62212e-9
-1.41436e-7
8.2e-15
-6.84327e-15
-8.93837e-16
-9.57493e-15
-2.91961e-9
8.00704e-9
3.34841e-15
-4.85857e-16
-2.13566e-9
1.41144e-8
-8.56957e-16
-1.97106e-16
-6.00846e-16
2.45588e-11
-8.99768e-17
1.09044e-16
-5.72873e-17
-4.53554e-10
-2.1905e-10
1.16808e-9
2.41234e-16
-1.92191e-17
-1.41751e-16
-4.14843e-10
1.23652e-10
1.66816e-9
-1.12526e-16
2.45259e-16
3.38037e-17
2.44092e-10
-7.31744e-10
1.00266e-9
2.15586e-17
-1.06062e-16
-2.14755e-16
-5.87662e-18
-1.04861e-15
-8.28577e-13
3.59042e-12
2.16312e-11
-1.35232e-10
3.16549e-16
1.68102e-15
4.32883e-15
-5.15051e-15
-1.54092e-14
1.05081e-14
-2.90924e-13
-4.72294e-13
-1.949e-13
-1.19197e-12
5.42322e-14
-9.96347e-15
-2.72023e-14
6.2332e-14
-1.46724e-13
-1.1154e-13
1.26673e-13
2.62288e-13
4.09697e-14
1.20244e-13
8.24925e-13
1.50228e-12
-9.15076e-14
-1.51004e-12
1.5091e-12
1.95618e-12
5.55923e-13
-5.58378e-13
3.04674e-13
-6.96727e-14
-7.98588e-13
-5.23037e-13
2.33812e-13
-1.68444e-12
-5.17385e-12
1.52145e-13
4.63296e-6
-5.61162e-6
-7.71836e-6
8.21512e-6
8.49609e-6
-9.54316e-6
-7.25734e-6
8.81734e-6
5.25926e-6
-7.00297e-6
-3.26119e-6
3.42249e-6
1.64483e-6
-1.15513e-6
-7.08051e-8
2.70904e-7
2.70304e-9
9.20364e-8
-4.25473e-7
1.39436e-6
-3.86288e-7
-2.20254e-6
6.93015e-8
-9.64005e-8
-7.28353e-9
9.25562e-10
-5.05338e-9
1.53093e-9
1.31955e-7
-4.81333e-8
2.13838e-7
-9.91436e-8
4.46067e-10
-6.1646e-9
1.52661e-9
1.23897e-8
-2.04464e-9
-1.82251e-9
6.74688e-10
-1.02564e-8
2.4301e-9
-7.00765e-8
3.80551e-7
-2.10425e-6
-3.80432e-10
1.40422e-10
5.29903e-10
-1.48166e-5
4.31145e-6
1.49262e-6
-1.48172e-10
8.18352e-11
8.47086e-12
2.382e-5
9.34563e-5
-0.000116146
-4.94577e-11
3.27419e-11
3.44603e-12
0.000103594
0.000215167
-0.000260006
-1.08013e-11
7.21315e-12
-4.29531e-14
1.10093e-12
1.52932e-5
-3.85839e-5
-1.85185e-5
6.92189e-5
5.47693e-11
2.37624e-11
-2.0253e-11
-9.66764e-12
-6.63615e-6
2.74114e-5
7.33464e-6
-2.74855e-5
-4.19105e-10
6.39406e-10
-3.40156e-10
2.31483e-10
6.34053e-10
1.50032e-10
1.14549e-6
-5.7781e-6
6.60093e-7
-1.82976e-6
4.45623e-6
-4.58679e-7
4.89862e-10
-4.78644e-10
-7.68105e-11
-3.70116e-10
-8.74523e-10
6.15886e-10
1.03128e-9
2.99399e-10
5.06595e-7
-1.44808e-6
-8.67806e-7
-3.49415e-7
9.81989e-10
-7.02197e-10
-1.27746e-9
-2.20786e-6
7.82803e-6
-7.50801e-10
5.41035e-10
1.02763e-9
2.42771e-7
2.31786e-6
3.96115e-10
-2.92372e-10
-5.42184e-10
-9.69615e-7
-2.39974e-6
-1.52633e-10
1.07611e-10
1.63422e-10
-3.46029e-6
1.2309e-5
5.27774e-11
-2.82952e-11
-4.36602e-11
-2.13511e-7
5.37627e-6
-2.81243e-12
5.72785e-12
-1.01819e-13
1.73813e-7
-2.67299e-6
1.22925e-6
4.32873e-14
-5.07456e-13
9.32383e-7
1.46016e-13
-7.59505e-14
-4.22585e-7
-3.41756e-6
-2.23673e-14
-2.15828e-15
-7.3214e-8
2.90075e-7
2.45741e-15
-2.48677e-15
-5.43021e-8
3.49885e-7
1.10867e-16
1.00999e-16
-1.38175e-9
8.11629e-9
2.96362e-16
-4.43602e-16
-1.31786e-9
7.73734e-9
-2.21698e-16
-4.48876e-16
2.94537e-16
-2.84674e-9
-6.71022e-17
-6.79461e-16
-5.297e-16
-2.45974e-9
-4.42247e-9
8.38109e-9
-7.02048e-17
2.51363e-15
1.06094e-17
1.2989e-9
-5.99479e-9
7.26496e-9
1.40403e-16
4.90559e-16
3.72059e-16
-1.81177e-15
-3.17683e-12
4.47661e-11
7.47049e-11
-7.97409e-10
1.15215e-16
-5.5426e-16
-4.98768e-15
1.2507e-15
-1.46918e-13
1.4944e-12
8.26838e-13
-1.12941e-12
8.1282e-15
4.74002e-14
-2.92779e-14
-3.27257e-13
2.00993e-13
-5.25577e-12
1.14465e-12
-1.26175e-11
-5.2261e-12
8.70253e-13
1.25985e-12
-6.51064e-13
1.14489e-12
-4.88847e-13
1.81223e-12
1.4224e-12
3.21632e-12
-1.14371e-12
1.79703e-12
9.32627e-12
7.55387e-12
1.22185e-11
-2.26265e-11
3.94738e-11
9.21453e-12
-5.32575e-13
-1.03907e-11
-4.08738e-12
9.44009e-12
-3.32239e-11
-5.37232e-11
-1.0462e-6
8.80708e-7
2.50156e-6
-1.01695e-6
7.46949e-6
-3.11903e-6
-1.10185e-5
1.17217e-5
-1.17122e-5
1.18245e-5
-4.53407e-6
1.28905e-6
-3.32097e-7
7.61866e-8
-9.67093e-8
-2.42979e-8
9.18277e-9
2.877e-8
-8.10873e-8
4.76777e-8
1.3105e-7
-2.06221e-8
-4.78316e-9
-3.13536e-10
-8.9323e-9
1.06536e-8
1.53448e-8
-4.19603e-9
3.9844e-8
-1.40745e-8
-2.63662e-8
1.77037e-8
1.19461e-7
-6.26012e-7
-2.04277e-10
-2.09063e-10
5.70191e-11
6.93221e-11
-4.34441e-10
2.71693e-12
3.37606e-6
-1.87875e-5
-4.79032e-6
2.29065e-5
-1.1021e-11
4.50516e-11
-2.63762e-11
9.66822e-13
-0.000119965
0.000322183
-1.38951e-12
3.19438e-12
-6.19604e-12
2.8905e-12
-0.000166361
0.00080326
2.68282e-13
-8.80334e-13
2.97764e-13
-3.53094e-13
6.94973e-5
-9.84384e-6
-0.000230073
0.000694135
6.753e-12
4.70695e-12
-2.32801e-12
-1.20385e-12
-9.84864e-5
0.000310579
9.19442e-5
-0.000272439
-1.10594e-10
-5.85095e-11
4.49442e-11
2.01617e-11
2.01917e-5
-6.39298e-5
-1.23788e-5
3.48988e-5
1.09484e-10
-3.44759e-10
2.02803e-10
-5.23909e-11
-1.79709e-12
-1.42655e-11
-1.3131e-10
-6.92773e-7
1.18329e-5
6.31843e-6
-1.85647e-5
-1.45401e-6
1.0268e-6
5.44488e-6
-1.69875e-5
-2.52596e-5
2.16871e-5
-2.93405e-5
-3.39444e-5
-3.38107e-12
-6.20485e-6
-1.32437e-13
-1.42282e-12
-1.35897e-13
-9.67381e-13
8.2717e-6
-1.00551e-5
2.94213e-6
4.79494e-5
1.96528e-13
1.08067e-13
-6.40003e-15
-2.05331e-6
8.39179e-6
9.91253e-15
-4.87435e-14
-1.39849e-6
9.03279e-6
1.47544e-14
-3.73598e-15
-4.6349e-8
2.59447e-7
1.15444e-15
-3.5119e-15
-5.14882e-8
3.03674e-7
-4.63651e-17
2.05093e-15
-4.20027e-10
1.07332e-8
1.08525e-15
-1.52089e-15
-8.99336e-15
-5.21848e-9
-1.84668e-8
2.17992e-16
-1.60265e-15
1.80396e-15
-8.15707e-16
-1.75662e-9
-3.26592e-8
-7.33072e-15
-8.87096e-15
-3.84197e-15
3.77925e-14
9.03896e-9
-2.00284e-8
-5.30343e-15
5.00045e-14
1.54425e-14
-8.59759e-14
-1.89062e-10
8.56276e-10
-2.36113e-10
1.34231e-14
-1.02592e-14
1.40177e-15
1.60974e-14
-4.07289e-12
2.91335e-12
3.23269e-11
3.17649e-10
-2.75087e-14
-1.14687e-14
-1.0538e-13
-1.33511e-14
-5.87349e-12
2.84266e-11
-5.91847e-12
-5.42237e-12
2.32073e-13
1.17762e-12
-3.25386e-13
-1.1947e-11
-6.39692e-12
9.54264e-11
4.1908e-11
-1.14774e-10
-1.13605e-10
2.35136e-11
1.9831e-11
-3.47372e-13
1.78634e-13
-5.63827e-12
2.56352e-11
2.84862e-11
-1.92389e-11
2.04207e-14
2.5105e-10
-1.52188e-10
1.38166e-10
-6.122e-6
4.25555e-6
1.07759e-5
-1.15487e-5
-1.40365e-5
1.8082e-5
1.49796e-5
-2.32314e-5
-2.21623e-5
2.77691e-5
6.65083e-6
5.21837e-7
-2.2312e-6
-9.16298e-7
7.54305e-7
-8.37269e-7
-2.46976e-7
7.33654e-8
-1.12403e-6
3.44663e-7
2.17255e-6
7.28805e-7
-9.55916e-8
1.51769e-8
-8.84204e-8
6.43774e-8
-2.18865e-8
8.66175e-9
-7.01181e-9
5.07385e-9
-2.38039e-8
-6.87342e-9
4.56153e-8
-7.73606e-8
9.92926e-10
-1.84299e-10
4.33338e-9
-1.50257e-9
3.52422e-9
2.88578e-8
-2.0908e-8
4.08392e-7
1.48741e-10
5.32253e-5
-3.64529e-6
-2.08523e-5
-1.13406e-10
7.76354e-5
-0.000236174
0.000346638
4.25707e-11
-0.000449756
-0.00154194
0.00173858
-4.4504e-12
-0.00222098
-0.0025424
0.00461061
6.72532e-13
3.80263e-13
-1.44156e-13
8.02739e-15
-0.000864178
0.00213798
0.000714697
-0.00164769
-1.58916e-11
-6.11848e-12
4.88306e-12
1.69999e-12
0.00018108
-0.000454757
-9.50924e-5
0.000225599
4.46698e-11
6.43928e-11
-2.55796e-11
-2.72938e-11
-1.38267e-5
4.02054e-5
-6.37086e-6
-2.28403e-5
5.18933e-5
-3.09476e-10
4.25136e-10
-1.46929e-10
1.74453e-10
4.32875e-10
-2.03867e-10
-6.19407e-10
7.97363e-11
-8.8545e-6
-7.37001e-5
1.94954e-6
0.000256623
-4.31172e-10
2.97937e-10
5.65951e-10
0.000146667
-0.000628275
3.4996e-10
-3.41927e-10
-4.30912e-10
-9.15404e-5
0.000313564
-3.54643e-10
3.71761e-10
2.76722e-10
6.22507e-5
-8.4296e-5
1.0861e-10
-8.99734e-12
-9.22832e-11
8.69088e-5
-0.000366023
-3.15916e-11
-1.69245e-11
1.86616e-11
8.17715e-5
-0.000437733
9.91474e-12
-4.80402e-12
0.000162258
-0.000186604
-7.58013e-13
-4.87887e-5
1.09946e-13
-4.62401e-13
-3.81977e-5
0.000201806
3.44558e-13
-9.41275e-14
-1.78078e-6
7.62213e-6
1.95122e-14
-6.35475e-14
-8.92619e-7
9.56969e-6
9.7455e-15
-1.52923e-15
2.06659e-8
5.74132e-8
1.42623e-15
-1.09598e-15
-1.67665e-7
3.96551e-7
-3.71271e-15
1.01037e-7
3.03094e-14
4.61547e-8
8.74675e-8
-1.89532e-7
2.10435e-14
-1.13983e-8
1.1704e-7
-1.37209e-7
-1.81158e-13
-3.37468e-9
1.1869e-8
-1.57759e-8
1.25811e-13
1.73783e-14
-2.05303e-13
-2.62388e-11
7.79602e-12
8.34869e-11
-5.01141e-10
2.89456e-9
4.1403e-13
-1.20002e-13
1.38555e-13
3.14633e-13
-4.2876e-12
2.53117e-11
-1.21155e-12
-2.63271e-11
-1.55989e-12
-2.04161e-13
-2.21358e-12
-1.3971e-12
-1.11815e-10
5.88037e-10
-1.08306e-10
1.43424e-11
5.56082e-12
2.54164e-11
-5.71219e-11
1.5023e-11
7.12759e-11
-2.04648e-11
-1.77102e-10
1.17496e-10
-1.10963e-10
4.73692e-12
-3.79011e-10
-8.38205e-10
1.9843e-9
-1.56151e-9
4.08693e-10
-2.68942e-10
8.10988e-10
-4.87753e-10
2.40024e-10
1.80928e-10
3.13634e-9
8.26493e-7
-5.92138e-7
-1.65922e-6
2.29876e-6
-7.72258e-6
9.98809e-6
-2.36063e-5
1.37107e-5
2.40286e-5
-2.36173e-5
8.45634e-7
7.05391e-7
4.11603e-6
-9.02476e-6
-2.43562e-6
5.42221e-6
-2.16907e-7
1.21363e-6
-2.19846e-9
6.46026e-9
-1.71803e-7
-3.23239e-8
-3.51536e-7
3.92772e-8
-1.81941e-7
1.60005e-7
-1.75759e-9
-6.34699e-9
-4.87496e-9
1.491e-8
-3.21252e-7
5.891e-7
1.74237e-6
-5.12137e-6
-1.32123e-10
-7.68089e-10
4.60253e-9
-1.40711e-9
3.10069e-9
-1.2456e-8
7.34827e-6
5.08391e-5
-4.54964e-5
-6.90431e-5
-2.05845e-10
6.1414e-10
-1.00369e-9
6.79813e-10
0.000320604
-0.00119528
1.64363e-11
-6.16906e-11
-8.21065e-11
-2.03841e-11
0.00139818
-0.00567021
6.69031e-13
7.9572e-12
-3.45085e-11
5.85503e-12
0.00280747
-0.00679749
-4.8392e-13
1.55168e-13
-6.71581e-12
3.46531e-12
-0.00443493
0.00761255
0.00330659
-0.00569578
-1.27005e-12
-5.01544e-13
2.02239e-13
4.71522e-13
0.000995621
-0.0018551
-0.000435177
0.000682201
1.22384e-11
1.00989e-11
-4.9384e-12
-3.26645e-12
-8.16962e-5
3.97122e-5
9.93643e-6
0.000301703
3.57465e-11
-2.52047e-11
-4.00391e-12
-1.61403e-11
-7.47937e-11
3.77217e-11
5.02743e-12
-3.75982e-6
0.000205325
-0.00024296
0.000149663
-9.53965e-11
0.00136324
1.13386e-10
-0.000626428
0.00165656
-0.00211912
-0.000660229
0.000186282
-1.4564e-11
3.55157e-11
0.0014662
-0.00191263
0.00315478
2.89277e-11
-5.9952e-11
0.000742711
-0.00167125
-1.6899e-11
3.62585e-11
5.01506e-12
-0.000853347
0.00124248
-1.23103e-12
7.87442e-12
-2.42547e-12
-4.6548e-5
0.000192796
4.16834e-13
-6.53048e-13
-3.45027e-5
0.00024243
1.12895e-13
-2.45363e-14
-1.08511e-6
8.82054e-7
3.92781e-15
-4.06342e-14
-3.25232e-6
2.15497e-5
2.22248e-14
-1.18022e-14
1.53465e-7
3.2262e-7
2.89898e-14
1.02118e-13
-8.70292e-14
-1.96169e-7
-1.0584e-6
-9.17088e-14
-4.92135e-14
-2.83502e-14
3.81938e-13
-4.30208e-8
3.29182e-7
4.35811e-15
1.20436e-13
-7.1624e-14
-9.23489e-14
-1.218e-7
4.46449e-7
3.93623e-13
8.49123e-13
3.40887e-13
-3.40311e-12
-2.17545e-8
7.10317e-8
-6.09022e-13
8.24595e-13
4.26038e-13
7.44484e-13
-2.26209e-10
-1.92048e-9
1.08457e-9
-4.50765e-12
-1.85165e-15
-3.14671e-13
-3.05619e-12
-2.19892e-11
2.09575e-11
2.03152e-10
1.87161e-9
1.11056e-11
-5.82527e-14
6.24426e-12
6.1105e-12
-1.0012e-10
5.44852e-10
-4.45096e-11
-6.44815e-11
-6.02517e-11
-4.51946e-12
-5.41223e-11
-3.07654e-11
3.03772e-10
-7.46133e-9
-2.49745e-9
8.85693e-9
-1.35507e-9
2.63052e-10
-2.22608e-10
-1.50574e-9
6.70844e-10
2.62665e-9
-2.1694e-9
1.06406e-9
-4.14935e-10
9.8225e-9
-9.1519e-9
1.48764e-8
-1.23557e-8
2.32834e-5
-2.55706e-5
-3.37115e-5
1.94224e-5
2.55787e-5
-9.35873e-6
-4.31536e-6
9.92102e-8
3.32535e-7
-2.72047e-7
1.67599e-7
-7.08584e-7
1.2866e-5
-4.43268e-6
-1.74996e-5
2.18157e-6
-1.5111e-5
1.6318e-5
-5.37325e-6
5.44506e-6
1.19928e-6
-4.89909e-8
-3.1811e-8
1.32566e-7
8.29843e-8
-2.25286e-7
1.65496e-7
-6.64874e-7
-1.32337e-6
2.7595e-6
2.72598e-8
-8.89977e-8
3.94626e-8
-4.52545e-8
1.75057e-7
-8.42972e-6
2.64079e-5
-3.68318e-5
3.24351e-5
3.10018e-5
-1.65395e-8
-0.000110109
8.03575e-9
1.44703e-5
0.0006198
-0.00124687
-1.69384e-9
0.00195772
0.00348476
-0.00627884
2.62424e-10
0.0115996
0.0119833
-0.0187503
3.08227e-11
-5.07098e-13
-0.0113781
0.00807744
1.97947e-13
-1.33835e-12
-7.78489e-15
-4.2393e-13
0.00294332
-0.00357655
-0.000665251
-0.000359722
1.71252e-12
9.20808e-13
-4.81442e-13
-2.7845e-13
0.000168854
-0.00138823
-0.000660006
0.00245049
4.55118e-12
-3.98271e-12
-1.58742e-12
4.91805e-12
2.1133e-12
-0.000518337
0.00115333
-5.34257e-5
-1.14759e-11
-0.000380468
-0.00321775
0.00261807
0.00208652
1.62816e-10
-2.52066e-10
1.24959e-10
-1.02659e-10
-2.44515e-10
6.96026e-11
2.61124e-10
-1.1786e-10
-0.00292254
0.0109771
0.00708855
-0.00913751
1.96219e-10
-9.37667e-12
-2.54049e-10
-0.00729851
0.0054581
-3.25051e-11
4.2516e-11
-0.000665095
0.00160871
1.27068e-10
-1.02892e-10
-0.00350859
0.00575029
-0.00520614
-3.59314e-11
3.65693e-11
-0.00113593
0.00123504
8.2605e-12
-1.03686e-12
-7.25979e-13
-2.4993e-5
0.000103774
1.76118e-13
-4.42411e-13
-0.000135156
0.000224354
5.96737e-14
2.82902e-15
5.74394e-6
-1.85046e-5
-5.86126e-14
-2.94434e-14
1.20561e-13
1.82104e-5
-7.85803e-5
-1.11168e-13
2.09223e-6
-4.86239e-6
3.0848e-13
-1.33206e-6
-1.11997e-12
-7.70902e-8
-1.36413e-6
2.56335e-6
-1.7062e-12
1.34406e-8
-2.60141e-7
5.30989e-7
4.51574e-12
-7.84978e-12
6.03682e-9
-2.91509e-8
6.8152e-8
2.50364e-11
1.82966e-11
-8.30869e-11
-1.08628e-9
3.53815e-10
1.63792e-9
-1.70108e-9
2.05994e-10
-4.21924e-11
-3.80291e-11
1.51658e-10
-6.51182e-12
1.03172e-10
-1.30877e-10
-1.43405e-9
-2.57351e-10
1.20454e-10
1.10431e-10
-1.45447e-10
-2.87111e-9
1.06625e-8
5.98997e-10
2.11024e-10
-2.79183e-10
4.97491e-10
-2.92115e-9
3.5919e-9
-2.49059e-9
3.89261e-9
-1.38368e-8
-1.07157e-8
-4.73373e-9
1.16132e-8
-1.43353e-8
4.09086e-9
-4.33871e-8
2.96439e-8
-9.91643e-9
1.29645e-8
-9.58597e-9
-1.66023e-5
2.44536e-5
2.32044e-5
-2.98322e-5
2.95314e-5
-2.39623e-5
1.05961e-5
6.76409e-6
-6.04445e-6
-2.38204e-6
-6.16531e-6
-2.31784e-6
-8.3429e-6
1.30925e-7
-3.84232e-7
4.80037e-7
1.4751e-6
-4.64235e-7
2.9953e-6
2.3885e-6
-9.92161e-6
2.12522e-5
-3.16358e-6
5.63929e-6
7.41191e-7
-1.06267e-7
7.60176e-7
-1.55506e-7
4.31008e-7
-2.77108e-7
-1.42539e-7
3.29632e-6
-1.5e-6
-1.35371e-5
1.95546e-6
-2.07426e-5
1.54775e-7
8.37128e-5
-2.10266e-8
3.93137e-8
-7.46596e-8
3.42335e-8
-8.15715e-8
1.52587e-7
-0.00014671
-0.00168531
0.00124756
0.00202165
-2.87796e-9
9.64327e-9
-9.99575e-9
3.46292e-9
-0.00509609
0.006419
-3.38025e-10
9.24019e-10
-1.07281e-9
5.79719e-10
-0.0125997
0.0172982
-1.40282e-11
1.20168e-11
1.79666e-11
2.75327e-11
0.0153024
-0.0148547
-0.00928022
0.00733863
1.95008e-12
9.81717e-13
0.00288388
0.00225164
1.78221e-13
1.94586e-13
-6.78017e-13
2.85333e-13
1.83569e-13
0.00133705
-0.00507963
0.00212257
-0.00509863
7.59688e-14
-8.1222e-13
1.84304e-13
-1.99391e-13
5.49606e-13
-0.00183957
0.00398513
-0.00499619
-1.2302e-12
0.00125426
-0.000945687
-0.00483544
-4.82639e-11
7.99539e-11
-2.74102e-11
2.39031e-11
7.69725e-11
-1.43499e-11
1.48092e-11
0.00692628
-0.0236799
-0.0138337
0.0347737
9.63819e-12
-0.0271545
9.98419e-12
0.0216263
-6.13356e-11
-0.0121298
-1.35451e-10
1.2736e-10
-0.00989614
0.0100415
1.03185e-10
-9.82121e-11
-2.93771e-11
0.0107743
-0.00944379
-4.36102e-11
-6.48139e-11
-0.00295706
1.3788e-10
-6.31122e-11
-0.001417
0.0047446
-0.00285737
-1.89069e-11
3.28878e-11
-0.000739768
0.000511018
5.23921e-12
-2.80688e-12
-1.11148e-12
-9.59892e-14
4.49582e-13
0.000143586
-0.000123618
0.000191116
-0.00025464
-5.12046e-14
5.24891e-13
-1.46877e-14
-1.88389e-5
5.90148e-5
-3.69528e-13
4.59295e-13
-3.66273e-6
7.2077e-6
-1.47103e-12
-9.38007e-12
6.19682e-12
3.79299e-6
-6.22107e-6
3.43469e-12
4.78827e-12
1.87469e-12
-2.36948e-11
1.56493e-6
-2.68694e-6
-6.69954e-12
5.82835e-11
1.65087e-11
-8.97096e-11
3.99403e-7
-5.97371e-7
-2.67715e-11
3.95785e-11
1.71473e-11
5.85605e-12
5.69378e-9
8.25139e-8
-1.20026e-7
8.13498e-11
-5.01741e-11
1.49412e-10
-3.38063e-9
-5.4502e-8
-3.51747e-10
-2.06425e-10
6.51213e-10
6.40658e-10
-2.05919e-10
-1.99502e-10
8.63175e-10
-1.57939e-10
6.89981e-10
-3.86415e-11
-4.58676e-10
-1.33244e-9
4.56329e-9
1.05639e-9
1.19778e-10
2.16964e-10
2.6127e-9
-5.22958e-10
3.60079e-9
1.23668e-9
-7.48898e-9
2.51588e-8
1.60086e-8
4.9948e-8
3.65256e-8
-6.1217e-8
1.50135e-8
-3.57941e-8
1.65465e-8
-7.89229e-9
-4.0078e-8
3.47783e-8
-3.16939e-8
2.50777e-8
-3.73325e-8
4.52533e-8
-1.40439e-5
2.33105e-5
-3.44264e-5
4.51535e-5
-3.81989e-5
2.59664e-5
-1.09202e-5
1.08808e-6
6.77846e-6
1.69559e-5
-1.47218e-5
-7.71003e-6
-1.25825e-5
-5.54268e-6
1.77913e-6
-3.51965e-6
1.03581e-5
-7.30985e-6
1.5518e-5
-1.12808e-6
-8.98024e-7
2.39909e-6
-1.31106e-6
3.89457e-5
-1.32583e-5
-2.6238e-7
4.80314e-7
-2.71634e-7
4.07915e-7
-7.2872e-7
4.01733e-5
-0.000392329
0.00105649
-0.000602858
-0.00139195
1.24268e-7
-5.90542e-8
0.00101287
-0.00193317
9.66336e-9
-2.95878e-9
0.00272429
-0.00642934
2.19634e-9
-1.49135e-9
0.0082908
-0.0130922
3.43697e-10
-2.43283e-10
0.00916244
-0.000969239
-1.42302e-11
1.1103e-11
1.2184e-10
1.10821e-11
0.000168817
-0.00718187
-0.00501233
0.0126879
3.78022e-12
-1.82814e-12
0.0143589
0.00787538
-0.0199111
-2.63394e-13
1.13432e-13
-2.24627e-14
-0.010762
0.0173515
0.00885029
-0.0269235
-1.22207e-11
-3.09071e-12
1.76452e-12
8.96317e-12
1.3805e-12
0.0151176
-0.0407047
0.0589773
-2.58853e-11
-0.0738072
5.17887e-11
0.0612413
-7.99807e-11
-0.0437548
1.04281e-10
0.0257773
-1.11179e-10
-0.0136598
8.38386e-11
0.00705384
1.57237e-10
-1.14699e-10
0.0104022
-0.00838495
-6.45507e-11
-6.37262e-11
-0.00328169
6.71445e-11
-3.04354e-11
-8.21078e-5
0.000516058
-0.000409299
3.23152e-12
1.23798e-5
-3.11316e-12
1.1374e-5
4.3435e-7
-7.16749e-13
1.15072e-12
1.20578e-5
-2.51698e-5
7.09518e-13
1.06319e-11
-3.61445e-12
-4.57622e-6
4.20426e-6
1.9397e-11
1.26094e-11
-2.50184e-6
3.31689e-6
-5.90109e-11
9.61885e-11
-1.07686e-6
2.26309e-6
-2.08219e-10
2.82528e-10
-2.35995e-7
6.47323e-7
4.21369e-11
-1.37355e-10
-5.08918e-8
1.18371e-7
-1.13449e-10
-2.74279e-10
5.25886e-10
1.66315e-8
-1.87416e-9
-4.1942e-8
5.79351e-8
-1.03314e-9
5.98155e-10
-2.32481e-9
6.15619e-10
2.30502e-8
4.69496e-9
-1.62211e-9
3.33282e-9
-8.88701e-10
-1.11806e-9
-1.07792e-8
1.96144e-8
-6.46087e-9
-1.42373e-8
3.80014e-8
2.21174e-8
-5.08165e-8
1.02418e-8
-1.09488e-8
5.23271e-9
-6.15012e-8
8.25747e-8
-7.47549e-8
6.0304e-8
-4.34806e-8
3.27081e-8
-2.41709e-8
2.87295e-8
-1.47107e-5
1.9965e-5
-1.38342e-5
-2.8001e-5
4.41479e-5
-4.8351e-5
4.05269e-5
-2.34803e-5
4.95172e-6
9.2628e-6
-2.16067e-5
4.23742e-5
3.48697e-5
-5.0997e-5
-1.1046e-5
9.16037e-6
-1.51052e-5
-2.23268e-6
4.95705e-6
-4.04923e-6
-7.45203e-6
7.21061e-6
3.2777e-6
1.53437e-5
-4.29332e-5
-1.30939e-5
4.34453e-5
-7.29265e-5
7.8079e-7
-1.63225e-6
1.1394e-6
2.49957e-6
-0.000122895
0.00014335
0.00026684
-0.000199532
0.00032039
-7.31225e-7
4.24111e-7
-0.000346897
0.000737624
-2.04376e-7
0.000167202
7.22226e-8
0.00239562
0.0033753
-0.00437832
-1.23515e-8
0.00614923
0.00461194
-0.00560056
2.90496e-9
5.88027e-10
-0.0014265
-0.00706284
-5.15219e-10
1.90758e-10
0.0143945
-0.019512
9.93139e-12
-1.47205e-11
-6.05451e-11
1.38412e-11
-3.94043e-12
-0.0122541
0.0213493
-0.0226117
0.0302524
-3.07391e-13
9.06293e-13
9.64756e-13
-1.26756e-14
8.44472e-14
0.0163155
-0.0294872
0.0308761
4.08172e-14
-0.0237641
0.0404903
-1.24566e-12
-4.06944e-13
6.38994e-13
-1.47168e-12
8.44292e-12
0.0307038
-0.0533823
0.0698798
-2.69395e-11
-0.103853
5.99364e-11
0.115303
-1.04764e-10
-0.105448
1.44237e-10
0.0782845
-1.63538e-10
-0.0478997
1.58812e-10
0.024349
-1.53306e-10
-0.01072
2.21079e-10
0.00614492
1.76789e-10
-2.49506e-10
0.00710951
-0.00561594
-5.55718e-11
5.91852e-11
-4.99238e-11
-3.243e-12
0.000160231
-0.000963352
0.000979303
9.55544e-12
-9.22588e-12
3.49322e-5
-3.08601e-5
-3.77687e-12
-6.36734e-13
1.46937e-11
1.17935e-11
-3.35088e-11
4.37683e-6
-2.83014e-6
-4.00218e-6
8.96793e-6
-1.30455e-11
4.31213e-11
-4.45421e-11
4.28674e-11
1.08118e-6
-1.48862e-7
-1.9037e-10
9.11663e-7
-1.0516e-6
7.5629e-11
-1.00161e-6
2.11776e-10
-1.47054e-7
-3.65673e-7
6.27661e-7
-3.86228e-10
7.11219e-10
-1.07635e-8
-1.31714e-7
2.20882e-7
1.2516e-10
-8.99472e-10
1.00668e-8
-1.73119e-8
1.84131e-9
1.17579e-9
-2.99542e-9
-9.59893e-9
3.96857e-9
6.1269e-9
-1.04391e-8
5.09985e-9
-8.58949e-9
-4.37536e-9
1.10136e-8
3.87418e-10
-7.00975e-10
7.04355e-12
1.35869e-9
-3.87486e-9
-1.72975e-8
1.50364e-8
-2.90649e-8
-2.53834e-8
4.31341e-8
7.49581e-9
-2.66166e-8
-9.89031e-9
7.24674e-9
-6.00012e-10
-5.20155e-10
-6.4304e-8
1.03155e-7
-1.22307e-7
1.20261e-7
-9.80982e-8
6.8958e-8
-4.41488e-8
2.96879e-8
-3.31682e-8
3.54493e-8
2.73172e-5
-2.12489e-5
-3.72561e-5
4.07449e-5
-3.16724e-5
1.30896e-5
7.16406e-6
-2.1872e-5
2.96482e-5
-3.20672e-5
3.10258e-5
1.7119e-5
1.15628e-5
-7.40366e-6
5.03059e-6
1.01943e-5
-1.66463e-5
0.000130458
-0.000141245
-0.000100939
0.000116737
-3.24896e-6
2.12928e-6
-1.40696e-6
-0.000180642
0.000278122
-0.000437498
9.09765e-7
-5.79594e-7
0.000746274
-0.0015677
-1.3933e-7
1.11337e-7
-1.8672e-7
1.19068e-7
3.095e-7
-0.00249545
0.00291618
-0.00240888
0.00251646
-5.60769e-8
1.09085e-7
-8.32746e-8
4.10968e-8
-0.00207874
0.00087334
-1.20611e-8
3.01141e-8
-2.16852e-8
9.04322e-9
3.1142e-9
0.00240711
0.00205513
-0.00703193
0.0128476
-6.39467e-10
8.62643e-11
-0.0177769
0.0216863
1.25356e-11
-1.48154e-11
-1.20669e-12
-0.0242329
0.0270357
-0.0334798
-7.52162e-13
3.70197e-13
-1.66792e-13
0.0408187
-0.0540991
-0.0364818
0.0717591
-4.18906e-13
1.97526e-12
-1.07085e-11
0.0757476
-0.093698
3.36727e-11
0.12621
-7.76524e-11
-0.149197
1.37493e-10
0.145354
-1.92955e-10
-0.116408
2.19249e-10
0.0758963
-2.08269e-10
-0.0401469
1.75841e-10
0.0172852
-1.42141e-10
-0.00634487
7.78073e-11
0.00214531
1.95453e-11
0.000890985
-5.86552e-11
3.22412e-11
-2.37894e-5
2.00104e-5
3.63297e-5
6.69554e-12
-4.44742e-11
9.53291e-11
1.65841e-6
-7.98528e-7
5.38149e-6
-1.62234e-10
2.4919e-10
-3.94677e-10
-8.90258e-8
-4.88939e-7
7.28028e-10
3.23501e-10
-1.1512e-9
-2.81177e-7
-6.17824e-8
-2.08767e-7
3.08007e-7
-4.80225e-10
1.46185e-9
7.02891e-10
-2.03429e-9
-1.09565e-9
2.45666e-9
1.27644e-7
-1.15977e-7
2.71393e-9
-3.59364e-9
-1.73219e-9
1.70401e-9
7.66255e-8
7.4696e-8
-1.02235e-7
-2.50055e-10
-4.00049e-10
1.31535e-9
-1.71928e-8
3.70404e-8
-7.7109e-8
-2.58465e-9
4.42122e-9
-6.61142e-9
1.05526e-8
-7.32838e-9
1.20001e-8
-1.866e-8
-5.70455e-10
-1.40036e-9
3.76385e-9
3.08056e-8
-4.54988e-8
2.43581e-8
-5.78292e-8
4.67028e-10
-4.25047e-9
2.8326e-9
8.02634e-8
-1.16445e-7
1.45243e-7
-1.48755e-7
1.26116e-7
-8.87865e-8
5.3032e-8
-2.87067e-8
1.66961e-8
-5.42188e-9
1.77245e-5
-2.54546e-5
1.66407e-5
1.63008e-5
-2.27179e-5
2.65823e-5
-2.60787e-5
1.6272e-5
2.19474e-6
-2.25089e-5
3.70679e-5
-4.41703e-5
4.98556e-5
-5.39688e-5
-9.58276e-5
0.000119094
0.000103803
-0.000102437
0.000119784
-1.48726e-5
8.48308e-6
-5.6785e-6
-0.000106974
0.000125901
-0.000161567
3.43046e-6
-2.14346e-6
1.36568e-6
0.000238947
-0.000359973
0.00053475
-8.55314e-7
5.06298e-7
-0.000781578
0.00119018
-3.05462e-7
2.19063e-7
-1.2627e-7
-0.00172697
0.0015669
-0.00097875
6.20228e-8
-3.39291e-8
-6.75522e-5
0.0018689
1.60235e-8
-6.76768e-9
-2.86223e-9
-0.00451775
0.00700708
-0.01031
1.06032e-9
-3.4404e-10
0.0143819
-0.0177867
8.58424e-11
-1.24751e-11
6.00493e-12
0.0208659
-0.0254954
0.0347534
-9.74035e-13
-1.22882e-13
3.69609e-14
-0.0457907
0.07355
-0.0775941
-2.8627e-13
2.17854e-13
-2.31461e-13
1.8313e-12
-2.88736e-12
-0.0740623
0.117593
-0.0738537
1.07644e-11
0.107606
-3.15102e-11
-0.13535
7.51612e-11
0.161006
-1.40502e-10
-0.166705
2.07961e-10
0.14386
-2.47648e-10
-0.101344
2.41683e-10
0.0573478
-2.00818e-10
-0.0258081
1.51672e-10
0.00961546
-9.19555e-11
-0.00289376
-9.67075e-11
1.22633e-10
-0.00202498
0.00184431
6.60355e-11
-6.37574e-11
4.25074e-11
-1.49836e-12
-4.69367e-6
7.77628e-6
-0.000221037
-3.62018e-11
9.02657e-11
-1.75994e-10
-1.63385e-7
1.39342e-6
-2.08612e-6
3.05422e-10
-4.90072e-10
7.34527e-10
-6.96856e-8
1.91062e-7
-1.11449e-9
1.65551e-9
8.62668e-8
3.15178e-8
-1.43358e-8
-1.96996e-9
2.282e-9
-2.35524e-9
-3.16563e-8
-5.51944e-9
2.50988e-9
-1.71297e-9
-4.84328e-8
4.43293e-8
5.01254e-10
3.73376e-10
-1.40296e-9
1.74441e-8
-2.59746e-8
4.32074e-8
2.80145e-9
-4.92546e-9
7.65405e-9
-1.19292e-8
8.50792e-9
-1.49208e-8
2.32589e-8
6.82526e-11
1.92785e-9
-4.43243e-9
-4.24773e-8
4.83977e-8
5.09187e-8
-7.86445e-8
3.79754e-9
-3.01643e-9
-5.3027e-9
4.41286e-9
-1.87462e-9
5.40259e-8
-8.38835e-8
1.11548e-7
-1.3672e-7
1.43344e-7
-1.23066e-7
8.46026e-8
-4.54178e-8
1.84807e-8
-4.74022e-9
-1.53333e-9
5.9617e-9
-9.12739e-6
1.91838e-5
-1.62202e-5
1.30055e-5
-1.46708e-5
1.19637e-5
-2.24361e-6
-1.45312e-5
3.32933e-5
-4.68584e-5
5.08287e-5
-5.04747e-5
6.43935e-5
-7.73631e-5
9.58795e-5
-9.50114e-5
1.78392e-5
-1.35144e-5
6.5304e-6
0.000114212
-0.00014179
0.000177514
-3.20459e-6
1.86796e-6
-1.08904e-6
-0.000258975
0.000365678
-0.000492528
6.3109e-7
-3.46842e-7
0.000638408
-0.000692282
2.40596e-7
-2.52537e-7
1.09669e-7
0.000867373
-0.000696796
7.70811e-5
-3.81904e-8
2.99213e-8
0.000949967
-0.00221611
-1.24523e-8
9.97415e-9
9.34507e-10
0.0048517
-0.00489362
0.00569501
-5.92737e-10
2.65385e-10
-0.0081913
0.0112548
-9.82012e-11
2.71909e-11
-2.56058e-12
-0.0149978
0.020777
-0.0367707
6.97692e-13
1.49706e-12
-3.19504e-13
0.0714352
-0.0911251
0.0799621
1.94974e-13
-2.19704e-12
2.77292e-12
-0.0948448
0.061629
-8.55189e-12
-0.105195
2.42015e-11
0.126018
-5.92964e-11
-0.149954
1.16584e-10
0.161836
-1.83599e-10
-0.149371
2.32412e-10
0.11376
-2.38585e-10
-0.0700281
1.97786e-10
0.033517
-1.37902e-10
-0.0117377
9.43143e-11
0.00299258
-7.80761e-11
-0.000514529
6.02067e-11
-2.83333e-11
-4.13106e-12
1.6921e-5
-8.00182e-5
0.000247596
3.85678e-11
-9.05261e-11
1.73789e-10
-5.17686e-7
1.47062e-6
-5.74237e-6
-2.96084e-10
4.86684e-10
-7.78838e-10
-3.42065e-8
1.46433e-7
1.05311e-9
-1.9024e-9
-2.47534e-8
-7.4056e-9
1.12461e-8
1.83403e-9
-2.17866e-9
1.80972e-9
1.39288e-8
5.51411e-9
-1.5741e-9
1.59209e-9
4.21854e-8
-2.80993e-8
-5.72792e-10
-3.08164e-10
1.23383e-9
-1.48081e-8
1.38562e-8
-2.98692e-8
-2.52534e-9
4.76117e-9
-7.60595e-9
1.09807e-8
-8.73191e-9
1.87028e-8
-3.98955e-8
2.04115e-10
-2.11734e-9
4.6859e-9
5.32082e-8
-4.93991e-8
6.12741e-8
7.47675e-9
-4.71476e-9
1.88998e-9
-3.97479e-8
6.80271e-8
-8.6828e-8
1.01656e-7
-1.0353e-7
8.31419e-8
-4.76181e-8
1.35049e-8
5.40267e-9
-9.76021e-9
1.16294e-8
-7.04506e-9
-3.44993e-6
-1.42082e-5
1.58183e-5
8.11528e-6
-3.26899e-6
-5.05184e-6
1.84034e-5
-3.38676e-5
4.53808e-5
-4.94506e-5
4.1557e-5
-4.78944e-5
-4.8039e-5
4.92939e-5
5.98314e-5
5.12342e-7
3.92675e-6
-2.47303e-6
-0.000103632
0.000143574
-0.0001453
1.5841e-6
-1.24282e-6
6.42513e-7
0.000217529
-0.000289542
0.000339818
-4.15987e-7
1.86041e-7
-0.000357568
0.00033729
-1.07613e-7
1.69414e-7
-9.35283e-8
-0.000299547
0.000293624
0.000180282
4.17973e-8
-1.65221e-8
-0.00118488
0.00182093
1.22622e-8
-9.11145e-9
1.05556e-9
-0.00267452
0.00159154
-0.00169966
-1.43083e-10
-2.47365e-11
0.00368001
-0.00537823
4.93986e-11
-4.7263e-11
6.38624e-12
0.00881857
-0.00977564
0.0137576
-7.74699e-12
-2.68137e-12
2.0317e-13
-0.0218704
-0.0003572
7.15241e-13
0.0190831
1.39606e-12
-8.75567e-12
9.19235e-12
0.171996
-0.196034
-1.63155e-11
-0.118058
3.95569e-11
0.127601
-8.0129e-11
-0.137521
1.3315e-10
0.132573
-1.79617e-10
-0.107944
1.94474e-10
0.0715348
-1.71266e-10
-0.0383287
1.08441e-10
0.0148072
-7.04088e-11
-0.00419152
4.31404e-11
-3.39839e-11
1.70477e-11
-7.09873e-12
1.43999e-5
2.16712e-5
-0.000448199
1.51382e-12
1.8976e-11
-4.12376e-11
-3.3502e-7
4.09085e-7
-2.41947e-6
4.13727e-11
-5.97698e-11
1.37942e-10
-1.3439e-8
6.75295e-8
-2.53873e-10
8.2102e-10
5.80686e-9
7.02423e-10
1.43186e-9
-6.55066e-10
7.68814e-10
-6.60309e-10
-1.74031e-8
2.49919e-9
6.2029e-10
-1.02457e-9
-5.6784e-8
3.47111e-8
1.54151e-10
3.9497e-10
-1.02556e-9
1.4028e-8
-2.79733e-8
5.31704e-8
1.62281e-9
-3.29633e-9
6.7125e-9
-9.47837e-9
4.36075e-9
-7.09639e-9
1.17793e-8
-5.2237e-10
1.76656e-9
-4.25489e-9
1.22432e-9
-1.0561e-8
4.87329e-9
-1.3011e-9
1.02414e-7
-9.19737e-8
6.35365e-8
-5.63263e-8
4.75931e-8
-2.12397e-8
-1.1432e-8
3.60755e-8
-4.1272e-8
2.71484e-8
-2.16127e-8
1.41044e-8
-7.54685e-9
-2.8012e-6
3.15848e-6
4.2837e-6
-1.02134e-5
3.46466e-6
-1.88305e-6
-1.11053e-6
6.16843e-6
-1.49236e-5
2.48404e-5
-3.39155e-5
3.12716e-5
-2.99709e-5
2.94828e-5
-3.36066e-5
-3.73926e-5
3.02063e-5
1.39248e-6
-1.6424e-6
8.54642e-7
-3.48676e-6
-4.286e-5
7.14332e-5
-0.000102417
0.000110534
-5.73882e-7
6.31837e-7
-4.38499e-7
-0.000129392
0.000188344
-0.000205995
3.82114e-7
-3.40447e-7
0.000197735
-0.000172754
-1.52207e-8
2.50172e-7
-0.000204862
0.000170376
3.28148e-8
-2.00844e-8
-1.15104e-8
0.000482161
1.50624e-8
-1.0445e-8
-7.73649e-11
-1.72258e-5
5.12017e-9
-2.80976e-9
0.00204951
-0.00148408
1.14556e-9
-3.57823e-10
-0.00267288
0.00322448
5.97477e-11
7.42716e-11
-8.72377e-12
-0.00434011
0.00383508
-0.0059812
3.15121e-11
1.35446e-12
4.73457e-12
0.0123895
-0.026725
-1.14932e-13
-7.85761e-13
-0.0430789
0.0574084
0.0466382
-0.0423886
8.63261e-13
1.07908e-11
-1.162e-11
0.141539
-0.0984224
1.0125e-11
0.0721867
-2.4188e-11
-0.108516
4.63456e-11
0.108295
-7.97866e-11
-0.104669
1.10709e-10
0.0867255
-1.29376e-10
-0.0619299
1.0177e-10
0.030504
-6.52072e-11
-0.00946859
4.22433e-11
0.00180371
-3.07228e-11
1.6983e-11
-1.70118e-11
-2.58097e-11
0.000112855
0.000449237
-3.68151e-5
0.000123945
-0.000605213
1.81166e-11
2.35186e-6
-5.83201e-11
1.55778e-10
-7.47719e-11
-3.3976e-8
-4.5466e-8
-5.9842e-7
2.70303e-10
-4.82429e-10
6.59239e-10
5.57409e-9
-4.58806e-9
-7.02569e-10
5.97278e-10
-8.50481e-11
4.14918e-10
-1.48913e-9
-2.70973e-10
1.3834e-10
1.3335e-10
-1.97808e-9
-5.95453e-11
8.01004e-11
3.04449e-10
4.65535e-10
8.00271e-10
-1.03797e-9
1.09002e-9
-7.30516e-9
7.3833e-9
1.32252e-9
-3.64665e-9
-1.20097e-9
1.72639e-9
-4.66473e-9
6.13366e-9
-1.70523e-9
2.85589e-9
-5.84914e-9
4.85075e-10
-1.78567e-9
2.77095e-9
8.96472e-9
1.79055e-8
-2.17583e-8
2.42142e-8
-2.23177e-8
-6.83378e-8
-6.76604e-9
-1.21622e-8
5.84186e-9
-1.14086e-9
2.19425e-10
3.23321e-8
-2.22528e-8
8.60245e-9
4.52162e-9
-4.28627e-8
7.0087e-8
-8.58608e-8
6.22555e-8
-4.56635e-8
2.45432e-8
2.81844e-6
1.47777e-6
-3.84601e-6
2.25696e-6
-4.07639e-6
9.10265e-6
-1.33326e-5
1.7144e-5
-1.62106e-5
1.3262e-5
1.16486e-5
-6.91802e-6
-1.1561e-5
1.43049e-7
1.06783e-6
-6.82564e-7
2.15699e-5
4.27031e-5
-3.00163e-5
-4.99969e-5
-1.35433e-8
-1.70669e-7
-9.00311e-5
6.23255e-5
0.00010386
4.37833e-8
5.23092e-8
-9.85954e-5
8.21825e-5
-7.9947e-8
-1.20951e-7
7.27273e-8
-6.20161e-5
-0.000148393
2.31639e-5
-3.0694e-8
2.09739e-8
-3.60525e-5
5.80245e-6
-0.000267078
1.76417e-7
-1.17516e-8
1.03051e-8
-8.58877e-5
9.54401e-5
0.000433615
-0.000221014
-5.02215e-9
3.62238e-9
0.000432848
-9.88842e-5
-1.52606e-9
5.55789e-10
-0.000362813
-2.10749e-10
-1.37038e-5
2.56059e-10
-1.68047e-10
0.00064577
-2.98345e-11
0.00216769
-5.64729e-11
1.82009e-11
-8.31554e-12
-0.0627363
0.0319018
-6.48586e-12
-0.0554728
-4.66446e-12
1.36097e-11
-1.02488e-11
-0.0950036
0.145687
1.96383e-11
0.1526
-2.31338e-11
-0.0880982
4.06917e-11
0.07929
-5.31542e-11
-0.0622922
6.05885e-11
0.0410781
-4.57106e-11
-0.0200058
2.67066e-11
0.005721
-7.06372e-12
1.10397e-11
-9.71438e-12
3.81182e-11
-2.00485e-5
-7.519e-6
0.000835336
-8.97861e-11
7.17926e-11
-2.73509e-10
6.08227e-10
-4.77776e-10
4.81435e-7
2.32008e-6
7.8487e-10
-1.07111e-9
-6.17579e-9
1.11609e-8
1.28731e-9
-8.70327e-10
7.13783e-10
-9.27788e-10
5.59195e-10
-3.15224e-10
8.56024e-10
-2.27884e-10
-6.85721e-11
-3.59539e-10
2.02993e-10
-1.80041e-10
2.93277e-10
-5.76646e-10
-1.18617e-10
2.18819e-10
3.11597e-10
-3.88569e-10
-4.23819e-10
1.10711e-10
-1.63272e-10
-4.08416e-11
1.78067e-10
1.08546e-10
3.46702e-9
-2.49805e-9
-9.6e-12
-3.22755e-9
-5.24093e-10
-8.3326e-11
8.36474e-10
-1.57829e-9
2.30292e-9
-4.23442e-9
6.03221e-9
1.84353e-8
-2.4488e-9
1.48013e-9
-9.68154e-10
1.61832e-10
-2.79446e-8
1.03288e-8
3.29432e-8
-3.99142e-8
1.09485e-7
-1.22608e-7
1.08053e-7
-9.64345e-8
4.93234e-8
2.39531e-9
1.74547e-9
1.24138e-6
-3.18958e-6
1.49194e-6
-2.29467e-6
1.15432e-6
2.00322e-6
-3.90248e-6
5.54285e-6
-9.00077e-6
7.43964e-6
5.80781e-7
8.19942e-8
3.4053e-6
-1.46132e-6
-9.169e-8
4.48283e-8
-6.13796e-7
3.88677e-7
-8.73717e-8
1.8772e-6
6.26234e-6
-1.20121e-5
1.54295e-5
1.7226e-5
-1.50874e-5
1.33991e-7
-2.67805e-8
-6.4331e-10
2.70981e-8
-4.40719e-8
2.20083e-5
-3.70167e-5
-5.65531e-5
2.96289e-5
-9.91145e-9
3.51717e-8
4.7021e-5
-2.12185e-5
-3.58568e-5
1.0467e-8
-1.50325e-8
2.81563e-5
-9.02262e-6
8.33854e-9
-7.5209e-9
-4.17901e-6
7.91931e-6
5.02584e-9
-4.52083e-9
-3.56733e-5
4.61932e-5
2.96216e-9
-1.954e-9
-3.20246e-5
1.07019e-9
-4.83468e-10
2.00275e-5
0.00019246
-7.23369e-10
3.67195e-10
-0.000764222
0.0001361
-0.000148586
-2.5974e-10
2.22416e-10
-1.35816e-10
1.44931e-10
0.00010098
-0.000839538
-0.000531606
-0.00297399
0.00510112
3.58689e-11
-2.00913e-11
7.91113e-12
-0.0184346
0.0365837
-7.00141e-12
1.12949e-11
0.132573
-0.102959
-0.0620039
-4.23023e-12
-0.0618517
-2.1883e-12
1.1795e-11
-1.70176e-11
-0.173353
0.126978
9.81751e-12
0.0485034
-1.5731e-11
-0.0509966
1.98196e-11
0.0476793
-2.78523e-11
-0.0299444
2.00053e-11
0.0153246
1.61789e-12
-1.04041e-12
-1.48049e-12
1.40109e-12
1.72263e-11
-0.000115118
-0.000242255
8.92989e-5
-2.70851e-5
-0.00180183
-3.03349e-11
-1.79088e-5
6.62618e-11
-1.473e-10
9.08955e-11
2.3641e-10
-3.35689e-6
1.06921e-5
-1.41833e-7
2.03841e-6
4.67375e-6
-5.40078e-10
7.11099e-10
-8.34216e-10
-8.28687e-10
9.96927e-10
2.22124e-8
1.89901e-9
5.0027e-8
-2.72747e-7
-9.62828e-10
5.93801e-10
-2.18947e-9
1.16183e-8
-2.63284e-10
1.89236e-10
-4.29044e-10
1.42087e-9
-6.90138e-11
6.03546e-11
-2.23085e-11
1.13051e-10
-6.0991e-11
3.7541e-11
-1.75342e-10
6.35786e-11
-2.91503e-11
1.06771e-9
-8.33887e-11
1.10536e-10
-1.36964e-10
3.95049e-10
9.32783e-11
1.74877e-9
8.99503e-10
-9.13427e-10
6.7799e-10
-1.60544e-9
3.69036e-10
-3.09145e-11
-5.34776e-10
-4.97122e-10
2.34685e-9
7.32096e-11
1.47566e-9
2.56928e-10
-5.7652e-10
-3.09972e-9
-1.96161e-8
8.75491e-9
8.39973e-9
9.58902e-9
2.26618e-9
-8.4269e-9
6.70383e-9
-2.99103e-9
3.05083e-8
-5.05087e-8
8.20686e-8
-1.74684e-7
2.24606e-7
-1.74657e-7
1.12944e-7
5.13836e-8
-3.11451e-8
6.1218e-8
-2.01727e-6
2.7705e-7
-7.51105e-7
2.89229e-6
-1.7905e-6
-2.09434e-6
4.28944e-6
-2.00667e-6
-2.68017e-6
3.09916e-7
-3.07851e-7
-3.79263e-9
-6.26312e-7
6.08577e-7
1.08577e-6
1.23311e-6
-2.74459e-6
-4.2303e-6
2.03442e-6
4.34776e-6
2.45521e-9
1.70825e-8
1.09315e-5
-4.35934e-6
-1.02917e-5
-1.12698e-8
3.79131e-9
-4.37257e-9
4.89202e-9
7.37118e-6
1.56437e-5
-5.0541e-6
-1.02771e-9
-4.04218e-9
-1.40353e-5
3.6327e-6
-2.46394e-11
-9.91119e-10
-1.36174e-9
3.17469e-6
1.33823e-9
-1.54758e-9
-1.06781e-9
1.0095e-5
1.36697e-9
-1.17595e-9
-1.02742e-9
1.09875e-9
-3.25053e-6
-7.83246e-6
7.38862e-10
-7.69697e-10
4.38999e-5
-2.20558e-5
1.69422e-5
4.38755e-10
-1.9444e-10
2.84325e-5
5.1961e-11
-5.60649e-6
-2.95581e-11
2.53411e-11
-0.000673586
-3.58116e-12
-0.00114395
3.3177e-12
-5.8959e-12
2.76754e-12
0.036467
-0.0360136
-1.47484e-12
6.38379e-12
0.130516
-0.0622099
-0.0517588
-4.37201e-12
2.52296e-12
-0.0369389
1.20569e-13
-7.303e-12
1.11467e-11
0.0774806
-0.0637044
-7.53438e-12
-0.0471565
-6.0226e-12
1.276e-11
-7.87582e-12
-8.01845e-13
5.08009e-14
4.8086e-12
0.000469482
0.00415996
0.000512846
-0.00237752
-0.0136879
-1.02881e-11
-0.000216669
1.89302e-11
-3.1769e-11
7.52988e-11
-1.56288e-10
2.62338e-10
-6.67403e-6
-1.01762e-5
-4.30305e-10
5.53145e-10
2.56649e-7
1.01995e-6
-6.05026e-10
7.46522e-10
3.68702e-10
-3.81025e-10
7.96561e-9
-7.50663e-8
-3.74992e-8
9.30426e-8
-2.63711e-10
2.49273e-10
-1.8392e-10
-4.03699e-9
-9.30628e-11
6.64036e-11
-5.53728e-11
-6.99958e-11
-1.0591e-11
2.34758e-12
-7.51911e-12
3.50913e-11
1.25264e-11
-1.35831e-11
1.61648e-11
-3.6398e-11
-1.46677e-11
-4.28526e-10
-2.00855e-10
1.53393e-10
2.50841e-11
3.48577e-11
1.19281e-11
3.92913e-10
1.37106e-10
-1.71243e-10
-1.05747e-9
-5.96476e-10
3.81505e-12
2.99184e-9
-2.88943e-9
-5.45956e-9
2.21538e-9
-9.12726e-9
-1.06164e-8
1.7797e-8
-5.55668e-8
2.96167e-8
-1.31367e-8
2.4325e-9
-1.5165e-9
-1.00708e-9
-3.57297e-7
4.44626e-7
-2.92211e-7
-1.9833e-7
2.05273e-7
-1.43557e-7
1.09851e-7
1.97372e-8
-8.46623e-8
-8.84762e-7
7.97461e-7
1.13515e-6
-1.09843e-7
4.17025e-7
6.232e-7
-1.38444e-7
1.3059e-8
-1.38331e-7
-3.6995e-7
2.5112e-7
1.26401e-8
-1.83008e-7
-2.36347e-7
2.08571e-7
-5.12668e-7
-1.89768e-7
6.94331e-8
-1.43298e-6
2.88147e-7
-3.38795e-9
7.16116e-10
-3.15371e-9
4.16744e-8
1.31632e-6
-3.11898e-7
3.2847e-6
-8.79401e-7
-4.43805e-10
7.57158e-10
-2.0557e-6
4.26788e-7
1.16653e-6
1.35459e-9
5.61314e-10
-5.02811e-10
-3.25414e-7
1.94848e-6
-7.85093e-7
1.39661e-10
1.0442e-10
-7.10312e-7
2.63658e-7
-2.87965e-6
2.74588e-7
-2.68398e-10
4.70056e-10
-1.79853e-6
3.40402e-7
-4.02936e-6
9.52694e-7
-4.21004e-10
4.40386e-10
3.5643e-6
-1.11269e-6
-6.76959e-6
8.23356e-7
-3.11398e-10
3.56318e-10
-3.02259e-6
-2.16251e-10
1.01257e-10
7.89305e-6
-3.38574e-5
9.0942e-11
-4.62579e-11
0.000189922
-2.63404e-5
1.32912e-11
-7.81563e-12
9.89524e-5
-0.000632758
-5.362e-12
2.0069e-12
0.00826821
-0.00241236
1.02207e-12
0.00785997
-3.1192e-13
-5.62915e-13
2.97498e-13
0.0310365
-0.0180673
-5.03832e-13
2.10587e-12
0.0519922
-0.0244859
-4.53571e-13
-1.6273e-12
0.042453
-0.0379734
3.92699e-5
0.0133692
3.12494e-12
-3.24467e-12
0.0513585
3.70273e-12
1.27797e-12
-3.2537e-13
-7.64367e-13
1.74004e-12
-0.0127727
-0.021202
0.0219663
0.00891379
-0.00554599
0.0175261
0.0442109
1.1034e-12
0.00188056
-2.64316e-12
-0.000820696
2.98303e-12
-6.35905e-12
1.55246e-11
-3.69842e-11
-2.97478e-11
7.2491e-11
1.86291e-5
7.48533e-6
-4.087e-5
0.000119939
-1.05217e-10
2.26445e-10
1.26151e-10
-2.88871e-10
-1.64638e-6
-4.21919e-6
7.25489e-6
1.43882e-5
3.1173e-10
-1.38138e-10
-2.1983e-8
-3.55429e-7
8.26962e-11
-7.26503e-11
-9.78066e-11
1.68562e-8
-6.28232e-9
-8.87291e-9
1.20066e-11
-1.66949e-11
-7.71343e-10
2.97297e-9
1.97883e-9
-5.84284e-9
-5.91857e-12
3.67113e-13
3.52072e-11
7.01743e-11
-1.00399e-10
-9.8037e-10
-2.20484e-12
4.75616e-12
1.98782e-12
8.62014e-11
1.99071e-11
-3.45813e-10
-1.47083e-12
-2.53049e-10
3.04481e-12
6.05478e-12
-2.22177e-11
-2.41736e-11
-4.24833e-10
1.08524e-9
4.54632e-10
-6.05062e-11
6.6375e-11
2.23473e-10
-5.84474e-10
-8.20868e-10
2.93754e-9
-6.98537e-9
-6.34708e-9
2.17403e-9
-1.96758e-10
4.70728e-10
2.18545e-8
-1.03928e-8
1.14457e-8
-3.18467e-8
6.44318e-8
4.06019e-7
-1.67574e-7
2.65769e-7
-1.98793e-7
1.38239e-7
9.7968e-8
-5.44047e-8
-9.09711e-9
3.10167e-9
-4.08139e-7
3.88563e-7
1.6164e-8
-3.72811e-8
-3.95716e-7
4.16766e-8
3.22225e-9
8.4644e-8
-1.06805e-7
4.81214e-8
-1.72012e-8
6.80071e-9
-1.31194e-8
1.42023e-7
-4.73827e-8
4.01607e-8
-8.22828e-8
4.69526e-8
9.40189e-8
-8.05306e-8
8.05864e-9
-7.12961e-9
1.20775e-9
-5.70005e-9
1.74107e-8
7.1443e-8
-1.12628e-8
1.67454e-7
-1.78335e-8
-1.40752e-10
2.17684e-11
-2.34935e-10
1.70396e-9
-4.65685e-8
-6.87252e-9
-1.48981e-7
-2.23528e-9
1.96764e-11
4.83839e-11
-1.76288e-8
7.18683e-9
-2.29143e-11
-4.31202e-14
-5.88344e-12
7.11889e-8
-1.23853e-11
4.89131e-11
4.92402e-11
-1.45699e-7
-8.34429e-11
1.22019e-10
6.95283e-11
-9.06783e-9
-1.00615e-10
1.02699e-10
6.67824e-11
-1.22323e-10
4.40605e-7
-1.53909e-6
-4.91235e-11
4.70754e-11
6.25781e-6
-1.32663e-6
-3.47309e-11
1.82158e-11
8.19063e-6
-5.74485e-5
1.21085e-11
-6.49901e-12
0.000406709
-9.68992e-5
2.07313e-12
-8.25704e-13
0.000357922
-0.000524829
-6.79239e-13
2.51853e-13
-0.000932002
-0.00073875
1.655e-13
5.88008e-15
0.00492165
5.20702e-14
5.65468e-14
1.39316e-13
-0.0136704
0.00908791
3.92689e-14
-3.16862e-14
-0.0572904
0.0443041
-5.17392e-14
-5.08849e-14
-0.0489831
0.0455797
-0.0275359
4.52119e-13
-1.28124e-12
-0.0326345
0.0236924
-1.47266e-13
-0.0162398
1.41574e-13
0.00861747
1.42482e-13
-3.00642e-13
-3.7347e-13
2.11729e-12
-6.10768e-12
-3.72426e-12
1.10469e-11
3.24232e-5
-0.000285875
4.83359e-5
0.00112326
-1.50468e-11
4.22465e-11
1.6945e-11
-4.90828e-11
-2.60175e-5
-4.21409e-5
7.95905e-5
0.000106336
4.10865e-11
-1.08781e-10
-2.23596e-11
1.6842e-11
3.00866e-7
2.15228e-6
-2.02398e-6
-9.9791e-6
5.63715e-11
-5.44043e-11
3.77234e-11
1.7239e-8
3.82277e-11
-3.33001e-11
2.6235e-11
3.99657e-8
5.66794e-12
-4.19139e-12
6.18368e-12
-2.57911e-11
-6.43756e-13
2.32932e-13
8.04221e-14
1.93411e-9
1.53371e-13
3.89906e-13
-1.06209e-12
-1.80463e-12
5.71428e-10
-1.25604e-9
-1.11261e-9
5.17411e-10
7.88597e-12
8.34032e-12
-3.84024e-11
-2.87458e-11
-3.42103e-9
1.01761e-8
4.49911e-9
-1.47106e-9
-5.04233e-12
9.75176e-12
6.11919e-10
-5.06677e-10
1.18976e-8
-1.63362e-8
-3.58194e-8
1.62091e-8
3.11218e-9
5.67268e-8
-1.62947e-7
-5.59886e-7
5.10782e-7
-4.37867e-7
4.88411e-7
4.93984e-7
-4.01628e-7
-4.69976e-7
3.29524e-7
1.73034e-7
-1.16075e-7
5.36762e-8
3.79797e-8
1.36861e-9
-5.07842e-8
-4.70253e-9
7.03551e-10
-8.8326e-9
9.08953e-9
-4.02528e-8
4.88523e-9
-1.81422e-8
-1.05394e-8
-6.58896e-9
-1.37022e-8
-6.2078e-10
5.37343e-10
-7.57277e-9
1.91772e-8
-1.50154e-8
8.49415e-9
3.76762e-9
-2.05508e-10
-4.09292e-9
2.5557e-9
-3.73956e-10
7.85609e-11
-2.75464e-10
8.07261e-10
5.04081e-9
-1.00381e-9
7.33967e-9
-1.36554e-9
-7.42247e-12
-1.79079e-11
8.75795e-11
6.06147e-10
-1.42044e-9
9.04763e-8
-1.64321e-8
6.53106e-12
8.43362e-13
-3.5178e-8
6.25509e-9
-2.77366e-8
1.25347e-8
3.09525e-12
-7.83758e-12
6.99027e-8
-1.41395e-8
-7.36771e-8
-1.59998e-8
2.43863e-11
-4.1617e-11
4.83212e-9
2.08996e-8
1.15022e-7
-3.955e-8
3.51355e-11
-4.15735e-11
-3.68388e-7
4.41056e-8
4.156e-7
2.35775e-11
-1.74539e-11
4.45585e-7
-3.24093e-6
-9.15667e-12
6.04895e-12
1.91295e-5
-3.94426e-6
-3.90108e-12
2.10466e-12
1.50244e-5
-4.3281e-5
1.18981e-12
-6.34936e-13
0.000101465
-3.23535e-5
2.11295e-13
-9.87124e-14
0.000187096
-0.000441628
-1.01163e-13
4.48605e-14
-1.17303e-14
1.768e-14
-0.00297684
-0.000860793
0.000392516
9.20669e-5
0.0024097
-1.73017e-14
-2.79131e-14
-0.00414901
-2.88029e-14
2.93822e-14
-1.2642e-13
1.58678e-14
-5.33585e-14
-1.92623e-13
2.35993e-13
3.91809e-13
-9.58142e-13
0.000968012
0.00400112
-0.00243898
-0.000600671
0.000574926
-0.0024167
-0.0104371
-3.25961e-13
1.21713e-12
-1.37303e-12
4.78936e-12
1.44264e-12
-5.20934e-12
-0.000211179
-0.000217604
0.00048162
0.000363256
4.68364e-12
-1.44989e-11
-5.51601e-12
1.27826e-11
1.00656e-5
3.76038e-5
-4.05693e-5
-0.000120098
-2.71965e-11
3.7427e-11
-1.89709e-8
-2.46935e-7
5.08569e-7
1.42109e-6
-1.51678e-11
3.27318e-11
-4.67025e-9
-1.92605e-7
-6.42772e-8
3.53433e-7
4.13813e-12
1.93416e-12
-7.42574e-9
9.37795e-9
2.79125e-9
4.07692e-8
5.32745e-13
-1.98114e-14
-1.66265e-9
-1.68823e-9
2.41339e-9
1.17016e-8
-1.76525e-13
1.41746e-13
-6.96127e-10
2.80139e-9
3.98241e-13
1.73855e-12
-2.15626e-12
-2.45675e-12
3.01423e-9
-6.65753e-9
-9.06066e-9
3.28655e-9
7.85837e-12
-2.037e-11
-8.70214e-12
9.06123e-11
-2.71529e-8
6.40575e-8
3.57734e-8
-1.32819e-8
-1.55807e-10
-1.0445e-11
6.38084e-9
3.41639e-10
-1.0292e-8
-3.59451e-8
4.32048e-8
-8.21339e-8
-2.45032e-8
-1.81229e-9
-9.87542e-8
6.86279e-8
1.36774e-7
-3.64483e-7
4.86442e-7
-5.88905e-7
6.28997e-7
-4.42672e-7
-1.38739e-9
3.60223e-9
-2.46196e-9
9.23108e-9
2.80663e-9
2.66416e-9
4.155e-9
-2.62318e-10
1.21639e-9
-6.8784e-10
5.45673e-9
-1.19272e-9
6.67968e-10
4.22764e-10
-1.79347e-9
-1.8352e-9
-4.21634e-10
-1.54198e-9
1.90444e-9
-9.00495e-10
-2.72092e-9
-1.27134e-9
3.96836e-10
-1.02028e-10
4.07655e-11
-2.65566e-10
-6.39543e-10
-2.92032e-11
1.79425e-10
-3.68099e-10
2.64849e-10
-2.40169e-11
7.10739e-12
-1.77859e-11
3.62557e-11
6.46198e-10
-1.13883e-10
2.89e-9
-5.0151e-10
-2.7338e-12
6.54401e-12
2.15696e-10
-3.18996e-11
1.82551e-12
-3.50311e-13
-5.47879e-12
3.72465e-10
6.24327e-12
-8.69069e-12
-2.19981e-12
-1.47792e-10
9.10607e-12
-1.04511e-11
-4.34812e-12
1.34559e-11
5.19068e-8
-2.17107e-7
3.25353e-12
-4.79733e-12
9.06487e-7
-1.51925e-7
3.26872e-12
-1.99679e-12
5.70467e-7
-1.93136e-6
-9.79022e-13
6.15487e-13
6.80656e-6
-1.51044e-6
-3.60481e-13
1.88888e-13
7.10558e-6
-2.45896e-5
1.19801e-13
-3.88108e-14
-1.14874e-5
1.69285e-5
2.71557e-14
-1.22568e-14
7.92751e-5
8.19046e-15
0.00223496
2.00318e-15
-1.34277e-15
-4.36936e-15
1.31623e-14
0.0081627
-0.00539335
0.00455427
-0.00220013
1.09954e-15
-7.97743e-15
0.0117734
-0.00787668
-0.0220906
-5.22831e-15
2.85437e-14
-0.0140102
0.0107283
0.0201435
-5.95197e-15
8.79624e-15
0.0144744
-0.0122428
-0.0187163
2.33339e-15
2.63061e-15
-0.0118496
0.0105906
0.0162711
-1.39089e-14
5.2127e-14
0.00722096
-0.00592402
-2.3843e-14
6.04989e-14
-4.55262e-14
-6.05856e-14
3.29e-13
8.53094e-14
-3.59571e-13
-0.000926475
-0.000392831
0.00151454
-6.04088e-6
4.42227e-13
-1.46715e-12
-7.64259e-13
2.40153e-12
0.000137599
0.000331154
-0.000401159
-0.000789434
-5.31298e-12
1.00417e-11
1.40035e-11
-2.88789e-12
-1.98497e-6
-6.72969e-6
5.77302e-6
2.83477e-5
-3.24869e-11
8.15359e-11
-2.75087e-11
-9.58502e-7
-2.26483e-11
8.65936e-11
-3.62945e-11
-1.08877e-7
2.1825e-11
-3.43096e-12
-1.02224e-13
-5.19579e-8
-6.07899e-13
3.26968e-12
-7.48766e-13
-9.6456e-13
-5.89895e-9
2.73539e-8
-3.51597e-9
-2.07641e-8
-4.47778e-12
-9.85857e-13
4.09585e-12
-4.97955e-12
1.6078e-8
-3.56504e-8
-3.08076e-8
1.53139e-8
3.93931e-11
1.20077e-10
-3.91597e-10
2.48098e-9
-1.29881e-7
2.28456e-7
1.96115e-7
-8.82199e-8
-1.11358e-8
5.4433e-8
-1.15791e-7
2.29998e-7
-1.60086e-7
-4.26905e-7
3.47212e-7
6.9116e-7
-5.52417e-7
-8.50225e-7
6.70032e-7
7.5459e-7
-5.85398e-7
-4.34943e-7
3.82674e-7
-5.151e-8
-9.13194e-8
1.4238e-7
-2.19518e-9
1.12816e-10
7.02898e-10
1.50077e-10
-2.35171e-10
2.42789e-11
2.91776e-10
6.91882e-10
2.59712e-10
5.30452e-10
2.01208e-11
2.0981e-10
4.44625e-10
-1.58408e-10
6.83564e-11
4.7221e-10
1.38459e-10
-6.80651e-11
-1.53699e-10
8.42257e-12
-1.09569e-10
-7.29003e-11
-1.57393e-11
-8.25427e-12
3.97023e-12
-1.03904e-11
1.53653e-11
-1.4433e-11
1.84438e-11
-2.3846e-11
2.87265e-11
-2.6255e-12
-1.18222e-12
2.25298e-12
1.36363e-10
-1.95155e-11
-1.48775e-9
6.1009e-13
-1.49079e-13
-1.97266e-12
-6.09808e-10
5.74522e-10
2.0837e-9
1.55529e-12
-1.96729e-12
-1.12279e-12
1.3816e-9
-5.88848e-10
-3.20659e-9
2.36083e-12
-3.29208e-12
7.19744e-13
-2.8565e-8
1.16234e-8
4.81934e-8
9.14921e-13
-1.1257e-12
1.58483e-13
1.01143e-12
1.71243e-8
-8.62626e-8
3.91205e-14
-3.31408e-13
2.97371e-7
-3.44925e-8
2.43209e-13
-1.82854e-13
3.0649e-7
-1.03177e-6
-4.48294e-14
1.7853e-14
2.36219e-6
-7.3582e-7
-5.17182e-14
1.13879e-14
-2.83919e-15
-8.08547e-6
-7.49067e-5
1.67657e-15
-0.0004699
9.98444e-5
-4.83126e-15
-3.44867e-16
-1.22998e-6
-0.00013809
-2.81464e-16
1.08705e-15
0.00147651
1.8902e-16
7.39262e-16
2.28386e-15
-1.00558e-15
7.35205e-15
7.13097e-15
-9.85391e-15
5.55756e-15
-1.40365e-14
4.24451e-14
0.00167728
-0.00223818
0.000878117
-0.00192525
-0.000271287
0.00589236
-1.81622e-14
1.50391e-14
-1.48091e-13
1.88084e-13
1.87335e-13
0.00102171
0.00162095
-0.00215601
-0.00284169
-1.08854e-12
1.49356e-12
4.21446e-12
-2.80018e-14
-1.5667e-5
-0.000101751
2.92025e-5
0.000322409
-1.41718e-11
3.85785e-11
-1.05919e-12
-2.46936e-7
4.70148e-6
-1.35328e-5
-8.26337e-11
2.13817e-10
-6.95709e-11
-1.28164e-7
9.5681e-7
-2.4515e-6
-6.17968e-11
2.43321e-10
-1.07485e-10
-5.08911e-8
3.99006e-7
-1.03294e-6
8.61258e-11
-3.64663e-11
-5.57876e-12
1.48693e-12
1.44626e-7
-3.96081e-7
-1.52916e-11
-1.18953e-10
2.54026e-11
-1.74213e-11
-3.44287e-8
8.97173e-8
8.76704e-9
-1.32941e-7
2.44053e-12
-9.95557e-11
7.34535e-12
-9.06034e-11
8.44614e-8
-2.36247e-7
-1.93699e-8
3.6672e-8
-1.15613e-9
-4.15603e-10
2.8435e-10
-9.18076e-9
5.12861e-9
1.37615e-7
3.40383e-7
-2.13948e-7
-6.11195e-7
5.23413e-7
-3.32233e-7
-3.63818e-7
-2.34959e-7
5.10092e-7
-8.39257e-7
9.97641e-7
-8.26152e-7
4.4409e-7
4.81269e-11
-3.23971e-11
-4.76337e-11
-1.96999e-10
-1.47406e-10
-1.02132e-10
-1.62657e-10
-1.26765e-10
-2.47009e-10
1.01187e-11
-1.64457e-11
8.25352e-11
-4.51163e-12
1.29651e-11
4.75846e-11
6.3976e-11
3.54419e-11
5.93023e-11
-9.80398e-12
3.95562e-11
-9.84903e-12
2.46344e-11
-1.74182e-11
5.6396e-12
2.75747e-11
-3.54231e-12
2.14778e-11
-1.36404e-11
-2.94236e-13
-2.60085e-12
-6.26412e-12
-1.36166e-12
-1.10799e-12
1.29785e-13
-2.76944e-12
-9.87863e-13
-3.36321e-13
2.31926e-12
-9.55529e-11
1.90686e-13
-7.10935e-14
-4.72048e-13
-2.27574e-10
9.54165e-11
7.9727e-11
3.36263e-13
-4.31676e-13
-3.46291e-13
1.34331e-9
-3.84549e-10
-3.46699e-9
5.82093e-13
-8.94383e-13
3.90737e-13
-3.17e-9
2.19064e-9
3.82963e-10
1.89886e-13
-3.63935e-13
2.53886e-13
-1.23076e-8
4.32152e-9
2.35564e-8
-5.70695e-14
-2.60101e-13
2.4633e-13
-1.87995e-13
1.18816e-13
-2.06859e-8
-1.30305e-7
1.7821e-7
-6.40164e-14
-1.64558e-13
1.03103e-13
-1.0399e-13
2.69675e-14
2.77135e-7
5.1395e-6
1.39881e-14
1.40608e-5
-3.71725e-6
-2.91056e-14
-7.81621e-15
2.05141e-5
-2.04193e-5
2.58723e-15
-6.26255e-16
-1.40457e-17
-9.99007e-5
-0.00118731
9.12763e-16
-4.42689e-16
-0.00261022
0.00175087
3.1661e-16
-8.3686e-17
-0.00372634
0.00548234
-8.85411e-17
-6.06188e-16
0.00647297
-0.00855029
3.05903e-16
-6.75554e-17
-0.00799214
0.0103435
-3.08965e-17
-5.02046e-16
0.00643988
-0.00922798
1.5331e-15
-3.78311e-15
-0.00302583
-1.42277e-15
-8.37536e-15
1.14618e-14
3.16126e-14
-4.31292e-14
4.76174e-15
-0.00565599
-0.00478211
0.00409442
0.00374809
0.00764837
0.00393598
2.56491e-14
-3.6608e-13
1.12145e-12
-9.51767e-13
5.01895e-13
2.61199e-13
-1.80087e-6
-0.00106073
0.002228
-5.12051e-12
1.19617e-11
2.15026e-12
1.86412e-6
4.56225e-5
-0.000118795
-3.72286e-11
9.62272e-11
7.73708e-13
-3.30763e-7
8.35051e-6
-2.58921e-5
-2.2745e-10
6.02498e-10
-1.87074e-10
-1.03947e-7
2.99945e-6
-8.10574e-6
-1.82131e-10
6.18059e-10
-3.47574e-10
-1.4488e-8
1.02881e-6
-2.73209e-6
4.55579e-10
-1.72188e-11
-1.76964e-10
7.96943e-11
3.47279e-7
-9.58401e-7
1.96754e-10
6.84229e-10
-2.00446e-9
1.2587e-9
-3.47315e-10
4.49678e-11
-1.15207e-7
1.42267e-7
-2.91934e-7
6.73277e-10
-4.10108e-10
-1.58313e-9
-5.40362e-9
7.89719e-9
-3.64649e-8
-5.60813e-7
7.52737e-7
3.2634e-7
-3.02876e-7
4.55143e-7
1.34338e-7
-1.82379e-7
2.02106e-7
-2.05906e-7
2.52242e-7
5.99025e-7
-5.62255e-7
-9.16026e-7
9.26564e-7
9.54862e-7
-1.03493e-6
-4.12486e-7
7.04301e-7
-2.49184e-7
-1.83932e-7
6.2997e-7
-2.25569e-11
9.77014e-12
-2.33732e-12
-1.24371e-11
-2.13348e-11
-1.97176e-11
-1.53627e-11
-1.27853e-11
7.6412e-12
-1.14655e-11
-9.32585e-13
3.02969e-12
-1.13906e-12
2.0468e-13
3.46107e-12
-5.45703e-13
6.38624e-12
6.41053e-12
8.51123e-12
7.09801e-12
-1.26897e-12
-1.63483e-12
3.12541e-13
3.54631e-12
-2.1169e-12
2.30422e-13
4.1933e-13
7.69163e-13
-6.37875e-14
1.74288e-13
-3.75864e-15
-9.29269e-13
-2.11863e-13
-8.17707e-13
-5.07739e-12
-6.38942e-14
-9.50354e-14
-2.81393e-13
9.42937e-15
5.99707e-12
-1.34731e-12
-4.83785e-11
7.50905e-11
5.99475e-14
-8.12813e-14
-9.24261e-14
4.43235e-10
-1.37075e-10
-1.02475e-9
1.1317e-13
-2.32085e-13
1.4256e-13
-3.32859e-10
4.32315e-10
-6.08598e-10
2.32172e-14
-1.03612e-13
1.28276e-13
-1.64673e-9
7.66446e-10
1.1779e-9
-7.61317e-14
-2.79023e-13
2.96485e-13
-2.6968e-13
2.77893e-13
8.23567e-9
-1.92891e-9
5.79097e-8
-1.49974e-8
4.35571e-9
-6.23482e-14
-2.84757e-13
2.6538e-13
-2.50246e-13
1.96386e-13
-1.96756e-7
5.31639e-8
-1.24485e-6
5.7842e-7
-9.31575e-7
-1.93552e-14
-1.0033e-14
2.00097e-14
-8.03928e-15
1.56884e-15
2.55406e-5
0.000225477
6.09137e-15
-1.10577e-15
0.000910378
-0.000581669
-4.74064e-15
0.000575556
-0.000827464
2.35433e-14
1.17119e-14
-2.67095e-15
1.00257e-15
-0.00170485
0.00155923
-0.000915384
0.00234854
1.08673e-15
-5.23065e-16
0.00262361
-0.00144256
-0.00429806
1.05214e-15
-4.85888e-16
-0.00270241
0.000477349
0.00538338
1.60456e-15
-5.79376e-16
-0.00101785
0.00127689
-0.00284933
-1.46455e-15
7.63351e-16
-8.02179e-16
0.00473739
-0.000933803
-1.2653e-15
3.25358e-15
-0.00748864
1.89599e-16
-1.907e-14
2.66857e-14
-1.42186e-13
1.07523e-13
1.34542e-13
0.00135909
0.00571512
-0.003322
-0.00122615
-0.00924752
-1.08129e-12
3.02463e-12
-2.86841e-12
1.68421e-12
2.1957e-12
-7.76059e-5
-0.000214956
0.00038196
9.81645e-5
0.000841309
-1.39821e-11
2.50944e-11
4.12252e-12
6.71236e-6
1.00672e-5
-5.32764e-5
-8.32094e-11
2.1392e-10
6.11214e-12
2.55345e-6
2.2354e-6
-8.36041e-6
-6.03072e-10
1.83969e-9
-4.58459e-10
8.88602e-7
7.44442e-7
-3.22026e-6
-8.0198e-10
3.67888e-9
-2.94833e-9
3.06594e-7
2.47403e-7
-1.08321e-6
3.75023e-9
-7.53191e-10
-2.26695e-9
-1.14853e-8
8.19594e-9
-6.40442e-8
-1.38122e-7
1.44849e-7
-3.33376e-7
9.0395e-8
-1.18696e-8
4.37191e-10
5.97606e-9
2.454e-8
-6.79256e-10
1.67061e-9
2.49199e-7
-2.40214e-7
1.03123e-7
-8.46392e-8
7.96015e-8
-2.71273e-8
1.4418e-8
-1.67306e-7
2.90182e-7
-5.05455e-7
8.69278e-7
-7.34365e-7
-7.80254e-7
8.83008e-7
5.79096e-7
-7.16547e-7
-1.41721e-7
1.02518e-8
3.29461e-7
-8.29871e-7
6.65348e-7
9.13835e-7
-1.08381e-6
-5.7077e-7
-8.08463e-13
6.15773e-13
-1.06595e-13
-4.11754e-13
7.00714e-14
-1.88541e-12
-2.29898e-12
-3.09569e-12
-1.23903e-12
4.51118e-13
-2.20969e-13
-4.5447e-14
1.83502e-13
-6.06004e-14
2.07339e-13
1.67821e-14
5.61994e-14
6.79779e-14
2.2831e-13
-1.31592e-13
3.56492e-13
7.17213e-14
2.27667e-13
-3.04294e-14
2.421e-14
3.81965e-14
-2.45312e-14
-7.35405e-14
7.99585e-14
2.70582e-14
4.44397e-13
1.96841e-13
2.5563e-11
6.14415e-14
9.47554e-15
9.60579e-14
3.75511e-14
-1.54956e-11
2.14316e-12
9.40017e-11
-2.38822e-10
-1.68099e-13
-8.83401e-14
7.30729e-14
-3.25873e-11
7.88237e-11
-2.25068e-10
-7.63938e-14
-1.06538e-13
9.99808e-14
-2.10014e-10
1.95596e-10
9.64388e-11
-1.41888e-13
-2.20411e-13
3.10611e-13
-3.171e-13
3.28328e-13
2.09716e-9
1.68028e-10
1.32052e-10
-5.56463e-9
1.60205e-8
-2.78778e-13
-3.11655e-13
3.4774e-13
-3.43292e-13
3.2413e-13
-1.28372e-7
2.81786e-8
-4.56759e-8
4.47249e-7
-1.22027e-6
-1.58836e-13
-3.89826e-14
3.06734e-14
-1.66389e-14
1.0813e-14
-1.76698e-5
1.04077e-5
-0.000102628
3.67541e-5
2.92714e-14
-2.467e-14
-5.77372e-5
0.00010057
9.10498e-5
-1.26064e-13
3.67069e-14
-3.03724e-14
7.47415e-16
0.00059653
-1.83325e-15
-3.11912e-15
-4.09333e-15
8.52968e-15
-5.7376e-15
-1.4077e-15
5.13583e-16
-1.86986e-15
1.88853e-15
0.00402036
0.00304894
-0.00647711
-0.00615199
-0.0027566
0.00854425
1.68402e-14
0.00586856
-5.47257e-14
2.91008e-14
-6.51582e-14
2.88651e-13
-1.76904e-13
0.000681234
0.000945103
-0.00276914
-0.000746784
-0.00304314
-2.40624e-13
-1.55239e-12
-1.04786e-11
3.85046e-12
1.2903e-11
-5.7255e-5
3.90833e-5
0.000153399
4.3347e-5
0.000166103
-5.78573e-11
1.11473e-10
9.2815e-13
4.98885e-6
-7.22633e-6
1.2059e-6
-3.83886e-10
1.0151e-9
-1.86012e-10
1.4585e-6
-1.33134e-6
6.7814e-7
-3.12839e-9
7.84568e-9
-6.44928e-9
4.46492e-7
-3.2723e-7
1.13625e-7
4.82147e-9
-1.02231e-8
1.47587e-8
-5.51127e-8
4.88455e-8
-7.30935e-8
-1.10983e-8
7.00814e-9
-4.00885e-9
-5.0719e-8
-4.38114e-8
3.81249e-8
-6.58261e-8
2.16318e-7
-1.18015e-7
1.62404e-7
1.0739e-7
-7.68217e-8
3.32965e-8
-1.83164e-8
1.9108e-7
-2.96827e-8
-1.35843e-7
2.62557e-8
-2.6562e-8
1.10452e-7
2.10565e-7
5.20206e-9
6.98079e-7
-6.7748e-7
5.47172e-7
-8.13595e-7
-2.37594e-7
3.62653e-7
-3.07453e-7
3.61668e-7
-2.29018e-7
-2.87512e-7
4.51009e-13
7.92434e-13
1.14245e-12
7.49075e-13
-7.52712e-14
-3.43942e-13
-1.22666e-13
-2.52305e-14
-2.29641e-13
-3.86352e-13
-3.20302e-13
-1.5216e-13
-5.86627e-14
-2.42518e-14
-1.19988e-13
7.97826e-14
-1.60656e-13
2.58375e-13
3.14222e-13
3.44348e-13
1.24474e-12
1.41394e-13
3.75857e-14
1.16282e-13
1.82901e-13
-3.82013e-13
-8.77573e-13
-3.12922e-13
-1.08164e-12
4.79264e-14
-8.78823e-13
9.57272e-13
2.87384e-12
-8.49311e-13
-5.15071e-14
6.56385e-12
-3.71285e-11
9.66235e-13
3.45333e-13
4.53507e-13
1.05503e-12
-4.63409e-13
-2.92503e-11
1.97502e-11
-3.00069e-11
-2.07468e-11
3.32307e-13
6.0139e-13
-1.09975e-10
-1.87098e-10
-2.34255e-10
7.3466e-13
-4.337e-13
4.40207e-13
1.10574e-9
-1.17647e-9
-1.98967e-9
-4.31433e-9
1.91929e-8
1.73136e-12
6.37839e-14
3.43616e-13
-4.40293e-13
4.47623e-13
-1.29868e-7
4.44457e-8
2.2599e-8
4.4809e-7
-1.50485e-6
3.73997e-13
-1.91914e-13
1.83598e-13
-1.14203e-13
2.84978e-14
-4.01533e-6
9.61001e-7
-1.60758e-5
2.61076e-6
1.56361e-13
-3.83372e-14
1.18962e-5
3.00206e-5
-7.02628e-5
7.36855e-13
1.67233e-13
-3.03849e-14
-2.06833e-14
3.63645e-15
-0.000519751
0.000434264
-0.000637788
0.000322821
-2.00791e-14
8.99744e-15
0.000138839
0.000404923
-3.19582e-14
9.34821e-15
-0.00104533
0.000731877
-2.69654e-14
0.00212297
4.96091e-14
-2.37164e-14
-6.19066e-15
1.20735e-14
-4.19826e-14
-1.62894e-14
0.00129728
0.00104047
-0.0030495
-0.00242381
-0.001805
0.0030931
1.80071e-13
0.00167499
-5.88007e-13
1.08745e-12
2.17444e-15
8.56586e-14
1.9011e-14
0.000155036
4.7326e-6
-0.000577526
-0.000113309
-0.000588039
1.27398e-12
-3.6005e-12
2.08939e-12
2.37051e-11
-4.44688e-11
-8.8668e-6
2.57733e-5
1.04375e-5
1.82339e-6
-1.04391e-5
1.71376e-10
-4.81114e-10
9.03646e-9
-9.64988e-7
1.62698e-6
1.22737e-9
-2.26539e-9
-1.58745e-8
-2.39724e-8
-2.53908e-8
6.87958e-10
-2.4493e-8
6.54079e-8
-1.3548e-7
7.65383e-8
-9.98889e-9
-1.30234e-10
-2.8361e-10
6.54568e-10
2.81473e-9
-8.60925e-8
1.82389e-7
-3.57806e-7
6.06419e-7
-4.04864e-7
6.15301e-8
1.06252e-8
-5.14959e-9
1.48583e-9
4.07811e-9
4.67213e-7
-2.42178e-7
-3.50925e-7
3.46269e-7
-5.23413e-7
9.32193e-7
-5.77146e-7
3.39568e-7
3.48281e-7
-2.29487e-7
1.3398e-7
-2.8743e-7
-3.4301e-8
6.87843e-8
5.70251e-7
-1.3748e-7
-4.83394e-7
1.29642e-7
3.79585e-7
-2.54257e-7
-4.76082e-7
2.44511e-7
2.21684e-14
1.67924e-13
1.61514e-13
5.45286e-14
1.1819e-12
-2.81614e-12
1.82328e-13
-1.79267e-12
3.44866e-12
-1.97273e-13
-1.28374e-13
-6.82602e-14
9.79555e-14
-4.0853e-13
-4.36397e-13
-4.43897e-13
3.39528e-12
-3.90559e-12
7.21736e-12
-1.86373e-11
4.68613e-12
3.87344e-12
-1.30862e-12
-1.18806e-12
2.84161e-12
-1.31107e-12
-1.07308e-11
-3.63257e-12
-2.50064e-12
-3.21505e-12
-7.06409e-12
1.03144e-11
-9.00003e-12
2.15892e-11
2.02241e-11
-5.4686e-11
9.82007e-11
-2.09652e-12
-2.21446e-12
1.69196e-11
1.29343e-11
9.67315e-11
8.52309e-11
-1.89995e-10
5.86848e-10
-3.64649e-12
-1.97271e-12
1.13511e-11
1.46939e-11
3.67701e-10
6.2985e-10
-9.3176e-10
1.73332e-9
1.806e-11
1.74932e-12
2.66573e-9
2.41466e-9
-4.54452e-9
-8.46711e-12
7.05222e-13
6.86375e-13
-3.57968e-8
4.78863e-8
-1.96837e-8
9.74384e-8
-7.03343e-12
-7.56247e-7
1.65138e-12
-1.02157e-12
2.67641e-13
3.09859e-6
-1.18055e-6
1.24566e-6
-7.51015e-6
2.97577e-12
-1.51884e-12
2.17292e-5
-1.73798e-6
2.12501e-12
-6.61332e-5
-1.03133e-12
-1.12774e-14
2.79024e-14
-0.000377142
0.000310737
-6.06429e-5
2.37893e-7
-2.59173e-13
1.00912e-13
0.000456034
-0.000376806
-3.09587e-13
8.37395e-14
-0.000842391
0.00102921
-2.31581e-13
0.00127469
1.75556e-13
1.07413e-13
-4.56377e-13
-1.1613e-13
4.50684e-15
0.000435283
9.66488e-5
-0.000863854
-0.000745856
-0.000871509
0.000931513
8.30419e-13
0.000285593
-3.31905e-12
-2.006e-12
7.11496e-12
6.29925e-12
2.33892e-5
-5.06026e-5
-3.29761e-5
-1.28571e-6
-6.58567e-5
-4.35717e-11
3.10585e-11
2.07e-10
-1.46664e-10
3.23888e-8
1.66056e-7
-2.39773e-6
3.3126e-6
-8.40731e-10
5.82875e-10
2.95516e-9
-2.14016e-9
9.00493e-9
-3.0291e-7
1.74282e-7
9.74147e-10
-9.09534e-9
6.98467e-9
2.46831e-8
-2.07343e-8
-3.55405e-9
3.65058e-9
1.15059e-8
-1.178e-8
-5.95356e-8
1.2065e-7
-2.47081e-10
5.07139e-10
5.707e-10
-2.03512e-7
2.01881e-7
3.04723e-7
-4.26314e-7
9.39433e-9
-1.69463e-10
-2.09621e-10
-1.43932e-10
7.18287e-10
4.5028e-7
-6.22662e-7
-3.71336e-7
6.11556e-7
3.27524e-7
-6.07898e-7
2.65818e-7
-3.33883e-8
1.47689e-7
-6.66545e-8
1.72648e-8
8.35987e-9
-2.40744e-8
6.76041e-7
-8.41003e-7
-7.20733e-7
7.70418e-7
9.50393e-7
-6.58245e-7
-7.81741e-7
5.54068e-7
4.68966e-13
3.14078e-13
1.67183e-13
-8.02826e-14
2.533e-12
-1.16379e-11
-1.57204e-11
-3.22817e-12
-4.12397e-13
-1.08092e-12
1.03226e-13
1.83573e-12
1.12375e-12
-1.15177e-11
-7.05481e-12
3.67878e-11
1.39548e-11
7.00716e-11
4.03356e-11
-4.50014e-11
-1.88955e-11
2.33881e-11
3.99967e-12
2.5942e-13
4.27621e-12
-4.17191e-12
-4.98102e-12
9.69568e-12
2.44748e-11
-3.26568e-11
-3.24959e-11
-1.75866e-11
-8.07751e-11
-7.87706e-11
-1.74697e-10
-2.38207e-10
1.69616e-10
1.05539e-11
2.05667e-10
7.24771e-11
-7.95964e-11
-2.68339e-10
-6.7904e-11
-6.53929e-11
4.52557e-10
3.729e-10
2.80011e-11
4.48505e-10
4.5695e-10
-1.17123e-9
-9.02529e-11
-6.80122e-11
3.68992e-10
3.78226e-10
-2.06093e-9
1.79052e-9
4.75863e-9
-1.18081e-8
3.36845e-11
2.09306e-11
4.84983e-10
9.87862e-11
3.05145e-9
-4.83709e-8
-6.52437e-8
-1.57856e-7
-2.26477e-10
-7.25034e-11
2.40318e-11
2.94117e-7
-8.38807e-7
5.87149e-7
-9.48882e-7
4.6649e-13
-9.52613e-13
-2.0432e-11
1.85089e-6
-2.70912e-6
-2.49746e-11
2.62523e-11
-1.0222e-11
-2.73406e-6
1.01655e-5
1.94012e-5
6.88235e-6
2.54092e-11
-4.21505e-12
-2.93637e-5
-0.000105439
8.64971e-13
7.5002e-12
-1.19025e-12
0.000169566
-0.000195494
0.000112729
6.44672e-13
2.95839e-12
-2.85933e-12
-0.000225543
0.000343676
-0.000487003
1.1509e-12
1.24484e-11
-2.96697e-12
0.000225641
-0.000480222
0.000946313
5.1046e-12
1.16652e-12
-0.000121214
0.000224715
-6.74536e-12
7.21064e-13
0.000429805
-0.000570121
1.97743e-12
5.07761e-14
-0.000167318
0.000534554
-1.9477e-12
-1.02409e-12
1.0813e-11
-6.20961e-12
-3.63902e-11
-2.39499e-11
-1.62966e-5
3.58625e-5
1.44053e-5
1.19295e-5
1.90283e-5
-2.08223e-5
6.03589e-11
1.59006e-10
-2.23086e-10
-5.72358e-10
8.20627e-10
2.66147e-7
-2.31813e-6
-6.38653e-9
-3.75994e-6
1.63618e-9
-2.6379e-9
-4.11305e-9
7.44233e-9
-6.03129e-9
-3.70212e-8
5.80668e-8
-1.39534e-7
8.86431e-9
-1.84377e-8
-1.50126e-8
3.96024e-8
-1.43507e-9
2.54848e-9
1.65751e-9
1.09121e-9
1.70777e-8
-7.27771e-8
8.60024e-11
1.11673e-7
-6.40942e-11
-3.26127e-10
-5.45576e-11
1.88696e-9
-7.72394e-8
-1.34204e-7
1.69112e-7
1.3053e-7
-3.23612e-7
-4.97493e-8
-8.21532e-9
-2.32499e-9
-4.84337e-10
1.17504e-8
-1.54965e-9
9.87972e-10
6.41119e-7
-1.42324e-7
-9.08321e-7
3.38833e-7
9.80721e-7
-4.64944e-7
-4.83719e-8
-7.62548e-7
2.87343e-7
2.18548e-7
4.64972e-7
-9.98204e-8
-3.82688e-7
-3.08855e-7
1.15054e-7
1.36845e-7
2.74519e-7
-2.46248e-7
2.43317e-8
3.746e-8
-1.31217e-10
2.24202e-10
-4.60996e-11
6.3835e-12
-9.56535e-12
-8.73207e-12
2.21624e-11
4.07859e-12
-6.21603e-11
1.11038e-9
8.26498e-10
-6.23554e-10
2.22316e-10
2.85486e-10
-1.25655e-9
5.7298e-11
-4.23905e-11
6.91535e-11
-1.65582e-11
-8.16983e-11
2.61737e-11
-1.41688e-10
-3.78592e-10
-2.00487e-10
-2.00218e-9
-2.00095e-9
2.22156e-9
-2.91893e-9
3.60125e-9
8.56609e-10
5.40266e-11
3.54873e-10
1.76215e-10
-1.17702e-9
-1.97388e-9
-1.88975e-9
9.8885e-9
9.5184e-9
-4.64977e-10
7.97564e-10
3.85228e-9
2.77952e-9
-2.16853e-9
-1.95893e-9
9.97433e-9
9.39268e-9
-2.07348e-8
2.59606e-8
1.24055e-7
2.35371e-7
8.30354e-10
7.66078e-10
1.09876e-8
2.71424e-9
-4.70945e-7
6.71531e-7
1.3191e-6
2.67263e-6
-2.25694e-9
1.79674e-9
-4.15544e-10
-4.79794e-6
3.38525e-6
-5.13906e-6
8.27592e-6
1.57583e-10
-1.08433e-10
-1.16419e-9
-1.29284e-5
-2.55275e-5
2.12562e-10
3.44569e-10
-7.43024e-11
3.1848e-5
-2.5304e-5
5.78244e-5
-5.79286e-5
8.65981e-11
6.34194e-12
8.96553e-5
-0.000124122
-3.49181e-11
-2.89056e-11
-9.96132e-5
0.000152224
1.6512e-10
-3.81799e-11
8.61365e-5
-0.000135807
6.84423e-11
-7.84595e-13
-7.20726e-5
0.000119361
-3.46331e-11
1.89456e-11
0.000103185
-0.000241719
-3.27446e-11
1.11165e-10
6.21548e-11
-4.56413e-10
1.7208e-12
1.74464e-11
1.45605e-6
-5.86201e-6
-9.06011e-6
-6.0847e-6
-4.54113e-5
1.43519e-5
-6.28097e-11
-7.41815e-10
3.29021e-10
-4.88052e-11
-5.9006e-10
-3.23074e-7
1.24084e-6
7.84427e-7
1.41052e-6
1.50432e-10
1.11659e-9
-1.52143e-9
-1.2372e-9
-2.63674e-8
5.76307e-8
2.76084e-8
1.55465e-7
1.34487e-8
-3.83061e-9
-4.33106e-8
2.37504e-8
-5.61278e-9
-1.27995e-8
2.18916e-9
9.44959e-8
1.53631e-7
-6.95667e-8
-1.8707e-7
2.51696e-7
1.13012e-9
-7.8917e-9
1.07809e-9
3.20145e-8
4.49715e-7
-4.0022e-7
-1.01807e-6
5.22257e-7
8.49037e-7
-9.4639e-7
-9.6309e-9
5.69815e-8
-1.01972e-8
-5.61292e-8
3.34984e-9
-1.53131e-8
-1.42178e-6
1.29062e-6
1.58102e-6
-1.35904e-6
-1.37043e-6
1.11457e-6
1.01302e-6
-7.48222e-7
-6.33553e-7
4.13845e-7
3.26433e-7
-2.70633e-7
-7.54594e-10
1.72971e-10
-5.29665e-12
-2.4058e-10
2.13866e-10
1.79797e-10
5.7401e-9
-9.23275e-9
-2.55866e-9
-1.79165e-10
-2.0805e-10
1.88139e-10
6.93713e-10
-9.54348e-10
-6.30452e-10
-4.1431e-10
-3.48047e-9
-3.62619e-8
-3.98048e-8
4.41482e-8
1.08312e-9
-1.84445e-8
6.76243e-8
-2.54284e-9
2.13499e-9
-2.12378e-9
-1.1046e-9
4.57538e-9
4.46352e-10
4.18692e-9
1.2882e-8
-5.50519e-9
-4.93733e-8
-4.43125e-8
-1.56177e-7
1.86124e-7
-2.83467e-7
-7.44217e-8
4.31697e-8
-5.00762e-9
-2.04329e-8
-2.0251e-7
-4.58596e-8
-3.63176e-8
2.61227e-7
-2.8518e-7
3.86069e-7
-5.66121e-7
-8.22663e-7
-2.59635e-6
-1.80224e-9
1.92544e-7
-1.61545e-7
4.39677e-8
3.17253e-6
-2.62789e-6
3.1576e-6
-6.27336e-6
-8.75053e-6
-9.81174e-9
6.02105e-9
7.41607e-8
9.13969e-6
2.23798e-5
-1.23449e-9
-1.74776e-8
-4.82798e-9
1.55266e-9
-2.28733e-5
1.64322e-5
-3.36733e-5
3.37333e-5
4.69863e-5
2.86504e-10
-4.95223e-9
-1.46268e-9
-3.45682e-5
4.37927e-5
-6.3254e-5
-1.83223e-10
6.69374e-9
1.77543e-9
3.17831e-5
-4.26582e-5
6.46275e-5
-5.7277e-10
-1.05111e-8
1.29893e-9
-2.57851e-5
3.32936e-5
-5.46602e-5
2.97866e-12
-4.68323e-10
-3.48038e-10
1.21461e-5
-2.35322e-5
4.96367e-5
6.11848e-10
6.85735e-11
-3.63537e-6
1.36225e-5
6.15779e-12
-9.1565e-7
1.34542e-9
5.16676e-9
-3.90981e-9
1.664e-8
8.22442e-10
1.17119e-9
1.2453e-7
-3.85508e-7
4.12987e-7
-1.9002e-7
3.30209e-6
-5.18874e-7
-3.95517e-11
-1.5247e-8
2.22605e-9
3.84631e-8
-2.79821e-8
-2.85083e-7
4.21548e-8
-1.08694e-8
5.64732e-7
-8.32291e-8
5.68977e-8
1.35296e-7
-1.89942e-7
1.73601e-8
-2.80002e-7
2.16271e-8
1.27159e-6
-2.79885e-7
3.74801e-7
-1.78153e-7
7.16424e-7
-5.50355e-7
-1.08218e-6
1.34039e-6
-5.15765e-8
7.06613e-8
4.10797e-8
-1.20259e-6
6.94398e-7
-1.84904e-7
1.43915e-8
1.92471e-6
-1.99857e-6
1.50223e-6
-2.62672e-6
2.1843e-6
-1.77612e-6
2.9263e-6
-2.25669e-6
1.67828e-6
-4.51686e-6
2.36382e-6
-1.37046e-6
1.39919e-6
-9.05273e-7
6.67843e-7
-7.13729e-7
3.59921e-7
-2.54703e-7
-1.1853e-9
6.7829e-9
-1.10114e-8
1.2033e-8
-4.49431e-9
-1.35753e-8
3.41245e-7
-2.13599e-7
-1.09485e-8
-6.8774e-8
2.2843e-7
2.69047e-8
-3.249e-8
1.40907e-8
-1.57271e-8
-6.00029e-8
2.35142e-7
7.60451e-7
1.22452e-7
8.07077e-7
-1.06739e-6
-3.82746e-7
-1.91817e-7
2.09423e-7
-2.06009e-7
3.8186e-8
4.13056e-8
-6.03602e-8
5.01535e-8
8.52921e-8
-3.49505e-7
1.35103e-6
3.48641e-7
5.37852e-7
5.25887e-7
-1.09675e-6
1.24292e-6
-1.51865e-6
1.36456e-6
1.57418e-7
2.99605e-8
-1.12023e-7
2.38874e-7
7.30137e-7
-2.41883e-6
4.77176e-6
8.74987e-7
1.16478e-7
-2.36071e-7
-1.72174e-6
1.42359e-6
-1.12877e-6
1.13392e-6
2.00145e-6
6.04184e-6
-9.66199e-6
2.18672e-8
2.6973e-7
-1.6468e-6
1.39127e-6
-3.44968e-7
-5.75339e-6
3.9324e-6
-7.49302e-6
8.57918e-6
1.29176e-5
-2.41225e-5
-2.38918e-7
-1.64434e-8
8.31286e-9
-4.41165e-7
-9.03387e-6
-2.0525e-5
2.68468e-5
-2.43694e-8
5.71039e-7
-5.47396e-7
5.19441e-8
1.87144e-5
-1.31902e-5
2.58541e-5
-2.02271e-5
-2.52791e-5
4.59259e-8
2.16296e-7
-1.21677e-7
2.0544e-5
-3.03533e-5
2.98478e-5
-1.74302e-8
1.52683e-7
1.24479e-6
-1.03893e-5
4.26794e-8
-7.96549e-7
-1.47751e-7
-9.40193e-8
9.73613e-7
-4.7832e-7
2.2231e-7
-1.34087e-6
2.72371e-6
-4.95853e-7
6.25945e-7
-1.6535e-5
-5.28828e-7
1.63892e-7
-1.04098e-8
-1.78916e-7
2.00818e-6
-8.90051e-7
2.65155e-8
1.62119e-6
6.3957e-8
3.2536e-9
-1.0099e-6
3.18463e-7
2.28322e-6
1.17763e-6
-4.26554e-6
3.61224e-6
-2.41359e-6
-1.28454e-6
-8.18622e-8
2.69233e-6
-5.76685e-7
3.26984e-7
-1.99812e-6
1.74051e-6
2.47779e-6
2.25088e-6
-4.9804e-6
2.26229e-6
-5.51968e-6
-1.29282e-6
-1.12207e-6
3.43173e-6
-2.6004e-6
1.52677e-6
-4.76144e-6
2.31904e-6
-1.97624e-6
4.61068e-6
-4.50557e-6
-1.09693e-6
-2.29846e-6
2.09495e-6
2.47708e-8
1.00102e-5
-7.02187e-6
2.2338e-6
-2.67994e-6
1.21385e-6
3.42448e-6
-7.23302e-6
4.84315e-6
-4.62924e-6
5.76836e-6
-4.95769e-6
5.70913e-6
2.53237e-7
-1.48169e-7
-1.01184e-6
6.97681e-7
-7.69213e-7
6.38994e-7
-2.76656e-7
-4.44429e-7
-9.08399e-7
1.15232e-6
-1.51319e-6
1.83082e-6
-1.71114e-6
9.29697e-7
3.15346e-7
-2.45053e-6
-1.19066e-6
1.32023e-6
-2.09407e-6
3.09484e-6
-3.79854e-6
3.58901e-6
-2.13602e-6
-1.93354e-7
2.47578e-6
-6.43414e-6
1.06543e-6
-2.10473e-6
3.6966e-6
-5.44309e-6
6.48057e-6
-5.98498e-6
3.8379e-6
-6.71561e-7
-2.94744e-6
8.97043e-6
6.9153e-7
-1.65716e-6
3.28358e-6
-5.67221e-6
7.98268e-6
-9.02855e-6
8.07727e-6
-5.38579e-6
1.83787e-6
2.26566e-6
-6.89056e-6
2.03125e-5
1.97743e-6
-4.37647e-6
7.33374e-6
-9.67695e-6
1.03493e-5
-8.96384e-6
6.22873e-6
-3.24502e-6
9.60449e-7
2.56891e-6
-2.4374e-6
5.10497e-6
-7.79504e-6
9.72454e-6
-9.90584e-6
8.40607e-6
-6.08763e-6
3.61706e-6
-3.10277e-6
2.88043e-6
-3.98647e-6
6.87501e-6
-8.08801e-6
8.25782e-6
-7.11578e-6
6.04925e-6
-3.05953e-6
3.23587e-6
-4.54588e-6
5.91367e-6
-6.5096e-6
5.82308e-6
-8.8276e-6
4.23895e-6
4.5146e-6
-3.49768e-6
