-0.00232609
0.0102255
-0.00388919
-0.00842482
-0.0133331
0.00327537
0.00270506
-0.000871215
0.00863827
-0.00263732
0.0111084
-0.00475019
0.00157477
-0.0119607
0.00533634
-0.00345988
-0.000883652
0.00355496
-0.0172272
0.00740478
0.00347319
0.0259082
-0.00648376
0.00448593
-0.00527355
-0.0205741
0.0139225
-0.0174963
0.00951397
0.017855
-0.00610604
0.00217136
-0.0155748
0.00242131
-0.000395121
0.0102559
-0.00265834
0.000423059
0.000665425
-0.00132109
0.00184866
-0.00210447
-0.0039291
0.00300831
0.000437399
0.00849789
-0.0126831
0.0190733
-0.0230731
0.0235257
-0.00468205
-0.0155092
0.000615271
0.00798957
-0.000729911
-0.000447186
7.12068e-5
-0.00597698
0.0163354
-0.00598606
0.0069176
-0.023423
0.00708977
0.0188972
-0.00926426
0.00138672
0.00643689
-0.0155876
0.0225908
-0.0236173
0.0186329
-0.00401806
-0.00983449
0.00175251
0.0054435
-2.57923e-5
-0.00277793
7.81007e-5
-0.000413807
0.00252343
-0.0115684
0.0133068
-0.0106665
0.00365086
0.006415
-0.0149029
0.017584
-0.0139574
0.00793537
-0.00350962
0.00135017
-0.0216039
0.0161284
-0.00316395
0.0204532
-0.0187514
-0.00285632
0.00169228
0.0102402
-0.0177852
0.0196947
-0.0147883
0.00501247
0.00429953
-0.00876103
0.00819916
-0.00546592
0.00146014
0.00254388
-0.000816573
-0.00210916
-0.000296284
0.000665481
1.88271e-5
0.000300339
-0.0178195
0.0115308
-0.00303021
-0.0103176
0.0206567
-0.025492
0.0220712
-0.013081
0.0038308
0.00169061
-0.00319683
0.00244985
-0.0013505
0.00136707
-0.000610322
-7.1005e-6
0.00743392
0.000358147
0.00982458
-0.02058
0.0249349
-0.0222793
0.0146939
-0.00688064
0.00178916
0.000671394
-0.00166958
0.00183593
-0.000249529
-9.64462e-5
0.00012233
-0.00551152
0.00571952
0.00324558
0.00023853
-0.00563448
0.0135928
-0.0189045
0.0163292
-0.0114007
0.00609157
-0.00286006
0.000623412
-0.000186914
-0.00116197
0.000544338
-0.000220893
0.00019341
-0.00104854
0.00255844
-0.00654202
0.00973833
-0.00888297
0.00692808
-0.0039614
0.00368129
-0.00123326
0.000915852
-0.000416094
0.000225845
-0.000245966
0.000373402
-0.000530159
-0.00048411
0.003288
-0.00498488
0.00372076
-0.00305709
0.00200259
-0.00383126
0.0027179
-0.000370519
-9.62882e-5
0.000248695
-0.000113813
0.000378245
-2.06986e-5
-0.00147769
0.00243826
-0.00163055
0.00251321
-0.00173459
0.000172147
0.00065621
-0.00126573
0.000174752
0.000219261
0.000360511
-8.42785e-5
-0.00118695
0.000813753
-0.000753136
0.000735573
-0.000550572
-7.95736e-5
0.000591852
-0.000298009
-2.38537e-6
-1.25669e-5
-0.000228969
0.000257073
-0.000575736
0.00184606
-0.00205621
0.00287748
-0.00477139
0.00206526
0.00452172
-0.00686746
0.00125972
0.00828713
-0.00905381
0.013293
-0.0141562
0.0156814
-0.0213294
0.0208369
-0.0217617
0.0308614
-0.0252285
0.019785
-0.0288731
0.0309412
0.0171881
-0.0135673
-0.0289863
-0.0175543
0.0120767
-0.000140538
-0.000681477
0.000234679
0.00184179
0.00108113
-0.000507662
0.00016167
-0.000107864
-0.00305978
0.0110771
-0.00778979
0.0113085
-0.0153185
-0.004324
0.0042626
0.00697678
0.00253029
-0.00332202
0.000454407
-0.0019166
0.000479549
0.00175246
-3.06463e-5
-0.00452287
-0.00226241
-0.000639087
0.00111407
0.00129728
0.000317585
-0.000509998
0.000302378
-0.000973409
-3.72724e-5
-0.000168642
0.00162363
-3.56531e-5
-0.00258012
-0.000656894
7.16848e-5
0.000392208
0.000161337
-0.000206244
2.1337e-5
-9.10179e-5
-0.00211884
0.00500811
8.80856e-5
7.91863e-5
0.00181831
-0.00296599
0.00103245
-0.00633195
0.00903731
-0.000170419
-0.000606057
-1.69785e-5
-1.85461e-5
3.05213e-5
-3.06653e-5
2.26371e-6
3.8481e-6
9.92597e-6
0.0156129
-0.0269937
0.0308924
-0.000111437
3.17926e-5
-4.9102e-6
-0.01585
0.0184381
-0.0247335
1.32858e-5
-8.34466e-6
-7.00554e-6
0.016041
-0.0172408
0.0178494
-5.95813e-6
7.10417e-6
2.3249e-6
-0.015526
0.0139161
-0.00999002
-3.57995e-5
4.77642e-6
-3.1451e-6
0.0108239
-0.00905233
0.00571002
-0.00421928
4.57036e-5
2.74785e-6
1.88073e-6
-5.9112e-8
-0.00453465
-0.00291049
0.00171584
8.48693e-5
-2.71436e-5
-8.42524e-6
-7.42531e-6
0.00343348
-0.00147531
-0.00184124
0.0016755
-0.000939015
0.000296884
5.25077e-5
-4.40821e-5
2.15259e-5
-1.12648e-5
2.01879e-5
0.000482933
0.000426196
-0.000223353
-6.48952e-5
9.98165e-6
-3.28339e-5
4.08334e-6
2.64475e-6
-4.71738e-6
-0.000245253
0.000100867
6.89395e-6
0.000146799
-0.000114333
-0.000111043
0.000277564
-0.000157263
-5.4005e-5
1.97218e-5
-7.127e-6
1.2412e-5
5.1265e-7
-2.4571e-6
-6.9739e-6
1.09804e-6
-4.24257e-5
7.60056e-5
1.85358e-5
-2.79341e-5
0.00010941
-1.49308e-5
9.52574e-6
2.78473e-5
2.34438e-5
2.18665e-5
3.28857e-5
-1.56321e-5
-1.10446e-6
3.59606e-6
4.79729e-6
-1.35632e-6
-2.47591e-5
4.1522e-6
-8.51907e-7
-3.15726e-5
8.09863e-6
-6.6924e-6
-5.73838e-6
-1.35876e-5
-3.0373e-5
1.3412e-5
1.37242e-5
-1.93611e-6
-1.35188e-6
4.10268e-6
7.30898e-6
-2.33528e-6
3.12157e-6
2.45327e-6
-4.64387e-5
-0.00576179
0.00940517
0.00756791
-0.00729235
0.0085417
-0.0174681
-0.00871584
0.00591188
-0.000393322
0.0120669
-0.00468588
-0.00866486
-0.0181936
0.0086364
0.0101004
0.0249288
-0.0201362
0.00532908
-0.0220167
0.0306133
-0.0253736
-0.0364139
0.0388272
0.0454482
-0.0454534
3.68627e-5
0.000121014
-0.000189961
-8.30926e-6
-0.000248713
-0.000349807
0.000510921
0.0207138
-0.0404928
0.0418466
0.0192426
-0.0259151
-0.0115482
0.0140248
2.16792e-6
-7.88468e-6
5.30541e-6
2.38488e-5
0.00537276
-0.00666847
-0.00219775
0.00271817
2.524e-5
-0.000150106
2.61262e-5
-2.26423e-6
0.000822979
-0.000978475
-0.000277934
0.00031186
8.12607e-6
-5.54594e-5
1.00722e-5
3.13573e-6
-4.29474e-6
9.55844e-5
-8.89943e-5
-2.52894e-5
1.9706e-5
-0.000132401
6.13445e-5
7.23655e-6
0.000426838
-0.000439996
-1.16927e-6
4.21434e-5
-8.60829e-6
-2.43374e-6
1.01341e-5
-7.92943e-7
3.36854e-6
-0.00180398
-4.21325e-6
-0.00266283
0.00279938
-0.000113058
0.00369638
-0.00519433
-4.62717e-5
0.00510751
-3.43831e-6
1.64105e-6
3.35473e-7
1.17921e-6
-5.51523e-7
-1.09896e-7
-7.40982e-7
-0.00658217
0.00800154
-0.00998074
2.18394e-6
-6.7058e-7
2.49197e-7
0.00942326
-0.0107333
0.0126122
1.19659e-6
-1.37108e-7
1.52191e-7
-0.0107405
0.0120718
-0.0135411
-3.88212e-7
-3.50913e-8
1.24735e-8
0.0095636
-0.0105583
0.0116548
1.08867e-6
-1.66121e-7
3.78564e-8
-0.00676949
0.00613451
-0.0077714
-3.10085e-7
1.03317e-7
-7.59001e-9
0.0037849
0.00335922
2.76207e-7
4.0358e-8
2.05115e-8
-0.00295114
0.00202586
0.00195159
-0.00140844
0.00127685
5.15187e-6
-1.65233e-6
6.88505e-7
-2.6811e-7
-0.000607492
-0.00032768
2.30558e-6
-3.62623e-7
1.82812e-7
0.000232712
-0.000148963
-6.78148e-5
-6.09314e-6
1.16551e-7
1.22202e-7
-2.20044e-7
-3.24651e-7
1.32925e-5
-7.89153e-6
-4.16168e-6
3.7447e-6
2.44046e-8
5.43844e-7
6.43384e-8
-7.81954e-8
1.17757e-6
1.00483e-7
-1.53081e-6
-3.22079e-6
5.47806e-6
-7.43447e-6
-9.87714e-8
-2.14971e-6
-1.3084e-7
2.12463e-7
2.18016e-8
2.84452e-7
1.53029e-6
-1.87363e-6
8.60635e-7
-1.95569e-7
-2.07515e-6
-1.37677e-6
4.21139e-7
-1.1775e-6
-3.37986e-7
-8.99702e-8
-1.23973e-6
3.07136e-6
3.73099e-7
-2.4234e-7
-4.12847e-7
1.22097e-7
8.31291e-7
-4.10404e-7
3.40628e-7
7.32906e-7
1.97342e-7
2.12048e-8
2.9399e-7
1.15211e-7
6.94836e-7
-1.31411e-7
-1.41601e-6
1.90627e-7
1.59096e-8
-1.99327e-7
-2.00742e-7
-2.36715e-8
-5.3029e-8
-7.40853e-8
0.00153832
0.000402807
-0.00763273
0.0257982
-0.0276642
0.0201159
-0.00513986
0.00206983
-0.00675097
0.0120308
0.0243069
-0.0383654
-0.0349218
0.0506323
0.0161563
-0.0366788
0.010059
0.00874802
-0.0306246
0.0159179
0.0380761
-0.0233887
-0.0380762
0.0277828
-6.60672e-5
-0.000129702
0.000343179
-0.000547444
0.000187593
-0.000475835
0.0278138
-0.0267754
-0.0153736
0.0148405
0.007006
-0.00544362
-2.03108e-7
-6.46484e-6
8.2306e-6
-1.66812e-6
-0.00281235
0.00214111
0.000990064
-0.000768105
1.66038e-6
-7.59291e-6
1.48034e-6
-2.0883e-7
-0.00030664
0.000248102
8.39906e-5
-7.43542e-5
5.18595e-7
-2.27354e-6
7.78535e-7
-3.30526e-7
-1.98784e-5
2.13034e-5
4.13946e-6
-7.03895e-6
6.59749e-6
-9.03504e-6
2.12534e-7
-9.04357e-6
8.78894e-5
-3.89644e-7
-9.31818e-7
2.35764e-6
-1.17303e-6
4.71093e-7
-7.92931e-7
3.41029e-7
0.000780485
0.000164953
-0.000167593
-0.00373343
0.00327538
1.77154e-5
-1.36009e-7
-2.21928e-7
2.64239e-7
-5.7209e-8
1.10145e-7
0.00219068
-0.00328593
-5.31598e-8
-4.4066e-8
-0.00498826
0.00553946
-7.85449e-8
2.86751e-8
0.00701399
-0.00822263
-2.70552e-8
2.02386e-8
-0.00779108
0.00925651
-5.50751e-9
5.0909e-9
0.00542636
-0.00772883
-5.23966e-9
1.61114e-9
-0.00360488
0.00541676
6.90947e-9
-2.47289e-9
0.00217313
-0.00315187
-3.6037e-8
1.00044e-8
-0.00126277
-0.00122351
-1.33557e-7
9.12052e-8
-4.14961e-9
0.000657293
-0.000339151
-0.000247155
0.000451875
-1.16333e-8
2.67849e-8
-1.04524e-8
7.24136e-5
4.09718e-5
7.35996e-8
-1.40934e-9
-2.39074e-9
-1.46032e-5
3.02608e-6
6.49343e-7
1.28766e-6
-1.63921e-8
2.89578e-8
-4.29e-9
-1.59361e-8
8.60682e-7
-6.07904e-7
-5.32583e-7
-1.12812e-7
7.68691e-9
3.27352e-8
1.15471e-9
7.2795e-10
1.79774e-7
3.56314e-8
-5.85673e-8
-1.85581e-8
-4.58012e-8
-7.68298e-8
-8.35645e-9
4.96705e-9
-3.36099e-8
2.73893e-8
1.2849e-8
1.95702e-7
-2.61436e-7
-2.3902e-7
2.95371e-7
3.06023e-8
1.93695e-8
8.53816e-9
8.69104e-9
-4.24242e-8
-6.0093e-8
3.32756e-8
-7.56174e-8
3.32978e-8
8.2562e-8
4.55868e-8
7.93792e-9
2.34948e-8
2.02471e-8
1.06397e-7
1.20605e-8
1.97891e-8
-5.60973e-8
-2.20511e-8
1.32125e-8
1.25963e-8
-2.34466e-8
-2.70784e-8
-1.09162e-8
-2.55674e-9
-7.021e-9
-3.71439e-8
-0.00405091
-0.0120737
0.0409313
-0.0069538
-0.0127149
0.0418269
-0.0684722
0.0474861
-0.0325965
0.00915196
-0.0863042
0.0658635
-0.0509145
0.0490113
-0.0485265
0.0263129
0.0178804
0.0303397
0.0257851
-0.03676
-0.0218626
-0.000877352
-0.0017815
0.00515716
-0.0199442
0.0131039
-0.00564848
0.0169219
-0.0156204
0.0029532
-0.0193128
0.00793811
0.00650423
-0.0120473
-0.00684537
-0.00460212
0.00603662
0.0146253
1.33514e-5
9.69518e-5
-0.000175375
0.000483848
-0.000341188
0.000105421
-0.00560381
0.00179035
0.000554938
0.00252672
0.00187453
-0.00238579
-0.00101193
8.66955e-7
-3.70671e-7
-4.81228e-6
1.51314e-5
0.000583089
-0.00113186
-0.000255572
0.000427716
3.58491e-7
-4.87295e-7
-6.5623e-8
1.70596e-7
0.000102714
-0.000176277
-3.44848e-5
4.86052e-5
6.11613e-7
-1.76433e-7
-1.7658e-7
-8.00053e-7
1.02659e-5
-1.71952e-5
-1.97832e-6
3.78569e-6
2.56169e-6
1.00183e-6
1.61281e-7
1.62531e-6
-9.11671e-6
-3.58664e-6
-1.39957e-7
6.08894e-7
-1.83531e-6
4.00668e-7
2.42414e-7
-1.77143e-7
-7.4001e-8
-0.000243971
0.000169093
2.13913e-5
0.000971401
-0.00175175
-1.93458e-5
4.00684e-8
2.09564e-8
1.06703e-7
-3.68776e-8
-3.2355e-8
-5.10434e-9
-0.000710633
0.00318049
3.44285e-8
-2.78189e-9
-0.00277006
-6.96029e-9
-0.00450626
0.0073649
-0.00134026
0.00481949
-0.00950675
0.000479864
0.0063958
9.21517e-9
-1.60333e-9
-1.07386e-8
2.65657e-9
2.25263e-9
-8.6231e-10
3.51037e-9
-6.15929e-10
-0.00416528
0.00648177
-0.00644122
-4.45668e-9
8.22165e-10
-8.52405e-10
0.00200513
-0.00379854
0.00536943
-1.06599e-9
1.42936e-10
-1.17998e-10
0.000574596
0.000917101
-0.00269242
-2.51793e-10
-3.12352e-11
1.30548e-10
0.000460201
0.00180027
-7.66849e-10
1.61146e-10
-0.000836811
0.000499861
0.000643773
-0.00121371
-2.44118e-9
8.13374e-10
-3.05834e-11
-5.02095e-11
-9.79207e-10
-0.000519791
0.000727025
1.67747e-9
-8.02206e-10
0.000213142
0.000115952
2.38001e-9
2.81629e-9
-4.82504e-5
-2.61453e-5
1.91956e-6
-2.8291e-5
-3.86773e-9
1.19554e-8
-1.32347e-8
1.85009e-8
2.59732e-9
2.46828e-6
1.07147e-6
1.50572e-9
-8.70577e-10
-1.38278e-6
-9.13901e-9
3.38101e-7
1.25551e-7
-1.33478e-9
2.75516e-9
3.90494e-9
-4.03744e-9
-7.15347e-9
2.20243e-9
-1.35042e-8
-1.40212e-7
-2.47369e-8
-4.18661e-8
1.52662e-9
8.21511e-10
8.45587e-10
8.14986e-11
5.54816e-9
-1.20229e-8
4.20673e-9
-5.26006e-9
-6.6336e-9
-2.14402e-9
-3.53247e-10
-4.41541e-10
-5.64734e-9
-1.08597e-9
1.76965e-9
-4.22312e-10
2.85891e-8
-9.80529e-9
1.10835e-8
-5.63393e-10
2.40505e-9
-7.49118e-10
-2.84117e-10
3.10102e-9
-2.9116e-9
7.94798e-9
-8.21254e-9
1.08979e-9
9.70034e-9
8.06664e-9
2.78659e-9
4.52845e-10
-1.78832e-9
9.74734e-9
3.3097e-9
3.44596e-10
3.7246e-11
-1.38368e-9
6.27089e-10
-6.87366e-10
1.27821e-9
-1.4427e-9
2.90816e-10
5.8311e-10
-1.32494e-9
-4.1047e-9
-2.21627e-9
-5.48077e-10
6.62998e-10
-1.65362e-9
-1.78346e-9
-5.56264e-10
-1.73464e-11
3.11776e-10
2.01814e-10
1.03871e-9
1.33374e-9
5.25183e-10
3.8327e-11
-3.46261e-10
7.15231e-10
0.0226477
0.0926732
-0.0685932
0.080757
-0.121294
0.0127765
-0.0184441
0.0272377
-0.0222788
-0.0332407
0.0282852
0.0209036
0.0150973
-0.0176025
0.000922013
0.00681096
-0.016749
0.013768
-0.00667709
0.0121463
-0.0421094
0.0193508
-0.014619
-0.00364208
0.00325871
-0.000118168
0.000394728
-0.000114835
-1.14017e-5
-0.000104768
6.99836e-5
-0.00116048
0.000184183
-0.00191228
-0.000540136
0.00113915
0.000906849
-0.00095634
-1.93139e-6
2.22398e-7
8.57496e-6
-7.55767e-6
1.8362e-5
-1.47377e-5
0.000785374
-0.000281746
-0.000118037
-0.000280302
-0.000241602
0.000319882
0.000116713
-1.85157e-7
-1.71246e-7
1.24428e-6
-2.32231e-6
4.53433e-7
-4.96593e-5
-7.93656e-6
6.2649e-5
1.06549e-5
-9.30783e-6
1.8613e-6
3.10187e-6
6.73846e-6
-2.06086e-6
1.74318e-6
-6.0044e-6
4.23664e-6
7.36979e-6
1.81477e-6
5.36178e-5
1.89072e-6
-5.20834e-5
3.40073e-5
3.6121e-5
-1.84124e-7
-1.87531e-7
-1.16449e-6
4.36002e-7
5.30032e-8
9.57479e-5
-2.38169e-5
0.000334371
-0.00047411
-0.000151138
-0.0004441
-2.0402e-9
9.15788e-9
-1.54882e-8
-1.52786e-9
1.86202e-9
-2.5059e-9
0.00012034
-3.50262e-10
-0.000865172
0.00216474
0.000107381
0.00126749
-0.00180594
-0.00143455
-8.20169e-10
6.22606e-10
3.89293e-10
-2.26141e-10
2.92375e-10
2.41308e-10
9.07125e-6
0.00141216
1.82062e-10
1.65634e-10
-0.00161173
0.000454783
-4.18579e-11
-3.17755e-10
0.00460652
-0.00251305
-7.51174e-11
9.35484e-10
-0.00078192
-0.000360156
0.000568308
0.000247466
-0.000406014
1.63176e-10
-9.33267e-11
8.52038e-11
7.66511e-10
5.03723e-9
-0.000169403
0.000356509
-7.23696e-10
-8.72079e-11
-4.26344e-5
1.88698e-5
-3.97799e-6
-6.32494e-6
1.64981e-5
-1.95377e-8
2.14131e-8
-2.38583e-8
2.1101e-8
2.52449e-9
-2.48577e-6
6.79142e-7
-7.71643e-8
-2.47462e-7
2.22918e-7
7.59252e-9
-8.24109e-9
8.61255e-9
-1.00668e-8
2.87766e-9
7.95728e-8
5.17771e-8
-8.36475e-13
-1.56829e-9
5.99517e-9
-2.91327e-8
-1.21945e-8
2.30367e-9
2.13007e-10
-9.26773e-11
1.43539e-10
8.29086e-10
-2.17257e-9
5.18491e-9
2.20905e-9
-2.12998e-9
1.57872e-9
7.66663e-12
9.68141e-12
3.55641e-11
-3.49775e-10
8.39072e-10
2.77009e-10
-4.03386e-10
3.8745e-10
-6.3235e-10
-4.03709e-12
3.48794e-12
9.01223e-11
3.82232e-11
-2.72353e-10
-1.35542e-10
5.71761e-11
-1.92705e-10
-9.30186e-11
3.41517e-10
-1.77139e-10
4.65155e-10
4.20274e-11
-7.92802e-11
-3.32255e-11
4.90473e-12
-8.3997e-12
3.56219e-11
-6.15455e-11
-6.03584e-11
2.63725e-11
-1.80832e-10
-5.27235e-10
-3.95056e-10
-1.08851e-10
1.32126e-10
-2.73129e-11
-2.01607e-10
-9.60333e-11
3.2941e-11
4.39524e-11
4.92198e-11
1.61172e-10
2.08661e-10
1.60992e-10
-3.2086e-11
-2.29565e-10
-9.48365e-12
0.0589662
0.0730178
-0.0395893
-0.0559032
0.00110908
0.00297197
0.0157827
0.0406981
-0.0279821
-0.0400213
0.0116365
0.00987635
0.00193328
0.00305796
-0.015334
0.0116163
0.00495862
0.0228582
-0.0378982
0.0107865
-0.00932824
-0.00195558
0.000799159
0.000217611
0.000345294
-8.42773e-5
-0.000193064
0.000897918
-0.000896626
0.00168282
-0.00104867
-0.000146622
-2.20824e-5
8.75318e-5
5.75189e-5
-5.79389e-5
1.96154e-5
-8.7356e-5
0.000121202
-0.000200445
9.76756e-5
0.000290389
8.57122e-5
-9.40512e-5
-0.000138031
0.000133076
2.53942e-6
-1.01473e-5
1.56706e-5
-0.000131227
-0.000108101
0.000135278
-1.56156e-6
4.22042e-6
1.50435e-6
-2.73485e-5
-2.2642e-6
3.03088e-5
-5.24278e-6
-4.21517e-6
2.11409e-5
-4.62657e-5
-1.82965e-5
8.40806e-7
-3.62324e-6
2.26274e-6
3.79137e-6
1.12327e-6
-0.000114267
0.000116594
-0.000157332
0.000623011
0.00018702
2.41336e-9
-1.38841e-7
-8.96904e-7
8.47247e-8
3.89612e-8
0.00150668
-0.0010117
0.000954408
-0.00302505
0.00173622
-0.00148147
4.31416e-9
-2.01258e-8
-1.02537e-8
3.97089e-8
-8.0133e-10
1.48356e-9
0.00208151
6.48806e-10
5.41652e-5
-0.00035437
0.000869158
1.27485e-5
-0.000108345
-0.00105063
0.000112443
-0.00283349
-8.46553e-10
1.01224e-10
-8.43368e-10
4.0632e-9
0.00156327
-0.00016123
-0.00144697
-4.17956e-10
5.93916e-10
-0.00421489
0.00166983
0.00337185
1.20186e-9
1.53201e-9
0.00480671
-0.00123277
-0.00565537
-6.68382e-9
1.10457e-8
-0.000573249
-0.000502188
0.000686671
0.000170338
-0.000179888
-1.62065e-10
1.66604e-9
-9.32304e-9
-5.46021e-5
9.86718e-5
-6.74841e-10
-5.865e-10
1.07366e-5
-3.50616e-7
-2.04862e-6
3.68878e-7
-1.0935e-6
-2.24173e-8
1.66583e-8
-1.83365e-8
8.902e-9
5.36628e-10
1.03908e-6
-2.17955e-7
-6.47849e-8
6.50868e-8
-6.88485e-8
1.05238e-8
-8.8308e-9
9.28413e-9
-9.05872e-9
-9.2804e-10
1.8548e-8
3.66459e-9
-2.4415e-10
5.98106e-9
1.41657e-10
8.56789e-10
-2.05203e-9
-1.50082e-9
-5.28171e-10
-1.16985e-9
4.40366e-10
-9.85594e-11
-6.62324e-10
5.32077e-11
1.92879e-10
-2.96153e-10
7.88255e-11
-1.54363e-10
1.54576e-10
2.38e-10
-1.1809e-9
8.10749e-11
4.27065e-11
3.52474e-12
2.16559e-11
3.31769e-11
1.44443e-11
8.43087e-12
-2.76636e-11
3.16478e-10
-6.56698e-10
-7.66817e-12
-4.96566e-12
-1.87222e-11
9.10886e-12
2.94879e-11
9.50569e-14
7.74211e-11
-1.50608e-11
-9.24094e-11
-6.05634e-11
-2.06932e-11
-1.71994e-11
-9.21966e-12
-3.46268e-11
2.11577e-11
-2.40797e-11
-9.18258e-11
7.358e-11
-1.42496e-10
-1.58367e-10
-2.44814e-10
2.86805e-10
3.75959e-10
-1.24914e-10
8.60079e-11
-6.52592e-11
3.58289e-10
2.75125e-10
2.08877e-10
4.89645e-10
-2.30421e-10
-0.00879298
-0.0202372
0.0203206
0.00876337
-0.0346395
0.0377502
0.0134689
0.024419
-0.014874
0.0240539
-0.025663
0.0209258
-0.00884559
-0.0194033
0.0179502
0.0118631
-0.00487856
-0.000910898
-9.20921e-5
1.63505e-6
6.17638e-5
0.00334434
-0.00284798
0.00866019
-0.00712003
-1.1941e-5
2.22695e-5
-3.69074e-6
-5.28473e-6
5.57341e-6
2.31121e-6
-0.000365767
0.000346558
-0.00098198
0.000405808
1.10141e-5
1.21603e-5
2.1312e-5
-5.66761e-6
6.6352e-6
1.98346e-7
-3.51221e-5
9.44076e-5
-3.88435e-5
-5.6887e-5
5.79929e-5
5.30099e-6
-8.9342e-6
3.08724e-5
-5.91959e-5
-4.81752e-5
6.69971e-5
1.92612e-5
6.98169e-6
-1.89079e-6
-1.31079e-5
-1.28897e-6
1.51968e-5
7.10576e-5
-5.54017e-5
2.45788e-5
-0.000228292
-3.60459e-5
7.39296e-7
-2.76095e-6
-1.09862e-7
3.75962e-6
1.20235e-6
-0.00055108
0.000472124
-0.000224396
0.00155356
0.000322022
4.49282e-9
4.05027e-8
-9.1071e-8
-1.67532e-7
-6.76027e-8
0.00338181
-0.00279706
0.00187022
-0.00303292
-0.00436464
0.00366764
-0.00190626
2.16721e-8
-9.85445e-8
-2.72905e-9
-2.13664e-9
-2.35813e-8
0.00222128
-1.86604e-9
1.16028e-9
9.53273e-9
-1.23441e-8
-4.97951e-9
-2.44447e-10
-1.35916e-8
-0.000365306
1.78041e-8
-5.53766e-8
8.90609e-5
-8.49303e-5
-6.54914e-9
-8.58517e-9
-7.68065e-6
1.64256e-5
1.20209e-8
3.99686e-6
-9.31883e-7
-4.08238e-8
-3.95744e-9
-1.82245e-7
1.8338e-7
1.70265e-7
4.15248e-7
-1.01153e-8
3.78586e-9
-5.7017e-11
-2.05369e-7
6.27673e-8
2.52653e-8
-1.32625e-8
5.73266e-8
8.98664e-9
-4.83171e-9
7.10202e-9
-4.37012e-9
1.0396e-8
-2.2481e-8
4.36759e-9
2.20448e-9
-1.78364e-9
6.28491e-10
6.94239e-11
-2.7261e-10
2.29113e-10
6.81121e-10
3.34493e-10
1.61799e-9
-4.72465e-10
-1.41717e-9
-1.32524e-10
-2.58546e-11
-2.58822e-11
7.01832e-10
9.00013e-10
-4.13058e-9
1.56399e-11
-4.97883e-11
-3.11485e-11
-7.00661e-12
-1.11582e-11
-4.56255e-10
1.45466e-9
-2.6542e-9
1.73503e-11
-1.26843e-12
6.93132e-12
1.25892e-11
2.63624e-12
1.29853e-10
2.77855e-11
1.15346e-10
9.66425e-11
1.7167e-10
-1.17001e-11
-6.23716e-11
5.37509e-11
-2.03485e-11
-1.10791e-10
1.21798e-10
-1.54919e-10
-7.78339e-10
5.68071e-10
-1.12069e-9
-1.10226e-9
-6.16175e-10
-1.17725e-10
-2.22647e-10
6.76396e-10
-4.12631e-10
2.26391e-10
2.14511e-10
-6.13414e-10
-5.73273e-10
-5.77361e-10
-1.22827e-9
2.35317e-9
-5.22225e-10
3.614e-9
0.0492375
-0.0487473
-0.0491122
0.0508974
-0.0445446
0.0438477
-0.0481921
-0.039466
0.0371708
0.0295521
-0.0219188
-0.0169579
0.00842107
0.00833161
-0.00254841
-0.0105888
0.00263182
0.000864685
0.000953231
-0.000573612
-0.000429346
0.00362064
0.00940972
-0.00448707
-0.015545
0.0212078
-0.0114021
-0.0322824
-5.01138e-5
0.000159072
-9.06219e-6
4.41832e-6
-8.70997e-7
-0.000171158
-3.08696e-5
3.0148e-5
-0.000151665
-0.00109227
0.000335291
-2.77873e-6
1.24945e-6
-3.87626e-7
-3.31751e-5
-8.15419e-6
5.99581e-5
9.62848e-6
-1.93713e-6
2.28334e-6
-8.87385e-6
1.41748e-6
1.05036e-5
-1.89887e-5
-2.85779e-5
3.33765e-5
1.04155e-5
6.35409e-7
2.65473e-6
-3.43666e-5
-2.65635e-5
5.77517e-5
3.5688e-5
1.98061e-7
-4.42819e-6
-1.10089e-5
-5.9517e-6
2.4507e-5
0.000148095
-0.000109967
1.54861e-5
-5.21343e-5
-0.000338129
-1.30946e-5
-1.48155e-6
5.6741e-6
1.29085e-6
-4.83353e-6
-0.001538
0.000806179
-0.000157157
0.000592925
0.00280795
0.000166318
2.29243e-7
-1.33968e-6
2.12156e-7
-6.86815e-7
1.57585e-6
2.32363e-7
0.000444666
0.00192624
-0.00239561
0.000617445
-0.00270269
9.31316e-5
0.00252118
4.25037e-8
-9.72e-8
-5.11566e-8
1.40362e-7
-2.95398e-7
0.00452721
-0.00229524
2.64302e-8
-2.21098e-8
-0.0045614
0.00295568
3.01036e-8
-1.1402e-7
0.00284844
-0.00149557
-3.63922e-9
-3.37691e-8
-0.00114893
0.000150997
1.82421e-8
2.87786e-8
0.000513658
-9.80871e-5
1.04092e-7
-2.22722e-7
-0.000403202
0.000460152
1.49066e-7
-5.84258e-7
-1.59042e-5
-5.37141e-5
-1.13251e-7
1.62043e-5
-7.0439e-6
-1.10646e-7
7.2769e-7
-6.88966e-6
-9.75125e-7
8.8012e-9
1.09731e-7
1.38466e-7
8.73023e-8
-5.91058e-8
-5.21932e-8
-2.45791e-8
5.75261e-8
8.33764e-9
2.0172e-7
3.47909e-11
-9.06133e-9
3.02763e-9
-2.20438e-8
5.14111e-9
-1.06476e-8
7.85977e-9
-3.91645e-9
9.86876e-10
-1.6518e-8
-2.13647e-9
7.14177e-10
-1.152e-9
2.71288e-9
-2.17282e-10
5.60385e-10
-5.14549e-11
5.06771e-9
1.15354e-9
-9.12166e-9
-5.15095e-11
-1.866e-10
1.07322e-10
2.60358e-9
1.73787e-9
-1.58006e-8
1.02936e-10
-2.71597e-10
-4.96296e-11
-1.80027e-9
5.36503e-9
-7.19024e-9
-1.43416e-11
1.82702e-10
3.47313e-11
-1.29551e-10
-1.98387e-11
-4.89772e-10
1.30358e-10
1.44979e-10
8.05326e-10
-5.46718e-11
-5.22799e-11
1.36898e-10
-1.1078e-10
-3.78278e-10
3.45552e-10
1.81754e-9
3.01614e-9
1.51519e-9
-4.7924e-10
1.22372e-9
-4.34706e-10
-8.54951e-10
6.31454e-10
-1.95927e-9
-1.31661e-9
1.04816e-9
2.10167e-9
8.4667e-10
2.65784e-9
1.69422e-9
-8.79866e-9
1.94985e-9
1.31931e-8
-1.23382e-8
-1.23779e-8
-2.75383e-9
-5.1426e-9
3.43709e-9
-3.53075e-10
-6.32424e-9
-4.15641e-9
-1.89341e-9
-1.34181e-8
2.00227e-8
-9.2578e-9
-0.0311419
0.0272341
0.032836
-0.00792919
-0.0200458
-0.00411651
0.00469976
0.0178455
0.00632772
-0.0258756
-0.00728047
0.0146506
0.0033125
-0.00524929
-0.000328142
0.00150923
-0.0233211
0.0120105
0.0405924
-0.0416561
0.0188006
0.0497064
0.000778173
-0.000724259
-0.000119585
-1.15027e-5
1.41967e-6
2.9314e-6
0.00173534
-0.000580091
0.00520298
-0.00203218
-1.74144e-6
8.94299e-7
-2.09618e-6
4.47913e-7
-2.50103e-5
-1.41192e-5
6.43671e-6
-8.6441e-5
1.69802e-5
1.23459e-7
-6.09091e-7
2.70702e-6
-4.18651e-6
1.58274e-6
7.30428e-6
1.00062e-5
-8.26624e-6
5.09022e-6
2.84331e-7
7.30878e-7
9.90837e-8
-2.75203e-5
-7.31402e-5
8.95534e-5
4.66413e-6
-2.72742e-7
-3.02609e-7
-6.80021e-5
-0.00013138
0.000152033
1.95599e-5
-5.03244e-7
-4.14424e-6
-5.85487e-7
-1.50232e-5
3.61661e-5
1.54885e-5
-4.68107e-5
-0.000246183
-8.84672e-5
9.34696e-5
3.62433e-5
5.2018e-6
-1.77343e-5
-4.73291e-6
1.43014e-5
0.00102788
-0.00204128
0.00121344
-0.000694401
-0.00107649
-0.000591709
-7.74296e-7
2.64099e-6
1.37838e-7
-2.01262e-8
1.08125e-7
5.61348e-7
-0.00367073
0.00420368
-0.00176681
0.00342344
0.00526183
-0.00381178
-0.00568303
0.000947553
-1.45861e-7
9.09876e-7
2.90233e-7
-5.76436e-7
-0.00473403
0.00341711
0.00525465
3.02011e-7
-1.0062e-6
0.00292106
-0.00188891
-0.00334972
-1.65241e-7
-3.81423e-7
-0.0011851
0.000376449
0.00148927
2.55961e-7
1.09464e-6
0.000402533
-1.1841e-5
-0.000552084
1.13769e-6
-4.01525e-6
-0.000153984
-3.38038e-5
0.000260815
1.36921e-6
-5.76806e-6
1.21065e-5
1.40894e-5
1.05388e-5
-3.91825e-7
4.05957e-6
-2.15757e-6
-1.35065e-6
2.52806e-6
-1.22047e-6
-4.56226e-7
1.01016e-7
4.41922e-7
4.39379e-6
1.20718e-7
-3.79003e-8
8.94649e-8
-3.57671e-7
9.90173e-9
-1.13128e-8
5.97493e-8
-3.81567e-7
3.97857e-9
-6.7639e-10
4.13371e-9
-1.08278e-8
3.23581e-10
-4.39235e-9
-3.78292e-9
1.45749e-9
-1.37536e-9
2.47134e-9
3.85832e-10
2.77101e-8
8.38473e-11
-1.28011e-10
4.74501e-10
1.36615e-8
4.94399e-8
-7.04e-8
3.04356e-10
-2.16162e-9
-1.38489e-11
-8.6721e-9
4.0549e-8
-4.64137e-8
-5.54223e-10
1.27415e-10
-4.88076e-11
2.44774e-9
-5.30007e-10
-1.17036e-9
2.53142e-9
3.99182e-9
-2.56784e-9
7.51315e-10
4.30198e-10
-8.64294e-10
1.80288e-9
-7.26169e-9
1.63664e-9
-1.17199e-10
-1.28542e-9
4.58023e-10
3.81054e-10
-6.46948e-9
4.75283e-9
4.22362e-8
-7.41528e-9
7.08593e-8
2.55831e-8
-6.18024e-9
1.36347e-8
-1.13947e-8
7.37115e-9
-6.85086e-9
2.19574e-8
1.29818e-8
2.11706e-8
-1.06192e-9
2.34838e-8
2.80224e-8
-5.17597e-8
-6.3053e-8
1.85084e-7
-2.59125e-7
-4.20621e-8
-7.7689e-11
-9.0941e-8
6.7431e-9
-3.79104e-8
-1.03761e-7
1.99101e-7
0.0210579
-0.0145834
-0.0288325
0.011192
-0.00646358
0.00875458
-0.00614772
0.025762
-0.0439853
0.0601851
-0.0253093
0.00835204
-0.00221474
0.000509785
-0.000231804
-0.00035622
4.4047e-5
6.9905e-5
-0.00546324
0.00211206
-0.010971
0.00494559
-1.52888e-5
5.08799e-6
-2.72469e-5
1.14199e-5
0.000165877
-4.18363e-5
0.000682554
-0.000196084
-3.40137e-6
8.92082e-7
-2.54175e-6
1.29408e-6
-3.66268e-6
-1.79282e-6
5.59791e-7
3.08889e-6
-8.81765e-7
-5.30299e-6
-3.24754e-6
2.02904e-5
4.86852e-6
-2.15748e-5
8.52988e-8
4.76961e-7
-7.0212e-7
-6.44509e-7
7.59469e-5
-0.000200166
1.21174e-7
2.696e-7
-3.90953e-7
2.15605e-7
8.27576e-5
-0.000407943
9.13337e-7
-8.22926e-8
-1.27573e-7
1.88704e-7
-6.6123e-5
5.42833e-5
0.000127348
-0.000320402
-3.15893e-5
-1.32751e-5
9.62744e-6
4.01154e-6
5.21439e-5
-0.000132505
-3.51831e-5
6.66835e-5
0.000385402
0.000253192
-0.000177853
-9.44147e-5
-6.88748e-6
6.8443e-6
-3.20981e-7
1.98862e-5
0.000456308
-0.00024128
-0.000205885
-0.000448235
-0.00148923
0.000686613
0.000245797
-4.73498e-7
-2.61977e-6
-3.1135e-6
8.38852e-6
-6.73806e-7
4.01984e-6
8.84503e-7
2.52704e-6
2.92294e-6
-2.35738e-6
4.66913e-7
2.70367e-5
-5.77267e-5
8.71557e-6
1.65358e-5
8.98035e-6
-1.0552e-5
-1.05579e-5
-1.15129e-5
1.27049e-5
-7.72448e-6
-4.33875e-5
-5.56595e-7
2.3336e-6
-3.49775e-7
2.37816e-6
-9.48121e-6
4.67409e-8
-3.45713e-7
1.28345e-6
-9.42033e-6
1.81206e-7
-5.82807e-8
3.82641e-8
-2.58424e-7
1.46187e-8
-5.21022e-8
1.30418e-7
-4.50237e-7
1.05254e-8
-4.22421e-9
8.15532e-9
-5.89009e-8
1.09957e-9
3.27028e-8
-1.13981e-8
1.80321e-8
1.85361e-7
-3.22084e-10
1.82785e-9
-8.4092e-10
-5.20936e-10
-1.81165e-8
2.31945e-7
5.70808e-9
2.9565e-9
2.28283e-9
-2.42691e-8
-5.79399e-8
1.12328e-7
2.40581e-9
-2.79772e-8
-1.21056e-8
5.76767e-8
1.71025e-9
-1.26585e-8
-5.32244e-10
5.05975e-9
3.96201e-9
-2.5939e-10
8.68514e-9
1.55058e-9
-6.18587e-9
1.65281e-10
-2.08926e-9
-1.67689e-8
6.29628e-9
2.89585e-9
-5.15217e-9
2.76043e-8
-1.32747e-7
2.44371e-8
-4.13269e-9
-1.90977e-8
2.3374e-8
1.36065e-8
-1.61727e-7
-5.46003e-8
-6.06019e-7
-2.33071e-7
6.80485e-7
5.34348e-7
-1.00069e-7
1.54087e-7
2.64999e-8
-1.87638e-8
-6.5277e-8
2.18768e-7
1.97373e-7
-2.66999e-7
7.18521e-7
-6.68799e-7
8.1024e-7
-7.00216e-7
-0.0037309
0.00137969
0.0204244
-0.0332142
-0.0474469
0.0720637
0.0681776
-0.110466
-0.120653
0.145346
0.0403927
-0.00172244
-0.0148169
-0.0039137
0.00434739
-0.0021856
0.00685016
-0.00323739
0.0082448
-0.0036489
-0.0116886
0.00199425
-0.000257316
4.27336e-5
-0.000247342
0.000191258
-0.00070112
0.000173346
-0.00196617
0.000729655
-5.6635e-5
1.20844e-5
-2.94538e-5
5.43617e-6
1.1752e-5
8.67007e-6
5.28926e-5
-6.2743e-5
-1.36114e-6
-5.46945e-7
-2.47313e-6
4.54672e-6
1.04993e-5
-5.26427e-5
-2.43809e-5
4.54778e-5
-8.78642e-6
-2.08212e-5
0.000189919
-0.00023947
3.82213e-6
0.0002935
0.000839234
-0.000932445
-4.35591e-7
0.000872415
0.00110405
-0.00167751
-2.61034e-6
-1.163e-6
7.57749e-7
3.35047e-8
0.000291509
-0.000554967
-7.93498e-5
-3.45614e-5
7.00878e-5
3.06496e-5
-2.38231e-5
-8.6076e-6
2.28056e-5
-0.000162963
-9.16362e-5
0.00030999
5.3239e-5
-0.00016714
1.65874e-5
8.90044e-5
-2.84069e-5
9.622e-5
2.68683e-5
-7.71943e-5
-2.74096e-5
0.0021853
-0.00327086
0.0015325
-0.00131949
-0.00210366
-0.000389542
0.00378174
-0.00125993
-3.44026e-6
2.0969e-5
-2.0608e-6
-2.41588e-5
0.000640225
0.00171111
-0.00231285
-1.85895e-5
8.42556e-5
0.000912651
-0.00325757
0.000610389
1.37618e-5
-5.62836e-5
-0.0033344
0.00468633
0.000993033
-1.25824e-5
2.72855e-5
0.00104343
0.000126821
-0.000479378
-9.37446e-7
1.80755e-5
-0.000462278
0.000240051
0.000222832
-8.1443e-5
0.000298255
8.25688e-5
-9.78572e-5
-0.000164297
0.000197468
-3.87563e-6
5.01916e-5
1.83684e-8
-4.44983e-6
3.86287e-5
-0.000200166
4.67814e-6
-1.39309e-6
2.25209e-6
-7.50494e-6
2.98652e-7
-8.24535e-7
5.39352e-7
-1.17382e-5
1.14801e-7
-2.62792e-8
-2.601e-7
2.38889e-7
1.0693e-9
-1.1672e-8
7.78941e-7
-9.54569e-7
-3.013e-8
-6.80186e-7
6.08547e-9
-2.22541e-7
-6.8762e-7
1.39707e-6
-2.91141e-9
7.63053e-8
-6.21718e-7
7.16819e-7
1.08239e-7
4.504e-8
-9.23452e-8
4.78792e-8
-5.01048e-8
-3.1384e-8
-7.09675e-11
2.79401e-9
-2.65604e-9
-1.25331e-8
3.82284e-8
-8.27825e-8
2.31824e-7
9.84406e-9
-5.75777e-9
9.89833e-8
2.30171e-8
-1.10491e-7
1.06396e-8
1.41837e-9
-2.21182e-7
5.83043e-8
-2.97109e-8
2.78969e-9
4.75241e-7
-2.5245e-6
4.56972e-7
-6.89514e-8
-1.53577e-7
4.48374e-7
-3.75574e-7
2.14883e-7
1.79998e-7
-1.84037e-7
-1.3478e-6
1.13876e-6
-1.06025e-6
-1.8464e-6
1.89403e-6
2.31131e-6
-8.85986e-6
6.52544e-6
-1.66172e-6
-1.92763e-6
5.95257e-6
-3.93239e-6
1.21691e-6
7.32865e-6
-6.8685e-6
-0.00394311
0.00122815
0.00443526
0.00261521
-0.0113487
0.0202907
-0.0835051
0.0324156
0.0995091
-0.108055
0.00764823
-0.000346446
0.00985989
-0.019548
-0.00613092
0.0134515
-0.000687973
0.00357629
0.00128859
-0.000122254
0.00213855
-0.00167176
-0.00113105
0.000201145
-0.000281134
4.56407e-5
9.43894e-5
-0.000514
-0.000439954
0.000878761
-1.92917e-5
6.56668e-6
-2.21173e-5
1.99062e-6
2.2667e-6
-9.76537e-5
0.000406985
-0.000152748
0.000257746
-0.000878084
4.12795e-7
3.92753e-5
1.39637e-5
-6.63385e-5
-2.04132e-5
5.46468e-5
-8.49915e-5
6.27628e-5
-0.000274789
0.000578267
1.46366e-6
-5.18859e-6
-8.69973e-6
-1.6049e-6
-0.00066495
0.00268461
4.60668e-8
8.15895e-7
-3.5825e-6
6.39051e-7
-0.00124211
0.00230299
-2.12247e-7
6.27172e-8
-7.65627e-7
3.24212e-7
0.000862837
-0.0010719
0.000502933
-0.00163906
6.88346e-6
2.05602e-6
-1.63542e-6
-4.11521e-7
0.000618902
-0.00172035
-0.000919115
0.00229867
-2.79074e-5
-3.83614e-5
1.47801e-5
1.41322e-5
-0.000269179
0.000789719
0.000169251
-0.000731091
-0.000573995
0.000671433
-0.000163627
0.000272613
0.000906129
-0.000139731
7.17305e-5
9.46423e-5
-0.000267207
-2.16444e-5
3.68778e-5
-0.000118036
-0.000112373
0.000536608
5.37532e-5
-0.000217674
0.000255029
0.000120802
-4.30853e-5
0.00074234
-0.000678191
-0.000917536
0.000995203
-0.000446055
0.000217718
-0.00057623
-0.000666212
0.00134129
-0.000139949
0.000388763
5.03306e-5
0.000810223
-0.00110547
-3.01196e-5
0.000100815
-3.18459e-5
4.76068e-5
-0.000191802
5.5701e-6
-7.93374e-6
3.70821e-5
-0.000242174
1.42379e-6
-3.98989e-7
1.15069e-6
4.0268e-6
1.36849e-7
-2.14046e-7
5.15978e-6
-3.48469e-5
-2.62741e-7
2.36572e-7
-1.34861e-6
2.38058e-7
-1.11023e-7
-1.61635e-6
7.02552e-7
2.43833e-6
1.95478e-7
5.883e-8
-1.00217e-7
8.03692e-10
-4.90887e-8
5.44379e-7
-2.28958e-6
-2.73346e-8
-5.42236e-8
5.00096e-8
1.38915e-7
6.09816e-7
-2.11268e-6
-1.82902e-7
-9.12494e-7
-2.81386e-7
2.42558e-6
2.37635e-7
7.19908e-8
1.44938e-7
6.54805e-7
5.0626e-7
-3.45671e-6
1.80414e-8
-9.7421e-8
2.64023e-7
6.27808e-6
-1.51658e-6
-7.1081e-7
2.9882e-6
5.15285e-9
-2.23178e-8
-7.1099e-9
-1.73706e-7
-4.61961e-6
1.26053e-6
1.06017e-7
-1.78315e-6
4.29707e-7
-2.26771e-6
1.32526e-7
-1.1018e-8
4.16671e-6
-8.81955e-8
-1.4869e-6
3.1823e-6
2.72572e-6
2.73467e-5
1.03238e-5
-3.43416e-5
5.15923e-6
-1.01025e-6
-2.24482e-6
-9.95069e-6
4.91861e-6
1.69912e-5
-1.52912e-5
8.8815e-6
-3.60586e-6
-1.00602e-5
1.76427e-5
-4.79082e-5
4.41556e-5
0.0635314
-0.0244935
-0.106562
0.023649
0.0918059
-0.00665519
-0.0181382
0.0115847
0.000543307
-0.00348075
0.00147731
-0.0011306
0.0109459
-0.00238679
-0.022261
-0.00562998
-0.0343053
0.0393072
-0.014617
0.0140203
0.00348805
-0.000424981
-0.00109084
0.00487592
0.0022638
-0.00746785
-0.000294982
0.000116635
-0.000393694
-1.9889e-5
0.0016059
-0.00435763
0.00233981
-0.00221508
0.00706802
4.76791e-5
-2.85273e-5
7.46382e-5
-0.000387959
-6.94917e-5
-0.00120564
-7.82095e-5
0.00069406
0.000372716
0.000876579
-0.000326915
-0.000151589
-0.0011226
-0.00187622
0.00359421
2.47125e-5
-0.00416441
-0.00612022
0.00775538
3.23673e-6
1.45244e-7
0.0013591
0.00351137
2.61909e-7
4.12902e-8
-3.12658e-7
1.67626e-7
0.00400305
-0.00829371
-0.00434803
0.0108839
-6.29155e-6
-4.36666e-6
1.92222e-6
1.18047e-6
-0.00183377
0.00456798
0.00129673
-0.00359257
-0.000114364
2.28719e-6
4.27357e-5
-4.96603e-5
-4.92054e-6
0.000659132
-0.00126999
9.98191e-5
4.31819e-5
-7.42314e-7
0.000237157
-0.000194659
-0.000249905
0.00342851
-0.00317355
0.00133046
-0.0027289
-0.0055615
0.0025458
0.00378829
-0.00127772
0.000329846
-0.0011379
-0.00100458
0.00115195
0.00459222
-0.00150937
-0.00416102
0.00108052
-0.000751166
-0.000974022
-0.000576963
0.00045053
-0.00146953
0.000856201
-0.0009904
0.0027834
-0.00412991
0.00320293
-0.000414281
0.000390419
0.00107994
-0.00111116
0.00010087
-1.15835e-5
-9.54312e-6
1.41751e-5
-0.000101011
2.27474e-6
-5.62462e-6
0.000240766
-0.00026449
1.07861e-6
-1.50741e-6
-9.45377e-6
3.40731e-5
1.78632e-6
1.00469e-5
-4.33194e-6
-4.39907e-5
0.000170265
1.08903e-6
-8.13565e-6
1.44626e-5
-2.41449e-7
6.0436e-6
4.32253e-7
1.652e-8
5.91638e-6
-1.08796e-5
1.39844e-6
-9.39491e-7
-2.65614e-7
-1.50473e-6
-8.74185e-6
1.33101e-5
3.25762e-7
-3.32027e-6
2.72527e-6
-1.95368e-5
-1.00939e-5
3.03076e-5
2.69662e-7
-3.0859e-7
-6.81919e-7
3.11995e-7
-4.36128e-5
1.26848e-5
6.02505e-6
-2.45188e-5
7.64141e-8
-2.83352e-7
2.61572e-7
2.33537e-6
3.42858e-5
-8.73181e-6
-6.74188e-6
1.68727e-5
1.17545e-5
-4.01303e-5
-3.17009e-6
-6.73961e-7
-7.92956e-6
4.27877e-6
-1.91823e-5
2.2358e-5
-1.71035e-5
2.5043e-5
-7.87031e-5
-7.75106e-5
-4.50819e-5
8.86742e-5
4.22638e-5
-7.97331e-6
0.000118404
-9.34178e-5
3.42318e-5
7.84918e-5
-5.16674e-5
0.00211417
-0.0269604
0.00392901
0.0399044
-0.0317428
0.0212879
-0.0198468
-0.0330469
0.0265358
0.0245829
-0.000326751
-0.0182065
-0.00807448
0.00667206
-0.01173
0.0136336
0.00724453
-0.00235623
-0.0007992
0.00102109
-0.025166
0.034875
-0.00724057
0.0121097
0.00207396
-0.00192794
0.000353302
-0.00519982
0.0125017
-0.0106014
-0.00569184
-0.00012717
0.00170631
0.000503989
-0.00174056
0.000267018
0.00715306
0.000499226
-0.00168205
0.00262803
-0.00460912
0.00249729
-0.00448653
0.00768252
-0.000456056
-0.00393731
0.00544608
0.000872322
-0.000269337
0.000843716
-0.000801021
0.000300735
0.00347452
-0.0045118
-3.61129e-5
9.37179e-5
-9.83919e-5
5.49491e-5
0.00806886
-0.00918387
-2.95679e-6
3.62529e-6
-9.41546e-7
8.93818e-6
-0.0023534
0.0032488
-0.00506911
0.00641451
8.17263e-7
6.35898e-9
0.0112028
-0.014132
-4.52293e-7
-3.1957e-7
1.94573e-8
4.43781e-7
-1.31187e-6
-0.00613562
0.00998302
-0.0041387
0.00568521
-1.16425e-5
3.71485e-6
7.5711e-7
5.87086e-6
-8.43588e-6
0.00249654
-0.00332441
-0.000195579
1.38342e-5
0.000138363
0.000134588
-0.000742439
-0.000902355
0.000717094
-0.000167718
0.000859477
0.00167051
-0.0014282
6.90634e-5
-0.000308059
0.00102924
0.00115961
-0.00300284
0.00201087
0.00297302
-0.00217258
-0.00276004
0.00147969
0.00206983
0.00277475
-0.00212891
0.00446081
-0.00316982
-0.00179504
0.000266667
0.000823862
-0.00552993
0.00417705
0.000233081
-0.000416186
0.00185155
0.00139047
-0.00064695
0.00116287
-0.00348501
0.00172448
-0.000215418
0.000366421
0.000728944
-0.000483324
6.48425e-5
-4.45179e-5
-1.73515e-5
6.91503e-6
-3.3637e-5
-0.000287598
0.000234327
-0.000313362
0.000315696
-1.03599e-5
2.60552e-5
-6.86389e-6
4.57662e-5
-0.000129075
5.83955e-7
-4.94739e-7
1.3116e-5
-2.06354e-5
-3.54654e-7
-4.83839e-6
5.82778e-6
-1.36846e-5
1.84861e-5
-4.01351e-8
-5.95702e-6
-1.57948e-6
1.05014e-5
-6.72026e-6
1.12149e-5
2.04642e-6
-1.10072e-5
-7.34163e-6
1.84867e-5
6.23717e-7
1.5986e-6
3.33445e-5
-5.71781e-5
-3.53428e-5
6.76484e-5
1.52646e-6
1.40557e-5
-6.16848e-6
-8.39325e-5
4.32828e-5
-5.55303e-5
-1.65432e-6
-1.82929e-5
7.07528e-5
2.95202e-5
-7.25159e-5
-2.90491e-6
1.59819e-6
8.22763e-6
-1.42459e-6
2.9219e-5
-6.66052e-5
-3.02692e-5
5.6307e-5
5.084e-6
-1.39916e-5
-7.55737e-6
-7.4198e-7
-9.19507e-6
-4.05522e-5
1.40723e-5
-1.82136e-5
1.35726e-5
-3.39052e-5
0.0001065
8.65595e-5
-5.17823e-5
-7.37894e-5
8.7508e-5
-3.62736e-5
0.000106327
-4.95317e-5
2.30025e-5
-0.000199983
0.000172921
-0.000145583
6.63688e-5
2.1141e-6
-4.83357e-5
0.0120541
-0.0273165
0.063959
-0.0888733
0.0754563
-0.0508261
0.0266564
-0.00990946
-0.0070712
0.00181182
0.0156674
-0.0115165
-0.000119941
-0.0175617
0.0227744
-0.00430429
0.0133735
-0.00204609
-0.000751553
-0.00250276
-0.0176513
0.0418909
-0.0289958
0.00752943
0.000338797
-0.010974
0.0184566
-0.0125025
0.0134586
-0.0235412
-0.000761756
-0.00231116
0.0112493
-0.010806
-0.0090519
0.00727619
-0.00428605
0.00316488
0.0022519
0.000660689
-0.000229048
-0.00321114
0.00978707
0.00015686
-0.000121088
-0.00740992
0.0115936
1.08457e-5
-2.93263e-5
-0.00443625
-0.00770191
-1.8682e-6
-1.04234e-7
1.5291e-5
3.72362e-6
-0.0134147
0.0170018
0.0142337
-0.0195389
6.77327e-7
-4.5621e-7
-0.0132321
-0.00550561
0.00886095
-1.19229e-7
2.36652e-7
-4.38123e-6
0.00296573
0.00281474
0.00141299
-0.00492649
-0.000302627
3.60929e-5
0.00031403
-0.000803645
-3.91614e-5
0.000654226
-0.00114915
-0.00339975
0.00146209
0.00641652
-0.00167113
-0.00655651
0.00155083
0.00532316
-0.00103884
-0.0035956
0.000752683
0.00255201
0.000120061
-0.00206045
0.00049368
-0.000502371
-0.00525381
0.00369087
-0.000382757
-0.000813439
0.00211476
0.000715713
-0.000331434
2.4525e-5
-0.000267899
0.00012656
0.000103504
3.46184e-6
-0.000111879
-1.43074e-5
-2.78061e-5
-2.763e-6
1.2108e-5
-3.10953e-5
5.97476e-5
1.05226e-6
6.4498e-5
-4.99768e-5
1.16549e-5
-7.62172e-6
2.48528e-5
-2.74726e-5
9.41376e-6
-1.01181e-5
1.94189e-5
-2.78909e-5
4.87327e-6
-9.80294e-6
6.91039e-6
-3.48834e-6
1.3131e-6
-2.59048e-6
9.28725e-5
-0.000135736
-1.20952e-5
1.77779e-6
0.000158564
9.56537e-5
-0.0001779
7.55882e-6
3.55915e-6
-3.94673e-5
3.16258e-5
0.000186281
-9.79275e-5
0.00017274
-1.69702e-6
4.01491e-5
-0.000230773
9.34954e-5
-0.000120684
1.63273e-5
-3.44702e-5
0.000108371
-0.0001025
3.35662e-5
-2.86988e-5
8.18479e-5
-4.83459e-5
7.88613e-5
-3.2038e-5
3.18733e-6
-1.76014e-6
-0.000262643
0.000388953
-0.000345496
0.000249059
-0.000130259
3.91856e-5
9.05039e-6
-3.29009e-5
0.00251532
0.00206375
-0.0234955
0.0414816
-0.089828
0.109315
-0.0949563
0.0558568
-0.014859
-0.0143934
0.034161
-0.0575497
-0.0413328
0.0646884
0.0205008
-0.0186014
-0.00217636
-0.0356108
0.0553678
-0.0602719
-0.0416012
0.0240027
0.00241159
0.0145169
-0.0383295
-0.00844667
0.0261929
-0.0203627
0.0219083
-0.0379632
0.0328913
0.0440785
-0.0107928
0.0197065
0.00967432
-0.0128096
0.0101558
-0.0255653
0.017916
-0.00505408
0.00183144
-0.0116698
-0.000967979
0.00588815
-0.00419045
-0.00763533
0.0136081
-0.000853888
-0.0129326
-0.0193121
0.0253005
0.000294742
0.000111549
0.00698849
0.00804614
-8.56531e-5
3.1954e-5
-0.0178401
0.0208271
1.94358e-6
-3.21284e-6
-1.04025e-5
2.42734e-6
-7.44464e-7
0.0138897
-0.0170912
0.00975006
-0.00743755
-5.15611e-8
1.3687e-7
2.54181e-7
-4.50344e-7
2.43107e-7
-0.00447334
0.00123194
0.00688988
-5.45576e-6
-0.0054198
0.00823134
-7.24251e-5
2.66471e-5
-1.01738e-5
0.000120892
-0.000340188
0.00393329
-0.00678435
-2.49924e-5
0.0007369
0.00587146
-0.00107439
-0.0101027
0.00114619
0.0110946
-0.000833897
-0.00902304
0.00027945
0.00584205
0.000254961
-0.003224
-0.000970801
0.00176643
0.00201025
-0.0017486
0.00184243
-0.00256322
-0.00349295
0.00233169
-0.000623792
0.000774275
-0.000452015
-2.91076e-5
-7.55301e-5
0.000377983
-0.000543369
-0.000194849
0.000692345
-7.11579e-6
1.4926e-5
0.000123659
-0.000469704
0.000323755
0.000135341
-0.000241369
-1.79832e-5
1.01017e-5
-1.56133e-6
4.10266e-6
-8.84828e-5
7.89363e-5
-1.06665e-5
-3.39797e-5
-2.18174e-6
-1.42759e-6
0.000127562
-3.40224e-6
2.84303e-6
-3.90464e-6
4.68092e-6
1.29525e-5
-1.02613e-6
2.81664e-6
-5.04958e-6
-0.000151394
0.000286798
3.37096e-6
-6.04978e-6
1.66915e-6
-0.000260849
0.000267256
1.94648e-5
-1.13399e-5
-0.000271817
-0.000149174
0.000262076
-3.92405e-5
4.74168e-5
5.39608e-5
-4.00932e-5
-0.000262086
0.000339546
0.000192183
-0.000310733
3.96697e-5
-6.85453e-5
-0.00012621
9.49669e-5
-8.82422e-5
0.000247541
-0.000149955
0.000166354
3.21302e-5
-6.07622e-5
-5.99751e-6
3.90167e-5
2.51689e-5
1.96985e-5
-9.85135e-6
0.000186566
-0.000175727
0.000416518
-0.000538449
0.000507845
-0.000355755
0.000178589
-4.76859e-5
-1.83977e-5
4.57304e-5
-4.57888e-5
-0.0353674
-0.0183277
0.0778663
-0.096835
0.0777962
-0.031353
-0.0170084
0.0459296
-0.0513669
0.0395089
-0.00495211
0.0177163
0.0754497
-0.0699166
0.0629774
0.032203
-0.078119
0.115035
-0.133606
-0.0644741
0.0391079
-0.0512992
0.0434384
-0.0363594
-0.0291181
0.0214223
-0.0149351
0.0291274
-0.0225571
0.00886201
-0.00438071
-0.0137256
0.00926987
-0.011735
0.00945666
0.014091
0.00231649
0.000189994
0.00530499
-0.0116507
-0.0070233
0.0120726
-0.008433
0.00467977
0.0170376
-0.0191016
-0.0017299
0.00412251
-0.00285399
0.0012965
0.000468984
-0.0149485
0.0130094
0.000663133
-0.00936224
-9.94545e-5
1.33581e-5
0.0156105
-0.0168898
2.60422e-6
-2.82592e-6
-2.37112e-7
0.0131161
-0.00646704
0.000637312
1.97428e-8
-4.30993e-7
1.75927e-6
0.00660324
-0.0159779
-0.00911144
0.0212366
1.07199e-5
-6.82594e-5
0.000181308
0.0111334
-0.000288615
-0.000400127
-0.00752887
0.000556643
0.013184
-0.000439591
-0.0148231
3.17935e-6
0.0124615
0.000565483
-0.0081174
-0.000990156
0.00419651
0.00119277
-0.00181289
-0.00109695
0.000826504
0.000280516
-0.00031582
-0.000219531
-0.000136018
0.00245361
-0.00210279
7.75256e-6
4.23682e-6
-8.62489e-6
0.00113221
-0.000578691
0.000258811
-1.38938e-6
9.64382e-7
-2.23822e-6
1.78325e-5
-0.000217193
0.0003543
-3.45725e-8
8.95889e-7
-0.000509552
-0.000221301
0.00061225
2.85698e-6
-2.08176e-6
-7.20439e-7
-1.24959e-7
0.000138376
-0.000404247
-0.000132715
0.000242595
-7.70299e-5
0.000216499
-5.97268e-6
4.68196e-6
0.00052715
-0.000650399
-0.000378999
0.000481784
1.08322e-5
7.05909e-7
4.4759e-6
-0.000321541
0.000349537
-0.000326289
-3.53928e-5
2.31199e-5
-1.7067e-5
0.000312869
-0.000307223
-9.03108e-5
5.999e-5
0.000317846
-0.000368792
0.000407695
0.000311615
-0.000182604
0.000129649
-0.000452718
0.000478922
-0.000204685
0.0001334
-7.99943e-5
0.000671855
-0.000567262
0.000191736
-0.000445378
0.000589994
-0.000551772
0.000367099
-0.000145602
-8.30238e-6
6.14282e-5
-3.80429e-5
-5.66648e-5
0.0541098
-0.0898856
0.0899766
0.0167442
0.0264152
-0.0553366
0.0617199
-0.0370857
-0.0117841
0.0597808
-0.0818978
0.07168
-0.037985
-0.0114506
-0.0758269
0.086733
0.0954235
-0.0888903
0.104636
-0.105133
0.0757823
-0.063138
-0.0744316
0.0612474
-0.0463427
0.0482579
-0.0388064
0.0315839
0.0369527
-0.0295603
0.0222415
-0.0248549
0.0183194
-0.0147955
0.00870576
-0.01385
0.0124892
-0.00867334
-0.0040881
-0.00112182
0.0062199
0.00537483
-0.00341138
-0.0099585
0.010866
0.00188305
-0.000888456
-0.00044813
-0.00703466
-0.000148625
0.00567662
0.000174451
-5.90486e-5
-0.00954054
0.00977206
1.52049e-5
-2.2096e-6
1.13607e-6
-0.0064116
0.000781324
0.00610108
-1.32886e-7
7.56981e-8
5.15685e-7
-0.0133194
0.0253978
-0.0247515
1.36406e-5
-6.07147e-6
2.34188e-6
-2.85153e-5
4.29531e-5
-0.0183466
0.0293374
-0.00877632
-9.53136e-5
-0.000807005
0.000148489
0.00869925
-0.000109211
-0.0140329
-0.000170904
0.0158253
0.000707193
-0.0135493
-0.00127167
0.00891548
0.00154046
-0.00448078
-0.00137389
0.00171355
0.000796349
-0.00052248
0.000153735
0.000104769
0.00127527
-0.00151193
0.000245746
-0.000135905
-0.00173172
0.00163043
-0.00192296
0.00131789
-4.61916e-7
-6.79174e-6
2.71006e-5
-0.000977898
0.000543976
-0.000122944
-6.91041e-8
-1.21566e-7
1.95504e-7
-0.000281413
0.000607288
-0.000785235
2.66155e-7
-2.15753e-7
0.000875109
-0.000910347
3.76973e-6
1.90945e-6
-6.09359e-7
0.000672737
-0.000329382
-7.44281e-5
1.51541e-5
-8.97508e-6
0.000500253
-0.00064864
1.57469e-5
-1.7941e-5
0.000456949
-0.00035245
0.000305504
5.30845e-5
-3.08117e-5
6.6661e-6
-0.000281312
0.000278671
0.000119531
-8.44288e-5
-0.000305609
0.000380569
-0.000454056
-0.000293699
0.000213262
-0.000160062
0.000637146
-0.000547997
-0.000338574
0.000544824
-0.000499185
0.000425627
0.000467453
-0.000529841
0.000366779
-8.7659e-5
-0.000204422
0.000410683
-0.000500474
0.000432276
-0.000223984
-1.31775e-5
0.000155946
-0.00015835
4.90178e-5
0.000128442
-0.000498425
-0.00255246
0.0772895
-0.0952981
-0.0244489
0.0333405
-0.0265733
-0.00209262
0.0485523
-0.0919089
0.107808
-0.0861805
0.0412279
0.0153409
-0.052307
0.0762504
-0.073261
0.131679
-0.112946
0.0637063
0.0658649
-0.0582155
0.0472908
-0.0390339
0.0294122
-0.022161
-0.0401783
0.033654
-0.0264685
0.016367
-0.0117906
0.019413
-0.011251
0.0113581
-0.0144706
0.00709091
0.00716064
-0.0039617
-0.000542785
-0.003167
0.00278661
0.00375053
-0.00455018
-0.00140585
0.00126611
0.000158327
0.00367184
-0.000408079
-0.00231363
-0.000104665
4.78047e-5
0.00387694
-0.00357954
-1.79196e-5
5.01882e-6
-5.61846e-7
0.000905926
0.00373904
-0.01215
1.23112e-7
5.45122e-7
-9.37655e-7
0.0270302
-0.0340091
0.026654
9.19867e-7
2.579e-5
-1.3248e-5
-0.0245583
0.00183974
1.43704e-5
0.0057076
8.60505e-7
-0.00936422
-0.000135606
0.0122321
0.000487249
-0.013118
-0.00104988
0.0109529
0.00159493
-0.00690194
-0.0017875
0.00311672
0.00143552
-0.000918893
-0.000693725
0.000148003
-0.000315657
9.20004e-5
0.000950685
-1.73316e-5
-0.00141348
0.00133625
-0.00109666
9.60581e-7
1.07843e-6
3.44645e-6
0.000813525
-0.000420393
-5.98329e-5
7.79814e-8
-4.91192e-9
-4.6062e-7
0.000530172
-0.000901514
0.00110275
-4.23354e-9
-1.21898e-8
-0.000986841
0.00112485
-6.11116e-6
-1.16527e-6
1.57418e-7
-0.000743413
0.000340478
-5.33262e-5
-3.28304e-5
1.6297e-5
-0.000438208
0.000897969
-6.24817e-5
4.34484e-5
-0.000522209
0.000285436
-0.00021567
-6.02979e-5
3.51656e-5
2.20068e-5
0.000198902
-0.000210747
-0.000128282
9.07077e-5
0.000249468
-0.000391608
0.00069222
0.000279585
-0.000216461
0.000169226
-0.000806147
0.000581235
-0.000465388
-0.000401097
0.000372103
-0.000325343
-3.76654e-5
0.000262119
-0.000332845
0.000320191
-0.000199929
-2.34716e-5
0.000253321
-0.000365038
0.000299748
-0.000118789
-0.000121505
0.00029688
-0.0153469
0.0342341
-0.0386342
-0.0192784
0.0038339
0.0224733
-0.0604749
0.0958992
-0.107762
0.088154
-0.0414266
-0.00161849
-0.030798
0.0219986
0.0389798
-0.00235591
0.0373961
-0.0256508
-0.0496161
0.0531115
-0.0389988
0.0198743
-0.019174
0.0125098
0.0340631
-0.0301641
0.0237132
-0.00998707
0.00553539
-0.0167055
0.0115402
-0.00478855
0.0101686
-0.00585419
-0.00565644
0.00860075
-0.0030415
0.0030402
-0.00140112
-0.000902988
0.00162559
0.00117573
-0.0011899
8.45568e-5
-0.00169783
0.000248987
0.000731063
-2.16742e-7
-1.11735e-5
-0.0011387
0.000754554
1.01216e-5
-9.13502e-6
1.46006e-6
0.000848307
-0.00257689
0.00519475
-2.01585e-6
-9.39939e-7
6.046e-7
-0.00872393
-0.00015069
-1.44521e-5
0.00545539
1.52929e-5
-4.45395e-5
3.314e-5
-0.0111586
0.0124546
-5.68433e-5
0.00825049
0.00020011
-0.00793385
-0.00050854
0.00756352
0.000986365
-0.00519342
-0.00145849
0.00214281
0.00162282
0.00013745
-0.00132924
-0.000910886
0.00060773
0.000660305
0.00012184
-0.000342312
-0.000469189
0.000598389
-0.000709116
0.000748381
9.43616e-7
-5.66407e-6
-1.16493e-5
-0.000651905
0.000296937
0.000171557
-4.39255e-8
1.74425e-7
5.63474e-7
-0.000540817
0.000760057
-0.000744098
-1.03982e-7
3.19902e-8
0.000516395
-0.000524176
5.12448e-6
-8.02076e-7
3.6067e-7
0.000163735
-2.52073e-5
-0.000278091
5.46543e-5
-2.16348e-5
0.000514985
-0.000745515
0.0001331
-8.93179e-5
0.000215017
-0.000110411
0.000124972
2.39274e-5
4.50713e-5
-0.000123044
-0.000114273
0.000140017
0.000107463
-6.77753e-5
-0.000129802
0.000158408
-0.000228103
-0.000256419
0.000179969
-0.000139942
1.06072e-5
0.000101267
-0.000195825
0.000244741
0.000509362
-0.000429984
0.000245577
-0.000114747
-3.44865e-5
0.000246228
-0.000447006
0.000523512
-0.000428204
0.000192069
1.08329e-5
-0.000108303
0.000159841
0.012504
0.000277559
-0.0106855
0.0264427
-0.0095914
0.00377104
0.00808327
-0.0244198
0.0496401
-0.0721192
0.0831879
-0.0593023
0.0246701
-0.00150116
-0.0123359
-0.0221887
0.0156521
-0.00167968
-0.0134499
0.00786399
0.00483074
-0.0192585
0.0307313
-0.0360583
0.0248632
-0.00708377
0.0101702
-0.00879436
-0.0189654
0.0213589
-0.0172475
0.00968655
-0.0101665
0.0122254
-0.00813068
-0.00153104
0.00832324
-0.00855134
0.00627427
0.00158081
-0.00120262
-0.000967924
0.000914737
0.00120415
-0.000931515
0.00021593
0.000174184
0.00036766
-0.000234885
-0.000541706
0.000420565
0.000103796
-3.37581e-5
0.000399278
1.00761e-5
4.04885e-6
1.43194e-5
-1.19512e-6
-0.000633973
0.00102764
-0.0017858
7.87457e-6
4.85558e-7
1.555e-6
0.00325804
0.000171892
7.90328e-7
1.24271e-6
-0.000430185
-0.000842041
-0.00427026
0.0036557
-4.75128e-6
7.13178e-5
-8.58721e-5
-0.0085548
0.00467086
6.59994e-5
-0.00348643
-0.000182822
0.00206359
0.000373811
-0.00129265
-0.000695709
-0.0019301
0.00100424
0.00379678
-0.00116942
-0.00427888
0.000839632
0.00256379
-0.000309105
-0.00131063
-5.32532e-5
0.00034833
0.000279419
-0.00029866
0.000435506
0.000276318
2.44979e-5
5.72661e-7
9.27004e-6
1.58415e-5
-0.000113874
-0.000417979
-2.55924e-6
0.000412278
-0.000109375
-0.000167332
-4.06271e-9
-9.14119e-8
-1.45722e-6
0.000321201
-0.000348061
0.000180922
-6.23773e-8
4.98077e-8
9.92646e-5
-0.000278294
-7.7123e-6
1.02427e-7
-2.72874e-9
0.000361149
-0.000397208
0.000153288
2.20504e-6
0.000268439
-0.000226542
0.000194292
2.60019e-7
-0.000246184
0.000230059
-0.000160787
-1.68064e-5
-5.34541e-6
-7.38165e-6
1.28955e-5
0.000100181
-8.24491e-5
-7.28968e-5
4.54761e-5
4.85711e-5
-4.78665e-5
7.97837e-5
0.000174587
-0.000111049
7.6144e-5
2.26706e-5
3.12158e-5
-6.89715e-5
0.000143692
-0.000151875
-0.000344922
0.000109682
5.2932e-5
-7.72715e-5
0.0001001
-0.000152927
0.000115416
-4.82598e-5
-9.99117e-5
0.000190099
-0.000347774
0.000478319
-0.000536482
0.000369632
-0.000172176
2.96266e-5
-0.00871294
-0.00185967
0.0105891
-0.0133459
0.0168066
-0.0310887
0.0399373
-0.0433923
0.0290249
-0.0114587
0.00365706
-0.000980824
-0.00601352
0.00332728
-0.00363636
0.00203372
0.00925915
0.0147063
-0.0107195
-0.0105306
-0.000418353
-0.00179473
-0.0121642
0.0093095
0.0101143
0.000712103
0.00193994
-0.00738409
0.0048232
-0.00259773
-0.0044237
0.00274804
-0.00277185
0.000102665
0.000276812
-0.00135452
0.00110433
-0.000151086
-0.000130787
-0.000429136
0.000180486
-0.000853215
0.000873491
0.000222596
-0.00016568
-0.000314434
9.12804e-5
-0.000442656
0.00034544
-0.000122751
5.82883e-5
-0.000156422
6.33657e-5
-2.45779e-6
-3.15562e-5
-3.44699e-5
4.46896e-5
-4.07076e-5
0.000398574
-7.79871e-6
-0.000723662
-1.91366e-5
1.17258e-5
-1.78797e-5
-0.00142202
0.000593374
-3.59696e-5
0.00141357
-3.27061e-5
0.000113814
-9.22169e-5
0.00191709
-0.00364205
0.00019724
0.00364399
-0.00022053
-0.00351672
0.000399646
0.00977709
-0.000523607
-0.00987714
0.000581763
0.00709925
-0.00038188
-0.00499717
0.000132006
0.00194965
3.72881e-5
-8.90474e-5
0.000107639
-0.000129551
-6.11367e-5
7.61325e-5
0.000161079
0.000146365
-0.000179689
0.000120268
-0.000182917
2.13696e-5
1.05046e-6
7.76509e-6
-8.35655e-5
0.000302727
4.14083e-8
-1.62668e-7
-0.000610843
0.000536312
-8.44639e-8
-1.32244e-8
-0.000567265
0.000407798
-1.39013e-6
1.91674e-7
1.63953e-7
8.71108e-8
-0.000276576
0.000179652
-2.40972e-6
1.57923e-6
1.05706e-6
-6.72506e-7
-0.000129723
0.000113068
0.000153941
1.66502e-6
4.86257e-6
-1.96663e-6
-5.87561e-5
-3.91349e-7
1.19701e-5
-2.87628e-6
7.41688e-7
-2.62604e-5
1.01661e-5
-2.05291e-5
4.55857e-5
-3.19477e-5
4.12225e-5
1.52094e-5
-4.30648e-5
7.58056e-5
3.50509e-5
-5.83346e-5
5.98177e-5
-7.36693e-5
-4.12468e-5
-2.55293e-5
0.00032052
-0.000230167
0.000328364
-0.000369574
0.000354029
-0.000253481
0.000116005
-6.45423e-6
-1.20922e-5
-0.00425056
0.012067
-0.00562926
0.0146171
-0.00925638
-0.00869831
0.0139422
-0.0169059
0.0223339
-0.0147132
0.00182153
-0.00149671
0.00182389
-0.00101023
-0.000717703
-0.00031083
0.00303334
-0.00125593
0.000503234
-0.00867642
0.00288015
-0.00513031
0.00558058
0.00454368
-0.00375947
0.00169464
-0.000249697
3.89271e-6
0.000258206
-0.000554183
0.00421592
-0.0059652
-0.00644183
0.00381758
-0.000434229
0.000419966
0.00420183
-0.00216738
-0.00255553
0.00041151
-0.000568734
0.00167818
-0.000496842
0.000366079
-0.000374897
0.000176773
-9.61754e-5
0.000340547
-0.000391463
3.8348e-5
-1.3735e-5
0.000275851
-0.000199835
1.00186e-5
0.000119136
-6.12346e-5
-3.70173e-5
7.14362e-5
-8.76363e-5
5.06404e-5
-0.000247808
9.77968e-5
-0.000100532
-5.01216e-5
5.38916e-5
-3.59053e-5
4.01609e-5
-6.41376e-5
7.16352e-5
-2.58407e-5
-3.56896e-5
8.59923e-5
1.29108e-5
-1.50903e-5
1.48892e-5
-0.00036834
0.000761262
-3.13921e-5
5.32343e-5
0.000678076
-0.00182099
0.000377452
-3.46485e-5
0.000528332
-1.90308e-5
0.000136681
-0.000192657
-0.00662193
0.00444419
0.000106317
0.00820916
-0.000170856
-0.0172196
0.000212032
0.0194938
-0.000287036
-0.0119184
0.000186579
0.00659492
2.31271e-5
-3.02857e-5
1.63099e-5
-3.37097e-5
-4.3675e-5
-6.13809e-5
-0.000173433
-0.000512204
0.000342232
-0.000686708
7.17553e-5
0.000171726
-8.62959e-5
8.87134e-5
-5.89027e-5
-0.000106136
-6.47251e-6
-2.93729e-5
-4.73072e-6
2.0885e-5
2.95524e-5
0.000236029
-0.000368592
0.000303686
0.000528907
-0.000471693
-1.14224e-7
9.39823e-7
2.85527e-7
-5.8763e-7
0.000555815
-0.000491112
4.57559e-9
5.11947e-8
0.000301218
-0.000226251
-3.80693e-8
-2.27397e-8
8.86442e-5
-5.55745e-5
-7.8286e-7
3.16437e-7
1.2051e-5
-1.37224e-5
-4.20833e-6
1.64517e-6
1.24281e-5
5.05292e-6
-7.91317e-7
-6.66219e-7
2.52257e-6
-1.02609e-5
-9.08435e-7
1.75011e-5
2.11227e-5
-1.08289e-5
4.59898e-6
-8.45495e-6
3.36928e-6
-1.30784e-6
2.36721e-6
-3.76458e-6
-9.34928e-6
-2.31915e-5
-3.34445e-5
2.01133e-5
-1.801e-5
2.14455e-5
1.34596e-5
-5.005e-5
-1.11459e-5
5.613e-6
-1.30138e-5
2.47024e-5
-4.6506e-5
4.59891e-5
0.000285775
-0.000418935
0.000139356
-0.000199976
0.00023617
-0.000214334
0.000150481
1.2391e-5
-1.48508e-5
-0.000766004
0.0099119
-0.00258572
0.00602485
-0.0114828
0.00780977
0.00748336
-0.0108272
0.00524001
0.00652506
5.87895e-5
0.000297932
-0.000239663
0.00329645
-0.00336514
-0.00608141
0.000672796
-0.00126431
-0.00140359
0.000700896
0.000906523
4.0276e-5
-5.91381e-5
0.00179069
-0.000658096
-0.00133401
-0.000104457
8.49793e-5
-5.37297e-5
5.70465e-5
0.000770563
0.00128015
-0.000427868
-3.62683e-5
-6.41697e-5
-0.000969873
0.000258561
6.14119e-6
-5.07752e-5
-8.5019e-5
2.18367e-6
9.60286e-5
-0.000119868
-7.35144e-5
8.65899e-6
0.00011809
-0.000111617
-0.000106927
0.000124079
5.13265e-6
-8.42433e-6
8.22903e-5
-9.34271e-5
4.91474e-5
-2.10508e-5
1.8436e-5
5.59142e-5
-2.53016e-5
1.53211e-5
4.92597e-6
-3.92247e-6
-2.36423e-6
5.0493e-6
-6.26964e-6
1.19898e-6
-3.31732e-5
2.48013e-6
-1.22151e-5
8.85155e-6
0.000757678
-0.000795197
-3.24748e-6
4.01473e-5
0.00254626
-0.00162278
-0.00232793
-5.96658e-5
3.22817e-5
-0.00151725
7.64771e-6
-9.26635e-5
0.000136768
0.0436784
-0.0363453
-8.97673e-5
-0.0270601
-6.8059e-5
0.000139675
-8.41758e-5
-4.08165e-6
-7.93796e-7
-1.14298e-5
-0.000129293
0.00149927
-0.00276022
0.000830769
-0.00614069
2.06388e-5
0.0013352
-1.77718e-5
2.99695e-5
-4.52913e-5
0.000100678
-0.000146816
-7.81126e-5
-0.000138552
0.000278606
-0.000425822
2.16322e-7
4.34594e-6
0.000543601
-0.00056628
-0.000364458
0.00035174
1.77425e-8
-1.85886e-7
-1.02212e-7
2.18116e-7
0.000289385
-0.00027853
0.000177428
-4.64411e-9
0.000128466
-9.23385e-5
6.65633e-5
-2.20473e-8
1.53692e-5
-6.47815e-6
1.09554e-5
-9.59917e-8
-3.60511e-6
1.51339e-6
-1.48347e-7
-8.32755e-7
-3.16519e-8
-2.35516e-6
-1.50453e-6
5.44185e-7
2.56675e-7
5.92376e-7
-4.04098e-8
3.61905e-6
-1.39546e-7
-1.01675e-6
-7.15201e-6
-1.4306e-8
-5.47856e-6
-2.1612e-5
1.93713e-5
8.6096e-5
-2.87795e-5
-0.000102579
-0.000107618
-1.81093e-5
6.07362e-5
-0.000103453
6.32839e-5
8.22861e-6
2.32664e-6
0.000104757
-0.000154462
0.000210648
-0.000145699
-2.47186e-5
7.74353e-5
-5.50808e-5
-0.0017165
-0.000588074
0.00176823
0.00345205
-0.003404
-0.00366616
0.000374988
-0.00121974
-0.00157758
0.000892937
-5.02935e-5
0.00079273
0.00216972
-0.0014759
0.000260599
0.000520418
0.000490528
0.000413999
-0.000481203
-1.35985e-5
2.68731e-5
-0.000267882
6.60289e-6
1.44443e-6
1.14076e-6
1.0314e-5
-0.000270787
0.000180533
-3.00448e-5
0.000410674
-0.000102119
-4.58355e-6
-1.16609e-6
-0.000207497
3.7135e-5
9.36742e-5
2.01132e-5
1.19998e-5
-9.92081e-6
-1.3635e-5
0.000177416
-6.80491e-5
2.37477e-6
1.95806e-6
-4.35477e-5
2.43458e-5
1.20243e-5
1.73068e-6
-2.08492e-5
3.71837e-5
-4.6232e-6
-5.86954e-7
-3.03935e-6
2.04199e-6
-3.90364e-5
4.23261e-5
2.18644e-6
-1.32653e-6
-8.89226e-6
1.67275e-6
-3.50437e-5
4.55307e-5
-3.06888e-6
-2.90856e-5
1.39102e-5
4.54453e-6
-3.95197e-6
1.28297e-5
-6.79137e-6
5.85918e-6
2.06254e-7
1.37717e-6
-1.83676e-6
8.37516e-7
-1.70786e-5
-4.97551e-7
-3.51159e-7
0.000197659
-5.40991e-5
3.54065e-6
0.000165703
-1.33443e-6
-2.31667e-6
2.09348e-6
0.00106974
-0.000615786
-8.04678e-6
3.01686e-5
0.004108
-0.00185454
-5.00708e-6
-2.67103e-5
0.000564588
-0.00468283
-0.000623998
0.00809972
3.9822e-5
-4.12124e-5
0.0355051
4.5283e-5
1.58011e-5
-4.962e-6
-6.32558e-6
2.06288e-5
-0.00577881
-0.0116047
0.0107895
0.0020431
0.00908169
0.00593294
0.0275862
-6.28918e-6
-0.0079408
8.11931e-6
0.00553337
-2.29641e-6
3.89188e-6
-1.05255e-5
2.42337e-5
2.45381e-5
-5.31999e-5
0.000257339
0.000355697
-0.000723279
-0.0015831
9.01147e-5
-0.000170807
-0.000122769
0.000251386
-3.54252e-6
-2.45486e-5
2.26987e-5
0.000104994
-0.000301313
0.000156243
-2.63923e-8
-5.87434e-7
-0.000103113
9.23311e-5
1.23085e-9
4.4657e-8
-1.7315e-8
-3.27244e-8
-2.71351e-5
2.49331e-5
1.21254e-8
8.91567e-9
2.72835e-9
-1.92127e-8
8.09365e-6
5.58125e-7
3.29769e-8
6.06651e-9
1.84274e-8
-7.38296e-9
1.4243e-6
-5.1164e-7
-6.65213e-7
-2.19669e-7
-1.73141e-7
6.19486e-8
1.34237e-7
-4.58898e-8
-4.51229e-8
-2.14403e-8
2.27213e-7
1.80556e-9
-1.34719e-6
1.85589e-6
3.16447e-7
2.81762e-7
-3.84666e-7
-1.62076e-6
5.13886e-6
5.10249e-6
1.14117e-5
-2.6466e-5
-1.71977e-5
5.31831e-6
-1.29734e-5
2.18299e-5
0.000109895
-4.45457e-5
-2.69286e-5
-8.65057e-5
4.33221e-5
2.22852e-5
1.95765e-5
-0.000119748
0.000286386
-5.0188e-5
-0.000242932
0.000176287
9.39702e-5
-5.56525e-5
-1.77034e-5
1.75958e-5
5.96714e-5
1.00893e-6
0.00132737
-0.000221553
-1.17814e-5
-0.000587481
0.000686225
-0.00014538
-1.08758e-5
-5.85975e-5
7.04582e-5
-0.000480295
0.000109367
-6.93339e-5
-0.000277577
7.98042e-5
0.000139984
-1.11154e-7
-1.52958e-5
4.41699e-5
-6.64366e-6
3.78296e-5
-0.000120722
8.99896e-6
-1.92058e-6
1.54333e-5
-1.73706e-6
8.32874e-7
-1.03796e-6
6.95067e-7
-1.15791e-5
-9.23808e-7
-1.69666e-6
-6.6176e-6
-2.82757e-6
4.7173e-7
-5.75784e-8
-8.47187e-6
2.59561e-6
-3.17049e-7
-4.57287e-7
4.15095e-6
5.80776e-6
-3.35526e-6
5.56641e-6
6.01572e-6
6.32275e-8
-1.00588e-5
1.37798e-5
8.38466e-6
-2.43623e-7
-1.28985e-5
1.32767e-5
7.3415e-6
-1.61867e-5
-1.94431e-7
6.10889e-8
-6.25905e-6
6.48829e-6
-4.94731e-7
3.36234e-8
-5.10755e-6
2.81982e-6
2.28612e-7
-1.42546e-6
1.85245e-6
-1.09509e-6
1.00121e-5
-2.37854e-6
3.65876e-7
-2.53195e-7
9.02046e-6
-2.0729e-5
-1.0253e-7
3.23986e-8
5.08389e-5
-3.03953e-5
7.97793e-7
3.70763e-7
0.000120215
1.09609e-6
1.0782e-6
1.70657e-6
-0.010234
0.00429642
5.21933e-7
-5.58822e-7
-0.042498
0.0321026
-8.51195e-7
-1.66538e-7
-0.0326153
0.0306856
-0.0127114
6.06455e-6
-1.66538e-5
-0.0177477
0.00130038
-1.57761e-6
0.0109632
1.0352e-6
-0.013821
-1.27508e-6
4.03217e-6
-1.63422e-6
-1.67467e-6
4.67843e-6
3.91995e-6
-1.03013e-5
0.00204935
0.00291813
-0.00466234
-0.00818791
1.62781e-5
-4.06953e-5
-2.05908e-5
5.33275e-5
-0.000105116
-0.000370386
0.000391634
0.00111779
-5.03667e-5
0.000117872
3.41036e-5
-3.04659e-5
4.52019e-7
4.08723e-6
-3.38562e-6
-2.30377e-5
-6.97262e-5
6.67033e-5
-4.62667e-5
5.69162e-8
-4.64687e-5
3.7703e-5
-3.03378e-5
1.17602e-7
-1.00162e-5
7.4802e-6
-1.00578e-5
2.7743e-9
1.13091e-6
-5.80008e-7
-1.29748e-7
-1.16783e-8
8.01946e-8
-1.87951e-8
-2.37501e-8
1.39951e-8
6.28622e-8
-2.939e-7
-1.81212e-7
6.768e-8
-3.27163e-8
-7.95302e-8
2.88156e-7
2.93219e-7
-6.20464e-6
2.0083e-5
6.00672e-6
-1.56427e-6
-4.90018e-7
-8.74732e-7
2.11536e-7
3.53452e-6
6.95703e-5
-0.00014683
-0.000112596
4.59899e-5
1.18522e-6
-1.21105e-5
6.15962e-5
9.01892e-5
-0.000150196
0.000213526
-0.000107321
-0.000337726
0.000127543
0.000452605
-0.000410172
-0.000359087
0.000377234
-0.000245937
-0.000282208
-5.19344e-5
0.000404607
1.04848e-5
5.67373e-5
3.89104e-5
-3.55935e-5
0.000135651
8.83825e-6
-1.28566e-5
1.10588e-5
-1.80166e-5
-1.52777e-5
2.04327e-6
-3.19856e-6
5.74044e-5
-0.000173714
0.000125916
8.32873e-6
4.85281e-6
-1.03875e-7
-5.30782e-7
-4.03945e-8
2.53595e-6
-4.17846e-7
1.88794e-6
-5.99335e-6
8.14631e-7
-1.50996e-7
1.13397e-6
-1.37625e-7
2.39856e-7
1.39141e-8
-6.43426e-7
-4.44472e-9
-2.09941e-7
8.44693e-6
-1.99187e-6
-1.03079e-7
8.01041e-7
-3.28013e-6
8.52661e-7
-1.96394e-6
7.9635e-7
3.98776e-7
-8.88968e-7
4.79903e-7
-1.31944e-7
-1.8556e-7
-9.79744e-8
3.15754e-6
-4.85786e-6
1.24862e-7
2.73559e-8
2.49084e-9
-4.72706e-8
4.75648e-6
-5.70779e-6
7.42754e-8
-1.5024e-8
-1.03002e-8
3.24658e-6
-2.50912e-6
1.46476e-8
-9.90594e-8
-1.34584e-6
9.06592e-7
4.62909e-7
-1.04128e-7
-6.10867e-7
3.58424e-7
4.70374e-7
-1.6736e-6
1.91691e-7
-1.12033e-7
5.59886e-6
-7.52612e-7
2.87737e-8
3.57569e-8
6.02446e-6
-4.94122e-6
-9.53294e-9
-8.21052e-8
2.87418e-7
-6.59971e-7
0.000183377
-2.09249e-5
0.000500135
-9.72044e-5
-0.000686624
-5.37543e-7
-3.44498e-7
-0.0021895
-3.89289e-7
4.59331e-7
-1.72143e-6
-3.64489e-8
1.9651e-7
4.49595e-7
-3.15375e-7
-5.5405e-7
1.14205e-6
-0.00942524
-0.0135114
0.0131862
0.0111357
-0.0155213
0.0237023
0.0231188
4.25798e-7
-1.4804e-6
1.89053e-6
-5.82891e-6
-2.21387e-6
7.11152e-6
-0.00122807
-0.00302634
0.00331688
0.00706634
-7.22153e-6
1.99872e-5
8.39102e-6
-1.9026e-5
1.91361e-5
0.000102782
-8.63005e-5
-0.000377967
3.18365e-5
-2.45459e-5
-8.97621e-8
-4.19505e-7
1.28151e-6
2.20637e-6
1.51986e-5
-1.22483e-5
-1.55693e-8
-5.1181e-7
-1.74311e-7
9.54198e-7
-5.75e-7
-1.07724e-6
-1.50825e-8
1.88469e-8
1.11044e-8
1.37081e-7
-1.80205e-6
3.53147e-7
3.58232e-8
-2.87328e-8
-6.82043e-8
9.00797e-8
7.92862e-8
-3.09294e-8
-8.21307e-8
3.67359e-7
-1.03573e-9
-1.16903e-8
1.39715e-8
2.086e-8
1.21568e-6
-4.52221e-6
-1.80845e-6
5.95353e-7
-7.39514e-8
6.65498e-8
1.25269e-7
2.58711e-7
-5.65688e-5
0.00013968
5.83841e-5
-2.01268e-5
8.29134e-7
-1.67454e-6
-1.4443e-6
-3.03001e-6
8.90832e-6
1.53745e-5
-0.000256655
0.000600966
-0.000431608
0.000323609
-0.000403111
0.000241913
-6.97751e-5
0.00016564
-0.000284573
0.00043883
-0.000629209
0.000591979
1.34288e-6
-1.33303e-5
8.50343e-6
-3.04418e-5
-1.90116e-5
3.99835e-6
6.05856e-6
5.77938e-7
-9.54546e-6
9.41502e-6
-4.84444e-5
4.6602e-6
-1.51414e-6
-1.39615e-6
5.73705e-6
9.00094e-6
1.36002e-6
-2.76853e-6
5.28703e-6
-2.12655e-6
-3.73873e-6
-7.83554e-7
1.9805e-7
6.46104e-7
-2.68925e-7
2.13454e-6
5.783e-6
1.32745e-7
9.10711e-8
-7.90777e-8
3.19046e-8
1.60585e-7
3.02844e-8
1.35579e-7
-2.79006e-7
9.21762e-8
-1.26002e-8
3.99714e-7
-6.83794e-8
-2.68301e-7
-6.08486e-8
-3.44135e-8
-1.74363e-8
9.07568e-8
1.3012e-8
-8.169e-7
-1.78335e-7
9.11182e-7
-1.15228e-6
-5.63225e-7
1.8631e-8
1.45085e-6
-1.53001e-6
-6.30067e-7
1.97777e-6
1.75629e-8
-5.32728e-9
5.10825e-7
-7.43035e-7
2.29728e-8
-9.30831e-9
5.1377e-7
-3.14032e-7
2.95758e-8
-9.01399e-8
-1.69352e-7
1.02736e-7
2.55332e-7
2.82253e-8
-5.9712e-8
3.44703e-8
5.78173e-8
-3.78276e-6
2.18038e-8
-1.08325e-8
6.22667e-7
1.34422e-5
3.91035e-8
-4.40483e-8
0.000101616
1.22541e-7
0.00087734
-4.07832e-9
-1.2492e-8
-6.57985e-8
1.80565e-7
0.00548529
-0.00177446
-0.000809825
4.16946e-5
2.13334e-8
-1.28504e-7
0.00127864
0.00478467
-0.0123791
-6.77396e-8
3.85061e-7
0.00766016
-0.0147541
0.00170401
-1.05082e-7
2.15622e-7
-0.018132
0.0267343
0.0104214
-1.38766e-8
-6.20347e-8
0.0237328
-0.0340224
-0.0227695
5.12079e-8
-1.34325e-7
-0.0296471
0.027588
5.66785e-8
-1.40934e-7
9.33559e-8
1.26504e-7
-5.17664e-7
-1.51465e-7
6.1612e-7
-0.00754447
-0.0126357
0.0150614
0.0291541
-7.52296e-7
2.41423e-6
1.10772e-6
-3.34794e-6
0.000319241
0.00117284
-0.000989571
-0.00310096
5.07366e-6
-1.23188e-5
-3.66866e-6
3.98394e-6
-4.28655e-6
-1.06677e-5
1.03785e-5
4.91138e-5
8.64516e-6
-9.88082e-6
6.07211e-6
-2.44853e-6
4.46942e-6
-5.11249e-6
4.83144e-6
-3.29126e-7
-4.42867e-7
-4.30562e-7
6.56045e-7
-2.17004e-7
-1.7001e-7
2.93486e-9
3.60725e-8
3.08253e-9
-9.70258e-7
3.60364e-6
-1.6051e-7
-1.65199e-7
-4.10794e-9
2.05759e-9
2.37072e-8
-1.42429e-7
1.50576e-5
-4.38229e-5
-1.09288e-5
4.59629e-6
-5.34139e-7
2.50484e-6
-6.49663e-7
3.21304e-6
-0.000294705
0.000545287
0.000325009
-0.000147146
5.65464e-6
-4.34804e-5
0.000115972
-0.000151943
0.000101238
0.000169773
-0.000174513
-0.000224124
0.000284399
0.000336962
-0.00041213
-0.000474898
0.000502704
0.0004289
-0.000625058
0.000745836
-0.000943569
0.000845025
2.01612e-5
-8.04702e-7
-7.29852e-6
-7.36991e-7
5.52178e-7
-1.76084e-7
-8.5388e-7
-3.06352e-6
-1.59163e-6
1.10895e-6
-4.48203e-7
6.50052e-7
8.97656e-7
1.25227e-6
-5.67466e-7
-4.45165e-6
-1.24335e-6
1.08217e-6
-2.95663e-7
4.99298e-8
-9.79514e-8
-4.19902e-8
-2.92674e-9
5.59376e-8
-2.62925e-8
8.78483e-8
-1.46199e-7
2.4464e-9
7.60907e-9
-4.49927e-9
3.92522e-9
4.68231e-8
-1.38458e-8
-1.79301e-8
2.07108e-8
-5.8055e-9
-8.19725e-8
1.61629e-9
5.06654e-8
-3.08262e-7
6.53354e-8
-7.1474e-9
3.8327e-8
2.38837e-7
-2.84941e-7
-2.55279e-7
-1.21494e-8
-1.66885e-9
-3.4455e-9
4.30718e-7
-5.56619e-7
8.51415e-8
-3.31144e-9
1.16903e-9
2.6755e-10
1.7617e-7
-1.95176e-7
2.79824e-8
1.50356e-7
-1.14548e-9
9.71744e-9
2.69789e-8
-7.73567e-9
-2.26008e-8
-3.11869e-8
6.01977e-8
-3.87058e-8
9.10489e-8
-2.81883e-7
1.90239e-9
8.12502e-9
3.17246e-6
-1.46166e-6
-9.31022e-9
4.33647e-9
-1.13688e-8
-1.81161e-5
-9.46696e-5
1.02262e-8
-0.000238434
7.279e-5
-3.45768e-9
-1.55492e-9
-6.10716e-5
2.60892e-5
2.61516e-9
1.46345e-8
-0.000734004
1.89178e-9
8.35997e-9
3.46292e-8
1.8279e-8
-2.37823e-8
-1.81689e-8
2.44964e-8
-1.22165e-8
3.26004e-8
-9.32092e-8
0.0326213
0.0327625
-0.0355386
-0.0269178
-0.0331404
-0.0386482
2.9019e-8
-8.2154e-8
2.51352e-7
5.70105e-8
-3.21653e-7
0.00261901
0.00695994
-0.00557123
-0.0131878
4.80291e-7
-1.38706e-6
-3.48126e-7
4.06484e-8
-2.35518e-5
-0.000189127
3.01081e-5
0.000622139
1.54978e-6
-1.98259e-6
2.60349e-7
-6.20925e-7
1.1141e-5
-2.98697e-5
4.10938e-6
-4.38001e-6
3.07488e-6
-4.42803e-7
2.73441e-6
-6.05104e-6
1.63367e-6
-2.15794e-6
2.07635e-6
-3.40249e-7
1.70169e-6
-3.40314e-6
-3.03334e-7
-8.71142e-8
8.81222e-8
-9.99933e-9
1.43157e-6
-2.30048e-6
-2.32704e-8
1.22882e-8
-1.33841e-8
9.46859e-8
-8.62974e-6
2.35334e-5
2.07195e-6
-2.57032e-6
2.80354e-8
-1.89951e-6
1.30314e-6
-6.68166e-6
0.000114299
-0.000316105
-9.92616e-6
1.93738e-5
-9.66149e-6
1.0634e-5
6.76771e-6
-7.96793e-6
9.68651e-7
-0.000186756
0.000952028
-0.000804336
-0.000811999
0.000809591
-0.00087918
-0.000589958
0.000141375
-0.000103622
5.98807e-5
-0.000125508
0.000364463
-0.000599718
-1.492e-7
1.7992e-7
1.28393e-7
8.17835e-7
8.52764e-7
7.18626e-8
-4.89823e-7
1.24873e-6
2.58287e-6
-1.72636e-7
5.2851e-8
-9.70005e-7
9.33095e-9
-4.97944e-8
-1.85478e-7
-3.37626e-7
-1.66078e-7
1.69152e-7
-3.68997e-8
7.00934e-8
-2.69675e-8
1.31398e-8
1.48562e-7
-5.32004e-8
-2.84563e-7
4.54549e-8
-2.08739e-7
-1.54863e-8
-1.03242e-9
-2.28723e-10
-2.756e-9
1.50526e-8
1.08182e-8
-4.27478e-9
2.74214e-8
9.67999e-9
1.68067e-10
1.00159e-9
1.67637e-9
-1.25338e-9
2.33566e-8
-9.22856e-8
7.0895e-9
-3.15635e-9
-1.39248e-8
5.42217e-8
-6.29903e-8
-8.50797e-8
1.85029e-9
3.37802e-9
2.23125e-9
1.19314e-7
-1.71336e-7
5.89115e-8
-5.37935e-10
2.53923e-10
1.25626e-9
4.62349e-8
-7.239e-8
3.4205e-8
-1.08377e-9
-2.59466e-9
1.3992e-9
1.7002e-8
6.14505e-8
-5.21984e-8
5.8682e-8
-4.10248e-8
9.90561e-9
1.08874e-7
-3.01607e-7
2.65112e-9
-2.0011e-8
7.71066e-9
-1.19122e-8
2.29397e-9
1.94766e-6
1.11385e-5
2.20708e-9
4.57716e-5
-1.66844e-6
-3.9807e-9
-9.13249e-10
-6.92721e-5
3.11693e-5
1.46041e-9
4.61566e-10
-2.81323e-9
0.000208889
0.00125898
1.01473e-9
-2.67349e-9
0.00240607
-0.00259066
2.61903e-10
-7.59944e-10
0.00648499
-0.00751242
1.64788e-9
-8.50871e-9
-0.0138949
0.0175385
3.40461e-9
-9.37393e-9
0.0224329
-0.0294807
1.78116e-9
5.23855e-10
-0.0285875
0.0378771
-4.2468e-9
1.12209e-8
0.0332419
3.527e-9
7.07684e-9
-1.42865e-8
2.72255e-9
-9.21112e-9
2.77435e-8
-0.0120981
-0.0238316
0.0203658
0.0092744
0.0116947
0.0215894
6.81725e-9
-1.82835e-8
-1.10921e-8
4.90368e-8
-9.83274e-8
-4.34435e-8
6.99638e-5
-0.00207923
0.00411702
1.95181e-7
-2.46874e-7
-1.28262e-7
4.10831e-6
9.34884e-5
-0.00023032
8.88229e-7
-1.04547e-6
8.15627e-8
-3.90546e-7
1.87536e-5
-5.19922e-5
2.04649e-6
-2.6384e-6
1.63496e-6
-2.58812e-7
8.82566e-6
-2.07574e-5
6.30128e-7
-1.15707e-6
1.07546e-6
-1.04792e-7
5.60493e-6
-9.96964e-6
-5.43388e-7
2.31646e-7
-9.98064e-8
3.4662e-8
6.90299e-6
-9.17378e-6
-3.16416e-7
1.55206e-8
4.66258e-7
-2.10358e-6
3.46228e-6
-2.6083e-7
-5.27624e-5
4.97264e-5
-1.69295e-5
9.27944e-6
-9.45868e-6
-3.62679e-6
3.53907e-5
-3.05733e-5
0.000152099
-0.000599324
0.000516109
0.000264002
-0.000315309
0.000572759
0.000119396
0.000346589
-0.000514138
0.000101081
-0.000165057
0.000146383
-9.82727e-6
-0.000527829
0.000216704
0.000764283
-0.000262787
-0.000363477
-6.26502e-5
-0.000206481
0.000501106
0.000654275
2.90295e-7
-7.12606e-8
1.62305e-8
4.75678e-8
1.05879e-7
1.07054e-7
-8.61825e-9
-3.91349e-8
2.47655e-8
1.45927e-7
5.30614e-9
-4.81222e-8
3.88859e-9
-2.10248e-8
-1.31796e-8
-6.89825e-10
-3.02814e-8
-3.78799e-8
-2.47767e-8
1.33815e-8
2.32625e-9
-3.69434e-9
-3.67306e-11
3.71582e-9
-1.27277e-9
-2.7408e-9
-3.65428e-9
-7.92362e-9
5.06302e-9
-1.62293e-9
-1.76275e-10
-1.01938e-9
3.96726e-11
-3.68254e-10
1.74984e-9
2.74901e-9
-2.14238e-8
2.87403e-9
-1.28078e-10
-4.085e-10
2.22544e-10
1.12068e-9
-2.17926e-9
1.12977e-8
-9.76993e-9
-2.70544e-8
-6.42158e-10
6.12511e-10
-1.52616e-9
2.72958e-8
-4.72926e-8
2.42469e-8
1.57633e-9
1.49503e-9
-3.02507e-9
8.33759e-9
-2.11907e-8
1.22346e-8
6.11628e-9
9.3569e-9
8.92234e-9
1.27037e-8
7.04218e-8
-8.09015e-8
7.65359e-8
-7.34932e-8
-3.20804e-8
-1.94233e-8
-2.27584e-8
4.08987e-8
-1.17371e-7
3.56648e-9
-3.12505e-8
2.75777e-8
-2.81148e-8
2.3877e-8
-2.92405e-7
-1.98078e-7
-5.61684e-6
-2.60137e-6
1.12393e-5
-3.9427e-9
-6.1691e-10
2.38281e-9
-7.35303e-10
-1.03981e-10
-6.99468e-5
-0.000370335
3.2484e-10
-4.34132e-10
-0.00130681
0.000840135
-9.12158e-11
7.05153e-5
0.00158997
7.32228e-11
8.0996e-12
7.48625e-11
-3.2462e-10
-0.0029306
0.00923075
-0.00137874
-0.00269649
2.40652e-10
-9.75276e-10
0.00740857
-0.0247432
0.00445849
3.80685e-10
-1.0359e-9
-0.0110038
0.0463816
-0.00619165
9.76869e-12
6.15426e-10
0.0284376
-0.0489373
0.00600028
9.82365e-11
-6.14308e-10
9.87129e-10
-0.0104165
-0.0143765
9.61789e-10
-3.10589e-9
-0.00407847
-1.38983e-9
-7.55714e-10
1.167e-9
-3.2177e-9
5.34176e-9
5.23953e-9
0.00164423
0.00472629
-0.00496104
-0.0019337
-0.00181017
6.43937e-9
-1.71724e-8
3.95222e-8
-5.90363e-8
-2.91152e-8
-0.000207087
-1.52793e-5
0.000570744
0.000211347
0.000564349
1.31531e-7
-1.481e-7
-7.05095e-8
2.16683e-5
-5.41741e-6
-5.14548e-5
4.89978e-7
-6.68084e-7
5.57492e-8
8.59473e-6
2.05408e-7
-8.72832e-6
1.56017e-6
-3.13856e-6
1.47661e-6
4.91626e-6
1.15883e-6
-5.47932e-6
2.90624e-7
-3.15389e-6
2.75747e-6
5.73807e-6
2.25522e-6
-4.55492e-6
-3.35386e-6
-1.22637e-7
4.16993e-6
-1.77073e-6
8.41559e-7
-3.89707e-5
-2.46623e-5
2.07984e-5
-6.79365e-6
6.35392e-6
-1.56969e-7
6.41891e-6
-1.78323e-5
0.000109893
-0.000101783
1.73086e-5
0.000153578
-0.000136785
4.26421e-5
-4.11457e-5
-0.000401806
0.000397994
-0.000340768
0.000554298
-5.09616e-5
0.000284779
0.000105107
-0.000235125
-0.000971322
0.000799907
0.00179394
-0.00106853
-0.00101835
0.000764884
-0.000362869
0.00042428
-0.000160197
-2.37871e-5
-0.000372809
-0.000190149
1.66039e-8
2.56869e-9
6.73822e-10
2.20393e-9
-1.09683e-9
8.46772e-9
1.35626e-8
1.23094e-8
-2.93874e-9
1.24723e-9
-1.00452e-10
7.03488e-10
-4.34632e-9
5.96442e-11
-3.67797e-9
3.56014e-11
6.52227e-10
-6.8366e-11
1.309e-9
-3.61688e-10
3.92786e-10
1.80059e-10
2.28576e-11
-1.2166e-9
-4.50379e-10
-2.63276e-10
6.04531e-10
-1.29275e-10
-1.0185e-10
-4.3416e-11
-1.77806e-10
2.7729e-11
-2.01007e-10
-4.5475e-10
-7.98668e-9
-1.36641e-11
4.23716e-10
-1.84771e-10
2.81811e-10
-6.60905e-10
1.24158e-9
4.3399e-9
-6.25674e-9
6.77354e-9
-3.59454e-9
-3.69919e-9
-4.88742e-9
-1.11244e-9
7.36753e-10
5.31844e-9
7.07443e-10
1.57119e-8
-5.04795e-8
-1.16921e-8
3.52405e-8
-6.56748e-8
6.35725e-8
-7.91369e-8
1.37022e-7
1.19507e-7
9.07166e-8
-1.72212e-7
-2.05137e-7
5.03614e-9
-2.30141e-8
2.85816e-8
-2.8869e-8
3.45585e-8
6.1188e-7
4.76071e-7
1.79621e-6
-2.92822e-6
-1.96964e-7
-4.39799e-9
-6.34884e-10
2.31474e-9
-8.86968e-10
5.75108e-10
4.74049e-5
-1.08845e-5
0.00025163
-3.33051e-5
2.63375e-10
-4.58178e-10
-0.000368417
-0.000367745
0.00123161
2.19637e-10
6.93007e-12
-3.18666e-11
-3.69331e-12
-0.00629369
-5.78499e-11
-1.25096e-10
-6.13841e-11
-6.48684e-12
-3.54127e-12
1.52432e-11
-5.23178e-11
-5.83212e-11
2.33428e-10
-0.0154017
-0.0386427
0.025468
0.0103316
0.0805903
-0.00875733
7.2072e-11
-0.00248508
-2.6068e-10
4.76839e-12
4.54209e-10
-1.78614e-9
2.95362e-10
0.000478237
-0.000949076
-0.000835463
-0.000483842
0.00371878
4.60762e-9
-7.32725e-10
4.13093e-8
-4.01712e-8
-3.98862e-8
-6.48057e-5
9.73979e-5
0.000111633
4.63709e-5
-8.41722e-5
1.56303e-7
-2.4196e-7
6.23905e-9
7.01657e-6
-1.08837e-5
8.13715e-6
7.09206e-7
-1.64945e-6
3.26162e-7
3.32126e-6
-2.12349e-6
1.09316e-6
4.644e-6
-1.07895e-5
9.83365e-6
3.67857e-6
-9.5913e-7
1.22083e-7
-8.86916e-6
6.22021e-6
-3.53033e-6
3.01918e-5
-2.61043e-5
-1.96811e-5
-2.05809e-6
1.41808e-6
-2.55893e-7
-1.8642e-6
2.43619e-5
1.8652e-5
-3.16495e-5
0.000118116
-0.000128657
0.000103328
8.07152e-6
-1.79809e-6
3.93976e-6
1.01541e-5
0.000333069
-0.000261082
-0.00024831
0.000327963
-0.000483306
0.00146425
-0.000889185
8.13536e-5
-0.000605236
0.000744084
-0.000379425
0.000366272
6.43043e-5
-0.000118418
0.000297428
0.000658574
-0.00136595
0.00100359
-2.11859e-9
-4.44581e-9
-5.67348e-9
-2.10268e-9
1.81358e-9
6.07635e-10
4.88233e-10
-3.59026e-10
1.26729e-9
2.06688e-9
1.59672e-9
-2.16505e-10
-2.46615e-10
1.48455e-10
-7.31648e-11
6.93745e-11
-2.14815e-10
-3.10924e-10
-5.33194e-10
-2.3914e-10
-1.20425e-9
-9.62818e-11
1.20349e-10
-2.68445e-11
1.17524e-10
3.5631e-11
5.18562e-10
9.4148e-11
9.11357e-10
-1.43238e-10
9.61696e-10
-1.01209e-9
-1.27504e-9
8.31108e-10
-1.58047e-9
3.31591e-11
1.16492e-9
-1.27598e-9
-5.06257e-10
1.45168e-9
-8.05859e-10
3.05861e-10
1.89695e-8
-1.57405e-8
-4.80116e-9
2.59838e-8
-1.30484e-9
2.56512e-9
-9.47612e-8
-4.62536e-8
2.66558e-8
-6.10423e-9
1.30314e-8
-4.33072e-8
-6.5357e-8
-6.69062e-7
-4.92259e-7
-8.19903e-8
2.29028e-6
-4.20124e-9
-2.73129e-9
1.17453e-8
-1.2733e-8
2.57006e-8
-1.43622e-6
-1.59227e-5
1.12784e-7
-1.1314e-5
2.09295e-5
2.0753e-9
-1.02094e-9
2.62882e-9
-7.68134e-10
5.93534e-10
8.32925e-6
-0.000139298
-9.09203e-5
6.71071e-5
1.06826e-10
-4.28296e-10
-0.000212043
0.00031774
-0.000300524
-6.36957e-10
-4.4087e-11
-5.98564e-11
-6.85752e-12
1.5531e-11
0.0231363
-0.0425304
-0.00775324
-0.000880616
-4.22047e-11
4.21024e-11
-0.028851
0.0327762
-2.66439e-11
3.91306e-11
0.056887
-0.06221
-2.01565e-11
-0.0644904
3.40305e-11
-4.60563e-12
-1.5701e-11
-3.33698e-11
1.98869e-10
6.26396e-11
-0.00721883
-0.0196092
0.0287123
0.00898935
0.0585771
-0.00816784
-2.04004e-10
-0.00340451
1.03417e-9
-1.44517e-9
3.78912e-10
-1.29111e-9
-4.06237e-10
-8.87719e-5
-0.000180734
0.00049917
6.33833e-5
0.00210974
-1.69971e-9
6.10257e-9
-9.37236e-10
-6.51789e-8
8.42328e-8
6.17048e-6
-7.10382e-6
-6.8308e-6
-5.51515e-6
-2.01577e-5
-2.83209e-7
6.79459e-7
-5.09919e-7
1.40091e-6
-4.85821e-7
-1.49315e-6
2.12913e-6
8.21539e-8
4.63894e-8
1.25038e-7
1.9212e-6
2.59294e-5
-8.82108e-5
0.000171872
-8.36318e-5
-1.58781e-6
1.38494e-7
-1.48333e-7
7.50164e-8
-3.02118e-7
7.30789e-5
-5.53868e-5
0.000217184
-0.000149361
-3.21118e-5
-4.81736e-6
-3.96784e-6
1.53698e-6
2.47764e-7
9.20273e-7
0.00029472
-0.000269614
-0.000469355
0.000880394
-0.00123751
0.0025516
-0.00195728
-0.0005345
-0.000427165
0.000362773
-0.000217221
0.000291563
3.82452e-5
-6.42105e-5
0.00144801
-0.000900491
-0.000263915
-0.000179219
-0.000579998
0.00106582
0.000713692
-0.000554085
-2.61388e-10
-7.25839e-10
-8.50543e-10
-1.43992e-10
-1.58493e-9
2.44668e-9
-2.71406e-10
1.60325e-9
-2.71576e-9
2.92531e-10
4.70531e-10
3.02718e-10
-1.0065e-10
9.56884e-11
3.06139e-10
-3.68045e-10
-2.75732e-9
5.09092e-9
-7.87583e-9
1.79852e-8
-3.36555e-9
-1.80811e-9
9.12231e-10
5.30024e-10
2.73371e-10
-2.14423e-9
7.08433e-9
2.78546e-9
1.37553e-9
1.68403e-9
6.05973e-9
-7.39415e-9
4.82521e-9
8.47945e-10
-7.48491e-9
3.61341e-8
-1.07125e-8
1.16107e-9
1.11029e-9
-1.10943e-8
-7.6597e-9
-9.2428e-8
9.81137e-10
1.9953e-7
3.33543e-7
2.56194e-9
1.36821e-9
-6.59179e-9
-8.61817e-9
-2.59905e-7
-6.77647e-7
-1.43042e-7
1.19653e-6
-1.18593e-8
-7.55005e-10
1.80827e-6
-3.49493e-6
-6.01591e-6
8.02322e-9
-2.0484e-9
2.18184e-9
4.02961e-5
2.68481e-5
4.58147e-5
-6.80587e-5
7.04613e-9
-9.25799e-5
-2.92884e-9
1.69488e-9
-1.27723e-10
0.000368282
-0.00141582
0.000192927
3.87923e-5
-2.15259e-9
9.83929e-10
-0.00147269
-0.000383086
-7.8486e-10
0.00517418
7.59548e-10
-4.77657e-10
1.39274e-10
0.0676856
-0.0654312
0.00954763
-0.0222441
-1.72767e-10
4.74734e-11
-0.0176492
0.0220162
-1.41202e-10
5.11647e-11
0.0375087
-0.047257
-1.61329e-10
-0.0463526
2.65555e-10
-1.14427e-10
-1.53111e-9
3.30179e-9
-6.69875e-10
-0.00513123
-0.000924853
0.0124213
0.0065844
0.0369493
-0.00545776
-1.51969e-9
-0.00169502
3.20206e-9
2.71353e-9
-8.06988e-9
-9.03675e-9
-0.000150793
0.000281606
9.53918e-5
5.05724e-5
0.000638637
5.39547e-8
-4.4708e-8
-2.76542e-7
1.9246e-7
1.34608e-6
-3.39025e-6
-3.97027e-6
-3.02191e-5
1.18186e-6
-7.318e-7
-4.45522e-6
2.74278e-6
5.41182e-8
-1.23407e-7
-2.67422e-7
1.38025e-7
1.46708e-5
-9.22014e-6
-4.20617e-5
2.7817e-5
-9.20607e-9
-3.32903e-8
-4.38523e-8
2.62082e-8
0.000105542
-0.000216715
1.15669e-7
2.49076e-8
2.24745e-8
0.000351782
-0.000207657
-0.000454639
0.000453624
-6.81873e-6
2.37895e-8
8.83473e-7
1.88983e-7
-4.38457e-7
-0.000201235
-0.00021283
-0.000283377
0.000782724
0.000842052
-0.00153624
-0.000327862
-0.000196691
0.000399952
-0.0002434
0.000188774
1.86236e-5
-1.6083e-5
0.00116235
-0.00168893
-1.88741e-5
0.000357648
-0.000936726
0.000509792
0.000908091
-0.000637192
-7.96904e-11
-4.36993e-10
-6.07736e-10
4.4496e-11
-6.83134e-9
1.37442e-8
1.24322e-8
1.18349e-9
5.16661e-10
1.13922e-9
1.11694e-9
-1.91564e-9
-6.49686e-10
5.01641e-9
-9.46248e-11
-2.84663e-8
-1.20251e-8
-6.83334e-8
-3.21494e-8
6.01149e-8
-7.11647e-9
-1.19939e-8
-2.57563e-9
-1.01446e-9
-4.11537e-9
-6.01499e-10
7.26833e-9
-7.68267e-9
-8.06936e-9
6.36205e-9
-4.81503e-9
-1.06442e-8
5.45647e-8
4.7618e-8
1.66104e-7
1.71787e-7
-1.06266e-7
2.60773e-8
-5.24989e-8
-6.31825e-9
5.32822e-8
1.32253e-7
3.95528e-8
3.69689e-8
-2.87166e-7
-2.10732e-7
-2.45077e-7
1.63263e-7
5.74487e-7
2.00955e-6
5.39733e-8
4.36384e-8
-2.11914e-7
-2.08947e-7
-2.27338e-7
-2.76626e-6
-5.02097e-6
-1.87192e-6
-2.61507e-8
-1.67239e-8
-2.93279e-7
-5.50209e-8
2.96978e-5
-4.89113e-5
-0.000107696
-0.000162803
1.63545e-7
8.43039e-8
-2.84099e-8
0.000314483
-0.000341705
0.000598891
-0.000778376
3.79183e-9
-3.21057e-10
-2.08217e-9
0.00163326
0.0029814
2.66564e-8
-2.26928e-8
6.58723e-9
-0.00308908
0.00190569
-0.00844024
0.00539322
3.73729e-10
-2.3473e-9
-0.00714489
0.0307396
9.45762e-10
5.99876e-9
-1.16259e-9
-0.00812267
0.0111195
0.00768653
2.72044e-10
1.56954e-9
-9.60731e-10
0.0126512
-0.0187486
0.0215016
5.82524e-10
4.4208e-9
-1.78532e-9
-0.0122089
0.0250464
-0.0447441
3.50962e-9
1.70508e-9
0.00457719
-0.011973
-8.50934e-9
1.30617e-9
-0.00805028
0.00984981
1.38557e-8
-1.01304e-8
0.00236231
-0.0067638
1.90602e-8
-5.23717e-8
-3.2046e-8
1.16137e-7
4.90599e-8
3.4682e-8
0.00018658
-0.000499899
-6.55802e-5
-0.000112758
-0.000149443
0.000152674
-7.45225e-8
-3.67243e-7
3.45564e-7
1.25711e-6
-1.36854e-6
-2.39391e-6
2.13464e-5
1.78405e-7
4.45131e-5
-4.86296e-6
5.05827e-6
1.62306e-5
-1.65153e-5
-6.87143e-8
1.9492e-7
-3.78906e-8
1.54414e-6
-4.68783e-5
4.71683e-5
0.000118572
-0.000117317
-6.3355e-8
-9.73908e-8
2.63018e-8
4.50313e-7
-0.000256573
0.0002516
0.000491803
-0.000460019
2.567e-7
-1.28724e-8
-1.0394e-7
2.10095e-7
-0.000846112
0.000690362
0.00100762
-0.000798298
-0.00100626
0.000719677
-1.94348e-5
8.29649e-6
1.93349e-6
-1.4827e-5
2.27926e-6
-3.04978e-6
0.000987482
-0.000488612
-0.000873157
0.000282152
0.000794737
-0.000485741
-2.28933e-5
-0.000610095
0.000544127
-0.00035796
0.000358758
-0.000456047
0.000633343
-0.000175077
0.000189768
-0.000266089
0.000219094
-0.000370492
-1.75374e-5
0.000100206
6.91136e-8
-2.44685e-7
2.80833e-8
-4.10451e-9
1.00366e-8
9.6317e-9
-5.25086e-9
-1.57723e-8
2.50698e-8
-9.07123e-7
-6.10656e-7
6.36164e-7
-1.48344e-7
-8.14493e-8
6.22425e-7
-1.44128e-8
9.13236e-9
-4.82839e-8
-7.43975e-9
3.22574e-8
2.66093e-8
-4.88641e-8
8.86986e-8
-4.67623e-8
1.2754e-6
1.16065e-6
-1.82159e-6
2.16865e-6
-2.23363e-6
-6.55259e-8
3.06989e-7
-1.13351e-7
2.87954e-8
1.62489e-7
1.09513e-6
1.04953e-6
-5.82189e-6
-5.2698e-6
-1.18776e-6
1.5272e-6
5.34429e-6
1.37489e-5
1.19477e-6
1.18617e-6
-5.3621e-6
-5.11366e-6
-1.81275e-5
1.34664e-5
5.12533e-5
0.000138947
-5.92421e-7
-6.61721e-7
-5.98602e-6
-1.81692e-6
-0.000126244
5.92793e-5
0.000235932
0.00075953
1.749e-6
-1.48633e-6
4.46143e-7
-0.000565764
0.000201882
-0.00128091
0.000767374
-1.2746e-7
6.32428e-8
5.97079e-7
-0.000737151
-0.00223907
-1.85644e-7
4.00303e-8
-2.67732e-8
0.000220226
0.000581214
0.000651768
0.00144611
5.10472e-8
-5.33535e-9
-0.00464858
0.00613809
2.53142e-9
-8.30889e-9
0.00570422
-0.00869797
4.38061e-8
-1.53425e-8
-0.00440622
0.00713612
3.84812e-8
-2.01817e-9
0.00246387
-0.00376603
-2.31802e-8
1.93433e-8
-0.00246745
0.00498999
-4.21147e-8
1.09157e-7
1.13442e-7
-3.24117e-7
-8.86285e-8
-2.74316e-7
-3.4226e-6
4.90551e-5
0.000126633
8.42822e-5
0.00122996
-0.000185901
5.54311e-7
-3.00221e-7
-1.03321e-6
-3.55104e-6
4.53198e-6
2.64282e-6
-1.37181e-5
-8.48223e-6
-3.84195e-5
1.06954e-5
-1.48486e-5
-2.7103e-5
4.1422e-5
-1.32535e-6
-2.27286e-7
-1.40473e-7
-2.87155e-6
6.70056e-5
-0.000103867
-0.000139944
0.000228781
-6.91536e-7
-1.39553e-6
2.42035e-7
8.33411e-6
0.000295478
-0.000389181
-0.000429039
0.00085448
-5.00575e-7
-4.98295e-7
-2.34792e-7
3.89603e-6
0.000580056
-0.00101351
-0.000536952
0.000902118
0.000617937
-0.00101916
6.95648e-6
-2.96924e-5
1.13638e-5
4.20476e-5
-8.28663e-6
1.34642e-5
-0.000645631
0.000959134
0.000390915
-0.00074263
-8.98462e-5
0.000445094
-0.000126745
-0.000176427
0.000145278
5.49354e-5
-6.51181e-5
-5.60148e-5
4.06638e-7
-1.44696e-7
9.23252e-8
1.23745e-7
-3.99598e-8
-9.92675e-8
-2.65447e-6
6.99431e-6
1.5218e-6
-5.47777e-8
3.53612e-7
-5.55098e-7
-1.6118e-7
1.74749e-7
7.04525e-8
-7.87504e-7
7.52475e-7
2.02606e-5
2.28189e-5
-2.58119e-5
9.86464e-7
5.97628e-6
-2.8197e-5
4.33163e-7
-1.20454e-6
2.59927e-6
-5.30505e-7
-3.61161e-7
-2.93647e-7
2.009e-6
-3.22276e-6
-4.95081e-6
2.55841e-5
2.37625e-5
8.01419e-5
-9.82709e-5
0.00013633
3.1112e-6
-7.73202e-6
4.63251e-6
-7.62497e-6
-2.96946e-5
2.40242e-5
1.97111e-5
-0.000132227
0.00013515
5.91957e-6
1.67912e-5
-5.09935e-6
-8.39359e-5
1.43822e-6
-9.70058e-5
7.64333e-5
-2.52843e-5
-6.50573e-5
0.000113481
-5.98908e-7
0.000161986
-0.000100709
5.88975e-6
-2.19088e-6
-2.16137e-5
-0.000265948
-0.000519159
-1.62617e-7
6.73052e-6
-4.37623e-6
1.80072e-6
0.00079047
-0.000577585
0.00142964
-0.00123094
-0.00180199
-1.16913e-7
-2.62958e-6
-6.53216e-7
0.00107447
-0.0020765
0.00331806
1.69445e-8
2.82254e-6
4.92664e-7
-0.000548558
0.00188656
-0.0035327
-2.0277e-7
-3.35016e-6
4.83623e-7
-0.000370531
-0.00103313
0.00254589
-3.53206e-8
-3.29192e-7
-4.51958e-8
0.00012915
0.000600364
-0.00166236
1.27632e-7
-1.17613e-7
-0.000106684
-0.000301461
4.43498e-7
6.12982e-5
8.78208e-7
1.56628e-6
-2.83312e-6
3.52248e-6
3.49275e-6
3.71872e-6
5.06592e-5
-5.17587e-5
-1.55923e-5
-1.06602e-5
0.000317502
1.4511e-5
-7.4848e-6
-1.08076e-5
1.41571e-5
2.84321e-5
-4.43455e-5
-2.78627e-5
1.48697e-5
1.29767e-6
1.35666e-5
-4.5704e-5
7.35704e-5
9.16814e-5
-0.000166981
1.48026e-7
-2.35958e-5
1.91572e-6
0.000102839
-9.2545e-5
0.000231649
-0.00022267
-4.1511e-5
-0.00016835
9.00357e-5
0.00011045
-9.05448e-5
1.0164e-5
1.36963e-5
-0.000101464
5.89129e-5
-1.87943e-5
-4.4353e-7
-0.000446454
0.000154597
0.000139039
0.000986272
-0.000544236
0.000101748
-0.00138502
0.000898653
-0.000369584
0.00241558
-0.00121043
0.00052261
-0.000800997
0.00050761
-0.000294869
0.000275639
-0.000160037
0.000103342
-1.88499e-6
-9.25753e-7
3.6042e-6
-9.71752e-6
6.23711e-6
-8.0273e-7
-0.000154758
8.67455e-5
1.17184e-6
3.62455e-5
-8.65454e-5
-5.66283e-6
2.29506e-5
-1.54893e-5
3.03728e-5
6.04692e-6
-7.08063e-6
-0.000321419
-3.17266e-5
-0.000298784
0.000428959
0.000117212
7.57563e-5
-7.72373e-5
3.97525e-5
-4.10531e-5
-2.88625e-5
3.26319e-5
-6.70053e-5
-1.20531e-5
1.55954e-5
-4.67396e-5
-0.000146741
-0.000165794
-0.000169795
0.000401178
-0.000336789
0.000447424
-0.000299446
0.000131527
-0.000210729
5.66713e-5
-2.97665e-5
1.03629e-5
-5.89339e-5
-0.000182389
-0.000242764
-3.31108e-5
6.29406e-5
0.000413424
-0.000252422
-0.000135707
0.000386313
0.000245933
0.000383123
0.000273859
1.81648e-5
-4.54285e-5
0.00033876
-0.000216956
0.000140145
-0.000809396
0.000909618
-0.000624895
0.00124533
0.000624101
0.000498209
-0.000107641
-8.54258e-6
2.82688e-6
-0.000127304
-0.00116056
-0.00145511
3.86955e-5
-9.66051e-6
0.000211902
-0.000186397
2.18926e-5
0.00247825
-0.00262401
0.00236029
-0.00280043
-0.000682855
1.47205e-5
6.00289e-5
-3.78614e-5
0.00297811
-0.00322748
0.00217474
-4.87588e-6
4.28873e-5
-0.000130647
-0.000642726
1.20026e-5
-0.000194687
-4.32125e-5
-2.43345e-5
0.000214519
-7.98437e-5
5.37182e-5
0.000384354
0.000760089
-0.000588674
-0.000523601
-0.00339241
0.000576798
-0.000227536
-1.87757e-6
-4.6051e-5
0.00012129
-1.56185e-5
7.95621e-6
0.000255668
3.22385e-5
-8.58864e-6
-3.92903e-5
-6.12331e-5
0.000174838
-0.000311792
-0.000114502
0.000247018
0.00124432
-9.66819e-5
3.08403e-5
0.000140848
0.00011442
-7.17055e-5
0.000195358
-0.000375576
0.000452775
0.000137632
-0.00048513
0.000144794
-0.000341002
-9.48369e-5
0.000303276
-0.00034386
0.000625339
-0.000497601
0.00062882
-0.000739679
0.000731083
-0.00132091
0.00173522
0.000370103
-0.000622772
0.000205381
2.10258e-5
0.00202244
-0.00141425
0.000537187
-0.000391736
0.00016234
-0.00149006
0.00210836
-0.00200984
0.0022319
-0.0017773
0.00214595
-0.00290431
-8.14106e-5
0.0001401
0.000185155
-7.42871e-5
0.00014125
-0.000244055
0.000442293
-0.000415248
7.61681e-5
-1.20291e-5
-1.92249e-6
-0.000131026
0.000406632
-0.00078704
0.000841821
-0.00091077
5.7341e-5
9.68242e-5
-0.000213406
0.000237225
-4.69253e-5
-0.000394356
0.000936908
-0.00133139
0.0012886
-0.00151446
0.000157261
-0.000354553
0.000583205
-0.000690133
0.000487527
6.7436e-5
-0.000772924
0.00130826
-0.00161787
0.00218932
0.00019417
-0.000368649
0.00067153
-0.00105712
0.00127792
-0.00109231
0.000476391
0.000331266
-0.00104483
0.00161511
-0.00192116
0.0041584
0.000442597
-0.000924029
0.00144793
-0.00172997
0.00156826
-0.000971935
0.000172594
0.000560342
-0.000987348
0.00107841
-0.000509167
0.00102424
-0.00149199
0.00175685
-0.00164163
0.00119496
-0.000527632
-0.000340414
0.00137837
-0.00187565
-0.000671081
0.00110578
-0.00126539
0.00127845
-0.00116763
0.000951478
-0.000220932
-8.62131e-5
-0.000397903
0.000455019
-0.000565732
0.000924496
-0.00166648
0.000481186
-0.000431002
-0.000106077
