-0.00546359
0.0259575
-0.0308755
0.000708523
-0.0301682
0.0281358
-0.0304954
0.0412698
0.0182216
-0.0232792
0.00582279
0.0187347
0.00890324
-0.00715452
-0.00757373
-0.00620617
0.00496433
-0.00621857
0.0166559
-0.0061713
-0.00343984
-0.0237907
0.00748012
-0.00209497
0.0045547
0.0190421
-0.0112484
0.00860745
0.00193837
-0.00912484
-0.000296557
0.00301707
0.00966124
-0.00221234
-0.000630281
-0.00579227
7.53755e-5
2.26025e-6
-4.33103e-5
-0.00198228
0.000892247
-0.00100363
0.00452899
0.00703973
-0.000126637
-0.00912328
0.0133988
-0.0179579
0.0214105
-0.0219506
0.00279077
0.0148529
-0.0003122
-0.0073236
-8.77284e-5
0.000313759
5.25586e-5
0.0083864
-0.0194341
0.00405858
-0.00792488
0.0288707
0.00293023
-0.0229757
0.00990765
0.000567397
-0.0105504
0.020489
-0.0272938
0.0272745
-0.021038
0.00377338
0.0109908
-0.00166584
-0.00572085
-0.000141353
0.00280547
-0.000104536
0.000417263
-0.00621347
0.0144113
-0.0139616
0.00790016
0.00277401
-0.0151417
0.0237144
-0.0245492
0.0183071
-0.0100983
0.00429479
-0.00136714
0.0104491
-0.00392607
0.000796398
-0.00989101
0.00365116
0.003766
0.00506678
-0.0152842
0.0197068
-0.0175528
0.00830173
0.00428756
-0.0137352
0.0161156
-0.012807
0.00792139
-0.00192035
-0.00355144
0.000953725
0.00298035
0.000326264
-0.000894579
8.5585e-7
-0.000351511
0.00840921
-0.0018919
-0.00493961
0.0155737
-0.0236786
0.0249808
-0.017559
0.00598529
0.00345304
-0.00735946
0.00681513
-0.00455679
0.00234862
-0.00207542
0.000874816
-1.59615e-5
-0.00295431
0.00540169
-0.0142478
0.0243146
-0.0260212
0.0203146
-0.0107262
0.0025802
0.00167926
-0.00318263
0.00431345
-0.00458209
0.000799793
0.000236185
-8.69157e-5
0.000623725
-0.00315714
-2.13244e-5
-0.00387132
0.00918131
-0.0162589
0.0205854
-0.0160456
0.0098061
-0.00407904
0.00106753
0.000618608
-0.00138847
0.00327116
-0.00153086
0.000733407
-0.000699639
6.03435e-5
-0.00430021
0.00834589
-0.0109267
0.0091388
-0.00650199
0.00307594
-0.00228273
-7.90391e-5
0.000973485
-7.77176e-5
-0.000473512
0.000261809
0.000238112
0.000482203
0.000573546
-0.00429442
0.00603612
-0.00405045
0.00304017
-0.00169452
0.00252803
-0.00165051
0.000284043
-0.000493565
0.000218872
-0.000158595
-0.00045188
2.12332e-5
0.00190387
-0.00308568
0.00173992
-0.00256888
0.00169857
-0.000140761
-0.000379375
0.000799125
0.000323694
-0.000340814
-0.000466029
0.000100212
0.00151295
-0.000954196
0.000806221
-0.000754389
0.000310716
0.000137388
-0.000339759
0.000357435
1.62939e-5
-1.96959e-6
0.00128967
-0.00402927
0.00217793
-0.0019112
0.0111953
-0.00646617
0.0023636
-0.000593742
-0.0335626
0.0152882
-0.000228458
-0.00441671
0.0168053
-0.00829826
-0.000262163
-0.00876945
0.000566159
0.00642999
-0.0003151
0.00688733
-0.00983106
0.00405406
-0.00834991
0.0123866
0.00496553
-0.00271106
-0.00772263
-0.00497108
0.00341035
-7.19989e-5
-0.000928372
0.000308229
0.00179412
0.00151746
-0.000231748
-0.00015343
-3.74653e-5
-0.00239059
0.00297849
-0.00222343
0.00302142
-0.00315024
-0.000993764
0.00113344
0.00101662
0.000537076
-0.000347691
0.000490709
-0.00201172
0.000500625
0.00193266
-3.95843e-5
-0.00459556
-0.000593709
-8.57277e-5
0.000263378
6.15804e-5
3.32354e-5
-5.52366e-6
0.000247265
-0.000788185
-0.000119186
-0.000466695
0.00126682
-3.11572e-5
-0.00342498
-9.82313e-5
9.54681e-6
1.67524e-5
-9.23106e-6
8.92204e-6
-5.33213e-6
5.42474e-6
0.00174639
-0.00512217
-0.00015042
5.70079e-6
-0.00130619
0.00192052
-0.000624732
0.00496319
-0.00626227
0.000180304
0.000998527
2.44899e-5
-5.14043e-6
-3.32706e-5
1.25099e-6
5.67497e-7
4.98803e-7
4.76668e-7
-0.0123615
0.0178466
-0.0183207
0.000128517
-3.68442e-5
3.93082e-6
0.0153308
-0.0146048
0.0153408
-1.88822e-5
1.00153e-5
8.39107e-6
-0.0180231
0.0160161
-0.0119125
1.11741e-5
-7.76235e-6
-2.89031e-6
0.0196488
-0.0154791
0.00737931
3.15044e-5
-6.32725e-6
3.49285e-6
-0.0146415
0.0114981
-0.00714631
0.00271869
-0.000195343
2.95898e-5
-1.7019e-5
2.76836e-6
0.00649118
0.00422962
-0.00157936
-6.2949e-5
4.05329e-5
2.68428e-5
1.6528e-5
-0.00525907
0.00253154
0.00291858
-0.00262125
0.00141095
-0.000371074
1.83112e-5
2.21893e-5
-1.86319e-5
1.68716e-5
-3.76343e-5
-0.000791874
-0.000663727
0.000340643
7.77447e-5
7.45569e-5
-4.93024e-5
1.73412e-5
-9.62137e-6
4.33808e-6
0.00041229
-0.000212593
-2.3335e-5
-0.000219918
0.000165838
0.000142981
-0.000349197
7.72254e-5
0.000116497
-6.08905e-5
1.77551e-6
8.08716e-6
-1.07968e-6
-4.03344e-6
1.58278e-5
-8.4845e-6
6.15799e-5
-0.000109329
-2.73581e-5
3.94369e-5
-0.000134528
1.67922e-5
-8.90169e-6
-4.13991e-5
-2.36563e-6
-1.30769e-5
-4.03878e-5
3.16013e-5
7.07243e-7
-6.40546e-6
-7.71139e-6
1.70759e-6
3.74907e-5
-6.05951e-6
-5.43862e-7
3.9558e-5
-1.01426e-5
8.83719e-6
5.99161e-6
5.45352e-6
3.14345e-5
-1.27463e-5
-1.76363e-5
2.90621e-6
2.07738e-6
-4.77358e-6
-9.26564e-6
2.88486e-6
-3.99288e-6
-5.7763e-7
-0.000165503
-0.0019329
0.00587473
0.00138264
-0.00441583
0.0065843
-0.0127839
-0.00198222
0.00534387
-0.00446764
0.00716592
-0.0106158
0.00862247
-0.0140864
0.0178005
-0.0150903
0.0179386
-0.021371
0.0174384
-0.0140781
0.0181633
-0.0136433
-0.0104623
0.0070121
0.00875502
-0.00368597
4.67622e-5
0.000206241
-0.000403236
-0.000665105
0.000376371
-0.000424322
0.000684465
0.00391361
-0.00568403
0.00128992
0.00155876
0.000645901
-0.000491852
-0.000942438
1.08233e-5
-4.26869e-5
-1.32405e-6
2.96157e-5
1.2278e-5
0.000716008
9.12648e-5
-0.000411519
2.76792e-5
-0.000160299
2.76184e-5
-3.55754e-6
-6.75585e-5
0.000195827
3.60513e-5
-8.10995e-5
1.77404e-5
-1.91137e-5
9.25321e-7
-9.19912e-5
-2.975e-6
-1.51567e-5
2.96012e-5
5.02971e-6
-9.54922e-6
7.22439e-5
1.3836e-5
-3.30464e-6
-0.000382685
0.000255826
-1.1527e-6
-2.03574e-6
-5.49143e-7
3.07e-6
-3.31948e-7
4.6594e-7
-1.62834e-6
0.00178441
5.58165e-8
0.00407607
-0.00348828
0.000124831
-0.00561431
0.00632268
-1.65591e-5
-0.00503563
-1.66338e-7
2.13704e-8
-3.4011e-7
-9.31778e-8
3.13867e-7
-4.14232e-8
3.2867e-8
0.0107803
-0.0104389
0.010163
-2.08168e-6
7.20778e-7
-1.70292e-7
-0.0165517
0.0156334
-0.0149757
-1.5131e-6
1.88173e-7
-1.84279e-7
0.0195778
-0.018858
0.0177728
5.52651e-7
1.13179e-9
-1.25606e-8
-0.0178697
0.0174271
-0.0162663
-1.31015e-6
3.09196e-7
-4.86897e-8
0.0129643
-0.0107908
0.0121346
-3.4331e-7
9.06344e-8
-6.13741e-8
-0.00725646
-0.00577256
-1.31387e-6
-7.31025e-8
-1.09744e-7
0.00580126
-0.00436226
-0.00387551
0.00259758
-0.00225387
-9.17256e-6
3.13757e-6
-1.24542e-6
6.05373e-7
0.00126115
0.000633768
-2.93589e-6
5.48134e-7
-3.1648e-7
-0.000521864
0.000356968
0.000166086
3.01532e-5
7.12569e-7
-2.93282e-8
2.83902e-7
4.17998e-7
-3.97223e-5
2.24039e-5
1.13117e-5
-3.8335e-6
1.58027e-9
3.81385e-7
-1.69736e-7
-1.40524e-7
-2.66479e-6
-3.90733e-7
2.38937e-6
5.18246e-6
-8.37589e-6
8.50344e-6
9.00868e-8
3.19285e-6
4.39561e-8
-2.89364e-7
-1.13634e-8
-5.24722e-7
-2.45724e-6
2.93975e-6
-1.2614e-6
1.46441e-7
2.54185e-6
1.77766e-6
-5.04834e-7
1.44614e-6
-2.51757e-7
3.51597e-8
7.80141e-7
-3.44116e-6
-5.41228e-7
2.9486e-7
6.58411e-7
-1.85815e-7
-1.30982e-6
6.25022e-7
-4.03615e-7
-9.18531e-7
-2.65587e-7
-4.16464e-8
-2.60945e-7
8.73387e-8
-6.9048e-7
1.02146e-7
1.64383e-6
-2.94376e-7
-3.81616e-8
2.47618e-7
2.56044e-7
3.86382e-8
5.68432e-8
6.23167e-9
0.00126608
0.000620779
-0.0061381
0.019116
-0.0198676
0.0159476
-0.00327985
-0.00397801
-0.00142612
0.0111993
-0.00141185
-0.00773075
0.00690709
0.00233391
-0.00768981
-0.00282224
0.00318877
0.00733106
0.00207136
-0.0126548
-0.00351149
0.00900552
0.00453625
-0.00791762
-7.66564e-5
-0.000157738
0.000398936
-0.000602369
0.000261335
-0.000569879
-0.00432962
0.00760361
0.00284474
-0.00425895
-0.00153337
0.00177005
-1.10065e-7
-7.97472e-6
9.28216e-6
-2.05051e-6
0.000732435
-0.000809512
-0.000309695
0.000344223
1.54695e-6
-8.31664e-6
1.76877e-6
1.7321e-7
0.000116712
-0.000132622
-3.9427e-5
4.67795e-5
6.81837e-7
-2.52358e-6
6.06011e-7
-2.91036e-7
1.19291e-5
-1.51512e-5
-3.12076e-6
5.1241e-6
1.45808e-5
-4.52886e-6
-1.70941e-6
-5.09808e-5
-6.19938e-6
1.03008e-6
5.37387e-7
-1.67632e-6
5.83596e-7
-2.70467e-7
5.77881e-7
-2.63299e-7
-0.00171434
-0.000127773
0.000365283
0.0074992
-0.00591609
-3.746e-5
6.20546e-8
1.40717e-7
-1.96162e-8
6.17654e-9
-5.67166e-8
-0.00484801
0.00590729
3.37536e-8
3.32155e-10
0.0128519
-0.0112508
6.67435e-8
-1.95292e-8
-0.017464
0.0172172
3.61607e-8
-1.99652e-8
0.0187562
-0.0194589
3.88127e-9
-6.82088e-9
-0.0127979
0.0161874
1.89323e-8
-2.33159e-9
0.00840639
-0.0114203
1.15945e-8
-3.15004e-9
-0.005084
0.00673279
8.23551e-8
-2.508e-8
0.00296555
0.00264606
2.3358e-7
-1.85809e-7
7.30578e-9
-0.00155547
0.000884802
0.000610768
-0.00102203
1.68488e-8
-4.98489e-8
2.26063e-8
-0.000190959
-0.000105103
-9.89781e-8
1.16293e-8
8.34083e-9
4.33905e-5
-1.23396e-5
-4.20745e-6
-3.38986e-6
5.54464e-8
-3.33766e-8
2.27996e-9
2.25451e-8
-1.62102e-6
1.55232e-6
1.20253e-6
4.06878e-7
9.30535e-10
3.35231e-9
-4.72324e-9
-9.90232e-9
-3.93636e-7
-3.75878e-8
9.38879e-8
4.64361e-8
7.51263e-8
1.03457e-7
3.70292e-9
-6.12164e-9
6.56225e-8
-4.92157e-8
-2.5713e-8
-3.14737e-7
4.12169e-7
2.53974e-7
-3.50513e-7
-4.79615e-8
-2.84672e-8
-1.16532e-8
-1.22347e-8
6.92743e-8
9.71216e-8
-5.416e-8
1.18058e-7
-4.00646e-8
-1.0437e-7
-6.01884e-8
-1.34382e-8
-9.99567e-9
1.117e-9
-1.09577e-7
-1.06073e-8
-2.18191e-8
7.10391e-8
3.61063e-8
-2.05612e-8
-2.12605e-8
2.93608e-8
3.49482e-8
1.54563e-8
3.19683e-9
-3.28901e-9
3.67378e-8
-0.00227629
0.014249
-0.0101875
-0.0205063
0.0122633
-0.00566878
0.00606189
0.0146362
-0.0113724
0.00270245
-0.0107414
0.00759825
0.00179329
0.00530469
-0.00463766
-0.00279291
0.00381401
0.010007
0.00104392
-0.00802919
-0.0111572
-0.000919521
-0.00158929
0.00522249
-0.0166091
0.0118248
-0.007087
0.0115008
-0.00316656
0.0128565
-0.0131457
-0.00945132
0.00646102
0.00569253
0.00550176
0.00331724
-0.00537385
-0.00571663
1.49681e-5
0.000113643
-0.000177512
0.000563728
-0.00056018
7.89446e-5
0.00264429
-0.0021166
-0.000642692
-0.00121186
-0.000746079
0.00116706
0.00064711
-2.10939e-6
2.12695e-8
-5.10853e-6
-2.23288e-6
-0.000361411
0.000565068
0.000161617
-0.000224364
1.60399e-8
-5.46445e-7
2.23135e-9
2.85358e-6
-6.49481e-5
9.3261e-5
2.1568e-5
-2.56842e-5
-8.70985e-7
-2.68077e-7
4.19203e-7
1.3026e-6
-6.25772e-6
8.87021e-6
1.09501e-6
-1.7578e-6
1.07854e-7
-2.66058e-6
-1.23992e-6
-8.97284e-7
4.44071e-6
5.79076e-6
1.55076e-7
-3.79285e-7
8.56719e-7
-1.45003e-7
-2.03525e-7
1.13651e-7
6.10023e-8
0.0004146
-0.000362993
2.25036e-5
-0.00236181
0.00397811
9.09281e-6
-2.93077e-8
-1.78174e-8
-7.40631e-8
2.61686e-8
1.84865e-8
5.9466e-9
0.00152915
-0.00697668
-4.8537e-9
-3.21163e-9
0.00836794
2.73573e-10
0.0163148
-0.0257858
0.00588999
-0.0174376
0.0323176
-0.00322595
-0.0200351
4.1404e-9
-2.47686e-9
6.92452e-9
7.18236e-10
1.40008e-9
-4.97347e-10
-2.18401e-9
7.78064e-10
0.0153318
-0.0214791
0.0188539
5.03255e-9
-1.18471e-9
6.01701e-10
-0.00853614
0.0127811
-0.0146445
1.58615e-9
-2.23209e-10
2.25009e-10
0.00187156
-0.00444889
0.00775538
4.42882e-10
-2.01483e-10
1.28354e-10
-0.00222281
-0.00481708
4.76019e-9
-5.84997e-11
0.00260076
-0.00141894
-0.00182604
0.00314902
6.35832e-9
-2.10003e-9
-1.4491e-9
9.54115e-10
9.24855e-11
0.00144951
-0.00188002
-4.55176e-9
1.71086e-9
-0.000597576
-0.000316246
3.56411e-9
-3.11124e-9
0.000141489
7.30027e-5
-9.62981e-6
8.40576e-5
-2.9786e-9
-7.03419e-9
7.92985e-9
-1.48741e-8
-2.14741e-9
-5.25656e-6
-1.71024e-6
-1.88146e-9
2.74613e-9
3.84513e-6
-3.41156e-7
-1.14794e-6
-4.10179e-7
2.9087e-9
-3.80303e-9
-3.84966e-9
3.80832e-9
5.74215e-9
-1.85604e-9
1.40541e-7
3.78497e-7
4.01589e-8
8.09942e-8
-1.09723e-9
8.71961e-10
-6.69876e-10
-5.33832e-10
-1.51673e-8
4.44731e-8
-7.07191e-9
7.31285e-9
9.88031e-9
2.43241e-9
7.35195e-11
5.10982e-10
1.01043e-8
4.02463e-9
-3.01993e-9
-3.37909e-10
-4.68195e-8
1.02253e-8
-1.38194e-8
3.43966e-10
-3.17565e-9
1.50451e-9
6.7155e-10
-4.7456e-9
4.73431e-9
-1.32087e-8
1.33635e-8
2.24179e-10
-1.26918e-8
-1.06965e-8
-4.12966e-9
4.77466e-11
6.77016e-10
-6.27619e-9
-3.01265e-9
-4.40552e-10
5.14196e-10
1.69956e-9
-6.96646e-10
9.14881e-10
-2.09234e-9
2.4209e-9
-4.00541e-10
-1.1906e-9
1.36567e-9
5.45169e-9
3.05261e-9
5.92888e-10
-4.474e-10
1.17257e-9
1.35135e-9
5.49178e-10
9.55804e-11
-5.44029e-10
-1.69931e-10
-1.32919e-9
-1.79982e-9
-6.80489e-10
-4.89462e-11
2.42136e-10
-5.21605e-10
-0.000632358
0.00186864
-0.00218587
0.00761504
-0.00543914
0.00589833
-0.0161941
-0.00670873
0.0211561
0.00972748
-0.0210876
0.00261587
-0.00619049
-0.000862406
0.001154
0.0117446
-0.0162449
0.0166617
-0.0175889
0.00659372
-0.0084194
0.00873138
-0.00466993
-0.00462428
0.00138635
0.00267891
0.00148575
-0.00197476
0.000171899
-0.000975207
0.000979356
-0.00430036
0.00147781
0.00180566
-0.00061738
-0.000924214
-0.00058539
0.000752456
-1.38233e-5
1.46387e-5
3.54374e-5
-8.98426e-5
0.00014738
-2.5773e-5
-0.000457895
0.000326408
7.8208e-5
0.000161634
0.000104283
-0.000185312
-7.02133e-5
-2.05127e-8
-8.39522e-7
1.34712e-6
3.19076e-6
1.33706e-6
2.95639e-5
5.70584e-6
-3.74572e-5
-6.81238e-6
1.45365e-5
-3.05816e-6
-4.59835e-6
-1.00874e-5
2.31393e-6
-7.41964e-7
3.69676e-6
-2.33884e-6
-4.47215e-6
-1.11681e-6
-8.18295e-5
-2.86258e-6
7.85879e-5
-9.02079e-6
-5.63109e-5
1.09155e-7
7.0314e-8
6.61346e-7
-2.06532e-7
-1.90143e-8
0.000335991
-0.000211039
-0.000434587
-0.00106968
0.00152221
0.000589937
2.28819e-9
-7.98841e-9
3.6972e-9
2.10649e-9
-1.53743e-9
1.54663e-9
0.00253621
-3.66815e-10
0.00450445
-0.00977538
0.00252865
-0.0066793
0.00802589
-0.00140664
-3.56967e-10
2.47457e-10
3.48464e-10
-1.36316e-10
-2.28287e-10
6.51645e-11
0.00206056
-0.00695563
-1.43221e-10
6.41067e-11
0.00291592
0.00178454
-3.00233e-11
1.79895e-11
-0.0115996
0.00378124
-9.33535e-11
4.53739e-11
0.0024089
0.00106047
-0.00174268
-0.000727551
0.00114937
8.38258e-11
1.98618e-10
-5.80323e-10
2.60391e-10
3.89175e-13
0.000498035
-0.00101081
1.72396e-10
-5.63519e-11
0.000116695
-5.26336e-5
1.13067e-5
1.7739e-5
-4.58406e-5
1.57192e-8
-1.94728e-8
2.16803e-8
-2.09048e-8
-3.66542e-9
6.94226e-6
-1.82215e-6
2.08171e-7
7.16691e-7
-4.90116e-7
-6.27779e-9
6.35801e-9
-6.56741e-9
7.35611e-9
-3.20601e-9
-2.56803e-7
-1.58504e-7
9.09418e-11
1.33585e-9
-4.49687e-9
8.91341e-8
3.10822e-8
-1.0471e-8
-1.18439e-10
1.20816e-10
-1.73959e-10
-6.52889e-10
1.63274e-9
-1.59787e-8
-4.35294e-9
7.0657e-9
-3.94551e-9
-1.05173e-10
3.82843e-11
-8.26599e-11
2.78948e-10
-2.56597e-9
-1.08333e-9
1.15535e-9
-8.66211e-10
9.41452e-10
1.57448e-11
-5.39426e-11
-8.88227e-11
2.82872e-11
9.87189e-11
2.75776e-10
-4.18631e-11
3.30692e-10
1.46863e-10
-6.02964e-10
3.50764e-10
-3.86497e-10
-8.62513e-11
1.1519e-10
5.27581e-11
-2.41107e-11
3.5982e-11
-5.95639e-11
1.08796e-10
1.11251e-10
-9.24381e-11
2.03491e-10
6.77734e-10
4.92101e-10
1.07837e-10
-6.34951e-11
1.89563e-11
1.62135e-10
8.4467e-11
2.05244e-11
-3.50438e-11
-1.60803e-11
-1.57422e-10
-2.03422e-10
-7.18058e-11
2.86878e-11
2.11115e-11
-1.35096e-11
0.00517724
0.000674893
0.00799921
-0.00489394
-0.00765288
0.0189318
-0.00682245
-0.0378138
0.0188929
0.0320928
-0.00942538
0.00324363
0.006831
0.0244902
-0.0226984
0.0247803
-0.0330041
0.0110122
-0.0133387
0.00262864
-0.00195208
-0.000994022
0.000224306
0.000281533
0.000157505
-0.000112848
5.51337e-5
-0.00473157
0.00366632
-0.0138767
0.00522917
0.000523858
0.000192928
-0.000218943
-0.00022258
0.000166232
-5.06437e-5
0.000392095
-0.000421436
0.00116666
-0.000493865
-0.0002507
-2.55692e-6
9.5286e-5
9.6529e-5
-0.000103298
-1.00165e-5
4.7196e-5
-9.40185e-5
7.61942e-5
5.45417e-5
-7.78956e-5
1.67552e-6
2.82173e-6
-2.78219e-5
1.61577e-5
1.862e-6
-1.72065e-5
1.33043e-5
6.37654e-6
-3.59333e-5
7.2372e-5
2.46597e-5
-4.87157e-7
2.06767e-6
-1.2746e-6
-1.9826e-6
-6.44283e-7
0.000110951
-0.000169473
0.000286424
-0.000835728
-0.000333556
4.30887e-10
7.84921e-8
3.91183e-7
-7.54971e-8
-2.09802e-8
-0.00140754
0.000954314
-0.00160253
0.00252078
-0.000552946
0.00243581
1.23007e-9
4.67701e-10
9.56592e-9
-2.69039e-9
-4.40519e-10
-2.78698e-10
-0.000675522
-2.80291e-11
-6.82289e-5
-0.00182049
-0.000533356
0.00034909
0.00126308
-0.000168234
0.000423242
0.00312647
-6.77716e-11
9.93795e-11
-1.93649e-11
4.62753e-11
-0.00615097
0.00348459
0.00393628
-3.50701e-12
-2.80435e-11
0.0139159
-0.00675029
-0.00968612
9.5904e-12
-2.70482e-11
-0.0148795
0.00421569
0.016172
-5.52001e-11
1.10271e-10
0.00172528
0.00157829
-0.00213555
-0.000524615
0.000553996
-6.66104e-10
2.20511e-10
-1.67006e-10
0.000159321
-0.000299557
2.08294e-9
-9.64649e-10
-2.87753e-5
4.16439e-7
6.55484e-6
-8.26404e-7
2.94452e-6
2.22571e-8
-1.75799e-8
1.99546e-8
-1.1066e-8
1.81768e-9
-2.95102e-6
6.24405e-7
1.88481e-7
-1.8082e-7
1.72485e-7
-7.6752e-9
5.86342e-9
-5.83949e-9
5.62969e-9
-1.25399e-9
-4.82728e-8
-1.24134e-8
1.96017e-10
-1.96406e-8
-7.97737e-11
-6.18514e-10
1.29113e-9
4.1807e-9
2.08605e-9
3.05476e-9
-1.62802e-10
-2.80442e-11
3.73057e-10
-8.02051e-11
-4.97523e-10
9.11516e-10
-1.39867e-10
3.80346e-11
-4.35913e-11
-1.12849e-10
4.68913e-10
-2.47852e-10
-1.48028e-10
2.86698e-12
-5.55924e-11
-6.70616e-11
5.97969e-12
-5.44948e-12
1.10804e-11
-8.85451e-11
1.8683e-10
1.00199e-11
1.25465e-11
3.21319e-11
-2.27362e-12
-5.21177e-11
7.42375e-12
-6.50391e-11
-2.77363e-11
-1.53715e-11
-1.12362e-11
-4.97707e-12
-2.59091e-12
2.28544e-13
-7.84732e-12
3.43645e-11
-2.09102e-11
-3.39525e-11
8.03826e-11
6.13602e-13
-3.80716e-11
-1.12093e-10
-5.15768e-11
-2.41038e-11
-1.64791e-11
8.46167e-11
3.70079e-12
9.69214e-11
2.555e-10
1.50951e-10
4.17065e-10
2.2023e-10
0.0221271
0.0190344
-0.0170845
-0.0122478
-0.00786306
-0.00114177
0.00013832
0.0200988
-0.0264241
0.0231896
-0.00593637
-0.00452552
0.00158344
-0.00104761
0.000675129
0.00114897
-0.000474986
-0.00010329
-2.2624e-5
1.21801e-5
-0.00151359
-0.00742479
0.00793613
-0.0154434
0.0121893
1.24024e-5
1.63002e-5
2.52482e-5
-1.56354e-6
-1.32575e-5
0.000122768
0.000854848
-0.000618079
0.00259642
-0.000988215
-2.42863e-5
-4.03582e-5
-7.34559e-6
1.46788e-5
-9.53169e-6
2.82181e-5
6.64791e-5
-0.000267112
3.41375e-5
4.0293e-5
-3.93293e-5
-3.93758e-7
2.20465e-5
-8.70517e-5
3.24386e-5
2.42317e-5
-3.24151e-5
-3.12301e-5
-1.12933e-5
-7.51176e-6
6.83273e-6
9.20797e-7
-6.20096e-6
-0.000122209
9.65477e-5
-4.76705e-5
0.000402754
6.43319e-5
-2.73488e-7
8.88027e-7
2.1828e-8
-8.00118e-7
-3.78379e-7
0.000898737
-0.000782672
0.000424631
-0.00258485
-0.000602536
-1.09259e-8
2.32569e-8
8.45731e-8
-1.32444e-8
-4.35485e-9
-0.00588908
0.00421534
-0.00318967
0.00558468
0.00709506
-0.00495283
0.00344035
-5.08475e-10
2.27262e-9
1.00756e-9
-3.00903e-9
5.8448e-9
-0.00346942
-3.95755e-10
2.77035e-10
2.93697e-10
-2.01963e-10
7.23246e-11
7.65639e-11
7.57356e-12
0.000877608
1.49202e-10
-5.64833e-10
-0.000148559
0.000203872
1.11571e-10
-1.59667e-10
8.05366e-6
-2.7315e-5
-1.97341e-11
-1.4762e-5
4.43312e-6
-8.9757e-10
-1.02218e-10
5.47908e-7
1.01105e-6
-3.87336e-7
-1.3106e-6
1.22061e-8
-3.85183e-9
2.84121e-9
5.62725e-7
-1.75988e-7
-6.93185e-8
3.86359e-8
-1.67586e-7
-5.64099e-9
2.66563e-9
-2.96374e-9
8.32485e-10
1.12022e-9
6.48701e-8
-1.26959e-8
-6.30083e-9
5.55445e-9
-3.22859e-10
1.22343e-10
-6.57455e-10
-9.22675e-10
-2.01234e-9
-1.00732e-9
-6.26686e-10
1.52581e-10
5.2304e-10
3.77067e-10
5.37635e-11
5.68442e-11
-1.76909e-10
-3.98553e-10
1.58371e-9
-2.58612e-11
1.19487e-10
9.16577e-11
2.048e-11
-2.92062e-11
1.52808e-10
-4.12946e-10
7.68375e-10
-4.91394e-11
8.29192e-12
-5.48395e-12
-4.54044e-12
-1.08819e-11
2.79499e-11
3.0397e-12
2.41525e-11
4.09172e-11
-1.18339e-10
1.68193e-11
-5.29449e-12
1.18557e-11
1.36672e-12
-2.79938e-11
7.02572e-11
-1.37002e-10
-4.6131e-11
1.41063e-10
-5.39663e-10
-3.37628e-10
-1.31823e-10
-4.36936e-11
-3.74577e-11
2.92264e-10
-2.67605e-10
2.11984e-10
1.75557e-10
-6.98314e-10
-5.45945e-10
-5.30138e-10
-1.36849e-9
6.1418e-11
-6.79133e-11
1.15825e-9
0.0218711
-0.0135244
-0.0342404
0.0355587
-0.0231568
0.0382613
-0.0377644
-0.0303855
0.0274427
0.0131967
-0.0113347
-0.00135539
0.000298933
-0.000423758
0.00193533
0.000286095
-0.00193228
0.000421227
9.47905e-5
-0.00025583
-9.5708e-5
-0.00636518
-0.00976424
0.00539185
0.0140738
-0.00648788
0.00520211
0.00524533
-2.09037e-5
4.47948e-5
-2.45971e-6
4.85209e-6
5.515e-7
0.000425749
0.000321641
-0.000177446
-0.000160994
0.00220589
-0.000814199
8.33152e-6
-3.07795e-6
-6.79484e-7
9.34464e-5
2.74542e-5
-0.000149415
-4.18425e-6
2.04582e-6
-2.65513e-6
2.90706e-5
-4.37286e-6
-3.06493e-5
1.18373e-5
1.49323e-5
-1.29132e-5
-1.52038e-5
-1.95646e-6
-9.44125e-6
1.28487e-5
1.00281e-5
-1.14171e-5
-6.5714e-5
-8.22504e-7
6.89245e-6
1.66942e-6
5.84296e-7
-2.05965e-6
-0.000278789
0.000204123
-2.92877e-5
9.92128e-5
0.000631386
2.44931e-5
1.60015e-7
-5.08684e-7
-9.50364e-8
2.41354e-7
0.00293252
-0.00145517
0.000270007
-0.00113176
-0.00529259
-0.000304879
-1.13025e-8
5.16752e-8
-2.63421e-9
1.90591e-8
-3.99698e-8
-1.1761e-8
0.000357649
-0.00404826
0.00488423
-0.00212085
0.00330082
0.000776315
-0.0051067
3.81218e-9
-1.46626e-8
-1.47517e-9
2.96314e-9
-8.87906e-9
-0.00616862
0.00245051
5.62564e-10
-1.05848e-9
0.00600317
-0.00270474
-8.18736e-11
-4.14961e-10
-0.00333818
0.000142073
-2.18493e-10
8.39522e-10
0.00112289
0.00159996
-1.75779e-10
2.59611e-10
-0.000837909
-0.000225909
6.14179e-10
2.37101e-10
0.000920078
-0.00106536
1.75493e-9
-6.72429e-9
5.08342e-5
0.000100552
-9.50987e-10
-3.04614e-5
3.47857e-6
-1.12019e-9
6.6439e-9
8.99759e-6
-6.62561e-7
-5.43506e-10
1.33541e-9
1.78447e-9
4.70576e-7
-4.23703e-7
-4.04087e-11
1.54699e-7
-2.13335e-7
-2.59437e-10
2.30119e-9
-4.01333e-8
4.62628e-8
3.05958e-9
5.89346e-8
-4.79898e-10
-2.91351e-10
-2.25644e-8
8.26574e-9
8.2234e-10
-5.67309e-10
5.73894e-9
-8.55579e-10
3.47931e-9
-9.38399e-10
4.71841e-10
-1.45122e-9
3.10074e-10
-1.91337e-9
-3.68954e-10
3.02195e-9
8.48618e-11
4.24375e-10
-2.60491e-10
-7.42722e-10
-8.51034e-10
5.84885e-9
-2.52282e-10
6.59773e-10
1.21381e-10
5.09233e-10
-1.41584e-9
2.22388e-9
3.7558e-11
-4.50849e-10
-8.6562e-11
3.22069e-10
-1.22043e-11
-9.60666e-11
3.44532e-11
1.80834e-10
-2.91673e-10
1.36062e-10
1.70679e-10
-3.96829e-11
9.9548e-12
-5.00114e-11
1.01529e-11
4.70588e-10
6.92412e-10
2.85558e-10
-8.26054e-11
-7.94508e-11
7.09482e-11
-2.11969e-10
5.50951e-10
-9.98304e-10
-1.28875e-9
1.32599e-9
2.25851e-9
5.84755e-10
2.935e-9
3.92239e-9
-2.30127e-9
1.3043e-9
2.59082e-9
-4.36779e-9
-3.22335e-9
-4.98423e-10
-5.99467e-9
3.52756e-9
-9.90479e-10
-7.11545e-9
-3.89455e-9
-1.11519e-9
-1.76361e-8
3.45093e-9
-4.39234e-9
-0.0232668
0.0179922
0.0257457
-0.00723171
-0.0153254
-0.00129025
0.00183121
0.011915
0.00674534
-0.0177174
-0.00709318
0.0103882
0.00404794
-0.00411408
-0.000136148
0.00101969
-0.00119107
-0.000728308
0.0070467
-0.0142523
0.00468043
0.0206125
0.000254576
-0.000240142
-4.11651e-5
-1.11823e-5
5.76416e-5
-1.54666e-5
-0.00246782
0.000997254
-0.00326323
0.00170522
3.58635e-6
-2.11913e-6
6.53478e-6
-1.93337e-6
6.0684e-5
7.19072e-5
-2.71382e-5
0.000270652
-7.7393e-5
1.04306e-6
4.12595e-7
-1.02053e-7
1.24925e-5
-3.43709e-6
-1.63676e-5
-9.94661e-7
6.82195e-7
-7.26529e-7
1.42618e-6
-2.28274e-6
-6.98334e-7
4.01335e-6
5.90002e-6
-5.97241e-6
-8.29281e-6
1.13657e-7
3.62762e-7
4.81191e-6
7.78247e-6
-7.2211e-6
-3.74874e-5
8.96348e-7
8.0457e-6
1.12087e-6
8.98272e-7
-1.72648e-6
-5.30195e-7
1.40419e-6
0.000469847
0.000164794
-0.000177977
-6.82535e-5
-1.52738e-7
5.06052e-7
1.3514e-7
-4.85753e-7
-0.0023538
0.00410177
-0.0024302
0.00152312
0.00277475
0.00118034
1.75511e-8
-1.17315e-7
3.21076e-8
-7.58859e-8
1.62734e-7
2.98782e-8
0.00612475
-0.00630975
0.00225899
-0.00618141
-0.00909872
0.00761763
0.00883552
-0.000748176
2.38346e-10
1.25098e-8
3.41524e-9
-1.74588e-8
0.00842815
-0.00713539
-0.00820131
-2.6211e-9
9.97555e-9
-0.00544707
0.00448237
0.00521665
-9.58596e-10
-1.8887e-9
0.00253075
-0.00169466
-0.00242163
-7.99822e-10
1.10438e-8
-0.00112054
0.000563619
0.0010832
3.52189e-9
-1.43297e-8
0.000510191
-0.000126398
-0.000640481
1.95966e-8
-6.36907e-8
-3.0699e-5
1.90586e-5
-8.6154e-6
-4.83401e-9
4.70166e-8
-2.47748e-8
7.41988e-7
-2.68074e-6
-1.37252e-8
4.92719e-7
3.18148e-7
4.95077e-9
4.90351e-8
-2.36897e-7
9.5364e-8
1.56364e-9
-4.29892e-9
-3.21128e-8
2.73711e-8
-1.22953e-9
-2.76715e-9
-7.66835e-9
1.43387e-9
-1.78033e-9
1.54934e-9
-1.05553e-9
1.18365e-8
4.4576e-9
-5.71386e-9
3.38216e-9
-6.29632e-9
-9.08124e-10
-9.86925e-9
-2.64579e-10
4.59569e-10
-1.08406e-9
-4.28201e-9
-1.93908e-8
2.43517e-8
-7.80772e-10
5.06174e-9
3.77519e-11
1.96486e-9
-1.10595e-8
1.58538e-8
1.31786e-9
-2.73603e-10
1.77172e-10
-5.87687e-9
-1.75317e-10
-5.11082e-10
1.88961e-9
-2.43289e-11
5.93691e-9
-1.92916e-9
-9.86458e-10
2.09215e-9
3.22427e-10
-1.33953e-9
3.13154e-10
1.47365e-10
1.5372e-9
1.62688e-9
-1.53545e-11
-1.85583e-9
1.21815e-9
1.42844e-8
-1.67865e-9
1.61145e-8
4.76749e-9
-1.08877e-9
6.80253e-9
-4.66581e-9
1.02328e-8
-5.30621e-9
2.01776e-8
1.51081e-8
2.26699e-8
-4.80184e-9
2.71885e-8
5.3023e-8
-8.4294e-9
-2.9716e-8
5.72297e-8
-7.47992e-8
-8.10205e-9
-7.51923e-9
-9.36022e-8
3.84207e-9
-1.57627e-8
-1.78385e-7
3.1083e-8
0.00852959
-0.00628071
-0.0142672
0.00595294
-0.00540334
0.00543162
-0.00202615
0.0153539
-0.0279868
0.0383488
-0.0163496
0.0059996
-0.000981676
-0.000116083
0.000964375
-0.000375176
-2.6865e-5
-0.000289343
0.0010004
-0.000712046
-0.00199922
0.000510806
4.85033e-5
-1.43485e-5
8.28127e-5
-3.52948e-5
-0.000353342
0.00010984
-0.000762814
0.000296344
1.07946e-5
-3.00716e-6
7.29599e-6
-1.48854e-6
6.83665e-6
8.12598e-6
-2.51294e-6
-3.38809e-6
1.76858e-5
8.07111e-7
4.1212e-7
-6.30024e-7
5.30902e-8
8.92419e-7
2.81174e-7
-1.27206e-6
1.03611e-6
3.88045e-7
-3.27119e-6
4.80644e-6
-2.33439e-7
-3.07371e-7
4.68571e-7
-2.39252e-7
-4.55858e-6
1.11222e-5
-1.7722e-6
1.00868e-7
3.15437e-7
-4.02411e-7
2.03299e-6
-1.62513e-7
-3.72656e-6
1.00675e-5
5.99802e-5
2.52689e-5
-1.82587e-5
-7.7333e-6
-1.66768e-6
5.05171e-6
1.6731e-6
-5.18431e-6
-0.00082419
-0.000502388
0.000372994
0.000186013
4.04608e-7
-1.48382e-6
-3.37766e-7
1.3231e-6
-0.000476226
-0.00036593
0.000750142
0.000640062
0.00235657
-0.00118315
-0.000677339
-4.4983e-8
6.25091e-8
-4.63398e-8
1.26372e-7
-1.73124e-8
9.98978e-8
5.37086e-8
-1.69688e-8
-1.84373e-8
2.60182e-8
-9.22392e-8
2.69933e-7
5.73206e-5
9.86786e-8
-2.7875e-5
-4.07484e-5
3.03427e-5
6.99186e-6
-1.31781e-7
1.44696e-7
-9.82839e-8
-4.38128e-7
1.84143e-6
-6.28851e-6
7.66119e-7
2.53094e-8
-1.03104e-7
-1.09138e-7
8.40018e-7
1.54418e-8
-1.01604e-7
-4.57091e-7
1.48324e-7
6.6684e-9
-7.12533e-9
-3.87485e-8
1.35299e-7
-1.7524e-8
7.49804e-9
-2.5398e-8
8.60691e-9
-8.40231e-9
1.71603e-8
-1.98423e-9
-5.89728e-8
2.1657e-8
6.73984e-9
-4.9861e-8
-1.68619e-10
-1.84549e-9
2.0304e-9
1.84555e-9
1.15879e-8
-7.72515e-8
-1.33877e-8
-6.07208e-9
-5.1012e-9
5.54967e-8
1.17949e-8
-4.99968e-8
-5.30351e-9
6.1674e-8
2.72151e-8
-1.28193e-7
1.06328e-10
-3.94543e-9
-1.04805e-8
-1.45439e-8
-6.8842e-9
1.62707e-9
-2.41201e-8
3.86302e-10
-1.2647e-9
-4.24299e-10
-2.60214e-9
3.8927e-8
-1.5102e-8
-1.02317e-8
2.16246e-8
4.93544e-9
-2.37451e-8
4.45231e-9
-8.7104e-10
1.0086e-8
2.2686e-8
-1.14974e-9
-1.04553e-7
-5.80364e-8
-1.71354e-7
-5.35581e-8
1.8686e-7
1.05186e-7
-1.80402e-8
1.67317e-7
2.23823e-8
-1.01464e-8
-4.56544e-8
2.3191e-7
1.94929e-7
-2.57845e-7
6.31294e-7
4.62115e-8
2.58511e-7
-1.9016e-7
-0.00135229
0.000334281
0.0117761
-0.0204175
-0.0290838
0.0438376
0.0425309
-0.0672421
-0.0749141
0.08842
0.0254852
-0.00131679
-0.0105266
0.00562132
0.000404318
0.00602969
0.00237875
-0.000939597
0.00467921
-0.00181638
-0.00686985
-0.00594025
0.000814501
-0.000125811
0.000776961
-0.000586756
0.000378827
-0.00014831
-7.49856e-6
-0.000103041
0.00017327
-3.73143e-5
9.00429e-5
-1.53947e-5
-3.08402e-5
-5.11757e-6
-0.000105479
7.78387e-5
3.73226e-6
-9.37692e-7
3.94113e-6
-1.08987e-6
-7.53204e-6
4.89406e-7
3.85272e-6
-9.29009e-7
8.16474e-6
5.74371e-7
-1.52562e-6
3.28471e-6
-3.51131e-6
-3.29642e-6
-1.37974e-5
1.52725e-5
3.41409e-7
-3.03588e-5
-3.14035e-5
5.81077e-5
4.96716e-6
2.28065e-6
-1.45731e-6
-7.46665e-8
-1.37467e-5
3.31536e-5
1.42201e-5
-3.41919e-5
-0.000144531
-5.98622e-5
4.83231e-5
1.66459e-5
4.77493e-6
-1.34226e-5
-4.2247e-6
1.16157e-5
1.60989e-5
0.000412071
-8.9709e-5
-0.000206398
-9.52252e-7
2.94254e-6
6.12079e-7
-1.98322e-6
-5.21634e-7
-0.00496977
0.00686265
-0.00309114
0.00303436
0.00549432
-0.000745281
-0.00838348
0.00246191
-1.67308e-7
3.92655e-7
-1.1736e-8
3.2591e-7
-0.00337586
-0.000584411
0.0059353
1.02461e-7
-3.69104e-7
0.000778965
0.00247732
-0.00297637
-6.7757e-8
1.3036e-7
0.00242434
-0.00426615
0.000174166
3.79738e-8
6.44619e-8
-0.000715033
-0.00027708
7.58671e-5
2.54555e-7
-8.25581e-7
0.000456653
-0.000659758
-0.000178663
-8.91534e-7
2.82446e-6
-3.86254e-5
0.000224978
-1.76247e-6
2.13692e-6
7.76671e-6
5.34833e-7
3.48182e-7
1.15472e-5
4.14624e-7
-2.1154e-6
-1.18554e-5
3.53299e-6
1.94418e-8
-7.82157e-8
-7.61492e-7
2.08975e-6
2.04809e-8
-1.37668e-7
-2.96664e-7
6.16965e-8
4.89128e-8
-2.9947e-8
-6.03506e-9
4.51413e-8
-1.18331e-7
6.52973e-8
5.33284e-8
1.56485e-7
-1.65433e-8
7.1698e-8
2.29233e-7
-3.29248e-7
3.44613e-9
1.65157e-8
2.16447e-7
-2.28683e-7
-2.43697e-7
2.25004e-8
2.26034e-8
-1.23493e-7
8.94272e-8
6.61002e-8
6.50942e-8
3.30836e-9
-7.83949e-10
-1.50837e-8
7.18746e-8
-8.80724e-8
-6.61281e-7
1.58906e-8
7.21657e-9
-2.97515e-7
4.95106e-9
-2.09051e-8
2.69846e-9
2.80924e-9
7.13264e-7
-1.49561e-7
-8.55205e-8
2.66531e-7
7.67352e-8
-4.30599e-7
9.10733e-8
-1.7015e-8
-2.11431e-7
2.68747e-7
-4.63473e-7
1.40889e-7
4.11368e-7
-2.27035e-7
-1.36751e-6
1.18328e-6
-1.15425e-6
-1.67515e-6
3.2583e-7
2.39633e-7
-1.93932e-6
1.2404e-6
-2.87756e-7
-1.79397e-6
6.14441e-6
-4.27668e-6
1.57138e-6
6.75436e-6
1.23119e-6
-0.00317479
0.0021956
0.00312587
0.00158169
-0.00713384
0.0127332
-0.0489387
0.0192437
0.0580277
-0.062611
-0.00120445
0.000437397
-0.0321835
0.066338
0.019732
-0.0404087
0.00161312
-0.0105046
0.000272166
-0.000361367
0.00104933
0.0005111
0.00341332
-0.000606208
0.000823481
-0.00013182
-5.51119e-5
0.00041369
0.000247511
-0.000694794
4.6348e-5
-1.46398e-5
5.07791e-5
-5.49368e-6
-4.63715e-6
8.93922e-5
-0.000357663
0.000139085
-0.000230192
0.000738826
-2.53742e-6
-9.10205e-6
2.38891e-5
-3.64402e-6
1.81726e-5
-4.82477e-5
7.46756e-5
-5.58366e-5
8.22751e-7
-1.04605e-5
-1.27836e-6
4.62763e-6
7.87215e-6
1.38323e-6
1.08343e-5
-3.34154e-5
-1.47905e-8
-7.34171e-7
3.23342e-6
-5.79744e-7
3.00389e-5
-6.82851e-5
3.62856e-7
-9.48335e-8
6.95565e-7
-2.77206e-7
-6.56194e-5
0.000101794
7.1004e-5
-0.000125315
-1.37171e-5
-3.94399e-6
3.19225e-6
8.17652e-7
3.33296e-5
-7.09463e-5
-2.92699e-5
6.46504e-5
7.87072e-5
8.5659e-5
-3.77985e-5
-3.05802e-5
-7.52761e-6
2.01551e-5
4.16214e-6
-1.74871e-5
0.0011562
-0.00127843
0.000284721
-0.000559452
-0.00189011
0.000487411
-0.000117818
2.6718e-6
-6.8901e-6
-1.55892e-6
1.64713e-6
-0.000475752
1.57631e-6
-1.92839e-5
-9.25334e-7
8.34449e-7
-1.04522e-6
-2.63666e-7
9.34364e-8
-0.00173968
0.00185886
-8.46551e-6
8.38345e-6
2.59606e-6
-0.000528538
0.00143244
-6.94163e-6
1.37321e-5
0.000343524
-0.000948177
-0.000118305
8.57457e-6
-1.16515e-5
7.3806e-5
-0.000250096
7.92112e-5
5.17283e-7
-2.08368e-6
-1.39357e-5
2.02338e-5
4.02708e-7
-2.59396e-6
-3.74467e-6
1.01619e-6
-2.36593e-8
6.93825e-8
-3.24025e-7
6.85979e-7
1.32826e-7
-4.39385e-7
4.30763e-7
-4.51885e-7
2.46646e-7
-1.51275e-7
2.0387e-7
3.03517e-6
-1.27341e-6
-4.23e-7
2.72491e-7
-8.79307e-8
1.55827e-7
-7.93182e-9
4.72834e-8
-3.01114e-7
4.894e-7
7.69906e-8
1.23952e-7
-1.14686e-7
-3.69114e-7
-1.80632e-7
7.63645e-7
3.98817e-7
2.18596e-6
6.51491e-7
-5.60297e-6
8.64638e-8
7.32725e-7
-2.26123e-7
-1.71746e-6
-1.36384e-6
8.20171e-6
-4.99965e-9
-2.07737e-7
3.32326e-7
-1.37869e-5
3.64105e-6
1.71077e-6
-6.38614e-6
-2.81134e-9
-3.49262e-10
7.75376e-9
-3.61453e-8
8.72759e-6
-2.81295e-6
-8.39569e-7
3.03958e-6
7.9624e-8
-4.62011e-7
4.52084e-8
4.2174e-9
-3.06066e-6
5.24979e-7
-1.17345e-7
-8.91685e-7
1.88498e-6
4.21576e-6
1.69057e-6
-5.94842e-6
1.06388e-6
-1.71749e-7
-1.20246e-6
-9.335e-6
4.54044e-6
1.707e-5
-1.57591e-5
9.61638e-6
-4.04369e-6
1.15737e-5
-4.54825e-6
-7.49962e-6
8.33632e-6
0.0340582
-0.00896996
-0.055271
0.00280432
0.0485984
0.0160264
-0.0153009
0.0296909
-0.00227321
0.00319978
-0.000757374
-0.000571727
0.00708035
-0.00278172
-0.0134815
-0.0392207
0.0986141
-0.101074
0.0434223
-0.0402309
-0.0106995
0.00171528
0.000952576
-0.00355583
-0.00132527
0.00511074
0.000800043
-0.000272832
0.000915207
-4.96888e-5
-0.00128972
0.00342189
-0.00191383
0.00171727
-0.00535167
1.72729e-5
-2.77274e-5
7.24151e-5
-0.000143824
-1.95724e-5
0.00102978
4.06647e-6
-0.000612001
1.02216e-5
2.9148e-5
-3.03529e-5
0.00013419
1.27883e-5
1.52878e-5
-1.736e-5
-2.20044e-5
7.06497e-5
1.96305e-5
-5.5794e-5
-2.91588e-6
-1.7836e-7
-0.000123691
0.000179685
-4.83654e-7
-1.90185e-7
4.48595e-7
-2.86108e-7
0.00013376
-0.000225889
-0.000110695
0.000244245
1.50722e-5
9.16804e-6
-4.39268e-6
-2.40478e-6
-4.37164e-5
0.00010202
3.04312e-5
-8.36348e-5
0.000228624
-1.60978e-5
-8.6618e-5
0.000118116
1.53628e-5
1.6184e-5
-3.21325e-5
5.59703e-6
-0.000153661
-1.71236e-6
-3.7294e-6
3.84911e-6
1.5444e-6
-0.00430391
0.00308889
-0.00117019
0.00386659
0.00714493
-0.00394032
-0.00391951
0.00116694
-1.44e-6
4.59472e-6
2.99972e-6
-2.51284e-6
-0.00591255
0.00296102
0.00450314
-3.60862e-6
1.2068e-6
0.00127854
0.00218353
4.62245e-6
-1.63368e-5
-0.0018119
0.00235314
2.88405e-5
-4.15721e-5
3.06453e-5
0.00101874
-0.000946442
1.1547e-5
-1.181e-5
-0.00024974
2.4525e-5
2.46108e-5
1.38905e-7
-1.11618e-6
-5.81516e-6
1.27682e-5
2.84686e-6
-2.95865e-6
-2.21834e-6
2.82579e-6
-2.36065e-7
4.49475e-7
-3.27563e-6
-1.86894e-5
7.79777e-6
-3.46964e-7
1.97527e-6
-2.18124e-6
6.09929e-7
-2.31997e-7
2.9095e-7
-8.80088e-7
-9.64441e-7
-8.45569e-7
-1.54417e-6
1.58822e-6
-3.32741e-6
-1.04902e-6
-2.42143e-6
2.15801e-6
2.05061e-5
-3.03225e-5
4.9399e-7
-4.19847e-6
3.86546e-6
4.06455e-5
1.9469e-5
-5.43171e-5
1.41907e-7
-2.33919e-7
-4.20473e-7
2.45741e-7
6.43357e-5
-2.02137e-5
-8.09017e-6
2.36349e-5
-3.11587e-8
-1.44542e-7
1.90908e-7
1.86784e-6
-1.72646e-5
5.54909e-6
3.07365e-6
-4.81739e-6
2.26277e-6
-7.63117e-6
-6.38989e-7
1.0018e-7
-3.45958e-6
2.98259e-6
-1.68243e-5
2.06076e-5
-1.67842e-5
2.5448e-5
-7.7795e-5
-8.13554e-5
-4.81002e-5
9.43208e-5
1.08032e-5
-1.46636e-6
1.42547e-5
-1.8626e-5
6.3269e-6
7.94617e-5
-5.42552e-5
0.00209963
-0.0166593
0.000861021
0.024586
-0.028922
0.0362462
-0.0523964
-0.106452
0.0941482
0.067402
-0.043412
0.0164968
0.0232824
-0.00472486
0.00781051
-0.00926024
-0.00639473
0.00221169
0.00198294
-0.00654835
0.064667
-0.105653
0.0197437
-0.0322241
-0.0060367
0.00593221
5.1543e-6
0.00382309
-0.00882607
0.00792833
0.00404457
-0.000359154
0.000392812
0.000187189
-4.53552e-5
9.12227e-6
-0.00555935
3.87589e-6
0.00146702
-0.00221574
0.00384594
-0.00215941
0.00362339
-0.0061151
-1.17515e-5
-0.000115285
0.000139321
5.4622e-5
0.000238984
-0.000742449
0.000693348
-0.000262005
5.79262e-6
-1.50194e-5
3.27367e-5
-8.42117e-5
8.62621e-5
-4.83366e-5
4.88919e-5
-5.49885e-5
3.03508e-6
-3.71933e-6
1.14463e-6
-9.57399e-6
0.000111466
-2.06674e-5
-0.000191244
0.000140503
-9.22162e-7
2.02565e-8
0.000256327
-0.000285939
9.92972e-7
6.29778e-7
-1.23171e-7
-9.50215e-7
3.14567e-6
-0.000132423
0.000202057
-8.72399e-5
0.000132923
2.28447e-5
-9.39545e-6
-9.82934e-7
-1.23086e-5
1.80387e-5
6.00936e-5
-8.58782e-5
1.79825e-5
-3.22696e-5
-4.82242e-6
-3.57859e-6
-1.50254e-6
0.00116214
-0.000555359
5.76794e-5
-0.00141171
-0.00227158
0.00266261
9.05272e-6
5.00949e-6
-1.61773e-5
-7.67869e-6
1.49065e-5
-0.00384697
-5.50455e-6
0.00446983
-1.07264e-8
-0.00405251
7.25758e-6
-0.00864569
0.00673929
3.91912e-5
-2.4233e-5
0.00575923
-0.00143203
-0.00260174
-5.08156e-5
3.78431e-5
-0.000895926
0.000796326
1.8564e-5
-0.00331663
0.00156948
1.22918e-5
-3.61726e-5
1.69279e-5
0.000540025
-0.000915112
7.93209e-6
-5.27929e-6
-0.000160697
9.30887e-5
4.5618e-5
-1.22049e-5
5.76891e-5
-3.42254e-6
2.77303e-6
-3.683e-6
3.56114e-6
1.93717e-5
-4.91153e-5
1.2545e-5
3.35267e-7
-1.47635e-6
6.73182e-7
7.00488e-7
-8.82338e-7
2.77529e-7
1.71241e-6
2.01447e-5
-1.9489e-5
9.35102e-7
-3.18103e-7
-9.77883e-7
1.69704e-5
4.07739e-6
-2.51609e-5
1.75981e-6
-1.55222e-6
-4.725e-6
2.36044e-5
1.67044e-5
-3.95342e-5
3.86992e-6
-2.41159e-6
-7.75167e-5
0.000132705
8.03506e-5
-0.000154759
1.83815e-6
1.70699e-5
-8.30733e-6
0.000175156
-9.02167e-5
0.000100161
-1.98189e-6
-2.15378e-5
-0.000102686
-3.5676e-5
6.78998e-5
-2.42377e-6
1.05945e-6
7.42048e-6
-1.1437e-6
-2.44952e-5
2.72382e-5
1.26122e-5
-1.18496e-5
1.29261e-6
-2.62623e-6
-2.19238e-6
-1.2564e-6
-7.62209e-6
-2.31671e-5
8.72213e-6
-1.78092e-5
1.07762e-5
-3.14322e-5
9.69059e-5
8.36705e-5
3.25969e-5
8.34573e-6
-2.22816e-5
-1.32548e-5
3.30687e-5
-5.9881e-6
4.4562e-6
-0.000191839
0.00016957
-0.000146322
7.69057e-5
-4.12122e-5
-2.8723e-7
0.0118426
-0.0224729
0.0300574
-0.0462469
0.0530759
-0.058428
0.0605804
-0.0592617
0.0306228
0.0162828
-0.0337146
0.0219986
0.0286979
0.0167503
-0.0151513
0.00874816
-0.0213322
0.00929853
-0.0114473
-0.00231146
0.0117042
-0.0267526
0.0194155
-4.1171e-5
3.90337e-5
0.00838551
-0.0138015
0.00977093
-0.00982301
0.0169222
-1.83483e-5
-5.33277e-5
0.000244752
-0.000215606
-0.000215501
-0.00604424
0.00374075
8.11166e-5
1.35332e-5
-0.000551435
0.000190779
-4.3983e-5
0.000172151
-0.000126783
0.000102398
-0.000106611
0.000216924
-2.20939e-6
2.73044e-5
-0.000133079
-4.17138e-5
1.7985e-6
4.41186e-7
-1.44138e-5
-4.24633e-6
-0.000232959
0.000196715
0.000247416
-0.000265294
-7.00635e-7
5.77507e-7
-0.000251457
-0.000133334
0.000232919
3.83937e-8
-7.00669e-7
9.77368e-6
0.000105288
-8.40827e-6
4.38246e-6
-2.61749e-5
0.000451341
-9.51103e-5
-0.000625754
0.00176652
9.06184e-5
1.61782e-5
-3.93956e-5
3.26147e-5
-0.00329298
-2.5371e-5
0.00398043
7.02095e-6
-0.00404701
4.85874e-6
0.00334693
-1.11127e-5
-0.00284412
1.51449e-5
0.00023735
-1.73285e-5
-0.000368515
0.000735778
-5.01874e-5
3.52176e-5
0.000691468
0.00209972
2.21314e-5
-0.00194576
0.000901839
3.23103e-7
-3.01579e-6
1.0277e-6
-0.000220674
1.0246e-7
0.000211172
-1.68588e-7
-3.36979e-7
9.48386e-6
-2.94218e-5
-1.62781e-7
6.55403e-7
-5.72674e-6
-0.000175933
0.000145891
-3.60074e-8
-3.47676e-8
-8.29731e-5
7.30891e-5
-7.66827e-7
3.04251e-7
-4.62084e-5
6.35408e-5
-9.94063e-7
1.40702e-6
-5.07657e-6
-4.92844e-6
-2.38771e-7
1.75524e-6
-0.000220092
0.000317377
-1.41717e-5
3.40541e-6
-0.000330716
-0.000172005
0.000315207
8.8442e-6
3.37006e-6
-4.37078e-5
3.61457e-5
-0.000266045
0.000135697
-0.000110115
-1.74479e-6
4.27915e-5
2.66122e-5
-2.40297e-5
-1.39446e-5
1.381e-5
-3.13644e-5
9.0991e-5
-0.000117502
3.45777e-5
-1.81673e-5
5.36987e-5
-1.07558e-5
2.97181e-5
-3.35455e-5
2.25682e-5
-6.94685e-6
-0.00023998
0.000369678
-0.000333195
0.000240693
-0.000126597
4.40055e-5
5.90972e-6
-3.89859e-5
0.0191454
-0.0227465
0.02731
0.0173605
-0.0291629
0.0426023
-0.0549017
0.0605969
-0.0583884
0.0490569
-0.0356698
0.0431373
0.0241492
-0.0432207
-0.0218309
0.0109282
0.00571739
0.0224295
-0.033255
0.0370408
0.0254236
-0.0203389
0.000243113
-0.00111076
-0.000885412
0.000484272
0.000638844
-0.000469295
-0.0152542
0.025377
-0.0230228
-0.0278204
-0.000172373
0.000387157
0.000174107
-0.000242164
0.000196372
0.0186951
-0.0137438
-0.000109328
8.04822e-5
0.0097204
-1.15677e-5
-0.00531135
-4.54268e-5
-5.00349e-5
0.000207815
0.000730104
-0.000316951
-0.000431722
0.000643366
-0.000277518
-0.000115501
0.000308048
-5.44548e-5
8.72049e-5
-3.25687e-5
-0.000136937
0.00024707
-2.05092e-6
3.45439e-6
1.06463e-5
-2.4994e-6
7.52415e-7
0.000206316
-0.000260059
0.000223188
-0.000248097
-3.76218e-8
-3.02959e-8
-3.66475e-7
1.19461e-6
2.41228e-7
-0.000156325
0.000155483
-4.42548e-6
1.14441e-5
-1.42201e-5
4.95701e-5
0.000135101
-5.83352e-5
3.11816e-5
-0.000278426
0.000826005
4.06024e-5
-7.18815e-5
5.84403e-5
-0.001864
-5.28088e-5
0.00288478
2.75167e-5
-0.00340036
-3.97488e-8
0.00298521
-1.73502e-5
-0.00181214
2.15882e-5
0.00032101
-1.82555e-5
0.00190778
1.41139e-5
-0.00481588
-1.70865e-5
-0.00458881
0.00640936
-3.50875e-5
2.35987e-5
0.00158203
-0.00190714
0.00134163
9.43595e-5
-8.48941e-7
4.43946e-6
-5.2437e-6
0.000261292
-0.0011667
-1.19334e-7
1.76917e-7
-0.000188665
0.000837859
-0.000636638
-0.000293165
0.000533588
-2.25074e-7
1.39695e-7
-1.87558e-8
5.06131e-8
0.000213706
-0.000227622
8.44635e-5
3.94973e-5
1.33334e-7
-7.63252e-8
-0.000268183
4.00536e-7
-2.84383e-7
3.62835e-6
-1.01784e-6
-4.51859e-5
-3.02167e-6
-1.34134e-6
1.85916e-7
0.00037649
-0.00069593
3.60741e-6
-1.10777e-5
6.51251e-6
0.000544194
-0.000461823
2.13993e-5
-1.39585e-5
0.000361273
0.000167891
-0.000228663
-3.97319e-5
4.56727e-5
5.41797e-5
-4.20717e-5
6.80827e-5
1.86015e-5
1.59617e-5
-0.000111223
3.37966e-5
-5.69654e-5
-0.000109304
8.62946e-5
-8.41547e-5
0.000219358
-0.000149226
0.000199122
6.23758e-5
-0.000117382
-4.47037e-5
0.000116009
5.42414e-5
-2.52545e-6
-1.35738e-5
0.000157831
-0.000130747
0.000375035
-0.000507523
0.000482332
-0.000329176
0.000147662
-1.0923e-5
-7.26041e-5
0.000150678
-0.000173611
0.00231237
0.0131336
0.000750556
-0.0136296
0.0287629
-0.0391247
0.0407195
-0.0346293
0.0257319
-0.0208107
0.00985427
-0.00443751
-0.0341426
0.0360987
-0.0351982
-0.0213874
0.032248
0.0025035
-0.00309229
-0.00129366
0.000710199
0.0305149
-0.0276685
0.0245877
-0.000496165
0.000366969
-0.000278372
-0.0207677
0.0168799
0.000207968
-0.000193954
0.0128112
-0.00837436
0.00994917
-0.00844884
-0.01097
-7.94689e-5
0.000199537
-3.01781e-5
-0.000156962
0.00683374
-0.0115003
0.00790627
-0.00447976
0.000363807
-0.000504866
0.00172214
-0.00407093
0.00280168
-0.001291
-0.000470568
-0.000441485
0.000441674
-0.000179112
6.56106e-5
0.000100369
-1.34792e-5
8.9114e-5
-0.000188375
-2.73121e-6
2.91007e-6
3.23195e-7
0.000212781
-0.000184598
0.000151461
-3.24219e-7
1.27423e-6
-5.18046e-6
-7.22723e-5
-5.23706e-5
-5.06648e-5
0.000126792
-2.90888e-5
0.000173679
-0.000514541
0.000115964
-7.81645e-5
0.00121023
5.18822e-5
-0.00191214
-1.6481e-5
0.00204936
-1.99188e-5
-0.00131289
4.08601e-5
-5.74857e-5
-4.13711e-5
0.00144541
2.96234e-5
-0.00246802
-1.69121e-5
0.00265211
9.27542e-6
-0.00101339
-4.22323e-6
0.000133807
-2.47382e-6
-0.00385916
0.00347012
9.62672e-8
-3.19012e-9
-2.64465e-8
-0.00201822
0.00116861
-0.000653278
-3.58194e-8
1.61774e-8
-3.07938e-8
0.000134002
0.000309455
-0.000672397
-2.87245e-7
9.74806e-8
0.00108413
0.000490061
-0.00136423
6.49448e-7
-1.39276e-6
-1.36962e-6
7.59882e-7
-0.000307994
0.000924811
0.000302784
-0.000543482
0.000222975
-0.000577422
-2.58944e-6
2.33933e-6
-0.0013697
0.00166078
0.000982672
-0.0011774
1.62843e-5
6.62798e-6
-1.72528e-7
0.000706748
-0.000698384
0.000542982
-4.0188e-5
2.91966e-5
-2.57342e-5
-0.00037958
0.000207871
-9.17326e-5
6.40486e-5
-3.22992e-5
-0.000117236
0.000273666
0.000267741
-0.00016575
0.000124735
-0.000467046
0.000577103
-0.000239596
0.000232425
-5.56175e-5
0.00053971
-0.000468828
0.000128313
-0.000399345
0.000555176
-0.00051817
0.000322985
-8.61406e-5
-7.976e-5
0.000139304
-0.000115039
2.76519e-6
-0.0161108
0.0120945
-0.029639
0.0086376
-0.0365594
0.0388007
-0.0271926
0.0112001
0.0026775
-0.010372
0.0117442
-0.0097348
0.00715036
-0.00295723
-0.00200351
0.00227022
0.00267251
-0.00149951
0.00171213
0.0393073
-0.0330804
0.03088
-0.00106023
0.000842181
-0.000628076
-0.0262351
0.023158
-0.0203861
0.00052587
-0.000462841
0.000400021
0.0171398
-0.013418
-0.000328879
0.000281506
0.0107476
-0.01025
0.00745022
-0.00027878
0.000180297
-8.48426e-6
-0.00487425
0.003186
-0.000165269
0.000280899
-0.00181385
0.000874396
0.000452248
-0.000271008
0.000140868
-4.01745e-5
-0.000177608
6.04994e-5
-5.48058e-5
0.00011712
-1.56272e-5
2.28096e-6
-1.11706e-6
-0.000129911
0.000103937
-5.61044e-5
7.06539e-8
-3.88559e-7
-6.33853e-7
-1.37919e-5
0.000123835
-0.00015583
-3.42902e-5
1.65308e-5
-9.78096e-6
9.27325e-5
-0.000131998
-0.000147346
0.000240023
-0.000106462
0.00032445
8.07779e-5
-0.000617131
-4.01942e-5
0.00083885
-5.36838e-6
-0.00056721
4.758e-5
-0.000440428
-7.01891e-5
0.00184729
6.66314e-5
-0.00290128
-4.61986e-5
0.00307345
2.44446e-5
-0.0022441
-1.06784e-5
0.000412237
3.64699e-6
-0.00136084
0.00157035
4.33154e-6
-3.24982e-6
0.00248152
-0.00233183
0.00307327
-0.00236635
1.60905e-9
-4.08475e-8
4.3665e-7
0.00196894
-0.00130415
0.000581685
-2.26818e-9
-8.08904e-9
6.09513e-9
0.000214969
-0.000974116
0.0015103
1.81379e-7
-3.47257e-8
-0.00186721
0.00207934
3.34034e-6
1.76127e-6
-6.15136e-7
-0.0015933
0.000803526
0.000174907
1.11156e-5
-6.96417e-6
-0.00120023
0.00151585
6.77101e-6
-1.16491e-5
-0.00101881
0.00070819
-0.000493547
6.1321e-5
-3.81207e-5
1.55684e-5
0.000303321
-0.000127471
0.000124962
-9.25589e-5
-4.49785e-5
0.000229922
-0.000409091
-0.000262959
0.000201258
-0.000159256
0.000716845
-0.000675054
-0.00046873
0.000760322
-0.0003796
0.000288715
0.000350375
-0.000424746
0.000311955
-0.000179671
-0.000140766
0.000373964
-0.000478058
0.00040731
-0.000179019
-8.66605e-5
0.000251812
-0.000263079
0.000154892
3.44287e-5
-0.00032479
-0.0438993
-0.00143021
0.02546
0.0991776
-0.0810901
0.0601113
-0.0427763
0.0289154
-0.018682
0.0117303
-0.00658
0.00287352
-0.0021181
0.000123944
1.79198e-6
-0.00030163
-0.0428834
0.0399229
-0.0259966
0.000429123
-0.000503162
0.00049306
0.0186228
-0.015972
0.0133831
-0.000509181
0.000507482
-0.000475653
-0.0107479
0.00844865
0.000428545
-0.000321885
-0.0088859
0.0117998
-0.00595332
0.00036885
-0.00035173
0.000180522
0.00283259
-0.00254993
-7.8724e-6
-9.70569e-5
0.00134602
-0.0012512
-0.00016137
0.000152676
-8.58057e-5
1.67393e-5
0.000107951
-4.93295e-5
3.09705e-5
-5.83402e-5
1.83491e-5
-5.05361e-6
5.24249e-7
5.74712e-5
-2.88838e-5
-2.77955e-5
4.56286e-8
-1.15742e-6
2.39446e-6
0.000128452
-0.000190131
0.000174875
-1.35148e-6
-9.33079e-5
6.14998e-5
-0.000200206
5.99086e-5
-0.000113628
-4.97378e-5
0.000196063
1.80468e-5
-0.000102213
2.90247e-5
-0.000443533
-7.11429e-5
0.00158122
9.24414e-5
-0.00294165
-8.61764e-5
0.00375341
6.08511e-5
-0.00339432
-3.21896e-5
0.00206246
1.22343e-5
-0.000197276
-3.25443e-6
-0.000978369
6.8434e-7
0.00199466
-0.00219958
0.0021887
-2.24037e-8
1.26711e-7
-3.51661e-7
-0.00191023
0.0012705
-0.000428544
1.47386e-8
-3.32799e-9
9.57389e-9
-0.000526987
0.00144957
-0.00213184
2.18296e-8
-2.79704e-8
0.00213263
-0.00269266
-5.196e-6
-9.97179e-7
1.29194e-7
0.00185131
-0.000936305
0.000206127
-2.6376e-5
1.3376e-5
0.000982086
-0.00204049
-4.62823e-5
3.35218e-5
0.00117212
-0.000573603
0.000320629
-7.13142e-5
4.20936e-5
1.02697e-5
-0.000167045
2.92117e-5
-0.000137446
0.000101855
0.000119888
-0.000357061
0.000767638
0.000259773
-0.000210575
0.000173055
-0.000950703
0.000729234
-0.000647922
-0.00029225
0.000297231
-0.00028489
5.1868e-6
0.000237006
-0.00032291
0.000326972
-0.000205526
-4.01328e-5
0.000307594
-0.000454466
0.000403888
-0.000218873
-1.57598e-5
0.000184713
-0.00995204
-0.243651
0.318578
0.11504
-0.0713815
0.0521677
-0.0409527
0.0327011
-0.0250123
0.0173514
-0.00889024
0.00552084
0.00149498
-0.00373201
-0.000882866
-0.00169701
-0.0116146
0.0105466
-3.02244e-5
0.000322783
-0.00033749
-0.00953326
0.00996315
-0.00720393
0.000422232
-0.000462384
0.000442076
0.00614875
-0.00367255
-0.000399719
0.000412284
0.00366392
-0.00834024
0.00482843
-0.000307874
0.000527931
-0.000266044
-0.00258907
0.00124176
6.32391e-5
1.60102e-5
-0.00105718
0.0011903
-5.84448e-5
-6.42505e-5
2.40627e-5
7.65258e-6
-8.36677e-6
1.41591e-5
-2.16082e-5
2.57155e-5
-1.06852e-5
8.91282e-6
-1.50331e-6
-2.37514e-5
6.76105e-6
1.52968e-5
2.27418e-6
2.52103e-7
2.01751e-6
-3.99884e-5
-7.03814e-6
5.09824e-5
4.8163e-5
-1.92611e-5
1.4619e-5
9.64493e-6
7.62427e-5
-0.000112277
7.38382e-6
-9.82659e-6
-0.000223902
-4.67352e-5
0.000792418
8.18463e-5
-0.00181661
-9.59285e-5
0.00299539
8.77828e-5
-0.00364202
-6.29342e-5
0.00328371
3.57111e-5
-0.001799
-1.42692e-5
0.000372898
4.07423e-6
0.000469623
-0.000791482
0.00122858
-0.00177843
-2.42243e-8
-3.94547e-8
5.52446e-7
0.00184992
-0.00111505
0.000295377
-2.66893e-9
1.88605e-9
3.709e-9
0.000460296
-0.00112332
0.00143814
-9.30142e-8
2.41203e-8
-0.00131402
0.00133958
4.28919e-6
-6.8724e-7
3.10343e-7
-0.000690557
0.000172921
0.000469387
4.46678e-5
-1.78552e-5
-0.00112919
0.00166659
0.000105158
-7.19976e-5
-0.000490191
0.000175163
-0.000126074
3.54459e-5
2.89901e-5
-9.59221e-5
6.35921e-5
7.33726e-6
0.000118114
-7.92688e-5
-7.02413e-5
0.000148859
-0.000250775
-0.000247643
0.000179226
-0.000146919
-4.80282e-8
0.000154334
-0.000155001
0.000225238
0.000464836
-0.000408714
0.00025531
-0.000160463
1.7027e-5
0.000208361
-0.00044622
0.000567502
-0.000503992
0.000264798
-6.51428e-5
-4.57067e-5
0.000104192
-0.0989809
0.0858013
0.128956
-0.240109
0.0748582
-0.0666016
0.0571519
-0.043402
0.0352903
-0.0294732
0.0247744
-0.0154825
0.00862816
-0.00491758
0.00334253
0.00181847
-0.00159016
0.0588112
-0.00664009
0.00155803
-0.12066
5.09135e-5
0.000158553
-0.00025267
0.00026147
0.00199575
-0.00498795
0.00483374
-0.000262084
0.000343553
-0.000333082
-0.00580076
0.00635942
0.000294817
-0.00025829
0.00136483
-0.00534129
-0.000405101
0.000237863
-0.0011506
0.000938485
0.000841508
1.16531e-5
-0.00101146
0.000793065
-0.000303787
7.8447e-6
-0.000237028
0.000163425
-1.78514e-5
1.20269e-5
-7.27344e-5
2.28557e-5
1.73774e-5
-1.39112e-5
-1.34305e-6
-1.36283e-5
1.14144e-6
1.05314e-5
-3.65657e-7
-9.39382e-6
-7.94846e-6
9.9912e-7
-4.06764e-6
2.04029e-5
-2.10526e-5
7.10009e-6
-2.14022e-5
-4.34636e-5
4.6708e-5
2.53726e-5
-2.81907e-5
5.6654e-6
-5.55737e-5
9.24039e-5
7.83346e-5
2.66209e-6
-7.9411e-5
-2.21257e-5
0.000302205
7.57818e-5
-0.000690326
-8.25473e-5
0.00141409
7.92124e-5
-0.00219474
-6.65767e-5
0.0027414
4.83343e-5
-0.00211863
-2.43369e-5
0.00106072
6.43808e-6
-0.000286047
-1.02886e-6
-0.000246725
0.000479473
-0.000648716
-0.000775362
-9.29694e-8
-6.41436e-7
4.38465e-8
-1.23349e-7
5.58845e-7
0.001187
-3.88447e-10
-0.00134388
0.000753283
-0.000140116
-7.85595e-9
1.98675e-9
-1.99509e-9
-9.30029e-5
0.000357806
-0.000394417
-4.04983e-8
2.06583e-8
0.000179005
4.29573e-5
0.000262609
7.47288e-8
-2.39336e-9
-0.000265513
0.000358881
-0.000103842
1.8763e-6
-0.000330339
0.00030394
-0.000372047
1.66944e-7
0.000291711
-0.000248081
0.000146387
-2.44426e-5
3.12033e-7
-7.58197e-6
1.13331e-5
-5.77002e-5
3.47209e-6
-8.18396e-5
5.44776e-5
2.4852e-5
-5.27935e-5
9.76996e-5
0.000172221
-0.000114615
8.23902e-5
-1.01075e-5
-1.6948e-5
-9.19384e-6
0.000149831
-0.000145158
-0.000306155
7.43595e-5
1.23294e-5
-5.20454e-5
9.3088e-5
-0.000147892
0.000147154
-8.61432e-5
7.78655e-6
8.71347e-5
-0.000243034
0.000405661
-0.000511542
0.000387508
-0.000209717
7.31863e-5
0.114274
0.105476
-0.218575
-0.0796638
0.0372533
-0.0243884
0.0185068
-0.0146161
0.00912807
-0.00461798
-0.00141514
0.00124045
0.000434157
-0.0097853
0.139026
-0.075582
0.000154123
0.000114246
-0.000149966
-0.000140487
0.000422567
0.00101676
-0.000192449
0.000155044
0.000199033
-0.000382404
-0.00126161
-0.000175996
0.000138676
0.00157267
0.00288419
-0.00178329
-8.61906e-5
4.77559e-5
-7.9251e-6
0.000929916
-0.000805641
-1.41297e-5
6.16419e-6
-3.75146e-6
2.80353e-6
0.000686562
-0.000723519
3.83489e-6
-3.16621e-6
-1.06e-5
2.59778e-6
0.000345169
-0.000267362
-3.10937e-6
1.23804e-6
0.000120825
-4.9751e-5
1.85754e-6
2.68989e-5
-9.79257e-7
-3.9831e-5
3.89581e-5
2.15776e-6
7.10324e-6
-1.13499e-6
1.96001e-5
-1.19773e-5
1.94999e-5
-2.31453e-5
1.48041e-5
2.77527e-5
-3.53176e-5
4.65957e-5
-0.00014883
0.000142011
4.25165e-5
-1.91473e-5
-0.000375381
-0.000136486
0.000441307
7.26162e-5
-0.000863497
-4.4572e-5
0.00119077
2.96787e-5
-0.00140522
-1.92333e-5
0.00102952
4.01617e-6
-0.000477845
5.12482e-7
-1.3016e-5
8.33947e-5
-0.00022217
0.000455508
-4.63969e-9
2.72973e-8
-8.637e-7
-0.000574591
0.000644316
-0.000596937
0.000769449
-0.00043398
4.36316e-10
3.33294e-9
0.000416005
-0.000546925
3.42777e-9
-3.56073e-9
0.000815544
-0.000628439
-8.34536e-8
8.94561e-9
0.000664734
-0.000479265
-1.35329e-6
2.11989e-7
1.66263e-7
7.81751e-8
0.00035638
-0.000232674
-2.62741e-6
1.68863e-6
1.23003e-6
-7.55208e-7
0.00015215
-8.90077e-5
-0.000187707
2.28644e-6
5.8712e-6
-2.56687e-6
6.9661e-5
-7.41512e-6
1.67497e-5
-5.88001e-6
2.45845e-6
-3.19503e-5
1.25628e-5
-1.84997e-5
4.79872e-5
-3.63513e-5
4.63301e-5
7.68696e-5
-0.000160333
5.00152e-6
2.51714e-5
-5.07812e-5
5.71736e-5
-7.25463e-5
-5.58932e-5
5.28656e-5
8.41461e-5
-8.63608e-5
0.00015031
-0.000227868
0.000277957
-0.000220314
0.000117273
-7.0917e-6
-2.43294e-6
0.122645
-0.279639
0.0995227
0.0899114
-0.0885765
-0.0213378
0.0110398
-0.00818487
0.00746493
-0.00472779
0.000120898
-0.000248602
-0.000196337
-1.95255e-5
0.00900281
0.00228986
-0.0772209
0.0437819
-0.0129245
0.205063
6.09275e-5
-0.0001587
9.78642e-5
7.78039e-5
-6.1875e-5
-0.000570175
8.97359e-6
0.00124539
-0.000547961
0.000372941
6.24351e-5
-0.000101027
-0.000127357
7.52101e-5
0.000306742
-0.00023312
9.79237e-5
-4.99466e-5
-6.87893e-5
-0.000274852
0.00036489
4.64376e-5
-9.34584e-6
-0.000248779
0.000264424
2.77276e-6
-2.38251e-6
-0.000265486
0.000327538
1.0272e-6
-5.15745e-7
-0.000225473
0.000158895
1.9506e-7
-9.51539e-5
5.01574e-5
-6.12499e-7
1.84014e-7
7.21794e-5
-4.2664e-5
-1.80601e-7
3.7961e-7
-4.38822e-7
4.57579e-5
-5.14991e-5
3.48384e-5
-3.92753e-5
-5.91717e-7
-8.01477e-7
-2.01847e-8
3.43536e-7
2.20926e-6
-1.32109e-5
1.60613e-5
-1.64041e-5
-8.54887e-6
1.23556e-5
3.47907e-5
-5.81298e-5
4.47913e-5
-3.01063e-5
-2.40766e-6
3.89528e-5
-4.00953e-6
3.56511e-5
-0.000263755
0.000378839
0.000167004
-0.000113799
-0.000224753
-2.10722e-5
0.000385275
-8.70858e-6
-0.000505735
2.18471e-5
0.000741737
-1.36165e-5
-0.000515862
9.0726e-6
-5.81315e-5
7.50057e-5
-4.49426e-5
6.77544e-5
0.000160622
1.575e-7
6.61833e-7
-3.26929e-7
-2.31782e-7
-2.65843e-6
-0.00028398
1.11686e-7
0.000345149
-0.00034772
0.00028637
0.000411935
-3.98489e-9
-3.23139e-8
-1.04181e-9
8.01555e-9
3.02387e-8
-0.000793207
0.000939909
-0.000845118
-0.00110107
0.000949111
8.29147e-10
7.02407e-11
-1.3987e-9
1.68193e-9
-0.000916417
0.000767753
1.08529e-8
-4.39384e-9
-0.000404242
0.000326721
-5.23338e-8
-1.99034e-8
-0.0001309
7.96119e-5
-9.78691e-7
3.93281e-7
-1.37536e-5
1.77779e-5
-5.50555e-6
2.16105e-6
-1.5293e-5
7.38301e-6
5.70604e-6
-5.81031e-6
4.23708e-6
-8.52484e-6
-2.05595e-6
2.14075e-5
2.42733e-5
-1.33037e-5
6.22088e-6
-1.14814e-5
2.41058e-6
-2.31034e-6
1.32318e-5
-1.21261e-5
-4.64791e-5
-2.29866e-5
-3.14414e-5
1.93245e-5
-1.92249e-5
9.04038e-5
0.00021017
-0.000217137
-5.36793e-5
-3.51799e-5
-8.201e-6
6.8006e-6
-1.65897e-5
3.04096e-5
9.4174e-5
-0.000123187
-6.31204e-6
3.19622e-5
-1.20727e-7
-8.88457e-5
9.02946e-5
1.28031e-5
-1.9361e-5
0.0738118
-0.229446
-0.0124048
0.00157787
-0.0111944
0.0121528
0.00521575
-0.00309345
0.00128802
0.00194038
-8.7644e-6
9.62194e-5
0.00199973
-0.0750542
0.0814204
0.105272
2.27588e-5
-2.85751e-5
-1.12454e-5
8.32025e-6
1.27941e-5
-3.03805e-5
0.00208979
3.32715e-5
-1.25109e-5
-2.81767e-5
6.8368e-5
-6.07985e-5
1.14973e-5
-2.85575e-5
1.87114e-5
3.36104e-5
-1.16443e-5
2.91636e-5
3.80228e-5
-2.65149e-5
7.32023e-6
-6.79038e-6
3.63427e-5
6.55267e-5
3.02704e-8
-7.56818e-5
9.5886e-5
5.36012e-5
1.72405e-7
-9.35329e-5
9.02497e-5
8.96172e-5
-0.00010238
1.17416e-7
-4.04375e-8
-6.89408e-5
7.85653e-5
3.3204e-7
-1.39485e-7
1.28412e-7
-4.67826e-5
2.09131e-5
5.99284e-8
-3.41612e-6
3.04996e-8
1.42312e-6
-4.59512e-6
-4.44723e-7
-1.48866e-6
1.72384e-7
-2.53585e-6
1.3139e-5
-8.86118e-6
1.23244e-5
-1.32007e-5
-6.65296e-6
-4.74692e-5
1.60582e-5
-1.94886e-5
2.04862e-5
0.000119431
-6.22454e-5
4.9608e-5
-1.85632e-5
0.000211796
-0.000317322
8.30664e-5
-7.00011e-5
0.000212936
-5.3359e-5
0.000183317
-0.000374397
0.000229468
9.74724e-6
2.03441e-6
4.16248e-5
1.22281e-6
4.80449e-6
-1.52773e-6
-3.09005e-6
-1.61106e-5
-7.89526e-5
8.88249e-7
6.73525e-5
-0.000116052
0.000154135
-0.000271992
0.000424359
-4.53047e-8
-1.24497e-7
-0.000663544
0.000886891
-1.56772e-9
-3.58852e-9
-0.00105836
0.00106165
0.000686313
-0.000631612
-1.98628e-9
2.36585e-9
2.08098e-9
-1.79784e-9
-0.000505796
0.000483847
-0.000306838
5.59362e-9
-0.000208646
0.000148529
-0.000100438
-2.6909e-8
-2.55978e-5
1.12191e-5
-1.63807e-5
-1.3679e-7
4.44162e-6
-9.46788e-7
-1.04036e-6
3.53042e-6
9.98269e-7
-3.4254e-6
-2.17533e-6
8.35717e-7
3.7584e-7
8.1405e-7
-1.55439e-7
4.6773e-6
-1.95296e-6
-2.70286e-6
-4.34035e-6
2.31655e-6
-7.21761e-6
-9.56874e-5
8.73548e-5
0.000241104
-0.000129957
-0.000106221
-1.05369e-5
-1.97168e-6
3.43063e-6
1.77856e-7
5.48557e-6
-5.3997e-6
8.44925e-6
3.99989e-5
0.000288876
-0.000319017
0.000174304
7.83131e-5
-9.66934e-6
-1.90484e-5
-0.0250262
-0.00753271
0.0212802
0.00236141
-0.00230015
-0.00175072
0.000132648
-0.000374064
-0.000474371
-0.0202808
0.0015559
-0.0202387
-0.0397185
0.029549
0.0109168
-0.0037746
0.000148678
8.11816e-5
-5.81689e-5
-8.1045e-7
6.55168e-6
-4.93179e-6
8.98019e-7
-0.000559731
8.72819e-5
-0.000328771
0.00645246
4.07225e-6
-9.34638e-7
9.20359e-6
-2.61393e-6
-8.42726e-6
0.000109675
-5.42977e-6
1.16059e-6
2.7654e-6
-1.08668e-5
-6.86886e-6
6.55712e-6
-5.31445e-7
4.29048e-6
-1.77588e-6
-1.26348e-6
-3.73554e-7
-1.08684e-6
6.45378e-7
3.73351e-7
2.36528e-8
1.65669e-5
-3.02029e-5
-1.24805e-7
-1.02494e-8
-4.2235e-8
4.54318e-8
3.1747e-5
-3.42186e-5
7.6157e-9
-1.42472e-8
-7.7493e-8
1.69612e-8
2.93428e-5
-3.86488e-5
-2.1332e-8
2.46707e-5
-1.1681e-5
3.68052e-8
-3.48044e-8
-1.10136e-5
5.81538e-6
8.18635e-8
-1.15742e-8
-9.93652e-7
1.71339e-6
7.36423e-8
-2.97664e-7
3.39902e-7
4.71738e-7
3.08097e-6
-9.90744e-7
-3.95999e-6
3.27e-6
1.55918e-6
1.53692e-6
3.76445e-8
6.90609e-6
-4.53422e-6
1.54812e-5
-5.93612e-5
-2.75655e-5
9.76369e-6
1.36791e-5
5.31019e-5
-4.93325e-5
1.85388e-5
6.34596e-7
1.64138e-5
-9.24176e-5
9.84321e-5
9.12301e-5
-0.000115206
-4.22814e-5
1.26827e-5
1.70191e-5
-5.63694e-5
-2.16239e-5
-3.16557e-5
2.66656e-5
1.30717e-5
-2.16779e-6
3.21221e-5
7.41761e-5
2.05728e-5
-3.2569e-6
-2.79708e-5
3.2658e-6
7.51726e-6
-1.3319e-5
2.93818e-5
-7.54025e-5
-5.95519e-5
0.000135784
1.78491e-7
3.16332e-7
-5.57373e-7
-1.25789e-6
-0.000201743
0.000392594
0.000253838
-0.000522305
8.71972e-9
3.65243e-9
-2.69623e-8
1.94076e-8
0.00059429
-0.000295533
1.31298e-11
3.07424e-9
0.000177621
-0.000165319
1.4454e-9
-1.88594e-9
1.16099e-10
2.93732e-10
4.24062e-5
-4.31238e-5
2.09815e-8
-1.13187e-9
-4.87516e-9
-6.99281e-10
-1.21979e-5
-1.4127e-6
5.46091e-8
5.69385e-9
1.86164e-8
-5.05651e-9
-2.03634e-6
-2.84763e-8
7.86478e-7
-3.18525e-7
-2.51599e-7
1.07618e-7
-2.37891e-8
-6.71336e-8
-2.37187e-7
-1.1549e-7
7.55411e-7
2.93037e-7
-1.46715e-6
5.65922e-7
2.60752e-8
5.31617e-7
-1.77293e-6
-7.50428e-6
2.27623e-5
2.39014e-5
6.5431e-7
1.89031e-6
2.91204e-8
-4.24141e-7
-4.124e-5
6.63649e-5
4.96874e-5
-2.65211e-5
-1.40051e-5
-1.64429e-5
-5.00991e-5
-0.000377981
3.96671e-5
-9.9811e-5
7.1738e-6
-1.31381e-5
7.96333e-6
-6.91616e-6
-8.17632e-6
4.39866e-6
0.000335708
-0.000263132
0.000235618
-0.000123738
0.000591506
0.0064512
0.000458185
0.0089545
-0.0132505
0.000509644
-0.00227573
0.000263005
-9.12213e-6
-0.000188893
4.28168e-6
-7.55085e-6
-5.85804e-5
1.1546e-5
2.06708e-5
-3.08757e-7
-2.51599e-6
-0.00109519
0.00016352
-0.000934562
0.00205893
1.74705e-7
1.44544e-7
4.97294e-7
-4.76217e-8
-2.92471e-5
7.1461e-6
-3.10161e-5
0.00028687
-1.06284e-7
-3.22687e-8
-3.08235e-7
-4.35129e-8
-1.84092e-6
7.92184e-6
-1.60752e-7
5.70398e-8
1.35796e-6
-1.29998e-7
-3.8586e-6
1.48886e-7
3.1543e-6
-4.79457e-6
-4.8695e-6
5.55827e-9
8.44653e-6
-1.15346e-5
-7.28451e-6
-9.66761e-9
1.11461e-5
-1.14408e-5
-6.15972e-6
1.38591e-5
-2.99485e-9
-2.51094e-10
5.38726e-6
-5.61151e-6
-1.75782e-9
-3.80581e-10
4.43098e-6
-2.45069e-6
5.32979e-9
-2.97342e-8
-1.62337e-6
9.7259e-7
1.72445e-7
-4.37757e-8
-3.28076e-7
2.74376e-7
1.55955e-7
-1.77354e-7
8.07868e-8
-1.5671e-7
-9.36467e-7
-5.6856e-8
-1.25698e-7
-1.80201e-6
1.39909e-6
-2.24381e-6
-1.69454e-6
-4.45923e-6
-3.48598e-5
1.10542e-5
-1.00242e-6
2.03247e-7
-0.000126827
0.000106367
2.09017e-6
1.50987e-6
-8.57667e-5
9.77514e-5
-6.15731e-5
-1.60286e-5
4.31823e-5
-6.53405e-5
4.39609e-5
4.59237e-6
-1.99708e-5
-3.12058e-6
4.1721e-6
4.39136e-6
-1.29553e-5
5.74157e-6
3.90225e-6
-1.23362e-5
-8.89821e-6
2.41606e-5
1.66347e-6
2.25991e-6
-3.92974e-6
-5.69359e-6
-3.48756e-5
8.89659e-5
4.19784e-5
-0.000109533
5.75949e-8
-1.44953e-7
-6.28848e-8
5.97803e-7
9.99011e-5
-0.000233186
-6.61407e-5
5.57147e-5
-2.90989e-9
-1.34797e-8
1.50923e-8
4.98911e-8
0.000137303
-0.000132151
9.28129e-5
-2.59157e-10
8.78532e-5
-7.16867e-5
5.73831e-5
-3.12651e-10
1.82965e-5
-1.34844e-5
1.72194e-5
2.16187e-9
-1.77842e-6
9.92011e-7
2.2884e-7
-1.84368e-8
-1.37693e-7
1.91966e-8
8.20397e-8
1.99467e-8
1.10598e-9
-9.58963e-8
-4.92222e-8
4.42559e-8
-1.82626e-7
-3.812e-7
1.29844e-6
1.3288e-6
-6.418e-7
1.25615e-6
9.67038e-7
-3.46632e-7
-1.78531e-6
-1.66529e-6
-4.38093e-6
1.31325e-5
-5.30333e-6
1.277e-5
4.04883e-6
-8.81186e-7
-1.33022e-5
-5.69453e-5
0.000159443
0.000536692
-0.000459364
0.000259064
-0.000398622
-0.00017633
0.00024773
7.56726e-5
-1.88797e-5
2.21441e-5
-2.83971e-5
1.9034e-5
0.00473973
-0.00113421
-0.00554721
0.000318659
0.000223245
-0.000188405
-1.8431e-5
5.90768e-5
1.45829e-5
-3.64763e-6
5.04568e-6
-3.38215e-6
-2.64255e-6
-2.07464e-5
8.67371e-5
-0.000974994
0.0023467
-0.00197651
8.56251e-7
6.60455e-7
1.09374e-7
-9.47962e-9
-8.73721e-8
-5.98327e-5
1.15818e-5
-4.96476e-5
9.19076e-5
1.58083e-8
4.75034e-9
3.0852e-8
-4.8051e-9
-2.47009e-6
-2.51359e-6
1.56396e-5
-2.42097e-9
-4.95713e-9
2.22155e-7
-5.00718e-8
5.53549e-7
-6.891e-7
-8.57624e-8
2.18414e-8
-5.01084e-8
2.09546e-8
-3.18397e-7
7.9932e-7
1.10293e-8
-3.31872e-9
-4.80092e-9
-2.11298e-9
-2.70612e-6
4.07147e-6
4.26156e-9
5.29306e-10
1.46649e-9
-1.77668e-9
-4.12953e-6
4.96829e-6
1.18254e-10
1.77652e-10
5.8026e-10
-2.83182e-6
2.19238e-6
1.31348e-10
-1.89908e-9
1.18663e-6
-7.99709e-7
9.35878e-9
-1.86887e-9
5.37691e-7
-3.14419e-7
6.26241e-9
-1.25385e-8
-1.69543e-7
8.76904e-8
-7.769e-9
-4.78807e-9
7.91861e-8
-6.74778e-7
7.98193e-8
-4.67054e-7
-1.02308e-8
4.14128e-7
-8.53235e-7
2.07915e-6
-2.45456e-6
9.4984e-7
1.44827e-6
-7.63933e-8
-3.61635e-6
1.01086e-6
7.95525e-7
-6.54426e-6
9.52187e-7
-1.22832e-6
4.62275e-6
-1.8384e-8
-7.16968e-7
-1.35015e-6
7.75202e-7
1.48451e-6
-2.94182e-6
-7.97393e-6
-6.24363e-6
8.25737e-6
9.42894e-6
-1.37936e-5
2.07448e-5
4.44922e-6
-9.45092e-7
3.37654e-6
-3.90946e-6
1.22441e-5
4.45255e-6
-1.43876e-5
-1.26316e-7
-1.9513e-6
9.94911e-7
5.14773e-6
1.4389e-5
-3.9711e-5
-1.67937e-5
3.75536e-5
-6.10247e-8
-1.47155e-7
2.02641e-7
3.50618e-7
-6.33573e-5
4.87808e-5
-7.26215e-11
3.0203e-9
-4.04769e-9
-1.37316e-8
-2.8458e-5
2.36875e-5
1.08613e-10
1.67619e-9
8.93215e-10
-2.86703e-9
1.32822e-6
2.08661e-6
3.08649e-9
-2.07131e-9
-1.57442e-9
2.29687e-9
3.17212e-6
-6.28483e-7
8.49284e-9
-1.7133e-9
-1.2685e-8
1.19203e-8
-1.3116e-7
5.59061e-8
-2.19141e-8
7.54791e-8
-1.54046e-8
-1.23798e-8
7.84768e-8
8.0112e-8
3.84868e-7
-1.1368e-6
-5.46632e-7
1.70745e-7
-1.99043e-7
-8.48094e-8
2.81985e-7
5.23083e-7
-2.07825e-6
2.20167e-6
5.38941e-6
-2.42967e-6
-1.6592e-6
2.02338e-6
-8.95145e-6
-1.54428e-6
1.9274e-5
3.39621e-5
2.85331e-5
-7.23063e-5
4.48079e-5
-3.14592e-5
2.67964e-5
-1.25713e-5
-0.00010487
0.00024084
-0.000178587
0.000104362
-2.95008e-5
-1.48929e-5
-0.000296608
-5.72623e-6
3.99159e-5
-1.72712e-5
-1.06351e-5
1.426e-8
1.52904e-6
-2.54977e-5
0.000166452
-5.80158e-5
0.000761059
1.1074e-5
7.14338e-5
-1.13742e-5
-1.27197e-6
5.6695e-6
1.04108e-6
-7.20591e-7
8.6494e-7
-3.81543e-7
-5.02021e-7
-9.45244e-8
-9.17253e-9
-1.20414e-5
7.18662e-6
-3.46981e-5
-9.05017e-5
2.31792e-8
1.41598e-8
-1.55339e-9
-2.80992e-9
-4.07463e-6
1.13261e-6
-3.39155e-6
4.16975e-6
2.34544e-9
-1.53456e-11
1.04617e-8
-1.8746e-9
6.31911e-9
1.23647e-6
-1.11657e-9
-4.02691e-10
1.61002e-7
-7.55308e-8
7.04556e-7
-4.78553e-9
-7.70613e-7
9.81466e-7
5.39974e-7
3.86919e-10
-1.29268e-6
1.34576e-6
5.53524e-7
-1.74173e-6
6.16695e-10
-2.87918e-10
-4.54547e-7
6.61282e-7
5.59631e-10
-1.97961e-11
-4.56811e-7
2.80128e-7
1.9113e-10
-4.86478e-10
1.49985e-7
-9.32556e-8
6.85572e-10
-2.65731e-10
5.68691e-8
-4.17369e-8
2.69208e-9
-2.14858e-8
-1.95905e-8
2.1177e-8
8.53737e-10
4.50549e-8
-1.51573e-7
8.42522e-8
3.32965e-7
-2.10999e-7
4.80722e-6
1.02294e-8
6.43225e-9
1.6347e-7
-4.47798e-7
2.24108e-5
-1.37411e-5
8.66761e-6
-4.77902e-6
-6.56225e-8
3.58302e-7
2.42062e-5
-8.11019e-6
-5.38701e-5
1.85473e-7
-1.04666e-6
-1.7318e-5
-2.54115e-6
4.04528e-5
2.81985e-7
-5.5926e-7
4.38636e-6
1.86935e-5
-2.44355e-5
2.73171e-8
2.23475e-7
6.77773e-6
-3.16982e-5
6.89241e-6
-1.62801e-7
4.21014e-7
-2.2931e-5
2.94596e-5
-1.7732e-7
4.33307e-7
-3.16967e-7
-2.33728e-7
1.03021e-6
3.04128e-7
-1.23147e-6
-3.40374e-6
-9.97252e-6
8.77451e-6
2.54675e-5
1.52642e-6
-4.84205e-6
-2.27622e-6
6.79124e-6
-5.68687e-7
-6.5987e-7
1.36699e-6
8.75633e-7
-1.03428e-5
2.48579e-5
7.47758e-6
-8.06914e-6
1.56419e-8
5.25287e-8
-4.991e-8
-1.7762e-7
-1.73486e-5
1.99368e-5
-1.26314e-5
7.56508e-9
-8.63205e-6
1.00238e-5
-9.49763e-6
-6.99507e-10
8.45672e-7
8.70989e-7
-1.21909e-6
-8.6836e-9
3.15214e-7
1.09792e-9
-6.1451e-8
8.42172e-9
-2.09462e-7
8.03805e-7
-1.85793e-8
-3.08352e-8
-1.62814e-8
-6.14174e-9
3.45205e-8
1.41388e-8
2.95511e-6
-6.81906e-6
-3.2868e-6
1.41803e-6
-1.12382e-7
-1.05078e-7
1.52981e-7
-2.52861e-6
8.27394e-7
-1.20783e-5
1.75545e-5
-1.04401e-5
6.83467e-6
-2.86196e-5
3.79271e-5
-5.85108e-5
7.25079e-5
5.33267e-5
-0.000118402
-2.74584e-6
8.52673e-5
-7.25355e-5
-2.41684e-5
0.000130255
-2.56648e-5
-0.000119658
8.7558e-5
-0.000117902
0.0001077
-7.68605e-5
-0.000328803
2.50832e-5
0.000102658
-1.31747e-5
-2.41223e-5
2.91779e-6
2.15791e-6
-1.43294e-6
-1.08279e-6
2.69763e-7
-8.80161e-8
1.2686e-7
1.42915e-7
-2.31547e-5
9.82529e-6
7.38392e-5
2.01328e-5
-1.41779e-5
-4.51696e-8
4.77916e-9
-1.05972e-8
-5.23469e-9
-9.26999e-10
-1.21795e-6
7.37105e-7
-1.32261e-6
2.74316e-6
1.20653e-9
8.27312e-10
-1.12568e-10
-1.0147e-10
-5.46469e-7
-1.88236e-7
2.89436e-7
5.40448e-10
-1.23656e-10
-2.08333e-9
1.07648e-7
-1.32653e-7
2.57029e-7
1.76471e-9
-2.22885e-10
9.9786e-10
-1.85261e-7
2.34786e-7
2.38782e-7
-3.0271e-10
-4.52092e-11
-3.32997e-11
-3.87408e-7
4.99703e-7
-7.19871e-8
-1.0502e-10
3.0296e-11
-6.64913e-11
-1.59738e-7
1.75551e-7
-2.50084e-8
-1.39451e-7
2.37639e-11
-2.71479e-11
-1.79966e-8
2.25846e-8
2.01857e-11
-5.47199e-12
-4.8902e-8
3.41033e-8
1.83781e-10
-9.292e-10
1.82312e-10
-9.45517e-9
7.7349e-9
-4.58943e-9
7.48352e-9
-1.29625e-8
5.73966e-8
-4.41285e-8
-2.96576e-7
-3.19598e-8
-1.17795e-6
2.5608e-7
1.01171e-8
3.86138e-9
1.43951e-7
-3.33022e-7
1.19698e-10
-3.33206e-8
2.26729e-6
-1.97307e-9
-2.23573e-8
-9.43654e-8
-4.7928e-8
7.58538e-8
5.3827e-8
-5.51549e-8
2.55465e-8
-7.34279e-8
2.08371e-7
2.75664e-5
3.40432e-5
-3.34737e-5
-1.94138e-5
-3.4828e-5
-4.67709e-5
-6.14788e-8
1.74262e-7
-5.2089e-7
-1.21421e-7
6.69698e-7
-2.84183e-6
-4.05859e-7
4.82439e-6
-1.77839e-6
-1.00019e-6
2.86244e-6
7.1733e-7
-9.28815e-8
1.30866e-7
5.24547e-7
-2.58633e-7
-1.39406e-6
-3.16774e-6
4.00964e-6
-6.04596e-7
-6.08874e-9
-2.44536e-8
8.14934e-8
-8.18612e-6
8.33643e-6
-6.18595e-6
-2.59219e-8
3.76312e-8
-1.20502e-8
-3.17563e-6
3.86231e-6
-3.95367e-6
-4.71352e-8
1.18241e-7
-9.44466e-8
4.22096e-7
2.702e-7
-2.04616e-7
8.03549e-9
2.50257e-7
-2.65586e-7
4.08295e-8
7.99171e-9
-9.54413e-9
1.29796e-8
-1.96481e-6
5.12249e-6
6.51882e-7
-5.81434e-7
-4.63307e-10
-1.28599e-7
9.28179e-8
-1.91875e-7
1.44659e-5
-3.35504e-5
-6.65095e-6
6.07361e-6
1.58352e-6
-1.72328e-8
-7.50535e-7
1.33033e-6
-6.06671e-7
-3.52751e-5
-7.09152e-5
0.000104265
-1.02322e-6
1.62983e-5
4.21865e-5
-2.3222e-5
2.7199e-5
-6.2179e-6
-5.95672e-5
0.000145411
-0.000197543
0.00018278
1.14606e-5
8.08314e-7
-1.2727e-6
4.99111e-8
5.17003e-7
1.18355e-7
-1.33083e-7
-2.04346e-5
-3.87165e-5
1.92173e-6
-3.37554e-6
1.4681e-5
-2.65966e-6
6.2655e-7
2.08498e-7
-1.52649e-7
-1.17225e-7
4.06653e-8
-4.62727e-10
1.06677e-8
-3.87001e-9
1.07192e-9
-2.68597e-6
9.05988e-7
4.66093e-6
-7.4145e-7
3.17936e-6
-2.07309e-9
-2.65643e-10
2.12592e-10
-3.81173e-10
-2.62269e-7
-1.76844e-7
5.30156e-8
-4.46275e-7
-1.69489e-7
7.1256e-11
1.26694e-10
3.73269e-11
2.31387e-8
-5.61802e-8
9.25659e-8
2.04686e-10
-8.43943e-11
-3.76091e-10
-4.16463e-8
4.65462e-8
7.98267e-8
4.5889e-11
9.04639e-11
6.35118e-11
-1.07656e-7
1.55388e-7
-5.31004e-8
-2.95673e-11
1.6935e-13
2.1102e-11
-4.16435e-8
6.66108e-8
-3.43184e-8
-1.39596e-11
1.17504e-12
1.45267e-11
-7.66134e-9
-2.25257e-8
1.68407e-8
-2.38171e-8
1.78424e-8
-3.27117e-11
-1.22974e-10
2.23132e-10
-8.91582e-10
6.30568e-9
-2.28629e-10
3.72174e-9
1.32921e-9
2.47732e-9
2.94488e-8
-1.64984e-9
1.03365e-7
-1.66076e-8
1.34604e-9
-1.68391e-10
-3.45219e-8
2.37428e-8
-4.03959e-9
-6.32949e-10
4.70645e-9
8.59716e-8
-8.18158e-7
-1.91966e-9
5.86826e-9
-1.61892e-6
-1.00731e-6
-5.39009e-10
1.62557e-9
8.47493e-6
-3.14617e-6
-4.47488e-9
2.33329e-8
-2.3959e-5
1.74284e-5
-9.38382e-9
2.55138e-8
4.14242e-5
-3.59725e-5
-4.69549e-9
-3.11472e-9
-4.81128e-5
4.79379e-5
1.28362e-8
-3.45591e-8
4.55575e-5
-8.20408e-9
-1.54225e-8
3.14496e-8
-6.10759e-9
1.9998e-8
-5.96037e-8
7.6012e-6
-1.15593e-5
6.42811e-6
-6.44451e-6
-9.612e-6
1.80519e-5
-1.47496e-8
4.08995e-8
1.81471e-8
-1.00128e-7
2.06099e-7
8.98195e-8
2.1007e-7
3.92971e-6
-7.57549e-6
-3.93387e-7
4.75062e-7
2.54261e-7
-2.29015e-8
-2.47325e-7
6.2438e-7
-1.7275e-6
1.8309e-6
-1.9176e-7
-1.51593e-8
4.08562e-8
9.83469e-8
-3.45779e-6
3.41346e-6
-2.67302e-6
-3.20366e-8
2.48233e-7
-1.84067e-7
-1.11302e-6
1.25219e-6
-1.45963e-6
-2.4548e-8
6.72137e-7
-6.16307e-7
6.92587e-8
7.4008e-8
-5.14561e-8
-2.89063e-8
1.51822e-6
-1.62198e-6
-3.78342e-8
1.46767e-8
1.11158e-7
-3.01159e-7
3.09023e-7
-3.01181e-8
-1.10543e-5
1.06903e-5
-4.27784e-6
5.00799e-7
-7.82033e-7
2.21625e-8
3.97824e-6
-3.31516e-6
1.66749e-5
-6.13625e-5
7.15669e-5
5.47897e-5
-5.14785e-5
5.98856e-5
2.48067e-5
4.68203e-5
-6.18795e-5
1.36712e-5
-2.08966e-5
3.92248e-6
-1.25688e-5
-5.82028e-5
8.26711e-5
0.000123204
-0.000164713
-0.000119277
0.000196119
7.1537e-5
-0.000166447
-1.73269e-5
-4.21366e-6
2.52865e-6
-1.81847e-7
-2.04068e-7
6.27085e-9
6.54758e-8
9.46475e-9
-1.10634e-8
3.50127e-9
-2.05527e-6
-1.58763e-7
7.19123e-7
-9.82389e-8
-1.86187e-7
7.77018e-8
4.44434e-9
3.12452e-8
-1.57778e-8
-2.03914e-8
7.21533e-10
2.43391e-9
5.30854e-10
-7.50348e-11
4.74027e-10
-1.8339e-10
4.09304e-8
6.87732e-8
1.33006e-7
-7.16349e-8
4.27497e-8
-1.80269e-11
-1.38014e-10
9.1952e-12
-4.46208e-11
2.69479e-11
-1.49828e-8
2.47336e-8
-5.06319e-8
1.91173e-10
-1.85295e-12
1.30322e-11
3.68018e-11
-6.53072e-11
-7.94772e-9
5.91066e-9
2.70101e-8
-1.44925e-11
2.35869e-11
-2.39384e-11
-2.49921e-8
4.32253e-8
-2.23889e-8
-1.57966e-12
6.27634e-12
1.15769e-11
-7.68042e-9
1.91827e-8
-1.47375e-8
-9.87677e-12
-1.05578e-11
-6.55879e-12
-5.08543e-9
-3.07215e-8
3.37907e-8
-3.23746e-8
2.94509e-8
4.25004e-11
2.28191e-11
7.14287e-11
-1.55508e-11
-7.42727e-11
-1.74117e-9
1.26226e-8
-1.04517e-8
1.08623e-8
-8.3535e-9
-1.17669e-9
2.895e-10
-8.9731e-9
2.44403e-9
-3.49526e-10
1.65168e-9
1.41593e-10
-5.07947e-10
-1.16209e-11
1.09321e-9
2.94358e-9
-1.58874e-7
-3.98432e-10
5.06125e-10
8.9644e-8
2.17473e-7
1.95735e-10
-3.26752e-6
1.89389e-6
-4.01319e-11
-1.11334e-11
-1.88882e-10
8.4048e-10
9.08777e-6
-8.93522e-6
8.2629e-6
-9.31634e-6
-6.59207e-10
2.70397e-9
-1.23264e-5
2.04597e-7
2.07206e-5
-1.06404e-9
2.8241e-9
1.36873e-5
1.43847e-5
-3.3376e-5
6.83385e-11
-1.93741e-9
4.68411e-6
-2.33088e-5
2.95168e-5
-2.98464e-10
1.75774e-9
-2.92801e-9
-5.11236e-6
-2.54711e-5
-2.16689e-9
7.13085e-9
8.10126e-6
2.99005e-9
1.77457e-9
-2.72562e-9
7.80276e-9
-1.20853e-8
-1.19994e-8
-5.53634e-6
-1.57796e-5
9.89607e-6
4.94463e-6
2.66753e-5
-8.32456e-9
2.23192e-8
-7.11235e-8
1.19018e-7
5.1901e-8
3.81188e-7
1.20046e-6
-1.78313e-6
-5.32776e-7
-3.92651e-6
-2.18767e-7
2.0846e-7
1.37566e-7
2.34008e-8
-5.50462e-8
3.18476e-7
-7.22754e-7
6.41891e-7
-9.49309e-8
1.56618e-7
9.1e-8
-4.18298e-8
-1.32411e-6
1.07488e-6
-1.05489e-6
4.13079e-7
3.34418e-7
-3.31617e-7
-3.53943e-7
4.00403e-7
-4.2449e-7
8.0223e-7
1.00033e-6
-9.87842e-7
1.33495e-7
-9.24735e-8
1.36378e-7
-1.9415e-7
-1.96374e-8
-6.52206e-6
-9.5779e-6
7.71146e-6
-2.56488e-6
3.54545e-6
3.87644e-7
8.68908e-7
-2.95458e-6
9.9518e-6
-1.01739e-5
1.44246e-6
5.82374e-5
-5.82839e-5
1.97923e-5
-2.34156e-5
-4.36016e-5
3.86758e-5
-2.91806e-5
6.28636e-5
-2.42927e-5
6.46005e-5
-8.47379e-5
3.35958e-5
5.44168e-5
3.89366e-6
-4.87796e-5
-3.84809e-5
3.29735e-5
3.21038e-6
4.68881e-5
-0.000131606
5.53199e-5
0.000144308
-0.000108754
-0.000103582
-1.55584e-7
9.86166e-8
3.14936e-8
-1.01e-8
-3.74667e-8
-2.12119e-8
-9.94221e-10
8.66691e-9
-5.46168e-10
-4.8283e-11
4.67827e-11
-1.6388e-8
4.57263e-8
-2.61915e-9
3.06824e-8
1.37876e-8
-1.94526e-8
-2.42503e-12
4.8749e-10
-3.88364e-12
2.97954e-11
2.66458e-11
-1.89884e-12
-1.34843e-10
8.19903e-9
1.14288e-8
-5.77124e-9
3.90388e-9
-3.78384e-12
-5.18033e-12
-2.49975e-12
-1.09691e-12
-1.57382e-11
4.56318e-11
7.56565e-9
-5.29556e-9
1.19454e-9
2.01204e-12
-9.81174e-13
-2.11601e-12
-4.44887e-12
-3.86019e-9
5.85183e-9
-6.13405e-9
-2.60753e-12
5.97854e-12
6.7236e-12
7.11364e-10
4.44956e-10
-4.82721e-9
-7.75319e-12
-1.16283e-11
6.14361e-11
5.95105e-9
-1.61146e-8
2.91475e-8
-2.83354e-8
3.46818e-8
-1.48778e-10
-1.58401e-10
-1.3656e-10
2.20438e-10
3.10293e-10
-2.29954e-9
9.87748e-9
-1.18673e-8
1.20715e-8
-1.4042e-8
-1.05617e-9
-5.39838e-10
-3.84784e-10
4.08092e-9
-7.27917e-9
1.99371e-9
2.8505e-10
-9.35637e-10
3.62157e-10
-1.33479e-10
-1.3953e-8
9.11437e-8
-2.67911e-8
3.36612e-8
-1.68158e-10
2.82569e-10
-2.0608e-7
5.75622e-7
-5.79925e-7
-4.96442e-11
-8.16297e-12
1.81609e-11
1.81455e-11
-1.14667e-5
1.46512e-10
3.48759e-10
1.32637e-10
5.30209e-11
-7.39314e-12
4.17453e-11
-5.36633e-12
1.59692e-10
-4.94991e-10
-1.99419e-5
-2.64357e-5
2.61845e-5
2.54614e-5
4.93562e-5
-2.60878e-5
-2.36011e-10
-2.18824e-5
8.21315e-10
-1.77333e-10
-5.6002e-10
2.30044e-9
1.53645e-10
-2.736e-6
-5.99406e-6
1.09314e-5
3.56867e-6
1.64053e-5
-8.61985e-9
8.36416e-9
-4.07441e-8
6.83412e-8
2.77874e-8
2.87047e-7
-4.451e-9
-8.62768e-7
-2.43175e-7
-1.22219e-6
-8.86085e-8
7.44795e-8
-1.23207e-9
9.69214e-8
2.855e-8
1.65384e-8
-1.45067e-7
1.37819e-7
-4.26777e-8
3.65678e-7
-2.70064e-8
-2.87772e-8
-2.86262e-7
2.43344e-7
-3.63694e-7
9.20155e-7
-4.95799e-8
-1.02949e-7
1.18544e-7
-6.76635e-8
-1.53486e-7
4.96509e-7
-4.06352e-7
-5.72536e-6
-2.62786e-6
1.98393e-6
-2.77647e-7
1.33162e-7
4.61312e-7
1.48734e-6
-1.58452e-6
2.17996e-6
-4.96281e-6
3.46786e-5
3.52478e-5
-2.62858e-5
6.66873e-6
-9.37056e-6
7.96791e-6
-2.09673e-5
1.31909e-6
1.6433e-5
-2.15814e-5
4.87152e-5
-6.31999e-5
2.63738e-6
0.000164709
-0.00017552
0.00015328
-0.000195651
-7.02378e-5
9.50719e-5
6.46403e-5
-6.66807e-5
6.22632e-5
-8.51318e-5
6.29061e-9
4.48311e-9
-2.43212e-9
-1.87474e-9
-1.8385e-8
3.12338e-10
-4.33782e-9
4.05063e-9
-2.08298e-9
-3.6394e-10
9.14188e-10
1.24787e-10
-1.39649e-10
1.83932e-11
-8.92551e-12
-1.7004e-9
5.30749e-9
-4.23536e-10
3.76064e-9
-6.965e-10
-6.01791e-10
6.15145e-12
7.38999e-11
-6.66252e-12
4.57074e-12
7.58676e-13
2.44658e-12
-5.84689e-10
9.83235e-10
1.00742e-9
-7.35876e-10
5.70049e-10
-2.59859e-12
8.34221e-13
-2.26391e-12
2.93472e-12
1.92842e-12
8.23512e-10
1.29066e-10
-1.44671e-9
-3.3999e-10
1.19385e-10
-1.01059e-11
-1.35625e-12
-1.05614e-11
-9.54973e-12
6.50412e-10
-1.58572e-9
6.24145e-11
-2.53268e-11
-1.28362e-11
2.52175e-9
-5.77931e-9
1.96018e-8
6.14661e-11
5.86258e-10
5.17197e-10
4.08014e-10
-2.7687e-9
1.29903e-9
1.14752e-9
-5.05698e-9
5.5883e-9
-1.10689e-8
2.62731e-9
1.73031e-8
6.00997e-10
8.1627e-9
-2.12123e-8
-9.98575e-10
5.59574e-10
-1.25755e-9
4.06668e-10
-2.71271e-10
-2.40792e-7
4.59982e-7
-1.75453e-7
3.45574e-7
-8.31072e-11
2.11984e-10
-8.69738e-7
3.68248e-7
6.2155e-7
2.23776e-11
-6.74425e-12
2.46e-11
-2.72256e-12
-2.28644e-11
2.20065e-5
-3.1929e-5
4.00437e-6
-6.32895e-6
2.01917e-11
-9.35022e-11
-1.50767e-5
1.06e-5
3.73633e-11
-9.42897e-11
3.65938e-5
-3.18085e-5
-1.71553e-12
-4.54335e-5
2.61205e-12
3.09941e-12
-7.13778e-12
-1.73954e-11
5.38671e-11
-1.47855e-10
-9.70973e-6
-1.98571e-5
2.79044e-5
1.83586e-5
5.12279e-5
-1.85561e-5
-1.45649e-10
-1.13186e-5
-3.02443e-12
2.04755e-10
-1.09146e-9
2.3128e-9
1.25071e-9
-8.54091e-7
-9.2643e-7
3.70455e-6
8.14253e-7
6.62771e-6
-2.76899e-9
1.98354e-9
-9.28435e-9
3.77927e-8
-1.25856e-8
7.22306e-8
-1.49141e-7
-1.1174e-7
-2.50779e-8
-5.5671e-8
3.82322e-8
-5.40621e-8
2.24528e-8
1.39219e-8
-1.27146e-8
8.77478e-8
-5.60662e-8
1.73053e-7
-5.56647e-9
2.07329e-9
-9.84676e-9
1.30426e-7
-5.2682e-7
1.02061e-6
-5.45685e-7
-2.67362e-6
3.0367e-7
-1.52664e-7
9.55209e-8
-4.83897e-7
4.64083e-7
-1.36842e-6
4.3606e-6
-9.38459e-6
4.99151e-6
1.96609e-5
5.32437e-6
-2.03959e-6
1.50236e-7
2.06897e-6
-7.49173e-6
-2.35689e-6
6.88012e-6
3.31136e-7
2.1451e-5
-3.86105e-5
2.88926e-6
6.9699e-5
0.000105241
-8.98143e-5
8.28532e-5
-0.000112731
-2.34244e-5
3.46386e-5
-7.96526e-7
-4.23333e-5
-4.00886e-6
4.55312e-5
1.99893e-5
-5.49369e-5
-3.16304e-5
2.99647e-5
1.65741e-9
4.48822e-10
-1.63865e-10
-1.8646e-10
-2.07504e-9
-4.36815e-10
-5.55082e-10
7.28423e-10
-9.62921e-11
-4.42079e-10
-3.47314e-11
7.67874e-11
1.48081e-11
-2.29974e-11
6.46812e-12
8.30774e-13
-5.00645e-10
8.48389e-10
-1.52435e-10
-2.01382e-10
3.12225e-10
-3.15419e-11
3.37152e-11
8.03089e-12
-9.13285e-12
6.92826e-12
7.52277e-12
-3.06587e-10
1.6127e-10
3.2619e-10
-1.35535e-10
6.86942e-11
1.32683e-11
-4.89022e-11
-2.62354e-11
1.96297e-11
3.75869e-11
1.33213e-10
2.18185e-11
1.1782e-10
-1.58236e-12
1.60468e-11
-1.06256e-10
-1.41493e-10
-1.8057e-10
-3.82747e-11
-3.68616e-11
3.59146e-11
6.69701e-11
3.96099e-10
-1.23211e-11
-6.36769e-10
-1.47568e-9
1.23944e-10
-2.07395e-11
1.06296e-10
3.85611e-9
4.9232e-9
-5.76094e-10
4.83719e-10
-1.23827e-9
-3.72008e-8
-8.04333e-9
-4.94489e-8
5.35057e-8
1.04186e-10
1.33649e-7
1.23198e-10
-1.21467e-10
-1.27292e-10
-1.08172e-6
1.09124e-6
-5.56904e-7
1.34473e-6
5.14009e-11
2.14209e-11
-2.29591e-6
4.53566e-7
1.25245e-11
4.83551e-6
-1.25242e-11
1.25861e-12
-7.0181e-13
4.40349e-5
-4.08543e-5
6.14223e-6
-9.80503e-6
-3.20077e-12
-9.37533e-12
-2.16195e-5
1.79449e-5
-3.56772e-13
-6.16578e-12
3.72819e-5
-3.84016e-5
-2.05947e-12
-4.54332e-5
7.11667e-13
-5.77214e-12
-6.81891e-12
2.25391e-12
1.10251e-11
-1.09742e-5
-6.34613e-7
1.45834e-5
1.59965e-5
4.04351e-5
-1.24373e-5
-2.85155e-11
-4.84308e-6
9.31028e-12
7.0092e-10
-3.17533e-10
5.96938e-10
-4.68721e-7
7.98674e-7
4.80117e-7
1.41483e-7
1.64529e-6
-1.86374e-9
6.97879e-9
-6.96882e-11
-1.28585e-8
4.0332e-9
-1.31704e-8
4.08463e-9
-8.8138e-8
8.67827e-9
1.13204e-8
-3.29821e-8
1.83534e-9
-4.66254e-10
3.24139e-9
-7.27287e-9
-7.46055e-10
8.5654e-8
-6.19099e-8
-1.61662e-7
1.98026e-7
-7.89292e-9
9.10319e-9
-4.48392e-8
-1.84107e-9
2.15104e-7
-1.64826e-7
-4.53027e-8
1.88324e-8
-6.87338e-9
1.06572e-7
-1.71262e-6
-8.47521e-7
3.99175e-6
3.68368e-6
-3.23754e-8
2.04378e-7
-1.94748e-7
4.19786e-7
-9.83589e-6
1.44101e-5
1.83701e-5
-2.12908e-5
-3.30841e-5
3.93631e-5
1.19612e-5
9.51157e-5
-0.000147689
9.52107e-5
-8.26805e-5
-8.64891e-6
1.15189e-5
-6.28372e-5
4.48579e-5
8.04294e-5
-4.96798e-5
-0.000102614
4.25768e-5
6.88917e-5
-3.48807e-5
2.25306e-10
8.33371e-11
-3.82665e-11
-2.00772e-11
-2.04476e-10
-8.35047e-11
-1.03009e-10
7.01078e-11
-2.38136e-11
3.99921e-11
6.03257e-11
-4.22131e-11
-2.69318e-11
9.62862e-11
1.88249e-11
1.45188e-10
1.15815e-10
6.66981e-10
3.19869e-10
-2.89851e-10
9.01653e-11
-2.22469e-10
-2.11144e-10
-6.61432e-11
-1.95379e-10
-6.38681e-11
1.77324e-10
-1.28778e-10
-1.55782e-10
1.61947e-10
4.64788e-11
6.24195e-11
-3.53931e-10
-3.18227e-10
-1.5772e-9
-1.14803e-9
6.4543e-10
-1.41897e-12
-9.17736e-10
-1.48589e-10
-6.17936e-11
1.57863e-10
-2.78578e-10
-2.79351e-10
1.78713e-9
1.49328e-9
2.66802e-10
-3.82902e-10
-9.08283e-10
-9.35086e-10
-4.69118e-10
-4.12733e-10
1.54417e-9
1.70095e-9
2.3072e-9
3.32683e-10
-3.61835e-9
-5.92394e-9
3.29881e-10
6.78899e-11
2.60997e-9
4.58325e-10
-9.60602e-9
5.29212e-8
8.34289e-8
1.24556e-7
-1.36511e-9
-5.03409e-10
1.44842e-10
-3.29719e-7
7.37028e-7
-5.10827e-7
9.41457e-7
-5.16181e-12
3.84809e-11
2.99996e-12
-1.72437e-6
-3.5199e-7
-4.3188e-10
1.5949e-10
-8.65376e-11
2.44406e-6
-5.35533e-6
-2.28313e-6
-3.74553e-6
2.41897e-10
-5.40222e-11
6.99168e-6
1.45753e-5
1.48984e-11
1.36077e-10
-2.75223e-11
-2.3557e-5
2.01779e-5
-3.55969e-6
1.08963e-11
5.52945e-11
-3.97304e-11
2.50396e-5
-2.75994e-5
2.93324e-5
1.0455e-11
1.50175e-10
-2.02976e-11
-2.01831e-5
3.17289e-5
-5.13806e-5
-9.34e-12
1.5064e-11
9.33037e-6
-1.50799e-5
-5.11186e-11
1.6229e-11
-2.07513e-5
2.22229e-5
-5.02347e-11
2.33041e-12
5.96421e-6
-1.61933e-5
1.75571e-11
9.5106e-11
-1.28763e-10
-4.02764e-13
9.42279e-10
1.1704e-10
4.13063e-7
-1.29445e-6
-1.7442e-7
-2.90909e-7
-1.99468e-9
4.39262e-7
-4.92753e-10
-2.94067e-9
3.53774e-9
4.64908e-9
-1.13834e-8
-6.55936e-9
6.02365e-8
1.83224e-9
9.26023e-8
1.05543e-8
2.31456e-8
-1.03446e-7
-1.65627e-8
2.18576e-9
2.29618e-9
-7.91977e-10
-5.03941e-10
4.47816e-7
-9.7708e-8
-1.48155e-6
5.57737e-7
3.13401e-9
2.36425e-10
5.43828e-10
-6.55593e-9
3.8526e-6
-1.76497e-6
-8.56939e-6
4.09623e-6
-1.90124e-8
-9.42267e-9
3.79752e-8
-2.81113e-9
1.70616e-5
-7.11457e-6
-2.10611e-5
7.74462e-6
2.17252e-5
-5.20545e-6
7.7709e-6
-1.57924e-6
-1.32421e-6
1.67228e-6
-3.53898e-7
4.83376e-7
-2.34996e-5
-1.52279e-7
1.93058e-5
1.03165e-5
-9.76389e-6
-2.48437e-5
4.32192e-5
5.20445e-6
2.83812e-5
-5.97984e-5
-1.35353e-5
-1.87869e-5
6.48572e-5
4.37148e-5
-2.09139e-5
-2.91691e-5
-9.35752e-5
0.000141288
2.77794e-6
-3.83959e-5
-5.42544e-10
1.1996e-9
1.21518e-9
1.15151e-10
4.30336e-10
5.25368e-10
-8.26788e-11
-3.94412e-10
4.18665e-10
7.74882e-9
4.30182e-9
-5.1819e-9
-3.43412e-9
2.49956e-9
-4.13309e-9
-1.82425e-9
1.26093e-10
-2.082e-9
-8.15897e-10
8.83152e-10
5.53903e-10
-8.05056e-10
1.75583e-9
7.50671e-10
-8.12116e-9
-7.24843e-9
1.44876e-8
-1.81417e-8
1.94794e-8
-2.23056e-9
6.36494e-9
-1.74413e-9
-2.51611e-9
4.41553e-10
-8.19523e-9
-7.63033e-9
3.28798e-8
3.75896e-8
2.04739e-9
3.18419e-9
-4.36932e-9
-6.32315e-9
-1.05962e-8
-1.01379e-8
3.90069e-8
4.01514e-8
1.48421e-8
-5.61687e-9
-1.07442e-7
-2.24699e-7
4.86463e-9
4.73935e-9
5.48735e-8
1.09755e-8
4.07431e-7
-6.55357e-7
-1.13227e-6
-2.09841e-6
-1.23168e-8
1.15836e-8
-3.73345e-9
3.75528e-6
-2.84029e-6
3.44686e-6
-5.72434e-6
1.93836e-9
-3.69596e-10
-4.30235e-9
7.48174e-6
9.90588e-6
-8.2805e-10
3.91057e-9
-1.03985e-9
-1.42133e-5
1.33754e-5
-1.61646e-5
2.1377e-5
1.24121e-9
4.27199e-11
-2.63909e-5
2.47836e-5
-3.1689e-10
-4.19397e-10
2.46575e-5
-2.47836e-5
2.09502e-9
-3.51309e-10
-1.79028e-5
1.80393e-5
1.45831e-10
2.03064e-10
1.08184e-5
-1.16667e-5
-8.31295e-10
9.8528e-11
-9.4941e-6
1.49836e-5
1.46792e-10
1.00154e-9
-8.04584e-10
-9.05898e-10
4.44475e-9
-3.9369e-10
7.65443e-7
-1.14217e-7
1.70371e-7
-3.67324e-8
7.57508e-6
-2.65345e-7
-1.26994e-9
-1.9159e-8
8.85449e-9
5.34091e-8
-5.22459e-8
1.62076e-8
-2.63036e-8
-2.2295e-8
2.50637e-9
-1.97235e-7
2.11063e-7
5.70216e-7
-6.82331e-7
2.29774e-8
2.22271e-8
-6.84382e-9
-1.25215e-7
-1.94523e-6
2.05275e-6
4.74814e-6
-5.16881e-6
-1.68102e-8
2.24202e-8
3.27555e-10
-1.32576e-7
-1.3191e-5
9.90751e-6
1.551e-5
-2.48818e-5
8.99028e-8
-3.48527e-9
4.11209e-8
8.71843e-8
-2.85399e-5
3.15949e-5
4.58223e-5
-3.05686e-5
-3.68924e-5
4.01734e-5
-6.95491e-7
-8.00311e-7
-1.78255e-6
-2.27169e-7
4.10443e-7
-5.61142e-7
5.25695e-5
-4.34429e-5
-5.00566e-5
3.73866e-5
3.96179e-5
-2.96867e-5
-3.10865e-5
2.82521e-5
3.02371e-5
-3.39116e-5
-2.53786e-5
4.67686e-5
1.17123e-8
8.71214e-10
8.26422e-10
7.62792e-9
-1.00372e-9
-2.38051e-9
5.50355e-9
-3.39136e-8
-1.73844e-8
-4.60011e-8
2.09538e-8
-1.98333e-8
-1.62809e-8
7.70567e-9
1.57783e-9
-1.66639e-8
1.92394e-8
-1.36531e-7
-1.24307e-7
1.82392e-7
1.20205e-7
-4.33789e-8
4.36896e-9
7.86616e-8
-9.00375e-8
1.20674e-7
4.00604e-9
-2.15066e-8
-3.13769e-9
3.74506e-8
-5.22405e-8
-2.60312e-9
-2.077e-7
-1.53889e-7
-4.51592e-7
6.19778e-7
-9.40655e-7
1.71848e-7
-2.84688e-7
2.17674e-8
6.35719e-9
1.93656e-7
-2.24339e-7
-1.59474e-7
9.64868e-7
-1.02165e-6
-4.95586e-7
8.18455e-7
1.00759e-6
2.65192e-6
-4.45538e-9
8.12997e-7
-6.88226e-7
1.99196e-7
-3.92e-6
3.59837e-6
-3.13366e-6
7.29737e-6
6.9925e-6
-6.67514e-8
2.75296e-8
3.33031e-7
-9.51154e-6
-1.6502e-5
-1.24384e-8
-3.69134e-8
-9.57074e-8
3.14327e-8
2.2541e-5
-1.86019e-5
2.47783e-5
-3.18606e-5
-2.34111e-5
1.37134e-9
-5.65424e-8
-1.88825e-8
3.17387e-5
-2.87264e-5
2.75831e-5
-1.45407e-9
7.57005e-8
1.99253e-8
-2.9873e-5
2.62755e-5
-2.49467e-5
-7.09618e-9
-1.13367e-7
1.40724e-8
2.73746e-5
-1.99471e-5
1.85816e-5
3.0488e-9
2.576e-9
-1.29417e-8
-1.12981e-5
1.05829e-5
-1.26174e-5
3.92643e-8
-9.91377e-10
2.8823e-6
-3.9019e-6
-4.0897e-9
-6.44706e-7
2.05918e-9
-3.91076e-8
1.37818e-8
4.59652e-7
-4.81448e-7
1.52739e-8
3.23338e-7
2.0518e-6
-5.36611e-7
3.98022e-7
-4.0615e-6
1.1045e-7
1.43555e-7
1.21116e-6
-3.92035e-7
-2.79351e-6
2.41559e-6
3.41493e-7
1.64772e-7
-4.49779e-8
-1.46185e-6
5.93007e-6
-4.42195e-6
-1.12349e-5
1.39281e-5
-3.65035e-7
4.68821e-7
-5.72556e-9
-1.62174e-6
1.69973e-5
-2.35547e-5
1.32279e-5
-2.42589e-5
2.58552e-5
3.78732e-5
-5.1367e-5
-7.81536e-7
-1.06792e-6
5.60167e-7
-5.91455e-7
2.13192e-7
5.46089e-8
-2.58264e-7
-4.33916e-5
6.16484e-5
-5.17968e-5
3.24345e-5
-4.71455e-5
5.01821e-5
-1.84288e-5
3.14844e-5
-3.82225e-5
5.57334e-6
-1.61081e-5
2.43981e-5
-3.51404e-6
7.66653e-6
-1.63517e-5
-6.80951e-7
-1.32431e-6
8.03847e-6
-4.76462e-7
-9.84331e-8
3.07055e-7
-5.08447e-7
2.09851e-7
-1.45993e-8
8.78117e-7
3.31149e-8
2.52344e-7
3.26482e-6
-4.69815e-7
-6.59561e-7
1.26666e-6
-5.22447e-7
1.01009e-6
2.26413e-7
-3.80607e-7
2.27134e-6
2.11122e-7
5.1538e-7
-2.22241e-6
-1.24367e-6
5.76864e-6
-6.49806e-6
3.74745e-6
-2.01493e-6
-1.45402e-6
1.54115e-6
-2.216e-6
-4.22884e-7
7.97218e-7
-1.94903e-6
1.26766e-6
1.22082e-6
1.00725e-6
-3.53798e-6
-9.10692e-7
-5.40198e-8
6.13738e-7
3.33504e-6
-7.72311e-6
1.93969e-6
-1.38009e-6
-1.1677e-6
3.20225e-6
-6.17752e-6
3.11749e-6
1.86023e-7
-1.04676e-6
-2.56859e-6
2.63878e-6
8.66223e-7
4.45267e-6
-1.53126e-6
-6.95994e-6
1.16085e-5
3.48894e-7
1.32913e-6
-4.89814e-6
4.26249e-6
-4.56906e-7
4.03171e-6
2.53229e-6
8.96672e-6
-6.74967e-6
-1.67427e-5
2.71647e-5
-2.65937e-6
-1.80225e-7
7.42897e-8
-2.92686e-6
1.0254e-5
2.85093e-5
-3.14261e-5
-2.49673e-7
5.29194e-6
-4.77402e-6
5.08575e-7
-2.48749e-5
1.17826e-5
-3.84582e-5
2.85264e-5
3.17641e-5
4.63306e-7
1.85594e-6
-1.13371e-6
-2.99499e-5
4.72995e-5
-4.34903e-5
-2.2986e-7
1.33672e-6
-1.44513e-6
1.48684e-5
5.89223e-7
-6.0557e-6
-1.49544e-6
-1.11106e-6
7.78732e-6
-3.83846e-6
2.48226e-6
2.27931e-5
-2.8367e-6
-1.27383e-5
-2.16702e-5
1.63929e-5
1.80366e-5
-7.43814e-6
-4.2681e-7
-2.24108e-6
-2.34461e-6
2.59965e-6
6.25049e-7
1.21542e-5
1.64799e-6
-1.44192e-6
-7.59112e-6
3.33195e-7
-9.98021e-7
-1.67458e-5
1.18453e-5
-3.74082e-6
5.45938e-5
1.42888e-6
1.48084e-6
1.88553e-5
-8.27142e-7
-4.4825e-6
-1.23222e-5
4.98008e-6
1.4936e-5
-2.58227e-6
-3.28587e-6
-2.03756e-6
2.88509e-6
1.56475e-6
4.24518e-6
2.07314e-5
-8.43248e-6
-1.38957e-6
-2.91815e-5
5.38809e-6
9.74193e-6
2.49548e-5
-1.15502e-5
-8.08814e-6
-2.13692e-5
1.66555e-5
3.13726e-6
8.04961e-5
-5.4967e-5
2.27148e-5
-2.00449e-5
7.93185e-6
-6.66874e-6
-4.02458e-5
1.41531e-5
2.89145e-7
3.23111e-5
-1.62621e-5
5.70755e-6
-5.88839e-6
6.50678e-6
2.05236e-6
-5.08112e-6
1.08602e-5
-1.37602e-5
1.75012e-5
-1.05595e-5
-2.78827e-7
-2.84791e-6
8.62997e-6
-1.78243e-5
2.71558e-5
-3.37641e-5
2.52394e-5
-1.17149e-5
-3.1934e-6
1.45926e-6
2.20724e-6
-1.05989e-5
2.43092e-5
-3.90865e-5
4.63478e-5
-4.07365e-5
2.19606e-5
-3.88889e-6
3.98669e-6
-4.99675e-6
2.67239e-6
6.51539e-6
-2.31099e-5
4.10075e-5
-5.02527e-5
4.41571e-5
-2.64786e-5
2.65858e-6
4.869e-6
-8.68954e-6
1.27224e-5
-1.40008e-5
6.77662e-6
9.97616e-6
-2.95272e-5
4.18753e-5
-4.18308e-5
2.976e-5
-6.00471e-6
-1.86238e-5
1.19941e-5
-2.25416e-5
2.9648e-5
-2.60975e-5
1.12983e-5
8.51179e-6
-2.50419e-5
3.49245e-5
-3.49666e-5
1.35402e-5
-1.70984e-5
3.20334e-5
-4.19502e-5
4.21369e-5
-3.08991e-5
1.36314e-5
4.20403e-6
-2.79142e-5
6.15922e-5
-7.87915e-5
-2.72697e-5
4.37509e-5
-4.5808e-5
4.1117e-5
-3.07486e-5
2.37811e-5
1.59594e-6
-1.27772e-5
-3.07976e-5
3.83699e-5
-4.0964e-5
3.70798e-5
-6.15637e-5
1.03925e-5
2.87646e-5
-2.34256e-5
