0.00984016
-0.0481913
0.0467724
0.0117976
0.0589579
-0.04366
0.0407185
-0.0555231
-0.0372908
0.0379653
-0.0246935
-0.0246024
-0.017275
0.0290784
0.00966555
0.0176555
-0.00946654
0.00289429
0.00364625
-0.00302885
0.00181648
-0.00755962
-9.66684e-5
-0.00349129
0.00130795
0.00543035
-0.00657825
0.0166545
-0.0199281
-0.0176618
0.0120498
-0.0110771
0.0142512
0.00465431
0.00325559
-0.0109598
0.0002217
-0.00188101
9.86127e-7
0.00604931
-0.00873551
0.0062934
0.00422565
-0.0159206
-0.00293329
0.000515161
0.0016242
-0.00731875
0.0107912
-0.0119961
0.00503856
0.00792827
-0.000211793
-0.00485921
0.000418401
0.000182603
-6.23804e-5
0.00127889
-0.00727994
0.00599698
-0.00415037
0.00861396
-0.017298
-0.00753753
0.00630875
-0.00639973
0.00566774
-0.00204616
-0.00241551
0.00537689
-0.00546943
0.00242119
0.00326183
-0.000949407
-0.00241981
4.18833e-5
0.00138178
-1.6683e-5
0.000205522
0.00669594
0.00224049
-0.00699323
0.0112061
-0.0131251
0.0110563
-0.00621234
0.00149286
0.000881443
-0.00110844
0.000803984
-0.000669803
0.0448703
-0.0424889
0.00846612
-0.0427632
0.0517753
-0.000467088
-0.0182309
0.0058381
0.00524118
-0.01348
0.0177615
-0.0166639
0.0116085
-0.00590086
0.00205439
-0.000379035
-0.000219446
-6.88973e-5
0.000266871
9.94574e-5
0.000128713
-8.61265e-5
-3.04729e-5
-0.000102743
0.0380812
-0.0328802
0.0225608
-0.00683336
-0.00398028
0.0130405
-0.017795
0.0169663
-0.0122375
0.00686387
-0.00307699
0.00131711
-0.000462726
7.14012e-5
1.47599e-5
2.90882e-5
-0.0175488
-0.015114
0.00502189
0.00265167
-0.010078
0.0138783
-0.0130698
0.00945025
-0.00552501
0.00277942
-0.00213756
0.00201463
-0.000435975
-5.34849e-5
-8.31921e-5
0.0171134
-0.0116879
-0.0110658
0.0091085
-0.0052374
-0.001557
0.00635584
-0.00845465
0.00799745
-0.00585006
0.00380944
-0.00183092
0.00185476
-0.00162419
0.00073912
-0.000379929
0.000370103
0.0035374
0.00252114
-0.000174955
-0.00284143
0.00403248
-0.00410575
0.00320509
-0.0036648
0.0021495
-0.00253903
0.000737511
0.000111443
8.95268e-5
-0.00196445
0.00069342
0.000236015
0.000121653
0.000804088
-0.00138548
0.00159705
-0.00143799
0.00360682
-0.0027036
0.000273783
0.000655298
-0.000567067
0.000292244
-0.000124956
2.56609e-5
6.78221e-5
-0.000225582
0.000693961
-0.00124942
0.000965286
-0.00012077
-0.000682826
0.00123941
-0.000549755
-3.71533e-5
-2.42462e-5
2.51391e-5
0.000108019
-0.000219499
0.000328085
-0.000374525
0.000565611
-2.17035e-5
-0.00060066
7.31004e-5
-2.20144e-5
2.90838e-5
-0.00138429
0.00526041
-0.00269151
5.62323e-7
-0.0132619
0.00689078
-0.00117082
0.000508908
0.0417738
-0.0157463
-0.000960919
0.000328066
-0.0171218
0.00229557
0.0111213
0.00349204
0.012058
-0.0234546
0.0110089
-0.0255061
0.0281678
-0.0147912
0.02454
-0.0300965
-0.0130901
0.00916751
0.0182733
0.0122309
-0.00787873
0.000295813
0.00254272
-0.000835249
-0.00565928
-0.00418065
0.00113788
-3.11178e-7
0.000153506
0.00894532
-0.00797966
0.00560264
-0.00725397
0.00748759
0.00230469
-0.00283236
-0.00252182
-0.00124124
0.00093558
-0.00141493
0.00594912
-0.00144921
-0.00563636
0.000101502
0.0144936
0.0014205
0.000203023
-0.000667286
-0.000225812
-9.46541e-5
5.75289e-5
-0.000852241
0.00267817
0.000235319
0.000965954
-0.00442967
9.88036e-5
0.00891068
0.000365258
-6.98532e-5
-0.000219875
4.64896e-6
0.00012046
3.67497e-7
5.50619e-6
0.00151803
-0.00245956
-4.20035e-5
-4.79669e-5
-0.0028725
0.00528002
-0.00160413
0.00887971
-0.0145865
0.00011414
-0.000254298
1.29609e-5
1.06201e-5
-1.88507e-5
8.48644e-6
1.10087e-6
-2.64881e-6
-3.44533e-6
-0.0218843
0.0455089
-0.056638
4.14776e-5
-1.25313e-5
1.54703e-6
0.0165588
-0.0262922
0.0442059
-1.23408e-6
2.91795e-6
2.85611e-6
-0.0117631
0.0200082
-0.0304925
-3.90978e-6
-2.11865e-6
-9.07279e-7
0.00702429
-0.0111407
0.015919
1.91046e-5
-6.40716e-7
1.00936e-6
-0.00299687
0.00440566
-0.00312905
0.00793017
0.000116818
-3.02123e-5
1.2419e-5
-2.3431e-6
0.00057349
0.000430229
-0.00220893
-5.65078e-5
5.94288e-8
-1.27584e-5
-4.44114e-6
0.000162095
-0.00078265
-0.000259743
9.62913e-5
8.87633e-5
-0.000159204
-8.28263e-5
3.82294e-5
-1.17715e-5
1.78849e-7
6.17111e-6
0.000128626
-5.26985e-6
1.75216e-5
6.96515e-6
-7.19091e-5
8.0323e-5
-1.84114e-5
4.08869e-6
2.46989e-6
-8.02881e-5
0.00016143
3.53878e-5
-7.81269e-6
6.57874e-6
6.32481e-6
-4.03807e-5
0.000171875
-1.88971e-5
2.10805e-5
7.62072e-6
-2.19004e-5
2.15495e-7
6.10626e-6
-1.56786e-5
2.00728e-5
7.05827e-6
-5.13637e-6
3.8909e-6
-2.30608e-6
-2.3044e-5
6.55116e-6
-8.05445e-6
3.02044e-7
-3.56013e-5
-2.14072e-5
-1.53006e-5
-2.4518e-6
9.45263e-7
7.69763e-8
1.46123e-6
-1.08596e-6
1.14522e-6
-1.48794e-6
2.969e-6
5.75383e-6
-1.76146e-6
1.80941e-6
2.55082e-6
1.66165e-5
1.92256e-5
-9.72287e-6
-6.04057e-6
2.11286e-7
1.13786e-7
-1.52099e-6
-1.17431e-6
4.15014e-7
-8.10909e-7
-3.23841e-6
-9.2347e-5
0.00234974
-0.00507246
-0.00381977
0.00656184
-0.0073465
0.00916628
0.00896566
-0.0131156
0.0102551
-0.0220079
0.0267561
-0.0214871
0.0364465
-0.0417758
0.0343105
-0.0425361
0.0479783
-0.0381323
0.031672
-0.0403367
0.0303992
0.0242998
-0.0175591
-0.0211861
0.0114422
-1.86446e-5
-0.000255877
0.00028421
0.00078936
-0.000279869
0.000268884
-0.000407906
-0.00943504
0.0145971
-0.00658578
-0.00475991
0.00150803
0.00202413
0.000192808
-1.54791e-5
9.74693e-5
-3.38958e-5
-9.54378e-6
-0.000561272
-0.000526884
6.73501e-5
0.000401807
-7.69004e-5
0.00045815
-7.94563e-5
1.08034e-5
2.74035e-5
-0.000216172
-2.96627e-5
9.61659e-5
-3.31209e-5
0.00011994
-1.88238e-5
0.000105942
1.14174e-5
1.26555e-5
-3.64092e-5
-5.17044e-6
1.24927e-5
0.000273914
-0.000196102
-1.89839e-5
-0.000522306
0.00080493
3.52653e-6
-3.99144e-6
3.21255e-6
-4.21087e-6
-2.83128e-6
-4.17301e-7
1.60143e-6
0.00143954
1.23179e-6
-0.00381994
0.00014718
0.000249224
0.00288529
0.00120839
0.000373452
-0.00456848
1.39401e-6
-5.90688e-7
1.74976e-7
-2.40789e-7
1.11127e-7
6.38008e-8
2.04741e-7
-0.0057738
-0.000995424
0.00871737
-8.05398e-7
2.66657e-7
-7.37387e-8
0.0104971
-0.00206659
-0.00661824
-5.05657e-7
6.13121e-8
-6.44193e-8
-0.0135094
0.00507775
0.0036639
1.69029e-7
3.67943e-9
-6.76772e-9
0.013186
-0.00661918
-0.00130084
-2.85501e-7
-4.2765e-8
1.94743e-10
-0.0101273
0.00551244
-0.00232558
6.97879e-7
-2.10911e-7
5.96576e-8
0.00558299
0.00228033
7.61221e-7
1.40639e-8
6.32088e-8
-0.00450665
0.00487101
0.00297168
-0.00144621
0.000871011
1.07485e-6
-4.86163e-7
1.37823e-7
-1.54195e-7
-0.00106893
-0.000373963
-5.05712e-7
1.75124e-8
2.89176e-8
0.000521362
-0.000456132
-0.000195254
-6.08001e-5
-6.77594e-7
-1.49614e-7
4.32748e-8
7.34261e-8
6.25218e-5
-3.9728e-5
-1.65643e-5
-5.4293e-6
-7.58707e-8
-9.64692e-7
5.48427e-8
1.95915e-7
3.23539e-6
-1.00552e-7
-4.01528e-7
-4.0687e-7
2.73492e-7
4.19072e-6
8.02047e-8
5.67084e-7
1.41904e-7
-6.57712e-8
-5.18888e-8
2.4297e-7
1.82192e-7
-1.81557e-7
-1.45586e-7
1.59731e-7
5.53476e-7
1.8331e-7
-4.8675e-8
3.63941e-7
7.76948e-7
9.87636e-8
1.22996e-6
-1.80418e-6
-1.16207e-7
1.2221e-7
-7.6242e-9
6.38388e-10
6.01731e-8
2.55307e-8
-1.16501e-7
-1.64343e-7
-1.72151e-8
-1.77145e-8
-1.88348e-7
-2.66425e-7
-4.82332e-7
1.19901e-7
7.89194e-7
-2.51895e-9
9.86373e-9
5.34779e-8
3.94854e-8
-1.13853e-9
3.04621e-8
1.0421e-7
-0.000712925
-0.000128939
0.00336934
-0.0118967
0.0109717
-0.00831451
0.00282123
0.00631493
-0.000137361
-0.0160005
0.00659265
0.0122151
-0.0156085
-0.00578072
0.0158226
0.00939333
-0.00753028
-0.0166889
-0.00125536
0.0243469
0.00302033
-0.0153209
-0.00444383
0.0117289
3.36972e-5
8.11511e-5
-0.000191174
0.000324472
-0.000107086
0.000252969
0.00478692
-0.0106098
-0.00331853
0.00580172
0.00185812
-0.00240095
-1.66984e-6
8.99072e-6
-5.36525e-6
7.59627e-7
-0.000913083
0.00109088
0.000394074
-0.000460646
-4.49734e-6
2.25001e-5
-4.77709e-6
6.17313e-7
-0.000150579
0.000175689
5.11748e-5
-6.09827e-5
2.96297e-6
5.85665e-6
-3.05356e-6
5.53327e-7
-1.55398e-5
1.93019e-5
4.00649e-6
-6.28763e-6
-1.61351e-5
5.15853e-5
-1.72546e-5
0.000188562
-0.000347865
-9.44494e-6
-6.4012e-7
1.978e-6
-5.6203e-7
2.88355e-7
-6.63772e-7
3.00065e-7
0.00534563
-0.000681634
-0.00107202
-0.0182465
0.0104532
0.00040355
-5.28207e-8
-1.50776e-7
-6.21345e-8
1.0739e-8
5.24575e-8
0.00755566
-0.00650987
5.03292e-9
1.04826e-8
-0.0219339
0.0125318
2.72688e-8
-6.02065e-9
0.0279213
-0.0191434
1.24852e-8
-7.93077e-9
-0.0293072
0.0216007
2.01756e-9
-2.50515e-9
0.0225033
-0.0184654
-1.0073e-8
3.6269e-10
-0.0145257
0.0131825
-1.80737e-8
6.08766e-9
0.00842612
-0.0078435
-2.03052e-8
6.91337e-9
-0.00458896
-0.00282913
-1.83715e-8
3.41109e-8
2.33716e-10
0.00229066
-0.00169267
-0.000942502
0.00118234
2.87584e-10
3.96881e-9
-6.43402e-9
0.000324285
0.000152079
-1.26036e-8
-7.22499e-9
-4.03888e-10
-8.9319e-5
3.66408e-5
1.69249e-5
7.04138e-6
-2.13823e-8
-1.05609e-8
3.0401e-9
2.39573e-9
-7.1921e-7
-2.24625e-6
-9.51544e-7
-4.98395e-7
-1.26448e-8
-4.27293e-8
2.14541e-9
6.37171e-9
4.05713e-7
-2.31147e-7
-6.61165e-8
-6.94683e-8
8.35325e-9
2.77383e-8
7.82102e-9
-1.60792e-9
-1.83932e-8
1.28332e-8
1.52636e-8
-6.25199e-10
-1.59252e-8
1.52876e-7
-1.58912e-7
-7.06937e-9
-5.66343e-9
-3.58565e-9
-3.93581e-9
-1.7455e-9
2.05237e-9
2.41932e-9
8.05258e-10
-1.00587e-8
-1.96221e-8
-7.42658e-9
-5.77103e-10
-2.60088e-8
-3.13569e-8
-7.23152e-8
-9.68282e-9
-1.18191e-8
2.6899e-8
-4.18434e-10
-6.96983e-10
1.06652e-9
6.08733e-9
5.70732e-9
1.3519e-9
1.2828e-9
1.26748e-8
2.65115e-8
0.00238042
-0.0210741
0.014945
0.0319487
-0.0202088
0.00842416
-0.00701773
-0.0283125
0.0256731
-0.0123721
0.02965
-0.0254483
0.0143817
-0.0166845
0.0204233
-0.00528404
-0.0116502
-0.0281322
-0.0105237
0.0271652
0.0275897
0.000429779
0.00076768
-0.00248731
0.0084598
-0.00560144
0.00319073
-0.00660957
0.000224357
-0.0276306
0.0317851
0.0178498
-0.0147979
-0.00936026
-0.0089929
-0.00548728
0.00886357
0.00857364
-6.37295e-6
-4.77792e-5
7.66917e-5
-0.000250561
0.000235988
-3.02209e-5
-0.00389112
0.00345628
0.000971961
0.00165385
0.000998544
-0.00157812
-0.000902593
-4.55458e-9
6.01378e-7
2.1215e-6
-5.11773e-9
0.000487862
-0.000753774
-0.000212284
0.000290624
-4.20187e-6
2.05402e-6
9.26476e-8
1.04975e-6
8.30967e-5
-0.000118204
-2.69173e-5
3.17288e-5
-1.06823e-5
2.4336e-6
4.3344e-6
1.80343e-5
7.6173e-6
-1.06944e-5
-1.29604e-6
2.0574e-6
-0.000187804
8.34519e-5
1.44461e-5
8.87799e-5
-0.000170749
7.50772e-5
-1.80658e-7
4.38469e-7
-9.89356e-7
1.76984e-7
2.35375e-7
-1.29122e-7
-6.86943e-8
-0.000436102
0.00113115
-0.00149025
0.0140292
-0.0145027
0.000788432
3.28261e-8
1.97852e-8
8.13849e-8
-2.91319e-8
-1.83627e-8
-7.3302e-9
-0.0136337
0.0219822
-2.96906e-9
5.65899e-9
-0.0161587
4.96843e-10
-0.0473677
0.0684197
-0.0251654
0.0483712
-0.0807531
0.0329342
0.0440944
-2.21293e-9
3.99846e-10
2.86591e-9
-4.21058e-10
-2.44731e-9
5.74023e-10
-1.04668e-9
1.63089e-10
-0.0492486
0.0559384
-0.0392091
1.95841e-9
-4.38125e-10
2.95181e-10
0.045861
-0.044647
0.0296441
5.64641e-10
-4.66107e-11
8.98728e-11
-0.0607589
0.036837
-0.0284702
-4.14368e-10
2.784e-10
-1.15117e-10
0.0212372
0.0142031
-2.99579e-9
4.93791e-12
-0.0116215
0.00162894
0.00531782
-0.00757391
-1.24246e-9
2.50543e-10
1.28257e-9
-5.7849e-10
-3.06921e-10
-0.00300967
0.0038647
-4.56307e-10
3.47646e-11
0.00119496
0.000614944
3.79621e-9
2.08214e-9
-0.000285438
-0.000139107
2.73323e-5
-0.00018008
-3.04875e-9
6.47144e-9
-7.63613e-9
8.34297e-9
9.77581e-10
6.75402e-6
-1.51589e-6
-3.16645e-9
-1.15679e-9
-7.68458e-6
1.42048e-6
2.98025e-6
1.04674e-6
-1.08881e-9
7.46695e-10
7.99063e-9
-6.11757e-9
-1.12782e-8
-1.23544e-11
-6.80437e-7
-7.17344e-7
3.90129e-8
5.46149e-9
-1.22742e-9
-1.44022e-9
1.95275e-9
-2.15911e-10
3.75635e-8
-1.26442e-7
-1.48583e-8
1.20944e-10
2.01363e-9
9.4078e-10
5.36172e-10
2.22477e-10
2.34452e-9
-6.80604e-9
-6.667e-10
2.36477e-9
-4.66216e-11
6.46588e-9
-5.47959e-9
5.40077e-10
-9.51741e-10
-4.57674e-10
-3.56981e-10
-5.17651e-10
1.7834e-10
2.07541e-10
-4.24747e-12
-1.51363e-9
-2.06493e-9
-1.53181e-9
-2.49742e-10
-8.57955e-10
2.14902e-9
-9.44228e-9
-2.70741e-9
-1.66791e-10
-4.64361e-10
7.15405e-10
-3.67977e-10
2.89958e-10
-7.11191e-11
-5.66025e-11
-4.80834e-11
1.11089e-10
5.88112e-10
8.27532e-10
3.58754e-10
3.02444e-10
-6.41691e-10
1.49292e-9
1.6154e-9
4.21135e-10
-7.33913e-11
-4.28688e-11
-1.25227e-10
-2.63642e-10
-2.82457e-10
-1.71135e-10
4.01941e-11
4.55068e-10
-6.41076e-10
0.00267129
-0.0102903
0.0079716
-0.0220183
0.022774
-0.00406088
0.0224428
-0.0018484
-0.0206468
-0.00155437
0.0198852
-0.0135403
0.00302246
0.0101098
-0.000465238
-0.0053764
0.00830402
-0.00847853
0.00798797
-0.00429023
0.00754928
-0.023228
0.0148575
0.0103266
-0.00421189
-0.00499141
-0.00290853
0.00369041
-6.45699e-5
0.000369757
-0.000395982
0.00178676
-0.000560949
-0.00287265
0.00122135
0.0013292
0.000827439
-0.00106509
3.71953e-6
-5.09871e-6
-1.33299e-5
3.30061e-5
-5.30709e-5
9.04487e-6
0.000608172
-0.000467662
-0.000100057
-0.000209078
-0.000125695
0.000233701
8.78519e-5
3.38616e-6
-5.90304e-7
-9.51594e-6
8.66548e-6
-1.3925e-6
-3.60715e-5
-5.24577e-6
4.5012e-5
8.03283e-6
0.000217162
-4.26564e-5
-7.02051e-5
-0.000157539
3.76552e-5
8.97741e-7
-4.2959e-6
3.02606e-6
5.24496e-6
1.27612e-6
-0.00116299
-3.65074e-5
0.00124459
-0.00185794
-0.000853225
-1.22748e-7
-9.64353e-8
-7.85979e-7
2.92458e-7
2.62513e-8
-0.0119428
0.00724416
-0.00926334
0.0421526
-0.0250161
0.0121515
-2.04806e-9
7.81761e-9
-3.50673e-9
-2.91757e-9
1.5756e-9
-2.14275e-9
-0.0441851
9.84329e-10
-0.0192754
0.0440933
-0.0374056
0.0212938
-0.0270961
0.0797016
9.87532e-11
-1.72798e-10
-3.012e-10
4.9089e-11
-1.25937e-10
5.92486e-11
-0.014811
0.0331316
-6.84248e-11
1.14395e-10
0.0189318
-0.0432563
-3.8549e-11
-3.73954e-11
-0.0240004
0.0546261
7.7903e-11
2.18192e-10
-0.00419481
-0.000783572
0.00157368
0.000746072
-0.00157816
1.7564e-10
-1.16868e-10
3.24538e-10
1.14151e-10
1.37312e-9
-0.00056204
0.00149652
-4.76007e-10
6.81423e-11
-0.000238653
9.82134e-5
-9.87464e-6
-3.14873e-5
8.47871e-5
-8.48758e-9
8.89457e-9
-9.83184e-9
8.16759e-9
1.01645e-9
-1.31593e-5
3.24905e-6
-5.12942e-7
-1.37385e-6
6.54792e-7
1.15676e-8
-1.23749e-8
1.37467e-8
-1.3772e-8
1.42355e-12
5.34067e-7
3.62815e-7
-1.64081e-10
-2.40185e-9
-1.04684e-8
-1.71032e-7
-5.92094e-8
3.21258e-8
-2.47949e-10
-1.75613e-11
2.61797e-10
1.13422e-9
-2.86214e-9
3.79258e-8
6.43519e-9
-1.79618e-8
3.71701e-9
-5.16226e-11
1.69715e-10
-2.60845e-11
-4.57632e-10
6.18187e-9
3.27899e-9
-1.70112e-9
5.93855e-10
1.53528e-10
-1.976e-11
2.29013e-11
-4.805e-11
1.08467e-10
-3.70444e-10
-8.40597e-11
-1.38311e-10
7.93729e-12
1.52884e-11
2.52556e-11
-2.7145e-11
-3.93981e-10
6.09346e-11
5.82518e-11
5.80415e-11
2.36844e-11
3.40541e-11
3.74521e-12
4.78421e-12
-6.19855e-12
2.35847e-11
9.62738e-11
1.6686e-10
2.44026e-10
6.3391e-11
-7.27041e-10
-5.28016e-11
9.16693e-11
1.09537e-10
-3.0106e-10
-2.21978e-10
-1.04809e-10
-1.69083e-10
-2.39803e-10
-6.15448e-10
5.65914e-10
2.38742e-9
6.39796e-10
-0.0126779
-0.0165102
0.00834782
0.0227699
-0.00727981
-0.0295859
0.0165303
0.0419116
-0.022805
-0.0323794
0.0104675
-0.0121817
-0.00285261
-0.0115355
0.0126492
-0.0148031
0.0152938
-0.00817308
0.0140759
-0.0100966
0.0095032
0.00289091
-0.00121992
-0.000631038
-0.000454038
0.000235286
-2.37286e-5
0.00178692
-0.00143493
0.00572478
-0.0019765
-0.000897714
-0.000333425
0.000337359
0.000366843
-0.000257018
2.21202e-5
-0.000148668
0.000154133
-0.000423242
0.00018223
0.000343913
-5.65887e-6
-0.000129396
-0.000126149
0.000134556
2.50865e-5
-7.62082e-5
7.84865e-5
-9.50264e-5
-6.57395e-5
9.7718e-5
4.71716e-5
-0.000181351
0.000171054
-1.94994e-5
-1.36267e-6
2.17352e-5
6.59642e-5
9.95536e-5
-0.000464712
0.00110979
0.000459735
5.94956e-7
-2.59072e-6
1.63264e-6
2.75898e-6
7.88637e-7
0.00364104
-0.00302397
0.0032986
-0.0168387
-0.00400288
-7.35386e-9
-8.35895e-8
-6.72287e-7
3.76673e-8
2.29949e-8
-0.0470499
0.0330098
-0.0217996
0.0971272
-0.0692185
0.0341392
3.29331e-9
-1.57927e-8
-4.16225e-9
2.94298e-8
-1.21968e-9
3.47688e-9
-0.0777226
1.09713e-9
0.0140099
0.0287403
-0.0261501
-0.0175682
-0.0425912
0.066112
0.012705
0.0759642
5.57373e-11
-9.40424e-10
-2.40079e-10
8.62335e-10
0.0433928
-0.0592186
-0.0154441
-1.77918e-10
2.56825e-10
-0.0361069
0.035274
0.00833911
2.62228e-10
6.04816e-10
0.0190872
-0.0112875
-0.000791833
-1.79622e-9
3.08949e-9
-0.00112052
-0.00152891
0.00183752
0.000279733
-0.000482883
6.82713e-11
3.49968e-10
-2.51987e-9
3.03721e-5
0.000242332
-4.18499e-10
-7.16701e-11
1.20496e-5
4.33425e-6
-1.3311e-5
-1.85178e-7
-8.33441e-6
-8.36288e-9
6.30901e-9
-6.96778e-9
3.33053e-9
-4.62053e-11
6.33691e-6
-1.24641e-6
-6.08415e-7
3.38511e-7
-2.40386e-7
1.46556e-8
-1.21707e-8
1.35425e-8
-1.0947e-8
-9.61092e-10
6.63487e-8
2.48335e-8
1.17863e-8
3.88078e-8
1.94191e-10
1.01677e-9
-2.38202e-9
-6.79784e-9
-4.15807e-9
-7.16267e-9
5.87623e-10
-1.52773e-10
-8.20398e-10
1.90632e-10
1.66743e-9
-2.33489e-9
-1.90689e-10
-7.37134e-11
6.61806e-11
3.65426e-10
-1.4746e-9
1.08861e-9
3.27239e-10
1.42802e-11
1.86532e-11
2.29676e-11
-1.74961e-10
3.11201e-12
-2.07819e-10
2.53656e-10
-5.1538e-10
6.57069e-11
-1.09995e-12
-3.42218e-12
-5.98123e-11
-1.7772e-11
1.15116e-11
-6.43299e-11
2.05867e-10
8.88774e-10
6.20436e-10
2.45667e-10
2.49179e-10
1.15423e-10
2.05709e-10
-1.46611e-10
9.02796e-11
3.60871e-10
-3.29432e-10
5.14116e-10
7.47218e-10
1.8786e-9
-3.3948e-9
-4.7763e-9
6.9492e-10
-1.02662e-9
7.51846e-10
-3.73509e-9
-1.50739e-9
-1.33401e-9
-3.30595e-9
4.16393e-9
-0.00916966
-0.00758392
0.00573489
0.00736389
0.00606557
-0.00324004
-0.00619914
-0.00950177
0.00983898
-0.00657531
-0.00164003
0.00540604
0.00169169
0.0161748
-0.0161262
-0.0103176
0.00419802
0.000900685
0.000159706
1.22608e-5
0.000585922
0.00258174
-0.00288183
0.00563189
-0.00416891
-1.09318e-5
-5.19357e-5
-4.49382e-5
3.67272e-6
2.16399e-5
-5.62966e-5
-0.000279746
0.000189466
-0.000895084
0.000326197
3.39105e-5
6.37334e-5
8.91953e-6
-2.18606e-5
1.28278e-5
-5.46402e-5
-5.40967e-5
0.000118736
-4.4885e-5
-5.25697e-5
5.3366e-5
-0.000142961
-0.000101624
0.000145194
-4.31292e-5
-3.19292e-5
5.06208e-5
-0.000425501
-0.000237613
0.000321201
-9.5853e-6
-8.05713e-7
1.17843e-5
-0.00155933
0.00120741
-0.000515491
0.00494163
0.000832679
5.96877e-7
-2.28735e-6
-5.30433e-8
3.33744e-6
9.77233e-7
0.0126678
-0.0108311
0.00461999
-0.035295
-0.00665542
1.01692e-9
3.80927e-8
-3.34601e-8
-1.35005e-7
-5.53605e-8
-0.0727375
0.0677976
-0.04182
0.0635012
0.096715
-0.0925993
0.0406937
1.98224e-8
-7.42791e-8
-1.57359e-8
4.23093e-8
-9.72867e-8
-0.0456355
4.83388e-9
-3.77145e-9
-6.75315e-10
-1.95011e-9
-1.66154e-9
-1.04833e-10
-4.51257e-9
0.00359737
4.93109e-9
-1.5165e-8
-0.00202278
0.0008525
-1.535e-9
-3.32565e-9
0.000261634
-0.000363789
3.12366e-9
4.52396e-5
-3.26288e-5
-1.05304e-8
-7.54108e-10
2.74537e-6
-2.75387e-5
-2.3309e-6
2.73055e-6
-3.42869e-9
1.09796e-9
-2.13238e-10
-1.91706e-7
2.10043e-7
-8.12852e-9
-4.15842e-8
3.86792e-7
1.12159e-8
-5.75616e-9
7.59662e-9
-2.99075e-9
3.35535e-9
-1.50205e-7
2.38115e-8
2.16631e-8
-1.35368e-8
8.91662e-10
-3.28961e-10
7.47046e-10
4.20861e-9
3.52832e-9
8.19027e-11
2.09885e-9
-7.26429e-10
-1.79116e-9
-2.46073e-11
1.29936e-9
-9.25829e-10
5.76724e-10
1.22306e-9
-5.34014e-9
-1.10134e-9
2.07715e-9
-3.30064e-11
-1.03318e-10
8.42091e-10
-9.89093e-10
1.4895e-9
-2.58536e-9
-1.84263e-10
2.31045e-10
-5.51395e-11
-1.65424e-10
3.516e-11
-1.43133e-9
-3.54876e-10
-1.4299e-9
-1.6851e-9
1.61547e-9
2.70429e-10
6.65127e-10
-6.06502e-10
2.65165e-10
1.21668e-9
-1.02255e-9
1.10238e-9
1.00319e-8
-4.88433e-9
1.05555e-8
1.12927e-8
6.91678e-9
9.68976e-10
2.68753e-9
-6.51696e-9
3.48451e-9
-1.54053e-9
-1.68041e-9
3.35451e-9
3.79088e-9
4.25844e-9
6.79421e-9
-2.96383e-8
1.43486e-9
-3.62878e-8
-0.0169775
0.0129726
0.0235473
-0.0296042
0.0201544
-0.025344
0.0332186
0.0206095
-0.0281176
-0.0112233
0.0179945
0.00515508
-0.00975364
-0.00672081
0.00639363
0.0114583
-0.00629058
-0.000169893
-0.000857024
0.000203292
0.000169907
0.00213456
0.00303172
-0.00169069
-0.00441252
0.000381269
-0.000892357
0.00128617
-3.43053e-5
-4.68257e-5
2.48189e-5
-3.62086e-6
-2.86438e-6
-0.000143116
-0.000106677
5.82535e-5
6.06008e-5
-0.000733264
0.000268061
-1.24099e-5
5.65566e-6
7.65148e-7
-7.31806e-5
-8.62954e-6
4.93956e-5
6.55977e-6
-3.21791e-6
2.93399e-6
-0.000134824
2.82984e-6
2.69903e-5
-1.82933e-5
-2.48734e-5
2.80444e-5
-0.000326983
7.16334e-6
5.58914e-5
-2.74551e-5
-2.13587e-5
5.05221e-5
-0.000768158
5.25754e-6
0.000128555
-1.00583e-5
-5.15546e-6
2.32065e-5
-0.00303783
0.00229579
-0.000313612
0.0010572
0.00698928
0.000276208
-1.29135e-6
4.82052e-6
9.98061e-7
-3.91422e-6
0.0313247
-0.0171684
0.0034509
-0.012031
-0.0578126
-0.00347504
1.83719e-7
-1.08596e-6
1.67376e-7
-5.82878e-7
1.32513e-6
2.82587e-7
-0.0169474
-0.0343567
0.0463045
-0.00778136
0.0698471
-0.0152751
-0.0496218
-3.55591e-8
1.71441e-7
8.15287e-10
1.46926e-8
-2.88105e-9
-0.11543
0.0744225
4.19781e-9
-2.27369e-9
0.122543
-0.105236
8.93702e-9
-3.28061e-8
-0.0831148
0.0741081
-1.1934e-9
-9.36616e-9
0.0364539
-0.034841
6.01476e-9
8.08508e-9
-0.0103998
0.0082749
3.17581e-8
-6.94412e-8
0.00408315
-0.00473894
4.0023e-8
-1.70691e-7
-0.000131594
0.000968113
-2.27084e-8
-0.000298839
0.000345285
-3.77051e-8
1.74455e-7
0.000214206
6.51947e-5
2.35127e-9
2.9806e-8
3.50687e-8
-1.27908e-5
9.78959e-6
-1.43014e-8
-1.12364e-6
7.11815e-7
2.75542e-9
5.47343e-8
5.12818e-7
-2.88653e-7
-1.33127e-7
-1.56595e-8
2.76843e-9
-3.44089e-9
1.74556e-8
3.68769e-8
-2.22436e-9
-2.98102e-9
-1.57854e-9
-1.76341e-8
-1.03864e-8
3.53159e-9
6.83125e-9
-5.94013e-9
-6.15828e-9
6.90701e-9
1.42167e-9
-1.11798e-8
2.90841e-9
6.28446e-9
-2.99782e-9
2.79264e-9
2.20804e-9
-2.18773e-8
-3.23892e-9
8.3507e-9
1.468e-9
-2.42111e-9
5.16047e-9
-7.91221e-9
2.04534e-10
-5.05712e-9
-1.09662e-9
3.91625e-9
1.17319e-10
5.82874e-9
-2.08364e-9
-2.50149e-9
2.22808e-9
1.71869e-9
1.85201e-9
-1.94524e-9
1.4328e-9
4.29483e-9
-3.98327e-9
-1.96861e-8
-3.32992e-8
-1.78536e-8
5.94477e-9
-1.56235e-8
5.51644e-9
8.62215e-9
-4.72145e-9
1.86385e-8
8.8388e-9
-4.94052e-9
-1.2789e-8
-7.39861e-9
-1.69187e-8
5.9851e-9
9.79295e-8
-1.59344e-8
-1.22342e-7
1.20635e-7
1.33642e-7
3.3041e-8
2.93636e-8
-2.20487e-8
-1.92637e-9
3.57162e-8
3.02761e-8
1.76599e-8
6.60559e-8
-2.66044e-7
6.48083e-8
0.0232436
-0.0245468
-0.0314844
0.0245231
0.0276364
-0.0221119
-0.0180774
0.0139913
0.00951137
-0.00582752
-0.00580241
0.00264805
0.00381432
-0.00104
-4.3957e-5
0.000104758
0.00362178
-0.00121018
-0.00885948
0.0138985
-0.00510449
-0.0189206
-0.000191723
8.38024e-5
3.57516e-5
4.92332e-8
2.82846e-7
-3.73426e-7
0.000784243
-0.000320338
0.000756864
-0.000460388
1.19482e-6
9.97418e-7
6.35881e-7
-1.47063e-6
-2.17439e-5
-2.32424e-5
9.098e-6
-8.8315e-5
2.49415e-5
1.71079e-10
3.30055e-7
1.44355e-6
-2.4108e-5
1.91501e-6
5.43649e-6
8.86845e-6
-5.00213e-6
2.83374e-6
-5.39442e-5
8.26781e-6
2.99068e-6
-2.03007e-5
-6.1456e-5
7.51351e-5
-0.00011046
1.63488e-5
6.75272e-6
-6.57638e-5
-0.000132026
0.000151237
-0.000394955
1.23878e-5
8.19964e-5
1.26568e-5
-1.26096e-5
3.0088e-5
1.32724e-5
-4.31566e-5
0.00498003
0.00182289
-0.00188874
-0.00073929
4.56739e-6
-1.68317e-5
-4.56416e-6
1.54511e-5
-0.0190078
0.0403042
-0.0239098
0.0130386
0.018737
0.0116379
-6.95217e-7
3.31098e-6
-4.17952e-7
1.19099e-6
-2.51297e-6
-1.83841e-7
0.0723243
-0.0922057
0.0389536
-0.0574576
-0.0993632
0.0532014
0.124542
-0.0214816
-3.88357e-8
1.99117e-7
7.97306e-8
-1.34555e-7
0.0852856
-0.0410675
-0.116187
9.20602e-8
-3.31948e-7
-0.0470963
0.0103821
0.0737369
-5.68179e-8
-6.73537e-8
0.0117353
0.0165978
-0.0300716
9.05864e-8
2.92096e-7
0.00142655
-0.0120399
0.00769752
3.38422e-7
-1.23031e-6
-0.00207514
0.00491713
-0.00147878
4.17399e-7
-1.70633e-6
-6.86459e-5
-0.00127361
-0.000447258
-9.74971e-8
1.08664e-6
-5.27871e-7
6.44003e-5
-8.96297e-5
-3.37905e-7
1.50015e-5
-9.42912e-6
1.28791e-7
1.21772e-6
-2.2305e-6
2.86509e-7
2.37454e-8
-9.93046e-8
3.70089e-8
5.78472e-8
2.1684e-8
-1.11981e-7
-7.48216e-8
1.57943e-8
7.64426e-9
-8.61014e-9
2.1223e-9
3.12704e-8
-1.80435e-8
1.69271e-8
2.62725e-8
-3.58786e-8
-1.03904e-8
3.6596e-8
-8.48415e-10
1.47747e-10
-1.53298e-8
1.83874e-8
7.25369e-8
-9.23409e-8
-8.75408e-9
6.58455e-8
-1.48868e-10
-7.90269e-9
3.93039e-8
-6.59773e-8
1.52213e-8
1.45832e-9
2.2309e-9
-7.50132e-8
6.06993e-9
3.90217e-9
-1.91521e-8
2.4087e-9
7.67795e-8
-2.38458e-8
-1.24262e-8
2.62011e-8
-2.15227e-8
8.61981e-8
-1.96377e-8
2.84861e-9
2.71313e-8
5.95379e-9
-3.27414e-9
6.66971e-8
-4.92406e-8
-4.12893e-7
8.14352e-8
-8.01077e-7
-3.03864e-7
7.45964e-8
-1.37136e-7
1.10239e-7
-4.01003e-8
5.37908e-8
-1.44392e-7
-6.82926e-8
-1.30519e-7
-2.30709e-8
-1.27333e-7
-3.64111e-8
5.18249e-7
7.6401e-7
-1.79257e-6
2.72028e-6
5.08382e-7
-6.00638e-8
5.81186e-7
-5.63947e-8
4.18594e-7
1.49428e-7
-2.63882e-6
-0.00850893
0.0068464
0.0155915
-0.00687023
0.0229608
-0.0120026
-0.0259715
0.0174575
-0.00844787
0.000196625
0.00013466
-0.000332686
0.000218877
-0.000128264
0.000128151
-4.25191e-5
-3.84797e-6
-3.35995e-5
0.000243881
4.59803e-5
0.00246609
-0.000878167
6.41287e-6
-2.0968e-6
8.95516e-6
-3.74297e-6
0.000114128
-3.50336e-5
0.000225122
-9.2821e-5
1.38696e-6
-2.19902e-7
7.13753e-7
8.31779e-8
-2.19923e-6
-2.84119e-6
8.4181e-7
7.34542e-7
-5.90305e-6
6.92488e-7
-2.01037e-6
1.2991e-5
2.13943e-6
-1.797e-5
-1.6782e-6
5.83622e-8
-5.70991e-8
3.98143e-7
6.59238e-5
-0.000172533
-3.6857e-6
-7.13949e-7
6.58475e-7
1.73487e-8
9.62962e-5
-0.000404674
-1.75526e-5
1.12872e-7
3.49982e-6
-4.31467e-6
-5.29915e-5
2.70995e-5
0.000127372
-0.00034704
0.000638203
0.000268541
-0.00019446
-8.03008e-5
5.46383e-5
-0.000156528
-4.65338e-5
0.000123069
-0.00728522
-0.00497642
0.00337758
0.00185789
-1.02548e-5
2.78603e-5
5.04021e-6
-1.0095e-5
-0.0088844
0.00656965
0.00315271
0.00764595
0.0265792
-0.0114964
-0.00419747
3.53494e-7
-1.57644e-6
-6.72949e-7
1.78292e-6
-6.21345e-8
5.41494e-7
1.15525e-7
9.2866e-7
7.07589e-7
-6.66888e-7
2.68538e-7
8.13115e-6
0.00226062
2.31579e-6
-0.000424327
2.46525e-5
8.4162e-5
0.000494531
-3.15952e-6
3.62106e-6
-2.2292e-6
-1.18441e-5
-1.37363e-5
-1.36201e-5
3.39123e-6
6.72723e-7
-2.70021e-6
-1.17457e-7
2.94239e-6
3.81759e-7
-2.71176e-6
-1.86377e-6
6.32654e-7
-1.95991e-9
-6.87643e-8
-1.20874e-7
4.70654e-7
7.06647e-8
-1.40067e-7
-1.83407e-7
1.53703e-7
3.80088e-8
-6.1957e-8
-4.94529e-8
-1.54275e-6
4.8454e-7
-4.23044e-8
1.70227e-7
3.34604e-8
-1.48496e-7
2.22179e-8
2.5381e-8
-4.12646e-8
3.13911e-7
-1.719e-7
-1.11771e-7
-7.04526e-8
7.60883e-7
-3.47863e-8
2.39778e-7
-8.59776e-8
8.64436e-7
3.56609e-7
-1.68317e-6
7.68419e-10
4.54878e-8
5.03096e-8
-1.77907e-7
-1.0022e-7
1.67136e-8
-2.98586e-7
-1.7401e-8
7.31997e-8
-6.93524e-9
-2.45985e-8
5.0922e-7
-1.93739e-7
-1.09924e-7
2.29259e-7
-3.32328e-7
1.59283e-6
-2.95194e-7
4.78378e-8
2.88585e-7
-1.11485e-7
-1.47003e-7
1.3157e-6
3.53205e-7
6.3354e-6
2.6285e-6
-7.37221e-6
-6.36008e-6
1.21818e-6
-9.87411e-7
-1.38642e-7
1.22258e-7
5.62726e-7
-1.28173e-6
-1.44209e-6
1.96965e-6
-5.66808e-6
1.02074e-5
-9.17502e-6
7.90947e-6
-0.015505
0.00993691
0.0160175
-0.000200152
-0.00881816
-0.00413507
0.00107684
0.00972419
0.00868642
-0.0148778
-0.00236257
-0.00113716
0.0010679
0.000133151
-0.00043642
0.000853051
-0.00242866
0.000953628
-0.00676912
0.00218779
0.0112562
-0.00070052
8.9821e-5
-1.32081e-5
8.48321e-5
-6.58608e-5
-7.22899e-5
4.2933e-5
0.00024285
-5.44837e-5
1.91866e-5
-4.18352e-6
1.03581e-5
-1.7631e-6
9.32047e-6
-9.13257e-7
3.29699e-5
-1.50535e-5
4.55327e-7
-3.71733e-8
2.85609e-7
-1.54853e-8
9.01447e-7
-3.01541e-5
3.88989e-6
9.14323e-6
-1.19615e-6
-2.26631e-5
0.00013629
-0.000194865
2.00721e-7
0.000225848
0.000727728
-0.00081136
-8.06895e-7
0.00101749
0.00117609
-0.00198975
5.25595e-5
2.31815e-5
-1.49891e-5
-7.47619e-7
0.000396381
-0.000890952
-0.00028486
0.000569375
-0.00133847
-0.000604808
0.000457665
0.00017066
-6.57294e-5
0.000131766
1.70473e-5
-1.52181e-5
-0.00103708
0.00295644
-0.000227377
-0.00159789
-4.8032e-7
6.69877e-6
2.92403e-6
-1.14873e-5
-4.8522e-6
-0.0199089
0.039543
-0.0201926
0.0111246
0.00294105
0.0413218
-0.036909
0.0177716
-4.24569e-7
4.24448e-6
-1.26279e-6
-5.3422e-6
0.0382427
-0.0932147
0.00437817
-5.23573e-6
2.53719e-5
-0.0741552
0.145831
0.0312376
4.41162e-6
-1.90468e-5
0.150501
-0.193562
-0.0651064
-4.46886e-6
9.70252e-6
-0.0476962
-0.00185635
0.0273852
-1.33063e-7
6.39042e-6
0.0189888
-0.00536396
-0.00987217
-2.55074e-5
9.14705e-5
-0.00362952
0.0017571
-4.76813e-5
5.683e-5
2.92068e-5
1.44784e-5
2.86162e-6
2.54321e-5
1.12412e-5
-5.80958e-5
-4.80444e-5
1.46864e-5
6.31885e-7
-2.21641e-6
-3.14304e-6
8.55398e-6
1.73993e-7
-3.26836e-6
-1.06775e-6
5.50245e-7
-1.53204e-7
8.96123e-8
1.20992e-7
-5.829e-7
3.92735e-7
-3.19616e-7
1.56875e-6
-5.29896e-7
-7.25817e-9
-3.35101e-7
-9.09812e-7
1.10036e-6
1.28847e-7
-1.3951e-7
-1.01238e-6
1.02786e-6
-3.41461e-6
-1.61247e-7
-1.13161e-8
7.46356e-7
1.26996e-6
9.07628e-7
5.615e-7
-2.21738e-8
2.93063e-8
1.15203e-7
-1.65733e-7
5.57909e-7
-8.2969e-6
4.07482e-8
1.34776e-7
-3.66097e-6
-2.70386e-7
1.32668e-6
-1.16967e-7
-1.52695e-8
8.49432e-6
-1.88189e-6
-3.07923e-7
2.21331e-6
-5.83103e-6
3.09102e-5
-5.51429e-6
7.92239e-7
-2.2322e-7
-3.50682e-6
2.15707e-6
-1.71835e-6
-5.63074e-7
5.5924e-7
9.06344e-6
-7.12053e-6
5.60312e-6
1.54732e-5
-2.07867e-5
-3.54432e-5
0.000104392
-7.89328e-5
2.03209e-5
1.48759e-5
-3.81642e-5
2.2007e-5
-3.70057e-6
-5.51275e-5
0.000112983
0.00544284
-0.00306693
-0.00778403
0.00144545
0.000378945
-0.00257769
0.0127262
-0.00643451
-0.0144325
0.0154759
0.00118461
-0.0020252
-0.0037144
0.00798423
0.00225539
-0.0048676
0.000215469
-0.00121291
-0.000252062
0.000129319
-0.00121151
5.23886e-6
0.000389444
-6.7888e-5
9.2841e-5
-1.74254e-5
-5.73835e-6
-5.19333e-5
-1.89522e-5
9.89491e-5
5.64693e-6
-1.92495e-6
3.00443e-6
3.73577e-6
5.87773e-8
-1.00445e-5
4.52571e-5
-1.64399e-5
3.05142e-5
-0.000102259
-6.56347e-6
-2.73887e-5
4.03905e-5
2.61981e-5
-2.13678e-6
6.06067e-6
-9.49336e-6
6.8936e-6
-0.000165819
0.000550035
3.20002e-7
-5.94384e-7
-9.35509e-7
-2.08632e-7
-0.000593627
0.00228302
4.1992e-7
1.28818e-7
-4.7006e-7
2.04167e-7
-0.00125918
0.00263409
3.29997e-6
-7.21744e-7
-1.92941e-7
-2.71621e-8
0.00166969
-0.00252782
-0.000961856
0.0013154
-0.000133158
-4.11414e-5
3.17681e-5
8.81919e-6
-0.000210756
0.000228285
-4.02753e-5
0.000243024
0.000437974
0.000700403
-0.000244581
-0.000261888
-3.03892e-5
0.000127653
2.99149e-5
-0.000155287
0.0080223
-0.00970949
0.00241368
-0.00354451
-0.0114435
-0.00257723
-0.00105448
1.96001e-5
-5.76582e-5
-4.41799e-6
7.25648e-6
0.0183839
-2.35617e-5
-0.0328388
1.15898e-5
-6.73321e-5
7.83878e-5
4.29053e-5
-1.59601e-5
-0.0174105
0.0134009
-0.000283024
0.000311604
-0.000147103
-0.00150082
0.00532117
-0.000196676
0.0004042
0.00102791
-0.0041791
-0.000568282
0.00023761
-0.00032873
0.000476048
-0.00110752
0.00035
1.38686e-5
-5.62415e-5
-5.95299e-5
7.35361e-5
1.0632e-5
-7.05387e-5
-1.48398e-5
5.0393e-6
3.55532e-7
7.85401e-7
-2.68097e-6
-6.03571e-6
1.34891e-6
-9.19684e-6
1.44558e-5
-1.02164e-5
-6.84793e-7
1.49113e-7
4.90456e-6
6.97701e-5
-3.14786e-5
1.0378e-6
9.17075e-9
-3.46612e-6
5.69595e-6
7.09235e-8
4.06273e-6
1.33988e-6
-1.5517e-6
6.05291e-7
2.29641e-6
-1.48209e-6
-4.18102e-6
8.48657e-7
-3.58348e-6
6.01705e-6
2.66223e-5
8.4783e-6
-7.42823e-5
-8.46142e-7
-5.09202e-6
-3.21182e-6
-2.36461e-5
-1.76077e-5
0.000112126
-2.99054e-7
6.4581e-7
-2.68643e-6
-0.00019428
4.89079e-5
2.26017e-5
-8.89502e-5
-6.42355e-8
2.41777e-7
1.62965e-7
2.51036e-6
0.000125886
-3.77128e-5
-8.35545e-6
4.45789e-5
-5.16061e-6
2.7393e-5
-1.37799e-6
8.82313e-8
-6.82224e-5
5.40257e-6
1.67575e-5
-4.06433e-5
-2.34026e-5
-0.000346466
-0.000127853
0.000425476
-6.17949e-5
1.19587e-5
2.04627e-5
7.65508e-5
-3.80242e-5
-0.000112265
9.73807e-5
-4.91564e-5
1.81917e-5
0.000257768
-0.000302542
0.000619605
-0.000546964
-0.0162616
0.0165722
0.0249873
-0.0140791
-0.019686
0.00807062
0.0038756
0.00239829
0.00182284
-0.00140664
0.000785066
-0.000480595
-0.00545704
0.00156771
0.00821529
-0.0044654
0.0123773
-0.0130246
0.00509538
-0.00481817
-0.00122956
0.000193985
-0.000182293
0.000718981
0.000233999
-0.00119719
0.000102624
-2.78094e-5
8.42382e-5
-1.44438e-5
0.000192128
-0.000544072
0.00028041
-0.000282559
0.000923471
2.18083e-5
-3.36165e-5
6.39894e-5
-0.000150508
-3.48744e-5
-0.000138501
4.20101e-5
7.72692e-5
1.56745e-5
-0.000146989
0.00046867
-1.67992e-5
-0.000926157
-0.00151236
0.00262666
2.73381e-6
-0.00401507
-0.00436506
0.00621226
3.43532e-7
9.61449e-8
0.00328285
-0.00129858
-5.07173e-6
-2.53089e-6
1.76617e-6
-1.2618e-6
-9.1092e-6
-0.000860844
-0.000657484
0.00222374
0.000108073
8.23159e-5
-3.51275e-5
-2.24284e-5
-0.000353233
0.00103603
0.000288164
-0.000859459
0.00153309
-9.50151e-6
-0.000548284
0.000423038
6.19312e-5
0.000149342
-0.000287481
2.63678e-6
0.00071463
2.57266e-6
5.04422e-5
-4.85787e-5
-7.64386e-5
-0.120348
0.129002
-0.0570233
0.0884951
0.192297
-0.0772009
-0.148411
0.0542048
9.77304e-5
-0.000342677
-0.000338203
0.000399239
-0.158644
0.037753
0.158467
0.000366684
-0.000274257
0.0333389
0.00254455
0.000146369
-0.000466567
-0.0100454
0.0111332
0.000845626
-0.00126997
0.00100102
0.00443245
-0.00420769
0.000317931
-0.000330437
-0.00107903
0.000178313
0.000102592
5.10675e-6
-2.99895e-5
-1.66436e-5
4.99135e-5
6.21446e-5
-7.43469e-5
-3.52092e-5
6.54377e-5
-2.49743e-6
8.78967e-6
-7.95837e-5
-0.000433746
0.000194961
-1.06816e-5
4.23897e-5
-4.23357e-5
-2.3213e-6
3.43755e-6
1.35525e-5
2.78643e-6
-1.69949e-5
5.5002e-6
6.01022e-6
-4.56817e-6
-3.9206e-5
8.37744e-6
1.67989e-5
-1.31077e-5
0.000285034
-0.000428351
-3.22287e-6
3.39367e-5
-3.0183e-5
0.00059622
0.000286103
-0.000835542
-3.67669e-6
3.88242e-6
9.19593e-6
-3.6107e-6
0.00106129
-0.000317282
-0.000133609
0.000469766
-9.09366e-7
2.35597e-6
-3.10641e-6
-2.93094e-5
-0.000514957
0.000138165
9.42982e-5
-0.000219894
-0.000143588
0.00049128
4.19349e-5
9.41986e-6
6.80125e-5
-3.56015e-5
0.000150033
-0.000173925
0.000116079
-0.000165516
0.000536614
0.000464508
0.000272902
-0.000520607
-0.000581462
0.000127901
-0.00162142
0.00117045
-0.00042285
-0.000485229
0.000287007
0.00845397
-0.011
-0.0129826
0.0153309
-0.017245
0.0159269
-0.00957032
-0.0133956
0.0111623
0.00787959
-0.000926361
0.00137937
0.00498028
0.00145405
-0.00197595
0.002113
0.00129834
-0.000476791
-0.00114213
-6.77747e-5
0.00763163
-0.0149485
0.00235725
-0.00390885
-0.00073426
0.000728697
0.000110215
-0.000708854
0.00175591
-0.00139474
-0.000842027
-0.000111115
0.000517269
0.000169773
-0.000424762
8.77646e-5
0.000900829
3.30793e-5
-0.000189386
0.000305831
-0.000541443
0.00028385
-0.000543763
0.000941479
2.94333e-6
0.000132699
0.000254042
-0.000676081
-2.97303e-5
9.40022e-5
-9.0596e-5
3.373e-5
0.00218505
-0.00264832
-3.8936e-6
1.02034e-5
-1.09406e-5
6.07792e-6
0.00443511
-0.00523954
-2.35267e-7
3.28133e-7
-4.57376e-8
7.70601e-7
-0.00392663
0.00304348
0.000754966
0.000812193
-3.29387e-7
-1.40953e-7
0.00197338
-0.00343103
9.19471e-6
5.59409e-6
-2.24048e-6
-5.53284e-6
1.83406e-5
-0.00139969
0.00262219
-0.00107189
0.00138705
0.000150393
-5.08658e-5
-7.56137e-6
-7.99776e-5
0.000101565
0.000613976
-0.000759375
-0.0003585
-0.000160162
0.000130717
5.66788e-5
-0.000466688
0.0316755
-0.0327648
0.00926997
-0.0247113
-0.0562459
0.0352776
-0.00450521
-1.24477e-5
6.93525e-5
0.000291218
-0.000848641
-0.0481814
0.00101132
0.047965
-0.00101465
-0.0199671
0.000783392
-0.0318266
0.0206949
0.00146494
-0.00110563
0.0197084
0.00566797
-0.00868694
-0.00178868
0.00140641
-0.00399336
0.00807868
0.000591971
-0.0179814
0.00642636
0.000353086
-0.00108071
0.000549979
0.00214867
-0.00368983
0.000213487
-0.000142944
-0.000734368
0.000825437
0.00031877
-0.000276273
0.0015923
-7.26978e-5
5.98112e-5
-8.21859e-5
8.77258e-5
0.00043651
-0.00114262
0.000313672
1.09585e-5
-3.19999e-5
-8.21674e-5
3.6625e-5
3.07367e-6
-4.56957e-6
-1.76504e-5
-0.000182879
7.55692e-6
-1.19788e-6
3.26145e-6
3.80807e-5
9.43105e-5
4.24297e-5
-0.000334348
-4.43288e-6
1.30996e-6
-6.44475e-5
0.000296344
0.000219645
-0.000472026
-2.65286e-5
1.34376e-5
-0.00108803
0.00192352
0.00116846
-0.00238178
-1.51286e-5
-0.000142442
6.58831e-5
0.00275851
-0.00136329
0.00157704
1.60633e-5
0.000182968
-0.00173981
-0.000641881
0.00141923
3.59093e-5
-2.10949e-5
-0.000100345
1.85346e-5
-0.000531889
0.000957305
0.000435405
-0.000716992
-6.00149e-5
0.000160237
0.000102786
4.04261e-6
0.000117257
0.000216984
-7.72384e-5
-1.86172e-5
-9.95273e-5
0.000294732
-0.000933575
-0.000641128
0.00120172
0.00120633
-0.00165963
0.000460802
-0.00124108
0.00060771
-0.000260811
0.00145361
-0.0011271
0.000854089
-0.000229085
-0.000539592
0.000922459
0.00480533
-0.00570027
0.0129907
-0.0199655
0.0188039
-0.0145413
0.00817584
-0.00446959
-0.000811488
-0.0054453
0.00292898
0.00452724
0.00612417
-0.00308479
0.00358214
-0.000638199
0.00251621
0.00192014
-0.00365177
-0.00117637
-0.00265901
0.00633237
-0.00418079
0.00174048
8.57822e-5
-0.00139711
0.00238276
-0.0015534
0.00179442
-0.00314942
-0.000198303
-0.000170384
0.00141015
-0.00169263
-0.000784185
0.000858127
-0.000483587
0.000113245
0.00114676
7.70691e-5
-2.66147e-5
-0.00122785
0.00297375
1.85932e-5
-1.3848e-5
-0.00289625
0.00375302
1.91806e-6
-3.07835e-6
-0.000949236
-0.00340453
-1.71129e-7
1.1172e-7
1.56814e-6
3.22073e-7
-0.0036572
0.00653883
0.00418463
-0.00718532
2.98022e-7
1.40548e-6
-0.00401645
-0.00132704
0.00205306
9.55375e-7
-1.17938e-5
8.57529e-5
0.000360707
0.0018147
0.000859164
-0.00282045
0.0095932
-0.000273357
-0.00707541
0.0148958
0.000602638
0.000589127
-0.00122412
-0.000673989
-0.0254666
0.00196174
0.0250416
-0.00237127
-0.0174829
0.00211734
0.0023303
-0.00151386
0.00294458
0.00104758
-0.0117457
-0.000776085
-0.0185195
0.0174671
-0.00174466
0.00127697
0.0075024
0.0117093
0.000681661
-0.00786125
0.00328118
1.17435e-5
-9.53553e-5
5.05664e-5
-0.00326461
-2.71416e-7
0.00492372
-4.06145e-6
-5.86321e-6
-1.46821e-5
-0.000320763
-7.11336e-6
1.44854e-5
7.32575e-5
-0.00102414
0.000526132
2.70103e-6
-2.19668e-6
0.000168902
0.000677893
-3.06303e-6
-8.50912e-7
-0.00059987
0.000991977
-2.91031e-6
5.71651e-6
3.13915e-5
-0.000364773
-1.02927e-6
5.21088e-6
-0.00346411
0.00515427
0.000124221
-1.49178e-5
-0.00542096
-0.00280006
0.00530504
-7.54049e-5
-4.11403e-5
0.000407554
-0.000318851
-0.00477159
0.00241051
-0.0029776
1.79841e-5
-0.000427392
0.0028297
-0.00124368
0.00119932
-0.000197372
0.000420447
-0.000279681
-0.000189118
3.50527e-5
0.000496067
-0.00126506
0.000657688
-0.00113303
0.000187356
0.000226073
-7.91147e-5
0.00216667
-0.00279729
0.00223208
-0.00144491
0.000606744
2.06358e-5
-0.000261583
0.000344142
0.0004172
0.0019204
-0.00487908
0.00491448
-0.0130245
0.0171527
-0.0156838
0.00980929
-0.00309129
-0.00157104
0.00530091
-0.00954383
-0.00907223
0.0117885
0.00219451
-0.00422091
0.00127465
-0.0054836
0.00896486
-0.00933914
-0.00752953
0.0043994
0.000159166
0.00339549
-0.0100569
-0.00199965
0.00674194
-0.00490909
0.00302058
-0.00539965
0.00448482
0.00662096
-0.00232026
0.00436632
0.00182418
-0.00252431
0.00172944
-0.0033542
0.00225748
-0.000613392
-0.00050808
-0.00137334
-0.000284399
0.000644756
-0.00166549
-0.00344524
0.00413176
-9.77199e-5
-0.00235289
-0.00366586
0.00362012
3.09534e-5
1.06241e-5
-0.001011
0.00563929
-8.3029e-6
3.08444e-6
-0.00835601
0.00851358
-1.03846e-7
-2.84395e-7
-9.45898e-7
1.3794e-7
-4.74272e-8
0.00501241
-0.00630283
0.00275935
-0.00122051
4.1007e-6
-1.47586e-8
-1.34923e-6
4.27787e-6
-1.6042e-5
-0.000642757
-0.00110792
0.00396759
0.000108746
-0.00301468
0.00452935
0.00182729
-0.000491132
3.45695e-5
-0.00207499
0.00484981
0.00235494
-0.00400394
0.00107499
-0.00873157
0.00126062
0.00875841
-0.00337974
-0.00186003
0.0043405
-0.0102934
-0.0039197
0.0218301
0.00275382
-0.0261783
-0.0015948
0.0302371
0.000849172
-0.0433362
-0.000705591
-0.0352897
0.0496257
-0.00119597
0.000841167
0.0128119
-0.0167069
0.00160403
0.00031162
-2.80203e-5
0.000150088
-0.000178732
0.0121962
-0.034457
-4.37826e-6
5.57882e-6
-0.00694614
0.0219358
-0.0132448
-0.0047067
0.00781364
-3.77501e-6
1.96232e-6
4.65189e-9
1.35785e-7
0.00232108
-0.000402103
-0.00226708
0.00292204
-2.08499e-6
5.55376e-7
-0.00624844
7.34405e-6
1.85761e-6
0.000193574
-1.02398e-5
-0.000695114
6.41302e-7
-5.90647e-5
7.0687e-5
0.0064131
-0.0119589
-3.52407e-5
-1.24238e-6
3.77065e-5
0.00927772
-0.00806291
-0.000196296
8.98926e-5
0.00683313
0.00331895
-0.00527262
0.000436177
-0.000550105
-0.000601231
0.000427902
0.00365824
-0.00369739
-0.00200456
0.00250885
-0.000511041
0.000899665
0.00160218
-0.00115872
0.00103179
-0.00076605
0.000216026
0.000284515
0.000668397
-0.00110315
-0.000197912
0.000233965
-8.49356e-5
-0.000481627
4.59334e-5
-0.00240946
0.00214007
-0.00347252
0.00380364
-0.00319719
0.00200412
-0.000867592
0.00017662
-3.0568e-5
0.000332965
-0.000555856
-0.000960543
-0.0069046
0.00693261
-0.00968496
0.00720996
-0.00112904
-0.0048307
0.00770396
-0.00746739
0.00495465
0.00215704
0.00464663
0.0143392
-0.0121117
0.010253
0.00660003
-0.0161633
0.03115
-0.0373029
-0.0166985
0.00939507
-0.00794529
0.00636765
-0.00507344
-0.00632244
0.00407471
-0.00229135
0.00388874
-0.00289203
0.00059893
0.00124297
-0.00145274
0.00101238
-0.00135476
0.00104167
0.00174718
0.00269743
-0.00333799
0.00321926
-0.00350106
-0.000713359
0.00125235
-0.000888084
0.000482981
0.00305531
-0.00190265
-0.000171765
0.000412618
-0.000287456
0.000128782
4.6188e-5
-0.00112616
-0.000442606
0.00381089
-0.00698592
-9.73973e-6
1.27576e-6
0.00812773
-0.00737338
3.12836e-7
-4.37126e-7
6.04747e-7
0.00490015
-0.00155743
-0.00127676
-1.91587e-6
6.1646e-6
-1.15448e-5
0.00440926
-0.00835339
-0.00480503
0.0108219
-0.000102606
0.000840252
-0.000967772
0.0062651
-0.00153856
0.000159234
-0.00191258
0.00575311
0.00485418
-0.0187471
-0.00636698
0.0346682
0.00601071
-0.0451077
-0.00435261
0.0443709
0.00248608
-0.0355652
-0.00115622
0.0227119
0.000493454
0.00553954
-0.000189318
0.0181606
-9.33341e-5
-0.129827
0.106498
3.45122e-6
-5.72359e-7
-3.39993e-6
-0.0528761
0.0225318
-0.00501527
-1.61406e-8
1.97394e-7
-8.66112e-7
-0.00838824
0.0161629
-0.0198854
5.23607e-6
-1.46865e-6
0.0244672
0.0100325
-0.0270779
-5.13351e-5
5.30109e-5
2.35726e-5
-1.33795e-5
-0.00561414
0.0158479
0.00468138
-0.00763625
0.00457603
-0.0121235
0.000135556
-9.55013e-5
-0.0248208
0.0311673
0.0174601
-0.0215479
-3.95593e-5
0.000115681
-0.000149699
0.0126241
-0.0122929
0.00983912
0.000329705
-0.000166813
4.23481e-5
-0.00766926
0.00571913
0.000989589
-0.000618207
-0.00407057
0.00322992
-0.00223166
-0.00399345
0.00223416
-0.0015031
0.000950807
-7.55495e-5
-3.3026e-5
0.00141093
0.00123512
-0.00909534
0.00750042
-0.00257134
0.00366474
-0.00403189
0.00329288
-0.00188444
0.000562355
0.000118157
-9.87798e-5
-0.000346823
0.00131756
0.0130256
-0.0218643
0.0186909
0.00744845
-0.00267925
-0.000879375
0.00126746
0.00228917
-0.00827271
0.0129971
-0.0133796
0.00918802
-0.00148051
-0.00850014
-0.0246576
0.0296444
0.028201
-0.0266927
0.0293122
-0.0203934
0.0137571
-0.0108201
-0.01951
0.0150286
-0.01047
0.00778577
-0.00589056
0.0045326
0.00749559
-0.00521166
0.0031458
-0.00339169
0.00238343
-0.00119912
-0.000557259
-0.00171757
0.00147645
-0.000986363
0.00230698
-0.00299483
0.00278021
0.00058314
-0.000360268
-0.0019742
0.000595628
0.000193561
-8.98139e-5
-4.38732e-5
0.00133997
-0.00307689
0.00449792
1.6993e-5
-5.67528e-6
-0.00518846
0.00436243
1.36503e-6
-2.07728e-7
4.65942e-7
-0.00226046
-0.000564897
0.00381836
-7.81124e-7
6.48455e-8
-2.01004e-5
-0.007076
0.0127153
-0.0124041
-0.000183639
5.86239e-5
4.66438e-5
-4.36318e-5
-4.83019e-5
-0.009477
0.0151601
-0.00518593
-0.000781818
0.00132623
0.00424345
0.00247707
-0.013584
-0.00568608
0.0300343
0.00760751
-0.0486435
-0.00750895
0.0593484
0.00571383
-0.054575
-0.00338138
0.0355888
0.00156458
-0.0063009
-0.000597929
-0.0299666
0.000182522
-0.0875378
0.105074
0.000182607
-0.000143328
0.098917
-0.0933314
0.100469
-0.0614048
2.48399e-7
-2.08649e-6
2.03604e-5
0.0391208
-0.0146068
-0.0079046
-1.59808e-8
-6.23716e-8
1.62327e-7
0.027185
-0.0396076
0.0428407
-3.82634e-6
7.20772e-7
-0.0419022
0.0390701
-7.70847e-5
-3.66731e-5
1.28153e-5
-0.0261087
0.0100636
0.00684866
-0.000306207
0.000175846
-0.0241933
0.0287138
-0.000435822
0.000398827
-0.0187299
0.0128646
-0.00934305
-0.00047403
0.000231389
0.000125385
0.00670872
-0.00473355
-0.00126314
0.000832824
0.00330922
-0.00243974
0.00163773
0.00365155
-0.00252413
0.00179374
-0.000922172
7.07131e-5
-0.00079312
0.0012419
0.00705545
-0.00650223
-0.00673797
0.00723409
-0.0047714
-0.00141644
0.00266043
-0.00327786
0.00322305
-0.00228043
0.000754456
0.000552516
-0.000970153
0.000394783
0.000977068
-0.00275071
0.0078629
-0.00511762
0.018633
-0.0198956
0.00429575
-0.00310008
0.00420583
-0.00826316
0.013872
-0.0176904
0.0167356
-0.0105472
0.00148815
0.0106879
-0.0186155
0.0235633
-0.020629
0.0258245
-0.0214597
0.011554
0.0166435
-0.0135201
0.0101168
-0.00663508
0.00466822
-0.00329742
-0.00764872
0.00554189
-0.00351586
0.00229938
-0.00155483
0.00167256
-9.78146e-5
0.00139567
-0.00171356
0.000819359
-0.00172307
0.00253008
-0.00213252
-0.000347297
0.000299308
0.00119132
-7.06907e-5
-0.000146256
0.000130266
1.5393e-5
-0.00144108
0.00182478
-0.00200403
-1.0448e-5
4.71361e-6
0.00209396
-0.00151579
-1.23236e-6
-6.38419e-7
4.07571e-7
1.96925e-5
0.0022192
-0.00620422
-1.49451e-6
8.24611e-6
1.06894e-5
0.0133292
-0.0167054
0.0132294
-3.64192e-5
0.000238756
-0.00048898
-0.0126986
0.00210043
0.00179841
0.000504424
-0.00534307
-0.00288342
0.0144333
0.00552542
-0.030144
-0.00739746
0.0484308
0.00757501
-0.059533
-0.00605479
0.0547692
0.00378195
-0.0333479
-0.00180324
0.00281716
0.000628066
0.039099
-0.000141037
-0.0662256
2.59077e-5
0.0818527
-0.068232
0.0452759
-8.92036e-7
5.44993e-6
-1.48167e-5
-0.0250389
0.00337286
0.0223311
-2.11593e-7
-5.39521e-8
3.5905e-7
-0.0442834
0.0571665
-0.0591786
-3.68614e-7
5.32181e-7
0.0465207
-0.0453854
0.000114415
2.16061e-5
-2.91289e-6
0.0273746
-0.00854688
-0.00203433
0.000625152
-0.000305751
0.0210998
-0.0395135
0.00128657
-0.000859753
0.0219023
-0.0107165
0.00654932
0.000502689
-0.000296472
-0.000609466
-0.00444546
0.00306128
0.00130678
-0.000852081
-0.00200886
0.00147591
-0.001271
-0.00337179
0.0024884
-0.00183647
0.000856692
-2.64091e-5
-0.000927385
0.00599588
-0.00516641
0.00416112
0.00125208
-0.0023591
0.00240865
-0.0017888
0.00057128
0.00100856
-0.00219734
0.00229885
-0.00120461
-0.000558501
0.0031155
-0.00490427
-0.003909
-0.00983921
0.0126752
0.00534573
-0.00595989
0.00926088
-0.0137978
0.0169315
-0.0158941
0.0104211
-0.00229127
-0.00633692
-0.0104963
0.00941508
0.011119
-0.000319787
0.00701558
-0.00461544
-0.0116794
0.0115551
-0.00796849
0.00337643
-0.00309082
0.00189878
0.0060607
-0.00464182
0.00293062
-0.00144504
0.000761397
-0.00122887
-0.000418669
-0.000597018
0.00119543
-0.000683709
0.00126674
-0.00242991
0.00156203
0.000344587
-0.00015348
-0.000600255
-9.93723e-5
0.000125103
-0.00012242
7.59555e-6
0.000746713
-0.000510221
0.000386701
1.41352e-6
-2.44435e-6
-0.000441363
0.000197692
5.89962e-7
3.84959e-6
1.07332e-6
0.000628361
-0.00138842
0.00258503
-2.65763e-6
2.03652e-5
-9.03416e-5
-0.00428989
-2.63252e-5
-7.9964e-5
0.00298942
-0.000743652
0.00319506
-0.00296256
-0.000711933
-0.000395533
0.00462896
0.0023262
-0.0113081
-0.004367
0.0229733
0.00583404
-0.0374037
-0.00603715
0.0474033
0.0049815
-0.0446399
-0.00322495
0.0280712
0.001655
-0.00358189
-0.000600865
-0.0244046
0.000143875
0.0332473
-0.0364289
0.0347418
-0.0235725
-1.04009e-6
-2.18771e-6
2.48804e-5
0.0118687
0.00325629
-0.0284841
8.50714e-8
-6.39831e-8
4.57732e-8
0.0454493
-0.0496158
0.0392253
1.95315e-6
-5.12517e-7
-0.0188969
0.0190033
-9.49525e-5
1.42905e-5
-6.48909e-6
0.00101937
-0.00256021
0.0163894
-0.00102505
0.000402502
-0.0234897
0.0331708
-0.00258383
0.00169843
-0.00854181
0.00376583
-0.00354251
-1.43367e-7
-0.0010549
0.00242299
0.00246019
-0.00193856
-0.00103949
0.000557446
0.00105039
-0.000593465
0.000475954
0.00296655
-0.00201141
0.00146116
-0.000160138
0.000237113
0.00283203
-0.00299714
-0.00449455
0.00361414
-0.00171048
0.000269723
0.00106555
-0.00255113
0.00356261
-0.00343484
0.00211759
-0.000206783
-0.00175984
0.00245653
-0.0027072
-0.00315702
0.00439876
0.00544263
-0.00922172
0.00305985
-0.00347422
0.00514944
-0.00708037
0.0100165
-0.0119651
0.0117654
-0.00697617
0.000437657
0.00358401
-0.00593162
-0.00731664
0.00515482
0.00233091
-0.00300526
0.00162918
-0.00492699
-0.00423927
0.00659326
-0.00745529
0.00458824
-0.00125944
0.00164002
-0.00133985
-0.00307659
0.00308981
-0.00201861
0.00139893
-0.00142063
0.000911502
-5.14738e-5
-0.000166168
0.00113904
0.00119729
-0.000311509
0.000197853
-0.000142661
-0.000106206
4.60511e-5
0.000132996
-9.94727e-5
2.21076e-5
-3.79738e-5
3.65916e-5
-2.05135e-5
-7.90261e-5
9.65706e-5
5.30984e-6
3.01199e-6
3.19804e-5
0.000132272
-4.14161e-6
-7.00876e-6
-8.96649e-6
-0.000422242
0.000564447
-0.000961994
-9.46189e-6
-1.83719e-5
3.60103e-5
0.00181239
-0.00119555
-0.00022904
0.000403761
-0.00202134
0.0021463
-0.000186329
0.000409951
0.000276717
-0.00431395
0.00470871
0.000722987
0.000892095
-0.00350924
-0.00155525
0.00785935
0.0031194
-0.0142518
-0.00375079
0.0232881
0.00351578
-0.0297124
-0.0027734
0.02974
0.00180718
-0.0170377
-0.000840143
-0.00227432
0.000127445
0.0143268
2.49406e-6
-0.0208479
0.0159841
-0.0244006
-0.00610993
-2.02849e-6
-3.11008e-5
1.48523e-7
-3.14071e-6
1.61394e-5
0.00832586
5.5849e-7
-0.00353442
-0.00977367
0.0217252
1.36408e-7
3.90488e-8
8.89703e-8
-0.0304189
0.0252881
-0.0069701
7.41403e-7
-3.8939e-7
-0.0155954
0.0272834
-0.00602938
-2.16305e-6
2.9649e-7
-0.0289674
0.0297289
-0.0124525
-3.94569e-5
-0.0174196
0.0134238
-0.0103204
-6.4287e-6
0.0101215
-0.00860473
0.00530391
1.86714e-5
0.000223119
0.000100746
-0.000221079
-0.00258979
0.00137862
0.000673222
-0.000347645
-0.000456446
0.000113161
-6.42455e-5
-0.00194674
0.00116988
-0.000754862
-0.000438654
-0.000821021
0.00106905
-0.00116845
0.0011611
0.00307037
-0.00188964
-0.00152808
0.00135708
-0.00115625
0.00173889
-0.000760076
0.00010807
0.00142797
-0.00216072
0.00329746
-0.00389918
0.00376641
-0.00213345
0.000319607
0.0008486
0.00349099
0.00508192
-0.00829558
-0.00613686
0.00463522
-0.00585405
0.00636216
-0.00593945
0.00300073
-0.000147491
0.00188701
-0.000945243
-0.00170539
0.000260205
0.00393228
-0.00220464
0.00174726
0.00291205
-0.00197251
-0.00175399
-5.50151e-5
-0.000321785
-0.00176002
0.00129561
0.00115033
0.000114734
0.000260999
-0.0005818
0.00017705
-0.000362417
-0.000595719
0.000369061
-4.51094e-5
-0.000380288
0.000151463
-0.000174869
0.000136154
8.97305e-5
-9.10454e-5
-8.08373e-6
1.28131e-5
-9.61949e-5
9.39848e-5
6.94777e-8
-9.76602e-6
2.77373e-5
1.74503e-5
-4.34976e-5
2.92535e-5
-4.3786e-5
1.85121e-5
-6.48107e-6
-1.00036e-5
-1.86186e-5
2.83068e-5
-1.45682e-5
-6.39059e-5
0.000121722
0.000177752
9.20787e-7
-0.000151114
0.000183778
-0.00032417
0.000790434
-0.00404137
0.00206102
0.00208743
-0.00218982
0.00146917
-0.00558928
0.00413497
0.00127569
0.000640791
-0.00732046
-0.00282775
0.00762857
0.00185353
-0.0122478
-0.000569872
0.0145211
0.000109887
-0.0139878
-4.16664e-6
0.00622024
-0.00046953
0.00147017
0.00029472
-0.00342614
0.00657161
-0.00453218
0.000965794
3.85455e-6
-4.65707e-6
-3.23745e-5
1.48937e-5
0.000715564
0.00225955
0.00150431
0.00743129
-2.68805e-7
-6.84563e-7
0.000303969
-0.0193785
-1.02324e-7
1.03104e-7
0.043246
-0.0389643
1.59672e-6
-8.30089e-8
0.0396211
-0.0278707
2.13006e-5
-2.42454e-6
-2.36875e-6
-1.59256e-6
0.0172466
-0.0104043
3.04782e-5
-2.08183e-5
-1.17335e-5
8.14052e-6
0.00614196
-0.00579103
-0.00652688
-1.01861e-5
-4.61452e-5
1.49609e-5
0.00237819
-0.00016409
-3.64705e-5
-3.60002e-5
5.55275e-5
0.000191564
-4.82835e-8
7.28634e-5
-0.00044302
0.000278065
-0.000373781
0.000184034
-0.000217392
-0.000958788
-0.000491967
0.000554769
-0.000586263
0.000788018
0.000239702
0.000559845
-0.00351398
0.00246213
-0.00333674
0.00336275
-0.0027845
0.0016916
-0.000468909
-0.000196827
0.000478385
0.00396162
-0.00795189
0.00304532
0.00645607
-0.0053984
-0.00231406
0.00246909
-0.00251889
0.00269897
-0.00147296
0.000296059
-0.000212758
0.000523716
-0.000205885
7.51745e-5
5.43334e-5
-0.0019738
0.00124399
-0.0003278
0.00536952
0.000528219
-0.000874335
0.000985302
0.000748284
-0.000599463
0.000298813
-5.09627e-5
2.98538e-5
3.87813e-5
-9.51109e-5
0.000638986
-0.000815302
-0.000734094
0.000439394
-5.6458e-5
7.55744e-5
0.00035751
-0.000192436
-0.000141752
5.46912e-5
-7.67717e-5
8.58826e-5
-6.50658e-5
4.75072e-5
-4.72982e-5
2.61561e-5
-4.13513e-6
3.91417e-5
-4.23405e-5
2.99708e-6
-4.52309e-6
2.76313e-5
-1.54346e-5
5.77667e-6
1.84686e-6
1.80058e-5
-1.38117e-5
3.64639e-5
-1.59031e-6
-1.81012e-5
-0.000129334
4.11172e-5
-4.35977e-5
8.47759e-5
-0.000146618
0.000124059
-0.000168896
-1.47678e-5
-1.10021e-5
-4.71683e-5
-0.000231861
0.000346801
-0.000146475
0.000439578
-0.000617492
-0.0012243
0.00235575
0.00149398
-0.00262786
0.00681414
-0.00600383
-0.00181032
0.00179536
-0.00178253
0.000655481
-0.00499809
0.00689615
0.00241338
-0.00117858
-0.00342417
0.000575863
0.00491208
-0.00258296
-0.00539884
0.0033941
0.00588225
-0.0021685
-0.00289684
0.00130297
-0.000552892
0.000810909
-0.000389984
0.00143213
0.000295028
1.01226e-5
3.90826e-5
2.55056e-5
-4.10812e-5
-0.000289122
6.42163e-5
-9.33013e-6
8.60735e-5
-0.000894853
-0.000980895
0.00139423
1.15629e-6
1.6735e-6
8.69604e-7
-3.36433e-6
-3.64386e-6
-0.00630397
0.0164145
-0.0123948
-0.0284082
0.0266027
-1.40719e-8
-2.20789e-7
-6.57335e-8
3.71382e-7
-0.0350498
0.0308506
-2.30994e-7
4.62633e-8
-0.0197766
0.0141472
2.02795e-7
5.75349e-7
-0.00505186
0.00309945
7.20896e-6
-2.99001e-6
-0.000265298
0.000526636
3.05107e-5
-1.23372e-5
-0.00049061
-1.54582e-5
0.000108488
-6.71661e-5
1.6028e-5
4.40064e-5
-1.41469e-5
-0.000127363
-0.000182288
7.96285e-5
-2.35571e-5
3.87372e-5
-2.99591e-5
7.92278e-6
2.69424e-5
2.08306e-5
-0.000104973
0.000211364
0.000319306
-0.000175737
0.000163477
0.000126159
0.000785712
-0.000331819
-9.93825e-5
-0.000203787
0.000169236
-0.000181727
0.000336472
-0.000365682
-0.00296841
0.00444535
-0.00176291
0.00263909
-0.00290912
0.00214395
-0.00128881
-0.000204246
0.000174089
0.00209964
-0.00601849
-0.00108091
0.00156072
-0.00203742
0.00159916
0.00119583
-0.00119508
0.000566749
0.000696929
2.54579e-5
2.59647e-5
1.28296e-6
-0.00185473
0.00199331
0.00235347
0.000118119
-0.000224469
-0.00024883
0.000120214
0.000130494
6.90033e-6
6.10945e-5
0.000229843
-7.43455e-5
-0.00014095
-2.10143e-5
1.26196e-5
-1.03484e-5
1.09029e-5
6.22605e-5
8.19164e-5
-2.51034e-5
-4.71081e-6
-1.09579e-5
-5.48561e-5
1.30712e-5
5.35871e-7
-6.3712e-6
-9.84436e-6
1.06824e-6
1.09013e-5
-1.33919e-5
-7.9563e-6
1.63431e-8
1.24213e-5
-1.14436e-5
-1.04009e-5
9.6726e-6
1.50151e-6
-3.66502e-6
8.02209e-6
-8.67527e-6
2.00894e-5
-8.7283e-6
7.48814e-6
5.83817e-6
-7.5583e-6
7.01084e-6
1.88418e-5
-1.13356e-6
-2.07505e-5
1.63755e-5
-4.45598e-5
-8.6147e-5
-8.22146e-5
-8.56331e-5
0.00051726
-0.000415255
0.00234243
-0.00245798
0.000308579
-0.00191402
0.00646687
-0.00390495
-0.00164249
0.00213266
-0.00119789
0.00115586
-0.000208303
0.00265884
-0.00379143
0.00906736
-0.00764587
0.00235938
-0.00570001
0.00126862
-0.00260796
0.00146684
9.54158e-5
2.39326e-5
0.000110984
0.000127975
0.000546931
0.000132573
-0.000443609
-0.00177799
-0.000118402
-6.09505e-5
0.000217052
-0.000258218
0.00113573
-0.0041511
0.00543564
1.0815e-5
1.18189e-5
-0.0132568
0.0226108
-3.63233e-7
-1.64219e-6
-0.0300055
0.0324182
0.0203991
-0.0203933
3.39955e-8
9.00104e-8
3.20468e-8
-1.52618e-7
-0.0167084
0.0160775
-0.0103528
-1.16049e-7
-0.00753412
0.00541674
-0.00406775
2.11176e-7
-0.000823589
0.000350301
-0.000637485
4.79488e-7
0.000182063
-8.0473e-5
4.09132e-6
5.37481e-5
1.2124e-5
8.30427e-6
6.36874e-6
-1.30877e-6
-8.67286e-7
-3.28939e-6
-2.79155e-6
-2.35297e-5
-7.94999e-6
8.48313e-6
3.98676e-5
-1.15734e-5
4.9392e-5
-0.000136071
0.000132097
-1.78868e-5
-0.000187494
0.000758397
0.00120438
0.000118696
-0.000348978
0.000627048
-0.000389383
6.26732e-6
-6.53561e-5
-0.00104213
0.0034178
-0.00429189
0.00273873
0.000915007
-0.00118759
0.000747857
-0.00129691
-0.000342359
0.00116275
0.000550805
-0.000574419
-0.000493945
4.79409e-5
-0.000139067
-0.000168671
-0.000470624
4.11465e-5
-0.000492138
-0.000896989
0.000684397
0.000449529
-9.16249e-5
4.9661e-5
5.55212e-5
-7.25435e-5
4.80323e-7
1.92454e-6
-3.35481e-5
-4.17848e-6
-1.68698e-5
2.87216e-6
-9.86559e-6
0.000150255
1.67489e-5
-8.84678e-7
3.79794e-5
-7.51806e-6
-1.19963e-6
3.36126e-6
-1.37258e-5
1.24647e-6
3.96811e-6
3.6007e-6
1.90749e-6
-1.58996e-6
3.90838e-7
1.48728e-5
-4.71014e-6
4.12689e-7
4.10736e-7
-3.61143e-6
1.68586e-6
1.23235e-7
3.51291e-7
-2.3444e-6
4.21148e-6
-5.2151e-9
-1.45177e-7
-9.78887e-8
1.44753e-7
-4.11679e-6
4.36734e-6
6.39531e-7
-3.88617e-7
-3.37601e-6
6.55178e-7
-3.4433e-6
4.18115e-6
-1.29307e-6
-2.95345e-6
4.50518e-6
2.16304e-6
-3.81753e-6
8.27443e-7
-1.25911e-7
1.49038e-5
-1.5953e-6
2.85874e-6
1.39818e-5
6.21089e-6
-4.63752e-5
-7.02667e-6
3.23164e-5
0.000594233
-0.000179914
-0.000151583
0.000570528
5.6252e-5
0.000124523
-0.00014018
0.00190364
-0.00114953
0.000297926
-0.00108797
0.00121553
-0.000791591
9.26424e-5
0.000960766
-0.000782426
-0.00110383
6.25843e-5
0.00189616
-0.00111416
0.00108424
0.00845004
-0.00101924
-0.000311015
0.000116236
0.000114595
-0.000371148
-0.00212429
-0.00313239
0.00284186
0.00144172
-0.000991771
0.00317563
0.00705816
8.52376e-5
0.000416885
-0.000102479
-0.000215749
6.54714e-5
-0.000109094
0.000429029
-0.000786991
-0.00114659
0.00235552
-2.98294e-5
-2.55267e-5
7.16519e-5
8.56751e-5
-0.0044997
0.00836969
0.00647723
-0.0132918
2.36894e-6
6.46283e-6
-1.02026e-5
-2.18479e-5
0.0164195
-0.00861616
6.22897e-8
5.77383e-7
0.00593485
-0.00517836
1.75324e-8
-6.52232e-9
1.24549e-8
1.19431e-8
0.00157249
-0.00139447
-8.46049e-8
-2.89521e-8
1.89238e-8
2.06283e-8
-0.000511339
-2.14451e-5
-1.12787e-7
-3.98532e-8
-6.68691e-8
2.01553e-8
-8.12594e-5
3.67012e-5
3.65856e-5
1.03437e-6
7.40872e-7
-3.78387e-7
-7.82719e-6
-5.2906e-7
-1.41217e-7
-6.27115e-7
9.15101e-7
1.52892e-6
4.34292e-6
9.73633e-7
4.42485e-7
-7.79428e-7
-3.30406e-6
-1.04784e-5
2.88541e-5
3.67636e-5
-2.73405e-5
5.41313e-5
2.15115e-5
-3.51445e-6
-1.27486e-5
8.93991e-6
-0.00107379
0.00041599
0.000210827
0.000953621
-0.000759673
-0.00241012
0.000223531
0.000370446
-0.00204005
0.000137981
0.00155721
-0.00108534
-0.000439444
0.000246785
0.00219819
-0.00188498
2.98393e-5
-1.50926e-5
0.000172114
0.000162554
1.27927e-5
0.000170662
-0.000291914
6.15472e-6
-9.00914e-5
-1.5839e-6
8.8559e-6
-5.91423e-5
8.18166e-6
-4.08768e-6
-3.51572e-5
1.04707e-5
2.03005e-5
1.66049e-6
-2.48517e-6
-2.55701e-5
4.02471e-6
-2.1786e-5
4.26213e-5
6.54691e-7
-2.90784e-7
4.48595e-7
-8.6115e-8
-7.4492e-7
5.72906e-8
-8.8864e-7
6.54255e-6
5.018e-7
-2.01523e-7
4.83013e-7
-4.0555e-7
3.74445e-8
2.34938e-7
-1.01059e-6
2.56049e-7
-3.82627e-8
-4.89529e-8
3.54977e-7
4.02867e-7
-3.15779e-7
5.81894e-7
5.69686e-7
-2.1932e-8
-9.96105e-7
1.38957e-6
8.32661e-7
6.62711e-8
-1.26027e-6
1.28609e-6
7.22523e-7
-1.38535e-6
-3.89406e-8
-9.10784e-8
-6.05103e-7
5.74802e-7
2.60986e-7
-6.97786e-8
-4.03309e-7
6.38844e-7
6.07748e-7
-4.38164e-6
-9.62426e-8
1.24559e-6
3.12705e-5
-7.76177e-6
-3.49862e-6
4.57667e-6
2.75072e-5
-3.7397e-5
-1.59568e-8
3.00247e-6
-8.25603e-5
-4.44834e-5
-4.75639e-5
2.41849e-6
0.000325957
-3.82322e-5
-4.84744e-5
-3.65551e-5
-0.00296491
0.00122335
-1.9979e-5
4.21961e-5
-0.0111027
0.00916441
2.23076e-5
-2.39579e-5
-0.00800833
0.00870786
-0.00557675
-0.000126757
0.00036296
-0.00604999
0.00450752
2.27426e-5
-0.00287723
-1.15535e-5
0.00145973
1.36388e-5
-5.39446e-5
6.27107e-6
8.62818e-5
-0.00020406
-0.00019243
0.000494237
-0.000162835
-0.000146366
0.000308231
0.000349513
-0.000832977
0.00206246
0.00108289
-0.00280957
3.58652e-5
6.35384e-5
-0.000107492
-0.000161961
0.00269074
-0.00636316
-0.0018106
0.00166896
-5.59334e-7
-3.21394e-6
3.24445e-6
1.41155e-5
0.00369818
-0.00351122
0.00243217
-5.15308e-8
0.00249343
-0.00201353
0.0016436
-7.48257e-8
0.000537065
-0.000405905
0.000570803
-1.2745e-8
-6.83483e-5
3.33861e-5
6.44805e-6
5.34892e-8
-4.22029e-6
8.35603e-7
2.06195e-6
-3.65088e-7
6.28149e-7
-1.08476e-6
-3.92669e-7
-3.61455e-8
-2.76745e-7
-5.50438e-7
1.73529e-6
1.78449e-6
-1.4392e-6
-5.48995e-6
6.02672e-6
-2.30655e-6
-1.28426e-6
3.0193e-6
-2.10699e-5
1.15239e-5
-0.000199686
0.000495026
0.000212419
-6.85963e-5
-6.91331e-5
-0.000202346
0.0002352
0.00205923
-0.000977954
-0.000676184
-0.00120272
0.00211768
0.000282197
-0.00339391
0.00315788
0.00238283
-0.00223144
0.00134503
9.22027e-5
-5.24847e-5
-9.03788e-5
1.00681e-5
2.55881e-5
-1.51791e-6
-4.33157e-6
1.6341e-5
2.9095e-6
-2.66614e-6
7.39901e-7
-2.15087e-6
-1.95255e-6
-6.91931e-7
2.14055e-6
-1.91713e-5
3.54926e-5
-3.50822e-5
1.15281e-6
7.1567e-7
-5.80542e-8
-2.4541e-8
-2.24808e-8
-1.36237e-6
2.86856e-7
-1.14357e-6
1.74854e-6
7.1362e-8
-1.51182e-8
7.04204e-8
2.66695e-9
-3.49702e-8
-7.58613e-8
3.48612e-7
1.53247e-8
-1.8865e-8
5.75933e-7
-1.52921e-7
9.78541e-9
7.22349e-8
-2.20544e-7
6.08284e-8
-1.54673e-7
5.44024e-8
4.1898e-8
-9.97945e-8
4.59322e-8
-9.46494e-9
-1.28327e-8
-1.13343e-8
3.12416e-7
-4.89258e-7
-1.43132e-8
5.25156e-9
-3.81527e-8
7.51657e-9
4.62492e-7
-5.48492e-7
2.6122e-8
-1.15993e-8
1.48372e-8
3.08388e-7
-1.93843e-7
4.08291e-8
-2.73978e-7
-1.37217e-7
1.22827e-7
1.56651e-6
-3.28595e-7
-1.68563e-7
1.38359e-7
1.1888e-6
-3.04207e-6
2.68375e-8
9.8845e-8
5.42595e-6
-2.14226e-6
-1.2085e-6
5.96117e-6
1.46104e-5
-4.57036e-5
-1.60886e-7
1.2099e-7
-7.00103e-6
1.33282e-5
-0.000259888
-4.1196e-7
0.0001172
-2.42689e-6
-9.30026e-5
2.14358e-5
9.4944e-6
-0.000654128
1.01294e-5
-9.64842e-6
3.46524e-5
3.92409e-6
-2.58301e-6
-1.15494e-5
1.21682e-5
2.10233e-5
-4.67566e-5
0.000302448
0.000678665
-0.000558749
-0.000556688
0.000795769
-0.000806896
-0.0014524
-2.09497e-5
7.08769e-5
-9.77551e-5
0.000300665
0.000115496
-0.000372996
0.000280022
0.000366885
-0.000635522
-0.000721459
0.000377192
-0.00105652
-0.00043217
0.00099438
-1.48005e-5
-5.09131e-5
5.58923e-5
0.000156072
-0.00166718
0.00127153
2.12784e-8
5.5797e-7
-9.50112e-7
-2.68534e-6
-0.000810393
0.000636717
5.81693e-9
3.64433e-7
1.05276e-7
-6.18903e-7
3.18521e-5
5.42828e-5
2.01334e-8
-1.2674e-8
-1.05595e-8
-7.4705e-8
9.98416e-5
-1.9455e-5
2.10262e-8
-3.6084e-8
-8.0853e-8
6.09574e-8
-4.61745e-6
1.88966e-6
-1.63287e-8
4.14397e-7
-1.25432e-7
2.78506e-7
1.7067e-7
2.41754e-8
3.27204e-6
-9.09498e-6
-4.28994e-6
1.32381e-6
1.71421e-8
-6.16793e-7
-5.29551e-7
1.61821e-7
3.60877e-5
-0.0001377
1.01245e-5
-1.07755e-5
-1.2862e-5
2.1178e-5
-2.7307e-5
2.55111e-5
-5.41084e-6
4.57226e-5
0.00134408
-0.00301919
0.00167821
-0.00135962
0.0010771
-0.000549151
0.00013923
-0.00042775
0.00197942
-0.00365993
0.00524507
-0.00456995
-1.01443e-5
-1.27773e-6
2.03731e-6
-3.70157e-6
-2.77838e-6
5.06614e-7
9.21225e-7
-7.66253e-7
3.24836e-6
5.05897e-7
1.31467e-5
7.47656e-7
2.35671e-6
-5.07398e-7
5.55319e-7
1.22126e-6
2.3314e-7
-4.1587e-7
5.95393e-7
-2.52074e-7
-4.67558e-7
-1.07152e-7
3.9897e-8
-2.7417e-7
1.68288e-7
-6.50239e-7
-1.56318e-6
1.9993e-8
9.94299e-9
-9.79647e-9
2.70047e-9
-9.32877e-8
3.55799e-8
-7.54111e-8
7.88588e-8
6.01617e-9
-2.05861e-10
2.80795e-8
-3.9873e-9
-3.25147e-8
2.61148e-8
-4.10604e-10
-1.79145e-9
1.55637e-8
-2.29959e-9
-7.57344e-8
-1.18908e-8
8.76979e-8
-1.13666e-7
-4.923e-8
2.04745e-9
1.36544e-7
-1.46231e-7
-6.24064e-8
1.92007e-7
2.10579e-9
-1.58698e-8
4.83081e-8
-7.29942e-8
7.74583e-8
-1.37571e-8
4.42236e-8
-2.9672e-8
4.61943e-8
-1.39161e-7
-8.35464e-9
1.35538e-8
4.2936e-7
-1.01131e-7
-4.37703e-8
1.65972e-7
5.51903e-7
-2.50098e-6
-1.66246e-8
2.04581e-8
-1.28287e-6
3.92566e-6
-2.29245e-7
1.56423e-6
2.677e-5
-4.9587e-6
0.000432997
1.33153e-7
7.99744e-7
1.64735e-6
-4.49652e-6
0.00187758
-0.00117828
0.000793386
-0.000426524
-2.70301e-7
2.37475e-6
0.0022171
-0.000880315
-0.00467652
1.28617e-6
-7.50089e-6
-0.00200166
0.000295766
0.00389082
2.22628e-6
-5.08072e-6
0.00144638
0.00050026
-0.00310705
5.67977e-7
4.49855e-7
-0.000964803
-0.000927038
0.00234613
-1.06506e-6
3.17108e-6
0.000438654
0.000769318
-1.37306e-6
3.50752e-6
-1.78739e-6
-6.87558e-6
2.7343e-5
7.72332e-6
-3.1947e-5
0.00122657
0.00108728
-0.00204947
-0.00186408
3.80381e-5
-0.000124246
-5.55845e-5
0.000170073
-0.000179121
-0.00041304
0.000494413
0.00094435
-0.000258362
0.000634754
0.000182639
-0.000201888
3.68679e-6
1.09992e-5
-1.04489e-5
-4.15577e-5
-0.00043898
0.000488204
-0.000300658
1.59703e-6
-0.000229957
0.00025131
-0.000245704
2.32729e-7
2.15865e-5
2.14887e-5
-3.46593e-5
6.62337e-8
8.88161e-6
-2.7544e-7
-1.8467e-6
1.19249e-7
-1.34162e-6
5.47204e-6
-8.9291e-8
-1.71021e-7
1.38747e-8
6.33752e-8
-8.36612e-8
9.17618e-7
2.15451e-5
-4.30731e-5
-2.76248e-5
1.15706e-5
3.02346e-6
-1.46615e-5
3.06637e-6
-2.38383e-5
0.00038843
-0.000918939
-0.000119118
1.77099e-5
-2.75586e-5
0.000235791
-0.000777828
0.00121171
-0.000635696
-0.00191816
0.00133392
0.00342283
-0.00287262
-0.00507392
0.00435656
0.00573965
-0.00477482
-0.00421903
0.00467166
-0.00367136
0.00362868
-0.0027767
-5.73583e-6
6.50879e-7
1.4875e-6
-5.01672e-7
-7.9677e-7
8.85261e-8
-1.93794e-8
-3.85162e-7
-2.32245e-7
1.50504e-7
-4.3028e-8
7.45383e-8
1.01715e-7
-4.6217e-7
1.86814e-7
1.28959e-6
3.58105e-7
-1.55432e-7
-3.33107e-8
4.02223e-9
-1.32843e-8
-5.35511e-9
-5.29741e-12
-2.7184e-8
1.66988e-8
-2.37641e-8
5.08343e-8
2.96018e-10
9.164e-10
-4.90564e-10
1.82271e-10
-9.31487e-9
-6.70234e-9
5.66886e-9
1.45778e-9
-3.70847e-10
-6.06801e-9
3.07735e-9
2.11214e-9
-2.89177e-8
4.32993e-9
-3.4031e-10
2.73657e-9
2.28984e-8
-2.76295e-8
-2.22032e-8
-6.9959e-10
-1.5349e-10
-1.44967e-9
3.89521e-8
-5.16151e-8
9.21066e-9
-1.95289e-9
1.16077e-9
4.51278e-9
1.27756e-8
-1.61814e-8
1.62424e-9
2.86761e-8
1.23135e-9
-6.51176e-9
-1.66058e-8
-4.74046e-8
1.87136e-8
3.27575e-10
-1.34333e-8
6.47467e-9
2.4494e-8
-1.16564e-7
-6.29246e-9
5.70946e-9
5.77314e-7
-3.07295e-7
-2.75292e-9
2.44411e-8
-5.39552e-8
-3.30974e-6
-2.37946e-5
-2.15967e-7
-0.000101897
2.20856e-5
3.83903e-8
5.42786e-8
9.66672e-6
-2.85292e-5
-2.07163e-7
-4.25398e-7
0.00021632
-1.06082e-7
-1.64887e-7
-6.95227e-7
-4.69223e-7
5.10726e-7
5.10494e-7
-1.07549e-6
5.94728e-7
-1.47193e-6
4.2398e-6
-0.00264288
-0.000611508
0.00163358
0.00286461
0.0012034
-0.00125289
-1.40848e-6
3.97786e-6
-1.24198e-5
-2.85155e-6
1.5961e-5
-0.00118963
-0.00185036
0.00235124
0.00306114
-2.37799e-5
6.9742e-5
1.61848e-5
-1.52514e-6
2.68881e-5
0.000136915
-4.87502e-5
-0.000403158
-7.47769e-5
9.15025e-5
-1.05726e-5
3.19555e-7
-7.57334e-6
2.10323e-5
-0.000194627
0.000190439
-0.000142123
6.59454e-8
-1.54291e-6
4.2025e-6
-7.84432e-5
8.80113e-5
-9.53842e-5
-2.19698e-7
-6.35042e-8
1.44835e-6
9.34484e-6
6.34197e-6
-4.82714e-6
9.40672e-7
1.4139e-6
-9.11987e-7
1.29317e-6
1.68693e-6
-4.92053e-7
-4.69974e-7
-1.39068e-5
3.69663e-5
5.05296e-6
-3.92045e-6
-2.21673e-7
1.14871e-5
-7.89531e-6
4.0566e-5
7.44244e-5
-0.000128937
-7.26665e-5
5.38294e-5
5.86543e-5
-6.20328e-5
-3.95538e-5
2.24322e-5
1.57136e-5
0.00118294
-0.00251106
0.00288237
0.000818358
-0.000690379
0.00192219
0.000345642
-0.00123937
0.00183496
-0.0030964
0.0046865
-0.00564372
0.0051421
3.51509e-7
4.13513e-8
-2.92982e-8
9.02046e-8
1.1555e-7
1.2126e-8
-6.21143e-8
-3.4851e-7
-5.94924e-7
1.32089e-8
-1.01665e-7
2.17212e-7
-7.96753e-8
1.46649e-8
-1.27206e-8
-4.27322e-8
-2.29753e-8
2.09636e-8
-3.026e-9
8.13214e-9
-2.73288e-9
1.87384e-9
-5.13489e-8
1.62195e-8
7.79815e-8
-1.1248e-8
5.10644e-8
-1.8654e-9
-1.7167e-10
-1.33611e-10
-2.75759e-10
-5.14932e-9
-3.18516e-9
8.04888e-10
-7.58951e-9
-3.01268e-9
3.51762e-11
9.47222e-11
1.72058e-10
4.43331e-10
1.18295e-9
-8.13892e-9
4.0626e-10
-1.96921e-10
-9.15245e-10
5.1174e-9
-6.16189e-9
-7.16178e-9
2.17711e-10
1.55148e-10
-1.61884e-10
1.03966e-8
-1.53718e-8
7.1527e-9
-4.83252e-10
1.73053e-10
-8.71185e-11
8.53292e-10
-6.27279e-9
1.26807e-8
-1.2031e-9
1.01118e-9
2.65614e-9
-2.14536e-8
-9.10154e-8
8.4618e-8
-8.09988e-8
5.46035e-8
-5.4057e-9
-2.87186e-8
6.08798e-8
-3.39857e-9
3.5515e-8
-2.00845e-8
2.2209e-8
-3.66852e-9
4.30069e-8
2.05224e-6
-1.38563e-8
7.79822e-6
-1.26679e-6
8.8769e-9
2.18405e-9
-2.19426e-6
3.72254e-6
-1.72982e-8
-2.82694e-8
1.17241e-7
2.30056e-6
-9.91822e-5
-3.50908e-8
8.27959e-8
-0.000196188
-5.16053e-5
-9.15347e-9
2.2681e-8
0.000909406
-0.00017731
-3.23055e-8
1.6533e-7
-0.00260174
0.00128802
-7.08523e-8
2.10182e-7
0.00411617
-0.00241765
-4.77556e-8
7.66248e-9
-0.00360665
0.00244731
1.11785e-7
-2.77674e-7
0.00138025
-1.53204e-7
-3.29923e-7
6.62562e-7
-1.35076e-7
4.50063e-7
-1.32919e-6
0.00491036
0.0041077
-0.00407668
-0.00372116
-0.00557146
-0.00237989
-3.25804e-7
9.61422e-7
3.41904e-7
-2.21738e-6
4.77022e-6
2.14483e-6
1.42361e-5
0.00124454
-0.00246996
-8.50876e-6
9.90469e-6
6.33794e-6
-3.61843e-6
-6.662e-5
0.000164552
-3.80167e-5
3.82357e-5
-2.38319e-6
2.2557e-7
-1.3062e-5
3.96531e-5
-7.50265e-5
6.65175e-5
-5.63297e-5
-1.54797e-7
-3.74544e-6
1.25971e-5
-2.33293e-5
1.90471e-5
-2.91502e-5
-2.8426e-7
2.63537e-6
1.01022e-6
-2.98383e-6
-1.15833e-6
2.52016e-6
-1.99183e-6
1.05311e-5
-9.58112e-6
-7.07413e-7
-8.98978e-6
2.01349e-5
5.73601e-6
-1.80719e-5
1.64226e-6
-8.07042e-5
7.70094e-5
-3.24072e-5
-5.92043e-5
6.21669e-5
2.59078e-5
-0.000196299
0.000165533
-0.000797913
-0.000303207
0.000777161
0.000508475
-0.000378347
0.000236
0.00020093
-0.00200865
0.00270714
-0.000417222
0.00124943
-0.000890087
-0.000910759
0.00109402
0.00149361
-0.000529772
-0.00267199
-0.000501387
0.00368761
0.000788742
-0.0036706
-0.000712186
-5.69038e-8
6.21097e-8
-2.66009e-9
-1.64113e-9
1.17263e-8
1.41813e-8
-6.85785e-10
-4.99745e-9
2.54892e-9
-2.70357e-8
-4.04864e-9
9.16388e-9
-2.85224e-9
-1.15888e-8
1.11035e-9
-4.85513e-10
-2.23707e-9
-4.68098e-9
-3.42943e-9
1.57021e-9
3.31854e-10
-2.79242e-10
-1.02649e-11
4.66547e-10
-1.38189e-10
6.96569e-10
1.33681e-9
2.23616e-9
-5.50179e-10
9.01717e-10
-2.6398e-11
-1.263e-10
9.43834e-12
-3.37437e-11
1.01085e-10
-5.12662e-11
-1.7728e-9
-8.64843e-10
2.79736e-11
-1.84742e-11
7.04732e-12
7.88359e-11
-1.34926e-10
1.01433e-9
-1.03911e-9
-2.18779e-9
1.85729e-11
7.32704e-11
-2.76458e-11
2.44319e-9
-4.32335e-9
3.09312e-9
-4.19288e-10
-1.37172e-10
7.16585e-10
4.64658e-10
-2.16503e-10
1.05754e-8
-1.83879e-9
-1.88634e-9
-1.27665e-9
-1.76565e-8
-9.02851e-8
1.0809e-7
-1.01078e-7
1.01537e-7
6.78951e-9
3.7453e-9
1.22274e-8
-3.6905e-9
3.67196e-10
-3.56478e-9
4.59943e-8
-4.34249e-8
4.3407e-8
-4.06807e-8
-8.72864e-8
7.94868e-8
-3.75143e-7
6.05686e-7
-1.60827e-6
5.37119e-9
1.02052e-9
-4.98986e-9
1.04752e-9
5.07311e-9
5.07942e-6
-1.44692e-5
-6.57699e-9
1.62338e-8
3.48908e-5
2.34264e-5
2.69353e-9
-0.000577258
0.000174878
-3.63728e-10
-5.02785e-10
-1.72758e-9
7.22466e-9
0.00223212
-0.00323661
0.00144602
-0.00143265
-4.75297e-9
1.93893e-8
-0.00394915
0.00518574
0.00339118
-8.42803e-9
2.44976e-8
0.00504615
-0.00730449
-0.00540488
5.21249e-10
-1.6406e-8
-0.00497747
0.00614084
0.00429701
-3.53906e-9
1.95819e-8
-2.743e-8
0.000372538
-0.00103461
-4.32549e-8
1.36476e-7
0.00371512
6.63018e-8
3.9342e-8
-6.16872e-8
1.80815e-7
-2.80156e-7
-2.77515e-7
-0.00146022
-0.00465498
0.00325275
0.00139942
0.00651052
-1.31673e-7
3.83096e-7
-1.41041e-6
2.5117e-6
1.06285e-6
0.00011451
0.000225233
-0.00046194
-0.000143285
-0.000879124
-4.25792e-6
3.78324e-6
3.25107e-6
-1.13903e-5
-1.30427e-5
7.17013e-5
-1.40987e-5
1.00638e-5
-1.21538e-6
-3.80562e-6
-2.52524e-6
1.19947e-5
-2.02485e-5
-2.13371e-6
-1.61219e-5
6.20704e-7
1.59761e-6
2.69179e-6
4.23692e-6
-3.95503e-5
2.86347e-5
3.46432e-6
8.62064e-6
-6.13194e-6
-3.83526e-5
1.35297e-5
5.45639e-6
0.000162366
-0.00010792
-3.83048e-5
-8.88375e-5
7.01597e-5
-2.21887e-5
3.45653e-5
0.000118578
-6.1985e-5
0.000114447
-0.000876382
0.000648776
-0.000111594
0.00062629
-0.000635125
0.000205399
-0.000264103
0.0020647
-0.00217805
0.0016946
-0.00267372
-0.00110994
0.00305452
-0.00546078
0.00340617
0.00591627
-0.0038849
-0.00680693
0.00325761
0.00363345
-0.00255605
0.00162709
-0.00320494
0.00203233
0.00260314
-0.00187646
-0.00137672
-2.25247e-10
4.21309e-9
9.22966e-10
4.89494e-11
-1.34402e-9
2.28785e-10
1.44785e-9
1.63787e-9
-3.70884e-10
1.12535e-10
1.67998e-12
-2.09516e-10
9.7493e-11
-9.79371e-11
-2.56768e-11
3.8763e-10
-9.32044e-13
-3.08173e-12
1.66087e-10
-4.10358e-11
4.14445e-11
2.16637e-11
1.56817e-12
-1.99156e-10
1.17746e-10
1.10643e-10
-1.05592e-10
-3.98866e-10
-2.9136e-12
-3.72073e-12
-6.0727e-12
2.92011e-11
-4.75026e-11
2.12917e-10
-5.50321e-10
3.90038e-10
1.57107e-10
-2.76228e-11
-6.90422e-11
4.67981e-11
-2.52271e-10
-2.66658e-10
-8.57218e-10
5.20759e-10
4.22732e-10
8.47799e-10
1.12002e-9
5.80137e-10
-3.14015e-9
1.1844e-10
-6.50679e-10
-2.86799e-9
1.17722e-8
1.23905e-8
-4.34113e-8
8.30527e-8
-8.01306e-8
1.00954e-7
-3.06654e-8
-2.84033e-8
-2.07583e-8
4.34374e-8
3.75784e-8
-6.58307e-9
3.18128e-8
-4.1208e-8
4.11647e-8
-5.06384e-8
-1.28023e-7
-1.16574e-7
-3.33969e-7
5.58863e-7
-5.43713e-8
5.56328e-9
7.44102e-10
-3.22936e-9
1.42076e-9
-1.04776e-9
-3.67949e-6
3.51128e-6
-1.99461e-5
-2.5874e-6
-1.53694e-9
3.61448e-9
7.14979e-5
0.00010966
-0.000331027
-7.23372e-10
-1.06256e-10
3.64143e-10
2.27163e-10
-0.000149198
1.0864e-9
2.64163e-9
1.11349e-9
5.8403e-10
3.93478e-10
-1.39419e-9
4.79129e-9
3.31724e-9
-1.24501e-8
-0.000760363
0.00321701
0.000217661
0.00310433
-0.00835748
-0.00409866
-5.01838e-9
-0.00410572
1.92052e-8
-4.9897e-9
-5.09323e-9
3.66294e-8
2.10055e-9
-0.000656293
-0.000873948
0.00241983
0.000787949
0.00230536
-1.60124e-7
1.85514e-7
-6.11963e-7
1.31169e-6
3.38145e-7
6.94997e-5
-3.28154e-5
-0.000181816
-5.83584e-5
-0.000191623
-8.03728e-7
-2.42569e-7
1.92159e-7
-6.50479e-6
9.08003e-6
5.62106e-7
2.46541e-6
-1.09859e-5
2.51133e-6
4.47599e-7
1.67987e-6
-9.4284e-7
3.32521e-5
-8.74399e-5
7.18672e-5
6.71826e-6
2.46925e-7
-9.79497e-7
-5.36057e-5
0.00011845
-0.000167217
0.00056412
-0.000509217
-5.10865e-5
-2.71981e-5
2.09853e-5
-2.57376e-6
2.48639e-6
0.000406136
-0.000511821
0.000830041
-0.00233239
0.00156494
0.000375035
0.000431326
-0.000326313
7.48028e-5
-0.000117998
-0.00249705
0.0015757
0.0013585
-0.000713455
0.000465933
-0.00129479
-0.000970929
-0.000471465
0.00320822
-0.00308297
0.00242467
-0.00322862
-0.000972609
0.0014238
0.00253157
-0.00441209
0.00504424
-0.00328468
-1.13983e-10
-3.81989e-10
-7.05e-10
-2.91355e-10
3.46763e-10
-1.1645e-9
4.43025e-12
-1.91285e-10
3.00141e-10
2.52274e-10
2.27379e-10
-2.18206e-11
-3.15092e-11
3.2201e-11
3.92065e-12
1.90245e-10
-1.26973e-9
1.51904e-9
3.34287e-10
1.15686e-9
5.22942e-9
-4.30298e-11
2.80883e-11
-5.01085e-11
-2.35467e-11
1.9356e-11
-8.03553e-12
-1.28416e-9
-4.40261e-9
3.26293e-10
-4.50008e-9
4.47287e-9
3.69717e-11
-9.41685e-11
8.32218e-11
2.0622e-10
4.02138e-11
3.4019e-9
1.11684e-9
1.2128e-9
3.77774e-9
-1.12232e-9
-3.45532e-9
2.15435e-9
-1.02504e-10
-4.35695e-9
1.94226e-9
-1.00517e-9
1.78972e-8
4.44725e-9
-5.52221e-9
9.56372e-9
-1.73e-8
5.423e-8
1.65437e-8
1.39146e-7
1.07722e-7
3.82261e-8
-5.31555e-7
1.02138e-8
4.11254e-9
-1.61039e-8
1.68032e-8
-3.52757e-8
4.53297e-7
3.49559e-6
1.8622e-8
2.05236e-6
-3.99453e-6
-1.83798e-9
7.60194e-10
-2.95362e-9
6.2451e-10
-7.79563e-10
-1.43268e-5
4.92565e-5
1.08291e-5
1.04636e-5
-4.13509e-11
1.12937e-9
-3.3033e-5
-4.38238e-5
0.000146529
3.09261e-9
4.04856e-10
1.21594e-10
2.99654e-11
-2.08219e-10
-0.00201019
0.00463919
0.00195435
-0.000375793
2.19619e-10
-6.97697e-10
0.00338312
-0.00490208
2.71989e-10
-7.45881e-10
-0.0058728
0.00760607
-6.57704e-11
0.00595796
-9.09952e-11
2.00114e-10
-6.07315e-10
1.43525e-10
2.22062e-9
-3.15955e-9
-0.000253219
0.00100798
-0.00106926
0.00130285
-0.00434869
-0.0017252
-6.36365e-9
-0.00127477
1.08636e-8
-1.48775e-8
-2.3024e-8
4.11544e-8
3.00867e-8
-0.000145254
-5.90573e-5
0.000547479
0.000128404
0.000540737
-9.54039e-8
1.44308e-7
-2.04819e-7
3.25673e-7
5.18877e-7
1.12392e-5
-2.70302e-5
-1.64616e-5
-3.20696e-6
3.45716e-6
-2.16905e-6
6.99597e-6
1.16851e-7
1.51283e-6
-2.01838e-6
-1.78457e-5
3.50022e-5
1.75327e-6
-6.05041e-8
8.58421e-8
-2.53582e-5
0.000258142
-0.000603065
0.00117633
-0.000736276
-3.07395e-5
3.91985e-6
-1.87058e-6
1.04922e-6
-5.31569e-6
0.000823624
-0.0016377
0.00257403
-0.0043204
0.00332829
0.000269265
6.02488e-5
-2.05801e-5
7.32516e-7
2.88742e-5
-0.0037627
0.00256464
0.00266451
-0.0030022
0.00397985
-0.0073719
0.00471139
0.00131583
0.00144161
-0.00108794
0.0011411
-0.00157604
-0.000313885
0.000428427
-0.0038003
0.000452118
0.00187954
0.0012546
-5.12646e-5
-0.00224685
0.00044607
0.000724524
-8.91475e-10
-2.39749e-10
-2.13076e-10
-3.98949e-11
7.86858e-9
-1.04541e-8
2.65184e-9
-7.14402e-9
1.06275e-8
7.9179e-10
4.40902e-10
2.48364e-10
-2.08064e-11
1.52666e-11
1.67811e-10
1.24962e-10
1.33443e-8
-2.29611e-8
3.85237e-8
-8.56885e-8
1.56794e-8
-1.21133e-9
8.35307e-10
3.20769e-10
-5.25738e-10
7.55919e-10
-5.26286e-10
-1.24948e-8
-7.59765e-9
-8.36682e-9
-2.84022e-8
3.52018e-8
-9.42566e-11
-3.08114e-9
-5.82522e-10
-3.89019e-9
4.34587e-9
-6.59716e-9
-6.21133e-9
5.40973e-8
3.90206e-8
1.45245e-8
-7.45851e-9
-3.89602e-8
-6.00204e-8
-1.25808e-8
-6.79312e-9
3.36003e-8
4.4663e-8
6.67744e-8
9.80399e-8
-2.97921e-8
-2.89163e-7
6.03387e-8
4.45656e-9
-2.43787e-7
7.96665e-7
1.26894e-6
-3.47902e-8
5.67367e-9
-9.78658e-10
-8.67167e-6
-4.30876e-6
-1.01781e-5
1.41445e-5
-3.26136e-8
2.30759e-5
1.05247e-8
-6.63915e-9
1.45522e-9
-0.000125511
0.000297129
-6.57155e-5
8.10719e-5
1.05293e-8
-5.3747e-9
7.93162e-5
9.15738e-5
5.66032e-9
-0.000484033
-3.93835e-9
1.40229e-9
-3.89741e-10
-0.0080497
0.00790197
-0.00134318
0.00331728
1.07313e-10
-6.13942e-11
0.00057602
-0.0017328
8.38741e-12
-6.7143e-12
-0.00241974
0.00392579
-8.42152e-11
0.00300788
4.8252e-10
-5.64766e-10
-2.3238e-9
7.25726e-9
-1.66932e-9
-0.000316712
3.7019e-5
-0.000348856
0.000681665
-0.00205944
-0.00066046
-1.27384e-8
-0.000292456
4.85871e-8
5.39754e-8
-1.15584e-7
-1.0924e-7
-2.82438e-5
4.95345e-5
4.55794e-5
4.59412e-6
7.15864e-5
6.71502e-7
-5.11759e-7
-2.90462e-6
2.29825e-6
1.29635e-7
-7.1701e-7
2.38711e-6
-4.3399e-6
1.05547e-5
-8.36606e-6
-3.31597e-5
2.72678e-5
-5.35921e-9
3.97978e-7
-3.45604e-7
-6.2064e-8
9.11828e-5
-7.94074e-5
-0.000220293
0.000211171
-8.67749e-8
8.06674e-8
-4.62797e-7
-1.72543e-8
0.000470205
-0.000836001
-2.36759e-7
2.03288e-7
-8.62734e-8
0.00120158
-0.00158174
-0.00153852
0.00200592
4.24198e-5
1.50657e-6
-2.81459e-6
-1.6503e-6
3.7724e-6
-0.00186585
0.00422925
0.00142251
-0.00414724
-0.00169277
0.00451426
-0.000607246
0.00159906
-0.00231238
0.00144302
-0.00125399
-0.000127109
0.000185041
-0.00480991
0.00605019
0.00474682
-0.00463222
-0.00605387
0.00340298
0.00470764
-0.00298567
-3.54894e-9
-1.21181e-9
-1.08958e-9
-1.43497e-10
2.58041e-8
-6.99427e-8
-5.54785e-8
4.17737e-9
4.2563e-9
2.96564e-9
2.2943e-9
-1.3901e-9
-9.66691e-10
3.49228e-9
9.9202e-10
1.36187e-7
5.61303e-8
3.28853e-7
1.5493e-7
-2.43741e-7
1.65527e-8
3.10245e-8
-1.27671e-8
-8.01277e-9
-8.36714e-9
-3.65259e-9
6.53257e-9
-4.26617e-9
-5.94383e-9
7.40211e-9
4.18472e-9
5.66212e-9
-2.63606e-7
-2.37646e-7
-7.95752e-7
-8.27306e-7
5.21966e-7
-6.89402e-9
-3.8403e-8
-7.51707e-9
-1.25369e-8
-8.61802e-9
-2.01338e-7
-1.89978e-7
1.40522e-6
1.07419e-6
5.56503e-8
-4.6643e-8
-1.46218e-7
-3.58537e-7
-2.79831e-7
-2.22989e-7
1.07995e-6
1.08965e-6
1.88891e-7
4.51204e-7
4.70245e-7
-2.37945e-7
1.27557e-7
8.10648e-8
1.51802e-6
2.88803e-7
-4.9654e-6
1.07709e-5
2.17358e-5
3.28024e-5
-8.08963e-7
-3.69042e-7
1.22089e-7
-7.09036e-5
0.000104805
-0.000127154
0.000188879
-9.36519e-9
1.98937e-9
-7.94937e-9
-0.000387292
-0.000512251
-1.3651e-7
1.06093e-7
-3.47848e-8
0.000695811
-0.000731721
0.00124181
-0.00121607
3.37201e-8
6.8326e-10
0.00184757
-0.0041022
-1.38708e-9
-4.9047e-9
1.25977e-9
-0.000742568
-9.96064e-6
-0.00189745
1.12125e-10
-5.87333e-10
-7.71143e-10
0.000186944
0.000495866
-0.000605075
-8.75915e-11
2.65358e-9
6.44756e-10
0.000135764
-0.00108037
0.00231041
-4.45478e-9
-4.87366e-11
0.000116552
0.000530068
2.88262e-9
2.42432e-9
-0.000675693
0.000577205
7.02083e-9
-1.75997e-8
0.000206179
-0.000553004
4.51757e-8
-5.19e-8
-1.62124e-7
1.47444e-7
4.45175e-7
3.73635e-7
8.94281e-6
-4.57751e-5
-1.14436e-5
-1.11873e-5
2.16536e-5
2.30344e-5
-8.55955e-7
-1.88853e-6
2.83941e-6
5.43578e-6
-9.21177e-6
-3.7068e-7
2.78642e-6
1.65705e-7
1.13155e-6
-1.18799e-5
2.58505e-5
1.83758e-5
-6.19182e-5
9.00506e-8
1.06952e-7
-8.72337e-8
7.48451e-8
-7.27557e-6
0.000124583
-8.04301e-5
-0.000199649
3.83776e-8
2.13741e-8
7.1048e-9
-3.24784e-7
0.000360109
0.000221141
-0.00104322
-4.85949e-5
-1.2008e-6
-1.09415e-7
4.94883e-7
-1.09198e-7
0.00251242
-0.000465755
-0.00372225
0.0011042
0.00497115
-0.00206214
0.000126462
-3.8997e-5
-1.53153e-5
5.93553e-5
-9.74561e-6
1.39758e-5
-0.007019
0.00330457
0.00783107
-0.00391421
-0.00691503
0.00400668
-9.46022e-5
0.00419728
-0.00181174
-0.00142529
-0.00187648
0.000208797
0.00271959
0.00130069
-0.000543136
-0.0012879
-0.0017197
0.00239716
4.0319e-5
-0.000609867
-3.6668e-7
1.02569e-6
9.95472e-9
2.78071e-8
2.02337e-8
2.41675e-8
1.63028e-12
-1.56262e-8
1.48583e-8
4.39118e-6
2.93874e-6
-2.93023e-6
2.33344e-7
7.43622e-7
-3.27624e-6
-1.00492e-7
-4.73845e-8
-7.10775e-8
-5.73862e-8
3.68677e-8
1.94191e-8
-1.50492e-8
7.60411e-8
5.12023e-8
-6.25269e-6
-5.78866e-6
8.71159e-6
-1.06701e-5
1.14956e-5
-1.43884e-7
2.24861e-7
-6.04671e-8
-1.75456e-7
-8.20665e-9
-5.63677e-6
-5.38148e-6
2.86115e-5
2.6942e-5
3.34428e-7
2.70049e-8
-1.05617e-6
-2.4265e-6
-6.30214e-6
-6.1028e-6
2.76701e-5
2.65661e-5
3.43e-6
-1.70679e-6
-1.45879e-5
-3.6381e-5
2.93211e-6
3.10125e-6
3.17861e-5
8.7863e-6
4.72445e-5
-5.71444e-5
-0.000118339
-0.00027319
-8.35259e-6
7.10054e-6
-2.05669e-6
0.000372021
-0.000253145
0.000464272
-0.000563472
6.71481e-7
-3.16682e-7
-3.13259e-6
0.000722858
0.00118236
7.27314e-7
3.6669e-7
-3.35617e-8
-0.00120773
0.00102643
-0.00148721
0.00158301
-2.16054e-8
2.38299e-8
-0.00154927
0.00113877
-5.52214e-8
-1.44083e-8
0.00129582
-0.000775038
8.34018e-8
2.02581e-9
-0.000961195
0.000475813
-6.31297e-8
1.37423e-8
0.00063348
-0.000467372
-2.29316e-9
-1.74248e-8
-0.000511774
0.000605024
3.92987e-8
-1.52292e-7
-1.44287e-8
5.70481e-7
8.17669e-8
-5.00867e-7
9.54849e-5
-1.4145e-5
-9.22934e-6
-2.60448e-5
0.000576615
1.1151e-5
9.6245e-7
1.40678e-7
-1.60247e-6
6.85845e-6
-1.25602e-6
3.95898e-7
2.36182e-7
-7.7464e-7
1.53491e-5
-2.59259e-5
1.64934e-5
7.80444e-5
-7.19682e-5
1.13846e-6
5.4476e-7
-2.61365e-7
-4.04036e-6
-0.000251378
0.000248675
0.000616174
-0.000683247
-8.75483e-7
1.00781e-6
5.18457e-8
-7.29326e-6
-0.0016428
0.00138533
0.00218387
-0.00372776
1.14626e-6
3.75359e-8
1.45098e-6
3.14227e-6
-0.00380916
0.00508873
0.00560038
-0.00546397
-0.00591559
0.00812381
6.24349e-6
7.2083e-5
-5.06587e-5
-0.00015695
3.94309e-5
-4.61343e-5
0.0076366
-0.0090976
-0.00628459
0.00768607
0.00358159
-0.00475014
-0.00125835
0.00218748
0.000436924
-0.00105559
-0.000292003
0.00085005
-4.80605e-7
6.0952e-7
-1.4212e-7
4.07869e-7
-1.2368e-8
-1.09323e-7
1.28377e-5
-3.15243e-5
-8.4214e-6
-5.15306e-6
1.33129e-6
-7.31781e-7
-1.01482e-6
3.4267e-7
1.29482e-7
-5.87186e-7
9.5278e-7
-0.000102582
-0.000112274
0.000130269
1.15631e-5
-3.62997e-5
0.000133194
5.72501e-6
-5.6139e-6
5.77957e-6
9.82765e-7
-1.24765e-6
-1.45528e-7
1.13384e-6
-2.7775e-6
3.023e-7
-0.000134866
-0.000120866
-0.000403752
0.000499
-0.000712605
1.10893e-5
-1.34759e-5
1.18274e-6
1.32487e-6
1.77846e-5
-0.000128917
-0.000102809
0.000689608
-0.000716965
-3.94563e-5
6.20365e-5
8.13435e-5
0.000215819
-6.46738e-6
0.00051592
-0.000415851
0.000129881
-0.000300115
0.000254677
-0.000240596
0.000576708
0.000585679
-3.13713e-5
1.34277e-5
0.000144959
-0.000811677
-0.00136797
-1.12847e-6
-3.71532e-5
5.51075e-6
-3.01229e-6
0.00200025
-0.0017189
0.00211403
-0.00298744
-0.00176559
6.55503e-7
1.85807e-6
1.07763e-7
0.00330982
-0.00252506
0.00198855
-2.50543e-7
-5.35907e-7
6.38643e-7
-0.00352762
0.00249435
-0.0018222
-1.07811e-7
-2.05383e-6
2.7924e-8
0.00379855
-0.00216646
0.0014856
2.65436e-7
1.02142e-6
-7.61726e-7
-0.00153945
0.0011366
-0.00104326
2.27894e-6
1.30849e-7
0.000480976
-0.0004159
-1.00824e-6
-0.000109692
-1.52108e-6
-4.71711e-6
5.55462e-6
2.62411e-5
-3.9206e-5
-4.84122e-6
-2.64605e-5
0.000208685
-2.25901e-5
1.86567e-5
-0.000825728
3.07923e-6
2.25353e-5
0.000103207
-5.354e-5
-0.000251409
0.000259353
1.80253e-5
-1.75941e-6
-8.61851e-7
-4.14864e-5
0.000508222
-0.000473327
-0.0010133
0.00139243
-2.41361e-5
2.39954e-5
9.99382e-7
-7.79936e-5
0.00140848
-0.0022799
0.00157802
-0.00146518
0.00234617
0.00232868
-0.00414124
0.000216517
-9.00158e-5
6.19453e-6
-6.41567e-5
3.10758e-5
7.85552e-6
-7.09577e-6
-0.0013749
0.00399523
-0.00471059
-0.00147385
-0.00143337
0.0036676
0.00402785
-0.00120134
-0.0014111
-0.00893508
0.00363315
-0.000558342
0.00286504
-0.00156028
0.00046784
-0.00119572
0.00061449
-0.000191327
-4.97337e-5
-3.55864e-6
1.80978e-5
-2.58852e-5
7.86449e-6
4.01268e-7
0.000799363
-0.000403838
1.73495e-5
0.000224146
0.000360355
-4.35737e-5
6.76831e-5
-1.99611e-5
3.86717e-5
1.27816e-5
-2.8749e-5
0.00172871
0.000194847
0.00148188
-0.00224745
-0.000740191
0.000358338
-0.000414818
0.000247812
-0.000104645
-7.62058e-5
7.83316e-5
-8.80221e-5
-2.27186e-5
6.08172e-5
-0.000149484
0.000812308
0.000959284
0.000945043
-0.0022924
0.00161749
-0.00225705
0.00169405
9.34007e-5
-0.000342891
8.44543e-5
-8.06665e-5
-0.000141419
0.000434698
-0.000488149
0.00157525
0.000192416
-0.000436837
-0.00248094
0.00176134
0.000274075
-0.000152239
-0.00048721
-0.00127118
0.00111231
-2.51396e-5
0.000414005
-0.00241954
0.00178811
-0.000716385
0.00147565
-0.000988031
0.00175937
-0.00228057
-0.00264097
0.00291743
4.58793e-5
6.02104e-6
9.50802e-7
3.33087e-5
0.00245522
0.00476744
-0.00396737
1.57496e-6
-5.30494e-5
2.60266e-5
-9.922e-6
-0.00539208
0.00424883
-0.00666977
0.00604527
0.00451238
6.22488e-6
2.86705e-5
-1.17893e-5
-0.00632501
0.00838952
-0.00702963
-8.21174e-6
2.0022e-5
-5.23116e-5
0.00229372
2.1718e-5
-0.00011172
-2.85229e-5
-4.06816e-5
0.000242699
-0.000203814
9.50643e-5
0.00105498
-0.00116844
-3.56284e-5
-0.000859979
0.0055628
0.000398308
-0.000144783
-2.67511e-5
-8.27342e-5
-8.5344e-5
7.50662e-5
2.99041e-5
0.000649256
4.0118e-5
-7.27601e-5
-0.000801628
0.000342297
-0.000296262
-0.000587031
0.000579462
-0.000206203
0.00221672
7.22575e-5
-2.0168e-5
0.00186685
-0.000638386
2.4959e-5
-0.00223065
0.00218302
0.000428107
-0.000336603
6.87493e-5
-1.68657e-5
0.00101158
7.14378e-5
-0.00104442
0.00377952
-0.00351789
0.00201338
-0.00567203
0.00353607
-0.00225068
0.00751593
-0.00785697
-0.00211959
-0.000196407
0.00118292
0.000134039
0.00206559
-0.00132879
0.000533254
-0.000984589
0.000423889
0.00537614
-0.0119518
0.00903334
-0.00865585
0.00984403
-0.00966369
0.0116569
-0.000376645
0.000339739
-0.000796456
-0.00015088
0.000684814
-0.000814697
0.000854005
-0.000313255
-0.000619978
4.21286e-5
0.000685006
-0.00137969
0.00180236
-0.00180821
0.00100139
0.00022634
-0.000970655
0.000187586
0.000515572
-0.00144445
0.00243421
-0.00305107
0.00282042
-0.00172878
0.000178527
0.00163688
0.000156279
0.000214421
-0.000980263
0.0021432
-0.00336908
0.0040213
-0.00360987
0.00216369
-0.000184299
-0.00252309
-1.64614e-5
4.09847e-6
-0.000298508
0.00106509
-0.00229156
0.00354966
-0.00416425
0.00372088
-0.00239036
0.000456219
0.00188895
-0.00669642
0.000117623
-1.82174e-5
-0.000516514
0.00153701
-0.00264876
0.00326836
-0.00309404
0.0024104
-0.00151379
-0.000324478
-0.000465439
0.000722898
-0.000597898
-3.36086e-5
0.000932745
-0.00166867
0.00186492
-0.00203563
0.00281766
-0.00317677
-0.00118166
0.00183549
-0.00163077
0.00101893
-1.72632e-5
-0.000282895
0.000792745
-0.00111714
-0.00246701
0.00316762
-0.0030482
0.00123197
-0.00130262
-0.000357551
0.00485877
-0.002354
