0.0176322
-0.0855586
0.112531
-0.0127553
0.0977617
-0.102828
0.119901
-0.15891
-0.0584318
0.0850723
-0.00886745
-0.0771783
-0.0318711
0.0130406
0.034891
0.0195219
-0.0201407
0.0268909
-0.0838792
0.0326653
0.0183482
0.121418
-0.0361942
0.0132216
-0.023334
-0.0970774
0.058958
-0.0525939
0.00359682
0.0546091
-0.0058671
-0.00878534
-0.0538364
0.0106863
0.00178981
0.0333265
-0.00237089
0.000545833
0.000832382
0.00555786
-0.00246995
0.00101417
-0.0197062
-0.0204886
-4.63957e-5
0.0450597
-0.065275
0.0890706
-0.106149
0.108515
-0.0157848
-0.0729145
0.0018303
0.0363756
-0.000246191
-0.00166984
-0.000120088
-0.0367245
0.0885039
-0.0221803
0.0364364
-0.130474
-0.00058899
0.104024
-0.0459056
-0.00156005
0.0471083
-0.0940314
0.127025
-0.128055
0.0992537
-0.0186442
-0.05198
0.00820073
0.0274749
0.00056417
-0.0136162
0.000474337
-0.00202028
0.0248819
-0.065281
0.0659703
-0.0409505
-0.00611277
0.0630519
-0.104379
0.110627
-0.0835285
0.046368
-0.0198932
0.00663534
-0.0648359
0.0351015
-0.00703485
0.0611212
-0.0374446
-0.0167236
-0.0156026
0.0672183
-0.0927173
0.0875373
-0.0482664
-0.00917967
0.0548172
-0.0689865
0.0563863
-0.0353753
0.00875234
0.0159814
-0.0044674
-0.0133736
-0.00155448
0.00405929
2.13921e-5
0.00164722
-0.0522088
0.0216125
0.013739
-0.0687477
0.111061
-0.122047
0.0912189
-0.0383307
-0.00731444
0.0284114
-0.0284264
0.0193908
-0.0101056
0.00916962
-0.00391803
4.72846e-5
0.0195438
-0.0191192
0.0636657
-0.113573
0.125387
-0.101634
0.0575777
-0.0183297
-0.00352654
0.0121225
-0.0174076
0.0185513
-0.00313277
-0.000948089
0.000482126
-0.00864551
0.017832
0.00368646
0.0144015
-0.0402968
0.0758555
-0.0982805
0.0787467
-0.0500629
0.022684
-0.00771152
-0.00128251
0.00453619
-0.0130142
0.0060948
-0.00284914
0.00269021
-0.0013083
0.0188045
-0.0384413
0.0518324
-0.0443508
0.0324027
-0.0163084
0.013224
-0.00152603
-0.00199798
-0.000364516
0.00195212
-0.00128996
-0.000539156
-0.00226413
-0.00262029
0.0196925
-0.0281422
0.019391
-0.0149236
0.00875603
-0.0143498
0.00970964
-0.00154383
0.00154431
-0.000341571
0.000342452
0.00208246
-8.59291e-5
-0.00874502
0.0142407
-0.00838718
0.0125392
-0.00840491
0.000758002
0.00228349
-0.00463196
-0.000814551
0.00148044
0.00214151
-0.000471205
-0.00697065
0.00448915
-0.00388544
0.00367776
-0.00191179
-0.000583592
0.00206637
-0.0016732
-6.01355e-5
-1.09879e-5
-0.00509102
0.0159597
-0.00963196
0.00919072
-0.0461079
0.0301955
-0.0199769
0.00772392
0.135099
-0.0698544
0.00282168
0.0328525
-0.0765356
0.0511124
-0.0222655
0.0523941
-0.028747
0.00368209
-0.0219283
0.00575715
0.0109297
0.00375067
0.00729022
-0.0291389
-0.00811934
-0.00145089
0.0233876
0.0102056
-0.00941033
5.34292e-5
0.0022013
-0.00073001
-0.00357976
-0.00364827
0.000108321
0.000821103
-8.97696e-5
0.00383751
-0.00405923
0.00389439
-0.00686909
0.0102038
0.00273571
-0.00192954
-0.00402152
-0.00154519
0.00163741
-0.00102845
0.00418981
-0.00103217
-0.0042003
8.75151e-5
0.00963771
0.00116635
0.000383791
-0.000462365
-0.000509542
-0.00015148
0.000150731
-0.000428013
0.00136502
0.000347035
0.00136444
-0.00214059
5.56885e-5
0.00827702
6.59251e-5
6.36368e-5
0.000153863
-2.94902e-5
-0.000172855
1.23486e-5
-1.89362e-6
-0.00883158
0.0242649
0.000695983
3.04442e-5
0.00690007
-0.0105827
0.00354239
-0.0252764
0.0335313
-0.000847769
-0.00420887
-0.000119265
9.25534e-6
0.000162948
-9.10764e-6
-2.63787e-6
1.1673e-6
6.63482e-7
0.0625609
-0.0970722
0.104187
-0.000605096
0.000173773
-1.91247e-5
-0.0720358
0.0737174
-0.0853033
8.50425e-5
-4.67951e-5
-3.9478e-5
0.0805594
-0.0761312
0.0639249
-4.84397e-5
3.76089e-5
1.3357e-5
-0.0847615
0.0693487
-0.0377519
-0.000161834
2.87851e-5
-1.67684e-5
0.0620134
-0.0496282
0.0309224
-0.0143024
0.00073789
-9.70621e-5
6.11793e-5
-9.49713e-6
-0.0270777
-0.0176465
0.00739461
0.000352147
-0.000182042
-0.000104604
-6.83739e-5
0.0215925
-0.0100865
-0.0118872
0.0107568
-0.00583807
0.00161969
2.81421e-5
-0.000148236
9.90195e-5
-7.58596e-5
0.000160792
0.00318824
0.00272203
-0.00140883
-0.000376974
-0.000229176
0.000106402
-4.99255e-5
3.60246e-5
-2.24541e-5
-0.00165111
0.000804573
8.02866e-5
0.000926825
-0.000713723
-0.000661914
0.00161572
-0.000506563
-0.000473065
0.000233254
-1.79707e-5
-5.32275e-6
4.48085e-6
8.97935e-6
-6.03499e-5
2.66775e-5
-0.000263663
0.000474702
0.000122689
-0.000177964
0.000626063
-7.99493e-5
4.39645e-5
0.000182141
4.52087e-5
7.84298e-5
0.000186744
-0.000129695
-4.18639e-6
2.70692e-5
3.21223e-5
-8.56601e-6
-0.000159363
2.50437e-5
1.07482e-6
-0.000183355
4.70421e-5
-3.9916e-5
-2.90951e-5
-3.99426e-5
-0.0001532
6.39593e-5
8.0581e-5
-1.22794e-5
-8.76906e-6
2.23684e-5
4.28671e-5
-1.35046e-5
1.82522e-5
5.87107e-6
0.000190862
-0.00920406
0.00712064
0.0146644
-0.00516115
0.00267691
-0.00788013
-0.0127141
-0.00144539
0.00635796
-0.0030735
0.0215558
-0.0271485
0.0260277
-0.0475229
0.051585
-0.0430675
0.0630128
-0.0609653
0.0385723
-0.0578646
0.0518119
0.0373358
-0.0327207
-0.0341824
0.0225871
-1.40033e-5
-0.000397076
0.000671075
0.0023798
-0.00188842
0.000314753
-0.000520047
-0.0142891
0.0244611
-0.0137231
-0.00858522
0.00418444
0.00402259
-0.000512467
-2.94885e-5
0.000148777
-1.07247e-5
-4.29314e-6
-0.00129475
-0.000549566
0.0002731
0.000582024
-5.80379e-5
0.000333671
-5.74097e-5
1.10996e-5
-3.10799e-6
-0.000357077
-3.85057e-5
0.000172478
-4.91604e-5
-9.34694e-6
1.04314e-5
0.000314991
4.13684e-6
2.52551e-5
-7.02688e-5
-9.49815e-6
2.47823e-5
-0.000432839
4.68934e-5
2.0868e-5
0.00185706
-0.00147898
3.26405e-6
2.41593e-6
8.3572e-7
-9.02746e-6
2.43449e-6
-1.49406e-6
4.98074e-6
-0.00834603
-7.5168e-7
-0.0166655
0.0151335
-0.00056696
0.0229528
-0.0275954
-2.65607e-5
0.0235572
-6.72518e-7
3.77879e-7
1.18798e-6
4.48635e-7
-1.44271e-6
1.14577e-7
-2.54744e-7
-0.0431001
0.0445315
-0.0469392
1.00159e-5
-3.44656e-6
8.11737e-7
0.0650127
-0.0646113
0.0657865
7.10298e-6
-8.8833e-7
8.77436e-7
-0.0762625
0.0765073
-0.0757702
-2.47249e-6
-5.70077e-8
6.91392e-8
0.0692644
-0.0697411
0.0681896
6.15011e-6
-1.30909e-6
2.23225e-7
-0.0499971
0.0425215
-0.0493485
6.77921e-7
-1.44641e-7
1.95328e-7
0.0279953
0.0229204
4.91465e-6
3.10912e-7
4.08027e-7
-0.0222701
0.0163908
0.0148479
-0.0101329
0.00890813
3.96469e-5
-1.33797e-5
5.36498e-6
-2.49676e-6
-0.00478446
-0.00244632
1.37713e-5
-2.4611e-6
1.37688e-6
0.00194528
-0.00131123
-0.000607582
-9.89289e-5
-2.13385e-6
2.75746e-7
-1.32851e-6
-1.95015e-6
0.000139755
-7.95011e-5
-4.04484e-5
1.8741e-5
2.30971e-8
-3.07752e-7
6.78442e-7
3.20203e-7
9.85564e-6
1.31876e-6
-9.95387e-6
-2.15243e-5
3.57615e-5
-4.02263e-5
-4.53761e-7
-1.40609e-5
-3.66444e-7
1.30802e-6
2.81849e-8
2.06902e-6
1.02882e-5
-1.24844e-5
5.37316e-6
-8.12607e-7
-1.18045e-5
-8.19062e-6
2.41355e-6
-6.6971e-6
2.84899e-7
-2.60533e-7
-4.59874e-6
1.63973e-5
2.39654e-6
-1.37057e-6
-2.79094e-6
8.11627e-7
5.54278e-6
-2.65408e-6
1.88518e-6
4.24986e-6
1.20826e-6
1.55702e-7
1.34406e-6
-1.00781e-7
3.42307e-6
-5.54304e-7
-7.75731e-6
1.25265e-6
1.4104e-7
-1.14399e-6
-1.18079e-6
-1.64944e-7
-2.71339e-7
-1.42641e-7
0.000496186
-0.000498632
-0.00251037
0.0099177
-0.010181
0.00676871
-0.00192782
0.00678687
-0.00209965
-0.010954
0.0176051
0.000958587
-0.0364729
0.00884221
0.0355299
0.00150474
-0.0214892
-0.0181286
0.00548849
0.0335032
-0.000227981
-0.0216356
-0.00429421
0.0182071
-2.8652e-6
5.64886e-5
-3.14916e-5
0.000123471
-4.54454e-5
-1.46957e-5
0.00655271
-0.01771
-0.00504929
0.00991604
0.00304603
-0.0043273
-2.53674e-6
5.92396e-6
8.01188e-7
-1.76725e-6
-0.00159414
0.00208147
0.000729174
-0.000929084
-2.74456e-6
1.69968e-5
-3.95395e-6
8.59838e-7
-0.000294318
0.000373633
0.000105698
-0.000136458
-1.65657e-6
5.32928e-6
-9.69206e-7
4.60223e-7
-3.379e-5
4.5271e-5
9.28942e-6
-1.54422e-5
-3.24302e-5
-1.68389e-6
5.1006e-6
0.000138126
0.000163226
-3.58733e-6
-1.61978e-6
5.05269e-6
-1.7685e-6
8.14732e-7
-1.73511e-6
7.78635e-7
0.00644125
0.000659957
-0.00137613
-0.0286905
0.0231968
0.000143104
-1.87494e-7
-4.2071e-7
1.15181e-7
-3.12128e-8
1.72983e-7
0.0180092
-0.0231029
-1.44813e-7
-6.67277e-9
-0.0460996
0.0425768
-3.19289e-7
8.89683e-8
0.0631553
-0.0647399
-1.73323e-7
9.58903e-8
-0.0684273
0.0731986
-2.24708e-8
3.37727e-8
0.0470142
-0.0610382
-7.17375e-8
1.03038e-8
-0.0310014
0.0430473
-2.80727e-8
6.24887e-9
0.0187508
-0.0253238
-3.39174e-7
1.01842e-7
-0.0109336
-0.00993703
-1.01385e-6
7.80965e-7
-3.19838e-8
0.00572697
-0.00319284
-0.00222874
0.00380122
-7.69188e-8
2.14723e-7
-9.32371e-8
0.000687681
0.000380643
4.57319e-7
-4.1283e-8
-3.38565e-8
-0.000152724
4.12204e-5
1.33247e-5
1.21843e-5
-2.11615e-7
1.60079e-7
-1.43994e-8
-1.02803e-7
6.31734e-6
-5.6356e-6
-4.47672e-6
-1.36266e-6
9.35807e-9
4.69233e-8
1.79108e-8
3.37339e-8
1.47409e-6
1.76334e-7
-3.86263e-7
-1.38627e-7
-3.22275e-7
-4.68434e-7
-2.68102e-8
2.8765e-8
-2.57464e-7
1.95445e-7
9.52706e-8
1.33357e-6
-1.74908e-6
-1.2332e-6
1.64435e-6
2.07687e-7
1.25721e-7
5.24949e-8
5.57397e-8
-2.91434e-7
-4.1439e-7
2.29529e-7
-5.01227e-7
1.87935e-7
4.81087e-7
2.74839e-7
5.63263e-8
7.12484e-8
2.98583e-8
5.37979e-7
5.4962e-8
1.04722e-7
-3.26756e-7
-1.52638e-7
8.7221e-8
8.80069e-8
-1.35828e-7
-1.60365e-7
-6.89872e-8
-1.45054e-8
-7.10288e-10
-1.82987e-7
0.000203487
-0.0197868
0.0177341
0.0272512
-0.0202252
0.0120226
-0.0121485
-0.0202332
0.0234991
-0.0155934
0.0206905
-0.0236258
0.0202053
-0.0133024
0.0285726
-0.010511
-0.0154176
-0.0508946
-0.0218586
0.0538808
0.0414224
-0.00017422
-0.000621241
0.00144236
-0.00570851
0.002897
-0.00126998
0.00427333
-0.00347642
-0.044375
0.0595821
0.0313014
-0.0287626
-0.0163969
-0.0174281
-0.0103581
0.0174257
0.0153462
5.43571e-6
8.58964e-6
-3.60441e-5
8.31959e-5
-0.000122672
4.79717e-5
-0.00746863
0.007004
0.00208295
0.00340465
0.00201833
-0.00330665
-0.00192413
4.3734e-7
6.01113e-7
-1.29504e-6
4.05769e-6
0.00106451
-0.0015962
-0.000476686
0.000638253
8.92806e-7
8.24909e-7
-4.18077e-7
-7.88747e-7
0.000191253
-0.00026487
-6.32922e-5
7.26465e-5
3.46699e-6
6.59387e-7
-1.60521e-6
-4.84019e-6
1.82475e-5
-2.48307e-5
-3.11337e-6
4.74735e-6
3.05332e-6
1.00414e-5
3.78263e-6
5.33347e-6
-2.91589e-5
-2.21461e-5
-4.97534e-7
1.10248e-6
-2.30863e-6
3.61597e-7
6.14289e-7
-3.28043e-7
-1.8421e-7
-0.00166575
0.0013735
-3.74006e-5
0.00875559
-0.0148492
-5.43643e-5
8.70977e-8
5.34956e-8
2.16292e-7
-7.68829e-8
-5.52899e-8
-1.74551e-8
-0.0058981
0.0261868
1.95873e-8
8.04093e-9
-0.0290716
-7.12225e-10
-0.0550375
0.0874101
-0.0193766
0.0588056
-0.110073
0.0103491
0.0691965
-1.71272e-8
1.07171e-8
-3.2522e-8
-3.05503e-9
-3.77743e-9
1.58491e-9
1.04709e-8
-3.54632e-9
-0.0516956
0.0735733
-0.065996
-2.44017e-8
5.80379e-9
-2.92535e-9
0.0284783
-0.0438968
0.0520572
-7.93977e-9
1.09825e-9
-1.13362e-9
-0.00506104
0.0148391
-0.0275231
-1.52115e-9
5.52955e-10
-3.84087e-10
0.00748052
0.017326
-1.72828e-8
2.26948e-10
-0.00914676
0.00499016
0.006495
-0.0113863
-2.59016e-8
8.57178e-9
4.92765e-9
-3.51386e-9
-3.28589e-10
-0.0051563
0.00679751
1.9031e-8
-7.2108e-9
0.00212361
0.00113112
-1.27131e-8
1.37838e-8
-0.000498452
-0.000259492
3.11942e-5
-0.000295778
8.73979e-9
3.64497e-8
-4.06102e-8
7.21944e-8
1.04228e-8
1.99112e-5
6.99666e-6
8.80386e-9
-1.14197e-8
-1.37183e-5
9.42118e-7
3.9474e-6
1.42066e-6
-1.2009e-8
1.74644e-8
1.97119e-8
-1.96445e-8
-3.10303e-8
8.39241e-9
-4.27707e-7
-1.35973e-6
-1.6394e-7
-3.12779e-7
6.26678e-9
-1.36504e-9
3.68604e-9
1.9225e-9
5.46418e-8
-1.50766e-7
2.806e-8
-3.19593e-8
-4.3465e-8
-1.17126e-8
-8.91362e-10
-2.4294e-9
-3.99562e-8
-1.34672e-8
1.20013e-8
-7.01934e-10
1.9816e-7
-4.9998e-8
6.38977e-8
-2.10864e-9
1.45032e-8
-5.77811e-9
-2.29982e-9
2.04743e-8
-2.01165e-8
5.56733e-8
-5.6069e-8
1.93134e-9
5.78642e-8
4.8721e-8
1.81823e-8
5.71079e-10
-5.29277e-9
3.69542e-8
1.55055e-8
2.02222e-9
-1.61285e-9
-7.89333e-9
3.3525e-9
-4.17155e-9
8.88812e-9
-1.0167e-8
1.64425e-9
4.67973e-9
-6.89023e-9
-2.47618e-8
-1.37449e-8
-2.8381e-9
2.59914e-9
-6.61049e-9
-7.45686e-9
-2.75275e-9
-3.43143e-10
2.30292e-9
9.33652e-10
6.10867e-9
8.11458e-9
3.07651e-9
2.03096e-10
-1.37184e-9
2.91509e-9
0.00541218
-0.00469191
0.00266435
-0.0171651
0.0169266
0.00123452
0.016529
-0.00779286
-0.013233
0.0100729
0.0113268
-0.0316216
-0.00356047
0.0264828
0.000484425
-0.000148991
0.000378402
-0.00141136
0.00111794
-0.0014582
0.00224552
-0.0464356
0.0334853
0.0210714
-0.0101468
-0.0105296
-0.00589343
0.00784416
-3.07564e-5
7.56635e-5
-0.000148831
4.07612e-5
-6.7543e-5
-0.0059439
0.00279663
0.00290488
0.00173042
-0.00233956
1.66407e-6
-1.51299e-6
-2.87786e-6
9.11334e-6
-4.05218e-6
5.01379e-7
0.00134252
-0.00106683
-0.000233741
-0.000470258
-0.00027914
0.000537482
0.000204868
-6.10007e-7
2.9727e-7
2.51159e-6
-3.53552e-6
-4.81148e-6
-8.56338e-5
-1.64564e-5
0.000108355
1.99088e-5
-5.60631e-5
1.15305e-5
1.8809e-5
3.93089e-5
-1.13525e-5
1.96752e-6
-1.06964e-5
6.73091e-6
1.29358e-5
3.21968e-6
0.000320608
1.13391e-5
-0.000308025
6.90769e-5
0.000219595
-3.12001e-7
-1.84052e-7
-1.89152e-6
5.90479e-7
4.92913e-8
-0.000897854
0.000638359
0.00176179
0.00255194
-0.00486867
-0.00237779
-7.09408e-9
2.36981e-8
-6.71992e-9
-7.21838e-9
4.74842e-9
-4.59848e-9
-0.00734627
9.98299e-10
-0.0144577
0.0320533
-0.00724446
0.0212785
-0.0262385
0.00197433
1.56128e-9
-9.27198e-10
-1.00466e-9
4.26144e-10
1.09007e-9
-3.48213e-10
-0.00585494
0.0226146
6.99161e-10
-3.02998e-10
-0.0110629
-0.00471444
1.64457e-10
-7.47519e-11
0.041078
-0.0146558
2.91549e-10
-1.83096e-10
-0.00833897
-0.00369132
0.00601177
0.00253959
-0.00405541
-1.14348e-10
-1.01002e-9
2.27249e-9
-1.07012e-9
-2.31622e-10
-0.00174069
0.00357065
-1.42146e-9
4.39987e-10
-0.000417425
0.000187254
-3.98135e-5
-6.30216e-5
0.000163158
-7.61739e-8
9.27781e-8
-1.03283e-7
9.84367e-8
1.70407e-8
-2.46879e-5
6.53751e-6
-7.51417e-7
-2.5317e-6
1.84542e-6
3.36872e-8
-3.48883e-8
3.64771e-8
-4.04038e-8
1.42912e-8
8.88016e-7
5.55412e-7
-3.17571e-10
-7.10622e-9
2.56947e-8
-3.11373e-7
-1.13397e-7
3.43449e-8
7.77382e-10
-5.64671e-10
8.45567e-10
3.518e-9
-8.89743e-9
5.59968e-8
1.70264e-8
-2.44287e-8
1.432e-8
3.61873e-10
-1.35025e-10
3.58025e-10
-1.5116e-9
9.02043e-9
3.6482e-9
-4.07612e-9
3.22402e-9
-4.17091e-9
-6.90041e-11
1.90048e-10
4.32829e-10
-2.87341e-11
-7.31125e-10
-1.06013e-9
2.79545e-10
-1.37729e-9
-6.44422e-10
2.52649e-9
-1.35998e-9
2.06654e-9
3.75613e-10
-5.06374e-10
-2.15735e-10
9.7767e-11
-1.40297e-10
2.66028e-10
-4.47017e-10
-4.64577e-10
2.99855e-10
-9.23569e-10
-3.04358e-9
-2.17333e-9
-4.37583e-10
3.88579e-10
-1.00161e-10
-8.895e-10
-4.57604e-10
-8.3722e-11
1.44272e-10
1.47421e-11
6.36454e-10
8.03476e-10
1.91497e-10
-2.72622e-10
-1.91367e-10
3.73013e-11
-0.00919897
-0.0150367
0.0114671
0.0218889
-0.0134048
-0.0260553
0.0186407
0.0325442
-0.0203508
-0.0220505
0.00931288
-0.0272861
-0.00022014
-0.00294883
0.00417809
-0.00588949
0.00402393
-0.00352292
0.00855553
-0.0242105
0.0234823
0.0068184
-0.00315763
-0.0015554
-0.00108974
0.000599953
-2.14805e-5
0.000344357
-0.000286062
0.00109034
-0.000382169
-0.00199345
-0.000627826
0.000792803
0.00080215
-0.000597327
2.24898e-6
-2.18677e-5
2.95747e-5
-7.47996e-5
2.84207e-5
0.000790547
-3.9895e-5
-0.000305331
-0.000287963
0.000316967
-7.27376e-6
1.80989e-5
-1.07061e-5
-0.000220606
-0.000151766
0.000225557
-1.88769e-5
6.09048e-5
-5.38218e-5
-4.66908e-5
-5.28064e-6
4.98544e-5
-4.77252e-5
-2.72521e-5
0.000159156
-0.000281851
-0.000154073
1.40824e-6
-5.9986e-6
3.68688e-6
5.79067e-6
1.86181e-6
-0.000494329
0.000668146
-0.00107147
0.00335974
0.00125863
-6.56661e-9
-2.1856e-7
-1.15985e-6
2.04958e-7
5.82311e-8
0.00634858
-0.00426517
0.00607332
-0.0118727
0.00417485
-0.00928904
-3.07124e-9
-3.15981e-9
-2.50821e-8
1.05635e-8
9.52604e-10
1.81716e-9
0.00512335
3.78459e-10
0.00057997
0.00461976
0.00291866
-0.00123861
-0.00446228
-0.000672931
-0.000643597
-0.0134267
3.77802e-10
-6.5932e-10
1.09629e-10
-3.89228e-10
0.0209147
-0.010871
-0.0141411
-1.28486e-11
2.44548e-10
-0.0476622
0.022618
0.0338179
-1.29865e-10
2.02547e-10
0.0512582
-0.0143491
-0.0562712
4.95054e-10
-8.38757e-10
-0.00595732
-0.00541708
0.00733554
0.00180422
-0.00191025
3.11689e-9
-1.11439e-9
1.08815e-9
-0.000552578
0.00103672
-9.77566e-9
4.56753e-9
0.000102403
-1.83666e-6
-2.26175e-5
3.07295e-6
-1.06221e-5
-1.04569e-7
8.22957e-8
-9.33851e-8
5.16015e-8
-8.53425e-9
1.04792e-5
-2.21109e-6
-6.70477e-7
6.44332e-7
-6.26645e-7
4.23369e-8
-3.3024e-8
3.36861e-8
-3.12814e-8
5.30187e-9
1.73882e-7
4.26051e-8
-7.95395e-10
6.75972e-8
5.23124e-10
3.29248e-9
-7.1262e-9
-1.4891e-8
-6.91508e-9
-1.11391e-8
1.18803e-9
-2.75893e-11
-2.25742e-9
3.55693e-10
1.83073e-9
-3.21275e-9
5.51363e-10
-2.90486e-10
2.73451e-10
8.07596e-10
-3.28504e-9
9.06368e-10
5.01439e-10
5.41377e-12
1.87497e-10
2.58464e-10
-3.12127e-11
2.96573e-11
-8.73576e-11
6.403e-10
-1.32575e-9
-1.84025e-11
-4.03209e-11
-1.3449e-10
-2.09901e-11
2.04975e-10
5.48555e-12
4.05002e-10
1.84669e-10
7.99159e-11
7.16015e-11
2.22632e-11
1.82065e-11
3.77327e-11
1.4951e-10
-2.47944e-10
1.50075e-10
3.7382e-10
-5.94935e-10
2.78669e-10
5.10672e-10
8.85069e-10
4.81087e-10
3.53639e-10
3.26593e-11
-6.29278e-10
-9.7187e-11
-5.42643e-10
-2.05435e-9
-1.31773e-9
-3.17848e-9
-1.87418e-9
-0.0018273
-0.000866666
-0.000134235
0.00286587
0.00375373
-0.00434829
-0.00601261
-0.00195993
-0.00166664
0.00630961
-0.0082168
0.00595496
0.00560066
0.0414617
-0.0395282
-0.026755
0.0107615
0.00240843
0.000379479
1.17526e-5
0.000133724
0.000353077
-0.000398865
0.000753228
-0.000486685
-4.43529e-5
-0.000123773
-9.03185e-5
1.30147e-5
4.55613e-5
-6.48832e-6
-3.29648e-5
1.54831e-5
-0.000140032
4.41995e-5
8.62428e-5
0.000144625
1.55759e-5
-5.27524e-5
3.30946e-5
1.30338e-5
1.16376e-5
-3.15537e-8
-0.000106921
-0.000121505
0.000119621
4.62441e-5
3.50539e-5
-4.02883e-5
-9.42668e-5
-6.88932e-5
9.54515e-5
0.000134488
8.85115e-5
-0.000113698
-1.99385e-5
-2.64279e-6
1.85879e-5
0.000468536
-0.000383467
0.000192364
-0.00152113
-0.00029391
8.3788e-7
-2.77773e-6
-7.11571e-8
2.71945e-6
1.18085e-6
-0.00343891
0.00298304
-0.00156835
0.00983
0.00223719
2.83556e-8
-5.50916e-8
-2.28148e-7
1.4772e-8
3.72528e-9
0.0221133
-0.0164215
0.0120348
-0.0206811
-0.0271377
0.0199147
-0.0128123
4.58002e-9
-1.44244e-8
-8.40037e-9
2.52501e-8
-4.88168e-8
0.0134958
3.23156e-9
-2.19559e-9
-2.62842e-9
1.79727e-9
-5.90015e-10
-5.93338e-10
4.41511e-11
-0.00311228
-1.33258e-9
4.51001e-9
0.000559199
-0.000722815
-2.86673e-10
1.2268e-9
-3.36796e-5
0.000103179
-4.46521e-10
4.97837e-5
-1.45796e-5
5.71073e-9
9.9243e-10
-1.84312e-6
-2.80172e-6
1.39467e-6
4.53397e-6
-5.66423e-8
1.77067e-8
-1.32752e-8
-1.99286e-6
6.23595e-7
2.44303e-7
-1.35641e-7
5.92211e-7
3.15174e-8
-1.50652e-8
1.72586e-8
-4.9615e-9
-5.15465e-9
-2.29942e-7
4.485e-8
2.2503e-8
-1.94544e-8
2.13161e-9
-8.8794e-10
3.39037e-9
3.13136e-9
7.10519e-9
3.46677e-9
4.46157e-9
-1.21722e-9
-3.69467e-9
-1.27953e-9
-1.84285e-10
-2.68567e-10
1.25572e-9
2.81265e-9
-1.12787e-8
2.84051e-11
-2.95023e-10
-3.0884e-10
-7.29741e-11
1.88475e-10
-1.08617e-9
2.94774e-9
-5.48849e-9
1.52232e-10
-2.3754e-11
-6.33828e-13
-3.06799e-11
5.60365e-11
-1.48747e-10
-1.51888e-11
-1.32247e-10
-2.51386e-10
8.34011e-10
-2.82848e-11
2.68662e-10
-2.74466e-10
8.19486e-11
5.71735e-10
-7.93996e-10
1.21863e-9
5.17414e-11
-5.35061e-10
3.63682e-9
1.95102e-9
7.06007e-10
2.37352e-10
2.00126e-10
-4.01702e-9
2.82943e-9
-1.81579e-9
-1.66905e-9
5.31392e-9
4.39842e-9
4.15782e-9
1.02816e-8
8.34721e-10
-9.0418e-10
-6.68513e-9
-0.00999565
0.00953721
0.010768
-0.0159815
0.0125271
-0.00903243
0.016661
0.00520173
-0.0136125
-0.00246467
0.009756
0.00388247
-0.00818467
-0.0121784
0.00940905
0.0261098
-0.012935
-0.00080405
-0.00217598
0.000515708
0.000462235
0.000259488
-3.10431e-5
-6.22994e-5
0.000205007
-0.00211754
0.000927636
0.00369267
-5.91016e-5
-0.000140571
5.70462e-5
-9.77218e-6
-6.02067e-6
-1.69137e-5
-2.28851e-5
1.06074e-5
2.51416e-5
-0.000105159
4.45632e-5
-2.83232e-5
1.38804e-5
1.25197e-6
1.22285e-5
-1.10638e-6
5.59498e-6
1.11459e-5
-7.81781e-6
9.04344e-6
4.46742e-5
9.28284e-8
-5.49792e-6
-3.67813e-5
-4.54706e-5
4.00351e-5
0.000116508
-1.48026e-6
-1.96258e-5
-3.89437e-5
-3.03255e-5
3.8559e-5
0.000265814
-2.09822e-7
-4.72973e-5
-6.14279e-6
-2.38356e-6
9.26882e-6
0.00103587
-0.000774819
0.000107937
-0.00036781
-0.00234289
-9.78024e-5
-6.37306e-7
2.08698e-6
3.87282e-7
-1.16114e-6
-0.0107797
0.00542592
-0.00102156
0.00416211
0.0195008
0.00113624
5.47798e-8
-2.77216e-7
2.80018e-8
-1.33193e-7
2.80325e-7
9.1356e-8
-0.000183449
0.01454
-0.0176295
0.00686371
-0.0137616
-0.00210832
0.0184625
-3.32326e-8
1.27152e-7
1.31523e-8
-2.68927e-8
7.93346e-8
0.0247088
-0.0104187
-5.03783e-9
9.27611e-9
-0.0241583
0.0119863
5.04728e-10
4.41099e-9
0.0138237
-0.00235175
1.83395e-9
-7.01902e-9
-0.00489631
-0.0046386
1.12268e-9
-1.83013e-9
0.00319585
0.00055143
-5.22334e-9
-4.62207e-10
-0.00329083
0.00380398
-1.37675e-8
5.36183e-8
-0.000172236
-0.000372071
7.12771e-9
0.000112534
-2.04227e-5
9.27299e-9
-5.16227e-8
-3.61931e-5
6.73183e-7
2.26165e-9
-1.01825e-8
-1.37192e-8
-1.28719e-6
1.17912e-6
1.97629e-9
-4.94291e-7
7.22603e-7
1.18441e-9
-1.83488e-8
1.18669e-7
-1.52679e-7
-3.7343e-9
-2.10002e-7
3.06334e-9
1.38307e-9
7.93054e-8
-3.00482e-8
-5.78187e-9
4.45313e-9
-2.02942e-8
3.23175e-9
-1.2304e-8
7.05972e-9
-1.60843e-9
5.0233e-9
-1.1683e-9
1.37363e-8
2.6647e-9
-2.18275e-8
-1.24575e-10
-1.29158e-9
7.47906e-10
5.33659e-9
6.00468e-9
-4.20915e-8
6.85458e-10
-1.85539e-9
-3.2362e-10
-3.64851e-9
1.01495e-8
-1.59447e-8
-1.05543e-10
1.19858e-9
2.31444e-10
-8.63093e-10
1.28616e-10
5.18771e-10
-1.72565e-10
-1.35025e-9
2.11646e-9
-3.83402e-10
-5.21236e-10
-3.66881e-10
4.05412e-10
1.67679e-9
-1.40958e-9
-2.63512e-9
-3.76367e-9
-1.5351e-9
4.16909e-10
-4.46424e-9
1.36143e-9
4.33378e-9
-4.92038e-9
1.22896e-8
1.08047e-8
-9.47787e-9
-1.77767e-8
-4.84919e-9
-2.24488e-8
-3.01666e-8
1.35518e-8
-9.24986e-9
-6.12583e-9
2.59178e-8
1.80371e-8
2.70424e-9
4.58188e-8
-2.85703e-8
4.67415e-9
5.4591e-8
3.21908e-8
7.55369e-9
1.36915e-7
-2.36639e-8
2.40734e-8
0.0136493
-0.0163383
-0.0185477
0.016907
0.0166294
-0.015441
-0.0120787
0.0106447
0.00854307
-0.00575473
-0.00802831
0.00381893
0.0068338
-0.00202652
0.000211817
0.000148269
0.00390743
-0.00178157
-0.00765699
0.0104258
-0.004228
-0.0131202
-0.000522541
0.000232081
0.000103879
2.72097e-6
4.25481e-6
-2.02558e-6
6.64281e-5
-4.09175e-5
-0.000306674
6.26863e-5
3.28295e-6
1.84566e-6
2.07649e-6
-3.7488e-6
-1.40266e-6
-3.8444e-6
1.27718e-6
-1.6451e-5
5.04496e-6
4.79248e-8
1.8576e-6
-8.61958e-7
7.25814e-6
-1.06113e-7
3.42294e-7
3.65424e-6
-1.87901e-6
2.13545e-6
1.9697e-5
-2.69332e-6
-1.11532e-6
-1.29966e-5
-2.34383e-5
2.50291e-5
4.01443e-5
-5.85601e-6
-2.5913e-6
-2.32705e-5
-4.24038e-5
4.28568e-5
0.00013983
-4.5584e-6
-2.95051e-5
-4.70849e-6
-4.16837e-6
8.55081e-6
3.1907e-6
-9.85874e-6
-0.00172967
-0.000613015
0.000656478
0.000253552
1.03813e-6
-3.85788e-6
-1.06665e-6
3.97915e-6
0.00825916
-0.0148694
0.00882288
-0.00540411
-0.00947155
-0.00429237
-1.40493e-7
9.82344e-7
-2.76734e-7
6.53513e-7
-1.40654e-6
-2.626e-7
-0.0234303
0.024809
-0.00941473
0.0232686
0.03446
-0.0279753
-0.0342949
0.00384614
-3.32093e-10
-1.17605e-7
-3.212e-8
1.55604e-7
-0.0316601
0.0259454
0.0317177
2.12448e-8
-7.77084e-8
0.0202304
-0.0159015
-0.0201456
7.97289e-9
1.37257e-8
-0.00913694
0.00550885
0.00924482
3.78465e-9
-8.60903e-8
0.00386461
-0.00166113
-0.00397509
-3.22946e-8
1.29955e-7
-0.00171714
0.000319844
0.00225808
-1.5563e-7
5.10086e-7
0.000107091
-3.48023e-5
4.03377e-5
3.73596e-8
-3.69373e-7
1.9206e-7
-4.12251e-6
1.14534e-5
1.08647e-7
-2.10894e-6
-6.26648e-7
-3.94474e-8
-3.88302e-7
8.32447e-7
-3.30244e-7
-1.1745e-8
3.39517e-8
1.08579e-7
-9.19663e-8
8.22242e-9
2.31597e-8
2.58146e-8
-4.37434e-9
1.28067e-8
-1.11737e-8
3.63534e-9
-3.96347e-8
-3.23256e-8
4.12671e-8
-1.15883e-8
2.09253e-8
3.20626e-9
7.10857e-8
6.73906e-10
-1.91437e-9
2.97786e-9
3.1054e-8
1.39738e-7
-1.75678e-7
2.26709e-9
-1.38499e-8
-9.21372e-11
-1.41603e-8
7.93635e-8
-1.1489e-7
-3.42395e-9
3.64945e-10
-6.04604e-10
1.58994e-8
1.13037e-9
4.16395e-9
-1.49614e-8
3.99415e-10
-1.56018e-8
5.3695e-9
2.56004e-9
-5.56885e-9
-1.68994e-9
7.13896e-9
-1.71996e-9
-1.35396e-9
-1.84436e-9
-8.641e-9
-1.24852e-9
3.30352e-8
-2.42845e-8
-8.22428e-8
8.98393e-9
-8.9407e-8
-2.56394e-8
5.73335e-9
-8.36445e-8
6.52838e-8
-7.35825e-8
5.01119e-8
-1.71346e-7
-1.10222e-7
-1.82212e-7
3.6236e-8
-2.0481e-7
-4.21613e-7
1.6078e-8
2.39472e-7
-3.0536e-7
4.2636e-7
4.56522e-8
2.49093e-8
7.36373e-7
-1.12484e-8
9.9906e-8
1.39221e-6
-1.98474e-7
-0.00626674
0.00520577
0.0109639
-0.00505204
0.0169675
-0.00898339
-0.0194125
0.0135066
-0.00737137
0.00160743
-0.000836633
0.00019325
0.000276328
-0.000240026
0.000348953
-8.43222e-5
-3.65907e-5
-9.07022e-5
0.000697606
-0.000216721
0.0022408
-0.000908199
1.73603e-5
-5.92e-6
2.79616e-5
-1.18415e-5
1.85271e-5
-5.80495e-6
3.87226e-6
-1.15653e-5
4.19006e-6
-8.18581e-7
2.45849e-6
-9.78799e-7
2.01014e-7
-6.25644e-7
1.85924e-7
-8.6861e-7
-1.68256e-6
2.14817e-6
1.91279e-7
1.55297e-6
-6.554e-7
-4.69514e-6
5.07518e-7
2.89298e-7
1.60421e-8
1.30819e-7
1.65114e-5
-3.0825e-5
1.41125e-6
2.26884e-7
-1.76024e-7
-7.40513e-8
3.05474e-5
-8.58286e-5
6.41224e-6
3.52196e-10
-1.33065e-6
1.61276e-6
-1.15026e-5
-5.93181e-7
2.92436e-5
-8.2636e-5
-0.000221741
-9.39781e-5
6.76941e-5
2.86764e-5
1.34221e-5
-4.19246e-5
-1.40322e-5
4.42387e-5
0.00294471
0.00183069
-0.0013401
-0.000679582
-3.42273e-6
1.28e-5
2.92885e-6
-1.17041e-5
0.00218576
0.000479758
-0.00238712
-0.0026176
-0.00924539
0.00453475
0.00227767
3.92213e-7
-5.11945e-7
4.29865e-7
-1.17158e-6
1.5988e-7
-9.09445e-7
-4.70946e-7
1.25334e-7
1.40333e-7
-1.92234e-7
6.90481e-7
-2.18064e-6
-0.000251151
-7.75305e-7
0.000104233
0.000124602
-9.9666e-5
-3.54509e-5
1.04013e-6
-1.14913e-6
7.78566e-7
3.47404e-6
-6.4254e-6
2.10027e-5
-2.68624e-6
-2.01837e-7
8.21264e-7
3.80674e-7
-2.8324e-6
-1.22399e-7
8.10604e-7
1.53218e-6
-4.9699e-7
-4.81554e-8
5.32941e-8
1.29247e-7
-4.52091e-7
1.24643e-7
-4.96895e-8
8.59717e-8
-2.91205e-8
6.12682e-8
-1.23383e-7
7.65291e-9
2.13813e-7
-8.23534e-8
-5.05967e-8
3.5832e-7
-1.09466e-10
8.77569e-9
-4.83998e-9
-7.65483e-9
-8.34664e-8
5.60583e-7
3.62615e-8
1.38809e-8
1.33545e-8
-1.47995e-7
-8.39564e-8
3.66573e-7
1.48136e-8
-1.6314e-7
-7.10432e-8
3.33155e-7
-1.05231e-9
3.18477e-8
7.71629e-8
4.27583e-8
1.45989e-8
-6.06997e-9
7.02349e-8
-2.22063e-9
7.07494e-9
3.63944e-9
1.59322e-8
-1.02159e-7
4.05741e-8
3.24059e-8
-7.13103e-8
-2.61315e-8
1.25606e-7
-2.38873e-8
4.37406e-9
2.69385e-8
-1.85286e-7
-4.71907e-8
1.07601e-6
4.64856e-7
9.48518e-7
2.96332e-7
-1.07728e-6
-5.79659e-7
9.6697e-8
-1.32287e-6
-2.01788e-7
1.12133e-7
4.532e-7
-1.7822e-6
-1.60241e-6
2.0459e-6
-4.85776e-6
-4.94967e-7
-1.71184e-6
1.14953e-6
-0.0120868
0.00796632
0.012971
-0.00180663
-0.00791855
-0.00127406
0.00222395
0.00543692
0.00465001
-0.00927977
-0.00108016
-0.000836762
0.000369918
0.00160694
-0.000781361
0.00219316
-0.00194202
0.000803113
-0.0051892
0.00170676
0.00857288
-0.00202618
0.000263336
-4.13526e-5
0.000261621
-0.0002004
4.96165e-5
5.07966e-6
0.000316414
-0.000116545
5.92166e-5
-1.28576e-5
3.08665e-5
-5.34199e-6
4.44996e-7
-4.44053e-6
4.61121e-6
1.70284e-5
1.38899e-6
-2.86542e-8
1.48358e-6
-1.1672e-6
-3.57311e-6
5.9277e-7
8.17478e-6
-7.71747e-6
3.02387e-6
-4.81795e-6
1.11689e-5
-2.31996e-5
-1.24587e-6
2.31425e-5
0.000105404
-0.000117792
4.66986e-7
0.000252522
0.000257064
-0.0004858
-1.84404e-5
-8.46877e-6
5.38698e-6
2.84845e-7
0.000115909
-0.000282561
-0.000122952
0.00029904
0.000521816
0.000219386
-0.000175314
-6.12463e-5
-4.17834e-5
0.000118759
3.77227e-5
-0.000104458
7.1344e-5
-0.00142189
0.000267972
0.000723314
8.57646e-6
-2.65943e-5
-5.63186e-6
1.80311e-5
4.77395e-6
0.0178108
-0.0249932
0.0113712
-0.0108634
-0.0192318
0.00165366
0.0301818
-0.00913504
1.46876e-6
-3.54179e-6
1.19966e-7
-2.63618e-6
0.0108656
0.004155
-0.0208132
-7.41368e-7
2.53796e-6
-0.000966755
-0.0119552
0.00962116
4.45917e-7
-6.40631e-7
-0.0119535
0.0192779
0.000943456
-1.89605e-7
-7.04274e-7
0.00362141
0.000989792
-0.000930037
-1.9368e-6
6.14123e-6
-0.00199324
0.00217253
0.000843824
7.21455e-6
-2.29672e-5
0.000242214
-0.000769103
1.40853e-5
-1.70465e-5
-2.74344e-5
-4.2733e-6
-9.30326e-7
-3.85862e-5
-3.31509e-6
1.69268e-5
3.97993e-5
-1.18623e-5
-1.5866e-7
6.29053e-7
2.55405e-6
-7.00752e-6
-1.51761e-7
1.08494e-6
9.90141e-7
-2.10168e-7
-3.4892e-7
2.1226e-7
1.76122e-8
-1.39465e-7
8.42947e-7
-4.58271e-7
-1.93669e-7
-1.12371e-6
6.81657e-8
-5.24454e-7
-1.66441e-6
2.36816e-6
4.52887e-9
-1.27994e-7
-1.58529e-6
1.67079e-6
6.54503e-7
-1.71572e-7
-1.56626e-7
9.23394e-7
-1.95095e-7
-1.6478e-7
-2.77029e-7
-2.42309e-8
4.6014e-9
1.16106e-7
-5.18192e-7
6.63637e-7
1.96632e-6
-1.06584e-7
-1.23015e-8
9.02311e-7
-2.76846e-8
1.13221e-7
-1.35844e-8
-2.39892e-8
-2.19983e-6
4.17988e-7
4.74032e-7
-1.12705e-6
-3.91731e-7
2.27276e-6
-5.06549e-7
9.62823e-8
1.46477e-6
-2.86796e-6
3.46163e-6
-1.41699e-6
-2.48161e-6
1.55109e-6
1.08993e-5
-9.15706e-6
8.65013e-6
1.32671e-5
-1.11938e-6
-2.19785e-6
1.09609e-5
-6.73967e-6
1.50486e-6
1.52581e-5
-4.84088e-5
3.27151e-5
-1.16376e-5
-5.21373e-5
-1.08992e-5
0.00404927
-0.00203073
-0.00600636
0.00155186
-0.0012625
-5.85712e-5
0.00731109
-0.00282744
-0.00917485
0.0104753
3.52265e-5
-0.00161427
-0.0106888
0.0221619
0.00658227
-0.0138504
0.000612774
-0.00362165
-0.000233436
-3.23078e-5
-0.000951763
0.000419897
0.00116993
-0.000207536
0.000282999
-4.64504e-5
-5.32747e-5
0.00018136
0.000107476
-0.0002806
1.68377e-5
-5.48848e-6
1.71802e-5
3.24881e-8
-1.55737e-6
3.61326e-5
-0.000144491
5.57746e-5
-8.99746e-5
0.00030047
-3.52745e-6
-2.10266e-5
1.95782e-5
2.35746e-5
7.37715e-6
-1.94592e-5
3.01578e-5
-2.25089e-5
-2.79044e-7
7.00913e-5
-5.8933e-7
1.82695e-6
3.18058e-6
5.67119e-7
-8.48103e-5
0.000256362
-1.83504e-7
-3.10941e-7
1.33458e-6
-2.8597e-7
-0.000244034
0.000573114
-1.20011e-6
2.60315e-7
3.20146e-7
-8.15143e-8
0.00056467
-0.000884921
-0.000627714
0.00112005
5.00239e-5
1.45967e-5
-1.16989e-5
-3.11817e-6
-0.000297691
0.000639066
0.00026483
-0.000588227
-0.00026404
-0.000303105
0.000129616
0.000109107
6.83106e-5
-0.000183328
-3.78602e-5
0.000158359
-0.00425654
0.00478088
-0.00109588
0.00205404
0.00690294
-0.00164443
0.000462973
-2.38783e-5
6.17506e-5
1.36366e-5
-1.45262e-5
0.00125399
-1.28035e-5
0.000805599
7.58025e-6
-5.5242e-6
7.18297e-6
1.13174e-6
-3.29431e-7
0.00592756
-0.00613277
6.89949e-5
-6.8967e-5
-1.70838e-5
0.00178945
-0.00482352
5.57196e-5
-0.00011067
-0.0011606
0.0032067
0.000403169
-6.86916e-5
9.35367e-5
-0.000249302
0.000843015
-0.000266885
-4.13224e-6
1.66591e-5
4.69009e-5
-6.77946e-5
-3.21015e-6
2.0745e-5
1.24305e-5
-3.40442e-6
1.56724e-7
-5.16318e-7
1.10222e-6
-2.21362e-6
-9.87449e-7
3.4191e-6
-1.5975e-6
1.59973e-6
-1.75957e-6
1.07778e-6
-7.26636e-7
-1.08172e-5
4.60301e-6
3.01563e-6
-1.94547e-6
3.05287e-7
-6.29652e-7
1.68737e-9
-5.80857e-8
2.20844e-6
-3.52121e-6
-2.27112e-7
-3.65126e-7
2.97347e-7
1.13023e-6
1.32421e-6
-5.61493e-6
-1.07299e-6
-5.88106e-6
-1.74266e-6
1.50823e-5
-6.78752e-7
-5.54916e-6
4.24649e-7
5.00884e-6
3.9696e-6
-2.25412e-5
1.00224e-8
1.51301e-6
-2.55171e-6
3.61772e-5
-9.99231e-6
-4.6594e-6
1.62611e-5
2.6138e-8
-1.99179e-8
-3.50373e-8
4.47457e-7
-2.01111e-5
7.26444e-6
3.13203e-6
-6.24074e-6
-4.22455e-7
2.5992e-6
-2.53796e-7
-6.39974e-8
-2.3501e-6
-1.91097e-6
6.14141e-6
-7.9664e-6
-1.85975e-5
-2.17801e-5
-8.87399e-6
3.17711e-5
-5.79297e-6
8.03899e-7
1.36005e-5
7.87073e-5
-3.87603e-5
-0.000135416
0.000123702
-7.3077e-5
3.02959e-5
-9.10747e-5
3.95373e-5
3.97928e-5
-4.58828e-5
-0.0102929
0.00928107
0.0171592
-0.010035
-0.0139448
0.00912524
0.00169128
0.00707105
0.000673338
0.000511008
0.000120215
-0.000476948
-0.00139125
-0.000144444
0.00287746
-0.0112568
0.0341063
-0.0353588
0.0149091
-0.0138978
-0.0036502
0.000555249
0.000362024
-0.00143535
-0.00061567
0.00202556
0.000284328
-9.7321e-5
0.00032241
-1.32123e-5
-0.000532343
0.00140993
-0.000783206
0.000701152
-0.00221127
3.97254e-6
-1.53478e-5
2.98346e-5
-2.06765e-5
-3.8664e-6
0.000418137
2.99272e-5
-0.000246997
-7.67331e-5
-0.000212316
0.000205522
5.41147e-5
-8.15535e-5
-6.75147e-5
7.65173e-5
-8.87208e-6
-0.000585587
-0.000106521
0.000430767
-1.16996e-6
-9.80753e-8
0.00108602
-0.00162581
1.80102e-6
9.39745e-7
-5.88469e-7
5.07018e-7
-0.0012151
0.00207169
0.00101235
-0.00224872
-5.24934e-5
-3.2969e-5
1.54651e-5
8.69059e-6
0.000398881
-0.00093255
-0.000275972
0.000757441
-0.00084599
4.69371e-5
0.000319758
-0.000418729
-5.06701e-5
-0.000145494
0.000288546
-4.89997e-5
0.000513614
1.47977e-5
3.05938e-5
-3.18147e-5
-1.14864e-5
0.0174132
-0.0135591
0.00530167
-0.0150475
-0.0287155
0.0149562
0.0168883
-0.00519378
9.98771e-6
-3.19402e-5
-1.71143e-5
1.27993e-5
0.0237573
-0.0105283
-0.0191413
2.08843e-5
-4.19481e-6
-0.0051245
-0.00681143
-3.77065e-5
0.000132123
0.00633003
-0.00800159
-0.000232475
0.000336385
-0.000249481
-0.00344002
0.00320536
-9.24775e-5
9.47422e-5
0.000842252
-8.59827e-5
-8.21253e-5
-1.16113e-6
8.92405e-6
1.95277e-5
-4.41882e-5
-2.22348e-5
2.34569e-5
7.64076e-6
-1.00209e-5
1.75612e-6
-3.47506e-6
1.17579e-5
6.65318e-5
-2.81405e-5
2.81451e-6
-1.54008e-5
7.57728e-6
-4.30908e-6
1.54147e-6
-1.19981e-6
6.31235e-6
2.69938e-6
6.37202e-6
1.12759e-5
-1.13936e-5
8.80446e-6
8.04663e-6
1.83558e-5
-1.61922e-5
-5.64355e-5
8.21765e-5
-3.73e-6
3.2246e-5
-2.95981e-5
-0.000104077
-4.6401e-5
0.000123163
-1.2756e-6
1.93968e-6
3.63281e-6
-2.00938e-6
-0.000117111
3.9796e-5
1.21874e-5
-1.09032e-5
3.45215e-7
7.81317e-7
-1.51879e-6
-1.5351e-5
-5.18387e-5
8.20588e-6
1.18648e-5
-4.12021e-5
-1.26172e-5
4.15562e-5
4.47068e-6
-1.0399e-6
4.31873e-5
-2.88222e-5
0.000145474
-0.000174517
0.000135296
-0.000201243
0.000620174
0.000627933
0.000370181
-0.000725056
-8.31586e-5
1.3114e-5
-7.24006e-5
0.000105144
-3.3772e-5
-0.000617019
0.000415872
0.00317301
-0.00329357
-0.00542842
0.00487793
-0.00859581
0.0121498
-0.014145
-0.0287368
0.0251508
0.0176367
-0.0119467
0.0069446
0.00848964
-0.00157637
0.00310537
-0.00377508
-0.00226515
0.000711858
0.000531229
-0.00191844
0.0227621
-0.0368592
0.00690766
-0.0113399
-0.00209423
0.00203532
-2.14482e-5
0.00158357
-0.00368628
0.00329072
0.00164201
-0.000105299
-2.94193e-5
1.47591e-5
0.000160534
-1.3445e-5
-0.00229717
-8.80071e-5
0.000593466
-0.000902368
0.00157082
-0.000875628
0.00148772
-0.00252165
8.8958e-5
0.000759289
-0.000945586
-0.000333003
9.63177e-5
-0.000299746
0.000280925
-0.000105987
-0.000168511
0.000222922
1.31374e-5
-3.38554e-5
3.48621e-5
-1.95274e-5
-0.000509181
0.000541265
1.16671e-6
-1.44667e-6
4.2384e-7
-3.70481e-6
-0.000986036
0.000198841
0.00175827
-0.00134368
-1.83206e-7
6.40281e-8
-0.00237779
0.00265064
-3.57397e-6
-2.15979e-6
7.55142e-7
3.0958e-6
-1.09852e-5
0.00121798
-0.00186136
0.000797751
-0.0012035
-8.51723e-5
3.25147e-5
4.28567e-6
4.47653e-5
-6.55834e-5
-0.000541349
0.000771505
-0.000151901
0.000113699
3.9768e-5
2.95469e-5
2.11915e-5
-0.00463157
0.00261359
-0.000395601
0.00524931
0.00892022
-0.00960009
6.67688e-5
-4.20389e-5
0.000135796
5.90125e-5
-0.000110227
0.0137913
2.84636e-5
-0.0157394
1.70562e-5
0.013397
-6.98007e-5
0.0278519
-0.0216671
-0.000323461
0.000204375
-0.018456
0.00429454
0.00836079
0.00041704
-0.000312733
0.00278157
-0.00284393
-0.000151065
0.011257
-0.00531472
-9.89075e-5
0.0002923
-0.00013792
-0.00181502
0.00307764
-6.3378e-5
4.22139e-5
0.000541402
-0.000326554
-0.000150834
4.47109e-5
-0.000210156
2.66585e-5
-2.16327e-5
2.8831e-5
-2.81715e-5
-6.88468e-5
0.000172621
-4.45626e-5
-2.74934e-6
1.1526e-5
-2.87352e-7
-2.55523e-6
6.20896e-6
-1.80818e-6
-5.10384e-6
-5.96114e-5
5.91313e-5
-6.50603e-6
2.08628e-6
3.27688e-6
-5.06725e-5
-1.1932e-5
7.33202e-5
-1.27659e-5
1.10049e-5
1.37083e-5
-6.13747e-5
-4.46365e-5
9.77807e-5
-2.93671e-5
1.80731e-5
0.000213569
-0.00037049
-0.000220423
0.000436972
-1.41554e-5
-0.000131517
6.37551e-5
-0.000466301
0.000234976
-0.000232246
1.52516e-5
0.00016629
0.000186303
4.56823e-5
-3.13838e-5
1.97255e-5
-8.71072e-6
-6.01602e-5
9.50861e-6
-2.42208e-6
0.00012376
5.89245e-5
-0.000151875
-7.52999e-6
1.11296e-5
1.65265e-5
9.48283e-6
6.24362e-5
0.000225044
-8.2195e-5
0.000120132
-9.65442e-5
0.000268406
-0.000831626
-0.000682571
-0.000247463
-7.86137e-5
0.000174691
9.34339e-5
-0.00020539
1.761e-5
-1.84952e-5
0.00155642
-0.00133774
0.00113255
-0.000582255
0.0003055
7.78869e-6
0.0023964
-0.00251775
0.000660456
-0.00295711
0.00685146
-0.0112126
0.0138472
-0.0154044
0.00884139
0.00283678
-0.0104835
0.00863757
0.00922071
0.00590408
-0.00628873
0.00266561
-0.00645328
0.00331777
-0.00396289
-0.000526816
0.0049209
-0.0114831
0.00827139
-0.000795399
-2.67071e-5
0.00348473
-0.00577361
0.00405025
-0.00411383
0.0071348
7.06683e-5
0.000386524
-0.00167426
0.00148741
0.00145332
-0.00247311
0.00151493
-0.00050261
-0.000210171
-0.00022523
7.78484e-5
0.000430342
-0.00163555
-5.21086e-5
4.17178e-5
0.00099845
-0.00198067
-1.48903e-6
1.08998e-5
0.00115742
0.00049742
6.9494e-7
1.12631e-7
-5.73237e-6
-1.63433e-6
0.00220676
-0.0019326
-0.00231956
0.00253466
-3.16245e-7
-5.11408e-7
0.00231997
0.0012065
-0.00209905
-1.33719e-7
1.83945e-6
-3.37568e-5
-0.000934317
4.25514e-5
-5.30325e-5
0.000276709
-0.00172125
0.000327016
0.00221728
-0.00612757
-0.000314869
-0.000148765
0.0003589
-0.000264251
0.0113657
0.000179262
-0.0135772
-1.82301e-5
0.0135458
-7.54891e-5
-0.0107703
0.000114739
0.00891537
-0.000136312
-0.00044654
0.000146708
0.00182013
-0.00280145
0.000412123
-0.000290864
-0.00250808
-0.00699329
-0.00017961
0.00640531
-0.00297105
-2.70517e-6
2.46135e-5
-8.89268e-6
0.000763282
-7.11227e-7
-0.00073996
1.32755e-6
2.57621e-6
-2.88059e-5
9.58333e-5
1.41179e-6
-5.13295e-6
1.57305e-5
0.000554517
-0.000450683
1.66431e-7
2.98814e-7
0.000251895
-0.000226777
5.21025e-6
-2.03883e-6
0.000137446
-0.000187595
6.96166e-6
-9.71338e-6
-1.01672e-5
5.5729e-5
1.62497e-6
-1.25332e-5
0.000644141
-0.000930333
0.000109655
-2.56306e-5
0.000897951
0.0004063
-0.000748734
-6.82923e-5
-2.70318e-5
0.000340447
-0.000280179
0.000496357
-0.000237681
-0.000130573
1.3738e-5
-0.000335565
0.000678846
-0.000224289
0.000469305
-0.000110747
0.000254116
-0.000700387
0.000749893
-0.00023041
0.000226056
-0.000621387
6.78495e-5
-0.000221463
0.000237635
-0.000141222
3.7852e-5
0.00202146
-0.00298763
0.00261536
-0.00184288
0.000939999
-0.000307525
-6.19999e-5
0.000302853
0.00415081
-0.00491411
0.00873485
-0.00154549
0.00432055
-0.00297803
-0.00208674
0.00836722
-0.0127709
0.0140859
-0.0128089
0.017217
0.00996204
-0.0176526
-0.00813848
0.00443223
0.00226246
0.00963236
-0.0144199
0.016096
0.0105813
-0.00740055
-0.000339261
-0.00169685
0.00317889
0.0009449
-0.00225028
0.00194958
-0.00646836
0.0108799
-0.00978114
-0.0120536
0.00119654
-0.0021285
-0.00119782
0.00157522
-0.00139115
0.00787046
-0.0057268
0.000810136
-0.000613956
0.00397815
5.7526e-5
-0.00213758
0.00049809
0.00067394
-0.00209719
0.000297174
0.00290289
0.00404106
-0.00592144
-0.00011076
-4.52396e-5
-0.0027344
0.000351588
3.42575e-5
-1.27864e-5
0.00141325
-0.002386
-7.00718e-7
1.33416e-6
4.15508e-6
-9.18161e-7
4.41093e-7
-0.00194342
0.00244173
-0.00203006
0.0022142
4.09758e-7
-6.00765e-7
4.92053e-7
-4.00997e-6
-2.21492e-7
0.00138893
-0.00135005
-3.06428e-5
-4.03905e-5
0.000177743
-0.000510857
-0.000485814
0.000204039
-0.000101936
0.000955928
-0.00280531
-0.00039205
0.000691468
-0.000517934
0.00628033
0.000425309
-0.00961096
-0.000173504
0.0111295
-7.29253e-5
-0.0094845
0.000209246
0.00538397
-0.00022279
-0.000469808
0.000173913
-0.00671141
-0.000125757
0.0162315
0.000143881
0.0153521
-0.0214201
0.00028805
-0.000194937
-0.00526597
0.00639373
-0.00434501
-0.000292347
6.97251e-6
-3.66028e-5
4.30199e-5
-0.00101671
0.00425193
1.00295e-6
-1.44503e-6
0.000705378
-0.00299762
0.00220692
0.000986584
-0.00178504
1.74309e-6
-1.08434e-6
1.2944e-7
-3.58393e-7
-0.000696995
0.000711248
-0.000227002
-0.000158832
-1.00681e-6
5.90526e-7
0.000864337
-2.53615e-6
2.07627e-6
-5.43668e-6
6.87561e-6
0.000156538
2.22147e-5
7.56844e-6
1.43464e-6
-0.00116937
0.00213611
-2.81321e-5
8.15977e-5
-4.64895e-5
-0.00150816
0.00109463
-0.000166788
0.000106832
-0.000624204
-0.000198895
8.06325e-5
0.000314655
-0.000365394
-0.000429673
0.000330761
0.000600122
-0.00122174
-0.00072362
0.00149252
-0.000278198
0.000471598
0.000894137
-0.000698687
0.000674509
-0.00167804
0.00106186
-0.00126537
-0.000265568
0.000530879
0.000336964
-0.000865489
-0.000414512
-1.51242e-5
0.00010248
-0.00129764
0.00130983
-0.00317112
0.00407511
-0.0037483
0.00247595
-0.00104929
1.50952e-5
0.000590115
-0.00114969
0.00130185
0.0065786
0.00369636
-0.0113009
0.0107494
-0.00479609
-0.00366927
0.0105435
-0.0133087
0.0123155
-0.0100666
0.00389947
-0.00260018
-0.0161227
0.0164919
-0.0157826
-0.00826297
0.0154289
-0.00924009
0.0102052
0.00560959
-0.00385523
0.0134867
-0.0120371
0.0105521
0.00330426
-0.00280898
0.00229333
-0.00880697
0.00708126
-0.00177357
0.0016261
0.00512168
-0.00337018
0.004061
-0.0034101
-0.00456248
0.000532255
-0.00156655
8.03012e-5
0.00160098
0.00270925
-0.00457872
0.00315871
-0.00178213
-0.0034276
0.00464817
0.000679592
-0.00160911
0.0011088
-0.000509445
-0.000185397
0.00401476
-0.00400097
0.00154043
-0.000445378
3.9495e-5
-5.28904e-6
-0.000962892
0.00182686
-1.11645e-6
1.30821e-6
-3.84609e-7
-0.00198614
0.0016633
-0.00131364
1.72966e-6
-4.55844e-6
1.70742e-5
0.000558007
0.000605834
0.000526446
-0.00129714
9.68778e-5
-0.000584236
0.00169619
-0.00111281
0.000693745
-0.00394685
-0.000405254
0.00611335
5.59455e-5
-0.00629906
0.000272378
0.00359154
-0.000437953
0.00104912
0.000412182
-0.0054951
-0.000282833
0.00858351
0.000155683
-0.00892013
-8.17217e-5
0.00317476
3.63167e-5
-0.000731442
2.08933e-5
0.0143637
-0.0127178
-8.03276e-7
5.18312e-8
2.84996e-7
0.00720721
-0.00400757
0.00210351
2.88347e-7
-1.26826e-7
2.50081e-7
-0.000293139
-0.00115733
0.0022662
2.28544e-6
-7.78829e-7
-0.00349273
-0.00155466
0.00429304
-6.74528e-6
1.21806e-5
1.08552e-5
-6.02387e-6
0.000938418
-0.00280405
-0.000885961
0.00153507
-0.000787131
0.00198948
2.39429e-5
-2.06993e-5
0.00444743
-0.00541755
-0.00316581
0.00373002
-0.000121642
-4.49417e-5
-4.03151e-6
-0.00208449
0.00190848
-0.00126895
0.000311374
-0.000222535
0.000191903
0.00058267
0.000143571
0.000725707
-0.000501758
-0.000920254
0.00170337
-0.00245146
-0.00219393
0.00134236
-0.000997874
0.00333817
-0.0038141
0.00158204
-0.0012046
0.000484439
-0.00448539
0.00387347
-0.00138641
0.00336013
-0.00441018
0.00396011
-0.00234633
0.000499096
0.000735048
-0.00112769
0.000884753
2.96898e-5
-0.0085312
0.0107365
-0.0160076
0.00181048
-0.0142387
0.0187795
-0.01736
0.0108343
-0.00124604
-0.00739586
0.0116921
-0.0111488
0.00752359
-0.0014546
0.00448508
-0.00467908
-0.00659679
0.00628175
-0.00821848
0.0203739
-0.0161923
0.0145511
0.0065509
-0.00597413
0.00508904
-0.0119658
0.0102908
-0.00887523
-0.00463502
0.00425432
-0.00372666
0.00734057
-0.00566453
0.0030418
-0.00252701
0.00447793
-0.00421809
0.00303489
0.00239777
-0.00147287
-6.76979e-5
-0.00196185
0.00127439
0.00160166
-0.00259668
-0.000720797
0.000345915
0.000177977
0.00244754
-0.00122114
0.000278814
-6.97845e-5
2.37494e-5
0.00058747
-0.00112538
-6.14677e-6
9.29179e-7
-8.26163e-7
0.0011951
-0.000908679
0.000425932
5.259e-7
1.36689e-6
2.56636e-6
0.000246873
-0.0013099
0.00157933
0.000115566
-5.49518e-5
3.0251e-5
-0.000298149
0.000428857
0.00144675
-0.00235009
0.00100786
-0.00103774
-0.000706497
0.00192103
0.000292723
-0.00246296
0.000141674
0.00127652
-0.000521158
0.00231977
0.000702481
-0.00704045
-0.000640239
0.010322
0.000432296
-0.01051
-0.00022392
0.00732627
9.58303e-5
-0.000838977
-3.22572e-5
0.00578023
-0.00673278
-3.71263e-5
2.81313e-5
-0.00951101
0.00892622
-0.0113529
0.00840407
-2.17472e-8
3.57988e-7
-3.80727e-6
-0.00673593
0.00423214
-0.00162695
1.53092e-8
6.57472e-8
-4.99885e-8
-0.00109516
0.00352918
-0.0050977
-1.46939e-6
2.84493e-7
0.00603643
-0.00650841
-2.72751e-5
-1.42326e-5
4.97031e-6
0.00484692
-0.00229539
-0.000755725
-9.25804e-5
5.74456e-5
0.00391466
-0.00477296
-6.47781e-5
9.96853e-5
0.00308283
-0.00198228
0.00115303
-0.00047348
0.000291192
-0.00011129
-0.000383366
-0.000370302
-0.000982829
0.000721321
0.00118438
-0.00218577
0.00313888
0.00213672
-0.00161694
0.00126528
-0.00494183
0.00443904
0.00287585
-0.00467028
0.00318922
-0.00248334
-0.00295762
0.00353478
-0.00256334
0.000856898
0.00148384
-0.00310895
0.00373545
-0.00302081
0.0011557
0.000897786
-0.00209703
0.0020834
-0.00115446
-0.000381675
0.00282027
-0.0114798
-0.0072905
0.0155559
0.0286645
-0.0259445
0.0206962
-0.013457
0.00429439
0.00435312
-0.00931595
0.00921949
-0.00565414
0.000276764
0.00295187
-0.00552
0.00604703
-0.0239375
0.0215463
-0.0131964
-0.00637443
0.00629301
-0.00565789
0.0089164
-0.00733235
0.005953
0.00547399
-0.00522613
0.00474179
-0.0046733
0.0035918
-0.00414491
0.00301121
-0.00369902
0.00486726
-0.00243934
-0.00329632
0.00308003
-0.00153069
0.00114397
-0.00102489
-1.82016e-6
0.000912441
0.000535724
-0.000494649
-6.3368e-5
-0.00137689
0.000751699
-0.000118366
4.2338e-5
-1.93492e-5
-0.000312866
0.000545766
7.17571e-6
-2.05911e-6
2.55786e-7
-0.000509244
0.000215061
0.000355132
-7.12808e-7
2.0887e-6
-7.59148e-6
-0.00136419
0.00196177
-0.00176035
5.06448e-6
0.000295017
-0.000188615
0.00195981
-0.000540392
0.000332095
0.000390192
-0.000532168
-9.00326e-5
6.15607e-5
-0.000337064
0.00198342
0.000709348
-0.00597046
-0.00088189
0.0105277
0.000801565
-0.013026
-0.000555451
0.0114777
0.000289441
-0.00667417
-0.000108692
3.99934e-6
2.83001e-5
0.00420248
-5.84065e-6
-0.00764632
0.00801293
-0.00747624
1.94424e-7
-1.09927e-6
3.03893e-6
0.0062039
-0.0038501
0.000833468
-1.18885e-7
2.81792e-8
-8.16105e-8
0.00239973
-0.00529672
0.00722566
-1.72642e-7
2.2453e-7
-0.00689637
0.00832734
4.22355e-5
8.09285e-6
-1.05324e-6
-0.0055926
0.00262793
-0.00042002
0.000216022
-0.000109149
-0.00319297
0.006414
0.000385436
-0.000276789
-0.0035996
0.00163564
-0.000719608
0.000548266
-0.000322804
-9.60348e-5
8.87378e-5
0.000546001
0.00107558
-0.000790076
-0.00129662
0.00272394
-0.00534948
-0.00209448
0.00168098
-0.001367
0.00643215
-0.00477007
0.00401114
0.00249117
-0.00248093
0.00232787
0.00023365
-0.00203395
0.00259745
-0.00248164
0.0014056
0.000565882
-0.00261213
0.00365402
-0.00315274
0.00163443
0.000277656
-0.00163003
-0.000865562
-0.0651151
0.0837638
0.0318139
-0.0196606
0.0121276
-0.00471823
-0.00223388
0.00660019
-0.00711286
0.00403427
-0.000408704
0.0022995
-0.00167129
-0.00351764
-5.1215e-5
-0.00681793
0.00534215
0.00542982
-0.00630736
0.004967
-0.00454596
0.00464969
-0.00325859
-0.00500526
0.00500667
-0.00453038
0.00273268
-0.00159894
0.00390741
-0.0038372
0.00153521
-0.00343712
0.00198784
0.00276732
-0.0047114
0.00234395
-0.00105829
0.000502941
-0.000527346
-0.000165895
-0.000427118
0.000469354
-2.52688e-5
0.000581987
-0.000212971
-7.45945e-5
-2.73342e-6
5.47764e-6
0.000199968
-0.000231363
-3.97509e-6
2.55094e-6
1.95792e-7
0.000197959
-3.3976e-5
-0.000181424
-8.75192e-7
1.59956e-6
-4.5369e-6
0.000427802
6.16828e-5
-0.000161506
-0.000466172
7.78305e-5
-0.0001126
2.82597e-5
-0.000571753
0.000869742
-0.000112176
2.39146e-5
0.000929829
0.00046082
-0.00296663
-0.000765521
0.00650799
0.00087826
-0.0104541
-0.000790803
0.01246
0.000558718
-0.0110101
-0.000312883
0.00583236
0.000123583
-0.000810205
-3.46183e-5
-0.0019965
0.00307872
-0.00437091
0.00573263
2.05374e-7
3.65613e-7
-4.81916e-6
-0.00566778
0.00318568
-0.00023203
2.16259e-8
-1.55221e-8
-3.26775e-8
-0.00233311
0.00430858
-0.00492448
7.5251e-7
-1.95368e-7
0.00405836
-0.00406799
-3.48866e-5
5.55364e-6
-2.50948e-6
0.00180535
-0.000365369
-0.00169495
-0.000364647
0.000145494
0.00360266
-0.00526666
-0.000864362
0.000589372
0.00147685
-0.000446474
0.000196524
-0.000264546
-0.000249187
0.000790631
6.43808e-5
-0.000459684
-0.000919525
0.000610651
0.000700547
-0.00111945
0.00176215
0.00197919
-0.00142309
0.00115389
-4.61546e-5
-0.000964183
0.00130524
-0.00182087
-0.00391308
0.00339526
-0.0020239
0.00114292
5.68356e-5
-0.00182531
0.00362218
-0.00446772
0.00388283
-0.00198011
0.000371066
0.000490287
-0.000925667
-0.0257658
0.0207464
0.0331347
-0.0623827
0.0199165
-0.0171718
0.0137514
-0.00863499
0.00357057
0.000953307
-0.00408829
0.00394542
-0.00194608
0.000228253
0.00103823
0.00196339
-0.00151085
0.0142389
-0.000133648
-0.000490898
-0.0296138
0.00231897
-0.00369509
0.00453908
-0.00354945
0.0012879
-0.00240159
0.00223712
0.00303027
-0.00373766
0.0034394
-0.0026154
0.00283425
-0.00290892
0.00244669
0.00055187
-0.00236553
0.00367774
-0.00220426
-0.000492369
0.000393925
0.000342561
-0.000118168
-0.000416304
0.000325375
-0.000112163
-7.01537e-5
-0.000105044
7.05035e-5
0.000160521
-0.000108743
-3.07885e-5
9.08043e-6
-0.00015478
0.000120495
-2.38421e-7
-3.7046e-6
1.1689e-6
-8.49758e-5
-6.68454e-6
9.81799e-5
7.47836e-7
-5.50224e-6
8.39236e-6
-0.000207272
0.000182394
-1.74053e-5
5.9418e-5
0.000381415
-0.00039947
-0.000182119
0.00021092
-2.56938e-5
0.000267499
-0.000391933
-0.000608441
-5.48681e-5
0.000323071
0.000214375
-0.00111501
-0.000667187
0.00247333
0.00072894
-0.00494958
-0.000692703
0.00755545
0.000575783
-0.00929461
-0.000412397
0.00707609
0.000205945
-0.00336306
-5.2177e-5
0.000689968
7.80813e-6
0.00108916
-0.00171992
0.00240981
0.00237313
7.32602e-7
5.63516e-6
-3.98451e-7
1.01931e-6
-4.51983e-6
-0.00363556
7.34086e-9
0.00395528
-0.00188837
-0.000124968
6.31196e-8
-1.60881e-8
2.00218e-8
0.00104543
-0.00170507
0.00136664
3.22888e-7
-1.65197e-7
-0.00018651
-0.000753234
-0.000578346
-6.29721e-7
3.00562e-8
0.00145841
-0.0017438
0.000609635
-1.51825e-5
0.00133457
-0.00113838
0.00127323
-1.42837e-6
-0.000801352
0.000597819
-0.000265651
0.000182414
5.12796e-6
5.92332e-5
-9.12206e-5
-1.07352e-5
0.000223824
0.000634048
-0.000417584
-0.000253549
0.000375421
-0.000669286
-0.00136749
0.000901471
-0.000642502
4.08022e-5
3.15124e-6
0.000177166
-0.00125333
0.00116762
0.00256527
-0.000663495
-0.000194032
0.000467177
-0.000745069
0.00117914
-0.00112882
0.000614079
0.000104797
-0.000841057
0.00200666
-0.00320549
0.00395146
-0.00294878
0.00152384
-0.000466013
0.0282035
0.0260965
-0.0539141
-0.0181396
0.00741136
-0.00251371
-0.000177691
0.00185245
-0.00175083
0.000803508
-0.000378292
0.000170438
0.000657258
-0.00267489
0.0325486
-0.0177535
-0.00122831
-0.00194509
0.00149376
0.00165622
0.000152082
0.000431415
0.00215142
-0.00169538
-0.00206966
-0.000174836
-0.000557835
0.00175126
-0.00133553
0.000711623
0.00127334
-0.000789459
0.00081918
-0.000406242
5.55936e-5
0.000405231
-0.000345159
0.000121717
-4.6157e-5
4.08408e-5
-2.84406e-5
0.00028623
-0.000299304
-3.71231e-5
3.05573e-5
9.5987e-5
-2.36407e-5
0.00014481
-0.000111871
2.81591e-5
-1.13051e-5
4.95851e-5
-1.83726e-5
-1.6062e-5
6.17553e-6
8.75721e-6
-5.90199e-6
-2.55208e-6
-2.23364e-5
3.9457e-6
1.61942e-5
-1.56436e-5
2.68896e-5
-7.13672e-5
0.000224434
-0.000138854
-0.000130849
0.000298519
-0.000177181
0.000589328
-0.000535814
-0.000375779
0.000179512
0.00133729
0.00114485
-0.00155161
-0.000611344
0.00298145
0.000354906
-0.00406464
-0.000227237
0.00473557
0.000145453
-0.00339654
-1.86674e-5
0.00150404
-1.11443e-5
8.57373e-5
-0.000353932
0.000735304
-0.00131415
1.87562e-7
-4.15436e-7
7.05914e-6
0.00160214
-0.00184111
0.0015485
-0.00202455
0.00091762
-5.12462e-9
-4.55319e-8
-0.00100309
0.0018221
-2.90136e-8
2.89322e-8
-0.0031727
0.00262719
6.6947e-7
-6.8382e-8
-0.00280466
0.00201313
1.06593e-5
-1.63136e-6
-1.29733e-6
-6.31625e-7
-0.00139219
0.00086252
2.02832e-5
-1.3078e-5
-9.38892e-6
5.79737e-6
-0.000478537
0.00029632
0.000537478
-1.70281e-5
-4.46238e-5
1.92599e-5
-0.00019016
4.14227e-5
-0.000125257
4.20489e-5
-1.655e-5
0.000243839
-8.2442e-5
0.000124967
-0.000373372
0.00027953
-0.000358215
-0.00062391
0.00132041
-5.90041e-5
-0.000212545
0.000396605
-0.000446066
0.000572436
0.000302364
-0.000302134
-0.000946733
0.000799245
-0.0011736
0.00172004
-0.00208044
0.00159714
-0.000825895
3.50526e-5
5.20054e-5
0.0293642
-0.0666027
0.0241821
0.0202834
-0.0204133
-0.00422865
0.00106212
8.75411e-5
-0.00113816
0.000906558
-0.000195828
0.000129405
-0.000210647
0.000117669
0.00210553
0.000589406
-0.0181578
0.0102763
-0.00303871
0.0484602
-0.000391129
0.00071527
-0.000801081
-0.000703211
0.000607114
-0.000328616
2.80075e-5
0.000278722
-0.000150735
0.000147628
-0.000723286
0.00110356
0.00132528
-0.00078523
0.000131289
-9.88769e-5
-0.000980856
0.000502135
0.000670152
-0.000120311
0.00016215
-0.000449201
9.64702e-5
-0.000108728
0.000114481
-2.95814e-5
2.29459e-5
-0.000111747
0.000135236
-9.57776e-6
4.5635e-6
-9.35458e-5
6.58368e-5
-1.74466e-6
-3.82793e-5
1.71642e-5
5.64283e-6
-2.26355e-6
2.88854e-5
-1.40884e-5
3.93194e-6
-4.17733e-6
4.72002e-6
5.12475e-6
1.48468e-6
-3.8701e-6
7.48548e-6
5.64623e-6
6.25614e-6
5.66731e-7
-1.70926e-6
-2.08352e-5
1.23495e-5
-3.96655e-5
5.75907e-5
8.04821e-5
-0.00012045
-0.000137842
0.000234115
-0.000414974
0.000294231
2.73254e-5
-0.000161881
3.95061e-5
-0.000125488
0.000937202
-0.00133973
-0.00138069
0.00093717
0.000780415
0.000149869
-0.00131803
0.000135
0.00170918
-0.000255864
-0.00246611
0.000158689
0.00169386
-0.000101413
0.000192266
-0.000246827
0.00013917
-0.000226653
-0.000456894
-1.22525e-6
-5.26288e-6
4.04954e-6
1.20664e-6
2.57837e-5
0.000796823
-1.36962e-6
-0.000955475
0.000949473
-0.000752882
-0.00111644
4.45268e-8
3.45119e-7
1.75785e-8
-1.07901e-7
-3.1436e-7
0.00221963
-0.00285723
0.00247217
0.00361045
-0.00311749
-5.96843e-9
-2.16699e-9
1.06858e-8
-1.41151e-8
0.00327796
-0.00283939
-8.81609e-8
3.47478e-8
0.00160371
-0.00124993
3.85748e-7
1.68043e-7
0.000477793
-0.000286176
7.38293e-6
-2.96775e-6
2.31854e-5
-4.81169e-5
4.13169e-5
-1.61935e-5
4.12481e-5
-5.46388e-5
-2.54117e-5
2.78823e-5
-2.54371e-5
6.90032e-5
9.00187e-6
-0.000162852
-0.000186227
0.00010104
-4.65682e-5
8.59896e-5
-2.06322e-5
2.05935e-5
-0.000109611
0.000109298
0.000378533
0.000177616
0.000243896
-0.000149148
0.000148584
-0.000756797
-0.00176501
0.00183072
0.000490765
0.00034773
6.88313e-5
-5.22048e-5
0.000125624
-0.00023332
-0.00100176
0.00132561
4.92772e-5
-0.000373298
0.000194371
0.000524221
-0.000578854
-5.97928e-5
0.000126449
0.017056
-0.0542932
-0.00282708
0.000199627
-0.0013305
0.00200723
0.000345642
0.000727539
-0.000405877
-0.000430592
-5.90974e-6
-1.79082e-5
0.000471613
-0.0176794
0.0191166
0.0249363
-9.08941e-5
0.000177265
0.000210833
-0.000107367
-0.000162603
-1.12914e-5
0.000492281
-0.000345094
0.000137742
0.000287562
2.50202e-5
-2.46828e-5
8.28227e-6
-1.2195e-5
-0.00018571
-0.000328886
0.000113071
1.17274e-5
1.58786e-5
0.000257034
-7.05352e-5
-2.58392e-6
1.56451e-5
2.76486e-5
-3.9725e-7
-3.17921e-5
4.0135e-5
2.30005e-5
-1.782e-6
-3.9265e-5
3.76715e-5
3.69492e-5
-4.20798e-5
-1.06591e-6
4.22207e-7
-2.8483e-5
3.23902e-5
-3.32086e-6
1.40035e-6
-1.28088e-6
-1.93973e-5
9.37467e-6
-6.606e-7
-4.05595e-6
-2.31504e-7
3.36026e-6
-3.13564e-6
4.0051e-6
8.19526e-6
-8.80783e-7
7.56308e-6
-4.72764e-5
3.48398e-5
-0.000119892
0.000128228
1.47986e-5
0.000188959
-0.000182564
0.000191941
-0.000149962
-0.000422004
0.000221674
-0.000413022
6.29053e-5
-0.000722855
0.00107924
-0.000872107
0.000734492
-0.000720716
0.000556237
-0.000604364
0.00123561
-0.000754435
-3.43157e-5
-5.47077e-6
-0.000118772
-1.05885e-5
-4.73839e-5
1.98657e-5
2.59659e-5
0.000161967
0.000221914
-1.08787e-5
-0.000186807
0.000320475
-0.000433542
0.000816502
-0.00124476
5.39813e-7
1.36169e-6
0.00207601
-0.00292467
1.4383e-8
2.6016e-8
0.00359642
-0.00364137
-0.00236832
0.00221403
1.62843e-8
-1.90764e-8
-1.67888e-8
1.47679e-8
0.00180394
-0.0017299
0.00109373
-4.56656e-8
0.00076755
-0.00054838
0.000379364
2.03045e-7
9.07129e-5
-4.01778e-5
6.0853e-5
1.01457e-6
-1.47803e-5
3.18976e-6
3.99611e-6
-1.30566e-5
-4.34644e-6
2.53472e-5
1.61438e-5
-6.13149e-6
-2.77877e-6
-6.06961e-6
6.8862e-7
-3.52643e-5
1.53615e-5
2.59227e-5
3.31597e-5
-1.73929e-5
5.49615e-5
0.000800914
-0.000734297
-0.0020821
0.00110587
0.000938
0.000175218
1.97872e-5
-3.8681e-5
-1.56901e-5
-3.47733e-5
4.29285e-5
-6.61183e-5
-0.000432314
-0.00256013
0.00287311
-0.00161693
-0.000760627
0.000246387
2.76863e-5
-0.00581216
-0.00170904
0.00492901
0.000148178
-0.000155956
5.27066e-5
-1.74587e-5
7.57938e-5
0.000104096
-0.00475498
0.000364032
-0.00473903
-0.00938983
0.0069668
0.00255333
-0.000973505
-3.25792e-5
-3.95452e-5
5.53072e-5
4.85973e-6
-3.67794e-6
5.25118e-5
-6.04061e-6
-0.000128618
1.98796e-5
-7.78779e-5
0.00151007
-4.14242e-5
8.85848e-6
-9.44675e-5
2.5549e-5
-1.48486e-6
2.54818e-5
5.34593e-5
-1.09034e-5
-2.65327e-5
-4.6143e-6
-3.01771e-6
2.66698e-6
4.88706e-6
-4.23601e-5
1.73261e-5
-5.45532e-7
-2.83309e-7
1.06778e-5
-6.27807e-6
-3.49299e-6
-2.68963e-7
6.95624e-6
-1.25985e-5
1.20865e-6
1.02561e-7
4.44818e-7
-4.4451e-7
1.32466e-5
-1.42975e-5
-1.01259e-7
1.43054e-7
7.57523e-7
-1.61068e-7
1.21417e-5
-1.59033e-5
2.11965e-7
1.01921e-5
-5.25172e-6
-3.61029e-7
3.44584e-7
-4.47895e-6
2.34476e-6
-8.00477e-7
1.01866e-7
-9.33144e-7
-7.68722e-7
-6.55064e-7
2.84357e-6
9.37164e-7
-3.19324e-6
-3.00895e-5
9.57728e-6
1.45011e-5
-3.14338e-5
-5.66706e-6
-7.33771e-6
3.09957e-6
-7.32874e-5
4.72181e-5
-5.5262e-5
0.000210369
0.000205616
-6.8864e-5
-4.48235e-5
-0.000187963
0.000410437
-0.000130217
-4.00193e-6
-0.000172824
0.000314268
-0.000332677
-0.000913681
0.000384215
0.000139647
-4.23253e-5
-5.66318e-5
0.000185333
0.000209214
0.00031548
-0.000269388
-0.000123188
-1.95658e-6
-0.000303683
-0.000739781
-6.20235e-5
4.73598e-5
8.20068e-5
-4.17746e-5
-2.15334e-5
3.72181e-5
-8.72414e-5
0.000217332
0.000186194
-0.000416312
-2.05162e-6
-3.49708e-6
6.29347e-6
1.4496e-5
0.000649882
-0.00124858
-0.000845157
0.00173013
-7.46736e-8
5.23697e-9
2.12777e-7
-3.43108e-7
-0.00201389
0.00102312
-3.55699e-10
-2.67126e-8
-0.000639897
0.000586803
-9.68532e-9
1.50199e-8
-8.13119e-10
-2.71506e-9
-0.000159499
0.000155397
-1.55333e-7
7.28786e-9
3.62104e-8
5.3266e-9
4.71033e-5
4.62954e-6
-3.99679e-7
-4.39796e-8
-1.40426e-7
3.80332e-8
7.53131e-6
-3.86515e-7
-2.82506e-6
2.36071e-6
1.86133e-6
-7.94091e-7
6.0468e-8
4.70944e-7
1.46604e-6
9.71973e-7
-6.11e-6
-2.27557e-6
1.10108e-5
-4.38391e-6
-3.10242e-7
-3.86626e-6
1.45259e-5
6.27077e-5
-0.0001912
-0.000198932
-4.31681e-6
-1.64137e-5
-4.21975e-7
3.06728e-6
0.00035201
-0.00056987
-0.000486019
0.000254035
0.000100416
0.00018579
0.000452318
0.00327715
-0.000413296
0.000889537
-2.95786e-5
0.000169735
-9.83274e-5
8.24994e-5
7.56637e-5
-4.09428e-5
-0.00293739
0.00234506
5.58587e-5
-3.46268e-5
-3.23228e-5
0.00150748
0.000107188
0.00211309
-0.00311717
0.000143998
-0.000539863
6.75617e-5
-1.08846e-5
1.89496e-5
-1.53016e-5
9.00717e-6
2.5669e-5
-9.02698e-6
-1.48813e-5
1.59603e-6
1.23128e-6
-0.000255856
3.83832e-5
-0.000218423
0.000485565
-2.32892e-6
4.44268e-7
-4.61896e-6
5.09337e-7
-6.81022e-6
1.78139e-6
-7.24342e-6
6.69042e-5
8.60438e-7
3.36522e-7
2.71872e-6
4.88668e-7
-4.71461e-7
1.82715e-6
1.70316e-6
-5.80602e-7
3.30952e-7
5.15891e-8
-1.58378e-6
-1.45636e-6
1.27045e-6
-1.97365e-6
-2.0402e-6
-4.4965e-8
3.50356e-6
-4.78561e-6
-2.98941e-6
9.38741e-8
4.58473e-6
-4.7076e-6
-2.55023e-6
5.68218e-6
2.71418e-8
2.28811e-9
2.21809e-6
-2.29928e-6
1.84025e-8
3.20818e-9
1.80335e-6
-1.02767e-6
-4.94642e-8
2.8165e-7
-6.36207e-7
2.46544e-7
-1.67149e-6
4.22024e-7
2.36868e-7
-4.85371e-7
-1.5041e-6
1.79195e-6
6.34467e-8
2.46349e-7
8.11158e-6
8.80155e-7
1.33415e-6
5.56388e-6
-1.41672e-5
7.90655e-6
6.42787e-6
1.47576e-5
0.000338029
-0.000112428
3.55602e-6
-1.51136e-6
0.0012466
-0.00103442
-7.02492e-6
-4.28297e-6
0.000856879
-0.000955603
0.000583553
5.30548e-5
-0.00014348
0.000632016
-0.000397566
-1.49559e-5
0.000152625
1.01535e-5
-4.16791e-6
-1.31044e-5
3.9622e-5
-1.71997e-5
-1.22617e-5
3.7406e-5
2.86739e-5
-7.66994e-5
-1.87537e-5
-2.6283e-5
4.42013e-5
6.87098e-5
0.000114937
-0.000290028
-0.000141491
0.000366834
-3.68339e-7
1.91582e-6
-2.20507e-8
-7.26868e-6
-0.000340418
0.000792115
0.000229148
-0.000197799
2.56712e-8
1.16836e-7
-1.32223e-7
-4.21959e-7
-0.000470998
0.000452781
-0.00031551
2.37543e-9
-0.000307367
0.000250409
-0.000200118
2.66887e-9
-6.51911e-5
4.835e-5
-6.27608e-5
-1.6014e-8
6.67958e-6
-3.62947e-6
-8.15895e-7
1.37221e-7
5.22124e-7
-2.23985e-8
-4.78777e-7
-2.24577e-7
-2.5064e-8
8.06613e-7
3.98504e-7
-3.33447e-7
1.49923e-6
3.17804e-6
-1.08221e-5
-1.10814e-5
5.25107e-6
-1.02934e-5
-8.00386e-6
2.86352e-6
1.49782e-5
1.45834e-5
3.47818e-5
-0.000111412
4.70375e-5
-0.000113819
-3.64109e-5
8.14043e-6
0.000110021
0.000473155
-0.00134157
-0.00459402
0.00390013
-0.00218132
0.00342462
0.00146376
-0.00214544
-0.000589082
0.000101643
-0.000228146
0.00027939
-0.000184629
0.0011131
-0.000264585
-0.00130512
7.12109e-5
5.45704e-5
-4.93344e-5
5.62407e-7
-4.31855e-6
2.8861e-6
8.20536e-7
-4.00349e-7
1.88441e-6
1.69281e-6
-5.31784e-6
2.03049e-5
-0.000229064
0.000550223
-0.000463156
-1.0719e-6
-5.42912e-7
3.04522e-8
1.45296e-7
-5.90625e-8
-1.39813e-5
2.70715e-6
-1.15626e-5
2.16816e-5
-1.95856e-7
3.97763e-8
-2.9881e-7
5.02582e-8
-5.97003e-7
-5.79052e-7
3.64412e-6
1.9052e-8
4.86939e-8
-2.16938e-6
4.93767e-7
1.48217e-7
-2.92193e-7
8.3721e-7
-2.14218e-7
4.90067e-7
-2.04127e-7
-1.36995e-7
3.26141e-7
-1.10498e-7
3.26913e-8
4.52692e-8
2.15342e-8
-1.11766e-6
1.69028e-6
-4.07732e-8
-5.36913e-9
-1.53414e-8
1.72415e-8
-1.69863e-6
2.04057e-6
5.93674e-11
-2.03716e-9
-5.62061e-9
-1.16291e-6
8.95014e-7
-1.09998e-9
1.79984e-8
4.8754e-7
-3.32524e-7
-8.95877e-8
1.80235e-8
2.37369e-7
-1.57322e-7
-6.13654e-8
1.30175e-7
-7.52517e-8
8.40502e-8
5.69372e-9
5.73387e-8
-3.21359e-7
2.04909e-6
-7.77331e-7
4.16372e-6
8.96567e-8
-1.329e-6
2.84262e-6
-6.83342e-6
2.13827e-5
-7.69705e-6
-1.42376e-5
9.40203e-7
3.23997e-5
-3.66658e-6
-2.70165e-6
6.49992e-5
-3.19552e-6
4.05742e-6
-1.5258e-5
2.69943e-8
2.02441e-6
4.12849e-6
-2.51639e-6
-4.59525e-6
9.16932e-6
9.13352e-5
8.62681e-5
-0.000103008
-0.00010689
0.000154162
-0.00023485
-9.36446e-5
3.09025e-6
-1.09264e-5
1.31579e-5
-4.07985e-5
-1.52089e-5
4.88244e-5
3.05059e-6
2.28208e-5
-1.42955e-5
-5.89066e-5
-4.93784e-5
0.000135819
5.77439e-5
-0.000129492
5.28331e-7
1.19515e-6
-1.72611e-6
-2.6542e-6
0.000217
-0.000167582
6.67622e-10
-2.6728e-8
3.49022e-8
1.21403e-7
0.000100388
-8.24568e-5
-9.59918e-10
-1.42769e-8
-7.10431e-9
2.41898e-8
-4.15195e-6
-7.32183e-6
-2.41228e-8
1.60635e-8
1.21874e-8
-1.80789e-8
-1.14734e-5
2.27166e-6
-6.78953e-8
1.64042e-8
1.04289e-7
-9.72916e-8
4.72692e-7
-2.22744e-7
1.7148e-7
-6.13328e-7
1.23378e-7
1.5857e-7
-6.454e-7
-6.78568e-7
-3.17493e-6
9.39136e-6
4.48347e-6
-1.39808e-6
1.66652e-6
7.86316e-7
-2.48347e-6
-4.41919e-6
1.67531e-5
-1.65518e-5
-4.46462e-5
2.01363e-5
1.38129e-5
-1.7709e-5
7.55509e-5
1.45082e-5
-0.000165842
-0.000280948
-0.000262167
0.000653818
-0.00039915
0.000284736
-0.000238102
0.000111938
0.000873127
-0.00201339
0.00145967
-0.000808241
0.000151682
0.000208345
-6.96815e-5
9.72276e-7
8.09124e-6
7.32587e-8
-1.01572e-7
-6.01823e-7
-4.98058e-7
-5.98326e-6
3.90205e-5
-1.3585e-5
0.000177994
1.77967e-6
1.70076e-5
-2.50365e-6
-1.06045e-6
1.4435e-7
9.45845e-8
2.18049e-7
-6.037e-7
2.34087e-7
4.58711e-7
1.04266e-7
-3.11652e-8
-2.8479e-6
1.67537e-6
-8.14543e-6
-2.11761e-5
-1.19502e-8
-1.28351e-8
1.51608e-8
-9.68091e-9
-9.4955e-7
2.52199e-7
-7.89302e-7
9.85074e-7
-2.42917e-8
4.31888e-9
-1.02181e-7
1.85285e-8
4.5621e-8
2.89566e-7
1.03577e-8
4.03472e-9
2.13094e-8
-1.86248e-8
2.90202e-7
4.64098e-8
-3.21707e-7
4.06778e-7
2.1689e-7
-4.02006e-9
-5.29132e-7
5.52071e-7
2.27428e-7
-7.14126e-7
-5.95859e-9
2.80988e-9
-1.86078e-7
2.70413e-7
-5.37388e-9
1.97084e-10
-1.86439e-7
1.14121e-7
-1.93771e-9
5.27911e-9
6.07173e-8
-3.51423e-8
-9.63151e-9
2.86728e-9
1.2255e-8
1.45798e-8
-2.62388e-8
2.05219e-7
-4.97921e-9
-4.2153e-8
2.27361e-9
-4.38951e-7
4.65107e-7
-2.9283e-7
-3.23541e-6
7.75132e-7
-4.52695e-5
-3.67593e-8
-3.92894e-8
-5.47159e-7
1.49821e-6
-0.000213902
0.000126822
-7.50056e-5
4.23644e-5
2.12052e-7
-1.175e-6
-0.000219314
6.03063e-5
0.00051302
-6.11186e-7
3.4491e-6
0.000135708
5.90762e-5
-0.000366051
-9.25858e-7
1.83976e-6
4.73831e-6
-0.000231335
0.00019338
-9.62187e-8
-6.59913e-7
-0.000116753
0.000362745
-7.42676e-6
4.8877e-7
-1.26194e-6
0.000271201
-0.000325927
5.35731e-7
-1.31713e-6
9.32484e-7
8.34861e-7
-3.53325e-6
-1.04977e-6
4.23632e-6
4.31265e-5
0.000112764
-0.000104602
-0.00028391
-5.24546e-6
1.66472e-5
7.77616e-6
-2.32763e-5
4.74415e-6
4.31624e-6
-1.11116e-5
-3.43587e-6
3.52678e-5
-8.49586e-5
-2.55191e-5
2.768e-5
-1.36997e-7
-4.61754e-7
4.38313e-7
1.54791e-6
5.93818e-5
-6.8e-5
4.25948e-5
-6.37871e-8
3.0131e-5
-3.45506e-5
3.27876e-5
4.65624e-9
-2.8658e-6
-3.02315e-6
4.33637e-6
6.96509e-8
-1.1113e-6
1.49632e-8
1.89257e-7
-6.28846e-8
1.71305e-6
-6.5942e-6
1.55249e-7
2.49649e-7
1.3439e-7
6.3865e-8
-2.89942e-7
-1.83259e-7
-2.44829e-5
5.66473e-5
2.7115e-5
-1.16619e-5
7.32748e-7
1.83258e-6
-1.43288e-6
2.25272e-5
-1.16675e-5
0.000111851
-0.000144597
8.63151e-5
-5.56123e-5
0.000225392
-0.00027327
0.000432617
-0.000579972
-0.000378058
0.000950632
-7.15824e-5
-0.000643026
0.000723564
0.000108551
-0.00120589
0.000309033
0.00107986
-0.000816804
0.00104115
-0.000951795
0.000680415
-7.6762e-5
5.87187e-6
2.39317e-5
-2.95117e-6
-5.75727e-6
7.38033e-7
6.192e-7
7.17219e-8
-4.99994e-8
-9.89649e-8
4.78767e-8
-6.96099e-8
-1.06568e-7
-5.41949e-6
2.30012e-6
1.72217e-5
4.71045e-6
-3.27526e-6
3.6133e-8
-7.12637e-9
1.29181e-8
5.91627e-9
5.39366e-10
-2.85246e-7
1.70943e-7
-3.11177e-7
6.37727e-7
9.72964e-11
-1.20731e-9
9.49479e-10
-1.25377e-9
-1.31421e-7
-4.01482e-8
6.82221e-8
-5.40013e-9
1.58661e-9
2.0484e-8
2.39465e-8
-3.80879e-8
1.08163e-7
-1.7102e-8
2.10327e-9
-9.73819e-9
-8.09512e-8
9.91958e-8
9.67764e-8
3.01634e-9
4.25287e-10
3.93812e-10
-1.58759e-7
2.04341e-7
-2.97659e-8
9.96826e-10
-2.97389e-10
6.43983e-10
-6.514e-8
7.16701e-8
-1.01699e-8
-5.68273e-8
-2.32513e-10
2.65812e-10
-7.45516e-9
9.0482e-9
-2.61005e-10
1.42754e-10
-2.0169e-8
1.35121e-8
-1.95749e-9
9.23429e-9
4.94605e-10
-2.26045e-9
-7.69608e-8
4.43469e-8
5.53364e-9
3.08907e-8
-1.77026e-7
4.40178e-7
2.8919e-6
1.04477e-7
1.11296e-5
-2.47975e-6
-3.00174e-8
-1.33004e-8
-1.07304e-6
2.87594e-6
5.20217e-9
1.13681e-7
-1.82224e-5
8.14771e-9
7.42085e-8
3.09749e-7
1.56298e-7
-2.2832e-7
-1.65416e-7
1.84968e-7
-8.76255e-8
2.45001e-7
-6.95664e-7
-0.000306841
-0.000371488
0.00036948
0.000222055
0.000375823
0.00050302
2.08055e-7
-5.92483e-7
1.7814e-6
4.11539e-7
-2.27982e-6
2.2359e-5
-6.62539e-6
-3.6507e-5
3.60008e-5
3.38873e-6
-9.73194e-6
-2.43051e-6
3.19813e-7
-1.15666e-6
-4.52208e-6
2.30738e-6
1.18885e-5
1.07676e-5
-1.35836e-5
2.00453e-6
4.87551e-8
2.12214e-7
-7.00929e-7
2.78393e-5
-2.82441e-5
2.088e-5
2.09784e-7
-2.9979e-7
8.65939e-8
1.09655e-5
-1.31622e-5
1.35542e-5
3.8434e-7
-9.57202e-7
7.59173e-7
-1.42451e-6
-9.25503e-7
7.03312e-7
-4.94968e-8
-2.04007e-6
2.15684e-6
-1.38168e-7
-5.05222e-8
2.27057e-8
-6.20705e-8
1.61554e-5
-4.22643e-5
-5.33558e-6
4.75345e-6
1.18207e-8
3.38761e-7
-2.6575e-7
-9.71392e-7
-0.00012048
0.000280027
5.52963e-5
-5.02657e-5
-1.70216e-5
4.18399e-6
8.92618e-6
-1.37572e-5
5.37886e-6
0.000219763
0.000622396
-0.000907513
6.12401e-6
-0.000130794
-0.000375461
0.000190044
-0.000161875
-2.45387e-5
0.000594335
-0.00132854
0.00176434
-0.00161799
2.68375e-6
1.52943e-7
-3.18771e-7
-9.74308e-8
8.53739e-9
2.10906e-8
4.14341e-8
-4.76291e-6
-9.01516e-6
4.43177e-7
-7.91295e-7
3.408e-6
-6.14079e-7
1.54301e-7
7.43317e-8
9.25136e-9
-5.65314e-9
-1.59669e-8
6.01797e-9
-8.5906e-9
3.45175e-9
-1.92398e-9
-6.27472e-7
2.11374e-7
1.08489e-6
-1.71471e-7
7.41588e-7
2.02124e-9
7.15854e-11
8.39728e-11
4.67623e-10
-6.1663e-8
-4.14111e-8
1.26358e-8
-1.04054e-7
-3.94533e-8
1.79307e-11
-1.80464e-10
-3.99798e-10
5.36497e-9
-1.64813e-8
3.60439e-8
-1.9722e-9
8.74808e-10
3.64692e-9
-1.83662e-8
2.07799e-8
3.24495e-8
-4.37916e-10
-8.72148e-10
-6.30143e-10
-4.42835e-8
6.35824e-8
-2.1667e-8
2.84857e-10
2.61825e-12
-2.02488e-10
-1.70197e-8
2.71175e-8
-1.39262e-8
1.37647e-10
2.2269e-12
-1.37135e-10
-3.27981e-9
-9.91184e-9
7.41938e-9
-1.02534e-8
7.46082e-9
2.59457e-10
8.282e-10
-1.2319e-9
-7.6749e-10
1.9433e-9
-8.6756e-10
2.1823e-9
-7.55124e-9
-2.69012e-8
-2.90231e-7
3.85261e-9
-1.0402e-6
1.50963e-7
-2.4917e-11
1.38538e-9
4.93001e-7
-2.95568e-7
1.20091e-8
2.93928e-9
-1.76827e-8
-1.30122e-6
3.98067e-6
6.77525e-9
-2.00443e-8
8.27646e-6
1.55368e-5
1.8734e-9
-5.68173e-9
-9.22364e-5
4.69578e-5
1.47719e-8
-7.66808e-8
0.000249754
-0.000199089
3.05845e-8
-8.29757e-8
-0.000426502
0.000392548
1.53331e-8
7.90557e-9
0.000497271
-0.000516183
-3.9316e-8
1.0519e-7
-0.000478172
2.71513e-8
5.20568e-8
-1.05608e-7
2.07427e-8
-6.81079e-8
2.02268e-7
-5.43936e-5
0.000141624
-8.95125e-5
4.66093e-5
7.55945e-5
-0.00019797
5.04125e-8
-1.39009e-7
-5.95274e-8
3.35699e-7
-6.94078e-7
-3.02845e-7
-2.00399e-6
-3.31613e-5
6.39782e-5
1.32603e-6
-1.59587e-6
-8.68384e-7
1.95858e-7
2.13433e-6
-5.37763e-6
5.83145e-6
-6.15165e-6
6.21301e-7
1.23688e-7
-3.00316e-7
-8.90762e-7
1.16611e-5
-1.14151e-5
8.96908e-6
2.6581e-7
-2.00551e-6
1.46278e-6
3.76554e-6
-4.1137e-6
4.90588e-6
2.12651e-7
-5.48255e-6
5.00615e-6
-1.65221e-7
-2.09412e-7
1.02053e-7
1.21353e-7
-1.24589e-5
1.32666e-5
1.62223e-7
1.3358e-7
-8.68696e-7
1.52813e-6
-1.21648e-6
1.51578e-7
9.14513e-5
-8.82793e-5
3.5198e-5
-6.3799e-7
2.90624e-6
-1.40629e-6
-2.04017e-5
1.62932e-5
-8.34437e-5
0.000518286
-0.000617241
-0.000462779
0.000431562
-0.000501174
-0.000206918
-0.000254253
0.000324098
-6.53663e-5
9.39165e-5
-5.56955e-5
0.000167603
0.00049904
-0.000758007
-0.00103416
0.00144865
0.00100129
-0.00170951
-0.000597013
0.0014468
0.000141657
-9.75723e-7
5.86983e-7
-4.3643e-8
-5.46353e-8
-1.28463e-8
1.05475e-9
3.97785e-9
3.26789e-9
-3.14636e-9
-4.76472e-7
-3.72149e-8
1.65606e-7
-2.34652e-8
-4.35638e-8
2.00985e-8
6.52172e-10
1.14941e-8
1.43762e-9
-1.61184e-9
-1.97633e-9
2.95711e-10
7.79311e-10
-1.90498e-11
-4.90703e-10
1.83297e-10
9.63116e-9
1.60712e-8
3.09163e-8
-1.62294e-8
9.92239e-9
1.78473e-11
1.33618e-10
4.30379e-12
6.55533e-11
-4.90517e-10
-3.80876e-9
9.13399e-9
-1.17617e-8
4.83916e-11
1.0895e-10
-4.21861e-11
-3.28675e-10
6.08931e-10
-3.68273e-9
2.92556e-9
1.07254e-8
1.41988e-10
-2.14767e-10
2.29293e-10
-1.02661e-8
1.77183e-8
-9.11057e-9
4.47419e-12
-6.17294e-11
-9.5988e-11
-3.15013e-9
7.82457e-9
-5.9129e-9
6.34844e-11
5.68817e-11
1.2852e-11
-2.21834e-9
-1.33489e-8
1.46518e-8
-1.39834e-8
1.29035e-8
-2.32758e-10
-1.09803e-10
-5.77269e-10
-1.58047e-11
1.00293e-9
-1.28337e-9
2.90054e-9
-2.45677e-9
2.75922e-9
-2.59722e-9
1.11149e-8
-2.33485e-9
9.36888e-8
-1.47345e-8
-2.31081e-8
4.55189e-10
3.79149e-10
-9.94575e-10
9.09626e-10
-3.60465e-9
1.50878e-7
2.37104e-6
1.19788e-9
-1.95848e-9
2.60724e-6
-4.15167e-6
-6.32646e-10
2.89066e-5
-2.07971e-5
1.74997e-11
1.82648e-11
6.41719e-10
-2.81012e-9
-7.62455e-5
6.06151e-5
-6.88337e-5
9.09699e-5
2.16214e-9
-8.82963e-9
9.94187e-5
4.41177e-5
-0.000200092
3.43666e-9
-9.17751e-9
-0.000106931
-0.000213427
0.000320343
-5.75189e-11
5.83228e-9
-9.35747e-5
0.000299258
-0.000282947
9.06371e-10
-5.45872e-9
9.01896e-9
6.99057e-5
0.000256602
7.24135e-9
-2.36877e-8
-7.49315e-5
-1.01588e-8
-6.02575e-9
9.25266e-9
-2.65269e-8
4.10349e-8
4.06482e-8
4.8734e-5
0.000141485
-8.48681e-5
-4.27461e-5
-0.000249424
2.70127e-8
-7.35473e-8
2.37458e-7
-4.00134e-7
-1.7397e-7
-3.16868e-6
-1.10466e-5
1.55478e-5
4.56398e-6
3.54386e-5
7.30392e-7
-6.92166e-7
-4.67685e-7
-1.7922e-7
5.44941e-7
-2.86878e-6
2.41479e-6
-2.11255e-6
3.07261e-7
-1.26249e-6
-7.18803e-7
2.85591e-7
4.35807e-6
-3.30882e-6
3.48323e-6
-3.36007e-6
-2.72423e-6
2.68005e-6
9.74268e-7
-6.39162e-7
8.58367e-7
-6.55436e-6
-8.20638e-6
8.07429e-6
1.82143e-7
1.47115e-7
-7.06275e-7
-1.18125e-6
1.70861e-6
5.38769e-5
7.91791e-5
-6.36802e-5
2.1087e-5
-2.92367e-5
-3.93241e-6
-4.16627e-6
1.56355e-5
-4.47967e-5
4.89194e-5
-6.10843e-6
-0.000488284
0.000488101
-0.000164885
0.000195789
0.000223203
-0.00019141
0.000143893
-0.000331737
0.000194422
-0.000558971
0.000760745
-0.00030418
-0.000547826
1.33394e-5
0.000546758
0.000266278
-0.000355305
3.19552e-5
-0.000429946
0.00116326
-0.000511934
-0.00125145
0.000952103
0.000882454
-3.56553e-8
2.34233e-8
7.16389e-9
-2.57237e-9
-8.65583e-9
-6.16341e-9
-2.09682e-9
4.03013e-10
3.24873e-10
-2.2507e-10
3.60654e-11
-3.80529e-9
1.04492e-8
-6.68507e-10
7.03154e-9
3.19668e-9
-4.44805e-9
1.30826e-11
-8.02195e-11
6.07192e-11
-5.96317e-11
-1.89015e-11
-3.50601e-13
1.87071e-10
1.90976e-9
2.59324e-9
-1.29209e-9
9.04159e-10
1.80075e-12
4.16312e-12
1.90239e-11
-1.97792e-11
1.20883e-10
6.83703e-11
3.07335e-9
-1.202e-9
1.88489e-10
-1.03774e-11
1.2028e-11
2.59115e-11
3.26975e-11
-1.58334e-9
2.40138e-9
-2.50793e-9
3.19406e-11
-3.57354e-11
-3.59392e-11
2.9832e-10
1.64171e-10
-1.96962e-9
5.55702e-11
4.34137e-11
-3.32797e-10
2.5516e-9
-6.96464e-9
1.25968e-8
-1.2206e-8
1.51717e-8
7.61526e-10
8.79903e-10
7.6831e-10
-1.2385e-9
-1.65888e-9
-1.20625e-9
1.91268e-9
-2.12556e-9
2.41898e-9
-3.21261e-9
6.40006e-9
2.81295e-9
-9.85862e-10
-2.26684e-8
5.43388e-8
3.75615e-10
1.32889e-10
-4.25937e-10
1.49676e-10
-3.42299e-10
-1.64977e-8
-6.42971e-7
-3.87841e-7
-1.50953e-7
2.04903e-10
-4.28742e-10
2.25077e-6
-4.11786e-6
2.7655e-6
2.82598e-12
-1.16975e-11
1.3488e-11
-7.66191e-11
0.000109128
-4.85645e-10
-1.12211e-9
-4.85409e-10
-1.33281e-10
2.17808e-12
-6.92874e-11
-1.14872e-10
-5.38316e-10
1.7214e-9
0.000211914
0.000310592
-0.000289434
-0.000255446
-0.00059143
0.000261758
7.97913e-10
0.000209094
-2.80373e-9
6.32334e-10
1.71448e-9
-7.45612e-9
-4.2346e-10
2.46869e-5
5.64354e-5
-0.000100516
-3.22284e-5
-0.000157325
2.85202e-8
-2.80657e-8
1.33471e-7
-2.27774e-7
-9.02265e-8
-2.55862e-6
-4.75168e-8
7.75995e-6
2.19277e-6
1.12888e-5
2.84352e-7
-2.28332e-7
3.79331e-10
-7.61878e-7
-2.54318e-7
-1.62573e-7
4.22139e-7
-3.00004e-7
9.65314e-8
-2.97666e-6
2.15681e-7
2.34078e-7
5.15434e-7
2.02639e-7
3.80867e-7
-7.54754e-6
4.09388e-7
8.38618e-7
1.70443e-8
-1.39871e-6
3.22231e-6
-9.39987e-6
8.39327e-6
4.74236e-5
2.16729e-5
-1.63941e-5
2.26942e-6
-1.07194e-6
-7.21402e-6
-1.55495e-6
-2.24012e-6
2.10628e-5
5.13224e-6
-0.000290924
-0.000294767
0.000219616
-5.53373e-5
7.7996e-5
-5.70594e-6
9.9702e-5
-3.3832e-5
-0.000107489
0.000161327
-0.000364533
0.000512566
6.68965e-7
-0.00142589
0.0015082
-0.00130361
0.00167419
0.000591784
-0.000808466
-0.000569091
0.00064287
-0.000635678
0.000787085
1.74912e-9
1.67715e-9
2.00117e-10
-1.7001e-10
-4.21217e-9
8.32516e-11
-1.06607e-9
9.29269e-10
-6.78919e-10
-3.77381e-10
-5.28304e-12
6.69662e-11
3.77546e-12
-2.17917e-11
6.21132e-12
-3.939e-10
1.23177e-9
-1.37483e-10
8.70521e-10
-1.56725e-10
-2.17597e-10
1.32301e-11
-1.57794e-12
1.1994e-11
-3.2938e-12
-1.58184e-12
-1.4677e-11
-7.89101e-11
2.92871e-10
2.2941e-10
-5.73554e-11
4.68469e-11
2.19996e-11
-9.1792e-12
1.92229e-11
-2.33409e-11
-2.16485e-11
2.30809e-10
6.09896e-11
-6.23652e-10
-1.2521e-10
2.03755e-11
2.52788e-11
5.37076e-11
9.59613e-11
1.52846e-13
2.65311e-10
-7.14341e-10
-2.14664e-10
3.25426e-10
3.48585e-11
1.06097e-9
-2.49545e-9
8.51963e-9
-3.24137e-10
-2.65428e-9
-2.59742e-9
-2.84764e-9
1.4891e-8
6.17461e-10
-5.00805e-11
-5.22507e-10
9.39105e-10
-2.11252e-9
-1.65249e-8
-8.83223e-8
-4.80971e-9
-3.06024e-8
1.02215e-7
-2.28455e-10
1.19456e-10
-2.78225e-10
9.50216e-11
-8.75946e-11
1.79114e-6
-3.10889e-6
1.49755e-6
-2.80172e-6
1.51974e-11
-5.65054e-11
7.33418e-6
-3.42062e-6
-4.81086e-6
-6.55524e-11
-1.98792e-11
1.66027e-11
-1.3983e-11
8.95821e-11
-0.000229926
0.000351759
-1.77196e-5
5.24743e-5
-6.44464e-11
2.99597e-10
0.000189898
-0.000157277
-1.17404e-10
3.09316e-10
-0.000431571
0.000399803
-6.75683e-12
0.000524521
3.68036e-13
-1.44289e-11
3.93919e-11
3.90629e-11
-1.92263e-10
5.00448e-10
0.000101643
0.000211686
-0.000304766
-0.000182241
-0.000560184
0.000184433
5.46158e-10
0.000108826
-1.68188e-10
-3.59265e-10
3.64302e-9
-7.61648e-9
-4.2548e-9
8.10051e-6
8.06192e-6
-3.45977e-5
-7.56528e-6
-6.20595e-5
9.84394e-9
-8.21917e-9
3.10133e-8
-1.20788e-7
3.19526e-8
-6.74185e-7
1.40527e-6
1.02343e-6
2.40491e-7
4.54323e-7
-8.73558e-8
6.53642e-8
-1.80707e-7
-1.26236e-7
1.16961e-7
-8.01937e-9
-3.67684e-7
-1.42376e-6
4.74409e-8
-1.84247e-8
6.31646e-7
-3.32858e-6
6.77462e-6
-1.28853e-5
8.96938e-6
2.2268e-5
-2.55871e-6
1.27392e-6
-7.90518e-7
4.01138e-6
-9.86348e-6
2.67763e-5
-4.86823e-5
0.000105907
-7.39713e-5
-0.000165283
-4.35625e-5
1.67543e-5
-1.16552e-6
-1.76581e-5
0.000104487
-2.66775e-5
-8.78416e-5
4.52344e-5
-0.000237356
0.000435351
-0.000101183
-0.000608304
-0.00088635
0.000743511
-0.000681387
0.000940968
0.000191905
-0.000285389
5.51654e-5
0.000348052
3.44312e-5
-0.000428788
-0.00020563
0.000544335
0.000274187
-0.000285146
4.76225e-10
2.27184e-10
9.26467e-11
-2.32123e-11
-6.33422e-10
2.99856e-11
-2.61933e-10
2.60151e-10
-4.41344e-11
-2.1737e-10
-1.16751e-10
-4.89717e-11
1.49987e-11
-8.16659e-12
-4.04093e-11
-6.63009e-12
-3.29638e-10
6.42033e-10
-9.05788e-10
1.60547e-9
-1.33731e-10
2.59053e-10
-1.7052e-10
-6.53637e-11
6.84607e-11
-4.60888e-11
-7.54202e-11
7.57306e-11
1.67721e-10
1.32065e-10
4.15826e-10
-4.62974e-10
-1.11612e-10
3.63701e-10
2.17672e-10
-2.47578e-10
-2.59834e-10
1.53065e-10
1.085e-10
-7.11753e-10
-5.80955e-10
1.30757e-10
8.02132e-10
5.34765e-10
4.54923e-10
2.03142e-10
6.26469e-11
-4.78576e-10
-7.0735e-10
-2.32546e-9
1.93574e-9
5.30077e-9
8.11607e-9
-9.83828e-10
-1.17651e-10
-5.82565e-9
-2.01063e-8
-2.17356e-8
3.9988e-10
5.08889e-11
-1.90116e-10
1.76496e-7
-1.29089e-8
2.53142e-7
-2.29086e-7
5.14679e-10
-7.68935e-7
-3.55732e-11
9.36607e-11
-6.83532e-11
7.21882e-6
-4.65682e-6
3.72935e-6
-1.03014e-5
-1.72188e-10
1.15403e-10
2.1272e-5
-2.49742e-6
-1.75381e-10
-5.03118e-5
9.17523e-11
4.26184e-12
7.90592e-12
-0.000504557
0.000474509
-6.79985e-5
0.000124956
2.80369e-11
2.26389e-11
0.000221237
-0.000200449
1.6997e-11
1.68967e-11
-0.000394909
0.000426583
1.1073e-11
0.000483239
-4.04374e-12
9.69314e-12
3.37034e-11
3.09623e-11
-3.19106e-11
0.000102714
8.10713e-6
-0.000151624
-0.000148712
-0.000418999
0.00011859
2.65366e-10
4.48229e-5
-8.71057e-10
-2.95654e-9
2.79808e-9
-1.43812e-10
4.31268e-6
-7.43563e-6
-4.3439e-6
-1.28401e-6
-1.51568e-5
-4.67751e-9
-1.30701e-8
4.16133e-8
4.11904e-9
-3.61915e-8
1.16832e-7
-3.91561e-8
8.12376e-7
-1.62223e-7
8.5689e-8
4.61727e-7
-3.61328e-7
3.85867e-9
-2.85852e-8
6.18442e-8
5.9481e-9
-1.03143e-6
1.10327e-6
1.73533e-6
-2.71267e-6
6.64337e-8
-7.47777e-8
3.68497e-7
1.52992e-8
-1.83478e-6
-2.00976e-8
3.68655e-7
-1.58674e-7
5.55772e-8
3.4708e-6
2.01618e-5
-8.20696e-8
-2.76818e-5
-3.06121e-5
4.34791e-7
-1.89281e-6
1.63521e-6
-3.51518e-6
8.12686e-5
-0.000154693
-0.000164367
0.000223825
0.000310338
-0.000399065
-9.65648e-5
-0.000770638
0.00117356
-0.00075687
0.000663468
6.81725e-5
-8.96042e-5
0.000597199
-0.000457257
-0.000729722
0.000459732
0.000922617
-0.000378547
-0.000627263
0.000323507
3.73835e-10
1.93742e-10
1.90328e-10
1.36863e-11
-4.58458e-10
1.78414e-9
6.30457e-10
-7.75362e-10
-4.46791e-10
-4.39161e-10
-3.92725e-10
3.19751e-10
1.74215e-10
-7.27301e-10
-1.3944e-10
-2.04643e-9
-8.18015e-10
-6.46309e-9
-2.51299e-9
3.2397e-9
-9.4055e-10
1.54157e-9
1.75398e-9
6.76768e-10
1.48823e-9
4.72361e-10
-1.32982e-9
9.80774e-10
1.17679e-9
-1.22121e-9
-3.39312e-10
-4.41357e-10
3.47848e-9
3.23624e-9
1.50254e-8
1.16439e-8
-6.76451e-9
-4.72011e-11
6.96851e-9
1.13045e-9
3.22352e-10
-1.55883e-9
2.88957e-9
2.74567e-9
-1.84595e-8
-1.49786e-8
-1.35735e-9
2.43892e-9
5.33579e-9
1.6893e-9
4.53702e-9
3.67131e-9
-1.5376e-8
-1.65348e-8
-1.69316e-8
4.90025e-9
4.11921e-8
5.11481e-8
-2.08843e-9
-1.33664e-9
-2.48427e-8
-4.50613e-9
-7.26707e-9
-2.70485e-7
-3.46742e-7
-5.12945e-7
1.30927e-8
5.4465e-9
-1.64183e-9
1.68154e-6
-4.71367e-6
2.31882e-6
-5.16384e-6
-2.42135e-10
-2.17868e-10
-7.15089e-11
9.03569e-6
-4.75365e-6
3.8759e-9
-1.62822e-9
7.13683e-10
-1.11363e-5
3.6453e-5
3.81955e-5
1.60024e-5
-1.85192e-9
3.9664e-10
-3.80725e-5
-0.000186649
-1.02448e-10
-9.4654e-10
1.97357e-10
0.000206183
-0.000187987
1.41401e-5
-8.80586e-11
-4.39833e-10
3.07212e-10
-0.000230149
0.00026763
-0.000291245
-6.86513e-11
-1.11087e-9
1.00361e-10
0.000191282
-0.00031745
0.000526343
2.23263e-10
-5.07067e-11
-8.58569e-5
0.000151007
4.92869e-11
-1.22926e-10
0.000187239
-0.000204663
9.50901e-10
-2.28264e-10
-5.44044e-5
0.000149216
1.21249e-10
-2.58009e-9
2.07281e-9
3.5165e-9
-1.03368e-8
-5.82415e-9
-3.88426e-6
1.17693e-5
1.67607e-6
2.70642e-6
6.21566e-7
-4.07033e-6
1.45512e-8
2.71901e-8
-4.81596e-8
-3.70817e-8
1.33554e-7
6.05068e-8
-5.56018e-7
-1.55978e-8
-8.82301e-7
-1.80652e-7
-2.36105e-7
1.36347e-6
3.77018e-8
-1.87029e-8
-1.92531e-8
7.03046e-9
-1.26289e-9
-5.57464e-6
1.61685e-6
1.78189e-5
-7.68118e-6
-2.67138e-8
-3.13461e-9
-4.23482e-9
5.841e-8
-4.54064e-5
2.3105e-5
9.95364e-5
-5.26561e-5
1.14399e-7
8.05153e-8
-3.07175e-7
2.35003e-8
-0.000195568
9.17055e-5
0.00024369
-0.000106844
-0.000255979
8.98331e-5
-6.15398e-5
1.2397e-5
1.08429e-5
-1.33372e-5
2.78113e-6
-3.70141e-6
0.000277997
-4.20505e-5
-0.000234037
-5.55342e-5
0.000133008
0.000186042
-0.000376595
-6.42149e-5
-0.000236408
0.000526845
0.000110176
0.000169768
-0.000577136
-0.000347177
0.000159163
0.000263143
0.000741785
-0.00112034
-2.21185e-5
0.000304537
5.20539e-9
-1.31187e-8
-8.98783e-9
-1.01249e-9
-3.30337e-9
-3.99178e-9
6.03502e-10
2.97956e-9
-3.17317e-9
-7.44843e-8
-4.31408e-8
5.01671e-8
2.4428e-8
-2.08191e-8
4.22418e-8
1.3835e-8
-7.36188e-10
1.57332e-8
6.31346e-9
-6.66246e-9
-4.20206e-9
6.09462e-9
-1.33278e-8
-5.50639e-9
8.35738e-8
7.49113e-8
-1.41045e-7
1.75182e-7
-1.86814e-7
1.69452e-8
-4.82963e-8
1.32987e-8
1.89053e-8
-3.74885e-9
8.10662e-8
7.59876e-8
-3.49112e-7
-3.7591e-7
-1.23109e-8
-2.83216e-8
1.85848e-8
1.09321e-8
1.01116e-7
9.74768e-8
-3.88306e-7
-3.92958e-7
-6.31232e-8
4.41549e-9
6.76191e-7
1.33846e-6
-4.72043e-8
-4.76014e-8
-5.20358e-7
-1.14266e-7
-2.75739e-6
4.81992e-6
7.99464e-6
1.4047e-5
1.23889e-7
-1.1425e-7
3.6425e-8
-2.71895e-5
2.11658e-5
-2.31248e-5
4.18294e-5
-1.72298e-8
3.85548e-9
4.26403e-8
-5.5651e-5
-7.11964e-5
3.64218e-9
-2.98063e-8
7.62935e-9
0.000109189
-0.000104561
0.000124436
-0.000169315
-8.69859e-9
-4.68601e-10
0.000216973
-0.000209293
2.53826e-9
3.31485e-9
-0.00020687
0.000216507
-1.63026e-8
2.38685e-9
0.000151413
-0.000160164
3.16689e-10
-1.79372e-9
-9.13624e-5
0.000101849
5.92629e-9
1.02609e-10
8.15316e-5
-0.000132341
-3.24206e-9
-2.69064e-9
1.14433e-8
-1.06531e-8
-4.11323e-8
-3.60322e-9
-6.0219e-6
6.60326e-7
-1.73473e-6
3.54888e-8
-6.28504e-5
2.69399e-6
2.49404e-8
1.45644e-7
-1.02637e-7
-6.4546e-7
6.31738e-7
-1.51571e-7
2.51386e-7
2.09387e-7
3.06805e-8
2.28471e-6
-2.50105e-6
-6.46e-6
7.95308e-6
-2.0625e-7
-1.6947e-7
5.73312e-8
9.90364e-7
2.08414e-5
-2.32843e-5
-4.9849e-5
5.76191e-5
1.24033e-7
-1.99391e-7
1.53148e-9
1.18805e-6
0.000133943
-0.000108768
-0.000162496
0.000269199
-6.82655e-7
1.37985e-8
-3.19493e-7
-6.28056e-7
0.000288135
-0.000340279
-0.000442043
0.000327734
0.000367378
-0.000423625
5.3733e-6
5.55352e-6
1.43055e-5
3.19215e-6
-3.51113e-6
4.68161e-6
-0.000507802
0.000447568
0.000465496
-0.000372081
-0.000348533
0.000274185
0.000254781
-0.000236344
-0.000238827
0.000271362
0.000199433
-0.000370123
-8.49316e-8
-8.49971e-9
-5.73363e-9
-5.81843e-8
7.31155e-9
1.8102e-8
-8.58045e-8
3.71541e-7
1.59818e-7
3.5881e-7
-1.60328e-7
1.5027e-7
1.24961e-7
-5.80532e-8
-1.22022e-8
1.26629e-7
-1.46335e-7
1.38392e-6
1.33299e-6
-1.82815e-6
-9.29338e-7
4.40908e-7
-4.88233e-7
-6.04813e-7
6.89591e-7
-9.19456e-7
-3.43696e-8
1.63214e-7
2.4127e-8
-2.85299e-7
4.01992e-7
3.37931e-8
2.01782e-6
1.57531e-6
4.78957e-6
-6.38461e-6
9.47415e-6
-1.30637e-6
2.16154e-6
-1.77658e-7
-2.77855e-8
-1.38641e-6
2.11973e-6
1.55099e-6
-9.59536e-6
1.00777e-5
3.74805e-6
-6.25932e-6
-7.65859e-6
-1.99627e-5
5.69926e-8
-7.84722e-6
6.55029e-6
-1.9489e-6
3.00194e-5
-2.7618e-5
2.38605e-5
-5.61692e-5
-5.32984e-5
6.15643e-7
-2.47534e-7
-2.91895e-6
7.38325e-5
0.000128449
9.42627e-8
3.83745e-7
6.83457e-7
-2.17283e-7
-0.000176097
0.000145342
-0.000195456
0.000250325
0.000185605
-1.31006e-8
3.96878e-7
1.39339e-7
-0.000250879
0.000228688
-0.000222491
1.20927e-8
-5.51739e-7
-1.51534e-7
0.000236959
-0.000210303
0.000203376
5.4007e-8
8.50189e-7
-1.05472e-7
-0.00021731
0.000159849
-0.000152016
-2.81683e-8
-2.65489e-8
1.11872e-7
8.96627e-5
-8.50428e-5
0.000103387
-3.42843e-7
2.73942e-9
-2.30835e-5
3.16934e-5
6.08214e-8
5.05065e-6
3.13132e-8
4.25915e-7
-2.74722e-7
-3.89865e-6
4.46157e-6
6.46104e-8
-1.94832e-6
-1.59057e-5
4.04129e-6
-3.33079e-6
3.27037e-5
-8.09347e-7
-1.6786e-6
-1.13433e-5
4.25768e-6
2.63469e-5
-2.39029e-5
-3.13664e-6
-1.12535e-6
3.74092e-7
1.20231e-5
-5.52389e-5
4.34315e-5
0.000104764
-0.000133243
2.9486e-6
-4.12384e-6
7.07391e-8
1.45483e-5
-0.000156661
0.000222963
-0.000130454
0.000216562
-0.000241035
-0.000336222
0.000468008
3.51343e-6
8.80113e-6
-4.11566e-6
3.3912e-6
-9.08106e-7
-7.47103e-7
2.01384e-6
0.000372707
-0.000547797
0.000472542
-0.00025465
0.000400035
-0.000443638
0.000114578
-0.000244108
0.000320325
3.49382e-5
9.5521e-5
-0.000187876
1.69541e-6
-4.58935e-5
0.000123306
1.52999e-5
4.98415e-6
-6.07102e-5
3.71066e-6
7.45017e-7
-2.35022e-6
3.88337e-6
-1.58789e-6
1.10803e-7
-9.28457e-6
1.12018e-6
-1.93606e-6
-2.50779e-5
2.30229e-6
5.06804e-6
-9.69962e-6
3.95414e-6
-7.66274e-6
-1.73031e-6
2.90856e-6
-2.27359e-5
-2.16687e-6
-8.69336e-6
2.40624e-5
1.16409e-5
-4.43706e-5
4.99506e-5
-2.90265e-5
1.54479e-5
1.11494e-5
-1.17873e-5
1.68551e-5
3.23616e-6
-6.13785e-6
1.49622e-5
-1.21626e-5
-1.21166e-5
-1.04779e-5
3.38139e-5
1.98715e-6
7.34618e-6
-9.3553e-6
-2.5378e-5
5.91608e-5
-1.47756e-5
1.05404e-5
9.14653e-6
-2.51917e-5
4.76975e-5
-2.80624e-5
-1.93615e-6
9.11384e-6
2.64203e-5
-2.44898e-5
-7.18814e-6
-3.31399e-5
1.27023e-5
5.56296e-5
-9.05558e-5
-2.45383e-6
-1.10464e-5
4.34339e-5
-3.66518e-5
5.63502e-6
-3.39663e-5
-1.6693e-5
-7.19425e-5
5.63375e-5
0.000132917
-0.00021342
1.91845e-5
1.2534e-6
-5.25524e-7
2.11707e-5
-8.31168e-5
-0.00022671
0.000248238
1.80467e-6
-3.83171e-5
3.47765e-5
-3.62637e-6
0.000200256
-9.87596e-5
0.000305968
-0.000229228
-0.000251624
-3.45201e-6
-1.38785e-5
8.41811e-6
0.000240552
-0.000376354
0.000345068
1.77991e-6
-1.00133e-5
1.11858e-5
-0.000117741
-4.59114e-6
4.55723e-5
1.1337e-5
8.61146e-6
-5.9513e-5
3.00201e-5
-1.93616e-5
-0.000171209
2.42222e-5
9.43407e-5
0.000161933
-0.00013682
-0.000134991
5.57717e-5
3.70964e-6
1.76341e-5
2.13795e-5
-2.12688e-5
-5.17836e-6
-9.53392e-5
-1.31146e-5
1.25069e-5
6.28268e-5
-4.16523e-6
1.10313e-5
0.000126995
-9.58944e-5
3.38082e-5
-0.000410745
-1.30057e-5
-1.22242e-5
-0.000155599
9.76412e-6
3.82885e-5
0.000110177
-5.24569e-5
-0.000110076
2.26921e-5
1.78626e-5
1.7824e-5
-2.87891e-5
-1.39085e-5
-2.98222e-5
-0.000186696
9.00056e-5
-1.9933e-6
0.000268756
-6.85638e-5
-6.39638e-5
-0.000255432
0.000153897
8.04725e-5
0.000155701
-0.000131368
-2.56151e-5
-0.000602573
0.000409984
-0.000169599
0.000153489
-6.0659e-5
1.13852e-5
0.000411602
-0.000186634
7.07334e-5
-0.000333273
0.000210338
-0.000147141
4.55495e-5
-5.00433e-5
-1.34406e-5
3.92813e-5
-8.45275e-5
0.000106658
-0.000134706
8.05685e-5
3.29309e-6
2.24682e-5
-6.87985e-5
0.000140473
-0.000211846
0.000261018
-0.00019376
8.79766e-5
2.59699e-5
-1.0052e-5
-2.08007e-5
8.8097e-5
-0.00019508
0.000307851
-0.000360461
0.000313545
-0.000166773
2.5534e-5
-2.92615e-5
3.44699e-5
-1.26322e-5
-6.22599e-5
0.0001921
-0.000328068
0.000394072
-0.000341347
0.000201111
-1.4314e-5
-3.5719e-5
6.3776e-5
-9.16674e-5
9.63525e-5
-3.54469e-5
-9.59173e-5
0.000243885
-0.000332288
0.000324507
-0.000226135
4.08728e-5
0.000156169
-8.95241e-5
0.000167198
-0.000216723
0.000184214
-6.7783e-5
-8.25625e-5
0.000203251
-0.00027139
0.000266083
-0.000100386
0.000130298
-0.000243406
0.000316872
-0.000314488
0.000224953
-9.13961e-5
-4.17091e-5
0.00021615
-0.000465883
0.000592695
0.000212158
-0.000340667
0.000355097
-0.000315252
0.000228586
-0.000173336
-1.6323e-5
9.98462e-5
0.000250258
-0.000313602
0.000331626
-0.000283557
0.000460104
-7.40103e-5
-0.000259017
0.000194327
