-9.73105e-5
0.000434423
-0.000537102
5.11421e-5
-0.000498057
0.000487782
-0.000538862
0.000727578
0.000297254
-0.00039967
6.44514e-5
0.000332101
0.00014585
-8.36626e-5
-0.000134259
-8.76882e-5
8.07788e-5
-9.84294e-5
0.000393963
-0.000165579
-9.47475e-5
-0.000574899
0.000174635
-5.06729e-5
9.18837e-5
0.000457483
-0.000266058
0.00021914
-6.08598e-6
-0.000227839
2.31586e-5
3.60008e-5
0.000231886
-3.44022e-5
-4.95091e-6
-0.000146995
1.28116e-6
-5.02528e-6
-7.32141e-7
-1.62537e-6
2.31655e-6
2.19124e-5
7.03194e-5
-1.79457e-6
6.5588e-6
-0.000206327
0.000284361
-0.000379471
0.000455791
-0.000473786
7.18077e-5
0.000322907
-7.19808e-6
-0.000164668
-1.03623e-6
7.04016e-6
1.02882e-6
0.000138283
-0.000352584
0.000114359
-0.0001597
0.000508217
-8.06545e-5
-0.000404313
0.000185728
2.6931e-6
-0.000186709
0.000385661
-0.000536341
0.000553691
-0.000437339
8.63329e-5
0.000232521
-3.8109e-5
-0.000126319
-3.02635e-6
6.36069e-5
-2.31098e-6
9.55836e-6
-1.69434e-5
0.000235868
-0.000270935
0.00019519
-1.51253e-5
-0.000226021
0.000418002
-0.000464777
0.000361148
-0.000204521
8.98439e-5
-3.11732e-5
0.000631267
-0.000540793
0.000118538
-0.000577791
0.000629106
3.80037e-5
-0.000121728
-0.000178742
0.000365865
-0.000401574
0.000268978
-2.85212e-5
-0.000185608
0.000271759
-0.000235639
0.000152984
-3.99392e-5
-7.09694e-5
2.08446e-5
6.06892e-5
7.40837e-6
-1.86911e-5
-1.28541e-7
-7.79384e-6
0.00048129
-0.000380158
0.000149295
0.000191205
-0.000443046
0.000552632
-0.000460107
0.000239392
-2.44652e-5
-9.1624e-5
0.000110312
-7.97375e-5
4.30999e-5
-4.13456e-5
1.7906e-5
-1.53595e-7
-0.000185195
-3.96335e-5
-0.000204864
0.000461348
-0.000564892
0.000495832
-0.000310636
0.000126342
-1.24374e-5
-3.99677e-5
6.78965e-5
-7.46974e-5
1.24246e-5
4.35197e-6
-2.53333e-6
0.000130574
-0.000105357
-6.57577e-5
5.14127e-6
0.000124665
-0.000315484
0.000443032
-0.00037886
0.000258179
-0.000130828
5.61737e-5
-4.8527e-6
-9.2801e-6
5.13269e-5
-2.46565e-5
1.13573e-5
-1.08798e-5
1.50834e-5
-6.11298e-5
0.00015831
-0.000234473
0.000212585
-0.000164168
9.13287e-5
-8.43196e-5
2.13183e-5
-7.98808e-6
7.21304e-6
-8.22294e-6
7.37492e-6
-1.22222e-6
2.76572e-6
7.83172e-6
-8.30669e-5
0.000125215
-9.23331e-5
7.52693e-5
-4.84325e-5
9.17711e-5
-6.49484e-5
9.54999e-6
-2.60873e-6
-3.29034e-6
1.09472e-6
-7.38894e-6
-9.55954e-7
3.72596e-5
-6.25848e-5
4.16617e-5
-6.44046e-5
4.46764e-5
-5.25062e-6
-1.60542e-5
3.11901e-5
-6.44748e-7
-7.08448e-6
-9.48744e-6
2.41977e-6
3.07401e-5
-2.12423e-5
1.95886e-5
-1.90293e-5
1.43715e-5
2.09412e-6
-1.4948e-5
7.96842e-6
4.05546e-8
2.97532e-7
2.20667e-5
-7.08976e-5
3.35931e-5
-3.28252e-5
0.00019506
-0.000100185
-2.59492e-6
1.89056e-5
-0.000590453
0.000257297
-3.75999e-6
-4.52239e-5
0.000300012
-0.000146019
-1.22445e-5
-0.00016758
2.82335e-5
9.14152e-5
1.50776e-5
8.85261e-5
-0.000139161
5.23584e-5
-0.000119369
0.000187506
7.76252e-5
-3.75189e-5
-0.000135157
-8.23812e-5
5.91812e-5
8.4575e-7
7.87057e-6
-2.06773e-6
-1.8116e-5
-1.30183e-5
4.56903e-6
-3.01394e-6
-1.15252e-7
4.12445e-5
4.69961e-5
-3.62351e-5
5.21277e-5
-6.1586e-5
-1.86842e-5
1.88371e-5
2.35732e-5
1.05293e-5
-9.71517e-6
-4.55001e-6
1.76575e-5
-4.18991e-6
-1.4327e-5
2.39523e-7
3.92784e-5
-1.02526e-5
-2.15619e-6
4.53008e-6
2.95596e-6
8.98943e-7
-9.42434e-7
-2.75696e-6
7.30934e-6
7.38451e-7
8.35303e-7
-1.13026e-5
3.2369e-7
9.70132e-6
-1.53133e-6
-4.25186e-8
-3.11244e-8
1.9687e-7
4.56381e-7
-6.77173e-8
-5.95571e-8
3.36122e-5
-8.50939e-5
-3.41986e-6
1.4387e-8
-4.48566e-5
8.15906e-5
-2.46508e-5
0.000128963
-0.000223691
3.60658e-6
1.87116e-6
5.97408e-7
-9.3769e-8
-8.03955e-7
9.03758e-9
2.85841e-8
3.15735e-9
1.26987e-8
-0.000298866
0.000671118
-0.000833069
2.89233e-6
-8.38286e-7
8.6773e-8
0.000161756
-0.000337989
0.00061906
-4.11577e-7
2.29064e-7
1.92004e-7
-3.37729e-5
0.000194698
-0.000387016
2.28054e-7
-1.88081e-7
-6.49e-8
-7.5743e-5
-3.58244e-5
0.000164179
8.13464e-7
-1.29027e-7
8.21968e-8
9.77542e-5
-3.64826e-5
2.17691e-5
5.44277e-5
-2.83963e-6
3.11889e-7
-2.38881e-7
3.14508e-8
-5.857e-5
-3.30476e-5
-8.98759e-6
-2.28893e-6
9.56957e-7
4.26131e-7
3.34418e-7
5.80168e-5
-4.18503e-5
-3.53376e-5
2.5824e-5
-1.2471e-5
1.19138e-8
-9.92575e-7
1.12047e-6
-6.38322e-7
4.10141e-7
-7.99773e-7
1.16011e-5
6.67557e-6
-2.73665e-6
2.9121e-6
3.58776e-7
3.4046e-7
3.99069e-8
-1.23902e-7
1.39366e-7
-6.29135e-6
5.58606e-6
1.03622e-6
5.16713e-7
5.43885e-7
3.31791e-6
-7.45549e-6
3.96361e-6
1.98726e-6
-8.72603e-7
1.63637e-7
-2.10673e-7
-2.15195e-8
2.43072e-8
-3.54077e-7
4.99153e-7
1.28543e-7
-6.85933e-7
-5.60925e-7
7.93645e-7
-2.96902e-6
4.20908e-7
-2.45724e-7
-7.32029e-7
-5.89898e-7
-5.69043e-7
-1.02347e-6
5.84124e-7
3.05846e-8
-1.26913e-7
2.55866e-8
8.61771e-8
7.10783e-8
6.48619e-8
-1.39024e-8
8.7097e-7
-2.29847e-7
1.79649e-7
1.44333e-7
3.68732e-7
9.20544e-7
-4.11126e-7
-4.46394e-7
-3.00953e-9
1.32403e-9
-9.75329e-8
-2.05571e-7
6.77915e-8
-8.34389e-8
-6.14633e-8
-7.9483e-6
-0.00013561
0.000307969
0.00012558
-0.000212274
0.000317043
-0.000637004
-9.57356e-5
0.000173433
-0.000164559
0.000137634
-0.000193376
0.00014372
-0.000210004
0.000251784
-0.000176601
0.000255588
-0.000291989
0.00020718
-0.000203345
0.000261698
-0.00018634
-0.000175997
0.000130597
0.000171726
-0.000106541
1.97941e-6
5.5836e-6
-1.35518e-5
-1.30507e-5
5.62179e-6
-1.71202e-5
2.71287e-5
7.87122e-5
-0.000129665
7.69689e-5
4.8676e-5
-3.18355e-5
-2.4357e-5
1.07297e-5
9.87639e-8
3.97929e-7
-6.88555e-7
1.36186e-6
8.87625e-6
-2.10394e-6
-2.51638e-6
-5.06981e-7
-2.3354e-7
1.43524e-6
-2.75507e-7
7.0299e-8
5.49419e-7
7.31302e-7
-2.92856e-8
-4.48731e-7
4.72959e-9
4.65482e-7
-1.0206e-7
-2.84032e-7
4.05727e-8
-3.08066e-8
2.02794e-7
1.81011e-8
-7.78631e-8
4.09262e-6
-2.83881e-6
-1.14641e-7
-6.7776e-6
1.23397e-5
-1.4068e-7
3.00425e-8
-1.20952e-8
3.08486e-8
-1.47562e-9
5.18905e-9
-1.50567e-8
1.83659e-5
-8.16073e-10
-5.99818e-5
1.2675e-5
1.11622e-6
8.33522e-5
-1.70918e-5
4.31839e-6
-5.0472e-5
-3.07613e-9
5.67127e-10
-5.60232e-9
-7.62057e-10
6.50644e-9
-7.75092e-10
2.86727e-10
-0.000207196
7.47363e-5
7.45084e-5
-4.72999e-8
1.66085e-8
-3.79753e-9
0.000366917
-0.000197052
2.19729e-5
-3.49689e-8
4.46212e-9
-4.25156e-9
-0.00045603
0.000293889
-0.000115102
1.20007e-8
3.55885e-10
-3.7266e-10
0.000425453
-0.000308343
0.000147169
-2.9902e-8
5.87953e-9
-1.10806e-9
-0.000316575
0.000217816
-0.000172601
5.41818e-10
-4.52732e-10
-7.428e-10
0.000174756
0.000104701
-2.02695e-8
-1.1486e-9
-1.67559e-9
-0.00014273
0.000126065
9.5987e-5
-5.53715e-5
4.10325e-5
-2.07072e-7
6.97462e-8
-2.91379e-8
1.17123e-8
-3.32892e-5
-1.44177e-5
-7.87586e-8
1.37236e-8
-8.44015e-9
1.54699e-5
-1.16922e-5
-5.50021e-6
-1.56128e-6
2.84421e-9
-1.72966e-9
7.93263e-9
1.06287e-8
1.6096e-6
-8.89397e-7
-4.28678e-7
-1.34881e-7
-1.11569e-9
-9.34024e-9
-2.85445e-9
6.37899e-10
8.62583e-8
1.67545e-8
-1.1245e-8
-1.74258e-8
-3.24404e-8
2.391e-7
2.93595e-9
7.31546e-8
3.42595e-9
-6.98232e-9
2.64696e-9
9.05984e-9
9.32121e-10
1.05704e-8
-7.47838e-10
6.99843e-9
5.36661e-8
3.96073e-8
-1.31944e-8
3.19572e-8
8.00356e-9
2.05399e-9
3.54659e-8
-9.98697e-8
-1.27732e-8
7.97453e-9
3.05028e-9
-2.46605e-9
-3.45476e-9
1.23752e-9
-8.32763e-9
-1.98191e-8
-5.77963e-9
-9.75606e-11
-7.92857e-9
-2.83841e-9
-2.23471e-8
4.25376e-9
4.71768e-8
-1.09783e-9
8.55176e-10
5.01598e-9
5.61393e-9
6.62451e-10
1.35028e-9
1.87127e-9
6.02384e-5
2.57234e-5
-0.000295111
0.000951976
-0.000991912
0.000759155
-0.000202149
1.71783e-5
3.82162e-5
0.000133476
1.6456e-6
-0.000170536
7.33463e-6
0.000151492
-3.56044e-5
-0.000135519
2.43759e-5
0.000127838
-2.91759e-6
-0.00013968
6.51511e-6
7.71368e-5
-1.20037e-6
-5.08125e-5
-3.30584e-6
-6.63136e-6
1.69454e-5
-2.57144e-5
9.77133e-6
-2.37557e-5
-8.7493e-6
4.59615e-5
9.49566e-6
-2.57443e-5
-6.86872e-6
1.15398e-5
-4.25462e-8
-2.23915e-7
3.71637e-7
-8.38863e-8
4.02941e-6
-5.6678e-6
-1.9809e-6
2.55492e-6
-1.27005e-8
6.63603e-8
-1.51757e-8
1.55067e-8
8.35756e-7
-1.02542e-6
-3.05469e-7
3.64901e-7
1.33974e-8
3.47954e-8
-1.47713e-8
2.74355e-9
9.7211e-8
-1.1608e-7
-2.54755e-8
3.74466e-8
-1.24339e-6
9.00092e-7
1.09075e-7
3.52691e-6
-5.35666e-6
-6.95216e-8
3.54698e-9
-1.4442e-8
5.63418e-9
-1.76943e-9
5.96058e-9
-2.6377e-9
5.25559e-5
-4.67817e-6
-1.08375e-5
-0.000204571
0.000133137
1.34349e-6
6.2025e-10
7.95418e-10
-1.87174e-10
2.14315e-11
-3.38207e-10
0.000161803
-0.000136992
6.66711e-10
-3.87344e-11
-0.000518493
0.000335253
1.58049e-9
-4.28154e-10
0.000671127
-0.000527709
6.07349e-10
-5.4617e-10
-0.000681309
0.000586617
2.98926e-10
9.72736e-10
0.000443083
-0.000473891
5.0461e-10
-3.28679e-9
-0.000281191
0.0003309
6.44978e-10
3.67141e-10
0.000168095
-0.000195708
-1.15597e-10
-2.74493e-9
-9.72646e-5
-7.60832e-5
1.02996e-8
-2.18963e-9
9.4747e-9
5.105e-5
-3.27443e-5
-2.1016e-5
3.11156e-5
6.13317e-9
-3.34334e-8
-1.78063e-8
7.05234e-6
3.72914e-6
1.23963e-9
-3.4485e-9
4.9232e-8
-1.80148e-6
6.45607e-7
2.63179e-7
1.3081e-7
1.41748e-9
-2.58118e-9
-2.63646e-8
4.99962e-9
2.93921e-8
-5.35134e-8
-3.52169e-8
-2.04028e-8
-1.79376e-10
-8.97209e-10
-1.46995e-10
-6.72811e-10
1.13953e-8
-1.15512e-9
-8.37544e-10
-4.57283e-9
1.62588e-9
2.58749e-9
6.66363e-10
-3.5467e-10
-1.05046e-9
7.34954e-10
9.62187e-10
-1.68691e-9
1.61099e-9
7.91263e-9
-9.98617e-9
-1.04041e-9
-6.4436e-10
-3.44964e-10
-3.79405e-10
2.38462e-10
8.63705e-10
-3.26284e-10
4.39699e-10
-9.60574e-10
-2.18207e-9
-1.30455e-9
-2.09304e-10
-5.88866e-10
-5.22005e-10
-3.57935e-9
-3.94968e-10
-6.52068e-10
1.93824e-9
2.11607e-10
-6.9268e-11
1.55875e-11
6.35799e-10
7.38188e-10
3.16181e-10
6.85576e-11
1.36481e-10
1.25333e-9
-0.000100291
0.00012566
6.8411e-6
-0.00024543
0.00012816
-1.081e-5
-9.0851e-5
0.00029356
-0.000235132
8.17735e-5
-0.00034804
0.000258717
-9.04183e-5
0.00018687
-0.000143944
4.33465e-6
8.55711e-5
0.000128615
2.14824e-5
-8.41603e-5
-0.000171533
-3.75355e-5
-7.25021e-5
0.000218217
-0.00074279
0.000471331
-0.000261473
0.000531468
-0.000175171
0.000150218
-0.000134588
-8.65184e-5
5.9463e-5
4.3041e-5
4.52728e-5
2.53459e-5
-4.33948e-5
-4.0151e-5
6.73788e-7
4.87263e-6
-8.2723e-6
2.34656e-5
-2.11389e-5
5.06322e-6
1.95004e-5
-1.81909e-5
-5.64245e-6
-8.50066e-6
-4.74105e-6
7.9513e-6
5.09046e-6
-2.70819e-8
2.52742e-9
-2.41844e-7
3.41298e-7
-2.74935e-6
3.8008e-6
1.20568e-6
-1.47809e-6
1.01951e-8
1.35252e-9
-8.74986e-9
6.24171e-8
-4.56916e-7
5.16901e-7
1.48513e-7
-1.22858e-7
2.13754e-8
9.18923e-9
-1.08623e-8
-2.18055e-8
-4.47559e-8
-5.85557e-9
2.462e-8
2.68032e-8
-3.17161e-7
1.54395e-7
9.86541e-8
8.02641e-8
1.49872e-7
-1.25129e-7
3.46983e-9
-3.15494e-8
-6.71349e-8
7.84282e-8
-5.64926e-9
9.90884e-9
3.24908e-9
-6.23727e-6
1.05267e-5
-3.83423e-6
8.06506e-5
-0.0001283
1.14625e-6
-3.06493e-10
-1.78035e-9
-1.18362e-8
2.8218e-9
7.0856e-11
3.47967e-10
-4.07371e-5
0.000217811
-3.25015e-11
2.76845e-11
-0.000390261
5.91502e-11
-0.000857224
0.00132924
-0.000339329
0.000915244
-0.00163395
0.000205298
0.000957548
1.23977e-10
-1.73171e-10
1.93777e-10
-9.9193e-11
-1.76257e-10
-6.76479e-11
2.37658e-11
6.31497e-10
-0.000804352
0.00106008
-0.000848241
-6.23062e-11
1.66763e-9
-1.90621e-9
0.000465661
-0.000622981
0.000610358
-2.79022e-9
3.10955e-9
-6.59289e-9
-0.000172434
0.000242587
-0.000324341
7.60116e-9
-1.994e-8
1.8816e-8
0.000117004
0.000186079
2.31887e-9
1.71519e-8
-0.000112533
6.15041e-5
7.40429e-5
-0.000116966
4.68063e-9
2.62862e-9
-1.28555e-8
1.27335e-8
-8.82843e-8
-5.82786e-5
6.92518e-5
-1.87507e-8
-3.13096e-9
2.40434e-5
1.22129e-5
1.19564e-7
3.71955e-8
-5.92154e-6
-2.9389e-6
5.61283e-7
-3.51598e-6
-1.41582e-7
1.78683e-7
-2.03672e-7
2.04325e-7
2.89509e-8
1.35621e-7
1.1669e-8
3.62892e-8
3.82033e-8
-1.48895e-7
3.01451e-8
5.33801e-8
1.83965e-8
7.1752e-9
-1.69588e-8
-1.174e-7
9.01409e-8
1.49287e-7
6.06141e-8
-1.00318e-8
-1.39729e-8
-2.27901e-10
-1.69664e-9
3.56324e-10
-2.45041e-9
-2.671e-8
6.08883e-9
5.39297e-10
-2.20469e-9
1.04108e-10
8.47941e-11
3.13358e-10
1.95835e-10
-1.141e-9
1.733e-9
-1.6108e-10
-2.11543e-10
4.75619e-11
1.66478e-10
-3.02667e-10
3.21702e-10
-4.1983e-10
3.85979e-10
-1.18299e-9
-3.21768e-11
-4.11773e-11
-5.35718e-11
3.93241e-11
-7.75125e-11
3.08774e-11
-1.29665e-10
-2.466e-10
-2.27309e-10
-8.19503e-11
-1.03987e-11
5.90775e-11
-3.01292e-10
-1.16326e-10
-3.3265e-11
7.89651e-11
-9.64329e-11
-2.30687e-10
2.12172e-9
-1.87394e-11
1.22941e-11
8.55087e-12
8.98488e-12
5.70061e-11
1.07075e-10
6.53878e-11
1.2337e-11
-3.40933e-11
5.30903e-11
6.0876e-11
1.85569e-11
3.03612e-11
-1.21196e-10
-1.03358e-11
-2.786e-11
-3.75801e-11
-1.59245e-11
1.91616e-11
4.54509e-11
-2.59922e-11
8.35969e-5
0.000170658
-0.00010951
0.000179175
-0.000217127
7.37199e-5
-0.000244683
-3.1533e-5
0.000302945
0.000138178
-0.00033661
-2.06649e-5
-9.73955e-5
7.39501e-5
5.35234e-5
0.000334677
-0.000487578
0.000442024
-0.000446617
0.000178191
-0.000261169
7.14903e-5
1.45145e-5
-3.16276e-5
-1.31488e-5
2.04619e-5
1.20126e-5
-1.48098e-5
3.17548e-6
-2.37578e-5
2.03709e-5
-0.000116614
3.76969e-5
1.41938e-5
-4.41686e-6
-6.92683e-6
-4.49348e-6
5.54332e-6
-3.39606e-7
3.3377e-7
9.29253e-7
-2.13836e-6
4.00168e-6
-8.24481e-7
-2.07611e-6
2.39694e-6
4.98919e-7
-3.95575e-7
-7.73216e-7
2.83626e-6
2.92984e-7
-4.3365e-9
-1.98662e-8
7.42885e-8
9.81534e-9
-1.37323e-8
-6.38602e-7
-1.75715e-7
1.98035e-6
2.49505e-7
-2.48425e-7
5.3917e-8
9.6775e-8
1.65767e-7
-9.04852e-8
1.08856e-8
-3.26234e-7
5.28601e-8
7.24152e-7
1.15398e-7
1.43911e-6
4.58543e-8
-1.29461e-6
-2.30434e-6
9.96818e-7
1.05535e-8
-7.11185e-8
-1.85908e-7
1.72871e-7
2.0022e-8
-3.37324e-5
1.68043e-5
3.80618e-6
0.000124427
-9.9763e-5
-5.55161e-6
8.05311e-10
-2.79023e-9
-6.53935e-9
9.73038e-10
-2.84334e-10
-1.31658e-10
-0.000209462
8.22349e-10
-0.000277874
0.000568596
-0.000210262
0.000418967
-0.000467602
0.000243225
1.25949e-10
1.07468e-11
5.73408e-11
4.00717e-10
-1.7195e-9
2.03835e-10
-0.000168645
0.000412787
1.36283e-8
3.33218e-11
-8.21454e-5
-0.000170059
5.26308e-9
-6.62932e-8
0.000493325
-8.53369e-5
-6.88356e-9
7.00094e-8
-0.000113519
-4.84529e-5
8.36395e-5
3.26093e-5
-4.85607e-5
-4.73517e-9
2.1072e-8
-8.36622e-9
6.62537e-8
4.66565e-7
-2.20985e-5
4.21905e-5
4.99917e-9
-3.48947e-8
-4.48316e-6
2.09327e-6
-4.82985e-7
-7.09442e-7
1.82397e-6
-2.26186e-7
1.72342e-7
-1.94456e-7
1.0758e-7
-7.55062e-8
-2.77445e-7
6.89614e-8
-7.22692e-9
-2.94018e-8
1.29434e-8
-1.6016e-7
1.60287e-7
-1.89399e-7
1.35936e-7
4.46289e-8
1.17067e-8
6.71607e-9
-1.42529e-9
3.68615e-8
-4.53599e-10
-3.8627e-9
-1.02125e-9
5.93176e-10
-1.99762e-9
-3.09706e-9
6.70524e-9
-2.83268e-8
3.41273e-8
6.7238e-10
6.55621e-11
-3.18303e-10
1.38581e-10
-1.75025e-8
3.02549e-8
-2.43782e-8
-1.4787e-8
1.05084e-10
5.46625e-11
-4.77853e-11
2.58361e-11
2.12181e-11
9.88356e-10
-2.4613e-9
2.8808e-9
2.29969e-8
-7.59482e-8
-5.65189e-12
-8.06059e-12
9.25845e-13
3.42226e-12
-4.9331e-12
-5.17244e-12
-2.27051e-11
9.65428e-13
2.44293e-12
1.78838e-10
-1.65201e-9
4.26084e-9
-2.25231e-12
-1.44555e-13
1.11116e-12
4.46e-12
1.92575e-12
7.72832e-12
2.21497e-11
-1.58403e-11
-1.47154e-10
-1.33884e-11
9.15663e-12
3.34048e-11
-3.97516e-11
-9.91937e-11
6.78463e-12
6.45108e-12
1.06167e-11
-5.9016e-11
1.64993e-10
4.8691e-10
1.14654e-10
0.000153599
4.5658e-5
0.000169651
-8.2694e-5
-0.00019023
0.000276429
-6.89726e-5
-0.000578601
0.000288161
0.000506804
-0.000162041
-0.000112473
0.000178828
0.000529895
-0.000505304
0.000492974
-0.000655842
0.000250177
-0.000278183
-5.39065e-5
0.000124459
1.26495e-5
-2.76376e-5
-1.0214e-6
-3.01939e-7
-2.0091e-7
-8.3873e-7
-0.000105107
7.86115e-5
-0.000302979
0.000115365
3.68253e-6
2.63465e-6
-1.64318e-6
-2.0145e-6
1.35274e-6
-1.09082e-6
9.05441e-6
-9.27322e-6
2.67535e-5
-1.1483e-5
-7.45437e-7
1.99272e-8
2.4412e-8
-6.0259e-7
2.48127e-6
-3.48231e-7
1.40494e-6
-2.48164e-6
-3.52492e-6
-3.34133e-6
9.30406e-6
-2.74972e-7
9.6453e-7
-1.48022e-6
-1.90491e-6
-3.27816e-7
4.66139e-6
-6.87264e-7
-1.50945e-7
1.44349e-6
-1.30382e-6
-1.60539e-6
1.30367e-7
-7.85499e-7
7.36967e-8
1.28886e-6
2.36218e-7
2.34926e-6
2.52588e-6
-8.40924e-6
8.64421e-6
9.26022e-6
-6.91572e-9
-2.07284e-8
-5.35562e-7
-6.12617e-8
7.88697e-9
-2.50506e-5
1.58463e-5
4.25653e-5
7.24964e-5
-0.000113871
-5.97373e-5
7.09902e-9
-2.47237e-8
6.59907e-9
3.65189e-8
-4.34448e-9
1.11264e-8
-0.000135076
3.50172e-9
-8.69937e-6
0.000180867
-3.28955e-5
-2.74746e-5
-6.744e-5
9.12928e-5
-5.96719e-5
-1.14184e-6
-9.03049e-10
-5.19071e-9
1.57958e-9
7.7009e-9
0.000321225
-0.000240465
-0.000162487
3.38378e-8
-4.29283e-8
-0.000692401
0.000365386
0.000444041
2.31768e-7
-2.53143e-7
0.000720111
-0.000213902
-0.000748257
-5.9877e-7
7.99311e-7
-8.28312e-5
-7.79939e-5
0.000105894
2.58055e-5
-2.66278e-5
-8.32041e-8
2.17213e-7
-8.26764e-7
-7.57611e-6
1.4099e-5
1.35971e-7
-1.61209e-7
1.17222e-6
3.26718e-9
-3.08261e-7
2.4995e-8
-1.06133e-7
-1.27293e-7
2.23803e-8
2.16439e-8
-1.15768e-7
1.8765e-7
1.17527e-7
-2.53113e-8
-7.29956e-9
7.07163e-9
-6.16703e-9
-1.54278e-7
9.47661e-8
-1.04403e-7
3.16602e-9
-1.55044e-7
1.81129e-9
5.74596e-10
-1.00837e-11
9.20514e-10
4.24875e-8
-4.38664e-8
6.79668e-9
-1.64082e-10
-1.1607e-10
-9.6927e-11
1.2242e-7
-6.6137e-8
-9.35603e-8
-4.70112e-12
1.50497e-11
-3.40831e-11
1.95654e-12
-3.45329e-8
2.78712e-8
7.35097e-8
-3.04008e-7
8.76645e-13
8.55887e-12
-1.69788e-12
3.61156e-12
1.45927e-12
8.19401e-11
1.42306e-9
-1.03964e-8
7.19239e-8
-1.4608e-7
-3.32092e-12
-1.10397e-12
2.721e-13
4.63063e-12
1.18501e-12
-3.17259e-12
-9.06321e-11
-3.36957e-12
1.75407e-10
1.86701e-10
-3.08949e-10
1.15202e-9
-6.14808e-12
-1.81393e-11
1.61546e-11
-8.02788e-12
-2.45854e-11
2.57533e-11
-3.4013e-11
-1.5135e-11
2.0362e-10
-7.499e-10
-9.68174e-10
3.11746e-10
-1.03313e-11
2.24827e-10
-7.31869e-10
1.03959e-10
6.92737e-11
-7.15418e-11
1.12925e-9
0.000433431
0.000310961
-0.000288566
-0.000172638
-0.000277042
9.35662e-5
-4.5448e-5
0.000492862
-0.000571354
0.00048639
-0.000124152
-0.00010056
0.000109111
0.000317391
-0.00033542
-0.0001882
7.91964e-5
1.85377e-5
1.95637e-6
1.8584e-7
-3.47911e-5
-0.000155902
0.000169543
-0.000305856
0.000245936
2.88404e-8
-7.03573e-8
2.92895e-7
3.06374e-8
-1.58088e-7
3.06044e-6
1.88999e-5
-1.32694e-5
5.60252e-5
-2.17032e-5
-1.3514e-8
-3.97684e-7
5.26393e-7
7.74206e-8
4.35218e-8
9.14334e-7
1.68095e-6
-6.25842e-6
-1.3761e-6
-3.12505e-6
7.08588e-6
6.49008e-7
1.06265e-6
-2.67944e-6
-9.35062e-6
-8.58721e-6
2.30477e-5
1.0482e-6
1.10927e-6
-1.9098e-6
-3.63663e-6
-5.8825e-7
8.46365e-6
3.09171e-6
-2.90263e-6
1.88554e-6
-1.09205e-5
-2.84714e-6
6.05216e-7
-2.55853e-6
-2.51172e-7
4.46495e-6
1.09558e-6
-2.08269e-5
1.89473e-5
-1.37037e-5
6.54862e-5
1.8743e-5
-1.43067e-8
9.92266e-8
9.72026e-8
-2.28945e-7
-8.54154e-8
0.000183103
-8.91813e-5
9.04071e-5
-0.000185962
-0.000195259
7.4477e-5
-0.000106625
3.25927e-8
-8.65146e-8
-5.33082e-8
1.60479e-7
-3.1242e-7
8.99197e-5
1.77503e-8
-1.72774e-8
4.31351e-10
5.27764e-11
-7.15948e-9
3.84944e-7
1.32389e-7
-4.04099e-5
1.58068e-6
-4.75824e-6
5.75912e-6
-9.40651e-6
-7.24921e-7
-6.25703e-7
-2.08479e-7
1.02967e-6
1.41449e-6
7.60825e-7
-2.65508e-7
-4.1856e-6
-1.34938e-6
-2.73546e-8
-9.1678e-8
1.38104e-8
6.15057e-8
9.6912e-8
1.28702e-9
2.47278e-7
-2.31935e-8
7.10311e-9
3.08897e-9
-1.63148e-9
6.81544e-9
-4.07739e-8
1.31636e-8
1.61978e-7
-3.0298e-7
1.06852e-6
-2.59341e-9
5.12075e-10
2.48697e-10
-2.27748e-10
1.32891e-7
-3.43973e-8
-2.68012e-7
3.58696e-11
8.14029e-11
5.47746e-11
4.21422e-7
-1.38547e-7
-3.48416e-7
-3.14708e-11
-3.20662e-12
1.1918e-11
1.42505e-7
2.61342e-7
-1.06347e-6
2.05246e-11
-4.1656e-11
-7.33155e-12
-2.35473e-13
1.28931e-8
-1.13365e-7
3.2765e-7
-5.90911e-7
7.99838e-12
-3.72676e-12
3.46407e-12
8.03953e-12
-2.00904e-12
-2.47671e-10
1.88262e-10
-1.84884e-9
-9.52921e-9
6.21506e-8
-7.2261e-12
-4.03115e-11
3.70739e-11
-1.63242e-11
-7.36109e-11
8.00531e-11
-1.01124e-10
1.70944e-9
-1.49574e-9
1.57164e-9
2.14559e-9
1.23934e-9
2.98321e-10
3.84884e-10
4.53987e-10
-2.66814e-10
1.36334e-10
1.667e-10
-2.75075e-10
-1.78663e-10
-1.17841e-10
-3.37436e-10
-5.8063e-9
2.80479e-9
-7.06261e-9
0.000555363
-0.000396454
-0.000765963
0.000737131
-0.000534028
0.000784531
-0.000714225
-0.000573209
0.000442772
0.000192523
-8.44673e-5
6.67369e-5
-0.000141442
-0.000154546
0.000173795
0.000257968
-0.000188328
7.21329e-6
-1.61429e-5
-3.54368e-6
-2.9898e-7
-0.000129784
-0.000181908
0.000103968
0.000250501
-7.40877e-5
7.70303e-5
1.3309e-5
-9.3961e-7
4.99836e-7
2.00346e-7
-8.45983e-9
1.51201e-8
9.48446e-6
7.74167e-6
-4.25625e-6
-4.85475e-6
4.6113e-5
-1.75294e-5
9.10044e-8
-1.32578e-8
-3.33694e-8
2.38768e-6
6.57372e-7
-3.37281e-6
1.97731e-6
1.33767e-9
-4.95358e-7
1.37682e-6
-9.52131e-8
-8.18115e-7
-3.25224e-6
-8.52727e-6
1.45145e-5
1.39272e-6
-6.22945e-8
-5.35454e-7
-2.04832e-5
-2.01589e-5
5.63442e-5
2.3546e-6
-1.5133e-8
-5.57729e-7
-1.35726e-5
-7.23178e-6
3.30714e-5
8.74258e-6
-6.40477e-6
8.56027e-7
-3.11489e-6
-1.96534e-5
-8.65334e-7
-1.83904e-6
6.42125e-6
1.22038e-6
-4.82798e-6
-0.000100131
4.37907e-5
-6.73236e-6
3.80488e-5
0.000179119
8.90801e-6
2.33832e-7
-1.32888e-6
2.12939e-7
-8.0681e-7
1.68782e-6
5.80611e-7
-9.12258e-5
0.000175415
-0.000198999
0.000139327
-8.32079e-6
-8.69845e-5
0.000200993
-1.99693e-7
7.97185e-7
7.90024e-8
-2.93675e-7
5.87386e-7
9.10091e-5
9.99245e-6
-1.17217e-7
4.88023e-7
-8.97789e-5
-3.33659e-5
1.66098e-7
-2.4674e-7
3.40723e-5
0.000103026
-4.62568e-7
-1.25848e-7
-2.84126e-6
-0.000126388
-1.36651e-6
3.51823e-6
2.87446e-5
2.18377e-5
5.02227e-6
-1.21565e-6
-4.28252e-5
4.82377e-5
1.4164e-5
-4.96489e-5
-3.32034e-6
-3.94614e-6
-1.13636e-5
1.21951e-6
5.69858e-7
-6.48107e-6
6.58802e-5
-1.0952e-7
1.40901e-7
9.05352e-7
1.00023e-5
1.4854e-5
-4.53989e-8
3.83567e-8
-4.82693e-6
-9.44836e-9
9.5683e-9
7.2838e-7
1.84092e-5
2.66429e-9
-1.92619e-9
-5.00255e-10
-2.37195e-9
4.9661e-7
-1.02392e-6
9.60287e-10
-4.12332e-10
-1.57729e-7
-1.23161e-6
-2.70877e-10
1.14931e-10
-1.33615e-10
7.93899e-7
-4.45397e-11
9.89758e-11
2.16237e-11
1.27625e-6
2.79277e-7
-2.1851e-6
-5.81518e-11
-8.06737e-11
6.26294e-11
5.4768e-7
5.72115e-7
-3.86628e-6
7.0956e-11
-1.70283e-10
-3.63631e-11
-4.03675e-7
1.15747e-6
-1.59838e-6
-8.51391e-12
1.33744e-10
2.63668e-11
-9.68978e-11
-1.13118e-11
2.31582e-9
-1.07713e-8
-1.12694e-8
1.91931e-7
-3.43728e-11
-4.23064e-11
8.77834e-11
-7.38507e-11
-2.29029e-10
2.22854e-10
-3.54316e-9
-6.09604e-9
-3.01821e-9
4.94313e-9
7.67091e-10
-2.65245e-10
-5.65039e-10
3.81025e-10
-1.29615e-9
-7.85597e-10
3.31983e-10
1.0161e-9
-2.40855e-10
1.3416e-9
4.93772e-9
1.6288e-8
-1.76764e-9
-3.69727e-8
2.31738e-8
2.42156e-8
5.25522e-9
-2.6235e-9
1.83069e-9
4.99465e-10
-2.88032e-9
-1.6539e-9
2.09957e-9
-1.43403e-8
-3.05988e-8
2.04368e-8
-0.000436389
0.000312468
0.000415193
-4.02127e-6
-0.000140806
-0.000226418
-0.000156903
0.000465789
0.000320432
-0.000565591
-0.000300942
0.000335949
0.000191287
-0.00014116
-3.30753e-6
3.31032e-5
-8.67331e-5
1.79591e-5
0.000247775
-0.000377138
0.00013941
0.000511003
6.73147e-6
-1.0259e-5
-7.9364e-7
-5.16586e-8
3.82575e-7
-1.43633e-7
-4.91563e-5
2.04984e-5
-5.46825e-5
3.09933e-5
4.67614e-8
-2.84447e-8
5.4923e-8
-1.88574e-8
1.3878e-6
1.75987e-6
-7.12323e-7
6.0292e-6
-1.81467e-6
3.30279e-8
-1.10574e-7
5.84499e-7
4.15156e-7
-8.87369e-8
-3.45378e-7
9.12951e-6
-9.67952e-7
-8.77364e-8
3.41558e-7
-9.574e-8
-3.04216e-8
-8.50884e-6
-5.80534e-5
7.08564e-5
4.07435e-7
-8.57161e-8
-4.14689e-8
-9.13798e-5
-0.000192464
0.000210839
1.20346e-6
-5.20925e-8
-2.54365e-7
-4.14735e-8
-1.61569e-5
3.61347e-5
1.671e-5
-5.68333e-5
-1.5469e-5
-4.9279e-6
5.70599e-6
2.05652e-6
6.00531e-6
-2.35749e-5
-6.72028e-6
2.50484e-5
0.000108512
-0.000156355
9.08806e-5
-6.57293e-5
-0.000146853
-4.32616e-5
-9.17193e-7
6.29918e-6
-1.79149e-6
4.2053e-6
-8.82958e-6
-1.57599e-6
-0.00017057
0.000126051
-9.62656e-6
0.000205225
0.000285264
-0.00031226
-0.000212183
-4.45526e-5
-4.65664e-9
-1.18928e-6
-2.43919e-6
3.2999e-6
-0.000292101
0.000320215
0.000213652
4.83305e-6
5.98427e-6
0.000215271
-0.000242551
-0.000147432
-8.81956e-6
-2.99338e-5
-0.000127152
0.000142365
8.22795e-5
-5.8954e-6
9.72792e-5
7.25326e-5
-6.42893e-5
-4.84145e-5
3.97076e-5
-0.000139322
-3.60937e-5
1.91982e-5
3.43793e-5
0.00013221
-0.000468418
1.89078e-6
-4.22367e-6
-4.2328e-7
-4.17722e-5
0.000383524
-0.000220196
9.56465e-8
-1.92767e-8
-0.000107931
5.68583e-9
-9.13753e-8
3.50607e-5
0.000388583
2.05041e-8
-6.1461e-9
7.55637e-6
-3.10424e-5
1.81447e-9
-2.72697e-9
5.52368e-6
-3.17681e-5
1.05507e-9
-2.95806e-10
9.6498e-7
-1.49188e-6
4.78048e-11
-1.07912e-9
-1.7728e-6
2.33884e-6
-2.61014e-10
6.62949e-10
4.53877e-11
6.66911e-6
8.09883e-11
6.74763e-11
2.97108e-10
2.86838e-6
1.2408e-5
-1.64603e-5
1.8194e-10
-1.38792e-9
-9.70709e-12
-1.77302e-6
8.60025e-6
-1.02923e-5
-4.06846e-10
1.46608e-10
-2.64587e-11
1.68988e-9
-3.38106e-10
-1.74882e-7
2.19624e-7
6.10083e-7
-1.80438e-9
5.35098e-10
3.09007e-10
-6.39025e-10
-4.44071e-9
1.4133e-8
-3.77263e-9
2.5248e-8
-8.00109e-10
1.80019e-10
2.11037e-10
-3.86693e-9
3.11382e-9
-8.18773e-8
1.52113e-8
-1.37018e-7
-4.92851e-8
1.25435e-8
8.20101e-9
-7.11682e-9
3.97522e-9
-4.28464e-9
1.14673e-8
3.38426e-9
1.24595e-8
-7.98889e-9
1.05503e-8
7.47401e-8
1.3952e-7
3.08922e-8
-3.85928e-7
4.9653e-7
7.69408e-8
5.90663e-9
-3.6195e-8
-1.389e-8
4.95314e-8
-1.96595e-7
-3.24248e-7
0.000208129
-0.000138322
-0.00030632
0.000113142
9.14031e-6
6.4586e-5
-0.000218436
0.000521619
-0.000820053
0.00106309
-0.000462517
0.000181943
-3.60684e-5
4.3988e-6
3.90048e-6
8.27038e-6
6.85193e-7
-2.68241e-6
5.50534e-6
-8.95611e-6
-6.9376e-5
2.45292e-5
6.11907e-7
-1.55034e-7
6.23158e-7
-2.38639e-7
-7.43996e-6
2.20596e-6
-1.48518e-5
6.20319e-6
6.84067e-8
-1.89474e-8
1.30748e-8
1.42873e-7
7.54056e-8
2.78098e-7
-7.31392e-8
1.33408e-7
5.72709e-7
-4.75255e-7
-9.05856e-7
4.60217e-6
7.48512e-7
-1.21292e-5
3.76164e-8
-4.56735e-8
-8.07621e-9
-6.26661e-8
6.51433e-5
-0.000151178
1.2976e-8
1.80761e-8
-2.04271e-8
1.16258e-8
0.000165962
-0.000496133
5.81099e-8
-4.97626e-9
-6.6922e-9
1.02203e-8
-5.67847e-5
-6.4248e-6
0.000176678
-0.000501497
-1.86687e-6
-7.74201e-7
5.53975e-7
2.39389e-7
8.28719e-5
-0.000257896
-8.72963e-5
0.000271193
3.39517e-5
1.79869e-5
-1.47515e-5
-6.47396e-6
-2.15245e-5
7.87814e-5
1.78866e-5
-7.03902e-5
-1.03021e-5
6.93703e-5
-5.06717e-5
-7.34437e-6
-5.20731e-5
3.29788e-5
3.77246e-5
2.1557e-6
-2.11917e-6
2.54593e-6
-6.95156e-6
1.92969e-6
-5.69088e-6
-4.02846e-6
-1.87103e-5
1.47416e-5
8.17469e-5
-0.000564206
0.00199098
1.4176e-6
0.000813653
1.21177e-6
5.45655e-6
-3.15553e-6
5.72694e-7
-0.00105042
0.00111039
-0.000722327
-0.00363022
-6.41203e-8
5.934e-7
-5.44552e-8
0.000203631
-0.000797405
7.21768e-9
-8.05176e-8
9.42269e-5
-0.000774073
4.45851e-8
-1.43796e-8
5.13203e-7
-1.88612e-5
3.74557e-9
-1.32312e-8
2.11798e-5
-4.87371e-5
2.34232e-9
-9.76383e-10
3.14576e-6
-1.28014e-5
-4.42925e-11
3.24104e-9
1.52968e-10
1.37783e-6
4.02322e-5
1.52528e-10
-2.54e-10
-7.45836e-10
1.39908e-10
-6.18219e-6
5.12606e-5
3.76471e-9
2.47557e-9
1.54401e-9
-1.62732e-8
-1.13878e-5
2.59317e-5
1.41232e-9
-1.80821e-8
-8.22457e-9
3.87795e-8
3.39559e-7
-1.67054e-6
1.44135e-6
3.70149e-9
2.65658e-9
-1.67889e-10
6.17143e-9
1.42301e-9
8.34943e-9
-6.04653e-8
-4.03451e-7
-1.20051e-8
4.44809e-9
2.30341e-9
-4.42609e-9
-5.28816e-8
2.54819e-7
-4.47832e-8
2.00661e-8
-1.14568e-8
1.26914e-8
8.92295e-9
-9.29637e-8
-3.02949e-8
1.17393e-6
4.49973e-7
-1.26707e-6
-9.99737e-7
1.84885e-7
8.25981e-8
1.70995e-8
-8.86947e-9
-3.95208e-8
7.3787e-8
1.06264e-7
-9.69478e-8
2.29758e-8
1.37286e-6
-1.20345e-6
1.19903e-6
-0.000129194
4.45329e-5
0.000344132
-0.000294103
-0.000758222
0.000960042
0.00111444
-0.00164682
-0.00197856
0.00227709
0.000713496
-0.000101036
-0.000331588
0.000299735
2.15985e-5
1.42555e-5
6.09608e-5
-2.57656e-5
6.30561e-5
-3.38922e-5
-9.11335e-5
-4.64472e-5
1.05292e-5
-1.74838e-6
5.57031e-6
-3.60692e-6
6.51436e-6
-5.14109e-6
-7.31569e-6
3.93492e-6
1.08991e-6
-1.91579e-7
2.5893e-7
-1.8524e-8
-4.27962e-7
1.07465e-6
-1.8211e-6
-3.04625e-6
-5.92032e-8
2.21045e-7
1.514e-8
-7.66183e-7
6.25778e-7
-6.64236e-6
3.23219e-6
-9.16453e-6
-5.45276e-7
-3.92792e-5
5.07285e-5
-9.20926e-5
2.5267e-7
0.000117981
0.000577155
-0.000653493
-3.03093e-8
0.00151639
0.0015126
-0.00288657
-1.48475e-7
-7.09176e-8
4.41311e-8
2.45527e-9
0.000705007
-0.00169496
-0.000741772
0.00177376
5.49609e-6
2.01367e-6
-1.76251e-6
-5.37631e-7
-0.000252407
0.000704913
0.000223492
-0.000609306
-8.85411e-6
-2.04742e-5
7.17406e-6
9.47242e-6
5.1173e-5
-0.000156157
-3.72925e-5
0.000107266
2.75124e-5
0.000239324
-0.000296536
0.000123743
-0.000146397
-0.000308262
0.000128064
0.000395336
-9.14992e-5
6.27729e-6
-1.73681e-5
3.9855e-5
-7.53382e-5
0.000280654
-0.000161861
-0.00033502
3.97906e-5
-0.00020088
-0.000213323
0.000167721
0.000249205
-0.000198135
0.000331258
0.000195821
-0.000168438
-0.000162522
0.000229104
0.000361179
-6.80669e-5
1.45995e-5
6.14805e-5
0.0013993
-0.00475714
8.65734e-6
7.04779e-5
-9.96236e-6
-0.00612925
0.0206226
-9.6831e-6
-2.02507e-5
-0.0134034
0.0163677
-5.72696e-7
0.00408727
-5.9569e-8
-1.12735e-6
0.00315018
-0.0160933
1.13521e-6
-3.37176e-7
0.000209061
-0.000592471
7.30264e-8
-2.03156e-7
1.49724e-5
-0.00106723
2.97764e-8
-5.56614e-9
-5.20887e-5
4.89424e-5
1.09787e-9
-6.371e-9
0.000140002
-0.00013697
-3.14454e-9
-0.000137702
-2.45369e-9
-4.51677e-5
-0.000152436
0.000283582
-4.78594e-9
9.75973e-6
-0.00013113
0.000147246
6.97243e-8
4.92661e-6
-1.89891e-5
2.59774e-5
-3.33649e-8
-2.15769e-8
-1.89917e-9
1.89229e-9
-1.72804e-9
-3.12727e-8
-2.42195e-7
-2.63087e-6
1.61188e-7
6.40309e-9
-2.75582e-9
6.96761e-8
-4.2798e-8
2.03738e-7
-2.7833e-8
2.5171e-8
-1.64784e-7
4.13228e-8
-1.23672e-8
-1.43933e-8
-9.04816e-7
4.74134e-6
-8.18849e-7
1.27153e-7
-8.59892e-8
2.56537e-7
-1.93359e-7
1.11005e-7
6.60392e-8
-4.06954e-9
-5.8491e-7
3.83261e-7
-2.13345e-7
-5.97347e-7
-4.28825e-6
-2.88216e-6
1.5882e-5
-1.19102e-5
3.08165e-6
-1.08138e-6
2.44455e-6
-1.41599e-6
5.67294e-7
9.37083e-7
1.52743e-5
6.38347e-6
-3.19146e-5
3.3072e-7
-2.42948e-5
0.000112678
-3.72715e-5
-0.000933911
0.000116397
0.00132823
-0.00157286
-0.000577692
0.000495405
-0.000303401
0.000507983
0.00017381
-0.000245425
-7.69318e-6
-5.59137e-5
7.93234e-6
1.62741e-5
1.89988e-5
-5.02768e-5
2.0998e-5
-3.64921e-6
2.67922e-6
9.45146e-7
1.047e-5
-3.14657e-5
-1.37607e-5
4.52189e-5
1.59123e-7
-4.53067e-8
-1.03042e-6
1.23627e-6
4.64628e-7
-6.99613e-6
2.66012e-5
-1.06418e-5
1.62834e-5
-5.26149e-5
-8.00467e-7
-7.20072e-6
6.09741e-6
3.51473e-5
-1.39258e-6
3.60354e-6
-5.5598e-6
4.20206e-6
-2.3059e-5
0.000168311
9.65506e-8
-3.36793e-7
-6.0494e-7
-9.91955e-8
-0.000469378
0.00133085
3.26462e-9
5.54953e-8
-2.46306e-7
4.53806e-8
-0.0013982
0.00334053
-1.21299e-8
3.56889e-9
-5.36275e-8
1.88201e-8
0.00333714
-0.0051367
-0.00365736
0.00639904
4.76924e-7
1.2146e-7
-1.05073e-7
-2.36289e-8
-0.00173415
0.00365194
0.0015127
-0.00329165
-4.45822e-6
-3.70629e-6
1.94059e-6
1.25109e-6
0.000393906
-0.0010175
-0.00021487
0.000824585
-4.51817e-5
4.46378e-5
-7.79846e-6
2.2257e-5
7.90816e-5
-3.2111e-5
2.59406e-6
-0.000119691
0.000298181
6.71444e-5
-6.35559e-5
6.07321e-5
-7.44307e-5
-6.28608e-5
9.90203e-5
0.000688655
-0.000268325
-0.00128274
0.000774313
0.000158976
-0.000195442
-0.0619033
0.0612552
0.0112314
4.88206e-5
-0.000136437
-0.0521391
0.101401
-3.20083e-5
8.84189e-5
1.06357e-5
0.0646692
-0.0868459
-6.95105e-6
2.36086e-5
-7.47472e-6
0.00389671
-0.0156967
1.32037e-6
-1.97179e-6
0.00317643
-0.0196813
3.91119e-7
-9.99217e-8
0.000110128
0.000608562
2.92027e-8
-7.82543e-8
0.000494005
-0.00356903
-1.98919e-8
3.36454e-8
-0.000263623
0.000109367
-1.44278e-8
-2.1116e-7
7.42636e-8
0.000473004
-0.00013785
1.17041e-8
4.97898e-9
7.58291e-9
-4.08841e-8
0.000143158
-0.000444007
-1.62851e-8
-3.02076e-8
3.55505e-8
7.12406e-8
0.000121361
-0.000432965
-1.13294e-7
-6.26218e-7
-1.88269e-7
1.59692e-6
2.75311e-5
-8.89025e-5
9.40646e-8
4.32793e-7
3.45387e-7
-2.28276e-6
8.23252e-7
4.5438e-6
-3.77509e-6
4.12566e-6
-1.02352e-6
-4.90641e-7
2.00987e-6
5.27377e-8
1.36043e-8
-6.15394e-7
-4.81405e-6
-3.10491e-6
8.79569e-7
1.10264e-7
-1.21896e-6
-8.03227e-7
4.01499e-6
-1.82292e-7
2.8644e-7
2.60156e-6
-6.65557e-8
-8.79571e-7
1.92749e-6
1.4746e-6
-4.97731e-5
-1.92716e-5
6.22666e-5
-9.06387e-6
1.94025e-6
-1.14879e-6
-5.2111e-6
2.74028e-6
6.79506e-6
-5.99909e-6
2.86929e-6
-1.04511e-6
4.02861e-5
-4.21322e-5
8.27278e-5
-7.64889e-5
0.000564199
0.000335891
-0.00124579
6.36923e-5
0.00123667
-0.000213468
-0.000298801
-0.000374313
7.19789e-5
-0.000157868
4.9843e-5
3.33039e-6
-0.000425203
0.000189543
0.00035976
0.000296499
0.000572721
-0.000909132
0.000255239
-0.000221608
-7.22989e-5
3.79822e-5
-5.89502e-5
0.000218584
8.44153e-5
-0.00030435
-3.49171e-6
-1.13673e-6
1.12473e-5
1.60866e-6
8.90455e-5
-0.000228717
0.000133299
-0.000112178
0.000342767
4.61802e-6
-8.4165e-6
1.83262e-5
-3.00194e-5
6.05371e-6
-7.47818e-5
-1.32137e-5
4.56937e-5
-0.000120742
-1.25868e-5
-2.90217e-6
-1.00386e-5
-0.000179518
0.000403002
-0.000234582
1.65102e-6
-0.00330513
-0.000331804
0.00232045
2.19847e-7
1.78651e-8
0.00616722
-0.00908145
1.37041e-8
4.97617e-9
-3.11411e-8
1.97143e-8
-0.00679895
0.0113088
0.00553869
-0.0119693
-7.14101e-7
-3.52844e-7
1.91859e-7
8.74133e-8
0.00215499
-0.00482725
-0.00140575
0.00367577
-8.49666e-6
1.40116e-6
3.28349e-6
-6.27955e-6
-9.49833e-7
-0.000708075
0.00135866
-0.0001956
1.0829e-5
7.3798e-5
0.000107712
-0.00016502
6.75229e-5
5.11184e-5
6.94012e-5
-3.76536e-5
-0.000119716
-0.00010353
0.000164664
-6.32996e-5
2.38146e-5
-0.00103945
0.00086589
0.00854965
-0.00481123
8.42492e-5
-0.000214614
5.07345e-5
-0.01316
0.00493306
-1.63373e-5
-0.000280571
0.0312614
-0.112026
0.00014214
-0.000214531
0.211119
-0.301572
0.219907
-9.54784e-5
8.76603e-5
0.0867844
-0.0881038
2.34607e-5
-1.72614e-6
-2.49085e-6
0.000487102
-0.00829178
5.53946e-7
-9.78504e-7
0.0257286
-0.023756
2.10675e-7
-2.15211e-7
-0.000918429
0.00363449
2.15464e-7
1.37002e-6
-4.93382e-7
-0.00521095
0.0193315
1.9254e-7
-0.00123658
0.0019008
1.33759e-8
0.00102068
2.64106e-7
0.000121077
0.00108849
-0.00180278
9.81868e-7
-7.26501e-6
0.000281059
-0.000517514
-5.65389e-6
8.575e-6
-9.54756e-6
4.52595e-5
-9.05155e-5
-1.24955e-5
-6.60533e-6
1.9302e-5
3.09641e-6
-1.19406e-6
-4.36549e-6
3.25282e-6
-2.74637e-5
8.22992e-6
3.91839e-6
-1.5307e-5
-3.99953e-7
3.8107e-7
3.88975e-7
5.15431e-6
2.0644e-5
-5.27868e-6
-4.17183e-6
9.98507e-6
-2.09605e-5
7.09152e-5
5.079e-6
1.66073e-6
-4.03605e-6
2.12125e-6
-9.85594e-6
1.13262e-5
-7.50745e-6
1.00213e-5
-3.06581e-5
-2.67621e-5
-1.70339e-5
3.10474e-5
-4.67905e-5
6.51022e-6
-0.000199797
0.000152521
-5.97414e-5
2.45344e-5
-1.54748e-5
0.000849436
-0.00163181
-0.00089825
0.00180102
-0.00133547
0.000662488
6.64289e-5
0.00113844
-0.000774679
-0.000866385
0.000266351
0.000436092
0.000300936
0.000287434
-0.000443826
0.000533268
0.000138356
-4.59321e-5
-0.000192985
-9.98319e-5
0.000179453
-0.000368933
2.35056e-5
-9.22066e-6
-2.23387e-5
9.04117e-5
-1.07323e-5
-0.000236172
0.000525889
-0.000503857
-0.000247445
-3.63782e-5
0.00011708
2.56189e-5
-1.90023e-5
2.06194e-5
0.000368826
-4.38789e-5
-0.000108702
0.00015951
-0.00027563
0.000159857
-0.000250217
0.00041864
3.10872e-5
-0.000207929
-0.000168485
0.000472745
-1.78243e-5
5.51525e-5
-5.07712e-5
1.9165e-5
-0.00215655
0.00194652
-2.4833e-6
6.34233e-6
-6.3326e-6
3.55438e-6
-0.00307992
0.00300407
-2.57786e-7
3.11309e-7
-9.53785e-8
8.44186e-7
-0.00547527
0.00104671
0.00957525
-0.006984
8.10492e-8
-5.02456e-9
-0.0126622
0.0137621
-3.96186e-8
-2.42547e-8
5.25992e-10
4.60795e-8
-1.47026e-7
0.0063569
-0.00920716
0.00395315
-0.00564189
-8.2413e-7
4.85801e-7
-2.92459e-8
5.86312e-7
-7.74762e-7
-0.00253744
0.00343615
-0.000373653
1.92224e-6
5.69841e-5
6.12316e-5
0.000357954
-2.80476e-5
-2.15855e-5
1.18303e-5
7.63511e-5
6.66921e-5
-0.000176406
-8.40225e-6
-9.60382e-5
0.00107954
-0.000221426
-0.002122
0.000262465
0.00481418
-0.000340504
-0.0116112
0.000421309
0.0424539
0.000996668
-0.000780904
0.270002
-0.158007
-0.000676633
0.000202412
0.000302123
-0.35362
0.252854
0.000118636
-5.6387e-5
0.129777
0.00030821
-0.00014607
0.0901173
-0.260086
0.118814
-5.22705e-5
8.85316e-5
0.0602779
-0.0399255
1.53233e-5
-6.80118e-6
-4.94879e-6
5.9552e-7
-3.48904e-6
-0.0318474
0.0254773
-0.0326006
0.0290675
-1.44123e-6
4.22295e-6
-9.87301e-7
0.00543112
-0.0146955
-4.23688e-7
-9.19967e-8
0.00192848
-0.00266484
-2.7547e-7
-3.32015e-6
3.26695e-6
-0.00200239
0.00241458
-5.94322e-9
-3.25215e-6
-9.00871e-7
5.74316e-6
-0.00121874
0.00181741
1.06476e-6
-6.79097e-6
-4.77891e-6
1.26485e-5
-0.000412562
0.00055392
2.11945e-5
-3.52064e-5
-2.21133e-5
4.00618e-5
-1.00352e-5
-0.000124313
0.000150656
-4.99484e-5
2.68604e-5
-3.44849e-5
6.25623e-6
9.08561e-5
4.36143e-5
1.82201e-5
-4.29788e-5
-3.33158e-6
5.80339e-7
5.9375e-6
-2.93893e-6
1.80561e-5
-3.86372e-5
-1.87156e-5
3.20033e-5
-8.19474e-6
2.62257e-5
9.41016e-6
-1.83396e-6
-5.29343e-6
-1.54922e-5
5.66748e-6
-3.35719e-6
7.17523e-6
-1.74383e-5
5.36077e-5
3.84263e-5
0.000134623
0.000149321
-0.000175386
3.26052e-5
-0.000143713
9.76357e-5
-4.27649e-5
-8.32497e-5
5.8875e-5
-4.19701e-5
2.66316e-5
-6.26676e-5
4.54753e-5
0.000973492
-0.00163748
0.00251684
-0.00305985
0.00213791
-0.00098159
4.92863e-6
0.000448779
-0.000205355
-0.000337725
-6.68445e-5
0.00019541
-0.000205172
-0.000157815
0.000699379
8.59053e-5
-0.000256244
-0.000385794
0.00092461
-0.00015543
-0.00062813
0.00139309
-0.00109103
1.33199e-5
-4.98714e-5
-0.000550175
0.000892556
-0.000661494
0.00061236
-0.00104808
5.81547e-5
0.000128889
-0.000865466
0.00095917
0.000442399
0.000434182
-0.000281108
0.000589271
-0.00190783
3.90236e-5
-1.31459e-5
0.00248195
-0.00882057
8.41831e-6
-7.22044e-6
0.00543093
-0.0105009
-5.06327e-7
-2.12412e-6
0.00620288
0.00210048
-1.45212e-7
-6.11334e-8
1.13552e-6
4.0314e-7
0.0112543
-0.00905161
-0.0115506
0.0116677
6.20294e-8
-4.24115e-8
0.0102676
0.00528114
-0.00832408
1.53579e-10
1.57066e-7
-8.23361e-7
-0.00354219
-0.000823032
-0.000662133
0.00236587
-1.98099e-5
6.63716e-6
4.67126e-5
-0.000146844
-6.73584e-6
-0.000898647
0.00194403
-0.00191906
0.000280111
0.00397548
-0.000358389
-0.00809262
0.000397315
0.0167063
-0.00038419
-0.0356953
0.000356721
0.0716903
-6.44723e-5
-0.101317
-3.37179e-5
-3.68478e-5
-0.338932
0.228173
-4.3883e-5
-0.000216316
0.153703
0.000214264
-9.83628e-5
0.00140918
-0.0192857
0.00490299
1.89664e-5
0.00165625
-1.88246e-5
-0.00135273
-0.00354397
-1.60127e-6
3.86886e-6
-0.00376212
0.00697144
1.25853e-6
2.63145e-5
-2.36126e-5
0.00142724
-0.000834259
1.33965e-5
-1.26289e-5
0.00138984
-0.00134748
9.60547e-6
-1.40547e-5
0.000826834
-0.00157287
5.08603e-6
-5.73827e-6
0.000230205
-0.000553306
5.26621e-5
-7.56411e-5
7.41689e-5
-0.000126984
9.04938e-5
5.73758e-5
-0.000103503
-2.95161e-5
6.40882e-6
6.56193e-5
-9.40256e-5
0.000108652
-5.81975e-5
9.55675e-5
-2.74827e-6
-2.65134e-5
-0.000118458
5.04386e-5
-5.91671e-5
8.42914e-6
-2.03214e-5
3.21232e-5
-1.51865e-5
6.12426e-6
-2.49911e-5
6.33737e-5
6.17426e-5
-3.65769e-5
-1.32572e-5
3.79293e-5
-7.55696e-6
-0.000124387
0.000154064
-0.000103133
4.27162e-5
3.06738e-6
-1.6306e-5
3.03548e-5
-6.54091e-5
0.000820583
-0.000920383
0.000198584
0.00191931
-0.00317684
0.00318662
-0.00211531
0.000611988
0.000453828
-0.000668547
8.23722e-5
0.00106677
0.00118079
-0.00175524
-0.000567278
0.00027273
-0.00107872
-0.00112043
0.00149935
-0.00186096
-0.00068851
0.000192929
-0.000211372
0.000885418
-0.00196995
-0.000432475
0.000866231
0.000170026
0.000907904
-0.00146261
0.00140153
0.00147834
0.000490218
-0.00110797
-0.00073502
0.00152688
-0.0016361
-0.00119262
0.00092093
0.00118467
-0.00146189
-0.000705179
-0.000396726
0.000412893
0.00309105
0.00468949
-0.011295
-5.38263e-5
0.0148931
0.0202443
-0.0294978
2.24e-5
1.0032e-5
-0.0140159
0.00240173
-7.46928e-6
2.78995e-6
0.00588949
-0.0101737
1.79131e-7
-3.11113e-7
-9.14438e-7
2.15788e-7
-6.81707e-8
-0.00857979
0.0100494
-0.00767834
0.00778196
-4.5975e-9
7.78038e-9
3.42476e-8
-1.13062e-7
-1.1538e-7
0.00506162
-0.00382547
-0.00216568
-8.07796e-7
0.00223112
-0.00384462
-9.31652e-6
4.36175e-6
-3.25127e-6
2.43278e-5
-7.60901e-5
-0.002434
0.00360939
-0.00119969
0.000177969
0.000817032
-0.000289103
-0.00231366
0.000365878
0.00678685
-0.000357141
-0.0142103
0.000262815
0.0246373
-0.000103512
-0.0372109
-0.000157648
0.050295
0.00048476
-0.0933089
0.000474689
-0.000667121
-0.229889
0.147023
-0.000168767
0.000194792
-0.000158434
-1.47219e-5
-0.00515214
0.025552
-0.0352019
-7.46925e-6
7.36963e-5
-0.000490986
0.0011354
9.64117e-6
-6.2908e-5
6.05543e-5
3.30714e-5
-6.18711e-5
-0.00229663
0.00124659
-0.000328577
0.000753304
-2.78356e-5
3.40121e-5
-1.73758e-5
-2.75909e-6
-0.000273209
-0.000200004
4.72145e-5
-0.000482262
0.000393456
-1.90965e-6
0.000768938
6.97776e-6
0.000139548
0.000323162
-0.000499639
-7.7917e-5
0.000148329
8.1022e-6
0.000145861
-0.00022369
-0.000142297
0.000150333
-6.73243e-6
1.89095e-5
-0.000153441
-8.62224e-5
0.000144056
-3.84761e-6
2.31425e-5
2.53971e-5
-5.43951e-6
-0.000133794
0.000163824
9.53924e-5
-0.000136019
2.40823e-5
-4.02084e-5
-7.93516e-5
6.06556e-5
-5.33492e-5
7.90768e-5
-4.05169e-5
2.61587e-5
-1.80887e-5
2.87672e-5
-0.00011017
0.000227895
0.000103837
-2.5415e-5
-1.12981e-5
0.000113954
-0.00011763
0.00020215
-0.000203309
0.000125311
-1.00126e-5
-8.43167e-5
0.000136965
-0.000184947
0.000311398
-0.000362658
-0.00164383
0.000560534
0.00243363
-0.00229395
0.00104572
0.000553954
-0.00153478
0.00143573
-0.000522412
-0.000577014
0.00169205
0.00182038
0.00126633
-0.00160646
0.00172785
0.000217388
-0.000940353
0.00615515
-0.0085991
-0.00174059
-0.000982019
-0.00160609
0.00156456
-0.0014744
0.00285921
-0.00409012
0.00457333
0.00130907
-0.0011128
-0.00468965
0.00547156
-0.00102511
0.000652134
-0.00073691
0.000653947
0.000751055
0.00111194
-0.00587776
0.000486763
0.00695956
-0.000565203
0.00093526
-0.000635663
0.00036608
-0.0155346
0.0215679
-0.000144985
0.000340562
-0.00023342
0.000108724
3.98511e-5
0.0199563
-0.0187048
0.00718412
-0.00251822
-8.53999e-6
1.14777e-6
-0.00365725
0.00720308
2.39058e-7
-2.52707e-7
-2.8798e-8
-0.00742675
0.00540416
-0.00319603
3.33175e-8
-1.26986e-7
5.55362e-7
-0.0006211
0.00605541
0.00387589
-0.00882844
2.87188e-6
-1.67147e-5
5.39801e-5
-0.00450822
-0.000917364
-0.000132398
0.00351242
0.000224785
-0.00348576
-0.000272835
-3.46119e-5
0.000230031
0.00635792
-9.94402e-5
-0.0132953
-6.63565e-5
0.0185381
0.000213689
-0.0216061
-0.000269908
0.0261694
0.000137563
-0.0145986
2.87217e-5
-0.0085496
0.000195363
-0.00020944
0.000451156
0.000302444
2.09214e-5
0.000156595
-0.000120689
8.98369e-5
-0.00013067
0.000113128
-0.000185541
-3.63647e-5
-2.92754e-5
9.98917e-5
3.36623e-5
9.41554e-5
-0.000189637
-9.04777e-5
0.000258014
0.000147073
2.74145e-5
0.000101438
-0.000122014
6.34599e-5
-0.000193642
-6.87745e-5
0.000131543
-3.12912e-5
8.77321e-5
-0.000122224
0.000107937
0.000251018
-0.000298461
-0.000184408
0.000228172
-8.74773e-5
-7.89194e-5
0.000104639
-0.000161586
0.00018463
-0.000177303
-3.4691e-6
-3.15865e-5
8.25076e-5
0.000169878
-0.000160393
-5.86194e-5
3.04925e-5
0.00015275
-0.000160372
0.000153708
0.000196204
-0.000122277
8.87008e-5
-0.000134
0.000111773
-4.43707e-5
-2.82808e-5
-3.88293e-5
0.000377695
-0.000335706
0.00015063
-0.000228064
0.000221482
-0.000107667
-6.12392e-5
0.000202863
-0.000266313
0.000259688
-0.000208174
6.40149e-5
0.000302277
-0.000698255
0.00120321
-0.000308088
0.0012073
-0.0014777
0.000946124
0.000412946
-0.00197287
0.00276604
-0.00226995
0.000745532
0.00133454
-0.00340963
-0.00783905
0.00926669
0.00744253
-0.00662878
0.00581362
-0.0017435
0.00154219
-0.00152124
-0.0015097
-0.00136553
0.00391815
0.00137256
-0.00129285
0.00120651
-0.00637885
0.00838205
-0.00951143
-0.0010685
0.000878727
0.00966329
-0.00985893
-0.000739436
0.000740819
-0.000559464
0.0118629
-0.0096178
0.00291482
0.000382328
-0.000255767
0.0045673
-0.00972015
0.000149142
-7.30763e-5
-3.8453e-5
0.00954144
-0.00464885
0.00108742
1.52096e-5
-5.20901e-6
0.00222054
-0.0040739
1.34967e-6
-1.98396e-7
9.57326e-8
0.00381318
-0.00189895
-0.00104636
-5.76382e-9
4.86798e-8
-6.1172e-9
0.00460603
-0.0103531
0.0102504
3.29021e-6
-1.66444e-6
1.29689e-6
-1.08485e-5
1.47184e-5
0.00772934
-0.0117574
0.00180255
-3.83e-5
0.00515424
7.95725e-5
-0.00956553
-0.000127052
0.0114593
0.000135202
-0.00971793
-6.26343e-5
0.00448964
-7.79864e-5
0.00177598
0.000217547
-0.00612867
-0.000287535
0.00747129
0.000259718
-0.00660158
-0.000122654
0.00223215
-4.14034e-5
5.55282e-5
0.0124818
-0.00632901
-8.21114e-5
8.28662e-5
-0.000175933
0.000198149
-6.60906e-5
-0.000190197
0.000894178
-0.00021322
0.000183082
-0.000125305
-1.21545e-5
-2.36717e-5
2.52034e-5
2.91742e-5
9.67353e-5
-0.000217621
6.78701e-6
-2.01471e-5
0.000321255
-0.000400987
-4.74825e-5
-2.0358e-5
1.40535e-5
0.000334042
-0.000194783
1.25774e-8
2.76803e-5
-2.86731e-6
0.00021072
-0.000293003
3.29938e-5
-3.47407e-5
0.000217409
-0.000177119
0.000158569
2.52721e-5
5.77592e-6
-2.90977e-5
-0.00014528
0.000136396
8.98183e-5
-5.78986e-5
-0.000134939
0.00014719
-0.000152508
-0.000201212
0.000155485
-0.000121036
0.000179746
-0.000128403
-4.67395e-5
7.44487e-5
-0.000250867
0.000162579
0.000235161
-0.000302315
0.000232531
5.08245e-5
-0.00018646
0.000243263
-0.000212294
7.1748e-5
0.00013746
-0.000318723
0.000390013
-0.000342208
0.000216445
-2.92211e-5
-0.000177964
0.000274232
0.000709815
-0.00133268
-0.000800707
0.000666073
9.64954e-5
-0.00142301
0.00282791
-0.00347156
0.00282319
-0.00109489
-0.00101696
0.00368226
-0.00561489
0.00538881
-0.00289129
0.00216385
-0.00202881
0.00131348
-0.00138433
0.00446343
-0.00666956
-0.000973276
0.000882704
-0.000781606
0.00982026
-0.0124645
0.0141387
0.00066215
-0.000553058
-0.0150375
0.0129225
0.000620233
-0.000850861
0.000439467
-0.018823
0.0204461
-0.0128088
-0.000219927
0.000201695
0.00448524
0.00095073
-0.000110411
0.000105274
1.37374e-5
-0.00320977
0.00181944
-8.14399e-5
-9.29664e-6
4.25916e-6
-0.0011781
0.0016864
-1.57527e-6
4.25044e-7
-3.92704e-8
-0.000988006
-0.00089193
0.00459768
-1.83011e-8
1.52165e-7
-2.37589e-7
-0.011183
0.0142586
-0.0109833
4.8554e-8
1.16909e-5
-8.58586e-6
0.0100859
0.00417005
1.79356e-5
-0.0127825
-3.57869e-5
0.0154947
4.65412e-5
-0.018286
-2.0053e-5
0.0181834
-7.12507e-5
-0.0141921
0.000208631
0.00801539
-0.000320833
-0.00260574
0.000332132
-0.000348493
-0.000244877
0.00111171
0.000113955
-5.9189e-5
-3.37972e-5
0.000634157
-7.45684e-5
0.000153006
-0.000247541
2.14835e-5
9.22069e-5
-0.000202779
0.000278474
-0.000237079
0.000165311
1.00418e-5
2.04293e-6
-3.59319e-7
-4.29913e-5
-0.000124274
0.000295289
-3.1851e-6
1.09159e-6
-0.000365301
0.000542262
1.88331e-5
3.29657e-6
7.21356e-8
-0.00040015
0.000242167
-8.33033e-5
6.22584e-6
-1.09157e-5
-0.000168311
0.000389412
1.33791e-5
-4.36872e-6
-0.000238991
0.000136591
-0.000104867
-4.5884e-5
1.47755e-5
-9.96089e-6
9.51989e-5
-9.36292e-5
-0.000107224
7.50745e-5
9.74339e-5
-0.000130934
0.000205716
0.000207176
-0.000169082
0.000138245
-0.000220883
0.000134692
-7.41853e-5
-0.000201687
0.000219046
-0.000221786
-0.000104867
0.000245296
-0.0002529
0.000203424
-5.7741e-5
-0.000159555
0.000360856
-0.000447978
0.000380922
-0.000217252
1.75895e-5
0.000105343
-8.93401e-5
0.00112534
-0.00145482
-0.000316384
-0.000552012
0.00163029
-0.00272904
0.00325929
-0.0027225
0.0012832
0.000355996
-0.00196049
-0.00206867
0.00176644
0.000477545
-0.000109564
0.000709221
-0.000531069
0.00404934
-0.00709039
0.00729039
0.000485879
-0.00054624
0.000416671
-0.0108655
0.0137356
-0.0152981
-0.000372438
0.00023297
0.0164843
-0.020921
-0.000254096
0.000604572
-0.000351469
0.0174426
-0.0311345
0.0171316
0.000193164
-9.57928e-5
-0.00693793
0.00241971
8.26636e-5
-0.000101227
3.45998e-6
0.000327983
-0.000201969
-0.000328587
1.2114e-6
-1.38357e-6
0.000568095
-0.000516029
9.35426e-7
-7.08449e-7
1.25481e-7
-2.60245e-5
0.000808059
-0.00202918
-1.98832e-7
8.88719e-8
-5.98747e-7
0.00365376
0.000177307
-6.36394e-6
-0.00453768
-3.95969e-7
9.3339e-6
-1.03592e-5
0.0258829
-0.0274329
1.13785e-5
-0.0189739
-1.67265e-6
0.0219439
-3.78965e-5
-0.0223017
0.000126204
0.0189859
-0.00024556
-0.0132577
0.000333035
0.00736902
-0.000331531
-0.00333125
0.000209412
0.00122891
-9.63609e-5
-0.000646517
2.07463e-6
2.79012e-5
-0.000110991
0.000275232
-2.91663e-5
1.28528e-5
-9.20206e-5
-0.000346191
0.000254431
-0.000189792
-2.29513e-6
-7.89032e-7
4.74142e-6
9.68471e-5
4.47464e-5
-0.000182994
5.65038e-7
5.96283e-7
0.000264576
-0.000286346
-6.36053e-6
1.73771e-7
-6.75572e-7
0.00021473
-7.1144e-5
-3.80568e-5
-2.08053e-5
1.07983e-5
0.000201508
-0.000309511
-5.30834e-5
3.24849e-5
0.000105597
-4.74352e-5
5.03439e-5
4.73829e-5
-4.10454e-5
5.56586e-5
-4.79865e-5
5.67897e-5
0.000100131
-7.16313e-5
-4.83127e-5
5.23576e-5
-7.1136e-5
-0.000204866
0.000148663
-0.000122803
8.41541e-6
4.6158e-5
-0.000124524
0.000184665
0.00050174
-0.000449147
0.000271207
-0.000216028
9.09107e-5
9.32032e-5
-0.000282564
0.000383843
-0.000352329
0.000190978
-3.73467e-5
-5.01422e-5
7.9964e-5
0.000414465
-0.000238737
-0.00020604
0.00102077
-0.000343034
-0.000109167
0.000719869
-0.00130491
0.00198625
-0.0023098
0.00206574
-0.000989479
-0.000311549
0.001018
-0.000902815
-0.000719864
-2.30559e-5
-0.000167728
-0.000228667
0.000145844
0.000391889
0.00264235
-0.00419508
0.00631278
-0.00725589
-0.000169743
0.000292713
-0.00029062
0.00777264
-0.0112667
0.01245
0.000359781
-0.00040382
-0.0127114
0.0127871
-0.000103809
0.000345156
0.022767
-0.0125275
8.09693e-5
-6.83793e-5
-6.37213e-5
0.000611562
7.624e-5
-6.0174e-5
3.1241e-5
-0.000280752
1.26244e-5
-9.72768e-6
0.00027534
-0.000158912
4.32518e-6
-1.25049e-6
-0.000251201
0.000102682
-7.72284e-8
1.05279e-6
-1.3698e-7
0.000140695
-0.000466436
0.00106792
5.86519e-7
-2.29428e-7
5.85461e-7
-0.00204114
0.00399766
-1.76193e-6
4.10095e-6
0.00248767
-0.00440797
0.0075418
-0.0122975
1.61776e-7
-8.75137e-6
4.56301e-6
0.0163586
-0.017273
-6.69501e-7
0.0142821
-1.58123e-5
-0.0246922
4.71507e-5
0.0224427
-0.000112972
-0.0180111
0.000192952
0.0125368
-0.000260839
-0.00760674
0.000216464
0.00327195
-0.000131908
-0.000825009
6.33934e-5
0.000199214
-2.8588e-6
-4.73871e-5
4.45792e-5
0.000149789
9.0371e-6
0.000143839
-8.106e-6
2.35842e-5
-9.74097e-5
-0.000224636
4.86617e-6
0.000290783
-0.000238711
0.000144634
4.66302e-7
2.82343e-7
-1.37854e-6
-0.000149243
6.83924e-5
3.71607e-5
2.97044e-8
-2.66853e-7
-0.000112226
0.000130524
-0.000104755
-1.05869e-7
1.24792e-7
-9.72097e-5
8.10232e-5
-4.80567e-5
1.50973e-7
-1.25992e-5
-7.16559e-6
4.61631e-5
-6.11322e-7
-5.50397e-5
5.92364e-5
-4.74701e-5
-3.42444e-5
1.89328e-5
-3.13634e-6
-1.97465e-6
3.45258e-5
-3.13939e-5
-7.32668e-5
5.40535e-5
1.87426e-5
-1.93983e-5
3.31757e-5
0.000144781
-9.82027e-5
7.11977e-5
-4.82092e-5
-1.29587e-5
3.66182e-5
0.000206158
-0.000133161
-0.000309325
6.775e-5
3.02039e-5
-5.13151e-5
7.81647e-5
-0.000123824
0.000255686
-0.000179299
0.000269243
-0.000165064
4.22021e-5
0.000104452
-0.000214422
0.000194909
-9.77312e-5
2.5344e-5
-0.000458782
0.000188444
0.000204647
-0.000904084
0.000837597
-0.00116695
0.00124283
-0.00107148
0.000438225
0.000105207
0.000155669
-3.61886e-5
0.00037451
8.23174e-5
-0.000341657
0.0001905
-0.00192953
-0.00316122
0.00275736
0.00417562
-1.37341e-5
-3.47298e-5
0.00669366
-0.00550074
-0.0078089
1.9089e-5
8.28275e-5
0.00770355
-0.00665711
-9.92944e-5
-0.000188751
0.000116823
0.00424313
-0.00358823
0.000803816
-6.33672e-5
5.69511e-5
0.000867667
-0.000579932
-0.000587681
7.55839e-5
-5.1e-5
5.4383e-5
0.000212256
-7.37089e-5
5.63022e-5
-4.75406e-5
-2.41087e-5
1.83497e-5
6.69887e-5
-3.41829e-5
-8.17361e-6
3.32281e-6
-1.4176e-5
-1.80103e-6
4.08149e-5
2.66107e-6
-2.4567e-6
-1.34667e-5
-5.04009e-7
-0.0007062
-8.27981e-7
-2.51485e-7
1.11678e-6
0.0303606
-0.0150335
4.91031e-6
0.0120677
-3.34734e-7
-1.00628e-6
-4.39614e-6
-0.0198625
0.00846932
2.55268e-5
0.0397539
-3.37398e-5
-0.0205972
7.41532e-5
0.0123635
-0.000108972
-0.00730683
0.000137151
0.00387005
-0.000110162
-0.00079901
6.03873e-5
-2.27285e-6
-1.6331e-6
-2.47632e-6
3.3525e-5
-0.000107024
-3.10181e-6
-1.15193e-6
0.000128076
0.000150531
-0.000155527
0.00018957
-0.000248689
0.000190686
1.25432e-7
-5.95468e-7
-0.00016203
9.64973e-5
3.12929e-8
-9.28279e-8
-2.94245e-5
-2.52173e-5
3.05791e-8
-2.04041e-8
4.30913e-5
-3.23503e-5
-4.4023e-7
8.65007e-8
7.55397e-8
-7.43104e-9
3.47324e-6
5.56127e-6
-1.37075e-6
9.07559e-7
8.78417e-7
-4.90589e-7
-1.67242e-5
-3.98451e-8
3.17678e-5
2.76279e-6
5.22409e-6
-2.74581e-6
-1.32654e-5
-1.5121e-6
2.25276e-5
-1.22113e-5
8.51751e-7
-3.35389e-5
1.00398e-6
7.71403e-6
4.23044e-5
-3.4747e-5
4.32468e-5
0.000216584
-0.000438058
-0.000149658
2.19328e-5
-3.91304e-5
4.6587e-5
-6.10769e-5
-0.000120522
0.000269793
-0.000528162
0.000256296
-0.000207779
9.82697e-5
1.47634e-5
-2.80965e-5
2.15161e-5
1.00968e-5
-1.47156e-5
-0.000189943
0.000767336
-0.000234292
0.000989225
-0.000692044
-0.000416449
0.000505954
-0.00050131
0.000485194
-0.000237159
-4.2349e-5
6.22905e-6
-0.000112303
0.000116076
-2.85768e-5
-1.19193e-5
0.000225324
-0.000114885
3.6563e-5
-0.000601919
-0.000666569
0.00128847
-0.001589
-0.0016681
0.00159258
3.95471e-5
-3.21663e-6
-1.99351e-6
4.44161e-6
-1.18895e-5
-0.00214367
0.00366709
0.00505017
-0.00299933
-1.89963e-5
7.48712e-6
-0.0042746
0.00218113
0.00322576
1.77733e-5
-2.36125e-5
-0.00218578
0.000318752
1.67483e-5
-1.83534e-5
-4.92516e-5
6.22992e-5
1.9475e-5
-2.4947e-5
-1.70831e-5
2.43101e-5
1.66913e-5
-1.12296e-5
-6.75765e-6
6.66244e-6
-3.46066e-6
1.45763e-5
-2.81636e-5
-5.22614e-6
3.01428e-6
9.39538e-5
4.57075e-5
-2.24733e-5
-3.0603e-6
3.30117e-6
-2.15189e-6
2.32408e-6
-0.000142436
-3.88479e-5
0.00045118
0.00277811
-0.00281187
4.62593e-7
3.69619e-7
-9.24343e-7
0.00916726
-0.0187332
2.33539e-6
-3.7501e-6
-0.0486843
0.04557
0.0103063
2.03014e-6
0.0102845
-1.86441e-6
1.76284e-5
-2.68026e-5
-0.0455383
0.0288343
1.83965e-5
0.00816591
-3.46152e-5
-0.00168047
4.84441e-5
-0.00150072
-7.67107e-5
0.00139185
5.6114e-5
-0.00117788
6.70222e-6
-9.33423e-6
8.29658e-6
-9.61545e-6
-3.99071e-5
-2.1218e-5
-0.000147118
2.07808e-5
6.73154e-5
0.00044997
7.22951e-5
-8.02162e-6
-9.32445e-5
0.000101488
-8.78568e-5
-0.000124165
6.72137e-7
4.05685e-6
-1.08187e-7
-4.52217e-7
-4.76911e-6
0.000226311
-0.000217042
0.000219967
0.000190628
-0.000166887
4.3003e-8
1.02807e-8
3.7603e-9
-2.30759e-7
9.54445e-5
-5.11472e-5
-6.24899e-9
1.04976e-8
-2.62353e-6
-7.78182e-6
-6.91774e-8
1.8788e-8
6.5423e-6
-4.49965e-6
-8.94715e-7
3.59547e-7
5.05596e-6
-3.64811e-6
-6.03128e-6
2.32431e-6
3.13288e-6
1.02915e-5
3.03652e-8
4.4458e-7
-1.20075e-7
-3.84982e-6
2.06257e-6
2.27739e-5
2.35197e-5
-1.41967e-5
7.75442e-6
-1.45798e-5
1.14734e-6
-6.33328e-6
4.04505e-5
-4.06882e-5
-0.000132942
-1.9316e-5
-2.44416e-5
1.65475e-5
-1.76368e-5
0.000268427
0.000687206
-0.000646516
-0.000148991
-0.000140997
-6.14529e-6
-5.26559e-6
-5.61757e-7
1.8157e-5
-0.000414052
0.000646786
-0.000245652
0.000334602
-0.000321068
0.000146412
-6.23531e-5
-7.72653e-6
-6.43442e-6
-0.000103937
0.000640785
-0.000212769
0.000467269
-0.000430297
0.000324381
0.000251965
-0.000207381
9.93445e-5
0.000104235
-2.22163e-5
2.72624e-5
-1.10343e-5
0.000235709
-0.000249509
-0.000410229
-0.000153308
0.000326287
0.000471791
-0.000249971
-0.000511055
1.22507e-6
-5.10071e-6
-0.00121156
0.000534288
0.00115931
-3.25109e-7
2.79214e-6
-8.35639e-7
5.8109e-7
-0.000838692
-0.0015647
0.000552067
-1.71112e-6
-1.31535e-6
0.00124823
-0.000352444
4.69538e-7
-2.48827e-6
-4.76627e-6
-9.67522e-6
5.5952e-6
-7.15923e-6
-3.70589e-6
-6.63748e-6
6.87861e-6
-6.7047e-6
-6.76126e-6
7.526e-6
-4.12157e-6
-2.61137e-6
5.20846e-6
-5.90406e-6
1.03869e-5
-1.89486e-6
1.683e-6
3.47901e-6
-1.5568e-6
1.86487e-6
3.08751e-7
-2.63418e-5
-1.76793e-7
4.014e-7
0.000308805
-1.95142e-7
0.000940626
-1.43548e-7
9.25358e-7
-9.02288e-7
-0.0186884
0.0202825
2.84044e-6
-2.35731e-6
-0.0467019
0.0300236
0.00845345
-8.67258e-6
4.14945e-6
-0.0173389
1.57644e-6
-1.90392e-5
2.91976e-5
-0.00975331
0.00854757
-2.01336e-5
0.00659561
-1.96737e-5
4.0004e-5
-2.50501e-5
-3.55103e-7
-7.16362e-7
-1.03469e-5
-0.000240519
-0.000793779
7.10791e-5
0.000648242
0.00247437
2.04805e-5
-6.40149e-5
-1.88423e-5
3.25229e-5
-4.31531e-5
6.51179e-5
-0.000108088
4.71574e-6
1.64376e-5
0.000138605
-0.00014788
3.44898e-7
8.0538e-7
0.000148332
-0.00014296
-8.60144e-5
7.14887e-5
7.8109e-9
-8.91569e-8
-5.27348e-8
1.52763e-7
4.68393e-5
-4.33234e-5
2.89676e-5
-8.97974e-9
1.21394e-5
-7.9576e-6
3.48191e-6
-2.26927e-8
1.98887e-6
-8.18293e-7
6.03675e-7
-1.79321e-7
-3.04229e-7
-1.55411e-7
2.80574e-7
-7.22118e-7
-8.61647e-8
-4.7023e-6
-2.88424e-6
1.20417e-6
5.29131e-7
1.00469e-6
2.00291e-7
5.24072e-6
-5.67476e-6
-1.05506e-5
-3.8722e-6
2.8692e-6
-7.34342e-6
-0.000291213
0.000266736
0.000654149
-0.000413962
-0.000115651
0.000251944
9.14224e-6
-2.73347e-5
4.86749e-5
-2.05368e-5
-4.97235e-6
7.08398e-6
-0.000158691
0.000689468
-0.000818958
0.000488396
0.000173939
-0.000140163
6.73674e-5
-0.000155716
-4.85936e-5
0.000169934
0.000120425
-0.000128856
-0.000100688
1.28191e-5
-2.83082e-5
-2.99348e-5
6.49506e-5
-4.55717e-6
6.10088e-5
0.000143679
-0.000101378
3.27552e-5
-2.7276e-6
1.57292e-5
-3.90196e-5
7.54156e-5
2.9152e-5
-1.30513e-5
0.000186569
-4.30758e-5
9.80882e-7
-2.57026e-7
8.53726e-7
-2.02901e-5
-0.000177089
4.61361e-5
-0.000407542
0.000119368
1.67491e-8
-1.83053e-7
0.000256261
-5.78106e-5
-0.000136868
3.19507e-7
3.25281e-7
-2.64233e-7
2.92172e-5
-0.000184231
8.13052e-5
3.87869e-8
-3.70504e-8
4.96566e-5
-3.0243e-5
-1.36504e-5
-1.14665e-6
-1.23653e-6
2.28892e-6
5.16256e-6
2.51951e-7
-5.97591e-7
-1.5463e-6
-2.38888e-6
2.55144e-6
1.04307e-6
1.69484e-7
-8.9865e-8
-1.91807e-7
-2.23067e-6
2.9286e-6
2.40997e-7
-1.85927e-6
8.8485e-7
-3.97792e-6
2.33379e-5
8.37707e-7
-4.38522e-7
-0.00011319
1.14936e-5
8.4547e-8
-7.56016e-8
-3.91407e-5
0.00037273
-5.32407e-8
8.92106e-8
-0.00510897
0.00157933
-2.6343e-7
-0.00487911
8.36747e-8
4.61692e-7
-8.01981e-7
-0.0143487
0.00885721
-9.36496e-7
3.90786e-6
-1.60474e-5
0.00219293
-1.56245e-6
-3.49786e-6
0.0126383
-0.0009075
-0.000219742
-0.00400517
8.51235e-6
-9.35623e-6
-0.0125497
1.17059e-5
4.47091e-6
-1.2637e-6
-1.60086e-6
6.12387e-6
0.00350036
0.00461379
-0.00393427
-0.00226301
0.00117033
-0.00533078
-0.0105648
-4.0406e-6
-2.66886e-5
6.27177e-6
-0.00017666
-2.02e-6
3.88825e-6
-7.36752e-6
2.00926e-5
1.24912e-5
-3.04608e-5
-2.04873e-5
-3.94203e-5
6.64601e-5
0.000129921
3.73464e-5
-7.68717e-5
-3.97966e-5
8.46469e-5
-1.72385e-6
-1.699e-6
5.74157e-6
9.79758e-7
-8.42169e-5
3.53983e-5
-7.18563e-8
-5.45147e-7
-1.42826e-5
1.54804e-5
3.64704e-9
3.32132e-8
-7.06923e-9
-2.53114e-8
-1.19786e-6
3.22422e-6
2.52614e-8
4.0967e-10
-2.35565e-9
-1.15109e-8
2.39887e-7
2.16967e-7
8.27834e-8
4.46824e-9
1.82495e-8
-8.04647e-9
4.96421e-8
2.11458e-7
-9.662e-9
-4.23464e-7
-3.52397e-7
1.52056e-7
1.08206e-8
-1.01404e-7
-3.25817e-7
-3.43933e-7
1.95568e-6
8.72772e-7
-1.65104e-6
2.5258e-7
-2.61088e-7
8.55767e-7
-5.24358e-6
-2.33025e-5
7.08347e-5
7.31684e-5
7.10001e-8
3.12554e-6
1.83272e-6
-1.2884e-6
-0.000122882
0.000197633
-6.65565e-5
-2.80934e-6
3.20261e-5
0.000100893
-0.000136795
-0.000616357
5.79296e-5
-4.82327e-5
-0.000180817
-2.41849e-6
0.000137483
-9.40424e-5
-3.38219e-5
1.87113e-5
0.000556498
-0.000458166
7.31436e-6
-5.00271e-6
3.63051e-5
-1.84418e-5
-9.89835e-7
-4.21539e-5
4.90903e-5
3.70203e-7
-7.50917e-6
-2.57035e-6
2.60284e-6
-1.25676e-5
1.64711e-6
-1.17964e-6
1.96174e-5
-9.38831e-6
-1.5237e-5
1.28913e-5
-1.11261e-6
3.45535e-6
-5.16787e-7
2.87484e-6
-8.20278e-6
-1.12446e-5
1.84184e-6
-2.48216e-5
2.8562e-6
7.31473e-8
-6.53532e-8
7.01218e-8
-9.06317e-7
6.75224e-6
1.15774e-6
1.7273e-5
1.31783e-6
1.62362e-8
-1.04169e-8
6.06565e-6
-2.39065e-6
5.0015e-9
-3.99814e-8
3.37938e-7
-6.59497e-6
-2.52087e-7
3.73589e-7
3.6336e-7
-1.69921e-7
-6.4924e-7
8.85843e-7
5.72605e-7
4.29285e-7
-8.72563e-7
8.91544e-7
4.74937e-7
-1.06069e-6
-2.64448e-7
1.22714e-6
-4.21469e-7
4.34783e-7
-3.86551e-6
5.86481e-7
-3.40951e-7
1.89151e-7
-4.34762e-6
3.71626e-5
1.25233e-7
-6.97062e-8
-0.000276728
7.04684e-5
1.19058e-8
-7.57165e-9
-0.000242489
0.00029793
-5.17578e-9
3.99693e-8
0.00085939
0.00033753
-2.66168e-7
3.26474e-7
-0.00267815
1.57661e-7
3.29395e-8
4.79291e-7
0.0053961
-0.0022849
7.46461e-8
1.02484e-7
0.0186647
-0.0161712
-2.0283e-7
-2.67141e-7
0.0120057
-0.0146492
0.00999112
1.67924e-6
-4.45128e-6
0.0101249
-0.00787552
-5.06552e-7
0.00462358
3.29844e-7
-0.00196895
-8.87389e-7
2.33521e-6
-1.0948e-6
-8.43863e-7
2.90386e-6
1.63914e-6
-4.76146e-6
-0.000194164
-0.000223951
0.000455385
0.000465584
5.74327e-6
-1.55462e-5
-6.03413e-6
1.65017e-5
-1.44753e-5
1.00083e-5
2.68837e-5
-5.78465e-5
-1.33426e-5
3.2204e-5
7.57414e-6
-5.04351e-6
5.90716e-7
2.61248e-6
-2.96107e-6
-9.90537e-6
-1.72853e-5
1.67448e-5
-1.249e-5
6.83011e-8
-9.31036e-6
7.72971e-6
-6.3322e-6
6.46838e-8
-1.53312e-6
1.05606e-6
-1.12457e-6
4.65856e-9
6.67546e-8
-6.27337e-8
-1.04807e-8
-1.74157e-8
-1.58535e-8
-2.88925e-8
1.04684e-7
1.00562e-7
-9.35142e-8
2.0078e-7
6.36351e-8
4.10611e-8
-5.657e-7
-1.21786e-6
4.02466e-6
4.09536e-6
5.80011e-7
-1.99377e-6
-9.51912e-7
3.26797e-7
-5.52845e-6
-3.64007e-6
-1.45136e-5
3.93977e-5
-1.25033e-5
3.14408e-5
1.31498e-5
-4.74169e-6
-4.81178e-5
-5.31399e-5
0.000112456
0.000659403
-0.000420941
9.00866e-5
-0.000459518
9.80258e-5
0.000241185
-0.000275451
0.000282838
0.000198716
-0.000185799
0.00011046
-2.1234e-5
-5.08709e-6
3.08544e-5
-5.18829e-7
7.08169e-6
7.80187e-7
-9.60443e-7
3.4782e-6
2.35695e-7
2.56936e-6
7.8457e-7
1.75001e-6
2.49681e-6
5.355e-8
-2.32007e-7
4.18312e-6
-1.4106e-5
9.89161e-6
-1.56872e-6
-7.1004e-7
2.95705e-8
6.68802e-7
-4.36302e-7
1.97053e-7
-3.49997e-8
1.48484e-7
-4.19966e-7
-8.83559e-7
1.93933e-7
-1.45583e-6
3.0874e-7
1.29046e-8
4.35761e-9
-5.04141e-8
1.67312e-7
2.08467e-7
-1.03118e-5
2.2691e-6
-1.25762e-8
6.36725e-8
3.89221e-6
-9.77836e-7
2.30188e-6
-9.64301e-7
2.8901e-8
-6.53876e-8
-5.32042e-7
1.56224e-7
1.86359e-7
1.09716e-7
2.11977e-7
-3.13679e-7
-1.78047e-7
-3.65735e-8
-1.34779e-7
1.11071e-7
3.25297e-7
-3.90487e-7
2.86354e-7
-6.65538e-8
-2.76803e-7
2.23735e-7
-1.71839e-7
-2.79344e-7
2.37171e-6
-9.46383e-8
6.36291e-8
-1.43694e-5
3.10545e-6
-4.26328e-8
2.42183e-8
-1.07213e-5
2.53042e-5
1.34464e-8
-4.80243e-9
-3.58094e-5
1.64796e-5
-2.42156e-8
1.5673e-7
-0.000118767
0.000410382
2.47445e-9
-7.39761e-8
1.10031e-7
-2.82925e-7
0.00276864
-9.27039e-5
-0.000108138
-0.000117476
-0.000347538
-5.65475e-8
-7.05624e-8
0.00130281
-9.647e-8
1.2922e-7
-4.88534e-7
-5.69032e-9
1.89308e-7
2.65143e-7
-1.22009e-7
-3.02323e-7
5.95719e-7
0.00082775
0.000114342
-0.00054913
-0.00104248
0.00161108
-0.00226765
0.00106701
1.59928e-7
-5.98171e-7
5.61411e-7
-1.88663e-6
-5.7147e-7
1.95875e-6
-2.72388e-5
0.000210478
-3.9562e-5
-0.000584672
-1.77436e-6
5.0969e-6
2.01909e-6
-4.44746e-6
1.19099e-5
3.03316e-5
-3.98775e-5
-7.6874e-5
8.06179e-6
-6.36168e-6
5.30014e-10
-6.57785e-7
8.97012e-7
2.854e-6
2.80436e-6
-3.02284e-6
3.1628e-9
-3.40741e-7
-8.2844e-8
5.28386e-7
-3.38784e-7
-2.70305e-7
-1.30212e-8
1.64296e-9
8.89136e-9
8.7703e-8
-2.0787e-7
3.49511e-8
-9.60955e-9
4.01613e-9
2.6125e-8
1.40642e-8
1.68781e-8
5.32778e-9
-2.10662e-9
-8.13433e-8
-4.84159e-8
-8.22035e-8
2.49486e-7
2.54295e-7
-4.9345e-7
1.31174e-6
7.2995e-7
-2.41977e-7
-4.50288e-7
-1.08217e-6
1.00313e-6
2.24077e-7
5.43126e-6
-1.34405e-5
-6.65214e-6
2.64655e-6
-1.14309e-5
1.80382e-5
-1.9351e-5
5.0009e-6
2.57418e-5
-3.13256e-6
9.83434e-5
-0.000193909
9.70366e-5
-9.19616e-5
5.86713e-5
-3.14863e-5
3.06332e-5
2.0197e-5
0.000168378
-0.00032577
0.000465003
-0.000391005
-3.65255e-7
-5.48582e-8
2.36242e-7
-7.98209e-7
-3.88775e-7
-5.30577e-7
-7.87707e-7
5.12052e-8
-7.15285e-7
8.8185e-7
-3.89256e-6
3.02982e-8
1.10256e-7
-7.88619e-8
1.60352e-7
1.9857e-7
8.9491e-8
2.99426e-7
-5.57168e-7
2.46773e-7
5.88112e-7
2.4082e-7
-7.19266e-8
4.22023e-8
-2.05353e-8
1.5759e-7
4.57178e-7
-2.83082e-9
-3.48183e-8
4.88547e-8
-4.78533e-8
1.26199e-8
2.12362e-9
1.07031e-8
-1.95161e-8
-1.18845e-7
2.51775e-8
-4.82383e-7
9.21242e-8
-2.02285e-8
-4.8063e-9
4.90561e-8
1.89707e-8
6.88786e-9
-1.48544e-10
-5.44282e-8
2.20952e-7
6.3129e-8
-7.74888e-8
-4.51275e-8
-1.87663e-8
1.04326e-7
-1.07174e-7
-4.414e-8
1.38271e-7
-6.92284e-8
1.88735e-7
3.65724e-8
-5.28952e-8
-7.53381e-7
1.23357e-7
3.66944e-8
-2.25107e-8
-4.1084e-7
1.12966e-6
-1.21082e-8
7.67288e-9
-3.16204e-6
8.55216e-7
-5.16881e-9
5.2858e-9
-4.81538e-6
1.91098e-5
1.57013e-9
-2.97786e-9
-6.89602e-6
-6.3861e-6
2.53682e-8
-5.27797e-9
-6.26821e-6
7.40792e-9
-0.000892504
-9.35664e-10
2.95018e-9
-1.61719e-8
4.48372e-8
-0.00354264
0.00232792
-0.00166982
0.000912056
7.28912e-9
-3.82775e-8
-0.00430028
0.00191932
0.00862369
-1.93494e-8
1.10456e-7
0.00385786
-0.000823892
-0.00722652
-3.19203e-8
6.56218e-8
-0.0023694
-0.00119397
0.00538562
-2.31123e-9
-4.65849e-8
0.000724565
0.00312194
-0.00320376
3.41026e-8
-9.0512e-8
0.00201624
-0.0033369
3.66564e-8
-8.72034e-8
7.23891e-8
1.95581e-8
-1.29539e-7
-3.48359e-8
1.47594e-7
0.000284207
0.0011579
-0.000897536
-0.00303552
-1.81306e-7
5.80279e-7
2.86228e-7
-8.37696e-7
0.000113566
0.000161352
-0.000278569
-0.00027141
1.37348e-6
-3.19012e-6
-1.20958e-6
1.00045e-6
-3.62495e-6
-1.03752e-5
1.04337e-5
3.46281e-5
2.68488e-6
-3.93347e-6
2.22592e-6
-1.31863e-6
1.25918e-6
-2.54503e-6
1.66526e-6
-2.47931e-7
-3.65411e-7
-1.94201e-7
1.33857e-7
-1.20704e-7
-3.03876e-8
-7.04083e-8
4.26216e-8
-4.53222e-9
2.63553e-7
-1.01336e-6
1.8637e-8
-1.82102e-8
-1.07552e-8
-1.97467e-8
-3.43313e-8
1.37522e-6
-3.29933e-6
7.56467e-6
4.11989e-6
-1.83324e-6
3.96359e-6
-2.15207e-5
6.88434e-6
-3.86859e-5
2.86704e-5
-5.37859e-5
-3.04077e-5
1.50696e-5
-5.28323e-6
0.000164335
-0.000587339
0.000634445
-0.000269225
-0.000530693
0.000280778
0.000510122
-0.000379922
-0.000491108
0.000442117
0.000426342
-0.0004211
-0.0002675
0.000336501
-0.000157487
0.00017231
-0.000142263
1.63361e-6
-5.91783e-8
-6.21019e-7
-2.24021e-8
-4.12252e-8
2.13841e-8
-2.19867e-8
-7.34923e-8
-3.51427e-8
-1.23447e-7
2.23631e-8
-6.80993e-8
-1.14999e-7
9.40647e-8
-4.27034e-8
-3.62103e-7
-9.68631e-8
1.10539e-7
4.01498e-8
-4.51262e-9
2.32689e-8
1.56916e-8
2.75781e-9
4.02122e-9
-2.03698e-9
6.42352e-9
-1.21004e-8
1.65513e-9
-3.86414e-9
3.8298e-9
-6.86449e-9
3.64901e-9
-1.06159e-9
-1.27259e-9
-2.65793e-8
8.08759e-9
9.48948e-8
1.8348e-10
3.39675e-9
-2.14897e-8
-8.1679e-8
1.0794e-8
-4.69476e-8
1.70734e-8
-1.96334e-8
-2.01285e-8
1.31889e-8
2.16791e-9
3.48169e-9
3.22246e-8
-4.07361e-8
5.50175e-9
3.14526e-8
-1.27157e-8
-4.06822e-8
1.32028e-8
-1.42929e-8
1.99735e-9
1.13009e-8
-9.68705e-9
4.79742e-8
1.37336e-9
-2.09042e-9
-1.40705e-7
1.8465e-8
3.86634e-9
-2.75479e-9
-2.45795e-7
9.25215e-7
-7.89967e-12
9.08204e-10
-2.16647e-6
3.0532e-7
-5.68897e-10
2.25777e-9
-1.06691e-8
2.57561e-6
1.80517e-5
4.40733e-9
0.000203462
-4.30272e-5
-1.51961e-9
-4.34608e-10
-2.12808e-5
6.38293e-5
-9.97852e-10
2.79199e-9
-0.000502274
8.58708e-11
2.20688e-9
1.04257e-8
6.21035e-9
-1.57015e-8
-1.04396e-8
7.04136e-9
-2.92104e-9
9.99752e-9
-2.84412e-8
-0.00334585
-0.00419756
0.00405842
0.0022117
0.00449911
0.00585807
8.09981e-9
-2.11649e-8
6.35713e-8
1.06355e-8
-8.52483e-8
0.000593849
0.000332843
-0.00103598
-0.000182519
1.55145e-7
-3.91593e-7
-1.92175e-7
1.6864e-8
-2.66547e-5
-0.000101702
5.00752e-5
0.000270658
6.93196e-7
-1.27879e-6
1.60277e-7
-2.64283e-7
6.35603e-6
-1.73356e-5
2.41912e-6
-4.39818e-6
2.01688e-6
-1.93279e-7
1.67182e-6
-4.00377e-6
1.30074e-6
-3.79954e-6
1.97895e-6
-4.44894e-8
7.11861e-7
-1.9222e-6
-8.7369e-7
3.09501e-8
2.11214e-7
-2.16653e-9
2.15939e-8
-5.72999e-7
1.8475e-7
9.77277e-7
-4.96035e-8
-8.15577e-7
2.53653e-6
-6.47658e-6
-8.91436e-7
4.53043e-7
-3.34553e-7
1.6205e-5
-1.09107e-5
5.60262e-5
-1.61006e-5
3.76357e-5
7.99222e-6
-7.46415e-6
8.5418e-5
-8.48656e-5
-5.35981e-5
7.75009e-5
-2.27404e-5
0.00114426
-8.17327e-5
4.62811e-5
9.71916e-6
-5.18159e-5
8.88055e-5
4.98073e-5
-0.000809472
0.000624879
-0.000474559
0.000364832
-0.000296803
0.000227068
5.47809e-9
-1.32779e-9
-7.06175e-10
2.08995e-8
1.70541e-8
2.07189e-8
4.72102e-8
1.01961e-7
2.18474e-7
-1.62297e-8
-2.31738e-9
-8.65398e-8
6.31877e-10
6.0344e-10
-4.23595e-9
-7.50457e-9
-4.96536e-9
-1.77718e-8
4.49512e-9
-1.03633e-8
3.29116e-9
-5.05113e-9
1.13294e-8
-4.19208e-9
-2.35405e-8
4.11372e-9
-1.69389e-8
3.33229e-9
9.57943e-12
5.50933e-10
1.80833e-9
1.1639e-9
8.37518e-10
-3.76587e-10
2.19901e-9
7.75002e-10
2.47396e-10
-7.26372e-10
-1.84152e-9
-6.91631e-11
1.67744e-9
-6.63943e-9
-9.90064e-9
4.41267e-9
1.76632e-8
3.97542e-9
-4.39094e-9
-6.9349e-9
-3.40952e-9
-3.90012e-9
4.59577e-10
9.27285e-9
-1.30245e-8
4.22535e-9
5.11692e-9
-2.45605e-9
-1.95302e-9
3.55579e-9
-5.566e-9
2.86053e-9
9.29401e-9
-3.64982e-9
-1.78744e-8
4.93579e-10
1.20656e-9
-8.26747e-10
1.39972e-9
-1.123e-9
2.24748e-8
1.33843e-7
-1.90897e-7
8.08766e-11
-9.06549e-11
-2.98482e-10
1.06026e-12
-3.94036e-10
9.89393e-9
-1.5344e-6
1.43712e-10
-1.70229e-6
5.71266e-7
-1.97411e-11
7.88093e-11
-2.09852e-6
-3.46182e-7
6.12112e-10
-5.56705e-11
-8.8856e-11
5.14609e-6
0.000278057
1.10295e-10
-5.19731e-10
0.000517893
-5.07952e-5
4.89704e-11
-1.25326e-10
-0.000949458
-9.77553e-5
4.60879e-10
-2.5042e-9
0.00310818
-0.00166738
1.11555e-9
-3.19424e-9
-0.00563076
0.00415345
6.00541e-10
1.05544e-9
0.00658786
-0.0058725
-2.50291e-9
6.89438e-9
-0.00614281
1.15668e-9
2.11853e-9
-4.33258e-9
-8.7403e-11
-1.15859e-9
7.00061e-9
-0.00164917
0.0011361
-0.000360518
0.00141778
0.00187151
-0.00233918
9.9615e-10
3.8281e-9
-2.79329e-8
3.76642e-8
-4.12358e-8
-1.74091e-8
-3.66608e-5
-0.000766033
0.00146604
1.6845e-7
-3.13415e-7
-5.67622e-8
3.57724e-6
5.28894e-5
-0.000125865
9.07015e-7
-1.84744e-6
1.46197e-7
-1.91613e-7
1.1811e-5
-3.41024e-5
3.66312e-6
-8.21259e-6
3.02365e-6
-9.49356e-10
4.78668e-6
-1.23708e-5
2.54608e-6
-7.46882e-6
3.99635e-6
6.02171e-8
1.17579e-6
-4.27467e-6
-3.19877e-6
-2.68276e-6
2.84942e-6
-1.02786e-6
-1.25929e-6
1.03987e-7
1.34081e-6
-6.36834e-6
8.60156e-6
1.79459e-5
-2.80457e-5
2.3176e-6
1.39728e-5
-1.40552e-5
5.12596e-6
-7.87021e-5
7.84264e-5
3.13118e-5
-0.000249135
0.000208707
-0.00102249
4.88193e-5
8.68435e-6
-5.55924e-5
5.67012e-5
-6.51063e-5
-2.92751e-5
-0.0022628
0.00334231
-0.000722683
0.00113009
0.000140836
-0.00052819
0.000174756
0.000225019
-0.000383881
-3.85055e-5
0.000298196
7.93558e-6
-0.000183446
-2.26672e-5
6.88518e-5
2.70425e-8
-4.50919e-9
4.99829e-10
6.16649e-10
2.38766e-9
2.63313e-9
4.08051e-9
3.95239e-9
-2.92025e-9
1.28519e-8
2.97669e-10
-4.85673e-9
1.79358e-10
-2.73228e-9
-1.09223e-10
-2.59489e-10
-6.17766e-10
-7.39663e-10
-1.75166e-9
-2.20465e-9
3.43733e-10
6.76306e-10
-1.79609e-11
-8.82207e-10
4.46568e-10
-2.15422e-10
-2.73191e-10
-6.48794e-10
5.75397e-10
-1.30939e-10
-7.24222e-12
2.49316e-10
1.01729e-10
2.48454e-10
-2.54596e-9
2.04623e-10
-1.58793e-9
2.35363e-10
-3.77797e-12
5.81622e-10
-1.9145e-10
-1.64333e-9
3.01848e-9
8.41695e-10
-6.61169e-10
-2.2696e-9
1.84296e-10
-9.63012e-10
2.13571e-9
2.18866e-9
-3.72643e-9
1.83465e-9
1.11785e-9
-7.38505e-10
-1.07917e-9
6.88418e-10
-1.63619e-9
1.29888e-9
3.28667e-9
1.68015e-9
1.16027e-9
2.7847e-10
1.82269e-9
-1.9826e-9
1.90867e-9
-1.70465e-9
-1.6975e-8
-2.75137e-9
-5.87301e-8
2.15703e-8
-1.79006e-8
1.22674e-10
-5.98065e-10
3.71039e-10
-4.1802e-10
1.99429e-10
1.07308e-7
-4.06591e-8
3.09626e-7
-6.46384e-7
1.45273e-6
-8.22529e-11
-5.59172e-13
-3.89817e-11
4.49579e-11
-1.78023e-10
-7.14956e-6
-9.5865e-6
1.96501e-11
2.02803e-11
-0.000145184
4.74527e-5
-1.7729e-11
0.000561477
-0.000204126
2.39983e-12
-9.5308e-12
1.71252e-11
-8.11265e-11
-0.00168691
0.00201726
-0.00153243
0.00137637
6.88706e-11
-3.08692e-10
0.00241112
-0.00121756
-0.00316778
1.36137e-10
-3.57257e-10
-0.0027997
-0.000272766
0.00522541
-7.02109e-11
4.12633e-10
0.000615342
0.0016423
-0.00469904
6.05863e-11
-3.37185e-10
5.72597e-10
0.000136839
0.00381071
3.18236e-10
-1.04917e-9
-0.00122862
-3.49173e-10
2.55816e-10
-3.52448e-10
2.46911e-9
-1.29335e-9
-1.40349e-9
0.00101735
0.00275192
-0.00185593
-0.000935433
-0.00435517
2.35077e-8
-5.72014e-8
7.11637e-8
-5.65331e-8
-4.99305e-8
-7.91703e-5
-0.00021048
0.000337802
0.000110642
0.000702228
2.90188e-7
-4.5983e-7
-5.12888e-8
9.1184e-6
1.59803e-5
-6.64587e-5
1.34284e-6
-2.99294e-6
1.90566e-7
4.05763e-6
3.95559e-6
-1.28445e-5
7.17114e-6
-1.97107e-5
5.55853e-6
1.25405e-6
1.075e-6
-5.19907e-6
8.98364e-6
-3.49551e-5
2.74844e-5
-3.67358e-7
-8.28609e-7
-9.00198e-7
-2.77636e-5
1.24781e-5
-3.9334e-6
0.000114897
-7.12669e-5
9.19574e-6
1.28289e-5
-1.00782e-5
2.84514e-6
-4.72168e-6
5.78976e-5
-7.04091e-5
0.000184249
-0.000864184
0.000737671
-0.000125609
-6.82382e-5
7.46103e-5
-2.79085e-5
2.86891e-5
0.00262657
-0.00254133
0.00183126
-0.00346687
0.00015653
0.000167743
-0.000477649
0.000289647
0.000759745
-0.000547129
-0.000981453
0.000621193
0.000508996
-0.000463854
0.000125676
-0.000111627
0.00023831
-9.11863e-6
-8.88657e-5
8.53221e-5
1.81908e-9
7.94315e-10
1.3081e-11
7.64068e-11
-1.86113e-10
1.19356e-10
2.23609e-10
5.74918e-10
3.88429e-10
-2.20078e-10
6.49286e-11
6.3303e-11
-4.91856e-10
-1.42763e-11
-3.86339e-10
5.55831e-11
1.42863e-10
2.25661e-11
-9.73064e-11
8.00491e-11
-1.01175e-10
-3.12594e-11
-1.99399e-11
-1.03879e-10
-4.80859e-11
-3.49624e-11
9.83655e-11
-3.12547e-11
1.53797e-11
6.48322e-12
1.25894e-10
-1.55181e-10
5.93892e-10
2.32695e-12
-6.53289e-10
5.54579e-11
5.23784e-11
4.77099e-11
1.34498e-10
6.97228e-12
6.2901e-10
2.82713e-10
-5.20087e-10
5.23086e-10
1.91168e-10
-1.17655e-9
-1.55284e-9
-6.92402e-11
-7.70399e-11
4.11901e-10
1.95452e-9
2.93976e-9
-1.40582e-8
-4.06992e-10
9.40799e-10
-1.71692e-9
1.6647e-9
-2.06527e-9
3.24949e-8
3.40197e-8
2.70834e-8
-4.51492e-8
-7.29743e-8
2.62744e-11
-6.37009e-10
6.44974e-10
-6.63337e-10
6.68146e-10
2.30703e-7
1.0945e-7
2.00868e-7
-9.40139e-7
1.38647e-6
-1.4896e-10
-7.04559e-11
6.65371e-11
-1.96574e-11
-7.36554e-12
7.148e-6
-1.84578e-5
2.79634e-5
-1.151e-5
-1.63341e-12
-5.24756e-12
2.1999e-5
-0.000134065
0.000168473
-1.88498e-11
-3.05648e-11
1.69967e-11
5.31765e-12
0.00173587
-5.12707e-12
-3.92512e-11
1.22107e-11
-4.11699e-11
3.8475e-11
1.93358e-11
2.34114e-11
1.55267e-11
-2.46027e-11
0.00257699
0.00262799
-0.0030413
-0.00370908
-0.00464983
0.00374739
-2.23376e-10
0.00348447
6.55466e-10
3.60844e-10
1.82299e-9
-6.60057e-9
2.51692e-9
0.000484758
0.000995631
-0.00186899
-0.000638502
-0.00262251
6.28501e-9
1.85732e-8
1.74455e-7
-8.87785e-8
-1.8651e-7
-5.64896e-5
2.37374e-6
0.000159109
5.31043e-5
0.000213361
7.98997e-7
-1.38696e-6
9.88886e-8
6.92903e-6
-6.9161e-6
-4.00289e-6
4.35837e-6
-1.07274e-5
2.68971e-6
2.14025e-6
-1.66556e-6
4.13218e-7
2.94274e-5
-6.69962e-5
5.92491e-5
-2.17237e-7
-4.97945e-7
9.40485e-8
-4.19792e-5
8.07187e-5
-0.00010321
0.00034155
-0.000311636
6.67875e-6
4.49082e-6
-3.06502e-6
3.95936e-7
-6.91682e-7
0.000231235
-0.000361287
0.000547474
-0.00135495
0.00104379
-4.42293e-5
-6.32348e-5
4.8644e-5
-1.28247e-5
2.04802e-5
-0.0015313
0.00157898
0.000534802
-0.000608247
0.000332558
-0.000454531
0.00024563
-0.000342027
-0.000148792
0.000327277
-0.000300726
0.000246187
0.000146058
-0.000142317
0.000189797
-0.000546778
0.000654
-0.000196414
1.65618e-11
-3.60209e-12
-1.46019e-10
-1.76129e-10
2.21233e-10
-1.53306e-10
-1.35423e-10
-1.05313e-10
-1.61399e-10
-9.67594e-11
-5.05322e-12
6.89157e-11
-6.77074e-12
-9.61291e-11
-4.5633e-13
4.49086e-11
-2.24314e-10
-1.67194e-11
1.58639e-10
3.8299e-10
5.93949e-10
1.94774e-10
-4.75838e-11
1.53389e-10
2.15418e-11
-3.46663e-11
-1.50652e-10
-1.36213e-10
-3.48498e-10
-2.02306e-11
1.78009e-10
2.54765e-10
2.8183e-10
-7.6502e-11
2.36336e-10
-5.13471e-10
-2.38982e-10
3.34126e-10
3.22937e-11
2.30125e-10
4.62466e-10
-1.91152e-10
2.76274e-9
-6.61199e-10
1.34229e-9
3.28329e-9
1.63597e-11
1.71591e-10
-1.6271e-8
6.90185e-10
2.67435e-9
-2.59633e-11
2.13702e-10
-1.06944e-9
-1.10397e-8
-1.37368e-7
-1.16647e-7
-7.55494e-8
6.00267e-7
4.15898e-10
-2.34153e-10
4.77561e-10
-4.73129e-10
7.24543e-10
-4.98035e-7
-3.85855e-6
-8.41003e-8
-2.09882e-6
4.97263e-6
-1.21545e-10
-3.13951e-10
2.35405e-10
-7.81572e-11
3.61333e-11
4.49022e-5
-9.00816e-5
2.86756e-5
-5.99195e-5
-4.4746e-11
1.22324e-11
0.000146949
-5.22908e-5
-0.000127477
6.54016e-11
-1.21308e-10
4.67836e-11
6.61475e-11
-2.76214e-11
-0.00277568
0.00356124
-0.00110098
0.00108539
8.89855e-11
-1.42157e-11
0.00125377
-0.000255881
5.0369e-11
-4.93498e-12
-0.003676
0.00253248
5.16147e-11
0.004827
-8.94169e-11
7.75712e-11
-8.14624e-11
-1.86179e-10
9.07165e-10
2.66753e-10
0.00131915
0.00257001
-0.00341834
-0.0027491
-0.00626049
0.00277702
-2.83878e-9
0.00179926
9.01455e-9
-1.60073e-8
-4.31006e-9
-2.68703e-9
9.55134e-9
0.000143215
0.000164418
-0.000621893
-0.000141786
-0.00107902
-4.71193e-8
1.08938e-7
-2.4587e-8
-3.55812e-7
6.60215e-7
-1.32465e-5
2.53457e-5
2.13079e-5
5.36398e-6
1.1136e-5
-2.49005e-6
6.64638e-6
2.64286e-7
-2.08944e-6
2.16408e-6
-1.55963e-5
2.78379e-5
-2.3648e-7
-2.34566e-8
-1.21125e-7
-1.9941e-5
0.000169506
-0.000381526
0.000721234
-0.000461642
3.5662e-6
-2.60043e-7
1.20027e-7
-1.43865e-7
7.01536e-7
0.000501362
-0.000891843
0.00124433
-0.00187555
0.00154371
-3.22536e-5
-2.2202e-5
6.95518e-6
-5.80168e-7
6.89894e-7
-0.00146617
0.00134779
0.000711005
-0.000790321
0.000401815
-0.000566919
0.000529931
-0.000161105
-0.000417999
0.000527418
-0.000444797
0.000429127
0.000118884
-0.000160097
-0.000339062
0.000100309
0.00022001
0.000138731
-0.000125525
-0.000157443
0.000519343
-6.01516e-5
4.68494e-10
4.24843e-10
2.83071e-10
2.25797e-12
5.42346e-10
-1.49898e-9
-1.04633e-9
-1.08816e-9
3.30287e-9
-1.20352e-9
-9.66486e-10
-5.19279e-10
1.23036e-10
-1.30625e-10
-6.81779e-10
-2.04223e-10
9.6074e-10
-1.55597e-9
-1.34302e-10
-3.50387e-9
1.74202e-9
4.54923e-9
-2.89833e-9
-1.15448e-9
1.41336e-9
-1.18199e-9
-7.14453e-10
-1.21739e-9
-5.2024e-10
-1.33174e-9
-2.52036e-9
3.57341e-9
-1.68743e-9
7.41512e-9
3.48322e-9
-1.0749e-9
-6.59185e-9
-4.57591e-10
-3.31219e-10
4.88272e-9
2.45121e-9
-8.05731e-9
1.73777e-8
3.5212e-8
5.16645e-8
-4.19239e-10
-2.78766e-10
2.20145e-9
1.76316e-9
-7.97341e-8
-3.79833e-8
8.87747e-8
3.05141e-7
2.084e-9
3.84047e-11
1.10352e-7
-8.34512e-7
-1.13911e-6
-1.99489e-9
4.78059e-10
6.17836e-10
8.43359e-6
3.21608e-6
1.09592e-5
-1.25965e-5
-4.10249e-9
-2.77999e-5
3.00161e-9
-7.52471e-10
2.08569e-10
0.000209656
-0.000256964
0.000109697
-0.000235121
4.32794e-10
2.56444e-11
0.000331597
-0.000101039
-1.23227e-9
-0.000600281
5.85285e-11
8.35239e-10
-2.93345e-10
-0.00444447
0.00399812
-0.000597442
0.00060092
6.63122e-10
-2.05516e-10
0.00303837
-0.00213912
5.58716e-10
-1.33048e-10
-0.00485769
0.00453607
3.06267e-10
0.0058749
1.86518e-10
-6.23071e-10
-4.15644e-10
5.2257e-9
-1.38667e-9
0.00170221
7.55664e-5
-0.00198335
-0.00254606
-0.00546457
0.00194776
-1.00767e-8
0.000788777
4.03639e-8
3.79257e-8
-9.20989e-8
-1.02982e-7
8.10991e-5
-0.000132416
-8.23186e-5
-2.53069e-5
-0.00026479
5.73146e-7
-5.75153e-7
-2.21225e-6
2.11612e-6
-7.57759e-7
2.26618e-6
-4.15756e-7
1.58744e-5
7.5566e-6
-6.65309e-6
-2.28417e-5
1.99214e-5
-2.30963e-8
-3.32348e-7
4.35288e-7
4.88153e-8
6.1154e-5
-5.44585e-5
-0.000144868
0.000138314
3.85649e-9
2.98413e-8
7.93639e-8
-4.30652e-8
0.000304026
-0.000528627
2.47899e-7
1.29987e-8
7.41467e-9
0.00072024
-0.000888457
-0.000817099
0.000863905
-1.37366e-5
-4.31706e-8
-1.95174e-6
1.06054e-6
-1.48699e-6
-0.000440946
0.00138436
-0.000208488
-0.000743426
0.000588988
4.30392e-5
-0.000340287
-0.000650447
0.00143028
-0.000878931
0.000649907
8.47411e-5
-0.000121135
-8.86688e-5
0.000426871
0.00060494
-0.000590519
-0.00144242
0.000779689
0.00133115
-0.000920406
3.88727e-9
2.30225e-9
2.56966e-9
1.39412e-10
4.55212e-9
3.76155e-9
-8.07564e-9
-1.11647e-8
-5.9339e-9
-6.25409e-9
-5.51536e-9
5.40155e-9
2.89422e-9
-1.2717e-8
-2.84566e-9
1.12744e-8
5.47283e-9
8.90497e-9
9.78391e-9
-4.05048e-8
-2.5055e-11
3.41588e-8
2.56496e-8
8.85427e-9
2.18964e-8
5.35797e-9
-2.13825e-8
1.63441e-8
2.08758e-8
-2.19467e-8
-7.69323e-9
-9.66617e-9
-2.58868e-8
-1.85053e-8
-2.90514e-8
-7.43174e-8
4.90528e-8
2.33819e-9
1.23063e-7
2.14703e-8
8.52705e-9
-1.91694e-8
-1.23992e-8
-1.0692e-8
1.29851e-7
6.96035e-8
-5.39925e-8
8.31835e-8
1.86481e-7
2.77982e-7
-9.28634e-9
-7.97026e-9
6.71756e-8
4.56933e-8
-4.08749e-7
-1.75915e-7
2.80802e-7
7.49729e-7
6.84734e-9
5.75628e-9
4.9125e-8
9.32292e-9
3.49468e-6
-1.19467e-5
-2.03709e-5
-3.04633e-5
-4.52184e-8
-5.22878e-8
1.99319e-8
7.21735e-5
-0.000139085
0.000118196
-0.000195027
-8.38552e-9
-1.46849e-9
8.03064e-9
0.000362448
0.000195876
6.43031e-9
1.01702e-8
2.58615e-10
-0.000538735
0.000941863
1.06829e-5
0.000843642
-2.63198e-8
9.101e-9
-0.0014547
-0.00109901
-2.81996e-9
-2.18973e-8
3.82193e-9
0.0035885
-0.00296934
0.00102814
-1.23003e-9
-4.85039e-9
4.32376e-9
-0.00366465
0.00395459
-0.00420902
-1.94305e-9
-1.88096e-8
4.85846e-9
0.00288708
-0.00443042
0.0070437
-7.3499e-9
-3.04576e-9
-0.0013746
0.00210327
1.54037e-8
-3.58086e-10
0.00322319
-0.00345483
3.80473e-9
-1.1896e-8
-0.000951677
0.00256774
3.23372e-8
-3.43009e-8
-1.20462e-7
9.21107e-8
2.96895e-7
3.02622e-7
-7.67335e-5
0.000207779
3.23068e-5
5.32614e-5
2.16793e-5
-7.86271e-5
-6.57001e-7
-1.27095e-6
2.01855e-6
3.8374e-6
-6.37505e-6
1.30728e-6
-1.07651e-5
-3.2608e-7
-1.84063e-5
-9.18026e-6
1.77926e-5
1.81174e-5
-4.32191e-5
4.60838e-8
-2.32294e-7
9.29398e-8
-4.91048e-7
-2.68473e-5
9.05032e-5
1.77833e-5
-0.000159124
1.40677e-7
1.53625e-7
-5.03327e-8
-4.85179e-7
4.88103e-5
0.000222531
-0.000245136
-0.000210194
1.51976e-7
7.50831e-8
-2.39644e-7
-4.858e-7
0.000703362
2.81109e-5
-0.00113255
0.000291814
0.00159421
-0.000836963
-7.52646e-5
8.1395e-6
9.6648e-6
5.64274e-6
6.93126e-7
-2.08622e-6
-0.00219766
0.00147275
0.00225328
-0.00171376
-0.00166119
0.00149985
-0.00067408
0.000565045
-0.000446832
-4.29095e-5
0.000217737
-0.000241732
0.000676356
-0.000575659
0.000387471
-0.000397773
0.00104838
-0.00144988
7.48307e-6
0.000363613
-1.85374e-8
1.59492e-7
-1.48577e-7
-7.86677e-9
-4.95544e-8
-5.63365e-8
1.44346e-8
4.63382e-8
-5.50963e-8
2.36734e-7
2.42386e-7
-2.0528e-7
4.84984e-7
-1.72831e-7
-2.25895e-7
1.95369e-7
-2.42506e-8
2.39007e-7
7.48583e-8
-1.11045e-7
-6.26865e-8
8.78893e-8
-2.31517e-7
-1.05784e-7
-5.57815e-7
-4.94249e-7
5.63559e-7
-5.70516e-7
4.39948e-7
3.10191e-7
-7.47443e-7
2.24052e-7
3.10337e-7
-9.82927e-8
-3.16093e-7
-3.26849e-7
2.85764e-6
1.71329e-6
-3.59324e-7
-2.11083e-7
1.11761e-6
1.94416e-6
-1.75208e-7
-2.39541e-7
1.62715e-6
1.27071e-6
-4.06413e-6
2.87578e-6
2.1595e-5
4.54816e-5
1.68203e-7
2.93353e-7
6.91616e-7
8.48954e-7
-7.46188e-5
0.000106044
0.000193628
0.000376564
-7.36389e-7
5.65531e-7
-1.79284e-7
-0.000617719
0.000443165
-0.000615341
0.000930432
-2.70179e-8
-2.61264e-8
-1.48988e-7
-0.00118502
-0.00167493
2.50532e-7
-4.35462e-7
1.36702e-7
0.00220637
-0.00197871
0.00260334
-0.00321365
-1.95494e-7
5.15518e-9
0.00382527
-0.00372161
3.05417e-8
3.85026e-8
-0.00347555
0.00361194
-2.11915e-7
5.71996e-8
0.0024612
-0.00258251
-1.06902e-7
-4.87615e-9
-0.00149872
0.00170838
9.55025e-8
-4.48894e-8
0.00136777
-0.00228245
6.35039e-8
-3.16157e-7
-4.08728e-8
9.79479e-7
-2.28978e-7
-3.01502e-7
-7.58647e-5
9.03797e-6
-3.84354e-5
-1.48894e-5
-0.000989457
6.32932e-5
7.20651e-7
2.10673e-6
-1.76111e-6
2.39732e-6
1.73364e-6
-5.05526e-7
5.73019e-6
3.73366e-6
1.19657e-5
-8.42694e-6
1.15242e-6
2.51566e-5
-1.58065e-5
1.60402e-6
-1.90294e-6
2.55556e-7
1.03688e-5
-7.15501e-5
6.55852e-5
0.000165349
-0.000191327
2.67587e-6
1.50905e-6
-5.55296e-7
-9.07503e-6
-0.00037864
0.000388186
0.000569618
-0.00104828
-7.75819e-7
5.28334e-7
-3.62019e-9
-1.30553e-5
-0.000815686
0.00142218
0.000753387
-0.0014867
-0.00116109
0.00204813
-1.07352e-5
8.02753e-5
1.59659e-6
-8.30352e-5
7.68675e-6
-1.98302e-5
0.00104458
-0.00196641
-0.000275056
0.00119999
-0.000518626
-0.000194477
0.000936846
-0.000451076
-0.000895333
0.000579559
0.000587777
-0.000672893
-1.5252e-6
3.75949e-8
-1.42451e-7
-8.2732e-7
1.62036e-7
2.84689e-7
2.09052e-6
-4.07292e-6
8.43446e-8
4.43592e-6
-2.26462e-6
2.28142e-6
1.67554e-6
-9.67981e-7
-2.02833e-7
1.92283e-6
-2.42673e-6
-7.45454e-6
-1.15323e-5
8.88694e-6
-1.23722e-5
-1.45853e-6
2.68083e-5
-7.89939e-6
9.48685e-6
-1.33052e-5
4.10408e-8
2.66852e-6
4.00503e-7
-4.1231e-6
6.57924e-6
-3.60712e-7
-5.36439e-6
-9.15707e-6
-3.68632e-5
3.92728e-5
-4.35581e-5
-2.34119e-5
3.49536e-5
-2.42618e-6
-2.1376e-6
-3.33574e-5
-2.1511e-6
-4.44619e-6
3.83253e-5
-3.3789e-5
7.43195e-5
-0.000118255
-0.000148058
-0.000403988
-1.03403e-6
1.74397e-5
-8.09572e-6
6.59149e-6
0.000562907
-0.000512873
0.000468214
-0.00102623
-0.00104021
-9.81419e-8
-7.2826e-7
-1.41772e-5
0.00128522
0.00231323
1.44327e-6
-1.62438e-6
1.34958e-5
-4.98426e-6
-0.00294624
0.00235774
-0.00326663
0.00400927
0.00332922
3.29585e-8
8.81798e-6
2.37334e-6
-0.00372588
0.00365157
-0.00378466
7.80898e-8
-1.01607e-5
-2.17058e-6
0.00320342
-0.00316367
0.00329967
8.07002e-7
1.33804e-5
-1.75738e-6
-0.00257564
0.00221411
-0.00234849
-2.19308e-8
4.75979e-7
5.79318e-7
0.00106637
-0.00117694
0.00158641
-1.34513e-6
1.52277e-7
-0.000239345
0.000441962
-6.90834e-7
4.44733e-5
-2.59076e-6
-4.55247e-6
6.81801e-6
-2.2413e-5
1.09425e-6
-6.48311e-6
-9.80972e-5
-0.000191699
6.74056e-5
-5.05809e-6
0.000276429
-2.22822e-5
9.06045e-6
8.63785e-6
-1.76842e-5
-2.94856e-5
5.46637e-5
3.50257e-5
-3.55157e-5
1.37166e-7
4.61593e-5
3.10954e-5
-9.09919e-5
-6.47044e-5
0.000183771
2.31246e-5
2.08812e-5
-4.0748e-6
-0.000111668
9.37611e-6
-0.000228938
0.000305783
0.000308983
9.34655e-5
-0.000562604
0.000246502
0.000246829
5.33282e-5
-6.51723e-5
0.0002434
-0.000135293
3.54963e-5
1.35946e-5
0.00133208
-0.000928247
0.000190978
-0.00234897
0.00167518
-0.000807918
0.00306255
-0.00232667
0.00138187
-0.00500271
0.00278989
-0.00155871
0.00172552
-0.0012115
0.000938343
-0.00048773
0.000333535
-0.000358813
4.64272e-5
1.04033e-5
-3.2048e-5
5.4974e-5
-2.47176e-5
9.41882e-7
6.61479e-5
-8.5736e-5
-2.54225e-5
-0.000337521
0.000125296
6.71075e-5
-0.000134888
6.16454e-5
-0.000117279
-2.80767e-5
5.39216e-5
8.83708e-5
7.44435e-6
0.000226835
-0.000192419
9.73507e-6
-0.000592879
0.00066739
-0.000368968
0.000214597
0.000155108
-0.000168523
0.00025498
5.02587e-5
-9.82184e-5
0.000273206
1.74062e-5
3.08143e-5
5.37784e-5
-2.96545e-5
0.000370367
-0.000384306
0.000178577
-0.000382578
0.000842319
-0.000224409
0.000161468
0.000127963
-0.00034789
0.00084475
-9.00314e-5
7.70109e-6
4.84575e-5
-9.37299e-5
-6.40937e-5
-4.89409e-5
-0.000598961
8.08755e-5
0.000621409
-0.00146551
-5.25921e-5
-9.62111e-5
0.000203557
-0.000251088
-7.63743e-5
-0.000128436
-0.000605142
-0.0007139
0.000235318
0.00154028
-0.00319179
0.000372495
2.89901e-5
-1.15021e-5
0.000410662
-0.000614902
-0.00238388
0.00329748
3.48827e-5
-0.000734599
0.000647498
-7.47911e-5
0.00156344
-0.000116128
0.00300183
-0.00178151
-0.00298661
-5.66942e-5
-0.000224836
0.000141331
0.00183263
-0.00353207
0.00356039
2.24066e-5
-0.000159835
0.000198066
-0.0012569
-5.55465e-5
0.000713189
0.000166689
0.000109106
-0.000849749
0.000372525
-0.000236521
-0.00279506
-4.50313e-5
0.00171649
0.00278342
-0.000215689
-0.00226555
0.000911275
1.42888e-5
0.000199123
-0.000170703
-0.000100906
-3.62132e-5
-0.00116049
-0.000128692
4.36063e-5
0.000506736
4.11134e-5
-0.000186851
0.00187077
-0.000633766
-0.000250061
-0.00671774
0.000113852
-7.16667e-5
-0.00128824
-9.20381e-5
0.000149876
0.000297009
0.000311371
-0.00197611
1.49444e-5
0.00117492
-0.000136498
6.61787e-5
9.06498e-5
-0.000473141
-0.000399485
-0.000642977
0.000796865
0.000115803
0.0010902
-0.00142237
0.00157796
-0.00286023
-0.000405652
0.00277753
-0.00152748
-0.000132257
-0.00939421
0.00652452
-0.00263953
0.00215462
-0.00088459
0.00289787
-0.00254874
0.0034291
-0.00434736
0.00223669
-0.00371398
0.00565641
0.000591671
-0.000686504
-0.000324363
0.000491724
-0.00105233
0.00138678
-0.00186131
0.00120012
-6.0416e-6
0.00021338
-0.000690668
0.00159851
-0.00264058
0.00351162
-0.00277321
0.00151373
0.000291391
-0.000282204
9.80684e-5
0.000575742
-0.00191761
0.00358608
-0.00466937
0.00443889
-0.00266426
0.00097562
-0.000546742
0.000854037
-0.000919794
0.00027731
0.00132183
-0.00339082
0.00483749
-0.00472492
0.00326155
-0.00114719
-0.000643063
0.00115494
-0.00182633
0.00236166
-0.00200684
0.000408349
0.00189101
-0.00376915
0.00441397
-0.00366056
0.00142059
0.000143778
-0.00147358
0.00285244
-0.00399488
0.00400744
-0.00261507
0.000321881
0.00196678
-0.00365666
0.00413197
-0.00194153
0.00189841
-0.00361293
0.00487277
-0.00516653
0.00417795
-0.0023572
0.000120546
0.00302363
-0.00744153
0.00973198
0.00272294
-0.00434535
0.00465194
-0.00439469
0.00373678
-0.00306835
2.1803e-5
0.00140647
0.0023447
-0.00277939
0.00315911
-0.00394398
0.00721863
-0.00137286
-0.000474018
0.00148495
