1.77671e-5
-5.38756e-5
8.78026e-5
-4.74063e-5
5.9717e-5
-8.11769e-5
0.000102546
-0.000133545
-3.68101e-5
6.74458e-5
1.54418e-5
-6.81128e-5
-2.48224e-5
-5.63164e-6
3.30029e-5
1.28658e-5
-1.77335e-5
-3.86888e-6
-0.000187048
9.67398e-5
8.91487e-5
0.000280432
-8.09666e-5
2.42481e-5
-2.89434e-5
-0.000226763
0.000116429
-8.36411e-5
1.31852e-5
6.97885e-5
-1.08036e-5
-5.08199e-6
-5.91988e-5
1.02684e-5
1.11122e-6
3.60726e-5
-3.27336e-6
8.30524e-7
1.13508e-6
-2.82377e-5
-3.956e-5
-3.47155e-5
5.15611e-5
0.000148827
-4.36925e-5
0.000107405
-0.000103906
0.000105432
-0.000107061
0.00010278
-1.72505e-5
-6.72504e-5
2.23826e-6
3.46754e-5
-5.64272e-7
-1.76905e-6
-1.27416e-7
2.71879e-5
-1.77465e-5
-5.20658e-5
-1.89233e-6
3.60787e-5
0.000164671
-3.26719e-5
1.85599e-5
-3.92714e-5
5.73038e-5
-8.04007e-5
0.000100795
-0.000102359
8.14152e-5
-1.8435e-5
-4.37533e-5
8.23037e-6
2.54193e-5
5.5673e-7
-1.34692e-5
4.47197e-7
-2.05903e-6
-4.76959e-5
8.17811e-6
2.07145e-5
-3.02475e-5
1.89188e-5
1.26032e-5
-4.77195e-5
6.48135e-5
-5.55182e-5
3.31199e-5
-1.55292e-5
6.67789e-6
-0.000241999
0.000243108
-5.00327e-5
0.000215893
-0.000285695
1.15555e-5
9.32298e-5
-1.25035e-5
-5.85037e-5
0.000100527
-0.000103366
6.8757e-5
-2.05892e-5
-1.35215e-5
2.38373e-5
-1.91768e-5
6.40421e-6
9.97363e-6
-3.90931e-6
-8.57618e-6
-1.53883e-6
2.96911e-6
1.2317e-7
1.49954e-6
-0.000174354
0.000170687
-9.58645e-5
-7.98508e-6
9.28293e-5
-0.000151527
0.000159654
-0.000122134
6.69224e-5
-2.3288e-5
1.59504e-6
2.59205e-6
-2.54493e-6
4.82733e-6
-2.63027e-6
-1.03157e-7
6.37843e-5
3.93492e-5
3.05034e-5
-0.000108688
0.000159045
-0.000163573
0.000126557
-7.62162e-5
3.63555e-5
-1.26891e-5
6.96487e-6
-6.32321e-6
2.01409e-6
3.8129e-7
1.21015e-6
-4.69094e-5
2.2154e-5
2.12889e-5
-1.56262e-5
-2.03962e-5
7.94923e-5
-0.000126039
0.000121521
-9.56948e-5
6.06776e-5
-3.67292e-5
1.51129e-5
-1.55682e-5
7.19516e-6
-2.84179e-6
2.31499e-6
-2.37336e-6
-2.50121e-6
1.15426e-5
-4.02609e-5
6.71459e-5
-6.73212e-5
5.81124e-5
-3.98227e-5
4.57418e-5
-2.34535e-5
2.66521e-5
-9.36598e-6
-6.32891e-7
-3.31866e-6
-1.23106e-6
2.87927e-6
-9.95058e-8
2.15583e-5
-3.46895e-5
2.86663e-5
-2.59701e-5
2.03624e-5
-4.92989e-5
3.74599e-5
-5.19229e-6
-6.86371e-6
8.60973e-6
-5.04052e-6
1.0758e-6
7.1405e-7
-9.54961e-6
1.67319e-5
-1.37577e-5
2.26238e-5
-1.6839e-5
3.04574e-6
9.58027e-6
-1.76017e-5
7.89446e-6
4.89359e-7
2.53033e-6
-7.67653e-7
-8.1874e-6
6.41462e-6
-6.56873e-6
6.62055e-6
-9.29117e-6
1.72682e-7
9.41778e-6
-2.39836e-6
1.15591e-7
-2.42309e-7
-2.03745e-6
1.40681e-5
-7.71523e-6
3.83518e-6
-3.9512e-5
2.38975e-5
-8.68513e-6
6.41309e-7
0.000116206
-5.9765e-5
2.55671e-6
2.37742e-5
-6.99857e-5
4.8889e-5
-2.19338e-5
5.3791e-5
-3.58654e-5
1.34532e-5
-3.10411e-5
2.12686e-5
-3.86724e-6
1.38366e-5
-7.41549e-6
-1.3371e-5
-6.87752e-7
-7.89702e-6
1.51039e-5
3.56931e-6
-5.63992e-6
-3.13233e-6
-3.10048e-5
9.66434e-6
6.48525e-5
5.0149e-5
-1.14273e-5
1.37058e-6
-1.69318e-6
-0.000106281
7.49137e-7
6.87565e-7
-3.10787e-6
7.22288e-6
1.69846e-6
-2.7419e-7
-3.34662e-6
-1.02264e-6
1.51813e-6
1.7551e-5
-7.05525e-5
1.76325e-5
6.37013e-5
-1.3075e-6
-0.000153347
3.69051e-7
3.57643e-7
-7.34461e-8
-5.74636e-7
-1.42039e-7
1.98626e-7
9.54359e-6
-2.98152e-5
-3.22635e-6
-1.05044e-5
4.75372e-5
-1.23234e-6
-9.61616e-5
-1.41e-7
1.20468e-7
2.70906e-7
-6.2176e-8
-2.46436e-7
6.46614e-9
7.79055e-9
-8.93737e-6
5.74873e-6
7.07593e-7
6.52237e-8
1.30761e-5
-2.69767e-5
9.762e-6
-2.93617e-5
6.78484e-5
-2.91876e-7
5.44865e-6
-1.44252e-7
5.55409e-9
1.92218e-7
-1.25397e-8
-1.44462e-8
3.37892e-9
1.78557e-9
6.09104e-5
-0.000208578
0.00028667
-5.76286e-7
1.70034e-7
-1.59869e-8
3.02133e-5
6.22488e-5
-0.00019784
7.55885e-8
-4.66682e-8
-3.8856e-8
-0.000113017
2.11957e-5
0.000103458
-5.44957e-8
6.26731e-8
9.92192e-9
0.000177281
-9.64552e-5
-2.29906e-5
-3.01204e-7
1.7298e-8
-2.33813e-8
-0.000150362
0.000102142
-6.37215e-5
-1.14187e-6
-8.73992e-7
2.84099e-7
-9.40522e-8
2.46072e-8
7.31801e-5
4.6633e-5
-8.81317e-6
1.43445e-6
-2.69487e-7
8.17439e-8
-3.4304e-8
-6.41738e-5
3.53632e-5
3.69272e-5
-3.13548e-5
1.63737e-5
-2.7696e-6
1.72202e-6
-9.0786e-7
3.77898e-7
-1.24018e-7
1.31881e-7
-1.06797e-5
-8.09685e-6
3.82867e-6
-1.17492e-6
1.37193e-6
-1.67229e-6
3.86409e-7
-8.08828e-8
-7.44369e-8
5.67044e-6
-3.38484e-6
-4.85407e-7
-1.74351e-6
7.77692e-7
-1.01428e-6
2.10999e-6
-2.74726e-6
3.22971e-7
-3.86056e-7
-1.7424e-7
4.811e-7
1.46986e-9
-1.35558e-7
1.88362e-7
-1.80345e-7
3.72979e-7
-3.37154e-7
1.43245e-7
-2.00491e-7
8.77712e-7
-1.37718e-7
6.56317e-8
5.46711e-8
5.62064e-7
3.58881e-7
2.52659e-7
6.0686e-8
-2.03876e-8
1.46688e-9
-5.02801e-8
-4.98551e-8
2.18791e-7
-8.09022e-8
1.31542e-9
-2.56422e-7
6.911e-8
-2.5467e-8
-5.07319e-8
-2.75096e-7
-3.31368e-7
1.69821e-7
1.02244e-7
2.1197e-8
1.40991e-8
2.71241e-8
6.13541e-8
-2.43215e-8
1.66672e-8
5.50296e-8
1.38018e-6
1.40208e-5
-3.93093e-5
-8.44867e-6
2.47947e-5
-4.2086e-5
8.56796e-5
3.23025e-7
-1.76817e-5
2.36834e-5
-2.69702e-6
2.03253e-5
-2.44033e-5
1.20009e-5
-2.98883e-5
3.21358e-5
-2.20766e-5
3.80175e-5
-3.68743e-5
2.22067e-5
-3.6652e-5
3.37523e-5
2.59942e-5
-2.47193e-5
-2.60784e-5
2.00891e-5
-1.97972e-7
-2.05232e-7
1.80223e-6
1.80926e-6
-1.48509e-6
2.46768e-6
-3.71241e-6
-1.08573e-5
2.02165e-5
-1.45468e-5
-8.07491e-6
6.58058e-6
4.33639e-6
-2.56174e-6
1.63485e-7
-1.21626e-6
5.52473e-7
-2.77525e-7
-1.71771e-6
7.43099e-7
5.62739e-7
-7.71937e-8
9.85602e-7
-5.73818e-6
1.02703e-6
-1.51378e-7
-1.47105e-7
-7.12009e-8
2.34362e-8
6.34221e-8
4.33811e-7
-1.21049e-6
1.83693e-7
-1.53355e-6
-1.33097e-7
3.06756e-9
-3.3464e-8
-2.48321e-9
1.37715e-8
-1.55734e-6
1.89591e-6
4.30045e-8
5.48978e-7
-4.69926e-6
7.56266e-9
1.39025e-10
-6.65697e-10
-5.99644e-9
3.74527e-9
-1.19552e-9
3.6895e-9
2.63018e-6
-1.32189e-9
4.85675e-5
-2.72208e-5
9.36479e-7
-7.5006e-5
5.0042e-5
-1.50613e-6
-9.62548e-6
-1.18751e-9
6.48284e-10
4.38912e-10
5.49777e-10
-1.17557e-9
4.19517e-11
-3.41632e-10
0.000172577
-0.000108179
3.46388e-5
9.2512e-9
-3.331e-9
7.42994e-10
-0.000283155
0.000201501
-0.000116278
7.43527e-9
-1.20774e-9
8.9695e-10
0.000331416
-0.00026323
0.000179514
-6.45912e-10
-8.45726e-10
2.8834e-10
-0.000290441
0.000252
-0.000182201
7.21776e-9
-4.29148e-11
2.52918e-10
0.000204873
-0.000163526
0.000157379
-8.79558e-9
2.69394e-9
-7.85362e-10
-0.000108358
-8.08596e-5
-5.18699e-9
-6.38886e-11
-2.5944e-10
8.65802e-5
-6.19086e-5
-5.768e-5
3.78068e-5
-3.18729e-5
4.55087e-8
-1.32602e-8
6.32659e-9
-1.33822e-9
1.88699e-5
9.63621e-6
3.06711e-8
-4.36923e-9
1.75546e-9
-8.0285e-6
4.87849e-6
2.57999e-6
6.25446e-7
1.45668e-8
1.25056e-9
-2.93951e-9
-4.05916e-9
-6.17082e-7
2.29984e-7
1.54275e-7
5.85587e-9
4.41247e-10
2.22185e-8
-1.25576e-10
-4.75579e-9
-2.75139e-8
-2.28492e-8
1.41295e-8
4.05501e-8
-3.47908e-8
-7.43882e-8
-1.13835e-9
-1.035e-8
-3.11367e-9
1.56418e-9
-7.88283e-10
-6.32261e-9
-1.58322e-8
1.26125e-8
-8.22223e-9
-3.48681e-9
-1.53321e-8
-1.15717e-8
6.26922e-9
-7.94877e-9
-1.31185e-8
-1.68644e-9
-2.16992e-8
3.30903e-8
2.01739e-9
-2.21507e-9
3.13542e-9
4.38806e-11
-6.4581e-9
3.50531e-9
2.39033e-9
5.75468e-9
1.3966e-9
-1.01169e-9
3.79925e-9
4.5967e-9
9.10611e-9
-2.26173e-9
-1.50515e-8
-1.3285e-9
-7.9979e-10
-1.37839e-9
-1.62816e-9
7.81633e-11
-3.39701e-10
-1.96329e-9
-8.15499e-6
-3.94318e-6
4.02275e-5
-0.000129801
0.0001353
-0.000102496
2.92188e-5
-7.92354e-6
-1.30561e-5
-3.86873e-6
1.28439e-5
5.83416e-6
-1.75572e-5
-4.7091e-6
1.7882e-5
9.13033e-6
-1.32595e-5
-1.33822e-5
7.19655e-6
1.82241e-5
-5.55707e-6
-9.79021e-6
3.05494e-6
6.97068e-6
4.61553e-7
9.1312e-7
-2.28534e-6
3.47044e-6
-1.23905e-6
3.1517e-6
-2.03357e-7
-6.91253e-6
-7.62048e-7
3.93714e-6
8.26472e-7
-1.91695e-6
2.89241e-8
-4.01061e-8
-2.60516e-8
2.90434e-9
-5.81394e-7
1.02498e-6
3.22022e-7
-5.01959e-7
5.86364e-8
-2.95915e-7
6.27579e-8
-1.37421e-8
-1.48949e-7
2.17949e-7
5.9379e-8
-8.48761e-8
2.6964e-8
-8.87226e-8
2.37422e-8
-1.1988e-8
-2.06351e-8
2.96302e-8
6.10398e-9
-1.0506e-8
7.21812e-7
-4.02104e-7
-1.10987e-7
-1.91181e-6
2.31665e-6
9.37487e-9
-1.07875e-9
3.41547e-9
-1.34641e-9
6.10826e-10
-1.16708e-9
5.75971e-10
-2.46974e-5
-2.19408e-7
4.90216e-6
0.000112534
-8.34124e-5
5.27384e-7
-1.51206e-10
-3.32117e-10
1.43752e-10
-3.75988e-11
1.43598e-10
-0.000106423
9.88953e-5
-1.23607e-10
-1.53562e-11
0.000338879
-0.000236377
-3.06665e-10
8.0631e-11
-0.000422625
0.000357525
-2.15481e-10
9.98252e-11
0.000389659
-0.000373594
-1.08218e-10
6.2265e-11
-0.000188496
0.000272883
1.02205e-10
2.57869e-11
0.000102977
-0.00017618
2.70646e-10
-1.08633e-10
-5.78615e-5
9.7243e-5
-2.43419e-10
4.01699e-11
3.40495e-5
3.74597e-5
-1.353e-9
6.77658e-10
1.39593e-11
-1.8147e-5
7.15777e-6
6.85838e-6
-1.4236e-5
-5.44139e-11
2.98375e-10
-1.39464e-10
-1.94597e-6
-1.34967e-6
8.76426e-10
-5.42179e-11
-3.31092e-10
3.10674e-7
1.99348e-8
4.94946e-8
-3.48292e-9
2.6937e-10
3.97945e-10
7.43314e-10
-2.58723e-10
-5.49206e-8
2.0292e-8
2.2684e-8
1.18822e-8
2.20487e-10
1.09914e-9
-4.67091e-11
-8.47727e-11
-4.8498e-9
-3.76676e-9
-1.47802e-10
1.75724e-9
-9.01229e-11
-5.82833e-10
-2.05545e-10
4.80919e-11
1.1076e-9
-7.20138e-10
-5.6105e-10
-1.46535e-9
1.77826e-9
-2.98851e-9
3.11053e-9
5.90806e-11
1.02723e-10
5.92059e-11
9.30166e-11
3.75792e-10
3.2161e-10
-2.0882e-10
5.46327e-10
3.18117e-10
6.22297e-10
3.55143e-10
-7.20833e-11
4.62115e-10
6.22052e-10
1.45075e-9
1.63198e-10
2.15886e-10
-4.89388e-10
1.54596e-10
-9.87817e-11
-1.58096e-10
-1.92556e-10
-2.4082e-10
-1.07997e-10
1.26965e-10
-3.20993e-10
-5.97452e-10
1.38114e-5
-7.11577e-6
-3.01794e-6
1.54439e-5
-1.24092e-5
7.04576e-6
6.20703e-6
-2.33697e-5
2.58255e-5
-1.75924e-5
3.32003e-5
-3.10789e-5
2.33097e-5
-1.94276e-5
2.46009e-5
-8.77336e-6
-1.2258e-5
-3.11462e-5
-1.19757e-5
3.02783e-5
2.76916e-5
4.80312e-6
9.6226e-6
-2.79701e-5
9.77436e-5
-5.81021e-5
3.12556e-5
-7.03712e-5
1.95804e-5
-2.62486e-5
3.43399e-5
1.7005e-5
-1.62264e-5
-7.93811e-6
-9.63826e-6
-5.41716e-6
9.63733e-6
7.22002e-6
-8.68786e-8
-6.58657e-7
1.14818e-6
-3.06961e-6
2.57866e-6
-7.81336e-7
-3.87096e-6
4.08295e-6
1.26897e-6
1.89346e-6
1.03681e-6
-1.86817e-6
-1.13317e-6
-4.02507e-9
-4.3583e-9
3.59939e-8
-8.17841e-8
6.41665e-7
-9.27013e-7
-2.96275e-7
3.88102e-7
-3.46117e-8
-1.1692e-8
7.87936e-9
1.59336e-8
1.22626e-7
-1.69258e-7
-4.13788e-8
4.83464e-8
-8.71207e-8
-6.86142e-10
4.04421e-8
1.74798e-7
1.20085e-8
-1.9082e-8
-1.31804e-9
4.86275e-9
-6.00193e-7
1.82702e-7
5.25615e-10
-1.84617e-7
-4.69801e-7
6.23428e-7
-2.71215e-10
-4.71442e-10
-4.81791e-9
3.59523e-9
2.67701e-10
1.56358e-10
-2.43392e-11
1.71696e-7
-3.39991e-6
-3.46045e-6
-1.60237e-5
5.42952e-5
4.15076e-6
6.17766e-11
-2.15254e-11
-2.94304e-10
2.16283e-11
-4.55515e-11
-6.17732e-12
-5.18225e-6
-0.000107667
2.35909e-11
2.8652e-12
0.000251526
-4.04151e-12
0.000534386
-0.000834961
0.000210117
-0.000598001
0.00102486
-7.96456e-5
-0.000607852
-9.97073e-12
2.79782e-12
-3.04318e-11
1.19858e-11
-5.38787e-12
-6.38391e-12
6.26502e-12
7.45529e-12
0.000419412
-0.00059541
0.000513879
-2.81112e-11
-2.64853e-12
1.97192e-11
1.43487e-7
0.000171336
-0.000324415
-8.86329e-12
-1.24801e-11
3.83338e-11
-0.000574986
0.000201505
-1.79151e-5
-1.74424e-11
5.54308e-11
-4.15776e-11
0.00015215
-3.5597e-6
9.46618e-12
-6.34153e-11
-4.18265e-5
-3.62921e-5
1.15817e-6
1.36468e-5
2.99659e-11
-5.18732e-11
5.79023e-11
-5.20335e-11
2.85548e-10
1.16888e-5
-1.33338e-5
-1.10842e-10
6.3579e-11
-4.98626e-6
-2.4789e-6
2.2953e-10
1.79081e-10
1.16086e-6
6.70951e-7
-3.22533e-8
5.14549e-7
2.60985e-10
9.18477e-10
-9.79806e-10
1.2667e-9
2.33791e-10
-5.93456e-8
-6.09361e-8
-2.45362e-9
-1.37634e-9
2.35737e-8
8.28612e-10
1.25962e-10
5.26479e-11
-5.55375e-10
1.14621e-9
8.23755e-9
-6.62434e-9
-1.14136e-8
-1.40837e-9
-3.74112e-9
2.23718e-9
1.62341e-9
2.21126e-9
-1.41774e-10
2.17988e-10
2.17632e-9
-2.04185e-10
3.47409e-11
-2.52858e-10
-4.09489e-10
-2.49471e-11
-6.11674e-11
1.10217e-10
1.71266e-10
3.54729e-10
2.52946e-10
5.2217e-11
-7.06416e-11
-7.67157e-11
-2.01634e-10
-6.19088e-11
9.3336e-11
1.72226e-10
-2.9718e-10
2.67155e-11
2.73119e-11
-9.03742e-12
1.90247e-11
-5.76698e-11
7.20517e-11
7.57065e-11
1.03576e-10
1.89806e-10
9.71723e-11
-4.31653e-10
-2.00765e-10
3.95531e-10
2.00618e-10
-1.8384e-10
-3.35465e-12
-1.80638e-10
-1.89539e-10
5.53936e-10
-8.0717e-12
5.53612e-12
-1.26834e-12
-3.00396e-12
-3.86856e-11
-2.05173e-10
-4.21648e-10
3.89204e-10
1.82307e-9
-4.8838e-10
-3.26252e-10
-2.59956e-10
7.77671e-10
3.22775e-10
7.31485e-11
6.7203e-11
8.17365e-10
7.74629e-10
-2.49432e-9
-4.87074e-9
5.75815e-10
-7.66781e-6
-8.9536e-6
1.45878e-6
-1.00535e-5
1.20319e-5
3.61265e-6
1.57258e-5
-8.94732e-6
-2.10909e-5
-2.09365e-6
2.66359e-5
-1.29238e-5
3.71458e-6
6.28374e-6
-7.26299e-6
-3.27637e-5
4.87961e-5
-3.93895e-5
3.90686e-5
-1.5097e-5
1.92748e-5
-2.51282e-5
1.33198e-5
1.10208e-5
-3.31809e-6
-5.91407e-6
-3.31074e-6
4.40924e-6
-1.37699e-7
1.9645e-6
-1.29496e-6
1.10223e-5
-3.31186e-6
-3.40143e-6
1.61893e-6
1.7985e-6
1.03615e-6
-1.46999e-6
1.45946e-8
-2.25808e-8
-1.06316e-7
1.83305e-7
-4.08403e-7
1.14674e-7
8.7904e-7
-7.16585e-7
-1.54833e-7
-3.70618e-7
-2.30992e-7
5.52811e-7
1.7284e-7
1.19796e-8
-7.36232e-10
-1.12717e-7
1.36157e-7
-5.6261e-9
-9.92086e-8
-2.56377e-8
1.84925e-7
2.84732e-8
1.81597e-6
-3.73591e-7
-6.70713e-7
-1.0273e-6
4.51754e-7
1.7855e-9
-2.42721e-8
7.80424e-9
4.48953e-8
8.14462e-9
-7.10759e-6
-7.72803e-7
9.51355e-6
-9.73089e-6
-7.48933e-6
1.62602e-10
-2.97534e-9
-9.77545e-9
7.21292e-9
8.35458e-10
-2.38913e-5
1.91114e-5
-4.99754e-5
3.36293e-5
-1.4791e-6
7.46013e-5
3.63237e-11
-7.61471e-11
-1.77163e-10
-1.93334e-10
1.2355e-11
-1.02652e-10
6.44645e-5
1.5864e-11
0.000289538
-0.000396899
0.000143188
-0.000554803
0.000425456
-5.69533e-5
-4.03269e-11
7.1906e-11
-1.84798e-11
-2.83433e-11
-3.40642e-11
1.12478e-10
0.00021113
-0.000214163
-1.00179e-10
1.32022e-10
0.000234946
-0.000270604
-5.95976e-11
3.96623e-10
-0.000809722
0.000761678
-4.77913e-12
-1.44982e-10
6.30729e-5
3.2481e-5
-5.69422e-5
-1.85651e-5
2.24502e-5
8.90211e-11
-1.18301e-10
4.65947e-11
-2.07391e-10
-1.51148e-9
1.10514e-5
-1.66161e-5
-2.23672e-10
1.9434e-10
7.62891e-7
-4.40719e-7
1.57848e-7
1.6e-7
-4.24554e-7
-9.14488e-10
1.80129e-9
-1.94547e-9
1.80771e-9
5.50002e-10
6.45605e-8
-1.78097e-8
1.07858e-9
6.26619e-9
-4.95662e-9
1.18856e-8
-1.19713e-8
1.35379e-8
-1.1186e-8
-7.64374e-10
-2.02363e-9
-2.07533e-10
-8.10067e-10
-2.283e-9
2.51829e-11
7.45653e-10
5.30313e-11
8.54572e-11
-4.96392e-10
-9.2226e-10
2.81092e-9
-2.05789e-9
-1.61978e-9
3.23307e-11
9.11945e-12
-3.24077e-11
-6.22655e-11
-4.12786e-9
6.82447e-9
-4.87426e-9
-5.07095e-9
9.15291e-12
1.22086e-11
1.14988e-11
-1.30625e-11
-3.12002e-12
8.54667e-10
-6.35862e-10
7.78299e-10
5.64816e-9
-1.74028e-8
1.59671e-12
9.87265e-13
-1.35817e-12
1.35411e-11
1.17568e-11
-3.05415e-11
1.38337e-9
-1.72139e-9
-1.28918e-9
-1.75136e-9
-1.15523e-9
6.24222e-10
-3.04355e-11
-3.45409e-11
-1.66826e-11
9.84252e-11
-4.54983e-10
-2.87674e-10
-3.41521e-9
8.33358e-10
2.02648e-8
1.6241e-9
-6.66377e-10
-4.72889e-9
8.84266e-9
7.02746e-9
9.85719e-10
1.11052e-9
1.44996e-9
1.30655e-8
-2.00986e-8
-6.99092e-8
-1.45743e-8
-9.09107e-6
-2.34124e-6
-1.0681e-5
8.82988e-6
4.84745e-6
-2.60278e-5
1.50755e-5
5.08358e-5
-2.98003e-5
-4.25435e-5
1.61643e-5
-1.27277e-6
-1.61892e-5
-3.82605e-5
3.64731e-5
-3.09686e-5
4.25147e-5
-1.58442e-5
1.59839e-5
-5.93254e-6
-1.17902e-6
1.77409e-6
1.23801e-6
-5.92645e-7
-4.81404e-7
2.93449e-7
2.64504e-7
7.89887e-6
-5.66714e-6
2.23609e-5
-8.58014e-6
-1.14864e-6
-4.56262e-7
5.09211e-7
5.10221e-7
-3.91868e-7
1.33317e-7
-9.51364e-7
7.85821e-7
-2.14993e-6
1.13153e-6
6.03921e-7
-2.92722e-8
-2.91679e-7
-3.02366e-7
4.92383e-7
3.05128e-7
-9.27213e-7
8.7385e-7
-3.43108e-7
-2.51329e-7
6.27095e-7
6.14605e-7
-2.30783e-6
2.215e-6
-1.30907e-7
-2.41893e-8
2.63949e-7
1.236e-6
1.07712e-6
-5.55213e-6
1.00074e-5
5.6295e-6
6.78279e-9
-4.01021e-8
8.16665e-9
6.45872e-8
1.26143e-8
1.86241e-5
-2.27867e-5
3.40708e-5
-0.000104588
-4.17346e-5
-3.89814e-10
-5.46593e-10
-2.21386e-8
-2.22789e-9
3.53288e-10
-0.000151864
0.000129334
-0.00017244
0.000223463
-0.000104679
0.000270963
5.77499e-10
-1.55697e-9
1.05173e-9
3.50327e-9
4.52263e-11
-6.06845e-10
-1.35616e-5
5.96236e-11
0.000400206
-0.00033752
9.36533e-5
-0.000399316
-0.000674084
0.000548109
0.000512163
5.43099e-5
-3.18471e-10
3.08106e-10
-3.87373e-10
1.40869e-9
0.000239341
-0.00029235
-0.00018749
-5.18786e-10
8.95223e-10
0.000311834
-6.29669e-5
-0.000310261
-1.26797e-9
2.57709e-9
-0.000549124
0.000124685
0.000783818
1.85211e-9
-1.70822e-9
7.14769e-5
4.71664e-5
-6.43295e-5
-1.51729e-5
1.63665e-5
3.24512e-10
-6.86446e-10
2.57936e-9
4.06941e-6
-7.82106e-6
-6.98081e-10
7.36135e-10
-3.67624e-7
-1.45552e-8
1.26937e-7
-2.85514e-10
3.56718e-9
-1.56522e-9
1.47837e-9
-2.03696e-9
1.54568e-9
-5.28385e-10
-2.29933e-8
5.43091e-9
2.06448e-10
-1.67459e-9
2.16415e-9
1.167e-8
-7.31031e-9
8.92647e-9
-4.56719e-9
1.41026e-9
-5.96977e-10
-1.00455e-10
1.12375e-10
-1.74263e-10
1.00604e-8
-7.87877e-9
7.23581e-10
2.23769e-11
3.46811e-11
-1.37336e-11
2.72583e-8
-1.38173e-8
-2.17934e-8
9.10171e-12
-1.10022e-11
-9.33795e-12
-6.4566e-12
-8.53952e-9
5.67568e-9
1.76589e-8
-6.69378e-8
8.38272e-12
5.43463e-12
2.37285e-12
1.03239e-11
4.31583e-12
5.00555e-9
9.38369e-11
2.10594e-9
1.54224e-8
-3.09245e-8
-4.88341e-11
6.80669e-12
-3.18764e-12
1.63119e-10
6.87255e-11
-9.356e-11
1.29748e-8
-1.13049e-9
-2.81295e-8
-1.85206e-8
-6.20285e-9
-5.53704e-9
-1.47553e-10
-8.0073e-10
7.26324e-10
-8.8799e-10
-3.42498e-9
3.77009e-9
-3.57634e-9
-8.53923e-9
-4.34733e-8
1.03694e-7
1.34238e-7
-5.03865e-8
6.92368e-9
-3.17634e-8
1.11605e-7
1.32165e-8
8.98932e-9
5.38576e-8
-1.36938e-7
-2.76903e-5
-1.53388e-5
1.4973e-5
6.08912e-6
2.51079e-5
-1.38389e-5
6.40017e-6
-3.54242e-5
3.41366e-5
-2.16304e-5
-2.91519e-6
1.44493e-5
-8.43249e-6
-1.09286e-5
1.39009e-5
5.50661e-6
-2.64934e-6
-6.47987e-7
3.97567e-8
2.17777e-8
2.71034e-6
1.08809e-5
-1.21361e-5
1.98278e-5
-1.62781e-5
-2.55093e-8
-6.30582e-8
-5.46993e-8
8.46581e-9
2.6955e-8
-4.45e-7
-1.60585e-6
1.01761e-6
-4.07282e-6
1.74456e-6
7.50175e-8
9.13939e-8
5.86199e-8
-4.39956e-8
5.28171e-8
-6.65728e-7
-6.69989e-7
1.0329e-6
-3.12621e-7
-3.92871e-7
7.73218e-7
-1.75425e-6
-1.46473e-6
1.93944e-6
-5.15195e-7
-3.53037e-7
1.13549e-6
-4.7557e-6
-3.33747e-6
4.41637e-6
-1.92475e-7
-2.44274e-8
4.31872e-7
-1.5776e-5
1.33219e-5
-6.93755e-6
5.02925e-5
1.06475e-5
2.13586e-8
-9.48807e-8
-1.85427e-8
1.63855e-7
4.60648e-8
0.000100791
-9.26659e-5
5.25922e-5
-0.000284246
-7.50169e-5
-2.45347e-9
9.87701e-9
1.17367e-9
-2.25948e-8
-7.83098e-9
-0.000507291
0.000399483
-0.000341087
0.000582084
0.000478446
-0.000326831
0.000383152
1.28714e-9
-9.624e-9
3.39214e-9
-1.16503e-8
1.78169e-8
-2.29586e-5
-2.36065e-9
2.29089e-9
3.90075e-9
-4.01437e-9
-2.62559e-9
-3.74785e-9
-6.00011e-9
2.092e-5
-5.28872e-9
1.44358e-8
-2.02417e-6
4.9497e-6
2.27911e-9
4.25225e-9
-1.88677e-7
-2.28372e-7
-5.77647e-9
-4.30745e-7
1.47147e-8
1.37994e-8
8.61934e-9
6.39865e-8
-6.73521e-8
-2.75144e-8
-1.94124e-8
-1.25346e-9
-1.13897e-9
-1.37719e-9
1.06402e-8
-2.61797e-9
-1.74775e-10
8.01281e-10
-1.16398e-9
1.45048e-9
7.36183e-9
1.52811e-9
-8.6995e-9
2.16112e-9
3.50303e-10
-1.78673e-10
1.43746e-10
3.94405e-11
3.07822e-8
-1.44923e-8
-3.37223e-8
-5.85687e-11
3.05051e-11
1.77823e-11
9.21677e-8
-2.98313e-8
-7.40635e-8
2.91525e-11
-6.23989e-11
-1.16245e-11
2.67801e-8
5.93122e-8
-2.30703e-7
-8.66311e-12
1.72381e-11
-8.32854e-12
-1.81209e-11
-1.7288e-8
-1.00203e-8
5.98087e-8
-1.15623e-7
-4.7673e-12
5.557e-11
8.7527e-11
1.04586e-10
-8.2815e-11
4.09126e-8
6.73066e-9
3.54714e-8
3.74458e-8
-1.47692e-8
2.81819e-11
-6.80809e-10
8.90699e-10
5.10531e-12
-2.14734e-9
2.95354e-9
-4.11095e-9
-2.40099e-7
2.33536e-7
-2.74489e-7
-3.35342e-7
-1.86668e-7
-4.61635e-8
-6.24014e-8
1.31911e-8
-1.0603e-8
6.85018e-9
2.78858e-9
-2.7859e-8
-3.33937e-8
-3.6153e-8
-8.89985e-8
8.12577e-7
-4.31616e-7
1.11413e-6
-4.29083e-5
3.42101e-5
5.21446e-5
-4.85206e-5
3.96182e-5
-4.68702e-5
4.19963e-5
2.75255e-5
-2.04693e-5
-2.255e-6
-2.75938e-6
-1.05166e-5
1.40177e-5
1.05813e-5
-1.22895e-5
-1.25715e-5
1.09656e-5
-8.4238e-7
5.75309e-7
3.67702e-7
6.80121e-9
8.67974e-6
1.08496e-5
-6.46937e-6
-1.40489e-5
7.86129e-7
-3.00942e-6
5.57826e-6
-2.28097e-8
-1.02885e-8
1.85792e-8
-1.04119e-8
-1.51767e-9
-8.57658e-7
-6.63453e-7
3.89611e-7
4.71158e-7
-3.1719e-6
1.25369e-6
-1.71311e-8
5.44503e-9
6.60437e-9
-8.52072e-7
-7.32102e-8
3.20371e-7
1.65732e-7
-7.60159e-8
1.55929e-8
-1.86504e-6
7.81661e-10
3.49906e-7
-6.87146e-7
-8.09557e-7
1.63101e-6
-4.34633e-6
3.46706e-8
8.32941e-7
-1.01373e-6
-4.28179e-7
2.85216e-6
-9.37665e-6
-5.13189e-8
1.8167e-6
-5.48959e-7
-4.3692e-7
1.37727e-6
-3.4931e-5
2.6704e-5
-3.88476e-6
1.27385e-5
7.73508e-5
3.54805e-6
-1.01478e-7
4.24598e-7
1.20892e-7
-4.17485e-7
0.000332858
-0.000167445
3.26244e-5
-0.000130926
-0.000589027
-3.76878e-5
2.03742e-8
-1.14232e-7
1.99844e-8
-5.2771e-8
1.2079e-7
-5.1546e-9
0.000125711
-0.000300666
0.000489407
-0.000348634
0.000266288
-0.000126451
-0.000574671
1.98661e-8
-6.72231e-8
-1.88242e-8
4.56362e-8
-8.56464e-8
-0.00058678
0.000529572
6.83775e-9
4.47545e-10
0.000630429
-0.000673712
1.15388e-8
-3.66675e-8
-0.000365713
0.000362081
4.49746e-9
-2.39783e-8
0.000106166
-7.10395e-5
1.85743e-8
-1.45091e-8
-1.68983e-5
-1.21146e-6
-2.20546e-10
-8.35161e-8
8.06508e-6
-2.14791e-5
-4.93025e-8
1.78749e-7
-3.43595e-6
2.46647e-6
2.05615e-8
-5.33506e-7
2.50376e-6
2.27162e-8
-1.50422e-7
8.96181e-7
2.25207e-7
-1.37123e-9
-3.10743e-8
-5.2727e-8
-3.32086e-8
1.48499e-8
1.17641e-8
6.30078e-9
-1.90222e-8
1.44605e-8
-7.46766e-8
-5.48269e-9
7.562e-9
1.04713e-9
3.95985e-10
2.88433e-8
-1.44414e-8
-3.81751e-10
-7.32723e-10
-9.27914e-8
6.9421e-8
-2.60094e-10
6.67709e-10
7.89649e-11
1.65711e-7
-2.19395e-10
1.88246e-10
1.12177e-10
2.74811e-7
5.86112e-8
-4.42542e-7
8.63273e-11
-1.38048e-10
-2.97327e-11
1.06323e-7
1.33403e-7
-8.24971e-7
-2.57029e-11
5.00058e-11
2.31705e-11
-5.91334e-8
2.04401e-7
-3.21104e-7
2.55331e-12
-1.02372e-10
-6.0243e-11
1.13516e-10
-3.90772e-10
-1.4279e-7
5.14451e-8
1.42929e-8
1.48778e-8
-1.0801e-10
5.91391e-10
1.50023e-9
-1.81633e-9
-5.01933e-9
3.96427e-9
5.38103e-7
9.21233e-7
4.34968e-7
-1.432e-7
1.70764e-8
-3.10626e-9
-1.15287e-8
2.04728e-8
-4.21966e-8
-4.04243e-8
6.28808e-8
8.35666e-8
1.02092e-7
8.53376e-8
-2.79601e-7
-2.47853e-6
3.7571e-7
5.58609e-6
-3.70786e-6
-3.68604e-6
-7.66541e-7
-2.11895e-7
1.24769e-7
-8.89441e-8
-2.69408e-7
-1.90987e-7
-3.94821e-7
3.33437e-7
4.30875e-6
-3.40748e-6
2.74289e-5
-2.12e-5
-2.32375e-5
-1.60785e-6
3.11361e-6
1.79359e-5
1.58183e-5
-3.30614e-5
-2.39431e-5
3.78006e-5
2.0421e-5
-2.19231e-5
-1.23592e-5
9.5979e-6
3.19377e-7
-2.2387e-6
1.02034e-5
-3.55351e-6
-2.37011e-5
3.15995e-5
-1.25755e-5
-4.06434e-5
-3.71296e-7
4.73865e-7
5.93027e-8
6.96623e-9
-1.10867e-7
3.85348e-8
3.17717e-6
-1.37368e-6
2.7517e-6
-1.76683e-6
-9.98788e-9
6.31338e-9
-1.50309e-8
-1.61598e-9
-1.64796e-7
-1.7133e-7
7.93573e-8
-4.56574e-7
1.49348e-7
2.16531e-8
-7.58777e-8
3.593e-7
-3.48056e-7
1.73913e-8
3.72692e-8
5.25935e-7
-1.01504e-6
9.11337e-7
-7.90664e-7
1.15517e-7
4.94144e-8
-2.72665e-6
-5.75986e-6
7.43179e-6
-1.50036e-6
2.23404e-7
1.08272e-7
-3.69119e-6
-6.64561e-6
8.12328e-6
-4.93145e-6
1.54942e-7
1.05548e-6
1.82847e-7
-1.21185e-6
2.97647e-6
1.18646e-6
-2.97992e-6
5.55714e-5
2.08473e-5
-2.15721e-5
-8.83996e-6
3.64348e-7
-9.84462e-7
-2.28581e-7
3.98445e-7
-0.000322033
0.000475624
-0.000284767
0.000198998
0.000421307
0.000139185
-4.00344e-8
-4.9645e-8
1.40591e-7
-2.89921e-7
5.18774e-7
1.83175e-7
0.000222703
-0.000304326
-3.00732e-5
-3.84418e-5
-0.000291875
-1.89262e-5
0.000504066
0.000204085
-7.1032e-8
2.72786e-7
8.11834e-8
-1.90465e-8
0.000211039
8.92981e-5
-0.000471066
1.16414e-7
-5.12689e-7
-4.27321e-5
-0.000203515
0.000249079
1.28146e-8
2.79369e-8
-8.28776e-5
0.00026425
-5.10318e-5
1.37267e-7
-3.21935e-7
9.20225e-5
-0.000149763
-1.10605e-5
1.55409e-7
-4.53019e-7
-4.92153e-5
4.92977e-5
1.68851e-5
-6.09742e-7
1.6041e-6
2.48465e-6
-1.22977e-5
-2.60054e-6
1.4185e-7
-1.30592e-6
7.09222e-7
4.2645e-7
-4.13883e-7
3.70719e-7
9.44539e-8
-3.93995e-7
-1.49733e-7
-1.28045e-6
6.70009e-8
-8.98413e-9
-9.39419e-8
1.56631e-7
-2.45301e-10
-9.58548e-9
2.42256e-7
-9.2392e-8
5.16237e-9
-1.47462e-9
2.39172e-7
-2.27399e-7
1.61233e-10
-3.24508e-9
-5.90494e-7
7.79506e-7
-9.13737e-10
1.56577e-9
4.5918e-10
1.38123e-6
3.71204e-12
-5.93406e-10
-1.75342e-10
5.73424e-7
2.69655e-6
-3.35523e-6
2.46417e-11
8.50719e-10
1.38508e-11
-2.70347e-7
1.57804e-6
-2.12564e-6
3.96495e-10
-4.49584e-10
-1.56659e-10
-1.03876e-9
-1.21744e-7
7.74606e-8
-1.25637e-7
-1.80485e-8
1.86993e-9
-2.37339e-10
-1.5255e-9
1.62078e-9
5.11565e-7
-2.05351e-6
4.47877e-7
-1.3558e-7
8.05901e-10
1.44307e-8
-8.14068e-9
-9.78054e-8
7.29947e-8
1.29457e-5
-2.29844e-6
2.04625e-5
7.20077e-6
-1.69658e-6
3.68701e-7
-2.14473e-7
3.32983e-7
-1.40433e-7
7.13604e-7
7.94855e-7
5.89063e-7
6.72464e-7
1.08779e-6
-5.29123e-6
-2.07049e-5
-6.01139e-6
5.9961e-5
-7.63554e-5
-1.11494e-5
-7.10837e-7
-4.03676e-6
1.77647e-6
-7.78071e-6
9.63769e-6
4.54506e-5
-1.69019e-5
1.1209e-5
2.34028e-5
-8.59049e-6
-3.69206e-7
-5.01103e-6
1.46788e-5
-3.44133e-5
5.31687e-5
-6.74297e-5
2.93255e-5
-1.33378e-5
1.80543e-6
2.6686e-7
-1.67458e-6
-1.04462e-6
-8.00498e-9
6.81233e-7
7.18577e-7
1.82666e-7
6.69559e-6
-2.63541e-6
-1.34294e-7
3.76019e-8
-1.9176e-7
7.86946e-8
5.14854e-7
-1.512e-7
9.21971e-7
-4.12185e-7
-2.09556e-8
1.13471e-8
-2.88555e-8
5.48758e-8
-8.38073e-9
-3.25444e-8
7.24918e-9
-1.69748e-8
-5.87243e-8
6.12319e-8
-3.24505e-7
2.13771e-6
2.22057e-8
-3.04688e-6
-2.92419e-8
-1.7344e-9
4.99705e-9
1.47977e-8
5.44103e-6
-1.74034e-5
-5.49073e-8
-1.47789e-8
1.34033e-8
1.28045e-11
2.15475e-6
-2.33404e-5
-2.29239e-7
-3.5697e-9
5.10808e-8
-6.57267e-8
-5.90902e-6
7.97214e-6
6.34319e-6
-1.16592e-5
7.4781e-6
3.35374e-6
-2.35735e-6
-1.04546e-6
1.98018e-6
-2.21764e-6
3.9261e-7
-6.04428e-6
-0.00010459
-5.95737e-5
4.63026e-5
2.22296e-5
3.11904e-7
-3.12366e-6
-7.60293e-7
5.40356e-6
0.000107835
-0.000266837
0.000170347
-7.68324e-5
-7.87895e-5
3.09577e-5
-0.000119317
-3.48194e-8
-1.23808e-6
-8.45648e-7
2.23024e-6
-2.04174e-7
8.94993e-7
-2.78145e-7
1.0794e-6
1.40131e-6
-1.7913e-6
4.92522e-6
-5.98018e-6
1.31294e-5
-2.68993e-6
1.12484e-6
1.82652e-5
-9.8572e-6
2.74414e-6
3.57235e-6
-3.83619e-6
2.84424e-6
1.04885e-5
2.22773e-7
1.76954e-6
-1.32666e-7
-5.53225e-7
2.58045e-6
1.4781e-8
-2.62696e-7
-6.41285e-7
2.58625e-6
1.44607e-7
-4.61404e-8
-8.88097e-7
6.97441e-7
1.14602e-8
-4.07466e-8
2.63515e-6
-1.6952e-6
7.4525e-9
-1.74454e-9
1.07932e-6
-2.40704e-6
8.37636e-10
1.56377e-8
-9.14828e-9
-6.92796e-7
7.00034e-6
3.50844e-10
8.5607e-10
8.41876e-10
-2.56222e-9
-1.61822e-6
1.01925e-5
-2.45333e-9
-3.70546e-9
-1.5434e-9
1.28192e-8
-1.76457e-6
6.17026e-6
-1.21204e-9
1.96984e-8
9.3343e-9
-4.47193e-8
-7.2712e-8
2.0614e-7
1.29658e-6
2.7006e-9
-8.35383e-9
-2.66617e-9
4.61574e-9
3.95149e-7
-1.65251e-6
3.19374e-7
7.3302e-7
1.24084e-8
-4.89475e-9
-2.69441e-8
4.4402e-9
7.58695e-6
-3.68946e-5
6.56323e-6
-1.1522e-6
4.65055e-8
3.15739e-7
-6.2189e-8
-3.21563e-6
-1.78765e-6
-0.000178679
-6.71765e-5
0.000192636
0.0001456
-2.64662e-5
5.22114e-6
4.50554e-7
-4.71791e-7
-1.24438e-6
1.11315e-5
5.33857e-6
-1.0751e-5
5.34761e-5
-0.00017489
0.00018523
-0.00018018
8.20905e-6
-2.04584e-6
-2.0714e-5
1.31163e-5
4.6553e-5
-5.51808e-5
-6.92012e-5
9.88493e-5
0.000122701
-0.000138867
-4.54151e-5
7.75398e-6
2.51126e-5
-4.23168e-5
3.25644e-6
-1.03987e-5
-5.18923e-6
2.2461e-6
-4.81252e-6
2.76361e-6
6.93201e-6
1.35998e-5
-2.29791e-6
3.70624e-7
-1.73071e-6
1.26746e-6
-3.25846e-7
4.42678e-7
9.62724e-7
-6.3718e-7
-3.78871e-7
7.84275e-8
-1.82624e-7
4.9508e-8
2.71824e-8
-1.53557e-7
9.21247e-8
4.57708e-7
-6.99495e-9
1.0656e-7
4.44225e-8
-2.76332e-7
-7.62331e-8
-4.16154e-6
3.85024e-6
-8.62342e-7
7.1418e-8
2.80215e-6
2.15658e-5
-3.07369e-5
-3.78206e-8
2.899e-5
6.88936e-5
-7.4362e-5
-7.65332e-9
2.10718e-5
4.98526e-5
-3.81795e-5
6.66328e-7
3.16495e-7
-2.03454e-7
-9.00151e-9
-2.73134e-6
2.37305e-5
2.74811e-5
-8.78644e-5
-1.77369e-5
-7.23352e-6
5.88178e-6
2.04913e-6
1.45343e-5
-4.98841e-5
-1.98496e-5
5.88739e-5
4.87456e-5
6.30705e-5
-2.77098e-5
-2.86506e-5
-5.60375e-6
1.71529e-5
7.40232e-6
-1.34087e-5
-6.50025e-6
0.000147014
-0.0001135
5.86641e-5
-0.00010211
-0.000309023
0.000347065
0.000208446
-5.71713e-5
5.48033e-7
3.90248e-6
-7.61018e-8
-1.50756e-5
0.000514431
-0.000666616
-0.000328871
-8.74384e-6
3.64995e-5
-0.000661025
0.000975097
0.000459709
6.96651e-6
-2.24243e-5
0.00108513
-0.00124956
-0.000571557
-5.99561e-6
5.63982e-6
-0.000359276
1.07406e-5
0.00023944
-1.3047e-5
4.69429e-5
8.9908e-5
0.000217965
-6.02681e-5
2.15035e-5
-5.76433e-5
-4.53679e-5
-6.0674e-5
4.35355e-5
-5.35083e-5
-1.75281e-6
-1.31312e-5
-1.74686e-7
-3.56894e-6
-1.01632e-5
5.12269e-5
3.55708e-6
-1.05909e-6
2.48407e-7
1.69804e-6
2.28397e-7
-6.29471e-7
-2.42377e-6
4.12868e-6
9.1694e-8
-1.88159e-8
-7.20929e-6
4.68543e-6
2.38133e-9
-1.42953e-8
1.7544e-5
-1.06962e-5
-1.50845e-8
-2.20262e-5
1.38318e-8
-8.96068e-6
-3.00498e-5
4.57426e-5
1.42274e-8
-1.25006e-6
-2.6837e-5
2.87758e-5
-5.761e-8
-2.21731e-6
-3.78795e-6
1.31703e-5
9.6269e-8
3.75738e-8
-1.60983e-7
-2.36937e-7
-6.06696e-7
1.48064e-6
-1.10796e-5
9.41696e-6
1.77356e-7
-1.107e-7
7.416e-9
1.33399e-7
6.09748e-6
-2.95945e-5
2.72707e-6
-7.44161e-7
-3.37317e-7
-3.76171e-8
-5.16371e-7
-3.58768e-7
0.000129072
-0.00067875
0.000117999
-1.73641e-5
1.3999e-6
6.27877e-6
-1.41782e-5
5.37297e-6
1.33387e-5
-1.5295e-5
-5.29535e-5
5.79165e-5
-7.93874e-5
-6.40262e-5
0.000619643
0.000375227
-0.00231144
0.0017099
-0.000439304
-5.01637e-5
0.000248976
-0.000199937
7.0514e-5
0.000481379
-0.00186592
-1.07808e-6
3.37778e-6
2.66842e-8
3.08123e-6
-1.31221e-5
9.62303e-6
4.95553e-5
7.6408e-7
-7.62467e-5
9.29854e-5
7.21798e-5
-5.38564e-5
7.65988e-5
-0.000142338
-4.61474e-5
8.30698e-5
-1.75662e-6
2.16054e-5
-6.13234e-7
-1.97645e-6
-1.63914e-6
5.19488e-6
-7.36963e-6
1.32007e-6
-1.45824e-6
4.22556e-9
-1.25682e-6
3.89214e-6
1.81124e-6
-5.5126e-6
5.01176e-8
-1.91661e-7
-6.78967e-7
1.72106e-6
-7.94394e-8
9.49054e-7
-3.48546e-6
1.43154e-6
-2.12187e-6
6.62847e-6
-2.66607e-6
-1.25859e-5
1.28599e-5
9.93222e-6
1.85642e-7
-4.74183e-7
7.29989e-7
-5.56322e-7
-2.40438e-5
9.26642e-5
-1.01412e-8
4.4497e-8
8.08765e-8
1.2258e-8
-4.88376e-5
0.000220031
5.48365e-9
-6.63271e-9
3.15942e-8
-4.16748e-9
-7.10953e-5
6.73953e-5
4.72558e-8
-1.12948e-8
6.05984e-9
-3.92447e-9
-7.30985e-5
0.00014554
0.000221023
-0.000452706
-1.66233e-6
-5.0163e-7
3.83916e-7
1.13562e-7
0.00014078
-0.000327567
-0.000154468
0.00035063
1.30273e-5
1.14411e-5
-5.61693e-6
-3.97615e-6
-4.42102e-5
0.000112004
2.53623e-5
-8.06979e-5
-2.45156e-5
4.08526e-5
-2.00193e-5
1.55656e-5
4.5488e-5
-4.79694e-5
1.28038e-5
5.11383e-6
-1.99027e-5
1.2404e-5
-6.52333e-6
0.000142835
-7.23634e-5
-0.000218175
3.71861e-5
-9.06459e-5
0.000102359
4.9229e-5
-1.95379e-5
0.000457421
-0.000599863
0.000166587
-0.000139448
-0.000256307
0.00015254
-0.000423779
0.000164658
-0.0003171
-9.99698e-5
0.000271126
3.26029e-5
-0.00020768
0.000280024
-2.10063e-5
7.30556e-5
-2.32873e-5
-1.31434e-5
5.20978e-5
4.12869e-6
-6.10528e-6
-9.42442e-6
6.35845e-5
1.17464e-6
-3.11965e-7
4.98743e-6
-3.30268e-6
9.51402e-8
-2.12718e-7
-1.20349e-5
1.43478e-5
-1.05418e-7
1.17796e-7
-3.59837e-5
2.19732e-5
-4.67043e-8
-7.78282e-7
3.21335e-7
6.16277e-5
-3.86565e-5
-5.41975e-10
-6.81325e-8
-9.49295e-9
9.75111e-8
3.67697e-5
-6.74601e-5
-1.21775e-8
-1.07777e-8
-3.32951e-8
8.79009e-8
2.22729e-5
-9.13991e-5
1.00928e-7
3.59807e-7
1.39479e-7
-1.09045e-6
-5.95022e-6
-7.04289e-5
-3.42752e-7
2.67496e-7
1.99997e-7
9.32327e-7
4.35332e-6
2.97493e-5
-2.85495e-5
-4.30331e-6
4.85955e-7
2.70441e-7
-2.97636e-6
2.70386e-6
-7.60221e-6
-2.40212e-6
-2.17505e-5
7.84884e-6
-1.26596e-6
1.3713e-6
4.34687e-6
0.00011499
-0.000577658
2.9324e-5
-7.21586e-6
-2.07028e-5
-8.35573e-7
-1.08303e-5
-1.30629e-5
6.80661e-5
0.00698112
0.00274381
-0.00883219
0.0012948
-0.000277722
-5.00786e-5
-0.000310784
0.000132991
0.00064948
-0.0006471
0.000472258
-0.000229221
-0.00413845
0.00501905
-0.011433
0.0108063
-2.65853e-5
-3.35298e-5
6.77748e-5
4.14566e-6
-7.24736e-5
4.82962e-6
2.6292e-5
2.34985e-5
-7.44041e-6
1.56679e-5
-4.27655e-6
-5.70671e-7
3.80748e-5
-1.6438e-5
-3.59985e-5
1.8716e-6
-0.000196525
0.000239092
-9.02833e-5
8.1352e-5
2.35069e-5
-6.74796e-6
6.66559e-6
-2.34858e-5
-8.80427e-6
3.09373e-5
-7.98719e-7
8.20658e-7
-2.19929e-6
-1.19537e-6
-1.07753e-5
2.70622e-5
-1.64334e-5
1.30725e-5
-3.89926e-5
2.93657e-6
-8.27933e-6
1.1165e-5
-1.02964e-5
-6.84063e-6
9.59882e-6
2.23046e-5
-6.01646e-6
-1.45678e-5
-0.000117493
0.000170305
1.32322e-6
-0.00015635
-0.000331247
0.00046111
-2.17564e-7
-0.000217932
-0.000562834
0.000558007
-2.91753e-8
-1.48698e-9
-0.000184981
0.000740345
-5.87184e-8
-3.44975e-8
2.82802e-8
-2.17e-8
0.000663563
-0.00120626
-0.000606105
0.0013697
2.08504e-6
1.18027e-6
-6.57952e-7
-2.98219e-7
-0.000236405
0.000504735
0.000132637
-0.000292941
-7.49334e-6
-4.59406e-6
3.33512e-6
-6.64308e-6
2.31107e-6
5.29703e-5
-8.12009e-5
-2.24846e-5
1.60219e-5
2.2053e-5
0.000154971
-0.000131951
-0.000108368
-0.000393316
0.000682603
-0.000292601
4.86831e-5
0.000577805
0.000130446
-0.000785576
0.000231463
0.000140906
-0.000446195
-0.000413096
0.000401383
-0.000483672
-0.000508364
0.000826935
0.000477169
-0.000256857
0.000119503
-0.000940197
-0.000103711
0.000404253
0.000408439
-0.000646971
-0.000675664
0.000936333
-0.000642987
-0.000294355
0.000267382
-0.00028276
0.000286324
7.30604e-5
-5.97071e-6
-7.50935e-6
-5.20964e-6
2.8765e-5
1.72457e-6
-3.20747e-6
-6.57791e-5
7.31525e-5
5.52734e-7
-7.0856e-7
2.08952e-5
-1.61508e-5
8.29423e-7
4.64873e-6
-1.93017e-6
-1.55805e-5
-3.46486e-5
5.57159e-7
-9.50749e-5
5.42073e-5
-1.00198e-9
0.00012325
-6.72169e-8
8.42497e-5
0.000191781
-0.000220327
-6.79935e-7
9.0646e-5
0.000230536
-0.00022225
2.22133e-6
-5.38572e-6
-5.07968e-5
0.000360736
-0.000339513
1.66462e-5
1.32267e-5
-4.60799e-5
1.51016e-5
-4.52409e-7
-2.34895e-5
-4.01793e-6
9.6413e-5
-2.57499e-5
-1.79195e-5
7.60944e-5
3.91095e-5
-4.77553e-5
9.42319e-6
-2.84833e-5
-0.000123417
3.96902e-5
3.63973e-5
-6.07958e-5
0.00300484
-0.0100775
-0.000745282
-0.000252525
-3.87213e-5
0.000104196
-0.000502877
0.000701233
-0.000560768
0.0010125
-0.00295787
-0.0036927
-0.00208886
0.00432721
0.00686198
-0.000825306
0.0269163
-0.0213153
0.00840429
0.00354044
-0.00258393
-6.72324e-5
0.000120739
7.2075e-5
-0.000127072
9.47363e-5
-5.19961e-5
9.74722e-6
-5.68645e-5
2.05072e-5
5.28604e-5
4.20201e-5
-8.9366e-5
-4.96112e-5
-2.86195e-5
4.29956e-5
-5.33585e-5
-1.1165e-5
3.71106e-6
1.58088e-5
8.63641e-6
-0.000114083
0.00016699
-3.04326e-5
4.59958e-5
1.08588e-5
-1.86113e-5
2.20882e-6
2.59653e-5
-5.56552e-5
5.68244e-5
2.60951e-5
1.78098e-6
-7.28865e-6
3.84219e-6
-8.16754e-7
5.77391e-6
-4.33604e-5
-2.34123e-5
1.42238e-5
-2.03293e-5
3.50349e-5
-2.09556e-5
3.06137e-5
-5.08343e-5
3.44333e-5
0.000387626
-0.000336903
-0.000335164
2.33633e-6
-7.21512e-6
6.55121e-6
-2.46192e-6
0.000613705
-0.000605935
3.3016e-7
-8.37878e-7
8.13844e-7
-4.56623e-7
0.000842217
-0.000836487
3.88271e-8
-4.55354e-8
1.34278e-8
-1.29544e-7
9.62283e-5
0.000119862
-0.0008979
0.000893776
-1.83857e-8
1.53907e-9
0.00147596
-0.00164035
1.65943e-7
7.08077e-8
-3.89856e-8
-6.57499e-8
2.72642e-7
-0.000714548
0.000969188
-0.000386499
0.000399961
-1.45883e-6
-7.64443e-7
1.88766e-7
8.95422e-7
-5.38707e-7
0.000152905
-0.000148322
-8.69395e-5
2.29484e-6
4.82046e-5
8.81407e-5
-4.23117e-5
4.0643e-5
-0.000142162
4.6642e-5
0.000116654
-3.65811e-5
-0.000347504
-2.68866e-5
-0.000238027
0.000743243
0.000541808
-0.00120337
0.000538617
0.000896518
-0.000792963
-0.000656714
0.00124281
0.000182139
0.00317899
-0.00247603
-0.00071661
0.000333119
-0.00217871
0.000690917
0.00097703
0.000997335
-0.000720387
0.000388779
-0.000145152
-0.000411656
0.000919765
-0.000438366
-0.000294671
0.00084575
-0.000366249
-0.000158494
0.00026676
-0.000196648
0.000130628
4.69686e-5
-2.19495e-5
-1.50644e-5
2.7779e-6
-1.31269e-5
7.56015e-5
-6.20549e-5
8.70118e-5
-8.76617e-5
-4.78077e-6
1.21263e-5
-3.03196e-6
1.99892e-5
2.29259e-5
-3.68285e-7
-1.74946e-7
0.000139314
-6.98285e-5
-7.09213e-7
-6.10891e-6
5.96714e-6
-0.000151719
7.3861e-5
9.88211e-7
-3.23844e-6
-4.08899e-7
1.22926e-6
-0.000223225
0.000223813
-2.17587e-7
9.38067e-6
3.84784e-6
-1.97157e-5
-0.000364184
0.000248329
-8.49726e-6
8.57843e-6
1.08451e-5
-4.81122e-6
-0.000155112
-0.00142767
0.000715415
4.69567e-5
-3.13071e-5
7.69135e-5
0.000171808
0.00177379
-0.000152856
-8.12631e-5
0.000226766
5.8903e-5
5.971e-5
-0.000373063
3.45598e-5
-9.26485e-5
0.000257349
7.55369e-5
-0.00020885
0.00117933
-0.0036559
-0.00142596
0.000211082
0.000235101
0.000439792
-0.000120487
0.000609315
0.000157964
-0.00123984
0.00371643
0.00293963
-0.0142378
-0.0185367
0.0200207
-0.00472043
0.0207025
-0.0133591
0.00593573
-0.00649184
0.00635245
-0.00617832
0.00254741
0.00447201
-0.00430037
-7.5672e-5
0.000124395
-0.00017458
0.000204888
-0.000138849
6.63968e-5
-1.45069e-5
2.77491e-6
-3.86628e-5
-2.95997e-5
0.000107094
-4.25738e-5
1.81579e-5
7.55864e-6
-6.35479e-5
-9.18604e-6
2.97383e-5
4.17097e-5
-0.000116805
1.02785e-5
6.08416e-5
-0.000130277
0.000109515
-8.59036e-6
9.03415e-6
6.40341e-5
-0.000102222
7.94327e-5
-6.79182e-5
0.000114911
-1.68152e-5
0.000114658
-0.000308755
0.000154486
0.000407012
-5.5392e-5
3.74501e-5
-0.000290515
0.000417247
-4.86043e-6
1.57374e-6
-0.000400538
0.00115824
-9.5669e-7
8.84795e-7
-0.000808684
0.00124082
1.65062e-7
2.89577e-7
-0.000457234
-0.000765083
2.01644e-8
1.35927e-8
-1.57074e-7
-6.52842e-8
-0.00153393
0.00159427
0.00146801
-0.00166701
-3.86355e-9
2.00398e-8
-0.000868916
-0.000274805
0.00012894
-1.53514e-7
4.5451e-7
-1.98905e-6
-7.76651e-5
0.000350158
8.63952e-5
-0.000287816
-1.99218e-5
1.17623e-5
0.000102344
-0.000346385
-1.36679e-5
-0.000315428
0.000817455
-0.00177294
0.000671882
0.00230734
-0.000896897
-0.00175433
0.00106272
0.00105197
-0.00114047
-0.000393924
0.00113126
-4.75878e-5
-0.000240707
0.000282419
-0.000200291
-4.568e-5
0.00103499
-0.000718463
-0.000104566
-0.00065408
-0.000518237
0.000630373
-0.000291652
-9.22764e-6
7.49799e-5
-1.41269e-5
6.12977e-5
-1.38807e-6
-5.17501e-5
4.74294e-6
6.90735e-6
-3.18707e-6
8.13373e-6
-2.34938e-5
-5.44466e-6
1.78835e-6
4.85497e-5
-4.04929e-5
2.16794e-5
-4.82579e-6
2.3332e-5
-1.97807e-5
0.000129905
-5.98687e-5
4.10751e-6
-4.11513e-6
0.000144795
-0.000218674
-3.77638e-5
5.5928e-5
3.94438e-5
-0.000223267
2.38444e-5
-3.45278e-5
0.00114625
-0.000329179
-6.59246e-5
-0.000120214
0.000213337
-0.000728917
-0.000197578
0.00336902
-0.00288968
-0.000367936
0.000210801
-0.000610738
0.000119103
-0.00312623
0.00102249
-0.000408386
0.000669426
-0.000385074
0.00167003
-0.00148341
0.00241224
-0.000930909
-0.0019868
0.00429432
-0.00828251
0.00464859
0.000141963
-0.00455179
0.000915697
-0.0074658
0.0117981
-0.0127035
0.0122211
-0.00943192
0.00553736
-0.00439918
0.00777997
-7.0883e-5
8.42296e-5
-3.22508e-5
-0.000140044
0.000213652
-0.000199245
0.000119736
-2.80332e-5
-1.72343e-5
-8.33133e-6
0.000111083
-0.000327965
-0.00030103
0.00044542
0.000151004
-0.000113059
0.00012245
0.000101304
-0.000125561
0.000167166
4.12022e-5
-4.76818e-6
1.79936e-5
-6.21623e-5
0.000126173
3.07193e-5
-5.03117e-5
-1.43493e-5
-9.57324e-5
0.000148919
-0.000150552
-0.000139249
1.58627e-6
5.91901e-5
-4.48967e-5
-6.01507e-5
1.57695e-5
0.000134394
-0.000109309
2.74608e-5
-0.000116022
9.0893e-5
3.7092e-5
-5.67885e-5
-0.000576325
-0.00110494
0.00166201
7.01767e-6
-0.00145681
-0.00213104
0.00275963
-3.18522e-6
-1.51759e-6
0.000868279
0.000586944
1.11704e-6
-4.17153e-7
-0.00140701
0.00149751
-2.96736e-8
4.8237e-8
1.35917e-7
-2.39409e-8
2.98517e-10
0.00101055
-0.00096717
0.00012486
0.00035696
3.33781e-8
2.88989e-8
2.88292e-8
-2.90107e-7
-4.40979e-7
0.000204077
-0.000767756
0.00103684
-1.5933e-6
-0.000619478
0.000558378
-1.93873e-5
9.23565e-6
-8.65472e-6
5.95339e-5
-0.000190283
-0.000133867
0.000180279
-0.00156531
0.000451534
0.00288765
-0.000748327
-0.00315583
0.000976332
0.00249343
-0.000996501
-0.00140689
0.000786272
0.000506993
-0.000352699
-1.08328e-5
-0.000426471
-0.000184744
0.00139532
0.00034694
0.00139085
-0.00195016
0.000769758
-0.000516297
-0.000496262
0.00058659
-0.000457759
-3.35938e-5
2.08624e-5
-0.000112391
0.000110372
-4.137e-5
0.000262455
3.36157e-6
-4.25445e-6
3.72806e-5
-0.000199001
0.000161237
7.7754e-5
-0.000140802
3.55474e-6
-3.44201e-6
1.07852e-7
-8.83206e-7
-5.80518e-5
6.08413e-5
-2.14526e-5
-1.2696e-5
-1.59306e-5
5.49806e-6
7.27495e-5
-7.61068e-5
3.71476e-5
9.11237e-6
0.0001612
4.46064e-5
0.000328405
0.00028392
-0.000192607
-0.00012686
0.000197687
-0.000274259
0.00118382
-0.000786577
7.08364e-5
-0.000312019
-0.00166
0.00122803
0.000553261
0.000390984
-0.000762256
0.00266389
-0.00277783
-0.00362664
0.00303941
0.00103757
-0.00152713
-0.000922691
0.0015924
-0.00147826
0.00224207
0.00515782
-0.00464318
0.00506248
-0.00176342
0.00184079
-0.00299847
-0.00284482
0.00347434
0.0130059
-0.0255983
-0.0116122
0.00385815
0.000889965
-0.00682286
-0.00460369
0.0092401
-0.014164
0.0184855
-0.0206034
0.0201442
-0.0186344
0.0207498
-0.0345067
0.0408557
0.000121454
-6.79405e-5
-0.000154807
0.000122991
-2.62781e-5
-7.19856e-5
0.000105477
-5.38259e-5
-5.26106e-5
0.000156664
-0.000181503
-0.000133697
-6.60181e-5
0.000116841
-0.000143106
2.4134e-6
2.57731e-5
-0.00038994
0.00057503
7.8528e-5
0.000107311
0.000144901
-0.000153531
0.000154491
-0.000224596
0.000278739
-0.000252866
-0.00014486
0.000129247
0.000160838
9.85301e-6
0.000144559
-8.97702e-5
9.65573e-5
-8.93631e-5
-9.07642e-5
0.000551038
-0.000313637
0.000519482
-0.00103821
8.20297e-5
-0.000133768
8.99612e-5
-5.2561e-5
0.0015376
-0.00177987
2.13692e-5
-4.99186e-5
3.40926e-5
-1.60298e-5
-5.90306e-6
-0.00163403
0.00122991
3.675e-5
-0.000702135
1.27007e-6
-1.6988e-7
0.00109641
-0.000988621
-4.03063e-8
5.03079e-8
-2.88484e-8
0.000431737
0.000338162
-0.00100122
1.31815e-7
-3.57619e-7
1.50726e-6
0.00159513
-0.00214804
-0.000861198
0.00218842
7.44179e-6
-4.2776e-5
0.000141834
-8.03996e-7
0.00195402
-0.000350895
-0.00319446
0.000604666
0.00341073
-0.000750568
-0.00253726
0.000656015
0.00124321
-0.000312681
-0.000235521
-0.000153
-0.000211406
0.00058729
0.000266307
-0.000755804
-0.000197944
0.000349697
0.000107949
3.70154e-5
7.76428e-5
0.000795162
-0.000759032
-2.68193e-6
1.06353e-6
-9.6848e-7
0.000475819
-0.000297193
0.000173964
1.66172e-6
-5.71604e-7
9.02879e-7
-3.28765e-5
-9.42446e-5
0.00019634
2.25434e-5
-6.66411e-6
-0.000302123
-0.000134956
0.000355945
4.6388e-5
4.17791e-5
0.000109347
-6.1252e-5
5.05046e-5
-0.000172346
-2.49749e-5
-1.14586e-5
-0.000194141
0.000406275
6.53057e-6
-5.57058e-5
0.000696777
-0.000830276
-0.000475734
0.000434318
-0.00164211
-0.000914168
0.000309983
-4.83397e-5
-0.000142352
0.000384049
0.00329038
-0.00265065
0.00259515
-0.000646367
0.00090824
0.00636394
-0.00482585
-0.00118742
0.00153164
-0.00177084
-0.0126619
0.0090761
-0.00778444
0.00194521
-0.00210532
0.00184325
-0.00170746
0.00183453
-0.0209416
0.0197149
0.000991307
-0.00421927
0.0103764
-0.0181945
0.0252993
-0.0289208
0.0283987
-0.0255068
0.021234
-0.00852608
2.0154e-5
-1.81349e-5
-3.74616e-5
4.5878e-5
-9.14295e-5
8.57113e-5
-2.29442e-5
-8.71448e-5
0.000188295
-0.000212107
0.000135931
3.27074e-6
-0.000158284
0.000276476
0.000586059
-0.000686671
-0.000522698
0.000451693
-0.000361177
8.1572e-5
-9.57239e-5
0.000111759
2.86174e-5
0.000194941
-0.000376677
-0.000115272
0.000120841
-0.000122345
0.000543221
-0.000657569
0.000680228
0.000115642
-0.000100748
-0.000602797
0.000496406
8.94288e-5
-9.42512e-5
7.40228e-5
-0.000550255
0.000461101
-7.13554e-5
-5.28243e-5
3.61073e-5
-0.000343165
0.000525475
-2.15327e-5
1.0712e-5
5.71366e-6
-0.000274422
-0.000200426
0.000484955
-2.27447e-6
7.83992e-7
-0.000597992
0.000383175
-2.06911e-7
3.29352e-8
-4.48243e-8
0.000122852
-0.000793568
0.00155743
3.27897e-8
1.54418e-7
-8.01277e-8
-0.00219436
0.00325199
-0.00260497
8.43646e-6
-4.35594e-6
3.67454e-6
-2.96693e-5
3.95969e-5
-0.00122885
0.0019092
0.000373024
-0.000103221
-0.00241217
0.000216102
0.00317637
-0.000348718
-0.0028046
0.000377311
0.00163245
-0.000184193
-0.00026811
-0.000202425
-0.000619829
0.000593098
0.000810125
-0.000786222
-0.000578348
0.0006815
0.000306626
-0.000247233
-0.000122493
0.000101521
-0.000103669
-0.000129953
0.000105484
-0.000443917
0.000416046
-0.000645591
0.000563661
-1.66733e-7
4.02478e-7
-1.27874e-5
-0.00051007
0.000360657
-0.000169662
2.61591e-7
3.916e-7
-2.28355e-7
-6.09577e-5
0.00028986
-0.000449526
-1.23125e-5
2.00909e-6
0.000541327
-0.000571981
-0.00021598
-0.000122538
4.28958e-5
0.000379081
-9.25265e-5
-0.000221228
-0.000614292
0.000415346
0.000501071
-0.000440914
6.62073e-5
0.000501808
0.000146063
9.02173e-5
-0.000335732
-0.00517213
0.00343064
-0.00181299
0.000574802
-0.000803496
-0.0092287
0.00732868
0.00104406
-0.00133742
0.00151864
0.0143854
-0.012351
0.010816
-0.00180264
0.00135343
0.00140609
-0.000411108
0.0123687
-0.00519311
-0.011866
0.0173286
-0.0150627
-0.0022843
0.006648
-0.00591983
0.00107255
0.00860222
-0.0206999
0.0301086
-0.0327065
0.0283841
-0.0194808
0.00584544
0.00516243
-3.31953e-5
7.57032e-6
4.23918e-5
6.22735e-5
-3.24457e-5
-4.54771e-5
0.000156023
-0.000254195
0.000277782
-0.00019994
5.33373e-5
0.000101406
-0.000272381
0.000406613
-0.000350432
0.000138481
-9.42968e-5
0.000101584
-7.99872e-5
0.000226321
-0.000476785
0.000634481
7.26744e-5
-7.65403e-5
7.546e-5
-0.00086832
0.00104986
-0.00114006
-6.93105e-5
6.27867e-5
0.0011623
-0.000950277
-7.58153e-5
0.000107471
-5.69161e-5
0.00145959
-0.00168091
0.0011485
3.00422e-5
-2.80341e-5
-0.000594405
0.00027027
1.59239e-5
-1.55996e-5
-2.0358e-6
-0.000330483
0.000297444
-0.000255996
1.39141e-6
-6.39072e-7
0.000178115
3.91697e-5
2.43455e-7
-9.10422e-8
2.17127e-8
-0.000446675
0.000990548
-0.00198275
-9.40442e-8
3.28898e-7
-6.3507e-7
0.00369974
-0.00424468
0.00280762
8.99278e-8
3.23611e-5
-2.35826e-5
-0.00161296
-0.001334
4.91372e-5
0.00337312
-9.83108e-5
-0.00290242
0.000127883
0.0015143
-5.39208e-5
2.06891e-5
-0.000201742
-0.00130062
0.000586962
0.00188377
-0.000898474
-0.00168321
0.000916595
0.00103816
-0.000642189
-0.000436741
0.000215495
0.000140775
6.18825e-5
-2.98659e-5
-0.000348331
0.000478857
-0.000572045
1.13547e-6
-5.04919e-6
1.49256e-5
0.000547303
-0.000387204
0.00015238
-9.74282e-7
1.92515e-7
-5.06187e-7
0.000134792
-0.000426816
0.000647827
-1.78667e-6
2.05216e-6
-0.00064489
0.000793292
0.000346176
6.71204e-5
-8.38277e-6
-0.000511677
0.00019205
2.41156e-5
0.00166317
-0.000866041
-0.000307507
0.000496713
0.00257933
-0.00199232
-0.000211314
-4.23998e-5
0.000246012
0.00620388
-0.00373961
-3.40213e-5
-0.000416728
0.000578625
0.0106545
-0.00838354
-0.00072131
0.00102526
-0.00154867
-0.0160125
0.0140543
-0.0125268
0.00153991
-0.000558538
0.000286952
0.0104519
-0.0132835
0.0156909
0.00995201
-0.0205298
0.0193243
-0.017334
0.00838598
0.00650986
-0.0212335
0.0288845
-0.0262613
0.0165994
-0.00398631
-0.00329009
-1.08323e-5
-0.000104445
0.000146726
1.7991e-5
6.62689e-5
-0.000158001
0.000239693
-0.00026661
0.000208693
-8.98494e-5
-3.01922e-5
0.000129014
0.000119396
-9.12214e-5
3.1313e-5
9.00243e-6
-3.68956e-5
3.18112e-5
-0.000448953
0.000717661
-0.000698258
-3.51181e-5
4.49865e-5
-3.83972e-5
0.000982458
-0.00120818
0.00132274
3.67051e-5
-2.46819e-5
-0.00142167
0.00184894
3.06238e-5
-7.65965e-5
4.46533e-5
-0.00153185
0.0028027
-0.00161686
-2.5161e-5
1.29295e-5
0.000870066
-0.000528834
-1.12382e-5
1.51849e-5
-2.5273e-7
0.000348895
-0.000137116
3.36994e-5
-2.53782e-7
2.19337e-7
4.72705e-5
-0.000154854
-1.37731e-7
1.24497e-7
5.71762e-8
0.000432645
-0.000581059
0.000848117
-1.42701e-7
4.59688e-7
-1.7005e-6
-0.00123427
5.27213e-5
-1.77846e-5
0.000201482
-1.02843e-6
2.55347e-5
-2.82691e-5
-0.00660603
0.00892683
3.08192e-5
0.00251379
-1.86786e-6
0.000374117
-0.000111973
-0.00192443
0.00036426
0.00281028
-0.000702863
-0.00296591
0.000945405
0.00239241
-0.000926588
-0.00149697
0.000563957
0.000648242
-0.000219919
-0.000211833
-2.66254e-5
0.00012413
-0.000284308
0.000528067
1.14579e-6
7.81042e-7
-2.47486e-5
-0.000591249
0.000375258
-0.00014118
1.60193e-7
-1.37687e-7
-7.3432e-8
-8.9517e-5
0.000316079
-0.000450197
6.40498e-6
-1.6378e-6
0.000448003
-0.000419192
-0.000284201
4.783e-5
-2.14737e-5
0.000258882
-4.08579e-5
-8.96546e-5
-0.00288207
0.00116767
0.000262237
-0.000387662
-0.0064593
0.00455561
7.78442e-5
0.000101053
-0.000228907
-0.00350164
-0.00122409
0.00577515
0.0002639
-0.000369079
-0.00954848
0.00680964
0.000300001
-0.000323356
0.000439441
0.0168775
-0.0127163
0.0112187
0.000205907
-0.00451987
0.00829577
-0.0144347
-0.0510571
0.0474603
-0.0317052
0.0347854
-0.0269835
0.0112475
0.0062502
-0.0180739
0.0201642
-0.0122994
0.00332242
0.00271564
-0.00434285
-4.28102e-5
4.12711e-5
2.19944e-5
-0.000108541
3.19284e-5
1.24809e-5
-7.08656e-5
0.000120485
-0.000172746
0.000191674
-0.000165424
7.82682e-5
1.36283e-5
-5.98974e-5
3.43473e-5
1.20268e-5
4.30734e-5
2.78268e-5
7.98129e-6
-6.54844e-6
-5.86865e-5
-0.000277286
0.000433615
-0.000629533
0.000686892
1.16992e-5
-2.40398e-5
2.63072e-5
-0.000708329
0.0010153
-0.0011139
-3.48459e-5
4.04631e-5
0.00113785
-0.00115364
1.38306e-5
-3.53524e-5
-0.00206457
0.00112988
-9.40621e-6
8.37294e-6
8.3767e-6
-0.00016055
-9.77115e-6
7.72814e-6
-5.61393e-6
2.0737e-6
-5.3665e-7
7.04565e-7
0.000115377
-8.61043e-5
-3.41244e-7
1.19294e-7
-0.000133576
0.000167792
-4.82873e-9
-1.97846e-7
-8.03748e-8
-0.000244666
0.000193318
-0.000186587
-2.90781e-9
-8.62014e-7
1.40738e-6
0.000251528
0.00109665
-4.91564e-6
1.14945e-5
0.00177089
-0.0024669
-0.00271787
0.00242786
2.11265e-7
-2.35854e-5
1.09561e-5
-0.00630904
0.000925242
-5.56199e-7
0.000340997
-4.83848e-5
-0.00356281
0.000139132
0.00365762
-0.000329082
-0.00363914
0.00055764
0.00321337
-0.000747802
-0.00249025
0.000612175
0.00129606
-0.000358626
-0.000414784
0.000155018
8.3506e-5
3.25193e-7
-0.000103213
0.000124218
0.00025954
7.59064e-6
2.87258e-5
-3.35221e-7
7.6584e-6
-4.15771e-5
-0.000391438
-3.64497e-7
0.000464352
-0.000302059
9.60054e-5
5.77029e-7
-1.1982e-7
-2.87111e-8
-4.06794e-5
-6.71203e-5
0.000138454
3.12304e-6
-1.5593e-6
-0.000140087
0.000116108
-0.000133752
-3.43813e-6
-5.79802e-7
-5.8315e-5
4.78305e-5
-3.67561e-5
-0.000129208
-1.51242e-5
3.57725e-5
8.40266e-5
-8.74327e-6
0.000325105
-0.000371393
0.00031156
0.00245535
-0.000435699
0.000647106
-0.000800958
-0.000240804
0.000250374
0.00686299
-0.00484762
-0.000294814
0.000678643
-0.00133527
-0.0123961
0.00877842
-0.00663902
0.00782312
0.0035572
-0.00819815
-0.0242548
0.0137237
0.031159
-0.00442479
-0.00178807
0.00370525
-0.00679096
0.0104048
-0.0401444
0.0310725
-0.0570008
0.0428151
-0.0248076
0.00701338
0.00602359
-0.00947892
0.0059429
-0.00188523
6.31231e-5
-1.43175e-5
-4.13145e-5
8.40398e-5
-7.59925e-5
0.00010116
-0.000104346
8.82508e-5
-3.91905e-5
-1.13556e-6
2.95904e-6
-6.83019e-6
-4.93803e-5
-7.16911e-6
6.92831e-5
-3.77034e-5
0.000195492
0.000314168
-0.000274578
-0.000397727
1.23534e-6
1.89899e-6
-0.000619021
0.000516648
0.000715229
-1.4655e-6
-8.56663e-6
-0.000704139
0.000608807
9.36709e-6
1.95418e-5
-1.19761e-5
-0.000384779
0.000365689
-8.2439e-5
6.90802e-6
-6.56432e-6
-7.6614e-5
6.21316e-5
0.000128776
-2.9872e-5
6.31818e-6
-6.81977e-6
-7.19924e-5
3.80199e-5
7.9482e-5
-1.38762e-5
2.63541e-6
-1.94492e-6
1.70215e-5
-1.84937e-6
8.96047e-7
-4.76187e-7
-2.38501e-5
4.74396e-7
6.50437e-6
-9.00999e-7
1.31542e-6
5.69189e-5
3.94642e-7
-0.000240586
1.13904e-6
-1.97923e-6
3.59951e-6
0.00102531
-0.000707008
1.37734e-5
0.00238591
-1.55659e-6
-1.44646e-7
-1.50936e-5
-0.00198183
0.000171106
7.82891e-5
0.00868832
-0.000100459
-0.00446536
0.000217704
0.00343892
-0.000317387
-0.00256098
0.000396468
0.00166583
-0.000314876
-0.000715269
0.00016778
0.000187918
-9.06172e-6
-3.08394e-6
6.28642e-5
-0.000174606
-9.67106e-6
1.17853e-5
6.59685e-5
0.000232257
-0.000241196
0.000261214
-0.000347676
0.000215437
-7.07841e-8
7.60409e-7
-0.000191676
0.000173549
-1.49078e-7
2.33119e-7
-0.000174898
8.50518e-5
6.09034e-6
-8.75099e-7
-5.18918e-5
1.56014e-5
0.00011229
-2.01803e-5
-1.47252e-5
-5.3749e-6
1.79676e-5
-5.17873e-5
0.000243456
-0.000154085
-0.000121148
7.25141e-5
0.000138725
-0.000165131
-0.000192934
-0.000250501
-0.000579812
0.00027179
8.57571e-5
6.39904e-6
-0.00170163
0.000718191
2.06698e-5
0.00294255
0.00030053
-0.00199364
-0.00398969
0.00324819
-0.003971
-0.0303797
0.0606158
0.0258183
-0.00205998
0.00425281
-0.00474849
0.00554938
0.0301573
-0.0529161
0.114376
-0.0528185
0.0287697
-0.0126991
0.00162151
0.00239497
-0.00192603
-0.000573511
0.00092212
4.08052e-5
-0.00013674
3.91098e-5
-9.16348e-5
6.16998e-5
3.73036e-5
-4.39387e-5
4.27184e-5
-4.14353e-5
2.16627e-5
6.32232e-6
-1.7597e-6
1.51317e-5
-1.27093e-5
5.08203e-6
1.32424e-6
-4.18329e-5
2.24653e-5
-6.85646e-6
0.000108873
6.8083e-5
-0.000129424
0.000158429
0.00016204
-0.000154782
-2.62997e-6
-5.37655e-9
6.14608e-7
-2.91362e-7
7.35964e-7
0.000204715
-0.000347936
-0.000470745
0.000283055
1.98455e-6
-3.11991e-7
0.000397041
-0.000205157
-0.000298842
-1.84438e-6
2.36759e-6
0.000201136
-2.71387e-5
-1.79165e-6
2.04462e-6
-1.48421e-7
9.26517e-7
-2.34931e-6
3.18209e-6
-4.1875e-6
-4.00082e-7
-2.01547e-6
1.26606e-6
-1.47816e-7
-8.03524e-7
5.90222e-7
-4.32426e-7
1.20847e-5
6.57653e-7
-5.5274e-7
-4.61218e-5
1.69945e-5
-1.70067e-5
1.15758e-6
-1.70452e-6
1.31636e-6
-1.6469e-6
-8.99718e-6
6.42903e-5
7.61896e-7
1.80405e-5
-0.000118867
-9.6395e-7
2.54649e-6
-3.20719e-6
0.00041185
-0.000611791
6.88844e-6
-1.0646e-5
-0.00259769
0.00149177
0.000295582
5.2236e-6
0.000437923
-5.68317e-6
5.53151e-5
-8.30488e-5
-0.0114352
0.00786922
5.52652e-5
0.00239051
-0.000102545
-0.00185501
0.000142373
0.00135973
-0.000223998
-0.000706172
0.000162881
0.000290662
1.76114e-5
-2.31505e-5
1.52957e-5
-1.83144e-5
-6.49739e-5
-1.90242e-5
-7.37724e-5
-6.72627e-5
7.88988e-5
9.77739e-5
0.000115927
2.11985e-5
-0.000144482
0.000153782
-0.000126287
-0.000183273
1.30295e-7
-2.53113e-6
-4.17648e-7
1.47955e-6
-3.15575e-8
0.000348336
-0.000382235
0.000348998
0.000404599
-0.000334598
-1.02238e-7
1.00786e-7
1.26589e-7
-8.4008e-8
0.000268398
-0.000197695
-7.18563e-7
3.5512e-7
5.97665e-5
-5.22764e-5
6.15938e-6
8.75165e-7
-1.65785e-8
7.49343e-6
0.000102187
-4.11881e-5
-3.16571e-5
2.07859e-5
0.000578593
-0.000230821
-2.59568e-5
-0.000812734
2.07232e-6
-0.000115532
0.000150336
2.14017e-5
-0.000328068
-0.00202724
-0.00221465
0.00127757
-0.000646698
0.00117867
-1.10728e-5
0.000861517
-0.00576186
0.00568778
0.0187723
0.00201885
0.00273188
-0.00171658
0.00167264
-0.0378912
-0.0964195
0.0903398
0.0164185
0.0169631
0.00080487
-0.000964183
0.00246812
-0.00307787
0.094711
-0.141817
0.028525
-0.0173187
0.0103332
-0.00313629
0.000258516
-9.44169e-5
0.000574226
2.94945e-5
-0.000117089
2.23007e-5
-5.43853e-5
3.79198e-5
-2.8949e-5
-2.19024e-5
1.78194e-5
-8.52977e-6
-8.88518e-6
2.2854e-6
-2.62445e-6
1.66602e-6
-4.23394e-5
4.5866e-5
6.74709e-5
1.5873e-5
-3.33468e-5
-4.70568e-5
2.50409e-5
4.95208e-5
-1.07916e-7
1.00548e-6
0.000115835
-5.12757e-5
-0.000110255
-1.5195e-7
-2.52449e-7
1.50309e-8
2.8462e-8
7.95673e-5
0.000146735
-5.22403e-5
1.95304e-7
6.71254e-8
-0.000116248
3.32343e-5
-6.28035e-8
2.76144e-7
5.6847e-7
2.33124e-6
-6.77334e-7
8.76187e-7
3.88412e-7
1.03841e-6
-8.05191e-7
7.96578e-7
8.35567e-7
-9.00263e-7
7.02149e-7
-1.81526e-6
-6.34768e-7
7.11095e-7
7.26875e-6
-3.30452e-6
3.11581e-6
-4.04539e-7
1.38095e-7
2.56825e-6
1.16158e-7
-8.75371e-7
-1.34668e-7
-6.91626e-9
2.3128e-5
-4.62688e-7
-1.53149e-6
-5.91043e-7
3.11432e-6
-2.80239e-6
-0.000623882
0.000676108
8.65038e-6
-6.6578e-6
-0.000526888
0.00091386
-0.00176466
-2.74982e-5
1.32716e-5
-0.00343157
5.27583e-6
-5.76547e-5
8.76982e-5
0.00162574
-0.00139273
-6.00209e-5
-0.00083361
-5.79266e-5
0.000117346
-7.26717e-5
-2.75072e-6
-5.3692e-7
-1.73464e-5
-0.000120405
-0.000141791
-0.000381712
0.000403494
0.000230841
3.3232e-5
0.000170653
-2.98555e-5
5.05307e-5
-6.90576e-5
0.000116384
-0.000182453
-4.57339e-6
-6.97785e-6
0.000266212
-0.00033041
3.59257e-8
3.76681e-7
0.000374059
-0.000359425
-0.000232815
0.000201715
1.17549e-7
-1.7348e-7
-1.44777e-7
1.34049e-7
0.000152451
-0.000142601
8.96617e-5
-3.50882e-7
4.9942e-5
-3.39797e-5
2.0186e-5
2.84601e-6
2.92302e-6
-1.87842e-6
5.63445e-6
1.53011e-5
-1.29909e-5
2.11273e-5
-2.53009e-5
6.35496e-5
1.26926e-5
0.000379416
0.0002401
-9.54591e-5
-4.30991e-5
-8.74206e-5
-3.81388e-5
-0.000459336
0.000806054
0.00155115
0.000422009
-0.000288315
0.00071225
0.0416032
-0.0379474
-0.0868855
0.0598358
0.00709297
-0.0508187
0.000427231
-0.00174659
0.00379766
-0.00266649
3.73924e-5
-0.000556206
0.0404119
-0.0164574
0.0194944
-0.0100384
-0.001443
0.00130806
-0.000703142
1.39102e-5
4.59676e-6
-1.6559e-5
-1.05931e-5
1.13867e-5
8.76629e-6
-1.12727e-6
2.47921e-6
2.57515e-6
-1.18314e-5
8.68771e-7
-1.14238e-5
-2.42684e-5
1.76121e-5
-1.97112e-6
5.98011e-7
-1.47284e-6
4.16353e-6
-7.91161e-6
-2.79873e-6
1.27369e-6
-1.80848e-5
4.07615e-6
-2.56247e-7
5.97202e-8
-1.60118e-7
3.75136e-6
1.70509e-5
-4.43909e-6
3.89941e-5
-1.14807e-5
-1.47332e-8
4.51264e-8
-2.44818e-5
5.55716e-6
1.3048e-5
-6.57903e-9
-2.40837e-8
2.01353e-8
-2.81265e-6
1.6561e-5
-7.57008e-6
-6.40671e-10
1.2966e-8
-4.80072e-6
2.88721e-6
4.13147e-7
2.11502e-7
1.50358e-7
-2.87214e-7
-4.40308e-7
-1.45116e-8
2.1181e-8
1.76336e-7
2.89555e-7
-3.0342e-7
2.50231e-7
-2.03099e-7
-1.42443e-6
3.07016e-7
2.72323e-7
-3.55596e-7
-5.35522e-7
2.20304e-7
-7.9267e-8
5.87338e-7
1.71181e-7
-1.04003e-7
5.41761e-8
-4.20487e-6
9.96293e-7
2.15778e-8
1.12904e-7
-3.65312e-6
1.42378e-5
-4.66118e-8
2.02079e-7
-0.000162283
5.39313e-5
-8.77431e-7
-0.000174967
2.87961e-7
1.39014e-6
-2.38215e-6
-0.00022169
0.000162627
-3.11825e-6
1.27164e-5
0.00259681
-0.0010126
-4.5335e-6
-1.1624e-5
0.00329601
-0.00209943
-0.000146362
0.000362171
2.57079e-5
-2.81316e-5
-7.32397e-5
3.48643e-5
1.34193e-5
-3.94857e-6
-5.34267e-6
1.81126e-5
0.000636712
0.000313967
-0.000214959
-0.000681947
0.00184244
-0.00133076
-0.000429358
-8.02146e-6
-0.00117917
1.14173e-5
0.000743445
-3.46613e-6
6.30394e-6
-1.32055e-5
3.38281e-5
2.50625e-5
-5.76505e-5
1.49054e-5
2.26293e-5
-4.21538e-5
-0.000151474
8.03151e-5
-0.000156822
-9.58442e-5
0.000196226
-4.12498e-7
-1.80212e-6
2.0392e-6
6.85362e-6
-0.000213801
0.000100514
-2.25556e-8
-1.80835e-7
-5.17664e-5
5.04156e-5
-2.46762e-7
1.5415e-7
-1.40208e-8
-8.64806e-9
-8.06687e-6
1.12285e-5
-2.50548e-6
2.31586e-7
5.81906e-7
7.60217e-8
3.69554e-6
-4.8477e-7
-7.17535e-6
-2.23472e-7
-1.0662e-6
3.30789e-7
3.7178e-6
-8.56387e-6
-2.52446e-6
3.64254e-5
3.08061e-5
-1.45805e-5
-4.35998e-6
8.6976e-7
4.78367e-5
4.75191e-5
-0.000271378
-0.000125377
0.000110527
6.67338e-5
5.60602e-5
-7.67237e-5
0.000755256
0.00336788
-0.0102171
-0.0105
-0.000218
0.000363038
-0.000117476
0.000145675
0.0175692
-0.0281722
0.0164819
-0.0023452
-0.00242044
-0.0160722
0.00092649
0.00388734
9.24569e-6
0.000394511
-0.00715872
0.00145115
0.00768932
-0.00605901
-0.0031628
0.00182912
-0.00386522
0.00395258
-6.93873e-7
4.69297e-7
-3.19021e-6
3.56386e-6
2.10754e-7
6.73894e-6
-8.43646e-6
-2.11895e-7
5.84654e-7
2.4086e-7
-2.32246e-7
1.10617e-6
-1.46646e-7
1.1228e-7
-2.13595e-6
1.00841e-6
1.64774e-6
-1.22072e-6
8.34837e-8
-6.43754e-7
9.46011e-8
-5.38746e-7
1.36495e-6
1.09491e-6
-1.8391e-7
2.39716e-6
-2.80626e-7
-1.49964e-8
9.15132e-9
-1.47255e-8
1.69984e-7
-6.52994e-7
-1.1152e-7
-1.66087e-6
-1.2612e-7
-1.96892e-9
2.9267e-9
-5.64054e-7
2.27674e-7
-1.35139e-9
5.40245e-9
-4.57708e-8
5.9178e-7
3.3519e-8
-4.78671e-8
-4.12788e-8
-1.20491e-8
7.90711e-8
-1.08542e-7
-7.32933e-8
6.94234e-9
1.09901e-7
-1.1156e-7
-5.91126e-8
1.31001e-7
-5.72307e-8
7.99048e-8
5.30502e-8
-5.43829e-8
-3.0152e-7
4.94808e-8
4.2766e-8
-2.07536e-8
-2.25625e-7
1.44575e-6
-1.80492e-8
1.91949e-8
-9.23326e-6
2.46249e-6
-2.08052e-8
7.6528e-9
-8.42146e-6
6.86407e-6
6.69584e-9
1.09564e-7
7.02464e-5
-3.0753e-6
-8.26368e-7
1.02322e-6
-6.35743e-5
5.17293e-7
1.72357e-7
1.41288e-6
0.000571955
1.47081e-5
2.32717e-7
2.53459e-7
0.00121577
-0.00163224
-6.30836e-7
-7.22624e-7
0.000269814
-0.00137999
0.00207231
5.06797e-6
-1.33779e-5
0.00151007
-0.0029636
-1.56104e-6
0.00350305
1.07797e-6
-0.00286217
-1.77698e-6
4.94706e-6
-2.18152e-6
-1.73073e-6
5.48534e-6
3.67173e-6
-1.00731e-5
0.000138222
0.000289572
-0.000332273
-0.000937795
1.37362e-5
-3.52496e-5
-1.5876e-5
4.14459e-5
-7.9724e-6
-2.27432e-5
2.65498e-5
6.6024e-5
-3.64891e-5
8.45855e-5
2.32996e-5
-1.81846e-5
2.30142e-7
6.90355e-7
-9.21478e-7
-2.81671e-6
-4.88735e-5
4.7104e-5
-3.37633e-5
5.8726e-8
-2.83783e-5
2.31098e-5
-1.89644e-5
-7.1115e-9
-5.22584e-6
3.78967e-6
-4.47381e-6
-2.92542e-7
7.97706e-8
6.92752e-7
-1.23056e-6
1.74848e-6
3.66486e-6
3.78447e-6
-1.46777e-5
-1.42986e-5
2.44027e-5
-6.30381e-5
-2.47933e-5
-2.76824e-8
8.24045e-5
0.000176368
-0.000582623
-0.000597459
-0.000255768
0.000578949
0.000414894
-0.000145017
0.000789832
0.000543029
0.00206183
-0.00558555
-0.00143568
0.00369469
0.000718466
6.62297e-6
0.00686552
-0.00169541
0.00791182
0.00755407
-0.0151
0.0102147
-0.00467675
-0.00318989
0.00149182
-0.00537275
0.00849896
0.0115096
-0.0130318
0.00852053
3.50671e-6
4.1785e-7
-4.82853e-6
1.60261e-7
-8.74407e-7
-6.17277e-8
8.20241e-8
-3.07559e-7
-1.31423e-8
-2.77601e-7
-8.30079e-8
-1.88446e-7
-2.57811e-7
-4.4417e-9
4.51433e-8
-6.96034e-7
2.20084e-6
-1.60727e-6
1.65684e-7
7.67974e-8
-4.42378e-9
-6.39516e-8
4.22514e-8
-3.62611e-8
6.62801e-9
-2.85241e-8
6.76589e-8
8.63212e-8
-1.92453e-8
1.41091e-7
-3.02883e-8
-1.88743e-9
-1.1163e-9
9.44254e-9
-1.666e-8
-1.99476e-8
9.71669e-7
-2.14361e-7
1.89146e-9
-8.57192e-9
-3.56588e-7
8.93192e-8
-2.22492e-7
9.05314e-8
-3.83076e-9
9.08414e-9
6.25749e-8
-1.66856e-8
-2.33001e-8
-1.33832e-8
-2.64698e-8
3.83775e-8
5.17555e-9
4.1262e-9
-1.89397e-8
1.32667e-9
-4.09944e-8
4.92168e-8
4.08814e-8
-9.84662e-9
-2.34002e-8
-2.8406e-8
2.20652e-8
-9.64568e-9
8.98692e-8
1.19732e-8
-7.94883e-9
-5.20097e-7
1.07173e-7
5.57728e-9
-6.98469e-9
-3.25166e-7
4.39119e-7
-2.30194e-9
1.15433e-8
1.89862e-6
1.17783e-7
-8.39972e-8
5.03544e-7
-4.099e-6
3.03455e-5
1.2247e-8
-2.41992e-7
3.62835e-7
-9.10482e-7
0.000191964
-7.02146e-5
-9.38629e-6
-1.24139e-5
0.000128055
-2.0946e-7
-2.12252e-7
5.64739e-5
-2.89991e-7
3.96816e-7
-1.48551e-6
3.12819e-8
3.12593e-7
5.61878e-7
-3.05204e-7
-6.37209e-7
1.25195e-6
-0.000880375
-0.00183145
0.00161611
0.000903488
-0.00107246
0.00190872
0.00371187
3.86044e-7
-1.38469e-6
1.51424e-6
-4.78507e-6
-1.67252e-6
5.42697e-6
-7.67564e-5
-0.000179944
0.000196255
0.000421297
-5.28906e-6
1.45594e-5
6.09757e-6
-1.34653e-5
3.39382e-6
1.01206e-5
-1.16436e-5
-3.16877e-5
2.2676e-5
-1.63047e-5
-1.25927e-8
-3.86046e-7
5.37891e-7
1.3621e-6
8.36743e-6
-5.65405e-6
1.83254e-7
-1.66769e-7
8.66695e-8
9.63946e-8
-6.52724e-7
2.96085e-8
6.87375e-7
-5.41894e-7
-8.49917e-8
1.48944e-6
-8.68967e-7
4.63467e-7
2.754e-6
-3.17167e-6
-6.4886e-6
7.09089e-6
-1.24921e-6
-1.35963e-6
-4.33447e-6
3.46314e-5
6.78287e-6
1.08534e-5
-3.60633e-5
-3.74001e-5
0.000184953
-0.000515472
-0.000266628
8.71909e-5
7.19099e-5
0.00011715
-0.000125301
-0.000111713
-0.0010933
0.00159114
0.00235439
-0.0010527
0.00152441
-0.00177477
0.00105151
-0.000968115
-0.000921058
0.0045498
0.00945571
-0.0211299
0.0128107
-0.00998144
0.00692402
-0.00292789
-0.0145168
0.0211997
-0.0169557
0.00437311
0.0102192
-0.0162624
-5.29495e-9
-2.19893e-8
-1.81423e-8
7.16084e-8
3.05083e-8
5.72991e-8
8.55236e-8
-1.12337e-8
1.20163e-7
-1.22104e-7
6.34673e-7
7.66853e-9
-4.47942e-9
9.469e-9
-1.54608e-8
-1.64839e-8
-8.45749e-9
-3.29677e-8
5.98799e-8
-2.66366e-8
-6.23897e-8
-2.46581e-8
7.6928e-9
-7.15299e-9
3.97949e-9
-2.59645e-8
-7.45387e-8
5.58904e-10
3.47491e-9
-4.70707e-9
4.6965e-9
-2.37591e-9
-7.64887e-11
-2.03373e-9
3.11544e-9
1.15322e-8
-2.46121e-9
4.56959e-8
-8.74496e-9
2.66507e-9
8.57668e-10
-3.63125e-9
-2.079e-9
-8.89016e-10
1.61934e-10
6.56551e-9
-2.02925e-8
-7.91463e-9
9.64075e-9
6.09248e-9
2.62612e-9
-1.34037e-8
1.36377e-8
5.60618e-9
-1.75636e-8
-1.30742e-9
8.72165e-9
-4.67772e-9
6.83017e-9
-2.85503e-8
2.50248e-9
-4.54857e-9
2.74282e-9
-9.07587e-9
1.30626e-8
1.22977e-9
-2.97231e-10
2.29206e-8
1.48425e-8
-2.15355e-9
8.34927e-9
-1.58423e-7
7.51142e-7
-7.21838e-11
-7.79527e-9
1.9124e-7
-7.32256e-7
8.18538e-8
-1.80276e-8
-4.76398e-6
2.81266e-8
-0.00017483
-3.06658e-9
7.58232e-9
-4.93868e-8
1.35288e-7
-0.000570744
0.000628923
-0.000709268
0.000335326
2.33057e-8
-1.18787e-7
-0.00140746
0.00125659
0.00152198
-6.07294e-8
3.4014e-7
0.00247212
-0.00209657
-0.00253623
-9.17176e-8
1.77613e-7
-0.00337774
0.0028868
0.00361046
-7.45709e-9
-9.17326e-8
0.00354148
-0.00308022
-0.00455604
6.76793e-8
-1.78538e-7
-0.00300989
0.00213478
7.68865e-8
-1.85214e-7
1.4181e-7
8.3483e-8
-3.90782e-7
-1.12931e-7
4.59521e-7
-0.000426474
-0.000760781
0.00081535
0.0017696
-5.64941e-7
1.78345e-6
8.41019e-7
-2.48176e-6
3.5372e-5
8.6676e-5
-9.48402e-5
-0.000206279
3.70956e-6
-8.99378e-6
-2.09045e-6
2.84117e-6
-2.63165e-6
-3.59923e-6
5.12112e-6
1.07729e-5
5.00096e-6
-3.89334e-6
3.98688e-6
7.47938e-8
2.29159e-7
3.82899e-6
5.39769e-7
-1.25252e-6
2.49001e-7
2.19781e-6
-4.1567e-7
-5.6303e-6
7.69319e-7
1.3027e-6
-3.2478e-6
-6.43921e-7
-0.00010157
0.00038662
-7.92521e-6
-1.64179e-5
6.89814e-6
6.09952e-6
-2.56655e-6
-0.000135319
0.0013026
-0.0029368
-0.0015154
0.000671165
-0.000363672
0.00211185
-0.000704492
0.00366437
-0.00133046
-0.00132125
0.00792773
-0.00461796
0.00131864
-0.0199008
0.0642148
-0.0691033
0.0335673
0.0518213
-0.0334187
-0.0294476
0.0238108
-0.000125711
-0.00514581
0.0241295
-0.0108381
-0.0268381
0.025693
-0.0309442
0.0293009
-0.0209089
-2.70181e-7
1.20172e-8
9.89792e-8
-9.46636e-10
2.29527e-9
-3.78141e-9
2.10619e-9
6.47617e-9
2.80506e-9
1.35453e-8
-2.5134e-9
7.42101e-9
1.2269e-8
-1.61326e-8
7.19046e-9
6.03122e-8
1.59564e-8
-1.72254e-8
-4.29353e-9
4.77782e-10
-2.44434e-9
-1.60503e-9
-2.59737e-10
-7.22805e-10
4.02041e-10
-1.03547e-9
2.10028e-9
-1.57687e-10
3.91482e-10
-4.16956e-10
6.82881e-10
-5.8011e-10
1.09374e-10
2.06972e-10
2.63192e-9
-7.97728e-10
-9.0156e-9
-1.14867e-11
-4.15686e-10
2.66679e-9
7.48687e-9
-9.14998e-10
4.62817e-9
-2.15631e-9
2.44456e-9
2.67716e-9
-1.47365e-9
-2.54661e-10
-7.52075e-10
-4.18627e-9
5.26066e-9
-7.0027e-10
1.23928e-9
-8.34489e-10
-1.80991e-9
-1.63453e-9
1.76891e-9
-2.2089e-10
-1.86642e-9
3.60462e-10
4.14317e-9
3.56162e-10
1.63973e-9
-4.12498e-9
-1.05179e-8
-4.3888e-11
-1.62576e-11
8.96981e-9
2.48566e-8
7.43146e-10
1.077e-9
1.98617e-8
5.20543e-8
4.4535e-10
6.75693e-9
-3.49027e-8
-8.70365e-8
3.73474e-6
1.46473e-8
3.87955e-5
-4.90835e-6
-4.8383e-9
-1.609e-9
-2.19042e-5
2.76468e-5
-2.56799e-9
8.80859e-9
-0.000276937
-9.07195e-11
7.17518e-9
3.09992e-8
1.63213e-8
-3.23032e-8
-2.31115e-8
2.14012e-8
-1.01237e-8
2.95854e-8
-8.2343e-8
0.00150696
0.00185046
-0.0021052
-0.00139482
-0.00122023
-0.00209557
2.34272e-8
-6.68306e-8
1.94996e-7
5.00355e-8
-2.50356e-7
0.000222833
0.000419785
-0.000424697
-0.00071538
3.32625e-7
-1.02905e-6
-5.5169e-8
1.74003e-8
-1.19086e-5
-2.98474e-5
1.74276e-5
8.00471e-5
4.86439e-7
2.97057e-7
3.93137e-8
-4.07991e-6
6.18977e-6
-8.92801e-6
-1.60048e-7
4.49768e-6
6.95929e-7
-1.42048e-5
2.56491e-5
-1.91147e-5
-6.85493e-6
1.8191e-5
-6.1658e-6
-2.39593e-5
6.47509e-5
-5.69256e-5
2.8237e-7
5.18172e-6
-4.17146e-6
-3.90174e-8
0.000127422
-0.000140049
1.02189e-6
-1.90598e-6
-1.6115e-5
8.03724e-5
-0.000928908
0.00235605
0.000321774
-0.00028885
3.11819e-5
-0.0015257
0.00103544
-0.00537098
0.00608803
-0.0138349
-0.00290873
0.00273392
-0.00836922
0.00835093
0.0052816
-0.00738283
0.00235088
-0.122571
-0.0185341
0.0278545
-0.0017143
0.00849279
0.00981351
-0.0108668
0.0863079
-0.0630154
0.0300678
0.00897259
-0.0366318
0.0418679
1.25615e-9
9.24944e-10
2.59876e-10
-1.91863e-9
-1.38488e-9
-2.13124e-9
-5.22316e-9
-1.69502e-8
-3.55016e-8
2.51565e-9
-2.64879e-10
1.40776e-8
-6.66263e-10
-1.28481e-10
3.68514e-10
6.56186e-10
4.38724e-10
1.96537e-9
-4.76396e-10
1.11216e-9
-3.55187e-10
5.18877e-10
-1.93826e-9
7.04743e-10
3.92342e-9
-6.90246e-10
2.77568e-9
-3.51059e-10
-3.00369e-12
-5.68232e-11
-1.82547e-10
-2.02148e-10
-1.34609e-10
6.64646e-11
-3.64244e-10
-1.27558e-10
-2.15688e-11
7.08817e-11
1.7419e-10
-3.67588e-13
-2.22851e-10
8.42474e-10
8.99244e-10
-4.03415e-10
-1.68771e-9
-5.16185e-10
5.3802e-10
9.38979e-10
4.95076e-10
5.25779e-10
1.35502e-10
-1.23365e-9
1.70273e-9
-5.72867e-10
1.37392e-9
-1.23591e-11
6.64467e-10
-4.27944e-10
6.95372e-10
-5.73075e-10
2.81512e-10
-5.88033e-9
-5.23738e-9
3.49792e-10
2.14341e-9
-2.2355e-9
1.98189e-9
-1.63079e-9
1.7435e-8
6.09431e-8
-1.34884e-7
9.92591e-10
3.25343e-9
-2.76305e-9
2.41534e-9
-1.93985e-9
3.6865e-7
-8.29659e-8
1.67441e-10
5.65075e-7
9.98728e-7
6.83085e-10
4.27127e-10
-7.77839e-6
-1.8223e-6
1.97128e-9
-1.07791e-10
-4.36633e-10
2.4659e-5
0.000265963
3.50296e-10
-1.54309e-9
0.00045944
-0.000272051
1.43407e-10
-4.27501e-10
3.50718e-5
-0.000785367
1.45403e-9
-7.67666e-9
0.000127577
0.00123249
3.18946e-9
-8.73799e-9
-6.2959e-5
-0.00174674
1.67062e-9
1.73504e-9
-0.000394502
0.00212575
-5.53902e-9
1.48556e-8
0.000879256
3.3743e-9
6.48122e-9
-1.25008e-8
8.9909e-10
-7.68985e-9
2.31584e-8
-0.000653409
-0.000857407
0.000963315
0.000614857
0.000405197
0.000266801
5.96486e-9
-2.12367e-8
1.27152e-8
5.10139e-9
-5.56083e-8
-3.03326e-8
-8.82971e-6
-0.000233743
0.000444462
-8.10825e-8
3.28517e-7
1.05739e-9
-1.25141e-6
2.86342e-5
-5.07201e-5
-9.87441e-7
3.09731e-6
-2.2938e-7
-7.74998e-6
5.78019e-5
-5.17721e-5
-6.02488e-6
1.6014e-5
-5.19745e-7
-1.40291e-5
0.000143845
-0.000134983
-2.54868e-5
5.54687e-5
-1.48461e-5
-6.64906e-6
0.000342464
-0.000329933
-1.6788e-5
9.82127e-5
-4.67286e-5
1.16552e-5
0.000732673
-0.000804384
-0.000248131
5.19499e-5
0.000427778
-0.00212027
0.00281131
-0.000223883
-0.00497897
0.00489235
-0.00202357
0.00728203
-0.00715755
-0.00258709
0.0243189
-0.0213372
0.104976
-0.0229094
0.0221194
0.0205512
-0.0206767
0.0241726
0.010476
0.2398
-0.351766
0.0851092
-0.122737
-0.0453669
0.0646902
0.0110308
-0.0236189
0.0281966
-0.0192256
-0.0369547
0.0423789
0.0245586
-0.0419105
-0.00629167
-4.36052e-9
1.07911e-9
-7.8645e-11
-5.44285e-11
-2.27668e-10
-2.39818e-10
-4.39619e-10
-4.42557e-10
3.10622e-10
-2.07903e-9
-5.08496e-11
7.69247e-10
-4.17315e-11
3.358e-10
5.68512e-11
2.59734e-11
1.09296e-10
1.00228e-10
1.91227e-10
2.4164e-10
-3.44765e-11
-5.64758e-11
1.71528e-11
9.33834e-11
-5.08346e-11
7.42143e-12
2.36512e-11
1.10962e-10
-6.04185e-11
-1.20196e-11
1.10516e-11
-2.67715e-11
1.21185e-11
-4.45953e-11
2.50737e-10
-9.19259e-13
2.396e-10
-1.12771e-11
7.92497e-11
-2.41352e-11
6.20442e-11
1.19506e-10
-2.56833e-10
-2.26134e-10
5.69619e-11
3.46392e-10
2.01224e-11
-2.27196e-10
-1.31779e-9
-3.86905e-10
4.71027e-10
-2.26906e-10
3.92562e-9
1.45561e-9
-6.09941e-9
-1.45533e-10
1.52121e-10
-2.24243e-10
1.20124e-8
1.61172e-8
1.92115e-8
-1.23537e-10
9.06409e-10
-1.82034e-9
1.60957e-9
-2.53229e-9
-6.3867e-8
-4.28272e-8
-2.69584e-8
4.72553e-8
-4.87473e-8
5.19793e-10
2.712e-9
-3.85559e-9
3.50132e-9
-3.7366e-9
7.31076e-8
7.34244e-9
-4.70926e-7
-1.75779e-6
3.38883e-6
4.11829e-10
1.61945e-11
-5.44276e-10
2.82242e-10
-6.37945e-10
-1.62751e-5
-1.75486e-5
4.97599e-11
6.90179e-11
-0.000214822
7.73263e-5
-5.84259e-11
0.000951428
-3.62144e-5
1.19629e-10
-3.712e-11
3.91015e-11
-2.54574e-10
-0.00266136
0.00488914
-0.00332251
0.000983889
1.95216e-10
-9.092e-10
0.00313869
-0.00487971
-0.001653
3.74743e-10
-9.9503e-10
-0.00300038
0.00494792
0.0020831
-1.15522e-10
8.92735e-10
0.00317883
-0.00375311
-0.00153388
1.81133e-10
-7.95932e-10
1.26538e-9
-0.00170587
0.000636912
1.0986e-9
-2.99884e-9
0.000451925
-1.6109e-9
2.28544e-9
-6.60822e-9
-4.55586e-10
5.64301e-9
2.73536e-9
0.000304974
0.000482958
-0.000502286
-0.000279668
-0.000385169
1.91175e-9
7.44606e-10
-5.37589e-8
3.08598e-8
3.83044e-8
-3.28609e-5
-5.06419e-5
0.00010131
5.10942e-5
0.000180644
-3.65189e-7
8.21028e-7
1.40565e-7
3.97799e-5
2.23433e-5
-3.90951e-5
-2.85892e-6
7.58929e-6
-1.92065e-7
9.47225e-5
6.01502e-5
-6.2171e-5
-1.693e-5
5.52092e-5
8.9595e-6
0.000214453
0.000173647
-0.000187474
-0.000115627
0.000255148
-0.00015403
0.000394527
0.00049065
-0.000497819
4.30699e-5
-0.000399783
0.000959658
-0.0031533
0.00129409
-0.00296171
-0.00441723
0.0035852
-0.00123459
0.00167467
0.000767409
0.00570947
-0.0182485
0.0681372
-0.0669589
0.0111933
0.023982
-0.024473
0.00865715
-0.0099121
-0.265434
0.244309
-0.180198
0.360935
-0.0446042
0.04071
-0.0424401
0.0334394
-0.00745705
-0.00104402
0.0459926
-0.0282887
-0.0261262
0.0239403
0.00145968
-0.0275104
0.00409915
0.0414459
-0.0284042
-0.0364651
-2.16526e-10
-4.40889e-11
-2.3524e-10
-1.18258e-10
4.42821e-11
-1.69844e-10
-1.53792e-10
-1.28115e-10
-5.41901e-11
-4.07887e-11
-1.95696e-11
1.49174e-10
-1.07376e-10
-5.50442e-12
1.24823e-10
1.07259e-10
7.62268e-10
1.47517e-10
-2.66226e-11
1.14226e-10
2.05042e-11
-1.04752e-11
-6.92501e-11
-1.2091e-10
-7.44268e-11
-1.84489e-10
5.96901e-11
-5.51283e-10
1.07127e-10
3.2528e-12
1.79114e-10
-3.22486e-10
5.35426e-12
4.25425e-10
3.4088e-10
7.9638e-10
2.1307e-10
5.66773e-10
5.89428e-10
-5.23959e-11
1.34646e-9
-1.09483e-9
-5.6572e-11
1.18771e-10
-1.39526e-9
-7.08289e-9
-1.16967e-8
-3.61802e-10
-2.35307e-10
2.71785e-10
9.59379e-9
2.48082e-8
-9.52809e-8
-6.89914e-10
-6.78062e-10
8.60774e-11
-2.69135e-10
-1.03847e-9
2.43761e-7
2.37506e-7
2.11562e-7
-3.25291e-7
-5.12501e-7
-2.16285e-9
-2.41567e-10
-1.61958e-9
1.41608e-9
-3.06207e-9
1.3292e-6
8.52324e-7
9.63753e-7
-5.90609e-6
6.95454e-6
-7.82408e-10
-6.02608e-10
7.56225e-11
-3.07567e-11
-6.39957e-11
2.50931e-5
-9.94155e-5
5.21328e-5
-3.16837e-5
-3.11184e-11
-2.64958e-11
9.88325e-5
-0.00026222
0.000403717
-7.55724e-10
-1.10516e-10
7.86775e-12
7.00662e-11
0.00372548
3.53704e-11
-8.58118e-11
4.91215e-12
-1.024e-10
6.02824e-11
-7.09949e-11
-1.06419e-10
1.10737e-9
-3.3138e-10
-0.00044274
-0.0021976
0.00172412
-5.10498e-5
0.00435106
-0.00051225
-1.83439e-9
0.000463235
9.7062e-9
-2.69049e-8
1.82101e-8
-1.368e-9
-2.33458e-8
0.000115588
0.00045215
-0.000448356
-0.000168625
-0.000933285
8.5637e-8
-1.13935e-7
-1.08367e-7
1.28763e-7
-1.66066e-8
-2.25683e-5
-1.20593e-5
5.23652e-5
3.6003e-5
8.63226e-5
-3.14785e-7
8.03307e-7
-5.06004e-7
7.17448e-5
-5.40945e-6
-5.02322e-6
-5.83736e-6
1.64725e-5
-1.15733e-5
0.000191972
-1.79878e-5
-1.43339e-5
-3.73959e-5
6.58925e-5
-5.82562e-5
0.000448863
-2.26202e-5
-5.3238e-5
-6.83922e-5
-0.000812196
0.00114358
-0.00234752
0.00245186
-0.00259475
-0.0012522
0.000920532
-0.000140951
8.16371e-5
-0.00105725
0.0148713
-0.0192787
0.0431418
-0.0498023
0.0146181
0.0153034
-0.0115879
0.00310451
-0.00427177
0.0799596
-0.134229
-0.015869
0.0480189
-0.0268121
0.0424588
-0.0541784
0.0357166
0.0470141
-0.0568341
0.0577236
-0.0666224
-0.0293668
0.0345612
0.0182552
0.0193512
-0.0412698
0.00678259
4.33729e-10
4.00486e-10
3.0789e-10
5.01799e-11
6.59179e-10
-2.53993e-9
-9.4514e-10
-6.3171e-10
-1.01605e-9
-9.65044e-10
-4.17e-10
7.20584e-11
-1.1322e-10
-5.3118e-10
-1.28109e-10
3.08367e-10
-2.83439e-9
1.65329e-9
1.29437e-9
3.739e-9
9.56997e-9
1.28882e-9
-3.36919e-10
1.01022e-9
1.99169e-10
-2.24521e-10
-5.07629e-10
-2.07491e-9
-6.55094e-9
2.59516e-10
-3.5446e-9
6.5325e-9
1.25246e-9
-1.75264e-10
7.47658e-10
-2.80623e-9
-1.26031e-9
5.76596e-9
1.0903e-9
1.8333e-9
6.56251e-9
-2.06316e-9
2.36539e-8
-1.05616e-8
5.08662e-9
2.92644e-8
1.1458e-9
1.90737e-9
-1.31133e-7
-1.69803e-8
2.25239e-8
3.29668e-9
-2.84501e-9
2.21083e-9
-7.33963e-8
-1.03783e-6
-8.51828e-7
-4.80545e-7
4.28667e-6
1.0596e-8
-1.71794e-9
2.44742e-9
-2.29095e-9
7.12975e-10
-3.33473e-6
-2.79784e-5
-4.51024e-7
-1.60386e-5
3.52056e-5
8.28048e-12
-2.84258e-9
2.10831e-9
-1.26118e-9
3.73367e-10
0.000247201
-0.000550649
0.000146337
-0.000289743
-1.45678e-10
2.00903e-10
0.000602874
-0.000265056
-0.000283616
3.58411e-9
-4.42705e-10
3.08163e-10
5.60656e-10
-2.70862e-10
-0.00498925
0.00475474
-0.00412849
0.00392833
7.74275e-10
-1.5626e-10
-0.00294731
0.00471327
2.68085e-10
-2.80282e-11
0.00224522
-0.00470059
1.6598e-10
-0.00155604
-3.09338e-10
7.56525e-10
6.06914e-11
-6.37913e-10
6.13588e-9
-3.13378e-9
3.22155e-5
0.001606
0.000109562
-0.00140907
-0.00297227
0.000829203
1.3427e-9
0.00100108
6.36347e-9
2.23217e-8
1.06303e-7
-1.5861e-8
-1.98323e-7
-5.28256e-6
0.000390231
-0.000347529
-3.96972e-5
-0.0014044
5.94746e-7
-1.25903e-6
1.89796e-7
4.2909e-7
-2.7034e-6
-3.62738e-6
-6.18246e-6
1.34181e-5
3.91363e-6
4.23379e-5
1.2453e-5
-3.65062e-5
1.25299e-5
9.2073e-7
2.88727e-8
8.95266e-5
-0.000196468
8.28474e-5
-1.79314e-6
3.22861e-7
0.000415534
-0.000288097
-0.00188361
0.00364884
-4.30201e-5
-0.00115188
0.000113815
-6.52282e-5
4.37717e-5
-0.000216991
-0.00197516
0.00819772
0.00638274
-0.00545981
-0.0132105
0.00821734
0.00318237
-0.00109769
0.00012489
0.00058766
0.0147951
-0.0482726
-0.000301151
0.0188529
0.00278444
-0.00607963
-0.0077954
0.0174863
0.0468522
-0.0514865
0.0517399
-0.0568426
-0.0149833
0.0201529
-0.0117493
-0.00367446
0.0305135
-0.0292715
-0.0361607
0.0476165
-0.00632501
-0.016243
2.2738e-9
2.80455e-9
1.9288e-9
1.56468e-10
1.33357e-8
-2.04761e-8
-4.19979e-9
-1.47884e-8
3.25664e-8
-7.42656e-9
-6.14494e-9
-3.25957e-9
8.13022e-10
-8.20279e-10
-4.52455e-9
-1.41834e-9
1.87342e-8
-3.76104e-8
4.06138e-8
-1.11332e-7
2.54693e-8
3.01553e-8
-1.93565e-8
-7.68031e-9
9.26884e-9
-8.42794e-9
-1.51513e-9
-1.92079e-8
-9.25847e-9
-1.38569e-8
-4.45998e-8
5.49036e-8
-8.96566e-9
4.74878e-8
1.88306e-8
8.23971e-9
-4.07063e-8
-7.95349e-9
-6.99726e-9
7.70101e-8
4.60056e-8
-8.39274e-8
1.02718e-7
2.79054e-7
4.28933e-7
-1.26244e-8
-7.78663e-9
3.99749e-8
4.5345e-8
-5.47513e-7
-4.85321e-7
4.28736e-7
2.15049e-6
6.27914e-8
2.90911e-9
1.34455e-6
-5.98174e-6
-8.55028e-6
-4.53402e-8
8.88206e-9
7.30044e-9
6.21616e-5
2.86705e-5
7.90246e-5
-9.46813e-5
-6.56903e-8
-0.000191543
3.29205e-8
-1.39705e-8
4.07844e-9
0.00130792
-0.00190921
0.000664856
-0.00128313
1.22285e-8
-5.03983e-9
0.00127556
-0.000657585
-4.05055e-9
-0.00129794
-3.56154e-9
7.91467e-9
-2.7524e-9
-0.00345853
0.00191987
-0.00167843
-0.000335267
5.44269e-9
-1.40226e-9
0.00361939
-9.00482e-5
3.04966e-9
-4.80012e-10
-0.00466673
0.00139527
4.77505e-10
0.00513489
4.17146e-9
-8.23882e-9
-3.8535e-8
1.20733e-7
-2.10858e-8
0.00355619
-0.00036721
-0.0015643
-0.00500397
-0.00687495
0.00272895
-3.30635e-8
0.00138249
-1.87133e-8
-2.42127e-7
7.27837e-8
6.30941e-7
0.000133549
-0.000207356
-0.000126832
-5.15451e-5
-0.000551884
-2.16496e-6
4.44756e-6
1.78974e-6
-1.18774e-5
-1.66491e-6
4.82689e-6
4.45337e-6
2.54317e-5
1.34951e-5
2.16756e-5
-9.64703e-5
-1.64509e-5
-1.39459e-7
9.23299e-7
-2.53768e-6
-1.61309e-7
0.000399843
-7.75994e-5
-0.00127408
0.000462444
-2.37635e-6
4.56499e-6
-2.18707e-5
-1.44475e-6
0.00337691
-0.00718622
-2.41584e-5
6.1831e-6
-5.82507e-6
0.0123924
-0.00486735
-0.0177405
0.0215902
0.00180281
0.000187761
-0.000213571
-6.01079e-5
0.000149766
-0.0221217
0.00696999
0.0169529
-0.0096165
-0.00844029
0.00990632
0.00715494
0.073023
-0.138781
0.0883795
-0.0695979
-0.00854085
0.0126433
-0.0117532
0.0170512
0.0106204
-0.0241705
-0.00137933
0.016139
-0.00826565
0.00877736
2.26029e-8
1.45036e-8
1.59975e-8
6.47897e-10
6.73483e-8
-5.04263e-8
-1.06276e-7
-6.98442e-8
-3.68116e-8
-3.86992e-8
-3.41146e-8
3.61977e-8
1.93193e-8
-8.38915e-8
-1.8191e-8
1.98762e-7
9.05735e-8
3.9612e-7
2.08799e-7
-5.58715e-7
6.31336e-8
2.47739e-7
1.64084e-7
5.1667e-8
1.36879e-7
2.95763e-8
-1.4058e-7
1.06489e-7
1.37216e-7
-1.44721e-7
-4.83642e-8
-6.50061e-8
-3.95426e-7
-3.07527e-7
-9.93098e-7
-1.21745e-6
7.46216e-7
2.37592e-8
7.97942e-7
1.32602e-7
8.42245e-8
-5.49132e-8
-2.3444e-7
-2.11099e-7
2.00305e-6
1.25592e-6
-4.25144e-7
5.28225e-7
1.29176e-6
2.33568e-6
-2.75952e-7
-2.31857e-7
1.25766e-6
1.09306e-6
-2.36894e-6
-2.20193e-6
-3.22831e-7
3.25962e-6
1.61748e-7
1.16762e-7
1.50246e-6
2.66496e-7
3.0859e-5
-8.57696e-5
-0.000154662
-0.000231527
-1.01275e-6
-7.94337e-7
2.8105e-7
0.000519846
-0.000914685
0.000874235
-0.00136306
-7.1845e-8
6.76239e-11
1.07394e-7
0.00253786
0.00198363
-1.49766e-7
1.76486e-7
-3.02552e-8
-0.00383211
0.00572235
-0.00236331
0.00583845
-1.81448e-7
7.13489e-8
-0.00873665
0.00269414
-2.30975e-8
-1.64752e-7
2.95222e-8
0.0134396
-0.00880703
0.00405278
-9.66871e-9
-3.85979e-8
3.12921e-8
-0.0115471
0.00923418
-0.00752576
-8.30034e-9
-1.22637e-7
1.27449e-8
0.00777824
-0.00818042
0.01017
-1.33523e-8
2.84378e-8
-0.00399988
0.00382932
-1.10928e-7
1.45561e-8
0.00896681
-0.00846741
5.18769e-7
-3.79619e-7
-0.00231566
0.00579698
7.15093e-7
-2.12506e-6
-9.3125e-7
4.6997e-6
1.68082e-6
-1.91553e-7
-0.000131762
0.000514668
2.36702e-5
8.71189e-5
-0.000179085
-0.000121318
5.65196e-8
-1.39624e-5
7.66829e-6
5.09439e-5
-4.17871e-5
2.95351e-6
-1.73674e-5
-8.45423e-7
-2.64105e-5
-0.000190993
0.000173968
0.00061062
-0.000592592
2.44139e-6
-2.21937e-7
-2.38842e-7
-1.11827e-6
-0.00167995
0.00170593
0.00401325
-0.00420272
4.31487e-6
2.07001e-6
-2.86769e-7
-1.18857e-5
-0.0081634
0.00886348
0.0145516
-0.0159191
-7.67245e-5
-2.92249e-7
2.79078e-5
-1.47393e-5
-0.0225152
0.023452
0.0242222
-0.0273494
-0.0188015
0.0251676
0.007537
-0.00190316
-0.000795767
0.00210071
-0.000444375
0.000728038
0.00476032
-0.0142596
0.0131392
-0.00194392
-0.0269392
0.015577
-0.003024
0.0315279
-0.0193758
0.00446314
-0.0328208
0.0202563
-0.00548612
0.0485471
-0.0325206
0.00585858
-0.0915585
0.136952
0.00283351
-0.0367399
-3.77698e-7
2.18062e-6
-9.95446e-7
-2.95103e-8
-3.10531e-7
-3.45596e-7
1.04879e-7
3.01557e-7
-3.58687e-7
5.66801e-6
4.22037e-6
-4.35688e-6
3.45362e-6
-8.294e-7
-3.73468e-6
1.21395e-6
-1.92437e-7
1.50833e-6
4.19878e-7
-7.30784e-7
-4.04427e-7
5.65374e-7
-1.49456e-6
-7.00011e-7
-8.80075e-6
-7.6838e-6
1.17369e-5
-1.32376e-5
1.2091e-5
2.03063e-6
-4.83593e-6
1.40806e-6
2.1241e-6
-4.07388e-7
-6.2279e-6
-6.12333e-6
4.10928e-5
3.11821e-5
-2.72378e-6
-1.22591e-6
8.3074e-6
1.60573e-5
-5.73551e-6
-6.33715e-6
3.06861e-5
2.7691e-5
-2.86434e-5
1.82958e-5
0.000141837
0.000309313
3.70132e-6
5.08723e-6
2.75581e-5
1.28689e-5
-0.000476132
0.000655118
0.00121052
0.00240237
-1.2688e-5
1.08113e-5
-3.60599e-6
-0.00377499
0.00268057
-0.00386259
0.00558674
6.29225e-7
-3.87385e-7
-2.94097e-6
-0.0069046
-0.00948227
2.06653e-6
-2.8754e-6
9.91379e-7
0.0121183
-0.0109611
0.0133286
-0.0167627
-1.55008e-6
5.15522e-8
0.018558
-0.0161419
2.67937e-7
2.76309e-7
-0.016009
0.0142051
-1.51886e-6
3.42773e-7
0.0109818
-0.00947622
-5.16606e-7
-2.35819e-8
-0.00644537
0.00622634
1.67469e-7
1.22029e-7
0.00517353
-0.00726081
-6.03543e-7
5.49301e-7
2.76745e-6
-7.03129e-7
-3.99765e-6
-1.04218e-5
-0.000486788
0.00016466
-3.57275e-5
5.24817e-5
-0.00454938
5.77619e-5
2.15639e-5
8.56239e-6
-4.54236e-5
-0.000110845
0.000168094
1.72517e-5
1.10426e-5
1.88764e-6
4.64656e-5
0.000318272
-0.000509944
-0.000747019
0.00132607
4.05313e-5
-1.07332e-5
-2.9913e-6
3.84412e-5
0.00157241
-0.00304438
-0.00284162
0.00611581
2.53551e-5
3.83861e-5
-6.52033e-6
-0.000226373
0.00446177
-0.00937921
-0.00719702
0.0172564
0.000105934
-3.61273e-6
6.35052e-5
-0.000102502
0.00523506
-0.0168551
0.00524086
0.00936321
-0.010138
0.00568658
-0.000876661
-5.44045e-5
-0.00188938
-0.00104082
0.000524278
-0.000921601
0.0205672
-0.0208493
-0.0265329
0.0312931
0.0255331
-0.0334434
-0.0219003
0.0318414
0.0235066
-0.0336578
-0.021745
0.0448904
-1.03875e-5
6.6035e-7
-1.02834e-6
-5.07184e-6
1.14959e-6
1.83816e-6
2.21426e-5
-5.45395e-5
-6.04096e-6
2.57426e-5
-1.39753e-5
1.44123e-5
9.94553e-6
-6.29108e-6
-1.30279e-6
1.23391e-5
-1.56652e-5
-0.000125711
-0.000162024
0.000158488
-7.53134e-5
-2.78632e-5
0.000257169
-4.65393e-5
5.75179e-5
-8.22621e-5
1.92479e-6
1.70297e-5
2.68471e-6
-2.6236e-5
4.21617e-5
-2.499e-6
-0.000129955
-0.000148108
-0.000529608
0.000618974
-0.000769094
-0.000148887
0.000221079
-1.57099e-5
-1.28502e-5
-0.000208321
-0.000105
-0.000104188
0.000733269
-0.000701553
0.000464465
-0.000742412
-0.000918783
-0.00247391
-1.19575e-5
0.000472064
-0.000330048
0.000141996
0.00347178
-0.00317542
0.00283902
-0.00628639
-0.00617864
-2.89099e-5
2.09418e-6
-2.93049e-5
0.00777901
0.0134522
9.84947e-6
-2.34214e-5
9.6491e-5
-3.78455e-5
-0.0177026
0.0143911
-0.0189
0.0239853
0.0181612
9.73997e-7
6.84362e-5
1.61266e-5
-0.022287
0.020776
-0.0200302
-5.55948e-8
-7.25881e-5
-1.31525e-5
0.0193583
-0.0179135
0.0170753
5.99552e-6
8.79418e-5
-1.39503e-5
-0.0160194
0.0126642
-0.0120384
-9.2877e-7
9.79214e-6
6.01273e-6
0.00660317
-0.0065817
0.00791556
-1.35157e-5
-3.47203e-6
-0.0014411
0.0023106
1.10891e-5
0.00031076
1.32586e-6
-1.95625e-5
-1.822e-5
-0.000148761
8.6695e-5
8.51606e-5
-0.00102108
-0.00127927
0.000495599
0.000230565
0.00167263
-0.000187548
-0.000203748
-7.79596e-5
0.000338074
0.000108637
-0.000664334
0.000743172
-0.000347837
-3.36607e-5
-0.000508465
-5.29897e-5
0.000947825
-0.000286706
-0.000969962
5.39282e-5
0.00064437
-6.52368e-5
-0.00275921
0.000634991
0.000321604
-0.00156876
-0.00126222
0.00124198
0.00359202
-0.00608755
0.00220261
-5.20853e-6
-0.000389084
0.00295874
-0.0017368
0.000518159
-7.07354e-5
0.000111045
0.00840647
-0.0126971
-0.00997001
-0.00342532
0.0151842
0.019635
-0.00427433
-0.0116761
-0.0425179
0.0143278
0.00579091
0.0132568
-0.00472223
-0.00708407
-0.00428704
0.0014829
0.00509106
0.000269822
6.31983e-5
-0.000193173
0.000336058
-0.000157795
5.0677e-6
0.000955875
-0.000802396
-0.0001506
-0.00202491
0.00101576
0.000398751
-0.000816299
0.000393083
-0.000738031
-0.000174559
0.000341156
0.0016526
0.000132109
0.00231521
-0.00261274
-0.000332121
-0.00351784
0.00396797
-0.00211514
0.00129177
0.000937261
-0.00103672
0.00158901
0.000311451
-0.000620413
0.00170638
0.000615057
0.00068067
0.000823159
-0.00148366
0.00307419
-0.00354095
0.00172812
-0.00232818
0.00509107
-0.00140612
0.00103808
0.000821568
-0.00222922
0.0052132
0.000145952
0.000115618
0.000126907
-0.00157248
9.60677e-5
-0.000382156
-0.00364417
0.00063246
0.00407949
-0.00902766
-0.000390892
-0.000503357
0.000462399
-0.0011149
-0.000847938
-0.00112172
-0.00353075
-0.00476852
0.00193769
0.00991364
-0.0195835
0.00271274
0.000227957
-9.076e-5
0.00297572
-0.004273
-0.0154639
0.0204697
0.000255915
-0.00532537
0.00462746
-0.000561148
0.0105438
-0.00116065
0.0196726
-0.0119531
-0.0188518
-0.000383684
-0.00149629
0.000963709
0.0122452
-0.0233081
0.0231318
0.00013026
-0.00106034
0.00113562
-0.00810447
-0.000324337
0.00463889
0.00107576
0.000639513
-0.00523095
0.00205647
-0.00137836
-0.0213282
-0.000225367
0.0128057
0.0216234
-0.00148989
-0.0166088
0.00654749
8.64455e-5
0.0011245
-0.00406594
0.000629647
-0.000170575
-0.00634212
-0.000712385
0.00018914
0.00157405
0.000908286
-0.00246572
0.0126392
-8.00901e-5
-0.0060318
-0.0504104
0.00260493
-0.00036561
-0.00437096
-0.00182268
0.00108555
-0.00295748
0.00629516
-0.0148752
-0.00103735
0.0128018
-0.00355263
0.000348495
0.00241103
-0.00442299
0.00572941
-0.0110254
0.0078877
-0.0121267
0.013788
-0.0111107
0.0271983
-0.0338331
-0.00786385
0.0196687
-0.00900876
0.000895715
-0.0623648
0.0438413
-0.0173296
0.0141136
-0.00614645
0.0257722
-0.0435919
0.0399175
-0.0412466
0.0366795
-0.0431206
0.0554701
0.00343902
-0.0040919
-0.00221079
0.00272362
-0.00592512
0.00802793
-0.0110873
0.00725268
-7.95814e-7
0.000808268
-0.0031982
0.00844681
-0.0149222
0.0206763
-0.0166496
0.00914918
0.00184716
-0.00239565
0.00207403
0.00118653
-0.00893664
0.0194611
-0.0270812
0.0266624
-0.0162542
0.00572974
-0.00395143
0.00664617
-0.00830282
0.00566319
0.00356323
-0.0169607
0.0275437
-0.028536
0.0203057
-0.00690097
-0.00449539
0.008065
-0.013154
0.0180093
-0.0173862
0.00811239
0.00711284
-0.0210159
0.0273351
-0.0237821
0.00918714
0.00127765
-0.00981114
0.0192468
-0.0277245
0.02923
-0.0211775
0.00601161
0.0106125
-0.0240577
0.0291148
-0.0138523
0.0118135
-0.0227017
0.0311396
-0.0339498
0.0285996
-0.0172694
0.00162854
0.0215322
-0.0552055
0.0729758
0.0155816
-0.0247886
0.0270365
-0.0265115
0.0244244
-0.0205746
-0.00024522
0.011153
0.009963
-0.0111342
0.0140436
-0.0241971
0.0475317
-0.00844532
0.00797477
0.00503945
