-9.19709e-6
7.05421e-5
-8.99947e-5
2.86563e-6
-8.82357e-5
8.85316e-5
-0.000104987
0.000125899
5.81263e-5
-8.1658e-5
2.32262e-5
8.1041e-5
3.94204e-5
-3.52822e-5
-5.01882e-5
-3.77282e-5
3.16653e-5
-5.33896e-5
7.99277e-5
-1.77641e-5
-4.58257e-5
-0.000100205
3.15758e-5
-2.47935e-5
4.20385e-5
7.95846e-5
-3.46344e-5
9.94101e-6
2.55285e-5
-1.96226e-6
-1.60265e-5
2.54235e-5
1.45042e-7
-2.51234e-5
-8.9173e-6
5.39379e-6
1.01029e-5
5.01185e-6
-3.08992e-6
-5.58056e-5
9.02884e-5
-5.54187e-5
-3.56783e-5
0.000148931
2.58707e-5
-4.38834e-5
3.93732e-5
-3.21601e-5
2.59132e-5
-1.94437e-5
-3.06963e-6
1.09986e-5
-1.29726e-6
-3.14493e-6
1.50936e-6
6.87803e-7
-2.56146e-7
-3.33073e-7
3.39675e-5
-4.05134e-5
1.71341e-5
-3.08956e-5
0.000142308
2.34586e-5
-1.88431e-5
3.02549e-5
-3.91603e-5
4.31315e-5
-4.10114e-5
3.23031e-5
-2.09517e-5
1.35889e-6
9.61111e-6
-8.96912e-7
-3.67302e-6
1.20821e-7
1.53293e-6
-5.45802e-8
1.94178e-7
-3.1575e-5
7.82019e-6
1.1876e-7
-1.46068e-5
3.0416e-5
-4.12642e-5
4.24871e-5
-3.43451e-5
2.16201e-5
-1.0531e-5
3.80084e-6
-7.36547e-7
-0.000165906
0.000155664
-2.63187e-5
0.000162682
-0.000195239
-7.91543e-6
7.98975e-5
-5.30168e-5
2.90166e-5
-8.40573e-6
-1.21911e-5
2.73558e-5
-3.19219e-5
2.66151e-5
-1.719e-5
9.138e-6
-1.6756e-6
-3.62138e-6
6.6483e-7
2.72363e-6
1.71173e-7
-7.57323e-7
2.1364e-8
-2.23289e-7
-0.000150439
0.000127514
-0.000100973
6.25289e-5
-4.67635e-5
2.87018e-5
-7.32834e-6
-9.54365e-6
1.68599e-5
-1.55738e-5
1.05452e-5
-5.86303e-6
2.64006e-6
-1.92099e-6
7.983e-7
-3.49982e-8
7.45166e-5
7.5279e-5
-5.4313e-5
5.27907e-5
-3.73168e-5
1.86223e-5
-3.02033e-6
-5.14872e-6
6.75952e-6
-5.65029e-6
5.60478e-6
-5.36942e-6
9.11243e-7
1.16912e-7
-6.56818e-8
-7.76384e-5
5.45298e-5
5.26404e-5
-4.71135e-5
4.32091e-5
-3.54647e-5
3.21053e-5
-1.80672e-5
7.14424e-6
-4.42198e-7
-1.75729e-6
1.97648e-6
-2.45043e-6
3.79685e-6
-1.70161e-6
7.41919e-7
-6.62867e-7
-1.79028e-5
-2.00037e-5
2.07832e-5
-1.76426e-5
1.11427e-5
-5.9579e-6
1.44174e-6
8.6502e-8
-1.41919e-6
2.36521e-6
-4.67295e-7
-4.22227e-7
2.12545e-7
1.06635e-5
-4.30841e-6
-7.57119e-7
-1.00628e-5
1.09472e-5
-5.41333e-6
3.01859e-6
-1.05375e-6
1.74007e-7
1.30537e-7
1.50677e-7
-7.68694e-7
4.09266e-7
-2.05169e-7
-7.9814e-8
-3.36699e-7
3.66194e-6
-5.69381e-6
1.96661e-6
-2.46618e-6
1.42113e-6
-6.57907e-8
1.29912e-7
-7.90824e-8
4.61987e-7
-2.00877e-7
-8.62082e-7
1.31994e-7
2.71903e-6
-1.35007e-6
8.45847e-7
-6.63241e-7
-1.03982e-7
1.99139e-7
7.16203e-8
5.01811e-7
7.84736e-8
-5.42473e-8
6.43701e-6
-9.13598e-6
6.42962e-6
-2.18158e-5
3.59377e-5
-2.72256e-5
2.45059e-5
-8.34776e-6
-0.000111109
6.84613e-5
-1.49287e-6
-4.83609e-5
8.31132e-5
-7.72e-5
6.67602e-5
-8.53963e-5
8.62133e-5
-7.81108e-5
7.63923e-5
-9.15299e-5
7.26239e-5
-5.26754e-5
6.79659e-5
-5.60503e-5
-3.0641e-5
3.35864e-5
2.9593e-5
2.43962e-5
-1.27704e-5
-1.51586e-6
-2.33279e-5
6.89666e-6
4.6675e-5
3.93826e-5
-6.02708e-6
-8.0007e-7
-7.81986e-7
-7.78782e-5
-1.82774e-5
1.07602e-5
-1.34577e-5
1.19071e-5
4.02903e-6
-5.891e-6
-3.85736e-6
-2.09678e-6
1.43067e-6
1.10896e-5
-4.78136e-5
1.11956e-5
4.6595e-5
-8.73734e-7
-0.000123555
2.72583e-6
2.6909e-7
-1.3146e-6
-3.38664e-7
-1.24509e-7
1.01717e-7
6.71374e-6
-2.22993e-5
-1.69047e-6
-6.76771e-6
3.73309e-5
-8.02472e-7
-7.66681e-5
6.6909e-7
-1.3382e-7
-3.78629e-7
-5.67281e-9
1.9893e-7
3.90817e-9
1.92144e-8
-1.44891e-5
2.41072e-5
-1.2041e-8
-7.94785e-8
1.13834e-5
-1.80897e-5
7.27433e-6
-4.11652e-5
5.68412e-5
-6.59135e-7
-8.76935e-9
-4.29776e-9
2.282e-8
-5.63514e-9
1.4284e-8
-7.70454e-9
-4.4e-9
-6.6339e-9
0.000103584
-0.00017909
0.00021316
7.51403e-8
-1.94015e-8
5.00052e-9
-0.000108533
0.000124326
-0.000174786
-1.43312e-8
5.47746e-9
3.81296e-9
0.000113129
-0.000118813
0.00013117
1.58345e-8
-7.23379e-9
-1.08279e-9
-0.000110853
9.61747e-5
-7.78914e-5
2.40156e-8
-5.37524e-9
2.83286e-9
7.76849e-5
-6.06196e-5
3.88837e-5
-4.13776e-5
-1.95817e-7
3.13836e-8
-1.60204e-8
2.71677e-9
-3.2747e-5
-1.83081e-5
1.42184e-5
-4.1062e-8
3.28404e-8
2.49211e-8
1.32191e-8
2.38763e-5
-1.2051e-5
-1.26554e-5
1.00244e-5
-5.74934e-6
1.55838e-6
3.04744e-8
1.02413e-8
-1.23045e-8
1.26828e-8
-3.0388e-8
3.63569e-6
2.59465e-6
-1.23521e-6
3.64464e-7
6.78157e-8
-4.97885e-8
1.52172e-8
-7.66829e-9
2.7791e-9
-1.81203e-6
1.14209e-6
1.48089e-7
5.21358e-7
-2.06031e-7
3.30143e-7
-5.69933e-7
-4.08078e-8
8.40987e-8
-4.58479e-8
2.78193e-10
9.41069e-9
-7.89284e-10
-3.72284e-9
-5.1458e-8
6.89306e-8
-1.03763e-7
7.7374e-8
-6.92972e-8
8.03057e-8
-1.91565e-7
1.25329e-8
5.09005e-9
-5.52402e-8
2.64811e-8
1.28837e-9
-1.61797e-8
1.84534e-8
1.06372e-10
-3.94121e-9
1.62894e-8
1.51204e-8
-5.17442e-8
2.6265e-8
-1.30774e-8
5.76756e-8
-1.2766e-8
7.34501e-9
6.58366e-9
-8.81102e-9
8.26855e-9
-1.06163e-9
-6.49018e-9
-5.86575e-9
-3.51097e-9
-2.27488e-9
-1.40622e-8
4.32433e-9
-4.01959e-9
1.55186e-9
-6.09546e-7
1.48883e-5
-1.52461e-5
-2.68477e-5
1.90139e-5
-1.4423e-5
1.95516e-5
4.07203e-5
-2.9227e-5
1.10545e-5
-5.81676e-5
4.29901e-5
-1.62511e-5
7.22868e-5
-5.66471e-5
2.63011e-5
-7.10081e-5
6.09538e-5
-3.39708e-5
4.61585e-5
-5.04797e-5
3.0973e-5
3.28862e-5
-2.1699e-5
-3.00649e-5
1.75611e-5
6.21267e-8
4.64488e-7
-5.77557e-7
-1.95611e-6
1.85665e-6
-6.99268e-8
2.40861e-7
-1.43292e-5
2.17838e-5
-1.2721e-5
-7.74128e-6
5.37513e-6
3.61938e-6
-1.95006e-6
1.70176e-7
-1.01034e-6
2.85543e-7
-6.43244e-8
-1.26314e-6
5.37061e-7
3.47058e-7
-6.33496e-8
5.83669e-7
-3.49678e-6
6.07303e-7
-9.45957e-8
-8.7463e-8
-2.97043e-8
1.41418e-8
2.82801e-8
2.73483e-7
-9.70201e-7
1.58245e-7
-7.5402e-7
-8.30804e-8
-5.20446e-9
-1.3659e-8
1.36369e-10
6.08758e-9
-6.31867e-7
5.23559e-7
3.88199e-8
2.52218e-6
-2.68432e-6
-2.37891e-8
-1.19438e-8
4.50881e-9
-2.5795e-9
-4.30493e-9
-1.66129e-10
3.95424e-10
-1.45418e-5
1.87433e-9
-4.77161e-5
3.06007e-5
6.74439e-7
4.81616e-5
-4.78333e-5
1.40698e-6
3.77334e-5
2.70962e-9
-1.01466e-9
-1.02944e-10
-4.23965e-10
3.56256e-10
8.71042e-11
3.45761e-10
-8.21785e-5
7.2469e-5
-7.2732e-5
-1.78904e-9
4.90166e-10
-1.67354e-10
0.000120387
-0.000101856
9.61709e-5
-5.64903e-10
5.45244e-11
-1.03063e-10
-0.000138625
0.000118402
-0.000106515
3.06244e-11
1.02634e-10
-8.90663e-12
0.000125116
-0.000107135
9.21494e-5
-9.91262e-10
2.34034e-10
-5.61193e-11
-8.95885e-5
6.57449e-5
-6.79592e-5
-4.06766e-10
1.10999e-10
-5.33818e-11
4.89138e-5
3.17529e-5
-1.14882e-9
-6.67165e-11
-8.65787e-11
-3.71495e-5
3.36878e-5
2.39163e-5
-1.46684e-5
1.11587e-5
-6.86826e-9
2.3e-9
-8.58522e-10
4.48225e-10
-7.77134e-6
-3.33286e-6
-2.04479e-9
3.65089e-10
-2.22714e-10
3.31872e-6
-2.68766e-6
-1.10312e-6
-2.25097e-7
5.81475e-10
4.15755e-12
1.99571e-10
2.83529e-10
3.01128e-7
-2.04677e-7
-8.60169e-8
-9.46607e-9
1.21074e-10
4.17979e-10
-1.26057e-10
-1.15288e-10
2.09985e-8
-1.64551e-9
-7.50066e-9
-1.12431e-8
7.22636e-9
2.13669e-9
1.15895e-11
1.48069e-9
-2.07158e-11
-1.48625e-10
1.14869e-9
2.04807e-9
3.65394e-9
-2.34431e-9
2.36218e-9
2.86618e-10
2.36047e-9
2.84116e-9
-9.78399e-10
1.41533e-9
-8.10699e-10
3.78411e-12
-3.33085e-10
-7.45391e-10
-2.24385e-10
8.17866e-11
-3.55922e-10
-1.68858e-10
1.28759e-9
-8.50825e-10
-2.29216e-10
-1.01601e-9
-4.5647e-10
9.30109e-11
-1.84648e-10
2.78281e-10
-6.65789e-11
-3.80346e-11
3.80752e-10
2.7756e-10
1.48836e-10
1.82086e-10
3.21122e-10
6.01572e-11
1.00077e-11
-4.10373e-11
-1.18903e-6
7.38737e-7
5.69678e-6
-2.21699e-5
1.91675e-5
-1.42843e-5
2.13203e-6
1.91044e-5
1.54367e-5
-5.15216e-5
-1.85611e-5
5.39131e-5
1.28996e-5
-4.23372e-5
-9.72319e-7
2.97996e-5
-1.74732e-6
-2.2246e-5
8.1354e-7
2.06427e-5
-2.22414e-6
-1.01416e-5
1.9032e-6
5.3268e-6
4.4637e-8
1.10128e-8
-1.43235e-7
1.43977e-7
-7.64927e-8
2.67744e-7
-2.76369e-7
-4.18635e-6
-3.71159e-7
2.2257e-6
4.26368e-7
-9.7684e-7
1.77684e-8
-5.04605e-8
1.04107e-8
-2.75704e-9
-2.87076e-7
4.65032e-7
1.47303e-7
-2.0287e-7
3.48283e-8
-1.67654e-7
3.52246e-8
-8.44777e-9
-6.26347e-8
7.85066e-8
2.2594e-8
-2.69327e-8
5.51436e-8
-6.18451e-8
7.6121e-9
-9.50229e-9
-7.15681e-9
8.23183e-9
1.81053e-9
-2.48008e-9
4.19727e-7
5.313e-8
-1.91075e-7
3.48938e-7
-2.34363e-7
-7.48236e-8
-1.94476e-10
7.7859e-10
-1.47517e-10
7.66826e-11
-2.80711e-10
1.44553e-10
4.13646e-5
-2.72144e-6
-8.1034e-6
-0.000148191
9.27152e-5
3.59113e-6
-1.47991e-11
-4.44927e-11
-1.14052e-10
2.42734e-11
8.94094e-12
5.51163e-5
-6.16849e-5
2.08702e-11
1.80837e-11
-0.000146843
0.000102848
5.34294e-11
-1.46986e-11
0.000187732
-0.000149422
1.77904e-11
-1.38177e-11
-0.000197782
0.000164793
6.00331e-12
-3.61745e-12
0.000152978
-0.000138921
2.06113e-11
-2.95566e-12
-9.7229e-5
9.6618e-5
7.04452e-12
-1.02036e-11
5.48687e-5
-5.56271e-5
6.99499e-11
1.06501e-12
-2.90299e-5
-1.92447e-5
1.19799e-10
-1.4117e-10
-6.91643e-11
1.40972e-5
-9.71973e-6
-5.50466e-6
7.49723e-6
-2.25612e-11
2.06102e-10
1.5569e-10
1.78619e-6
8.36154e-7
-9.68369e-11
2.72235e-11
-3.66274e-10
-4.5916e-7
1.70672e-7
7.79605e-8
3.86494e-8
3.38798e-11
-7.5675e-12
2.28151e-10
-1.56403e-11
-5.64346e-10
-1.28492e-8
-6.17845e-9
-2.42929e-9
6.26641e-12
1.20032e-11
-8.60646e-12
1.98455e-12
2.67048e-9
-9.71325e-10
-6.12139e-10
-9.27273e-10
2.91343e-11
4.63601e-11
-8.74541e-12
6.57936e-12
-1.05044e-10
1.67464e-10
1.61234e-10
1.35517e-10
-3.10679e-10
3.20246e-11
-8.9195e-11
-8.51447e-12
-2.06673e-11
3.49381e-12
-1.3848e-11
-5.10234e-11
2.12904e-11
1.28865e-11
-1.06335e-10
-4.54499e-11
-1.0498e-10
-1.09595e-10
4.66922e-12
1.08991e-11
-1.37557e-11
1.86763e-12
4.73319e-11
-3.56836e-11
-4.43826e-12
-9.12623e-12
1.82976e-11
2.59943e-11
3.37159e-11
9.41138e-11
1.06221e-10
-2.05958e-10
1.03265e-10
1.70666e-11
5.11915e-6
-5.25057e-5
3.14427e-5
8.42778e-5
-4.49507e-5
8.95691e-6
-6.93355e-6
-7.90458e-5
5.88916e-5
-1.75449e-5
7.9622e-5
-5.65811e-5
1.79723e-5
-4.01007e-5
2.89581e-5
-1.57056e-6
-1.47699e-5
-2.35807e-5
-5.57368e-6
1.91882e-5
2.85001e-5
7.15621e-7
1.30311e-6
-4.40289e-6
1.51415e-5
-1.0583e-5
5.94888e-6
-1.29347e-5
1.2242e-6
-2.3115e-5
2.36603e-5
1.19759e-5
-1.01206e-5
-5.03868e-6
-5.17815e-6
-3.27986e-6
5.13815e-6
4.08467e-6
-8.29292e-9
-5.40773e-8
8.8025e-8
-3.52409e-7
4.07902e-7
-1.0809e-8
-1.88101e-6
2.02579e-6
5.35933e-7
7.19012e-7
3.89441e-7
-6.68887e-7
-4.31736e-7
-1.39944e-11
-3.60701e-9
4.02327e-9
5.73e-9
2.2116e-7
-3.15063e-7
-9.24417e-8
1.17107e-7
-2.55456e-8
-5.38472e-9
6.2984e-9
9.9903e-9
3.42082e-8
-4.36986e-8
-1.06365e-8
1.09957e-8
-8.85398e-8
1.03054e-8
3.95637e-8
1.32172e-7
2.93783e-9
-2.36738e-9
-9.08454e-10
-1.88653e-10
-1.60731e-6
7.50482e-7
9.348e-8
1.06383e-6
-1.89684e-6
6.30542e-7
-1.21483e-10
8.91315e-10
1.49164e-9
-2.05252e-9
1.85081e-10
-2.67333e-10
-8.94434e-11
-1.35832e-6
8.18945e-6
-1.2731e-5
0.0001153
-0.000113685
6.06949e-6
1.42173e-11
4.36624e-11
3.07581e-10
-6.33398e-11
-4.19372e-12
-8.32354e-12
-0.000121154
0.000174839
-1.05311e-11
3.2595e-12
-9.65503e-5
7.62384e-13
-0.000322783
0.000450054
-0.000192945
0.000334171
-0.000523347
0.000285646
0.000281015
-2.62262e-12
-1.02756e-13
5.75454e-12
-1.23937e-13
2.67371e-12
2.17312e-12
-2.17912e-12
1.29772e-12
-0.000340793
0.000365486
-0.000252413
3.27465e-12
-8.39681e-13
1.33435e-12
0.000320655
-0.000297952
0.000192892
5.56499e-13
3.29716e-13
2.50099e-13
-0.000437291
0.000254239
-0.000191012
1.49228e-12
-3.92058e-12
2.69303e-12
0.000146612
9.25472e-5
1.26223e-11
5.37278e-12
-7.54704e-5
4.92601e-6
3.21872e-5
-4.74581e-5
-4.72325e-11
3.24529e-11
-2.30701e-11
1.35275e-11
1.43748e-12
-1.61943e-5
2.30363e-5
1.59622e-10
-3.41463e-11
6.30127e-6
3.36157e-6
-9.3049e-10
-2.7652e-10
-1.43387e-6
-6.95832e-7
1.10747e-7
-9.28997e-7
1.0942e-9
-1.47606e-9
1.68899e-9
-1.94003e-9
-2.18863e-10
4.88313e-8
-3.78319e-10
-4.08173e-10
-3.09973e-10
-4.12289e-8
4.31281e-9
1.45222e-8
5.32837e-9
-6.71697e-11
1.8029e-10
1.36167e-9
-1.06706e-9
-1.97493e-9
-5.86644e-10
-2.93588e-9
-3.91554e-9
8.27438e-13
-1.31052e-10
9.89266e-12
1.85988e-11
3.07446e-10
-9.49412e-11
2.25551e-10
-5.85787e-10
-6.31898e-11
-3.39424e-11
3.49214e-11
-3.22139e-11
4.04825e-11
-5.64634e-11
-8.89559e-12
-2.37695e-11
7.58767e-12
9.26389e-12
8.69763e-12
-1.03493e-10
3.5661e-12
-1.31701e-10
8.02067e-11
-4.40372e-12
-2.23143e-12
5.1072e-12
-4.34011e-12
7.9846e-13
-4.01842e-12
-8.8572e-13
-8.50645e-11
-2.19684e-10
-1.36045e-10
7.03622e-10
2.72536e-10
-2.28362e-10
4.81094e-11
3.45542e-10
2.27486e-11
2.11149e-10
2.14375e-10
-1.1879e-10
5.22742e-12
1.16868e-11
-3.63815e-12
-1.92621e-11
3.26925e-11
3.32368e-10
6.41362e-10
-6.37751e-10
-3.03366e-9
6.08736e-10
-1.04154e-10
-2.17117e-10
-1.13916e-9
-4.98806e-10
-8.72277e-11
-2.05053e-10
-1.4102e-9
-1.18928e-9
4.13759e-9
8.51825e-9
3.25659e-11
3.53225e-6
-3.80027e-5
3.4182e-5
-6.75428e-5
7.11444e-5
-2.37096e-5
6.5378e-5
9.26129e-6
-5.79337e-5
-1.9981e-5
5.34717e-5
-6.48415e-6
1.53651e-5
4.33266e-6
-6.52645e-7
-1.14823e-5
1.85123e-5
-1.97775e-5
1.78401e-5
-1.0763e-5
2.29376e-5
-1.62921e-5
9.81452e-6
6.79279e-6
-2.65274e-6
-3.01536e-6
-1.98889e-6
2.28091e-6
-1.42983e-7
7.41056e-7
-8.77543e-7
3.69511e-6
-1.10948e-6
-1.56898e-6
7.2822e-7
6.48519e-7
4.10701e-7
-5.0969e-7
3.20273e-9
-1.02544e-8
-2.89279e-8
6.71866e-8
-1.0234e-7
1.63576e-8
2.25678e-7
-2.27001e-7
-4.05708e-8
-3.92964e-8
-1.16989e-9
-3.816e-8
1.30005e-8
3.13381e-8
-9.67367e-9
-6.09244e-8
5.97613e-8
-2.28309e-10
1.06556e-8
2.48611e-9
-5.08664e-8
-4.89406e-9
1.74074e-6
-3.3733e-7
-5.24965e-7
-1.40844e-6
2.55153e-7
-1.07405e-10
8.05438e-9
-1.90442e-9
-1.99951e-8
-2.78646e-9
-1.09134e-5
-4.86898e-8
1.04267e-5
-1.47057e-5
-6.67958e-6
-2.99766e-10
1.93958e-9
5.02397e-9
-5.13579e-9
-5.2765e-10
-0.000102136
6.23323e-5
-8.56726e-5
0.000384728
-0.000218761
0.000107153
-2.60672e-11
8.69695e-11
1.29742e-10
-2.65359e-11
4.99446e-12
1.6306e-11
-0.000405296
-1.94135e-11
-0.000192077
0.000365447
-0.000371134
0.000240348
-0.000237147
0.000795154
-2.70771e-12
4.35109e-12
-1.10672e-11
4.15042e-12
-2.91384e-12
8.86983e-12
-0.000166155
0.000263903
-2.08166e-12
6.8964e-12
0.000178453
-0.000332362
-9.59199e-13
5.09664e-12
-0.000232109
0.000418375
-4.23054e-12
7.48685e-12
-1.94935e-5
1.88498e-6
-2.3229e-6
7.21384e-7
-5.97926e-6
-4.71972e-11
3.25932e-11
-2.19852e-11
1.33127e-11
1.89942e-11
-8.14833e-7
6.10678e-6
1.24444e-10
-3.36852e-11
-1.42314e-6
4.9906e-7
4.96522e-8
-1.50475e-7
4.26922e-7
2.12213e-9
-1.97166e-9
2.23145e-9
-1.93821e-9
-2.68931e-10
-6.7777e-8
1.75291e-8
-3.96211e-9
-6.95757e-9
4.57212e-9
2.07069e-9
-2.39345e-9
2.77146e-9
-2.71249e-9
-6.13275e-10
2.47709e-9
1.8209e-9
3.73986e-11
-4.21642e-10
4.7011e-11
-7.73228e-10
-3.37417e-10
1.33552e-10
-2.66969e-11
1.49571e-10
-2.26419e-10
5.02564e-10
-6.31688e-10
1.85195e-10
5.27762e-11
-8.25144e-11
1.70788e-11
7.57878e-10
-8.93148e-10
4.98177e-10
4.37871e-10
2.83531e-11
1.18899e-11
-5.84836e-12
9.91635e-13
-3.24727e-12
-1.09762e-9
2.43845e-10
-6.67537e-10
-9.49323e-10
2.43353e-9
7.65346e-12
3.69539e-13
8.37603e-12
-3.78558e-11
-3.06802e-11
6.03024e-11
5.48441e-11
3.28365e-9
1.85033e-9
2.88567e-9
1.62039e-9
5.4833e-10
8.78297e-11
9.33316e-11
3.37777e-11
-2.10481e-10
8.0375e-10
9.03945e-10
5.78328e-9
-1.69677e-9
-3.47913e-8
-4.87528e-9
-4.06238e-9
2.95378e-9
-1.4196e-8
-1.13025e-8
-1.66583e-9
-2.52249e-9
-3.78744e-9
-2.17792e-8
3.53387e-8
1.22472e-7
3.68799e-8
-3.81196e-5
-4.94111e-5
2.53423e-5
6.32646e-5
-1.57415e-5
-7.60265e-5
3.68475e-5
0.000104444
-5.23906e-5
-8.25836e-5
2.25613e-5
-1.61132e-5
-6.00551e-6
-2.7898e-5
3.19979e-5
-3.91925e-5
3.83496e-5
-2.27606e-5
4.00344e-5
-7.74213e-6
1.13818e-5
2.32238e-6
-2.06828e-6
-3.89559e-7
-2.33059e-7
9.95895e-8
-9.3641e-8
3.8233e-6
-3.20446e-6
1.31164e-5
-4.25526e-6
-5.06668e-7
-2.12434e-7
1.72223e-7
2.05993e-7
-1.33179e-7
7.11081e-8
-3.63016e-7
3.44564e-7
-8.79176e-7
4.18849e-7
1.18062e-7
-8.69392e-9
-2.80134e-8
-2.11079e-9
-7.63326e-8
1.72208e-7
-4.5091e-7
3.80055e-7
9.86346e-8
9.31376e-8
-3.09372e-7
4.02236e-7
-1.31067e-6
1.15702e-6
5.70603e-8
3.49892e-9
-1.53368e-7
8.39416e-7
6.83969e-7
-3.62943e-6
8.57441e-6
3.42736e-6
-3.70011e-9
2.36103e-8
-4.79495e-9
-4.17186e-8
-6.74855e-9
2.93846e-5
-2.52636e-5
2.84994e-5
-0.000149664
-3.30029e-5
2.82966e-10
4.16822e-10
1.72412e-8
2.41827e-9
-1.62999e-10
-0.000462403
0.000312756
-0.000212014
0.000996709
-0.000680039
0.00031845
-2.72162e-10
9.347e-10
-1.74051e-10
-1.58167e-9
1.11252e-10
-2.40176e-10
-0.000825534
-6.40493e-11
-6.64683e-6
0.000379562
-0.000363688
4.43044e-5
-0.000188785
0.000485892
-1.84336e-5
0.00093909
-3.15473e-11
8.13445e-11
-2.18044e-11
8.44809e-11
0.000251893
-0.000456697
-2.90539e-5
-1.96391e-11
4.9671e-11
-0.000197272
0.000260569
-7.25541e-6
-1.2263e-11
6.79749e-11
7.27665e-5
-7.75472e-5
7.15384e-5
-3.06596e-11
7.81827e-11
2.55453e-6
6.35393e-6
-1.50725e-5
-5.37568e-6
1.63919e-6
-5.13935e-11
1.88888e-11
-4.60106e-11
3.1669e-6
-1.15347e-6
1.58714e-10
-6.68358e-11
-2.95492e-7
5.32293e-8
-3.74323e-8
-5.08661e-9
-6.86074e-8
2.12298e-9
-1.45783e-9
1.69037e-9
-9.6367e-10
1.44334e-10
3.80081e-8
-7.14657e-9
-3.52661e-9
2.03447e-9
-1.10454e-9
2.97572e-9
-2.75115e-9
3.10974e-9
-2.51623e-9
-5.18898e-10
2.09119e-10
8.09956e-11
1.78794e-10
1.73318e-10
-9.61631e-10
1.14089e-9
-7.98321e-10
-5.42063e-11
-4.81914e-12
-2.8504e-11
-3.09284e-9
1.54328e-9
2.00652e-9
-2.63564e-11
1.87256e-11
1.3972e-11
-1.66436e-12
4.35923e-9
-2.91103e-9
-1.65492e-9
7.7781e-9
-5.30519e-11
-6.70681e-13
-1.0925e-11
-2.13207e-11
-5.02434e-12
-8.92074e-9
-3.46066e-10
-7.94922e-9
-5.04974e-9
9.71765e-9
1.13595e-10
-4.11756e-11
-2.31281e-11
-4.41125e-10
-1.97637e-10
2.7194e-10
-3.82603e-9
7.40532e-9
4.6063e-8
3.1816e-8
1.28507e-8
1.30905e-8
3.6721e-10
2.31528e-9
-2.06568e-9
1.53759e-9
6.43138e-9
-6.45929e-9
9.49947e-9
1.78323e-8
7.16773e-8
-1.84062e-7
-2.60507e-7
3.89185e-8
-4.24316e-8
4.74875e-8
-1.94935e-7
-2.75371e-8
-2.94627e-8
-9.46803e-8
2.71493e-7
-2.25076e-5
-2.10819e-5
1.53095e-5
2.19504e-5
1.13252e-5
-4.43811e-6
-1.98587e-5
-2.16131e-5
2.64773e-5
-2.40967e-5
4.87159e-6
7.21635e-6
4.7441e-6
2.26493e-5
-2.63207e-5
-1.343e-5
5.83533e-6
1.22269e-6
1.90675e-7
1.4318e-8
1.22568e-6
5.58917e-6
-6.32229e-6
1.31496e-5
-9.2923e-6
3.09404e-9
-2.81668e-8
-2.78214e-8
6.86983e-10
1.18921e-8
-1.65073e-7
-5.99786e-7
3.89944e-7
-1.87943e-6
6.85941e-7
1.14166e-8
3.52422e-8
-2.68293e-8
-9.88733e-9
5.82485e-9
-3.25917e-7
-2.72871e-7
3.93079e-7
7.24319e-8
1.3895e-7
-3.39242e-7
-1.02019e-6
-6.80911e-7
8.67482e-7
3.41588e-7
2.89095e-7
-8.99482e-7
-3.22551e-6
-1.77622e-6
2.30313e-6
1.30343e-7
2.02385e-9
-3.2741e-7
-1.23432e-5
9.46225e-6
-4.11707e-6
4.09849e-5
6.42336e-6
-2.04062e-8
9.00823e-8
3.15039e-9
-1.67775e-7
-3.79274e-8
0.00011434
-9.587e-5
4.05995e-5
-0.000332034
-5.67749e-5
3.04251e-10
-2.99659e-9
-3.32314e-9
7.72554e-9
3.37422e-9
-0.000853019
0.000707963
-0.000420637
0.000679354
0.00119808
-0.00106161
0.000397101
-1.22723e-9
4.30927e-9
1.16347e-9
-3.30822e-9
7.27778e-9
-0.000701652
-4.37567e-10
3.87727e-10
2.9014e-10
-2.45404e-10
-1.97101e-10
-1.14693e-10
-2.49456e-10
7.64328e-5
6.85861e-11
-2.82974e-10
-3.4086e-5
1.69914e-5
1.95309e-12
1.57962e-11
4.0551e-6
-5.91151e-6
-4.73768e-11
3.33278e-7
1.24217e-7
-7.87975e-11
2.20857e-10
-4.10505e-8
-4.14608e-8
9.81852e-9
-4.07166e-9
1.1452e-9
-2.71942e-10
2.72873e-10
-1.07381e-9
5.47479e-10
3.20691e-9
1.862e-10
2.10186e-9
3.0212e-9
-2.50309e-9
1.89944e-9
3.49072e-10
-1.94155e-10
-9.75591e-10
1.64709e-12
3.73344e-10
-3.33963e-11
-3.15041e-9
1.76495e-9
4.47279e-9
-6.74177e-11
1.56719e-11
5.43539e-11
-1.01985e-8
3.95677e-9
8.06216e-9
-1.19615e-10
2.35303e-11
7.90192e-11
-6.54666e-9
-5.97737e-9
2.61529e-8
1.15899e-10
-2.3694e-10
1.9318e-12
5.56235e-11
3.99277e-8
-2.00932e-8
-6.56839e-9
2.06854e-8
5.66945e-11
-1.91639e-10
-2.28991e-10
-2.10196e-10
3.59928e-10
-7.36267e-8
-1.96215e-8
-7.57635e-8
-8.46626e-8
5.7481e-8
-1.79793e-10
1.4385e-9
-2.82217e-9
4.98945e-10
7.47479e-9
-9.15576e-9
1.26385e-8
5.38484e-7
-2.75073e-7
5.08047e-7
5.93446e-7
3.65616e-7
4.17247e-8
1.45136e-7
-4.52739e-8
3.29e-8
-1.92207e-8
-1.76015e-8
5.99635e-8
7.68388e-8
1.15176e-7
1.15109e-7
-1.67354e-6
1.90935e-7
-1.92028e-6
-3.97126e-5
2.84162e-5
5.99503e-5
-7.92686e-5
5.03806e-5
-7.04785e-5
9.57881e-5
6.43896e-5
-8.91179e-5
-4.17566e-5
6.42431e-5
2.19653e-5
-3.84875e-5
-1.85498e-5
2.20263e-5
2.24521e-5
-1.63931e-5
7.36093e-7
-1.23373e-6
-3.67391e-9
3.44679e-8
4.64632e-6
7.15981e-6
-3.82309e-6
-1.10428e-5
2.27096e-6
-2.64813e-6
5.74828e-7
-6.68951e-8
5.93486e-9
2.12127e-8
-8.16546e-9
6.71029e-10
-3.19225e-7
-1.99571e-7
1.15142e-7
8.59033e-8
-1.54154e-6
5.43072e-7
-7.44874e-9
2.34134e-9
-3.98871e-10
-3.55198e-7
-1.54655e-8
1.08677e-7
-1.12655e-7
8.5869e-9
4.00176e-8
-9.05107e-7
1.93908e-8
1.32987e-7
2.46244e-7
4.69759e-7
-8.49056e-7
-2.4443e-6
6.75292e-8
3.64444e-7
8.71587e-7
6.98407e-7
-2.57989e-6
-6.09928e-6
8.36698e-8
9.25255e-7
5.57498e-7
2.91826e-7
-1.43558e-6
-2.56203e-5
1.86694e-5
-2.38732e-6
8.61982e-6
6.06004e-5
2.11391e-6
7.06492e-8
-2.67902e-7
-5.22484e-8
2.25665e-7
0.000307777
-0.000159092
2.83194e-5
-0.00011369
-0.000582317
-2.88073e-5
-1.03641e-8
6.43907e-8
-9.89964e-9
3.53344e-8
-8.27833e-8
-1.91429e-8
-3.44064e-5
-0.000557069
0.000602538
-0.000185016
0.000573377
8.51318e-5
-0.000568689
3.36222e-9
-1.48207e-8
-1.31304e-9
2.2363e-9
-5.47704e-9
-0.00110478
0.000559218
3.27367e-10
3.42272e-10
0.0012632
-0.000919848
8.07592e-10
-2.17582e-9
-0.000933671
0.000694186
3.03083e-10
-2.25173e-9
0.00047228
-0.00034596
5.31011e-10
2.67339e-10
-0.000188537
0.000106466
1.10457e-9
-4.43001e-9
0.000114402
-0.000106398
5.27586e-10
-2.07403e-9
8.95303e-6
1.57102e-5
-9.8971e-10
-4.47866e-6
-1.87384e-6
-6.16335e-10
5.31496e-9
-4.29909e-8
-3.30922e-8
-1.69525e-10
1.71023e-10
1.83927e-10
-1.33528e-9
1.69936e-8
2.49242e-10
-2.21492e-9
-3.42172e-8
-1.83628e-9
2.28443e-9
-6.78349e-9
1.45415e-8
6.52139e-10
-1.14631e-9
-2.85731e-9
1.65375e-9
1.66012e-10
-2.60783e-9
9.85487e-9
-7.14607e-9
-7.76501e-10
1.7682e-9
7.67453e-11
-2.00889e-8
-2.07431e-10
3.8641e-10
2.57235e-10
-3.32443e-8
-5.40977e-9
5.58456e-8
-4.61437e-10
-4.60388e-10
3.60499e-10
-1.61274e-8
-1.15175e-8
1.04848e-7
4.12558e-10
-9.4704e-10
-2.00089e-10
-1.53444e-8
-2.93136e-8
4.23654e-8
-1.39562e-10
8.41719e-10
3.96403e-10
-4.42512e-10
1.0622e-9
3.13368e-7
-1.20915e-7
-6.11815e-8
3.80247e-8
-5.4832e-10
-2.14008e-9
-3.85034e-9
5.48585e-9
1.3645e-8
-9.45731e-9
-1.0614e-6
-1.7539e-6
-9.63905e-7
3.32036e-7
-5.10771e-8
5.45045e-9
2.79534e-8
-6.52387e-8
1.64252e-7
1.25914e-7
-1.17345e-7
-2.11632e-7
-2.35122e-7
-3.53382e-7
1.10839e-6
5.18972e-6
-7.06156e-7
-7.30926e-6
6.41535e-6
7.21042e-6
1.80847e-6
6.11981e-7
-3.67062e-7
1.19958e-7
6.02908e-7
6.02863e-7
8.31573e-7
-5.14189e-9
-1.42219e-5
3.61026e-6
6.55916e-5
-7.30422e-5
-9.7015e-5
8.724e-5
9.49851e-5
-9.03247e-5
-7.17596e-5
7.22836e-5
4.54928e-5
-4.76749e-5
-2.76831e-5
2.3219e-5
1.49101e-5
-7.46233e-6
-6.99462e-7
1.67626e-6
6.94118e-6
-2.01789e-6
-1.85022e-5
3.15439e-5
-1.09582e-5
-4.46408e-5
2.88539e-7
-5.93218e-7
-1.35493e-8
1.00612e-8
-7.7663e-8
2.36633e-8
1.70519e-6
-6.71381e-7
1.91189e-6
-1.06912e-6
-5.75744e-9
2.49489e-9
-1.01036e-8
4.36459e-9
-5.59794e-8
-4.6627e-8
2.04502e-8
-1.72921e-7
4.7136e-8
-6.16017e-9
1.87948e-8
-1.02126e-7
-1.42217e-7
8.28975e-9
1.24681e-8
-5.59347e-7
2.36922e-7
-5.95072e-8
-3.71671e-7
5.41308e-8
1.79209e-8
1.01476e-6
3.7806e-6
-4.71744e-6
-8.19969e-7
1.19797e-7
4.48632e-8
4.24582e-6
8.75647e-6
-1.02986e-5
-3.15496e-6
1.07609e-7
6.45764e-7
8.75117e-8
7.3341e-7
-1.80283e-6
-8.30478e-7
2.87638e-6
4.50284e-5
1.47692e-5
-1.62984e-5
-5.82543e-6
-2.91833e-7
1.13251e-6
3.06976e-7
-1.08534e-6
-0.000220958
0.000428979
-0.000243583
0.000141092
0.000255434
0.000114074
4.70395e-8
-2.38997e-7
3.57176e-8
-9.95553e-8
2.07127e-7
2.33988e-8
0.000884595
-0.000968929
0.000380459
-0.000894486
-0.00138992
0.00118974
0.001414
-0.000183669
-3.44485e-9
7.79884e-9
2.47063e-9
9.75139e-9
0.00140476
-0.00125422
-0.00144165
1.1356e-8
-3.89999e-8
-0.00103331
0.000971932
0.00104911
-1.28451e-9
-1.07431e-8
0.000585523
-0.000589868
-0.000559411
5.05346e-9
1.0663e-8
-0.000285934
0.000253207
0.000227248
1.76829e-8
-6.04125e-8
0.000123127
-6.93899e-5
-0.000108697
-9.26695e-10
-2.30848e-8
-6.27783e-6
1.56001e-5
3.00633e-6
-5.58662e-10
1.44486e-8
-8.65145e-9
-3.04129e-7
3.65061e-8
-6.02215e-9
1.02647e-7
-5.68298e-7
6.41616e-9
1.56489e-8
1.50491e-7
-3.20518e-8
8.68196e-9
-8.25174e-9
4.63003e-9
-4.42839e-8
-3.34029e-8
2.42041e-8
1.4439e-8
-3.65731e-9
-2.69538e-8
2.78965e-8
1.23009e-10
-5.62345e-9
7.05665e-8
-1.0392e-7
-1.29852e-9
3.77641e-9
4.96626e-12
-1.86288e-7
4.55296e-10
1.38496e-9
2.16533e-9
-8.57174e-8
-3.57011e-7
4.79196e-7
7.50697e-10
-1.0259e-8
-2.03837e-10
3.93591e-8
-2.16532e-7
3.15364e-7
-2.67094e-9
2.10313e-9
-3.57384e-11
9.94131e-9
3.08676e-7
-1.31742e-7
8.01557e-8
-2.98023e-8
-1.05805e-8
2.60346e-9
8.18081e-9
-4.77381e-9
-1.19383e-6
4.74263e-6
-1.09313e-6
3.02032e-7
-2.41738e-8
-4.32012e-8
4.44372e-8
2.99006e-7
-2.11548e-7
-2.24482e-5
4.27326e-6
-4.3469e-5
-1.67104e-5
4.23974e-6
-1.34848e-6
6.80226e-7
-1.28109e-6
6.1524e-7
-1.8814e-6
-1.67483e-6
-1.6689e-6
-2.11367e-6
-1.98786e-6
1.0039e-5
3.11154e-5
3.57748e-5
-0.000100386
0.000149295
2.83825e-5
1.01775e-7
1.12602e-5
-4.69117e-6
2.26215e-5
-3.06566e-5
-0.000146063
-2.02077e-5
1.64779e-5
4.0431e-5
-1.74144e-5
8.0139e-5
-3.75384e-5
-0.000103554
9.15271e-5
-7.54984e-5
6.04422e-5
-2.36211e-5
4.30229e-6
-1.74786e-6
5.32425e-7
-1.15716e-6
-1.11071e-6
7.96119e-8
4.31884e-7
2.30137e-7
2.09869e-7
4.9964e-6
-1.6641e-6
-8.27128e-8
2.44408e-8
-1.34821e-7
5.29425e-8
2.3076e-7
-6.7541e-8
4.94061e-7
-1.95782e-7
-1.66003e-8
4.38301e-9
-5.87999e-9
-2.29973e-8
-5.09947e-9
-6.89718e-9
2.28585e-9
8.52899e-10
-1.14554e-8
3.24969e-9
1.37394e-7
-7.95161e-7
-1.58e-7
1.09247e-6
-1.02572e-8
-1.30328e-9
9.01192e-10
2.63009e-9
-4.5084e-6
1.21543e-5
-2.54768e-8
-4.83191e-9
5.1247e-9
-1.20595e-9
-6.66493e-6
2.95438e-5
-1.39839e-7
5.27693e-9
2.37044e-8
-2.6362e-8
3.24136e-6
-1.22325e-6
-8.96097e-6
2.55529e-5
5.24624e-6
2.06788e-6
-1.52078e-6
-6.06344e-7
-3.85049e-6
1.15311e-5
3.43874e-6
-9.62624e-6
-7.49442e-5
-4.69728e-5
3.32777e-5
1.68636e-5
7.58359e-7
-2.24454e-6
-3.96664e-7
1.06935e-6
-9.60616e-5
3.54399e-5
4.81931e-5
9.66132e-5
0.000347687
-0.000152454
-5.18654e-5
-2.06177e-8
-1.22825e-8
-1.52419e-8
4.64e-8
-1.36439e-8
1.6382e-8
-5.19214e-8
8.02056e-8
1.20313e-7
-1.04809e-7
1.4926e-7
1.48667e-7
-1.62124e-5
3.49159e-8
4.24474e-6
-1.70349e-5
-9.91113e-6
-5.03918e-6
-4.09132e-8
4.38506e-8
-1.0719e-8
-2.54217e-7
5.8284e-7
4.05104e-6
-6.97143e-7
-4.77137e-9
-3.60191e-8
1.4924e-7
-9.7127e-7
5.41611e-8
-5.69345e-8
3.5647e-7
-9.88665e-8
1.22569e-7
-9.0281e-8
2.25239e-8
-8.39583e-8
-3.96948e-7
2.74178e-7
1.54527e-8
-7.39297e-9
-1.36025e-7
3.50875e-7
-2.51689e-10
2.60653e-8
4.01953e-9
8.42427e-8
-1.09974e-6
-1.10773e-9
-8.92315e-10
-6.09812e-9
7.67427e-9
1.9241e-7
-1.68546e-6
2.86854e-8
2.34476e-8
1.39072e-8
-1.33687e-7
2.6377e-7
-1.06855e-6
1.00576e-8
-1.6695e-7
-7.00188e-8
3.63659e-7
1.81319e-7
-1.88503e-7
-1.66183e-7
-1.44106e-8
4.35218e-8
3.51135e-9
-9.91638e-9
-1.02048e-6
4.14483e-6
-7.07157e-7
1.42166e-7
-3.47975e-8
3.78584e-8
1.1663e-7
6.2053e-8
-1.8788e-5
8.93231e-5
-1.70205e-5
3.14513e-6
-5.76343e-7
-8.92937e-7
5.18343e-7
1.14093e-5
6.82096e-6
0.000359585
0.000143855
-0.000409169
-0.000356658
7.0834e-5
-2.04352e-5
-1.39533e-7
-5.42926e-7
6.55744e-6
-2.48031e-5
-2.76164e-5
5.0023e-5
-0.0001888
0.000604354
-0.000497078
0.000450167
-5.97469e-5
3.82545e-5
8.10667e-5
-4.45665e-5
-8.30249e-5
6.87058e-5
7.44917e-5
-8.55261e-5
-9.11533e-5
9.97323e-5
2.93865e-5
-1.57127e-6
-4.85089e-6
-3.22451e-5
7.64675e-6
-8.76652e-6
-5.41623e-6
2.00299e-6
-1.7866e-5
5.43354e-6
3.14697e-5
1.03518e-5
-1.55728e-6
2.58183e-7
-1.27862e-6
8.99283e-7
-1.87446e-7
1.06559e-7
4.15195e-7
-8.96306e-8
-2.57243e-7
5.43203e-8
-1.3858e-7
2.1479e-8
1.56114e-8
-3.38139e-9
6.66058e-8
-1.25262e-8
-4.86143e-9
-7.33663e-9
-1.13607e-8
4.32919e-8
-2.73253e-9
1.99055e-6
-4.12178e-7
-4.33052e-7
5.56674e-10
2.07622e-6
-9.27376e-6
1.36766e-5
-2.08427e-9
-1.62512e-5
-5.41875e-5
6.06716e-5
-4.77776e-9
-7.78624e-5
-8.93677e-5
0.000156063
3.9214e-7
1.70538e-7
-1.07176e-7
-6.9871e-9
-3.05037e-5
7.16872e-5
2.37614e-5
-5.12411e-5
-1.26446e-5
-5.26591e-6
4.14952e-6
1.41821e-6
5.88084e-6
-1.35154e-5
-2.54563e-6
5.10525e-6
-1.03259e-5
3.3293e-5
-3.68992e-6
-1.69843e-5
-3.30903e-7
6.14001e-7
4.1066e-7
-2.00969e-8
-1.43449e-7
-0.000757905
0.00101774
-0.000431217
0.000461223
0.00105084
-0.000574111
-0.00136857
0.00031353
1.59115e-7
-2.75091e-8
8.42412e-9
-1.32728e-6
-0.00107601
0.000872752
0.00121874
-6.83697e-7
2.85037e-6
0.000941211
-0.00106199
-0.00097548
4.28463e-7
-1.42709e-6
-0.00110634
0.0012134
0.000736989
-2.94547e-7
3.86288e-7
0.000344651
-1.21565e-5
-0.000271111
-4.42796e-7
1.76792e-6
-4.99873e-5
-0.000387889
4.17317e-5
-2.99114e-7
1.85866e-6
8.67786e-5
-8.60568e-5
-7.42244e-7
8.72371e-7
-1.63771e-5
2.36819e-7
2.16876e-6
-1.11995e-5
1.56126e-7
-9.44083e-7
8.30647e-6
-2.35609e-6
-1.32687e-7
6.59632e-9
4.87393e-7
-1.40139e-6
3.79747e-7
-1.44865e-7
1.84003e-7
-3.31685e-8
1.15174e-6
-7.62959e-7
3.12444e-9
-3.6899e-8
-2.99352e-6
1.8676e-6
-1.41401e-8
3.69404e-6
-2.95513e-8
1.65747e-6
5.25193e-6
-8.12448e-6
-6.32474e-8
2.28759e-7
5.08972e-6
-5.44739e-6
6.05236e-7
4.69154e-7
3.81913e-7
-2.57114e-6
-5.27284e-7
-1.96529e-7
6.92938e-7
-3.74038e-7
1.93536e-6
-7.66693e-7
1.48299e-6
-1.91216e-6
-3.84812e-7
4.48414e-7
-2.43857e-7
-4.27006e-7
-1.5822e-5
7.71428e-5
-8.92441e-6
1.70252e-6
2.409e-6
3.70896e-7
1.46401e-6
3.69433e-6
-0.000336741
0.00176818
-0.000324308
5.0037e-5
-1.01707e-5
-2.12457e-5
5.82399e-5
-1.37879e-5
-6.99419e-5
1.14972e-5
0.000180831
-0.000153818
0.000110809
0.000478629
-0.00129358
-0.00193241
0.00610689
-0.00465847
0.00120943
0.000267656
-0.000743726
0.0003926
6.17592e-5
-0.00174236
0.00700382
1.44347e-5
-7.86674e-6
-2.31507e-5
1.03621e-5
-2.16031e-5
2.54981e-5
-6.2543e-5
2.93444e-5
6.7581e-5
-6.79391e-5
6.08171e-5
-3.80831e-5
5.96127e-5
-0.00011899
-3.54779e-5
7.15222e-5
-2.20615e-6
1.69357e-5
-4.71524e-7
7.92099e-8
-2.86798e-6
5.09483e-7
-5.34815e-6
9.29262e-7
-1.3468e-6
2.5494e-7
-6.76465e-8
1.10713e-7
3.98191e-8
-1.51196e-7
-1.00242e-7
5.57993e-8
2.11677e-8
-2.67738e-7
1.06241e-9
1.33924e-8
-6.36629e-8
2.15116e-8
-3.63662e-8
1.53839e-7
4.07988e-7
2.47285e-6
-2.30969e-6
-3.15707e-6
3.44045e-9
-8.46403e-9
1.34735e-8
-9.64212e-9
1.14065e-5
-4.28285e-5
7.91534e-10
7.94383e-10
1.21213e-9
1.39979e-10
4.61894e-5
-0.000181385
2.98617e-9
2.90099e-11
-1.21247e-11
7.04591e-10
9.68454e-5
-0.000215477
2.30707e-8
-4.49748e-9
-8.10774e-10
-2.50588e-10
-0.000140791
0.000225684
9.52218e-5
-0.00014901
-1.1572e-6
-3.23652e-7
2.64679e-7
6.43843e-8
2.664e-5
-4.32718e-5
-7.50097e-6
5.71934e-6
5.6882e-6
7.0206e-6
-2.84177e-6
-2.48681e-6
-6.24165e-7
-2.90869e-6
-7.48916e-7
9.04077e-6
0.000132405
-0.000157385
3.74317e-5
-6.57217e-5
-0.000237822
0.00011383
-1.58221e-5
-1.92052e-6
4.97231e-6
2.26825e-6
-2.12084e-6
-0.000279193
-6.71951e-6
0.00033806
3.34821e-6
-7.25262e-6
9.07802e-6
2.92325e-6
-8.75536e-7
-0.000483367
0.000757156
-6.13759e-6
7.97463e-6
-1.44304e-5
0.000643025
-0.00129231
-3.28789e-6
6.97147e-6
-0.000381178
0.00077426
0.000109071
3.80635e-6
-5.24898e-6
-2.33911e-5
0.000177975
-5.6593e-5
2.51601e-7
-8.21374e-7
9.83973e-6
-1.42124e-5
-6.44006e-9
-1.03203e-6
1.9312e-6
-5.27056e-7
-8.98105e-7
2.34947e-7
1.83258e-7
-6.08331e-7
1.8918e-6
-6.03331e-7
-1.64669e-7
2.2761e-7
6.57932e-6
-4.02057e-6
-1.3416e-7
-1.6611e-6
7.08101e-7
-1.23807e-5
7.64224e-6
1.44654e-7
5.26486e-8
5.00429e-8
-5.18027e-7
-6.90576e-6
1.34307e-5
-5.58581e-8
-1.68084e-7
3.05597e-7
1.89083e-7
-4.69349e-6
1.9833e-5
-1.10141e-6
-4.5739e-6
-1.52149e-6
1.3173e-5
1.96267e-6
1.6687e-5
2.01277e-6
4.88157e-7
2.7043e-7
-1.38598e-5
3.74859e-7
-4.55716e-6
7.86539e-6
3.73657e-5
-5.50354e-6
-2.16754e-6
2.0178e-5
-6.72084e-6
2.67541e-5
-3.20788e-6
-1.03862e-6
-4.71423e-5
6.03086e-6
-1.12826e-5
-2.26669e-5
-0.000307575
0.00162029
-0.000114839
2.21196e-5
0.000138923
5.34032e-6
3.46281e-5
9.56607e-5
-0.000287362
-0.0207364
-0.00735627
0.0253946
-0.00394523
0.000783393
0.000190981
0.00145261
-0.000670055
-0.00228902
0.00194623
-0.000932415
0.000289834
0.017963
-0.0196052
0.0388266
-0.0341933
3.87859e-5
-1.73896e-5
-5.89116e-5
1.05475e-5
4.6091e-5
9.57778e-6
-1.37616e-6
3.74636e-5
3.53184e-6
-9.44995e-7
1.61391e-6
-3.19199e-6
1.62672e-5
-6.43856e-6
-2.50828e-5
-1.838e-5
-0.000189458
0.00022383
-7.3407e-5
7.17438e-5
1.7216e-5
-2.43423e-6
2.45519e-7
-1.10791e-6
-5.95506e-7
1.61068e-6
-1.45546e-6
4.1131e-7
-1.43073e-6
2.0644e-7
-3.1631e-7
9.22785e-7
-4.47853e-7
4.532e-7
-1.64228e-6
-4.92291e-7
1.4389e-6
-2.08187e-6
2.03508e-6
1.36006e-6
2.06737e-7
-4.72633e-6
-1.08964e-7
2.89307e-6
2.70051e-5
-4.90239e-5
2.34357e-8
7.02338e-5
0.000119974
-0.000205846
-3.64301e-9
0.000341156
0.000356417
-0.000530897
-4.63044e-10
4.06887e-10
-0.000311419
0.00018512
-4.00964e-8
-1.78731e-8
1.37043e-8
-1.06683e-8
5.48386e-5
-3.3349e-5
8.45407e-6
-7.89483e-5
1.14718e-6
7.38582e-7
-3.27565e-7
-1.91674e-7
1.33691e-5
-5.58317e-5
-1.84851e-5
6.64018e-5
2.61038e-5
-5.98571e-7
-9.92929e-6
1.52949e-5
1.08743e-6
-1.18857e-5
2.68627e-5
-6.78849e-6
-3.28259e-5
3.49555e-6
1.56461e-5
-1.38531e-5
-9.62089e-6
0.000506865
-0.000797346
0.000393473
-0.00028373
-0.000732479
0.000127629
0.00084083
-0.000371393
1.23236e-5
-4.42194e-5
-2.98976e-5
3.55924e-5
0.000560824
0.000186204
-0.000829285
3.14616e-5
-2.09066e-5
-3.3386e-5
0.000549034
2.20847e-6
-5.135e-6
0.00251242
-0.00207392
1.39684e-5
-2.26792e-5
2.03144e-5
-0.000793257
0.000777283
4.83671e-6
-5.03521e-6
0.000191279
-3.4519e-5
-1.31236e-5
6.33263e-7
-4.94255e-7
3.919e-6
-1.50567e-5
-2.29538e-6
-2.07568e-7
1.95024e-6
-1.70139e-6
-3.50039e-6
9.65823e-7
1.80511e-6
1.14769e-5
-4.59381e-6
6.49797e-6
-4.67426e-6
1.34728e-6
2.16306e-5
-1.28529e-5
-5.07658e-7
-2.81319e-5
2.03611e-6
-1.88494e-5
-4.72458e-5
5.48672e-5
7.93759e-6
-2.42186e-5
-5.78582e-5
5.33107e-5
-3.87362e-5
6.80177e-5
1.15e-5
-0.000103042
9.25007e-5
-0.000146388
-9.32784e-5
0.000346516
3.48094e-6
-6.79739e-6
-6.46471e-6
5.17296e-6
-0.000709542
0.000172037
0.000114867
-0.000535087
-0.000116438
0.000334537
-2.29146e-5
5.52339e-5
0.00092557
-0.000294073
-0.000244896
0.00049987
-0.00842316
0.0304023
0.00170233
0.000508504
8.04767e-5
-0.000428691
0.00259168
-0.00334692
0.00221317
-0.0034425
0.011606
0.00942632
0.00582854
-0.0103127
-0.0327979
0.00771197
-0.10367
0.0773864
-0.027328
-0.0105331
0.00511467
-1.68082e-6
-1.64153e-5
8.23098e-6
1.86309e-5
-1.55066e-5
1.80994e-5
-3.81948e-5
-0.000121646
9.16549e-5
0.000100409
-5.48314e-5
-7.75065e-5
-8.05333e-5
-4.28321e-7
2.8851e-6
-3.61285e-6
-5.35745e-6
1.37872e-6
3.68526e-6
-7.77954e-6
-0.000120419
0.00021982
-3.54587e-5
5.97143e-5
1.04003e-5
-9.22674e-6
-6.04763e-7
1.32583e-6
-3.47829e-6
2.554e-6
1.2759e-6
8.07998e-7
-1.02058e-6
-1.07017e-6
1.83048e-7
-1.17176e-6
-1.56538e-6
4.57291e-6
2.7419e-7
-4.70927e-7
8.59948e-7
-4.25019e-7
8.94469e-7
-1.60726e-6
-7.24672e-6
-7.63905e-5
6.37568e-5
8.02979e-5
4.0816e-8
-1.32033e-7
1.31316e-7
-4.75548e-8
-0.00017109
0.000204489
5.15602e-9
-1.36697e-8
1.51608e-8
-8.34371e-9
-0.000357198
0.000449892
6.85784e-10
-4.82878e-10
6.77445e-11
-1.06503e-9
0.000388113
-0.000325624
-0.000174839
6.6296e-5
-2.97068e-9
-1.79788e-9
-2.53394e-5
0.000156149
7.06419e-8
4.6985e-8
-1.26084e-8
-7.49859e-8
2.6783e-7
6.6859e-5
-0.000165894
7.05551e-5
-0.000120704
2.61034e-6
-7.71547e-7
-2.2487e-7
-1.16087e-6
2.01264e-6
-5.41624e-5
8.46131e-5
-1.51702e-5
-3.2944e-6
5.52816e-6
8.57618e-6
9.59341e-6
-0.000149732
0.000251807
-8.73124e-5
5.44562e-5
0.000227129
2.06199e-5
4.77367e-5
-2.82745e-5
9.42229e-5
5.67911e-5
-0.000135539
-9.55235e-5
0.000100541
0.000259858
-7.64992e-5
-0.000639213
3.96953e-5
-0.00184039
0.0014601
3.49385e-5
-3.24091e-5
0.00145714
-0.000881994
-0.000340985
-3.88211e-5
3.04219e-5
-0.000914555
-0.000966442
1.0215e-5
0.00244036
-0.00129029
5.35025e-6
-1.73553e-5
1.02024e-5
-0.000374525
0.000634424
2.69064e-6
-1.63312e-6
0.000113069
-0.000111179
-9.41682e-6
1.01707e-5
-4.02842e-5
3.96532e-6
-2.90378e-6
2.27431e-6
-1.05311e-7
-1.26263e-5
3.12579e-5
-7.9216e-6
-8.25795e-6
4.48471e-6
-5.11834e-7
-3.7185e-7
-3.54135e-5
1.85659e-5
1.96295e-7
-9.45905e-6
8.22224e-6
4.60066e-5
-2.24323e-5
-3.1111e-6
-1.71282e-5
-5.2545e-6
4.37334e-5
6.50616e-5
-6.78111e-5
9.7335e-6
-9.29123e-5
-4.49382e-5
0.000170023
9.97893e-5
-6.7979e-5
0.000156812
-0.000257133
-0.00017576
0.000287602
4.75414e-5
0.000440055
-0.000211248
-0.000595063
0.000316572
-0.000627314
-4.9175e-5
-0.000582121
0.00118742
0.000624262
-0.00186807
-5.44659e-5
-0.000110829
0.000416938
-8.5268e-5
0.00063847
-0.0021036
-0.000506706
0.00174529
-0.00384966
0.01298
0.00307992
0.000281183
-0.000300906
-0.00435263
0.00112237
-0.00494222
-0.000944879
0.00697652
-0.022311
-0.0140515
0.0816901
0.0765786
-0.110186
0.0320199
-0.0912958
0.0457236
-0.0221906
0.0323711
-0.0247718
0.0174477
0.00288723
-0.0434781
0.0696049
1.4595e-5
-3.43985e-5
3.88575e-5
-4.35994e-5
3.45449e-5
-2.85372e-5
3.06783e-5
-3.92831e-5
2.52453e-5
0.00012289
-4.50139e-5
-8.22385e-5
-6.60655e-5
1.87653e-5
-9.79744e-6
1.05108e-5
-2.88151e-5
-2.85322e-5
5.00892e-5
5.66995e-6
6.05689e-6
-1.58896e-5
9.5926e-6
2.42303e-6
-6.59257e-7
2.5414e-6
-4.50872e-6
2.75389e-6
-3.53482e-6
6.34245e-6
1.81251e-6
-2.10281e-5
6.1978e-5
-3.74813e-5
-7.74798e-5
-1.39276e-6
7.25991e-7
4.5734e-5
-8.00275e-5
-1.18482e-7
3.91019e-8
8.45563e-5
-0.00019043
-2.81617e-8
2.00427e-8
0.000221101
-0.000299732
-3.81332e-9
3.95494e-9
0.000128851
0.000155813
7.45618e-10
4.53076e-10
-2.12729e-9
-3.85072e-10
0.000149603
-0.000385825
-0.000233166
0.00047671
1.47687e-10
1.4228e-8
0.000342061
0.000145502
-0.000309598
1.5041e-8
1.66329e-7
2.40309e-7
-0.000123074
-4.96666e-6
-1.88839e-5
6.94148e-5
-3.47544e-5
-1.07882e-5
-8.02048e-6
7.63385e-5
5.77933e-6
-5.92491e-5
0.000156207
-0.000226813
-0.000182947
0.000274941
0.000318105
-0.000212755
-0.000479482
0.0001395
0.000654993
-7.36407e-5
-0.000795255
3.55082e-5
0.000514486
-1.77583e-5
0.00168172
-0.000753875
-3.33775e-5
2.34939e-5
-0.000986933
-0.000744517
1.01842e-5
0.00050912
-0.000283683
9.76577e-8
-8.97693e-7
1.12183e-6
0.000115055
-7.56867e-7
-0.00013946
-1.50719e-7
5.94512e-7
-4.2826e-6
1.83322e-5
8.84571e-6
-3.5823e-6
3.93457e-6
0.000120426
-0.00010267
-6.67294e-6
1.20316e-6
5.09778e-5
-5.33855e-5
-5.23183e-5
2.08619e-5
8.51547e-5
-0.00013037
-5.83651e-5
8.98393e-5
0.00023994
-0.00033306
-1.12472e-5
0.000112399
0.000266674
-0.000390104
-0.000384618
0.000135409
0.00107653
0.0011071
-0.00210677
0.000236863
0.000148017
-0.00135346
0.00105587
0.00328964
-0.00183555
0.00583237
-2.04186e-5
0.00147016
-0.0107253
0.0038871
-0.00691982
-0.00128849
-0.00192412
0.0161384
-0.0260348
0.00865105
0.0148116
-0.0366834
0.0472753
-0.0882034
0.025805
-0.0255104
0.0128747
0.0504332
-0.0635359
0.0519124
-0.0343956
0.0117785
0.0112161
-0.0229687
0.0399718
3.01988e-5
-4.60334e-5
4.08096e-5
4.47826e-5
-5.61393e-5
5.0973e-5
-3.63556e-5
1.97742e-5
-1.02555e-5
9.03293e-6
-1.21485e-5
3.82372e-5
5.9324e-5
-5.95101e-5
-2.77704e-6
2.2413e-5
-3.11169e-5
1.42609e-5
-2.71468e-5
2.51902e-5
3.13004e-5
-2.52905e-5
3.03123e-6
2.54134e-6
5.72696e-6
-1.06612e-6
-2.36857e-6
-3.18749e-6
-6.39805e-6
1.23187e-5
-9.45154e-6
-1.6758e-5
-8.45736e-6
1.09071e-5
1.77996e-5
-1.66482e-5
2.52265e-5
6.59278e-6
-4.14065e-6
-2.80296e-5
6.47157e-5
2.25083e-6
7.15872e-6
-9.277e-7
0.000102069
0.00020263
-0.000213485
1.49926e-7
0.000129202
0.000149687
-0.000119969
-4.12811e-8
-1.15314e-8
9.37507e-5
-0.000382468
9.41255e-9
-3.49221e-9
0.000576654
-0.00063155
-1.38261e-9
4.76762e-10
1.19449e-9
-3.21392e-10
-6.36892e-9
-0.000373966
0.000541092
-0.000375744
0.00036945
-7.35707e-8
1.90513e-8
2.48033e-10
8.03377e-8
1.27481e-7
0.000204604
-0.000218329
1.01119e-6
3.47688e-7
3.31605e-5
-0.000111772
-1.28192e-6
-2.39766e-6
3.06225e-6
-1.21353e-5
4.93138e-5
-0.000110119
0.000192259
-0.000266946
-0.000137607
0.000387246
0.000273735
-0.000403012
-0.000438966
0.000334641
0.000570018
-0.000218482
-0.000626385
0.000113324
0.000591561
-4.69676e-5
-0.000499541
1.65204e-5
0.000759217
-1.01266e-5
0.000870456
-0.000958428
-1.91381e-5
1.22918e-5
-0.000122519
0.000386613
-0.000229728
3.52654e-6
-2.50165e-7
8.54468e-7
-3.47063e-6
-0.00024497
0.000818976
9.30343e-8
-3.03589e-8
0.000148306
-0.000563576
0.000415525
0.00018558
-0.000356084
1.27195e-6
-9.27455e-7
4.24185e-8
-1.3745e-7
-0.000139214
0.000177798
-9.1362e-5
-3.54844e-6
1.83838e-7
9.74381e-7
0.00023704
5.0668e-5
-7.91394e-6
-7.33222e-5
-9.27297e-5
-0.000188804
-0.000167866
-0.000336748
0.000318455
1.63797e-5
0.000192831
9.55866e-5
-0.000667128
0.00054531
-0.00168089
0.0033669
0.000726296
-0.000536463
-0.00540531
-0.00342158
0.00766883
-0.00158806
0.0021225
0.00221466
-0.00153316
-0.0115431
0.0182051
0.00985739
-0.0211229
0.00307418
-0.00614177
-0.00676791
0.0046175
-0.00395605
0.027574
-0.0224611
0.0383149
0.0291249
-0.0471932
0.00827579
-0.040889
-0.0130865
0.0184728
4.07325e-5
0.0107967
0.0552792
-0.0804769
0.0885733
-0.0799672
0.0568282
-0.0288809
0.00401658
0.01448
-0.0380143
0.0490304
-4.79428e-5
5.68677e-5
4.81331e-5
-3.92625e-5
1.79506e-5
6.61202e-6
-2.31033e-5
2.63141e-5
-1.88098e-5
4.59993e-6
-8.00171e-6
4.34885e-7
-5.30569e-5
3.88867e-5
-2.95582e-5
-3.5557e-5
6.77273e-5
-2.30025e-5
3.396e-5
5.73701e-6
6.48214e-6
2.09952e-5
-1.5287e-5
1.11591e-5
-1.81828e-5
3.09297e-5
-4.71592e-5
-7.9073e-6
5.47663e-6
7.55704e-5
-0.00014688
1.95819e-6
-1.44851e-6
2.14923e-6
-1.5175e-6
-3.12476e-6
-0.000185433
0.0002527
-0.00018923
0.000160784
8.85298e-7
-1.62155e-6
1.18631e-6
-6.1944e-7
-9.26072e-5
-3.70103e-6
2.03506e-7
-4.96775e-7
3.50719e-7
-1.5262e-7
-5.38293e-8
-9.62948e-7
0.00013987
-0.000315766
0.00052509
1.12571e-8
-1.63311e-9
-0.000616645
0.000610615
3.55892e-10
-2.44951e-9
7.09799e-9
-0.000508553
0.000360682
-0.000260561
-3.16447e-8
7.80739e-8
-3.80277e-7
0.000123078
6.55276e-5
9.34182e-5
-0.000196136
-2.13726e-6
1.09698e-5
-4.70007e-5
-0.000279605
0.000351957
0.000133422
-0.000446923
-0.000274606
0.00047736
0.000430402
-0.000403599
-0.000528335
0.000266958
0.000510572
-0.000133736
-0.000384967
4.80094e-5
0.000221136
-1.06883e-5
-0.000110954
1.43356e-6
-0.000345177
8.57234e-7
-0.000361397
1.54228e-6
0.00312928
-0.00260895
3.29873e-8
1.0966e-7
-1.99514e-7
0.00142647
-0.00081065
0.000499149
8.85007e-7
-1.34953e-7
4.65635e-8
-0.000201063
-9.79466e-5
0.000431068
9.16445e-6
-3.21749e-6
-0.000928734
-0.000437947
0.00144709
-0.000190586
0.000163668
3.83545e-5
-2.19981e-5
0.000549886
-0.00162985
-0.000767906
0.00200263
0.000914041
-0.00183741
0.000485676
-0.000307795
-0.00170174
0.0021836
0.00101649
-0.00046862
0.000817638
0.000973443
-0.000723425
-0.00116126
0.00262374
-0.00445921
-0.00146125
0.00119122
-0.00144875
0.00702313
-0.0105179
-0.00373937
0.00237502
0.0156595
-0.0234582
0.0330131
0.0174309
-0.00919161
0.00585646
-0.0483868
0.0641967
-0.0336719
0.0603601
-0.0100776
0.0432753
-0.0343466
-0.0630301
0.082023
-0.0960146
0.0918435
-0.0702257
0.0399762
-0.0123685
-0.00641616
0.0165322
-0.0146173
-6.28148e-5
9.52192e-5
-7.20697e-5
-4.5206e-5
4.16283e-5
-3.25822e-5
1.70722e-5
8.99471e-6
-3.90203e-5
6.02469e-5
-6.42509e-5
5.39456e-5
-4.0957e-5
3.11035e-5
3.44295e-5
-4.96229e-5
-3.23321e-5
3.26623e-5
-2.6288e-5
7.16159e-5
-4.45911e-5
3.24434e-5
8.25405e-6
3.85502e-6
-1.63429e-5
-2.14398e-5
1.47835e-5
-1.0394e-5
3.1475e-5
-4.95481e-5
7.0902e-5
7.15137e-6
-4.63691e-6
-9.65962e-5
0.00013671
3.07699e-6
-2.43292e-6
1.51825e-6
-0.000196809
0.000186129
-0.000126771
-8.24402e-7
4.83175e-7
4.13789e-5
6.72161e-5
-2.45737e-7
1.09847e-7
5.04556e-8
-0.000189016
0.000275815
-0.000366465
-1.91692e-8
6.03171e-9
0.000433828
-0.000421269
-7.76629e-10
-3.37881e-10
6.45245e-9
0.000341286
-0.00023277
0.000129136
-5.87912e-9
-3.63627e-8
6.24355e-8
-1.28118e-5
-0.00015125
0.000227716
-1.83299e-6
1.10747e-6
-1.12712e-6
8.33917e-6
-1.24695e-5
0.000263881
-0.000427642
0.00027866
3.9577e-5
-0.000397186
-0.000100373
0.000450972
0.000205362
-0.000454417
-0.000319446
0.000376961
0.00036819
-0.000236618
-0.000290696
9.92419e-5
9.12303e-5
-1.55954e-5
0.000184304
-1.20617e-5
-0.00056915
1.20641e-5
0.00105776
-6.21587e-6
0.00219739
-0.00275001
-2.81908e-6
3.75652e-6
-0.00241378
0.00235398
-0.00254128
0.00174495
-1.74132e-8
-1.24586e-7
-1.16353e-7
-0.00138332
0.000954873
-0.000575547
-1.21552e-7
1.71177e-7
-2.90903e-8
0.000145571
0.000364168
-0.000896072
-8.14497e-6
1.77839e-6
0.0014789
-0.00213076
-0.000177803
-7.62045e-5
2.65714e-5
0.00229493
-0.0022642
0.00184091
-0.000824221
0.000439086
-0.00124222
-9.54154e-6
-0.00175228
0.00124748
0.00115484
-0.00244675
0.00440717
0.00222779
-0.00150603
0.0016754
-0.00711834
0.0110428
0.00481353
-0.00334152
-0.0172551
0.027713
-0.0398079
-0.015464
0.0101015
-0.006888
0.0664689
-0.0684348
-0.0617097
0.091263
-0.0360763
0.0389387
0.0352944
-0.0349093
0.0214919
-0.0481459
0.053555
-0.0647279
0.0771867
-0.078131
0.0624472
-0.0358559
0.00950883
0.00872494
-0.018984
0.0218763
-0.0474131
2.3208e-5
-7.55628e-5
7.3032e-5
-2.07787e-5
1.41562e-5
2.03678e-6
-2.83714e-5
5.95811e-5
-8.34362e-5
8.91539e-5
-7.47068e-5
5.26753e-5
-4.14319e-5
3.54048e-5
-3.16959e-5
1.78149e-5
-8.81882e-5
7.03289e-5
-3.60123e-5
-6.2265e-7
-1.22668e-5
2.37998e-5
1.91614e-5
-1.23017e-5
7.91859e-6
-4.1379e-5
6.06957e-5
-8.08159e-5
-5.05342e-6
3.09261e-6
0.000102237
-0.000106932
-2.46217e-6
2.82198e-6
-1.29185e-6
0.000160394
-0.000169626
0.000106436
4.99623e-7
-4.13331e-7
-1.98345e-5
-6.35987e-5
1.88633e-7
-1.61681e-7
-1.745e-8
0.000180048
-0.000178387
0.000179335
1.20167e-8
-5.24736e-9
-0.000204203
0.000203982
-8.6662e-11
6.48099e-9
-3.96569e-9
-0.000161277
8.96216e-5
2.15467e-7
2.4252e-8
-9.80769e-8
1.29009e-7
-0.000136775
0.000233186
-0.000249323
1.49936e-7
-9.25915e-6
8.89108e-6
0.000349353
-0.000233062
-2.42276e-5
0.000383226
6.03781e-5
-0.000390478
-0.000119745
0.0003479
0.000176611
-0.000253767
-0.00017201
0.000114118
5.36651e-5
9.21206e-6
0.000171359
-6.7518e-5
-0.000433877
6.08907e-5
0.000727208
-2.99341e-5
-0.00136382
1.29152e-5
0.00179452
-2.63119e-6
-0.00216236
0.00188149
-0.00161187
9.32575e-8
-2.56399e-7
9.25809e-7
0.00136672
-0.00100364
0.000629453
-5.31223e-7
4.23474e-8
-5.72048e-8
-0.000155752
-0.000448016
0.00111698
-5.81835e-7
1.0478e-6
-0.00153574
0.0026145
0.000251781
4.67135e-5
-6.50708e-6
-0.0022894
0.00221849
-0.00154744
0.00148229
-0.000698557
0.000489074
0.000583588
0.00354871
-0.00220242
-0.00100402
0.00185319
-0.00349947
-0.00267511
0.00142738
-0.00247383
0.00595632
-0.00999549
-0.00509434
0.00366716
0.0166406
-0.0327571
0.065302
0.0139399
-0.00977191
0.00701903
-0.0826565
0.0692517
-0.0681505
-0.0331086
0.0257904
-0.0186072
0.0169683
-0.0118544
0.027966
-0.0395043
0.0432456
-0.0345192
0.0157965
0.00403419
-0.0164522
0.021083
-0.0274162
0.0307961
1.4926e-5
2.35015e-5
-3.00158e-5
-6.57479e-6
-1.01164e-5
3.21262e-5
-5.88741e-5
8.16411e-5
-8.90649e-5
7.85802e-5
-4.99763e-5
3.57619e-5
1.85568e-5
-2.43544e-5
-9.37896e-6
-8.29926e-7
-2.1745e-5
1.40943e-5
-7.6058e-6
1.90565e-5
-2.33584e-5
-9.67677e-6
8.21161e-6
-4.63713e-6
4.11096e-5
-5.77476e-5
7.14111e-5
3.27006e-6
-1.59373e-6
-8.44664e-5
0.000111109
1.07647e-6
-1.93808e-6
1.093e-6
-0.000104852
0.000178467
-9.1044e-5
-5.22318e-7
2.19725e-7
7.39683e-7
4.89922e-5
-1.71276e-7
1.50493e-7
-1.04627e-8
-9.57721e-5
5.44653e-5
-4.06136e-5
-2.59543e-9
4.82062e-9
6.53151e-5
-7.11874e-5
-2.48141e-9
-4.99451e-9
-1.96572e-8
6.41504e-5
-2.92346e-5
-6.1161e-6
4.60828e-8
-1.33972e-7
5.99715e-7
4.09359e-5
1.10611e-5
4.36553e-6
-8.30588e-5
2.59113e-6
-1.7774e-5
1.99065e-5
-0.000643535
0.000791273
-3.1039e-5
0.000344603
5.39923e-5
-0.000200304
-6.67569e-5
8.03737e-5
2.75034e-5
6.84341e-5
0.000100354
-0.000173033
-0.000306454
0.000193049
0.000533405
-0.000143329
-0.000637719
6.9567e-5
0.0010061
-2.60448e-5
-0.0010851
0.00106019
-0.00110205
0.00126656
4.77022e-8
-3.87871e-8
-1.48192e-6
-0.00132708
0.000910178
-0.000623764
1.54922e-7
-7.69396e-8
-1.26051e-8
0.000316942
0.000105772
-0.000534353
4.07943e-6
-1.07893e-6
0.000837452
-0.00125522
-0.000209917
2.97047e-5
-1.35429e-5
0.000965713
-0.000728853
0.000244944
-0.00234992
0.000906615
0.000361771
-0.000573369
-0.00635765
0.00400807
0.000556367
-0.00126123
0.00263743
0.00264856
-0.00357198
0.00613508
-0.0037702
0.00698973
0.00434607
-0.00323216
-0.00874355
0.0130326
-0.0192788
-0.0117501
0.00774152
-0.00562244
-0.00256462
0.00466791
-0.0153009
0.0128634
0.0547043
-0.0326771
0.00658735
-0.00160134
-0.00318991
0.000398344
0.00962319
-0.0206895
0.0262375
-0.0219105
0.0234113
-0.020605
0.0175166
4.52786e-6
-1.01485e-5
-4.41528e-6
1.97809e-5
-6.66891e-6
-1.6826e-6
1.2359e-5
-2.50997e-5
4.30771e-5
-5.86523e-5
6.76042e-5
-5.22158e-5
3.46019e-5
-2.34099e-5
1.71981e-5
1.13893e-5
-7.47119e-6
-4.18104e-6
8.64033e-6
-4.69837e-6
9.77754e-6
-5.32822e-6
9.96802e-6
-1.68179e-5
2.27258e-5
3.50132e-6
-4.26615e-6
3.22552e-6
-2.78224e-5
4.28478e-5
-5.08333e-5
-3.09961e-6
2.9719e-6
5.55267e-5
-5.87691e-5
2.28185e-7
-2.2945e-6
-0.000117919
6.02845e-5
-3.48454e-7
2.32187e-7
1.52927e-7
1.29769e-5
-1.94856e-7
1.39787e-7
-1.87047e-8
2.98765e-6
-5.54859e-8
2.77521e-8
2.84646e-5
-2.34826e-5
-3.87297e-9
-9.69632e-9
-3.31603e-5
3.0227e-5
1.21284e-8
9.40983e-9
3.17131e-8
-2.56647e-5
4.67902e-6
1.55365e-5
-2.09308e-8
2.02214e-7
-3.81947e-7
-3.83452e-5
0.000115605
1.65029e-6
-3.70425e-6
0.000188945
-0.000248534
-0.000200702
0.000179948
-9.90715e-7
2.00485e-5
-1.93979e-5
-0.000568652
0.000253399
1.42915e-5
-0.000130408
-1.79591e-5
7.47183e-6
1.09618e-5
9.32537e-5
3.36715e-5
-0.000273649
-0.00013083
0.000346912
0.000286296
-0.000330295
-0.000364876
0.000189158
0.00052934
-8.54254e-5
-0.000626572
2.14391e-5
0.000730234
-0.000579751
0.000772807
0.000525542
9.27182e-7
4.39771e-7
-4.99676e-7
1.04693e-6
-4.12943e-6
-0.000786808
1.07591e-7
0.000962093
-0.000721036
0.000427087
2.9387e-7
-7.45794e-8
4.86249e-9
-0.000481177
0.000345179
-0.000174638
1.36401e-6
-7.3036e-7
5.37176e-5
-2.1088e-5
-0.000226679
-5.59567e-6
1.0454e-6
9.57603e-6
-4.00486e-5
-0.000147157
-8.26011e-5
0.000215709
-0.000395095
-5.66457e-5
-2.46993e-5
-0.00238783
0.00291387
-0.00281487
-0.0016221
0.00115013
6.04959e-5
-0.00039818
0.00275518
-0.00354158
-0.00292991
0.00222735
0.00245166
-0.00180428
0.00176901
0.00734845
-0.00438835
0.00289972
0.0314565
0.0317869
-0.0542316
-0.000892163
-0.0229298
-0.0594812
0.0126364
0.0149515
-0.00945286
0.00462586
-0.00664054
0.0485248
-0.0262071
0.0430636
-0.0295782
0.0252858
-0.0264418
0.0302954
-0.0245467
0.021201
-0.0169065
-6.77457e-6
2.32485e-6
2.82535e-6
-1.36777e-5
1.5151e-5
-2.50592e-5
3.13101e-5
-3.45776e-5
2.62379e-5
-1.5562e-5
-5.85123e-6
4.04137e-6
1.04596e-6
-1.24574e-6
-3.67675e-6
2.2965e-6
4.66866e-6
8.07253e-6
-6.77267e-6
-1.22163e-5
1.31466e-7
9.94664e-7
-2.27954e-5
1.71089e-5
2.8594e-5
-3.02959e-7
-5.0653e-7
-2.98769e-5
2.69771e-5
7.37995e-7
1.16162e-6
-7.12071e-7
-1.76062e-5
1.55219e-5
-4.72152e-6
3.1891e-7
-2.32883e-7
-5.67025e-6
3.29902e-6
-7.80543e-6
8.19599e-7
1.46053e-7
-1.3453e-7
7.77322e-7
6.21331e-7
2.22878e-6
-3.66302e-6
6.00637e-8
-3.64666e-8
8.00631e-6
-2.19372e-6
1.80599e-9
2.70876e-8
-3.54816e-6
-6.56456e-8
1.94496e-6
1.51878e-7
-3.00896e-7
-1.68123e-6
-2.35757e-8
-1.21587e-5
-5.22213e-7
1.11242e-6
-2.73403e-6
0.000234429
-0.000126403
-9.34065e-6
0.000241859
-4.14351e-6
1.88413e-5
-1.09028e-5
0.000108011
-0.000339883
5.16483e-6
0.000163146
4.66724e-6
-0.000214094
-3.86595e-5
0.000527256
8.75884e-5
-0.000536999
-0.000162407
0.000403214
0.000225305
-0.000287071
-0.000245445
0.000111346
0.000145971
-0.000248594
0.000202472
-0.000268576
7.07927e-7
-1.6531e-6
3.04837e-6
0.00037074
-0.000450955
0.00051064
-0.000715242
0.000589149
6.17567e-8
-1.52961e-8
-0.00063709
0.000642301
-2.61013e-7
1.45144e-7
-0.000655605
0.000407114
2.99446e-6
1.03597e-8
-0.000328702
0.000258378
3.04953e-5
-1.21969e-6
-2.98973e-6
-3.11884e-6
-0.000377114
0.000460915
1.12602e-5
-1.31622e-5
4.60281e-6
1.6117e-6
-0.000888636
0.000953753
0.00129715
6.14016e-5
8.87574e-5
-5.4869e-5
-0.000541582
-0.000254636
0.000906623
-0.000519147
0.000185595
-0.00126331
0.00146018
-0.00726704
0.00157378
-0.00117715
0.00164472
-0.0693161
0.141149
0.0756307
0.00266753
-0.00129393
0.00161828
-0.00278061
-0.141478
0.063215
-0.113961
0.0495974
-0.0368527
0.0304597
-0.0254483
0.0211507
-0.0135142
0.00389778
-0.00537268
-1.78166e-6
8.21813e-6
-2.40654e-6
1.37207e-5
-9.15162e-6
-7.21873e-6
1.05731e-5
-1.2762e-5
1.74763e-5
-1.25237e-5
7.54199e-7
-9.28912e-7
-3.49426e-7
-3.15837e-7
3.60289e-7
-7.49552e-8
1.93851e-6
-1.32029e-6
2.78583e-7
-5.48955e-6
1.47299e-6
-3.2015e-6
3.80768e-6
4.43079e-6
-4.13331e-6
-8.33265e-7
1.5433e-7
-1.32785e-8
-1.51581e-7
2.77145e-7
6.03823e-6
-1.06935e-5
-1.66833e-5
9.13495e-6
1.05981e-7
-2.21549e-7
1.4866e-5
-6.89857e-6
-1.15826e-5
-1.04605e-7
1.48393e-7
7.43814e-6
-3.34225e-7
-8.69861e-8
8.27075e-8
-1.08657e-7
-3.33485e-7
-6.10612e-8
6.02816e-8
-4.59174e-7
9.05108e-7
-3.76193e-8
1.74258e-8
-7.86458e-7
5.83581e-9
-4.59134e-8
1.08583e-6
-8.25414e-8
-3.87829e-9
4.55484e-8
-7.32166e-7
6.08636e-8
1.43416e-7
-2.03147e-7
3.59083e-7
-3.18127e-7
4.50394e-7
1.02281e-7
4.34734e-6
1.78888e-6
1.09968e-5
-2.05882e-5
4.34531e-7
-1.43782e-6
2.05578e-6
7.32619e-5
-0.000135083
-5.13164e-6
9.51337e-6
-0.000486949
0.000360188
0.000179842
-6.76596e-6
0.000183387
-1.50704e-7
3.71445e-6
-2.82723e-6
-0.000231336
0.000110091
-5.81502e-6
0.000388242
2.15048e-5
-0.000805934
-4.60269e-5
0.000954619
0.000107777
-0.00064261
-0.000108016
0.000371012
2.13279e-6
-1.47604e-5
2.3347e-5
-6.10543e-5
-8.99443e-5
1.67827e-6
6.51422e-6
8.56324e-6
-1.28661e-5
-7.39186e-5
0.000154691
-2.2686e-6
-0.00021479
0.000245522
-0.000208058
-0.000326972
-1.86837e-7
3.21311e-7
-2.05574e-8
1.38634e-7
4.69673e-7
0.000625239
-0.000675889
0.000746447
0.000692186
-0.000734519
-6.22389e-9
-1.47195e-8
3.38205e-8
-3.38662e-8
0.000620137
-0.000412611
-4.99393e-7
1.10271e-7
0.00019503
-0.000186466
-1.21553e-6
1.47512e-6
0.000153293
-0.000138685
-1.21694e-5
4.18385e-6
0.000182336
-0.000122037
-0.000133401
4.59072e-5
0.000107731
0.000318732
0.000114092
-0.000342348
0.00047073
-0.000684744
-0.000703081
0.000768026
0.000751921
-0.000445386
0.000241477
-0.000500475
0.00084744
0.00150328
-0.0121079
0.0108923
0.0413551
-0.000561873
-0.000699836
0.00050764
-0.000608776
-0.0847921
-0.257438
0.224353
0.0956027
0.0951148
-0.000723029
-0.000623745
0.000417178
0.000166888
-0.125928
0.154855
-0.031169
0.0300258
-0.0298988
0.0221009
-0.0151518
-0.00225209
0.00136009
-1.58429e-7
5.31631e-6
-2.39091e-6
5.11293e-6
-8.2016e-6
5.62604e-6
5.34798e-6
-8.27593e-6
3.93753e-6
5.11137e-6
5.78991e-9
2.16438e-7
3.34364e-8
1.98201e-6
-1.98895e-6
-3.62453e-6
3.35656e-7
-6.85845e-7
-1.05522e-6
5.41189e-7
1.29457e-6
-1.62852e-8
-5.67291e-8
3.36481e-6
-1.42684e-6
-3.35236e-6
6.86106e-8
-2.99453e-8
2.84735e-8
-3.20767e-8
2.48862e-6
4.98225e-6
-1.64019e-6
9.42301e-9
2.91158e-8
-3.86427e-6
1.04982e-6
-4.26799e-10
1.10769e-8
1.57845e-8
8.38425e-9
-1.66802e-8
1.99425e-8
1.22896e-8
2.25896e-7
-1.76914e-8
1.57295e-8
1.36277e-8
-1.07093e-8
-1.05857e-7
3.22182e-8
-1.0471e-8
1.1029e-8
-2.98211e-7
1.11186e-7
-9.29304e-8
-8.5858e-9
1.65222e-8
-2.14062e-8
-4.68096e-8
-1.47648e-7
5.49346e-8
-5.92081e-8
3.03265e-6
2.82369e-7
3.35253e-6
2.90137e-7
-1.7357e-6
1.49449e-6
-0.000133327
0.00013731
-2.23876e-6
6.28494e-6
-0.000382887
0.00020643
4.95805e-5
-1.36513e-6
1.57223e-6
-7.51093e-5
-5.48811e-7
9.77774e-6
-1.79475e-5
0.00201571
-0.00164085
1.55032e-5
-0.00128592
2.7077e-5
-5.70255e-5
3.71284e-5
4.38864e-6
-4.26565e-6
-2.08663e-5
3.60846e-5
0.000144931
5.47077e-5
-0.000132312
-0.000454378
4.30258e-5
-2.20012e-5
-4.08825e-5
7.42233e-5
-0.000103171
0.00017005
-0.000290755
-5.06275e-7
-5.00434e-7
0.000414266
-0.000491444
2.12998e-8
1.04735e-7
0.000527555
-0.00059094
-0.000324008
0.000312952
1.01196e-7
-6.28404e-8
-6.56381e-8
3.70743e-8
0.000228579
-0.000221398
0.000157786
-2.64358e-7
9.55505e-5
-7.08404e-5
5.38021e-5
-2.29008e-7
2.3011e-5
-4.97361e-6
2.0091e-5
-4.35663e-6
-4.67318e-5
4.71114e-5
-5.29857e-5
0.000134438
3.25918e-5
-0.000136075
-8.16517e-5
3.2126e-5
1.53818e-5
2.58467e-5
-6.17489e-5
0.000155091
0.00176181
0.00281909
-0.000152352
3.47601e-5
-0.000193716
0.0869557
-0.0849388
-0.267155
0.143067
0.0942614
0.0243819
0.000665911
-0.00208368
0.00361104
-0.00161401
-0.000148658
0.000227111
-0.0441598
0.0454253
-0.0513627
0.0305964
0.0103245
-0.0131015
0.00880243
-1.65678e-6
-3.35132e-7
1.5909e-6
2.40286e-6
-2.38305e-6
-2.60936e-6
2.37225e-7
-8.64683e-7
-1.17462e-6
4.60854e-7
-4.72225e-8
4.67499e-7
1.19335e-6
-8.17389e-7
3.46217e-7
2.73099e-7
3.64385e-7
2.5779e-7
-2.70882e-7
-7.38907e-8
4.57003e-8
-4.63271e-7
1.1452e-7
1.54504e-8
-3.88726e-9
1.03221e-8
-1.4198e-7
4.59282e-7
-1.18527e-7
1.12614e-6
-3.18367e-7
3.00874e-9
-2.92518e-9
-7.22019e-7
1.56493e-7
3.86159e-7
-9.73951e-9
-4.55117e-9
3.92598e-9
-8.8493e-8
4.71553e-7
-2.19703e-7
-1.06687e-9
-1.00715e-9
-1.13951e-7
7.44036e-8
2.28395e-8
-4.89362e-10
3.49802e-9
-6.24129e-9
-6.00411e-8
9.40908e-9
-8.17867e-8
2.08492e-8
5.73694e-9
-5.97378e-9
3.13747e-8
-3.04084e-9
4.70807e-8
-1.54718e-8
4.45742e-9
-5.18681e-9
1.94798e-8
4.1633e-9
-1.01492e-8
-5.27684e-8
1.51956e-7
-5.17549e-10
-9.24042e-10
-7.59045e-7
1.08493e-7
-4.53421e-9
-4.63679e-8
-4.42368e-7
2.51789e-6
2.13918e-8
-1.04589e-7
-3.20782e-5
9.86751e-6
4.87353e-7
-3.20783e-5
-1.68724e-7
-5.42045e-7
7.7125e-7
-9.04993e-5
5.49226e-5
-4.04648e-7
9.81568e-7
5.23594e-5
-1.1975e-5
1.47163e-6
-1.13211e-6
-8.84902e-6
-0.000120051
8.98616e-6
0.000309836
-4.628e-6
6.59771e-6
0.00175052
-1.22762e-5
-5.58324e-6
1.21333e-6
3.64987e-6
-8.62349e-6
-0.000523726
-0.000729902
0.000704849
0.000389448
-0.000424622
0.000804569
0.00154695
-4.42161e-6
0.000196865
9.92058e-6
-0.00010438
-3.85483e-6
8.27966e-6
-1.71658e-5
4.68847e-5
3.14368e-5
-7.77977e-5
1.16805e-6
-2.77403e-7
-1.9718e-6
1.4657e-5
0.000104281
-0.000221339
-0.000119883
0.000266282
-1.6105e-7
-3.76548e-7
6.81058e-7
1.21333e-6
-0.000281964
0.000126979
1.03068e-8
-4.53731e-8
-7.45147e-5
6.77859e-5
1.25043e-7
4.46623e-8
1.5178e-8
-3.71266e-8
-1.74996e-5
1.7947e-5
5.36423e-7
-1.48755e-7
-1.13669e-7
9.36118e-9
2.5579e-6
-1.31175e-6
1.88023e-6
1.75259e-7
7.97227e-7
-1.83312e-7
7.3387e-6
-1.60974e-5
-6.11594e-6
-1.0829e-5
-9.29792e-6
3.14878e-6
-6.93824e-6
-3.98498e-6
8.40757e-5
9.81129e-5
-0.000520885
-0.000287665
-6.49014e-5
7.28538e-5
1.4134e-5
1.84722e-5
0.00149979
0.00633051
-0.0201114
-0.0203208
8.52007e-5
-6.97515e-5
-0.000235712
8.12839e-5
0.0429487
-0.0724958
-0.080093
0.0420953
0.000329288
0.0556304
-0.0184806
-0.0290673
0.00355734
0.00117851
-0.0156381
-0.000374255
0.010879
-0.00708915
-0.00229882
0.00116462
0.0259461
-0.022049
4.71944e-8
1.48454e-8
9.16992e-7
-1.42229e-7
-1.01147e-8
-3.32049e-7
3.76265e-7
-8.26258e-8
-4.57443e-8
-3.4314e-8
4.10162e-8
-3.255e-7
7.8813e-8
-5.29757e-8
-1.7144e-7
4.39532e-8
7.15473e-8
-3.37125e-8
-1.33584e-9
2.52557e-8
-4.16178e-9
1.9564e-8
-6.1226e-8
2.73607e-8
-3.74102e-9
6.48873e-8
-7.27905e-9
5.19872e-10
1.73904e-11
8.6746e-10
-6.12184e-9
-1.79816e-8
-2.81165e-9
-4.69031e-8
-3.26997e-9
-1.59769e-10
-1.95438e-10
-1.41082e-8
5.63722e-9
1.8244e-10
2.3171e-11
-2.52613e-10
1.9573e-8
3.30817e-10
-7.62697e-10
-7.11718e-10
-1.4444e-9
1.26381e-9
-1.80377e-9
-1.06681e-9
-5.66583e-9
1.57103e-9
-1.59553e-9
-9.029e-10
1.53952e-9
1.29882e-9
6.89932e-9
7.46429e-10
-6.63798e-10
-2.34209e-8
5.29034e-9
4.99908e-10
-1.88916e-9
-3.60031e-8
2.46867e-7
6.32198e-10
-3.96132e-9
-1.683e-6
4.03162e-7
1.12237e-8
-1.30152e-8
-1.43757e-6
1.6577e-6
-4.46145e-11
-2.4504e-8
7.68657e-6
2.17229e-6
2.33456e-7
-1.43925e-7
-1.85559e-5
1.73982e-8
2.16521e-7
-4.10389e-7
-0.000598127
0.000214995
1.10587e-7
-6.22503e-7
-0.00226578
0.00190191
8.89992e-8
8.75017e-7
-0.00169946
0.00185429
-0.00133038
-1.78516e-6
4.64473e-6
-0.00138434
0.00128768
8.46047e-7
-0.00106046
-7.87972e-7
0.000681074
-8.95373e-7
1.75525e-6
-1.07307e-6
-2.13104e-6
6.68222e-6
4.01251e-6
-1.17852e-5
-2.43943e-6
-3.29981e-5
1.74126e-5
0.000128941
1.53362e-5
-4.23848e-5
-1.69617e-5
4.79267e-5
-2.33792e-6
-3.2613e-6
6.79022e-6
7.40384e-6
-4.01671e-5
0.000102447
2.23055e-5
-1.79395e-5
3.56685e-8
2.14478e-7
-2.14496e-7
-9.44618e-7
-5.11511e-5
4.78575e-5
-3.60322e-5
1.79534e-8
-3.02879e-5
2.42647e-5
-2.145e-5
-6.47288e-9
-5.74983e-6
4.01665e-6
-5.19433e-6
2.78027e-8
3.26821e-8
1.25381e-6
-1.96337e-6
-7.73367e-7
6.4008e-6
7.34775e-6
-2.70605e-5
-2.88502e-5
3.94678e-6
-1.69e-5
-7.74863e-6
2.9213e-6
0.000156532
0.00030416
-0.00106453
-0.00110258
-0.000186938
0.000501448
0.000234076
-6.94708e-5
0.0016173
0.0018352
0.0025851
-0.0124439
-0.000346725
0.00153655
-0.000754387
0.000498131
0.0099099
-0.00947647
0.00495823
0.026375
-0.0145427
-0.00358015
-0.0163421
0.0169577
0.00621399
-0.0280694
0.0257971
0.0178345
-0.0149893
0.00832318
-1.54108e-7
-4.95927e-8
2.28934e-7
1.00537e-8
4.56528e-8
2.14632e-8
-2.17363e-8
9.08857e-8
3.98712e-9
-4.62601e-9
1.09396e-8
-1.09659e-8
-1.07434e-8
1.56239e-9
-1.66878e-9
2.94859e-8
-9.72109e-8
6.75396e-8
4.55312e-9
2.58154e-9
3.10101e-10
-1.5222e-9
7.97406e-10
1.33788e-9
-2.88222e-10
9.75311e-10
-3.10917e-9
2.10376e-9
-4.3308e-10
3.62535e-9
-7.41603e-10
-6.9214e-14
7.7037e-11
-3.17586e-10
-3.33776e-10
-5.17846e-10
2.69517e-8
-5.66828e-9
-2.85609e-11
-6.18863e-11
-1.0757e-8
2.57648e-9
-5.3453e-9
2.56287e-9
-5.11561e-11
1.3253e-10
2.05939e-9
-6.28871e-10
-1.5776e-9
-3.26765e-10
-3.89578e-10
6.25225e-10
1.82623e-9
7.78513e-11
2.84819e-9
-9.25985e-10
-5.61506e-10
6.58823e-10
-1.23549e-9
6.50346e-10
-1.30247e-9
-3.84084e-10
1.3693e-10
-2.18559e-9
1.42983e-8
2.47177e-10
-1.9033e-10
-8.17766e-8
1.71715e-8
3.06037e-10
-1.19048e-10
-6.28518e-8
1.62689e-7
1.19082e-10
-1.51453e-9
-2.63304e-7
7.02451e-8
1.33097e-8
-7.65696e-8
-4.51022e-7
1.72778e-6
-5.43773e-10
2.45525e-8
-1.31732e-8
7.96695e-8
2.8491e-5
2.39981e-6
2.51986e-5
-3.30155e-6
-4.87926e-5
-6.99559e-8
4.71583e-8
-0.000118564
3.97282e-8
-1.17678e-7
5.40042e-7
-1.70342e-7
3.70708e-7
3.12197e-7
-8.69891e-8
-5.45703e-7
1.16735e-6
0.000119289
0.00035924
-0.000255401
-8.86354e-5
9.64643e-5
-0.000278821
-0.000862022
3.74608e-7
-1.37601e-6
1.44412e-6
-4.95397e-6
-1.5005e-6
5.3353e-6
-1.69716e-5
-1.24742e-5
3.59242e-5
1.38263e-5
-4.75589e-6
1.45114e-5
5.08857e-6
-1.20592e-5
9.6944e-7
3.43524e-6
-3.7335e-6
-1.0564e-5
2.20842e-5
-1.46908e-5
-8.71637e-9
-5.39408e-8
8.1712e-8
2.28325e-7
8.6625e-6
-5.70635e-6
3.98546e-8
-1.34188e-8
1.10918e-8
-2.08658e-8
-6.52204e-7
-2.83915e-7
3.2022e-7
-1.61642e-7
-1.51507e-7
2.73123e-7
-9.16173e-7
5.85856e-7
1.34858e-6
-6.78139e-7
-2.6938e-6
1.78278e-6
-2.21318e-6
-2.50288e-6
-2.73232e-6
1.33239e-5
1.17265e-5
1.8559e-5
-6.17128e-5
-6.53103e-5
6.58291e-5
-0.000222033
-8.93595e-5
2.74114e-5
0.000171155
9.91691e-5
-0.000313561
-0.000530137
-0.00120346
0.00248555
0.00182093
-0.000694334
0.00147962
-0.000428773
0.000274418
0.00116613
-0.00636045
0.00366036
0.00832045
-0.0186487
0.00723191
-0.00647667
0.000774595
0.000619985
0.000460506
-0.00219412
0.0180623
-0.0336156
0.0461986
-0.0380306
-2.92188e-9
-7.95136e-9
5.68155e-9
-2.04056e-8
-1.18245e-8
1.93496e-9
3.11138e-9
8.01739e-10
-4.88362e-9
5.92836e-9
-2.55058e-8
2.82916e-9
3.92424e-11
-1.03603e-9
3.82449e-9
5.67029e-9
8.64641e-10
-1.38799e-9
3.21124e-9
-1.23463e-9
-2.16674e-9
-6.64485e-10
8.63023e-11
3.36739e-10
-1.39613e-10
1.08022e-9
2.9522e-9
4.64069e-11
1.00541e-10
-1.12615e-10
1.00119e-10
8.83343e-11
-3.24561e-11
6.41343e-11
-1.40987e-10
2.78074e-10
-5.606e-11
1.16088e-9
-2.13198e-10
3.42216e-11
-2.34335e-11
-1.48398e-10
-3.03486e-11
-1.63305e-11
2.95413e-12
9.05025e-11
-5.06843e-10
-1.08902e-10
1.40913e-10
5.53192e-11
6.16366e-11
-1.79488e-10
1.72301e-10
5.99179e-11
-1.78718e-10
8.91626e-11
7.16758e-10
-6.12475e-11
-8.08697e-11
-3.94423e-9
9.11695e-10
-2.59017e-10
5.84366e-11
-2.59967e-9
6.90954e-9
4.98202e-10
-2.60269e-10
-1.7003e-8
2.48794e-9
2.68017e-10
-1.50873e-9
-2.15849e-8
6.12172e-8
2.35984e-10
7.58767e-10
-7.52822e-7
7.47451e-7
-7.31928e-9
-3.57816e-9
6.7934e-6
1.28418e-8
0.000101705
4.54709e-10
-6.17523e-9
9.81188e-9
-2.70267e-8
0.000408282
-0.0003125
0.000294073
-0.000136469
-1.11562e-8
4.36955e-8
0.000673712
-0.000522692
-0.00107257
2.56491e-8
-1.31374e-7
-0.000920616
0.000792976
0.00113711
1.74895e-8
-4.6302e-9
0.00106202
-0.000993538
-0.00121208
-1.93353e-9
-4.78496e-8
-0.000955215
0.000942882
0.00121805
4.47014e-8
-1.28756e-7
0.000673352
-0.000581678
4.07177e-8
-9.56495e-8
8.70162e-8
5.57289e-8
-3.41948e-7
-8.06469e-8
3.71675e-7
-6.28037e-5
1.87747e-6
8.87898e-5
-8.97286e-5
-4.1215e-7
1.44206e-6
6.305e-7
-1.94899e-6
1.21743e-5
2.79607e-5
-3.42772e-5
-6.36399e-5
3.11212e-6
-8.04319e-6
-1.32504e-6
2.30424e-6
-4.65267e-7
-7.46992e-7
8.79532e-7
2.77444e-6
3.64097e-6
-9.39666e-7
2.35799e-6
7.93461e-8
1.24442e-6
2.33705e-6
8.37865e-7
-1.23724e-7
7.29321e-7
1.87432e-7
1.61508e-8
-1.04353e-6
1.20882e-6
1.87784e-6
-4.68344e-6
-5.02708e-6
-3.80536e-5
0.000149673
-5.46743e-6
-3.85247e-6
1.28831e-5
7.46444e-6
-3.12331e-5
-2.82506e-5
0.000667862
-0.0017864
-0.000597834
0.000242254
9.76427e-5
-1.68197e-6
-7.86885e-5
0.000223905
-0.00425916
0.0057908
0.00865229
-0.00421305
-0.000219264
0.00090321
-0.00571347
0.0115475
-0.00575654
-0.0227724
0.013569
0.0427752
-0.0306185
-0.0604169
0.0450148
0.0623176
-0.0457598
-0.0419272
0.0395666
-0.0231454
0.015491
-0.00786768
1.02601e-8
-2.69844e-10
-3.83726e-9
-5.8169e-10
1.04502e-11
-3.14021e-11
-5.61826e-10
-1.92447e-9
-9.69484e-10
5.74901e-10
-2.80063e-10
3.73475e-10
5.23588e-10
6.25298e-10
-2.80616e-10
-2.21286e-9
-6.2008e-10
5.90684e-10
-1.65468e-10
3.03907e-11
-6.29782e-11
-4.21967e-11
-7.71032e-12
2.96796e-11
-1.44797e-11
4.32396e-11
-6.90122e-11
-1.36582e-12
9.14427e-12
-8.38003e-12
1.44336e-11
7.75279e-12
6.40748e-12
-9.45836e-12
5.60268e-11
-1.62114e-11
-2.55583e-10
-2.37929e-12
-4.3454e-12
3.58087e-11
1.71743e-10
-9.54778e-12
1.37545e-10
-3.04302e-11
3.46025e-11
3.69106e-11
-6.10129e-11
-3.75686e-12
1.61072e-11
-7.83523e-11
7.55498e-11
3.04231e-11
8.65003e-11
1.20431e-11
-2.89354e-10
-1.86237e-10
1.19341e-10
-6.35806e-11
7.89263e-10
-7.25091e-11
-2.77899e-10
-9.75831e-10
-2.67497e-9
2.71627e-10
1.26121e-9
-1.04073e-9
9.20809e-10
-4.00823e-9
1.09403e-8
-1.23033e-9
-2.1319e-9
1.45524e-8
-6.63576e-8
-2.97273e-10
-9.04682e-10
3.51939e-9
-5.21179e-7
-5.17193e-6
-6.59629e-10
-2.30448e-5
4.22259e-6
2.43919e-10
-3.10501e-10
4.84318e-6
-9.86252e-6
1.89241e-9
-1.2901e-9
0.000102919
1.75648e-9
-3.58677e-9
-8.17328e-9
1.33388e-9
-1.78304e-8
-1.12464e-8
9.93359e-9
-5.29829e-9
1.64526e-8
-4.94263e-8
2.87435e-5
-0.000295251
0.000189261
-8.00782e-5
0.000100861
0.000616562
1.64904e-8
-4.37273e-8
1.30243e-7
4.9681e-8
-1.82609e-7
8.41794e-5
0.000123922
-0.000170629
-0.00020401
2.31635e-7
-8.15177e-7
1.19569e-7
-1.74025e-8
-2.23712e-6
-9.07938e-6
3.20636e-6
2.74509e-5
-5.70564e-8
1.50393e-6
-6.42144e-8
-1.01896e-6
1.25623e-6
-1.77804e-6
-2.7891e-6
1.07691e-5
-2.64661e-6
-3.84979e-6
5.98906e-6
-4.11894e-6
-2.70385e-6
1.27384e-5
-5.04184e-6
-7.62481e-6
1.72708e-5
-1.38741e-5
4.02729e-6
-1.18073e-6
-8.44903e-7
-5.90776e-7
3.94857e-5
-3.97252e-5
5.69114e-7
-4.99041e-6
-1.65175e-6
-2.76554e-6
-0.000378872
0.00106469
0.000103306
-9.53259e-5
7.55365e-6
-1.47545e-6
-1.56288e-5
4.62726e-7
0.00438206
-0.0116101
-0.00115197
0.001153
-8.33541e-5
-4.15163e-6
-0.000113976
-0.000486085
0.000499474
0.00761891
-0.000169742
0.0101257
-0.0190764
0.0187266
-0.00438766
-0.0147384
-0.0127201
0.0270831
-0.0492874
0.0677198
-0.0682436
0.0497231
4.17826e-11
1.01693e-10
6.9956e-11
5.09512e-10
5.14766e-10
5.61834e-11
-2.638e-10
6.06967e-10
1.30163e-9
-8.28825e-11
-9.09945e-12
-4.82267e-10
-1.87643e-11
-1.88283e-11
-1.09289e-10
-2.00038e-10
-9.78113e-11
8.83871e-11
-2.30669e-11
3.8595e-11
-1.50539e-11
1.12378e-11
7.22163e-11
-2.64687e-11
-1.36796e-10
2.07724e-11
-1.03032e-10
-9.36552e-12
-8.27954e-13
-8.44818e-13
-4.347e-12
4.09408e-12
8.23563e-12
1.4534e-12
1.42659e-11
7.7845e-12
-1.76001e-12
2.05607e-12
9.71762e-13
-8.0491e-12
-7.36685e-12
1.38568e-11
1.16929e-11
-3.54385e-12
-2.55856e-11
-1.20391e-11
2.07023e-12
2.22296e-11
-3.86414e-11
-1.07355e-13
6.19347e-11
-3.11275e-11
2.50745e-11
7.19219e-11
-1.46358e-10
-2.91114e-11
-9.64614e-11
-1.6966e-10
2.89858e-12
4.96827e-10
2.41093e-11
7.59229e-10
5.6486e-10
-1.24856e-9
-5.86996e-9
5.0195e-9
-4.71692e-9
3.49452e-9
-2.04015e-9
-5.5709e-9
1.41903e-8
-2.69095e-9
-9.39212e-9
6.56727e-9
-5.83355e-9
1.56699e-9
-1.04307e-8
4.04661e-7
8.86556e-10
1.23717e-6
-4.92576e-7
-1.75352e-9
-5.16189e-10
2.13412e-6
-5.82891e-7
2.12025e-11
8.1682e-11
-2.42011e-10
-8.47962e-6
-9.31038e-5
7.41953e-11
-1.19685e-10
-0.000187128
0.000129341
2.29085e-11
2.10596e-10
-0.00023365
0.000390066
-5.36227e-10
2.46182e-9
0.00044242
-0.000655321
-4.8181e-10
4.38304e-10
-0.00062233
0.00086622
3.26913e-11
1.71467e-9
0.000589797
-0.000855152
-2.54017e-9
7.13722e-9
-0.000369328
1.66412e-9
2.91998e-9
-6.88453e-9
3.72155e-9
-7.87956e-9
1.4818e-8
-0.000404757
-0.000293464
0.000272169
0.000282686
0.000524737
0.000207586
4.86956e-9
-3.79507e-8
7.3961e-8
-4.099e-8
-2.60548e-8
-1.2484e-8
-1.05665e-7
-8.73816e-5
0.0001775
-2.67121e-7
7.11033e-7
3.9314e-8
-7.14989e-7
6.62749e-6
-1.2575e-5
-1.9794e-6
5.60367e-6
-1.33892e-7
-3.01502e-6
1.43026e-5
-1.19386e-5
-1.25081e-5
3.35231e-5
-1.05253e-5
-6.93393e-6
4.02579e-5
-3.49849e-5
-9.48982e-6
3.23937e-5
-1.77208e-5
-8.86582e-6
0.000110068
-9.79831e-5
2.08143e-5
3.22877e-6
-1.06021e-5
3.88508e-6
0.000271461
-0.000275625
1.00616e-5
3.37475e-5
-9.18415e-5
5.1727e-5
-1.90317e-5
3.54451e-7
-0.0024465
0.0022749
-0.00079507
2.32703e-5
-1.92418e-6
-8.26186e-5
-0.000251988
0.000463599
-0.00206799
-0.0253916
0.0325418
0.0166872
-0.0154262
0.0218131
0.00628949
-0.01038
0.0107399
-0.00616661
0.012489
0.0123529
-0.0237018
-0.0275923
0.0444799
0.0390506
-0.0601663
-0.0266903
0.0551947
0.0022448
-0.0336569
0.0166771
1.44669e-10
-2.0976e-11
2.17824e-12
1.52624e-11
5.42329e-11
5.64964e-11
-4.45977e-12
-1.97401e-11
1.21867e-11
6.80183e-11
1.2821e-11
-2.84756e-11
-1.55332e-12
-3.60549e-12
1.68058e-11
-1.09254e-11
8.11757e-12
-2.35511e-12
-4.40346e-12
6.96287e-12
-2.42759e-13
1.30838e-12
2.88545e-12
1.88533e-12
1.90818e-13
-2.01562e-11
-1.9874e-11
-3.43347e-12
1.65046e-11
-2.98005e-11
-3.69806e-12
3.27696e-12
-4.78587e-12
4.64037e-12
6.88704e-12
1.98475e-11
2.82459e-11
2.56611e-11
5.57116e-11
-1.44299e-11
-8.52824e-12
-4.17757e-12
-6.2421e-12
-9.14025e-11
-2.27929e-11
2.8966e-11
-2.44555e-11
5.09448e-11
1.33788e-10
-5.37442e-11
-3.70462e-11
5.98933e-11
-4.54867e-10
-9.84113e-11
7.80216e-10
-4.46633e-11
1.60766e-11
5.72422e-10
-1.6293e-9
-2.20083e-9
-2.58571e-9
-1.20281e-9
-6.30291e-9
6.8823e-9
-6.26567e-9
7.06403e-9
8.86781e-9
5.68728e-9
2.93471e-9
-6.65329e-9
4.85399e-9
-2.7372e-9
-1.29737e-8
1.32734e-8
-1.23907e-8
1.07295e-8
-2.08749e-8
-5.37302e-9
-4.86438e-8
2.21738e-7
-3.58062e-7
-1.40973e-9
-2.9965e-10
1.09023e-9
-3.52007e-10
1.32568e-10
2.92181e-6
1.22172e-5
8.72555e-11
-8.52802e-11
7.4558e-5
-3.66356e-5
-2.77402e-11
-0.000125617
-4.06933e-5
1.3532e-10
4.0023e-11
-4.03404e-11
1.01639e-10
0.000266362
-0.000693959
0.000576389
3.11842e-5
-6.65078e-11
1.98991e-10
-0.000153516
0.000491749
-0.000155984
-2.13877e-11
4.18904e-11
7.79613e-6
-0.000321756
0.000300638
-1.86599e-10
4.7425e-10
-0.000136727
0.000224001
-0.000225983
1.3041e-10
-3.66246e-10
5.33795e-10
0.000314759
1.05476e-5
3.72812e-10
-1.30291e-9
-0.000495849
-6.83502e-10
-1.75758e-9
2.61214e-9
-1.22634e-8
1.123e-8
1.26551e-8
9.78853e-5
0.000404661
-0.000250239
-9.57939e-5
-0.000627343
-7.17053e-8
1.90661e-7
-1.82369e-7
9.43296e-8
1.34239e-7
-7.8533e-6
-1.48922e-5
3.1124e-5
1.18415e-5
5.99199e-5
-8.69064e-7
1.55188e-6
1.65589e-7
9.82647e-6
4.69456e-6
-8.47387e-6
-4.84183e-6
1.22724e-5
-7.0004e-8
2.65199e-5
1.47823e-5
-1.48644e-5
-3.26971e-5
9.71022e-5
-2.59107e-5
7.05072e-5
4.78612e-5
-5.0348e-5
-3.93949e-5
0.000179776
-0.000143716
0.000158134
0.000150478
-0.000150812
0.000170361
-4.13288e-5
-7.46014e-5
-0.000531579
0.000378779
-0.00155905
-0.00174303
0.00139047
-0.000415886
0.000569823
-0.000506193
1.65088e-5
0.000228095
0.000924629
0.000203958
2.54609e-5
0.0136732
-0.0131966
0.00401697
-0.00485082
0.00405597
-0.00216049
0.00235784
-0.00750246
-0.00283847
0.019737
-0.0238265
0.00464939
0.0158721
0.00555679
-0.0163562
-0.0112761
0.0120628
-0.00674912
0.0169088
-0.042089
0.0292699
0.045219
-0.0474203
-0.0293519
1.96726e-11
3.15069e-11
-1.52588e-10
-4.12896e-11
2.23263e-11
-6.31713e-11
-5.97138e-11
-3.52559e-11
-4.35447e-12
-1.34118e-11
-6.72382e-14
1.26913e-10
-7.05173e-11
4.01149e-12
9.99578e-11
3.52366e-11
4.95363e-10
3.64161e-11
-1.20944e-11
2.43103e-11
-1.39972e-11
6.40167e-12
1.57536e-11
-9.42594e-11
-7.90648e-11
-1.47034e-10
-3.11079e-11
-4.41251e-10
-4.21123e-11
7.59533e-12
-3.50821e-11
7.04724e-11
3.10428e-11
3.39249e-10
2.04375e-10
6.45149e-10
1.39655e-10
-1.84054e-10
-9.06734e-11
-1.01859e-10
-1.16731e-10
-8.97798e-10
-2.4094e-10
1.68713e-10
-4.98105e-11
9.44989e-10
1.29263e-9
-2.86558e-10
-5.51834e-10
2.9657e-10
-9.28207e-10
-2.22756e-9
1.33061e-8
1.27491e-10
-3.51637e-9
5.89776e-9
-5.67552e-9
7.57925e-9
-3.35385e-8
-3.7741e-8
-3.07117e-8
4.76123e-8
7.95253e-8
-2.6626e-9
-1.03116e-8
1.37979e-8
-1.29233e-8
1.45953e-8
-1.84404e-7
-1.8477e-7
-1.04424e-7
8.08465e-7
-1.02882e-6
-2.36054e-9
-5.62081e-10
9.84811e-10
-3.76677e-10
2.66171e-10
-3.72964e-6
1.44407e-5
-1.08649e-5
6.4133e-6
1.65846e-10
-2.34801e-10
-2.6215e-5
4.24554e-5
-3.32753e-5
-5.25366e-10
7.74885e-11
-1.12352e-10
3.4844e-11
-0.000995212
4.65129e-11
2.80219e-11
8.11805e-11
-8.75141e-11
-4.39955e-11
-1.95934e-10
5.47661e-11
-1.97621e-10
2.95261e-10
0.000222381
0.000213142
-0.000425717
-0.000349253
-0.000275261
0.000561491
1.00311e-9
0.00035779
-3.3385e-9
9.17266e-10
-4.76372e-9
1.94747e-8
-1.06682e-8
4.69245e-5
1.17866e-5
-0.000174882
-5.24286e-5
-7.70894e-5
-1.4999e-8
-9.06268e-8
-6.43709e-7
2.48323e-7
7.6138e-7
-6.71938e-6
5.17244e-6
1.19993e-5
8.29137e-6
5.51582e-6
-3.36686e-6
6.27835e-6
-1.2137e-7
1.85935e-5
-1.98362e-6
-2.71902e-7
-2.09157e-5
5.39296e-5
-1.10154e-5
5.6189e-5
-6.46141e-6
-2.95556e-6
-0.000159543
0.000386881
-0.000328259
0.000153729
-1.41035e-5
-1.24158e-5
0.000247375
-0.00046398
0.000628299
-0.00231818
0.00206339
-0.00116408
-0.000386983
0.000299357
-3.39035e-5
-1.88827e-5
-0.0017365
0.0015724
-0.00276315
0.00821489
-0.00455625
0.00864159
0.00657176
-0.00475133
0.00111252
-0.00138853
0.00700806
-0.00123796
-0.00439421
0.00620142
-0.0105944
0.0270053
-0.0242944
-0.00217785
0.0387416
-0.0362661
0.0311898
-0.0451311
-0.0139736
0.0208066
0.0243379
-0.0239904
0.0209464
-0.0236366
1.75213e-10
1.85641e-10
1.65471e-10
2.5741e-11
2.69795e-10
-1.78633e-9
-4.13097e-10
-3.62194e-10
-4.25835e-10
-5.45543e-10
-2.61922e-10
9.77794e-12
-1.25332e-11
-1.40028e-10
2.40998e-11
3.55889e-10
-1.52424e-9
1.35636e-9
1.25485e-9
2.26107e-9
6.85491e-9
3.87911e-10
-1.97537e-10
2.18816e-10
-1.71195e-10
1.76958e-10
1.11104e-10
-1.60325e-9
-5.51818e-9
2.4555e-10
-3.85763e-9
5.16613e-9
-1.78173e-10
-4.83539e-10
-3.04151e-10
6.66373e-10
5.76014e-10
4.74862e-9
1.44341e-9
1.9405e-9
5.29821e-9
-1.98906e-9
-2.97312e-9
9.51561e-11
-2.0622e-9
-2.63796e-9
1.43831e-9
2.28288e-9
1.52368e-8
-5.04824e-9
-6.87301e-9
3.78086e-9
-3.23075e-9
5.43763e-9
2.80807e-8
1.45792e-7
1.24976e-7
7.47908e-8
-6.52046e-7
9.44895e-9
-2.26991e-9
8.1162e-9
-7.60463e-9
1.21149e-8
6.63651e-7
4.22346e-6
1.97448e-7
2.14424e-6
-5.39439e-6
1.7127e-9
-2.19231e-9
2.24603e-9
-8.92994e-10
3.81102e-10
-3.64011e-5
8.32615e-5
-2.41081e-5
4.62076e-5
4.88646e-10
-2.06837e-10
-0.000103799
4.93009e-5
3.67485e-5
3.03658e-9
2.62278e-10
-4.8077e-12
1.54316e-10
-1.00839e-10
0.0018778
-0.00249409
0.000851
-0.00123989
2.78524e-10
-8.24272e-11
0.000636797
-0.000660263
1.91842e-10
-6.62372e-11
-0.000213774
0.000401174
2.01896e-10
8.81202e-6
-3.06654e-10
-1.00492e-10
4.55402e-10
7.45851e-10
-4.18792e-9
-6.27231e-10
4.59259e-5
-0.00026608
-4.58728e-5
0.000131516
0.000608776
4.38688e-5
1.03796e-8
-5.55761e-5
-3.55795e-8
6.06432e-8
7.02541e-9
5.93614e-9
-1.20965e-8
1.75666e-5
-7.6037e-5
7.66718e-6
-7.7613e-6
0.000240767
1.14592e-7
-2.96413e-7
1.21002e-7
1.42125e-6
-2.66572e-6
-1.22953e-6
3.25719e-6
8.50195e-7
6.86244e-7
-6.03699e-6
1.01676e-5
-2.7958e-5
2.892e-6
1.5405e-7
9.41493e-8
6.8944e-5
-0.000124843
2.40641e-5
-1.22411e-6
3.00968e-7
5.29845e-5
-0.00111404
0.00289416
-0.00579795
0.00335698
-0.000459778
6.08237e-5
-2.70053e-5
1.462e-5
-7.64919e-5
-0.00367561
0.00700837
-0.0128637
0.0203602
-0.0141546
0.00383352
0.000666125
-0.000265872
8.08942e-7
0.00047951
0.015179
-0.00880817
-0.0111303
0.0131667
-0.00897333
0.0139413
-0.0187653
0.0144011
0.017368
-0.0116039
0.0103181
-0.0177787
-0.0029303
0.0047069
0.0163403
-0.0242533
-0.0105116
0.0214264
0.0095842
-0.0203216
-0.00343565
0.00930591
7.35447e-10
1.51201e-9
1.2201e-9
1.83323e-10
8.32229e-9
-1.52718e-8
-9.31291e-10
-1.03074e-8
2.15973e-8
-3.54082e-9
-3.858e-9
-2.21204e-9
2.07546e-10
9.4134e-11
-1.47109e-9
3.05407e-10
1.67728e-8
-2.53957e-8
3.61379e-8
-9.54611e-8
2.2538e-8
8.41101e-9
-6.5809e-9
-1.56876e-9
4.68144e-10
1.28485e-9
7.67771e-10
-1.71876e-8
-1.06618e-8
-1.44106e-8
-3.61356e-8
4.87377e-8
-2.96929e-9
-3.63647e-9
-2.2792e-9
2.1315e-9
8.54776e-9
-8.93364e-9
-8.96887e-9
7.62247e-8
5.42545e-8
8.15482e-9
-2.32265e-8
-3.78034e-8
-4.38933e-8
-1.53216e-8
-8.72147e-9
4.71865e-8
5.93247e-8
9.4029e-8
3.33263e-8
-1.54002e-7
-3.96708e-7
7.58638e-8
6.23055e-9
3.37904e-8
9.68036e-7
1.4114e-6
-3.96595e-8
4.44872e-9
5.49425e-9
-1.01182e-5
-1.39032e-6
-1.24413e-5
1.56062e-5
-3.95153e-8
3.21504e-5
1.61635e-8
-5.7432e-9
1.66175e-9
-0.000216924
0.000325229
-0.000102282
0.000237164
1.22961e-8
-5.58478e-9
-0.000303792
9.23913e-5
3.48388e-9
0.000462114
-3.70752e-9
2.82404e-9
-9.57607e-10
0.00304522
-0.00254218
0.00113524
-0.00114868
1.82475e-9
-5.81103e-10
-0.000286094
-0.00030732
1.88325e-9
-6.03921e-10
0.000800061
-0.000238253
1.83529e-9
-0.000981161
-3.48774e-9
2.07792e-9
1.75737e-8
-4.30302e-8
9.06184e-9
-0.000947268
0.000186849
0.000281255
0.00116311
0.00134478
-0.000543689
4.58822e-8
-0.000281937
-1.64715e-7
-1.30125e-7
3.81994e-7
4.00234e-7
-7.19225e-6
2.64319e-5
2.31926e-5
2.57381e-6
0.000126227
-2.47589e-6
2.01396e-6
1.10939e-5
-8.65693e-6
1.4561e-7
-8.96783e-7
-5.62692e-8
1.42055e-6
-4.26552e-5
3.16707e-5
0.00014369
-0.000108882
-1.72607e-8
1.46568e-7
-5.82159e-7
-1.46421e-7
-0.000426427
0.000336776
0.00111827
-0.00095457
-1.48605e-6
1.43077e-6
-6.0979e-6
-7.67319e-7
-0.00260637
0.00507835
-4.38415e-6
3.95344e-6
-9.33828e-7
-0.00807107
0.00802996
0.0110395
-0.0136228
0.000560607
-5.83516e-5
0.000115046
-3.70562e-5
7.47526e-5
0.010932
-0.0179078
-0.00307554
0.0134988
-0.00688877
-0.00124158
-0.000377571
0.00908309
-0.0071565
0.0050235
-0.0062
-0.000359399
0.000240326
-0.0123472
-0.00305056
0.0264329
-0.00855899
-0.0397438
0.0138067
0.0294916
-0.0167443
9.59287e-9
8.43025e-9
1.08757e-8
1.08358e-9
3.43174e-8
-5.38972e-8
-8.50349e-8
-3.41683e-8
-1.73115e-8
-2.65452e-8
-2.42562e-8
1.42144e-8
6.20232e-9
-2.41134e-8
-1.36952e-9
1.78828e-7
7.3033e-8
3.53905e-7
1.95149e-7
-3.53937e-7
-1.32057e-8
1.6034e-7
7.16421e-8
3.65719e-8
9.43854e-8
3.45054e-8
-6.43728e-8
4.65942e-8
3.28253e-8
-1.57883e-8
1.44584e-8
8.39203e-9
-3.71719e-7
-3.38115e-7
-8.91122e-7
-1.12511e-6
7.48224e-7
-6.0572e-8
1.32662e-7
6.47203e-9
-1.21916e-8
2.19274e-8
-2.81037e-7
-2.65166e-7
2.01453e-6
1.52974e-6
9.15318e-8
-7.26236e-8
-2.1461e-7
-2.54039e-7
-3.63472e-7
-2.83513e-7
1.51583e-6
1.49004e-6
3.93249e-7
5.5342e-7
-6.22267e-7
-1.68276e-6
1.54106e-7
9.80131e-8
1.95626e-6
3.93382e-7
-2.42464e-6
1.1413e-5
2.08133e-5
3.19488e-5
-1.0102e-6
-4.33483e-7
1.52307e-7
-8.75384e-5
0.000190777
-0.000142352
0.000270179
-2.75376e-8
-1.0652e-8
-5.11659e-8
-0.00053693
-0.000346912
-5.14584e-8
1.29817e-7
-3.4607e-8
0.000888519
-0.0016353
0.000320421
-0.00147323
-1.15989e-8
1.67864e-8
0.00235541
0.000226834
-6.89788e-9
-5.00677e-8
1.28309e-8
-0.00411686
0.00239452
-0.000314177
-4.77388e-9
-3.20354e-8
1.68613e-8
0.00373992
-0.00240512
0.00143525
-6.49949e-9
-6.39049e-8
1.71553e-8
-0.00263374
0.00201708
-0.00206296
-2.61143e-8
-1.40125e-8
0.00147513
-0.000989799
6.71798e-8
-1.64151e-8
-0.00300322
0.00245338
-1.2872e-7
1.21678e-7
0.000595891
-0.0014702
-2.63781e-7
5.36846e-7
7.00312e-7
-1.23135e-6
-1.72588e-6
-1.35231e-6
-6.65361e-5
-0.000117798
2.48585e-5
2.52205e-5
0.000264003
-1.55766e-5
3.15269e-6
8.70377e-6
-1.14898e-5
-2.74046e-5
4.01923e-5
3.09806e-7
-7.8521e-7
1.56875e-7
-2.67799e-5
7.90498e-5
-0.000125655
-0.000200614
0.000346408
1.73823e-6
3.10001e-7
-2.09313e-7
-2.65257e-7
0.000443278
-0.000840443
-0.000834176
0.00177803
1.80944e-6
2.04108e-6
-3.69727e-7
-8.9013e-6
0.00126188
-0.00322687
-0.00135851
0.00487823
1.33733e-5
-7.27161e-7
2.6953e-6
-4.58295e-6
3.02351e-5
-0.00567836
0.00284865
0.00451621
-0.00849477
0.000733083
0.000317791
8.35625e-5
-0.000174818
-0.000232059
3.06878e-5
-6.13477e-5
0.0190361
-0.010954
-0.0283194
0.022804
0.0324239
-0.034748
0.0250718
-0.0248496
0.0293144
-0.0299685
0.0122913
-0.0187995
0.0289977
-0.00153347
0.00417511
-0.0128186
-0.00378506
0.0058252
-2.46232e-5
-0.00174239
-5.08547e-7
1.52685e-6
-5.22223e-7
9.80631e-9
-2.29526e-7
-2.494e-7
5.30262e-9
1.54917e-7
-1.14083e-7
5.35753e-6
3.92861e-6
-3.57519e-6
2.14453e-6
3.50733e-7
-4.78052e-6
5.40669e-7
-9.28352e-8
1.0959e-6
3.75005e-7
-2.47937e-7
-2.79369e-7
6.66629e-7
-3.09232e-7
-2.48665e-8
-8.88641e-6
-8.49546e-6
1.11565e-5
-1.33752e-5
1.4631e-5
-5.19385e-7
-3.11234e-6
6.37956e-7
-1.79642e-7
-1.06461e-7
-7.92905e-6
-7.63245e-6
4.29773e-5
3.85165e-5
8.22257e-7
3.73777e-7
-9.23051e-7
-1.44594e-6
-8.35319e-6
-7.98228e-6
3.96169e-5
3.69513e-5
1.60372e-7
8.39882e-6
-1.98155e-5
-5.32726e-5
3.66899e-6
3.81402e-6
4.16617e-5
1.27226e-5
9.60461e-5
-0.00019183
-0.000305121
-0.000589174
-1.07895e-5
8.34813e-6
-2.08973e-6
0.00112046
-0.000943188
0.00100267
-0.00175592
3.95892e-7
-4.85588e-7
-4.73748e-6
0.00248286
0.00296546
1.86185e-6
-7.63359e-7
2.84644e-7
-0.00451181
0.00470405
-0.00455501
0.00695503
-3.50387e-7
1.89318e-8
-0.00862243
0.00599705
-6.79527e-8
1.86121e-7
0.00844152
-0.0057889
-8.35552e-7
1.72426e-7
-0.00676044
0.00432507
-2.59514e-7
-3.55713e-9
0.00414522
-0.00298371
1.87864e-7
-1.37085e-7
-0.00303756
0.00302934
3.1253e-7
-4.04804e-7
-1.17948e-6
2.0202e-6
1.28028e-6
3.55043e-6
0.000750911
-9.50678e-5
-0.000140682
-0.000271306
0.00387692
0.000216629
-7.52631e-6
6.6784e-7
1.41537e-5
5.82036e-6
-3.4642e-5
8.33919e-6
2.05369e-5
-1.19333e-6
0.000180762
-3.49335e-6
7.48917e-5
-2.09527e-5
-0.00013109
3.10031e-5
-1.71868e-6
-3.44392e-6
1.24763e-6
0.000122369
0.000154006
-0.000407013
1.60157e-5
2.01556e-5
3.29116e-5
-6.6373e-6
-0.000185104
0.00127655
-0.00059434
-0.00205084
0.0032625
-1.18019e-5
2.19865e-5
-7.55393e-6
-0.000107399
0.00389623
-0.00617648
-0.00521339
0.0090389
0.0113727
-0.0186964
-1.32483e-5
-0.000839389
0.00011399
0.00114609
-0.000202008
0.000301093
-0.013361
0.0242091
0.00934997
-0.0231144
-0.00217195
0.0149772
-0.00431972
-0.00510181
0.005674
-0.000651203
-0.0037209
0.00279859
-6.82458e-6
1.37343e-6
-1.3473e-6
-3.52139e-6
2.88633e-7
6.44185e-7
2.4118e-5
-5.0603e-5
-8.83524e-6
1.25303e-5
-9.7302e-6
1.21221e-5
6.75917e-6
-2.54534e-6
9.42463e-7
9.03815e-6
-3.42488e-6
-0.000148973
-0.000171416
0.00018428
-4.10181e-5
-5.21799e-5
0.000281203
-2.56105e-5
3.88215e-5
-6.55751e-5
2.90324e-6
2.63185e-6
-5.33818e-7
-2.60494e-5
1.80074e-6
-3.77407e-6
-0.000188189
-0.000179315
-0.000632375
0.000750402
-0.00107148
1.55612e-5
0.000104636
1.08918e-5
-3.00754e-6
4.63026e-5
-0.000169779
-0.000141378
0.00100373
-0.00105107
-0.000183977
0.000318373
0.000390219
0.000847469
-1.12076e-5
0.000716372
-0.000570835
0.000177031
-0.00138646
0.00104847
-0.000985841
0.00287486
0.00255975
-3.10655e-5
1.73968e-5
0.000180736
-0.00464749
-0.00724985
2.44862e-6
-7.19295e-5
5.56177e-5
-1.85879e-5
0.0122638
-0.0109926
0.0130712
-0.0197631
-0.00936979
2.21378e-7
2.13339e-5
9.70816e-6
0.0239842
-0.0168549
0.0120544
7.66783e-7
-3.47013e-5
-1.0491e-5
-0.0273139
0.0178281
-0.012132
3.00809e-6
5.72573e-5
-5.67007e-6
0.0312831
-0.0165054
0.0105348
-4.55635e-7
-3.41678e-6
2.72975e-6
-0.0124168
0.00852266
-0.00727751
-4.2218e-6
-6.15023e-7
0.00425033
-0.00316288
4.90814e-7
-0.000943212
-6.09242e-6
-2.71393e-5
1.89642e-5
-0.000116791
2.60888e-5
-4.18612e-6
-0.000998203
0.0012311
0.000130595
0.000294706
-0.00786092
-9.04758e-5
-1.83996e-5
7.98692e-6
3.89903e-5
1.22713e-5
-0.000106654
0.000660186
-0.000286937
-3.04386e-5
-0.000572705
4.29367e-5
0.000194385
0.000356966
-0.000541239
0.000146177
0.000527221
-6.49802e-5
-0.00256316
0.000447026
0.000506017
-0.00142368
-0.00495616
0.000688758
0.0068641
-0.00425061
-0.00122523
0.000474571
-0.000169745
0.00345569
-0.00196403
0.000420627
9.43446e-7
-0.0183663
0.0111777
-0.00134282
0.0332325
-0.0195948
0.00597941
-0.0433669
0.0278507
-0.0119293
0.0741292
-0.0362494
0.0157508
-0.0236398
0.0147687
-0.00896663
0.00997624
-0.0053687
0.00357301
0.000154433
3.44616e-5
-0.000127127
0.00026757
-0.000122086
3.8361e-5
0.00129509
-0.000896859
-7.66625e-5
-0.00135139
0.00104612
0.000252281
-0.000677513
0.000298229
-0.000635315
-4.95513e-5
-0.000137222
0.00267822
0.000327797
0.00308467
-0.0038616
-0.000956295
-0.00277787
0.00292604
-0.00188883
0.00120527
0.000834491
-0.000829132
0.00144001
0.000138322
0.000154004
-0.000732932
0.00117259
0.00158971
0.00168756
-0.00341462
0.00448481
-0.0053341
0.00395983
-0.00319876
0.00566891
-0.001108
0.000300061
-0.00105853
0.00379893
-0.00247355
0.00212703
0.000384608
-0.000521341
-0.00471785
0.00309719
0.00352065
-0.00846335
-0.00629675
-0.01311
0.0074083
-0.000206693
0.000370786
-0.0034361
0.00230099
-0.00147346
0.01931
-0.0195134
0.0183127
-0.0290658
-0.02428
0.0213165
0.00126209
5.65646e-5
-1.29974e-5
0.00144862
0.027402
0.0438314
-0.0318292
0.000101861
-0.00249063
0.00234641
-0.00020179
-0.0559528
0.0525634
-0.0611349
0.0612963
0.0378256
-0.000229692
-0.00105983
0.00058125
-0.063414
0.0767623
-0.0613983
0.000109403
-0.000716686
0.000487639
0.0193224
-0.000272226
0.00369614
0.000713966
0.000581594
-0.00515998
0.00308114
-0.00133144
-0.00784465
-0.0128855
0.0103928
0.0106768
0.066128
-0.00998197
0.00394114
7.22139e-5
0.00100985
-0.00332664
0.000812143
-0.00014781
-0.00993592
-0.000220436
-9.44813e-5
0.00879788
-0.00389406
-0.00289043
0.00567807
0.00340624
-0.00659655
-0.0264389
0.00246399
0.00111501
-0.0213339
0.00697841
-0.00380059
0.0213542
-0.0216118
-0.0106229
-0.00231295
0.0118585
-0.00516758
0.0033569
0.00254267
0.0142634
-0.0357462
0.0329548
-0.0208561
0.0507092
-0.0316726
0.0271754
-0.0610447
0.0658034
0.0158677
0.00908592
-0.0138849
-0.000317255
-0.0457063
0.0310025
-0.0109961
0.0144026
-0.00637355
-0.0510045
0.0958751
-0.0728409
0.0729636
-0.0779154
0.0758871
-0.0928506
0.00322029
-0.00423448
-0.00351648
0.00347175
-0.00660161
0.00898452
-0.0129818
0.0103738
-0.00175321
0.00271208
-0.00542058
0.0109486
-0.0179089
0.0251369
-0.022777
0.0207164
-0.000989428
0.000421874
-0.00183528
0.00632385
-0.0147646
0.0256126
-0.0343235
0.0372387
-0.0306551
0.0325134
-0.00147761
0.00236258
-0.00146856
-0.0035289
0.0136607
-0.026364
0.0363917
-0.0394215
0.038339
-0.0453809
-0.00265788
0.00485311
-0.00748591
0.00875736
-0.00498432
-0.00509018
0.0182426
-0.0289705
0.034813
-0.0386508
0.0395248
-0.0820755
-0.00737839
0.0142977
-0.0193585
0.0177673
-0.00873126
-0.00417496
0.0154748
-0.0230211
0.0254082
-0.0231945
0.0115594
-0.022027
0.0293609
-0.0299181
0.0222269
-0.00991942
-0.00161487
0.0150644
-0.0330403
0.0407546
0.021291
-0.0347562
0.0364342
-0.0318625
0.0207275
-0.0143995
7.80105e-5
0.00522467
0.030918
-0.0390997
0.0396656
-0.025955
0.0358025
-0.00721678
-0.0441236
0.0256047
