0.000311631
-0.00146967
0.00105437
0.000675127
0.00182711
-0.000976345
0.000538419
-0.000847652
-0.00115139
0.000850853
-0.00099349
-0.000201667
-0.000399497
0.00108743
-5.81471e-5
0.000486224
-0.000126758
0.000104859
0.001111
-0.000606943
-0.000433355
-0.00172813
0.000412894
-0.000271741
0.000229816
0.0013761
-0.000840463
0.00104391
-0.000773998
-0.00100249
0.000480454
-0.000311475
0.000814046
5.48278e-6
8.28135e-5
-0.00057491
8.07117e-5
-5.4537e-5
-2.43949e-5
0.000323952
-2.06434e-5
0.000361451
-0.000191446
-0.00124824
0.000155064
-0.000547686
0.000586115
-0.000786511
0.000909961
-0.000928285
0.000268634
0.000607861
-2.77889e-5
-0.000344439
2.93946e-5
1.93303e-5
-3.67314e-6
-0.000161995
2.00899e-5
0.000415166
-7.04609e-5
-0.000144899
-0.00135905
0.000114558
2.66613e-5
1.6237e-5
-8.47442e-5
0.000292336
-0.000534172
0.000650317
-0.000564609
0.000179143
0.000317571
-7.71525e-5
-0.000210054
1.95092e-7
0.000117927
-2.54926e-6
1.79869e-5
0.00055952
-9.7681e-5
-0.00023202
0.000476712
-0.000554196
0.000384044
-6.78246e-5
-0.000189783
0.000253753
-0.000176644
9.61202e-5
-5.83382e-5
0.00274431
-0.00282572
0.000599059
-0.00249575
0.00338208
-0.000138724
-0.00122285
0.000431775
0.000320302
-0.000866899
0.0011103
-0.000975219
0.000596787
-0.000222981
1.10691e-5
4.97295e-5
-3.35088e-5
-3.86255e-5
2.77546e-5
3.40893e-5
1.22723e-5
-1.49372e-5
-2.04109e-6
-1.07794e-5
0.0020833
-0.00207759
0.001371
-0.00035556
-0.000426354
0.00106939
-0.00135513
0.00121821
-0.000821121
0.000419554
-0.000163097
6.45167e-5
-1.9108e-5
-1.0861e-5
1.0205e-5
1.94413e-6
-0.000846869
-0.00077614
0.000146127
0.000461649
-0.000996417
0.00121763
-0.00107371
0.000737246
-0.000412138
0.000196031
-0.000154452
0.000152038
-3.61078e-5
-7.20635e-6
-1.03765e-5
0.000757651
-0.000369741
-0.000426066
0.000423507
-0.000152726
-0.000339616
0.000730704
-0.000829771
0.000731767
-0.00051402
0.000335423
-0.000158228
0.000171475
-0.000132652
5.90039e-5
-3.56997e-5
3.59149e-5
0.00010017
6.27672e-5
0.000136354
-0.000369069
0.000433572
-0.000412676
0.000312945
-0.000374504
0.000215641
-0.000259093
8.3318e-5
1.26478e-5
2.06894e-5
-4.16721e-5
-2.10521e-5
-6.77426e-6
-7.21203e-5
0.000160179
-0.000170267
0.000174308
-0.000151813
0.000392273
-0.000300276
3.78146e-5
6.98999e-5
-7.45802e-5
4.27815e-5
-1.4536e-6
-6.2295e-6
3.39453e-5
-6.78019e-5
8.52291e-5
-0.000147518
0.000113737
-2.0849e-5
-7.7147e-5
0.000139812
-7.10066e-5
-1.89645e-8
-9.87288e-6
4.29353e-6
3.27303e-5
-3.37232e-5
4.06882e-5
-4.33609e-5
7.21927e-5
-3.65808e-6
-7.37867e-5
1.22076e-5
-1.73085e-6
2.55175e-6
-3.29679e-5
3.50452e-5
6.67224e-5
-2.67666e-5
-1.01945e-5
-0.00026736
0.000824507
-0.000464264
0.00030667
0.000403667
-0.000128948
-0.000991259
0.000282421
-0.000880822
0.00130202
-0.000708104
0.00126721
-0.00146481
0.00106215
-0.00159196
0.00134985
-0.000963249
0.0012665
-0.000986165
-0.000604986
0.000595921
0.000506292
0.000534831
-0.000262349
2.64593e-5
0.000236694
-7.55917e-5
-0.000508576
-0.000384428
9.67258e-5
-1.44957e-5
2.53213e-5
0.000816806
-0.000414836
0.000274793
-0.000307561
0.000228452
8.80077e-5
-0.000143991
-7.02022e-5
-4.78796e-5
2.6155e-5
-0.000135303
0.000549631
-0.000137019
-0.000502522
1.04366e-5
0.00123002
7.01302e-5
4.68901e-6
-3.45666e-5
-5.14664e-6
-2.56516e-6
1.61566e-6
-7.5359e-5
0.000234002
2.49612e-5
8.67794e-5
-0.000376239
9.41515e-6
0.000766558
1.97759e-5
-4.77301e-6
-1.2889e-5
1.54675e-7
7.7119e-6
6.31129e-8
6.30444e-7
6.684e-5
-3.42993e-5
-4.69233e-6
-3.04144e-6
-0.000141356
0.000295168
-9.64719e-5
0.000317486
-0.000738023
3.07438e-6
-7.77909e-5
1.24659e-6
6.14528e-7
-1.71851e-6
5.96923e-7
1.0893e-7
-1.68951e-7
-2.28805e-7
-0.000675555
0.0023137
-0.00320177
4.28742e-6
-1.28597e-6
1.45327e-7
-0.000315633
-0.000720667
0.00225077
-3.65139e-7
3.30219e-7
2.92676e-7
0.00123337
-0.000184015
-0.00123441
9.57558e-8
-4.20849e-7
-7.58409e-8
-0.00196936
0.00102719
0.000350617
2.45211e-6
-9.51634e-8
1.63287e-7
0.0016974
-0.00111965
0.000689719
0.000114386
1.17697e-5
-3.27078e-6
1.26799e-6
-2.72566e-7
-0.000837104
-0.000524067
6.97738e-5
-1.0133e-5
1.16995e-6
-1.25651e-6
-1.72815e-7
0.000739662
-0.000429021
-0.00042842
0.000355858
-0.000183474
3.0259e-5
-1.36324e-5
6.67069e-6
-2.50182e-6
5.49542e-7
-1.20342e-7
0.000126575
9.09502e-5
-4.31563e-5
8.40676e-6
-1.1776e-5
1.35945e-5
-3.20007e-6
7.33595e-7
4.92888e-7
-6.74034e-5
4.67146e-5
7.27647e-6
2.15067e-5
-1.13705e-5
5.04937e-6
-9.45669e-6
2.17015e-5
-4.07855e-6
3.84578e-6
1.30194e-6
-3.79231e-6
1.3381e-8
1.08551e-6
-3.16015e-6
3.27011e-6
-4.6503e-6
5.86822e-6
-4.28354e-7
6.07963e-7
-4.25641e-6
8.35615e-7
-5.76448e-7
2.43441e-7
-4.64258e-6
-2.75636e-6
-1.55926e-6
-8.53478e-7
1.48762e-7
7.46988e-8
7.9719e-7
3.05945e-7
-2.91242e-6
8.40615e-7
5.5612e-8
1.20251e-6
-3.36385e-7
1.00941e-7
3.15197e-7
2.18738e-6
2.28331e-6
-1.2099e-6
-6.07155e-7
-2.66121e-7
-1.76532e-7
-1.25828e-7
-2.84827e-7
1.19343e-7
-7.50453e-8
-4.40804e-7
5.26556e-5
0.00153715
-0.00289885
-0.00172129
0.00208368
-0.00283642
0.00566981
0.0015214
-0.00164765
0.00129282
-0.00150865
0.00127485
-0.000494846
0.00146082
-0.000983745
1.67251e-6
-0.00123814
0.000775888
7.99264e-5
0.000739092
-0.000553986
-5.41709e-5
0.000351057
-4.05835e-6
-0.000367079
9.83529e-5
-1.65177e-5
-4.13986e-5
9.06225e-5
3.2825e-5
2.68496e-5
0.000131032
-0.000207944
-0.000224967
0.000293201
-0.00013398
-0.000112712
8.09335e-5
5.62374e-5
-4.32727e-5
-2.05897e-6
6.67468e-6
2.13338e-7
-1.00365e-5
-2.18536e-5
2.0571e-5
7.03962e-6
-8.62771e-6
-7.56859e-6
4.41169e-5
-7.70513e-6
7.52538e-7
-2.5443e-6
3.52328e-6
8.52323e-7
-1.36058e-6
-3.3678e-6
9.60218e-6
-1.44679e-6
1.24136e-5
1.01403e-6
-4.63451e-7
5.26768e-7
1.23124e-7
-1.62599e-7
1.74255e-5
-1.90605e-5
-6.0921e-7
-6.68549e-6
4.96986e-5
-3.10577e-7
-4.50184e-7
1.54491e-7
5.80298e-8
-1.88104e-7
1.74205e-8
-7.06932e-8
-3.94719e-5
7.95446e-8
-0.000631152
0.00033787
-4.64947e-6
0.000876714
-0.000581735
2.39963e-5
0.000117685
9.46271e-8
-3.98556e-8
6.999e-9
-2.27906e-8
1.15056e-8
3.63383e-9
1.59413e-8
-0.00193163
0.00120823
-0.000383882
-7.81847e-8
2.67661e-8
-7.17349e-9
0.00322864
-0.0022703
0.00128715
-5.4532e-8
8.34166e-9
-6.81904e-9
-0.0039428
0.00304545
-0.00201619
6.05068e-9
5.72214e-9
-1.95626e-9
0.00365377
-0.00301571
0.00207899
-4.74904e-8
-3.8945e-9
-1.25678e-9
-0.00269607
0.00201209
-0.00188774
8.7166e-8
-2.65916e-8
7.84678e-9
0.00149843
0.00101957
7.75247e-8
1.27319e-9
5.83691e-9
-0.0012165
0.00100796
0.000817043
-0.000501945
0.000401126
-1.16207e-7
2.01703e-8
-1.60507e-8
-6.17742e-9
-0.000276724
-0.000127652
-1.67836e-7
1.95203e-8
-5.53789e-9
0.000123225
-8.96514e-5
-4.21567e-5
-1.05451e-5
-1.20681e-7
-1.40361e-8
1.6073e-8
2.20801e-8
1.15604e-5
-6.38797e-6
-3.13554e-6
-3.55061e-7
-5.53861e-9
-1.73173e-7
5.05958e-9
3.73043e-8
6.61499e-7
1.23642e-7
-2.61789e-7
-5.44771e-7
5.67457e-7
4.89636e-7
8.46742e-9
4.20553e-8
2.32998e-8
-8.05914e-9
1.38883e-8
9.11774e-8
2.22388e-7
-2.06344e-7
1.04451e-7
2.82561e-8
6.87387e-8
5.29525e-8
-3.17419e-8
4.09724e-8
1.10762e-7
1.31495e-8
1.65118e-7
-2.1976e-7
-9.41186e-9
1.39814e-8
-4.39013e-8
4.17725e-9
9.85182e-8
-4.84224e-8
-1.07148e-8
-2.57622e-8
-5.99182e-9
5.85379e-9
-2.60462e-8
-3.858e-8
-6.32029e-8
1.6604e-8
9.764e-8
2.04319e-8
8.14481e-9
5.4595e-9
7.28765e-9
-8.27441e-10
2.3886e-9
1.54649e-8
-0.000522238
-0.000187719
0.00255689
-0.00834957
0.00866148
-0.00658598
0.00177151
-0.00027644
-0.000213034
-0.000990918
-0.000630133
0.00163721
0.00116889
-0.00175631
-0.000900884
0.00125894
0.000591107
-0.000646425
-0.000287866
0.000261449
7.46843e-5
-6.54038e-5
4.93857e-5
-8.18495e-5
2.73185e-5
5.29725e-5
-0.0001396
0.00021014
-7.95472e-5
0.000197723
-7.23246e-5
0.000129736
4.9156e-5
-7.62833e-5
-2.66843e-5
3.58595e-5
1.47184e-7
2.57532e-6
-3.40463e-6
8.43366e-7
1.30913e-5
-1.89542e-5
-5.94455e-6
9.43262e-6
-4.5743e-7
2.31488e-6
-4.76631e-7
-1.47281e-8
2.50162e-6
-4.26059e-6
-9.95069e-7
1.79982e-6
-1.01276e-7
7.2524e-7
-2.19658e-7
9.30321e-8
3.65322e-7
-6.89357e-7
-1.2484e-7
2.69361e-7
-8.01688e-6
5.19838e-6
7.31737e-7
2.30892e-5
-2.87685e-5
-3.97274e-7
3.17016e-8
-6.868e-8
2.32317e-8
-1.79902e-8
1.43524e-8
-7.49935e-9
0.000403257
-1.3493e-5
-8.43108e-5
-0.00164001
0.00115262
9.028e-6
2.53999e-9
1.0668e-8
-5.96205e-9
1.80178e-9
-4.59137e-9
0.00121844
-0.00117751
1.09147e-9
9.88517e-10
-0.00368781
0.002628
2.69976e-9
-7.79466e-10
0.00484717
-0.00410479
1.52246e-9
-8.29724e-10
-0.0050085
0.00459607
7.546e-10
-2.95601e-10
0.00330143
-0.00375473
-1.1793e-9
-5.02192e-10
-0.00212072
0.00263465
-2.41446e-9
9.97417e-10
0.0012747
-0.00155834
-8.69446e-10
2.09447e-11
-0.000741112
-0.000610386
4.79e-9
1.57194e-10
1.43743e-9
0.00038951
-0.000239284
-0.000157906
0.000244685
1.44923e-9
-5.21411e-9
-2.75316e-9
5.17672e-5
2.78248e-5
-4.37114e-9
-1.39234e-9
6.77088e-9
-1.27284e-5
4.25298e-6
1.65426e-6
9.37627e-7
-3.09022e-9
-2.44009e-9
-3.1515e-9
1.57473e-9
2.98799e-7
-4.04148e-7
-2.83477e-7
-1.39416e-7
-1.78807e-9
-8.19934e-9
2.26073e-10
1.04015e-9
9.13603e-8
-1.58181e-9
-1.20472e-8
-2.6354e-8
-8.19257e-11
3.17447e-9
1.54242e-9
-3.63002e-10
-1.11576e-8
8.05202e-9
6.98194e-9
2.01068e-8
-2.85158e-8
2.01761e-8
-1.98507e-8
-7.47993e-11
-4.58989e-10
-3.8585e-10
-7.31517e-10
-5.10051e-9
-4.60811e-9
3.29283e-9
-8.26944e-9
-1.68597e-9
-2.52425e-9
-1.42297e-9
4.7944e-10
-3.57055e-9
-4.73047e-9
-9.80113e-9
-1.33808e-9
-1.54846e-9
3.10377e-9
-2.2508e-9
1.47753e-9
2.02513e-9
8.35194e-10
8.23963e-10
1.46862e-10
4.70678e-11
1.92394e-9
3.7013e-9
0.000850352
-0.000651921
-0.000491971
0.0015591
-0.000619082
-0.000270759
0.00113703
-0.00216608
0.00147069
-0.000243345
0.00261173
-0.00164811
0.000151571
-0.00132258
0.000368821
0.000321965
-0.00028679
0.000580046
0.000566594
-0.0011139
0.000207666
0.000320088
0.000627852
-0.00187889
0.00642122
-0.00406461
0.00224538
-0.00461368
0.00158404
8.78484e-5
-0.000832992
-0.000257946
0.000460591
0.000143341
0.000195141
0.00012413
-0.000215557
-0.000137914
-5.81975e-6
-4.05887e-5
6.96166e-5
-0.000198274
0.000181553
-4.29789e-5
7.87083e-5
-8.47938e-5
-2.50127e-5
-4.43957e-5
-2.74867e-5
4.71187e-5
2.38313e-5
2.20249e-7
2.49545e-8
2.01842e-6
-2.75601e-6
-1.43558e-5
2.37184e-5
6.96282e-6
-1.04049e-5
-1.51253e-8
1.44392e-7
2.15776e-8
-5.69377e-7
-3.16447e-6
5.44393e-6
1.10052e-6
-1.72106e-6
1.92988e-7
8.89885e-8
-1.01275e-7
-2.74448e-7
-3.0372e-7
1.09588e-6
-1.2373e-7
-4.76569e-7
-1.21024e-6
8.07856e-7
5.6599e-7
2.46946e-7
1.05942e-6
-1.28647e-6
-1.37312e-8
2.78951e-7
7.94587e-7
-8.27455e-7
3.12451e-8
-8.80311e-8
-2.51521e-8
-6.54232e-5
8.21524e-5
-1.87141e-5
0.000586419
-0.000964209
3.36189e-6
-6.94955e-10
1.57257e-8
1.12164e-7
-2.48899e-8
1.78291e-9
-2.70486e-9
-0.000314325
0.00165949
-9.38779e-10
-4.2357e-10
-0.00266634
-1.72045e-10
-0.00566721
0.00883548
-0.00218808
0.00606101
-0.010919
0.00126881
0.0064961
-9.34933e-11
-7.33352e-11
3.31832e-10
8.74994e-11
1.57725e-9
6.72587e-10
-1.25007e-10
2.88204e-10
-0.00531016
0.00711895
-0.00584848
2.02855e-10
2.08614e-10
-2.91493e-10
0.00300138
-0.00416727
0.00429681
-2.76055e-10
4.3549e-10
-1.01673e-9
-0.00089398
0.00152892
-0.00224931
1.00855e-9
-2.70021e-9
2.55326e-9
0.000734939
0.00132778
-4.08687e-11
2.34319e-9
-0.000768071
0.000430371
0.00052125
-0.000848969
5.83842e-10
3.65016e-10
-1.60586e-9
1.71278e-9
-1.20885e-8
-0.000414371
0.000505843
-2.61068e-9
-4.39031e-10
0.000171105
8.81208e-5
1.65302e-8
5.13576e-9
-4.16727e-5
-2.09159e-5
3.6101e-6
-2.47453e-5
-1.94413e-8
2.43649e-8
-2.78392e-8
2.78327e-8
3.89718e-9
1.13873e-6
2.20359e-7
5.02344e-9
5.3406e-9
-1.07434e-6
1.77265e-7
3.63249e-7
1.26574e-7
9.71313e-10
-2.55475e-9
-1.69984e-8
1.31669e-8
2.19674e-8
8.47451e-9
-6.0801e-8
-1.02555e-7
-5.05168e-9
-1.59183e-8
-1.54247e-10
-6.6152e-10
-3.88208e-9
8.91627e-10
3.99859e-9
-1.47013e-8
1.21554e-9
-2.35777e-10
1.66049e-10
1.87708e-10
-8.42104e-11
2.58601e-10
-1.72543e-9
-1.40352e-9
5.12104e-10
8.33478e-10
2.79071e-9
8.75865e-10
-6.64898e-10
1.40695e-10
-2.69558e-10
-2.97574e-10
-2.59536e-10
1.69387e-10
-2.43212e-10
8.33844e-10
-1.05755e-9
-7.40516e-10
-1.90576e-10
-2.26023e-10
-7.72138e-12
-1.17398e-10
3.53219e-10
-1.39848e-9
-4.03978e-10
-2.27192e-11
-7.49221e-11
6.82529e-11
-8.11774e-11
3.08761e-10
1.02312e-10
-1.62447e-10
7.32602e-11
1.62529e-10
1.91675e-10
8.13772e-11
4.98599e-11
4.11228e-11
-8.68011e-11
2.11796e-10
2.45254e-10
6.27222e-11
-4.1807e-12
-8.62943e-12
-4.25764e-11
-4.53397e-11
-2.66058e-11
-2.06869e-11
-1.68154e-11
2.26997e-11
-9.43865e-11
-0.000867063
-0.00146947
0.000997278
-0.0012409
0.00160654
-0.000775911
0.00179777
0.000581318
-0.00237535
-0.00163294
0.00271599
0.00129629
0.00103627
-0.00158674
-0.000461216
-0.00285726
0.00416395
-0.00377149
0.00381178
-0.00150577
0.00224836
0.000971228
-0.00130069
-0.000451167
0.000474506
0.00019218
9.978e-5
-0.000148042
-2.67999e-5
0.000200732
-0.000172056
0.000995015
-0.000319481
8.42676e-5
-6.33838e-5
-4.54476e-5
-2.23697e-5
3.75037e-5
2.87588e-6
-2.81492e-6
-7.64287e-6
1.78812e-5
-3.3537e-5
6.70537e-6
-3.30038e-5
1.94885e-5
4.54884e-6
2.36417e-5
1.94194e-5
-5.25842e-5
-1.17011e-5
1.71965e-8
1.72932e-7
-3.10766e-7
-5.30169e-7
3.74615e-7
1.03741e-5
2.61621e-6
-2.55594e-5
-3.47775e-6
-3.01282e-6
6.53505e-7
9.70939e-7
2.00222e-6
-5.11458e-7
-1.91389e-7
3.88045e-6
-8.56059e-7
-8.16308e-6
-1.34664e-6
1.623e-5
6.3181e-7
-1.58045e-5
-7.09115e-6
1.17664e-5
-9.51395e-8
7.42358e-7
2.01882e-6
-1.81571e-6
-2.08538e-7
-0.000179622
9.07774e-5
7.18483e-5
0.000660578
-0.000597105
-0.00010078
-8.12672e-9
2.75912e-8
6.52847e-8
-5.76194e-9
2.33904e-9
2.83325e-9
-0.00121943
-7.37191e-9
-0.00178543
0.00366436
-0.00124377
0.00270653
-0.00303785
0.00126129
-8.25952e-10
1.48128e-9
-3.8842e-9
1.56435e-9
-3.90631e-10
1.74943e-9
-0.00103206
0.00264292
2.25654e-9
-9.43492e-10
-0.000698185
-0.000927848
9.25738e-10
-1.00246e-8
0.00355533
-0.000885294
-9.64144e-10
9.49546e-9
-0.000773177
-0.000334505
0.000568687
0.000226038
-0.000341919
-6.38563e-10
2.82968e-9
-1.20378e-9
9.30107e-9
6.40854e-8
-0.000153492
0.00029802
7.72365e-10
-4.9399e-9
-3.24087e-5
1.49708e-5
-3.3818e-6
-5.06906e-6
1.30413e-5
-3.08516e-8
2.34306e-8
-2.64459e-8
1.47083e-8
-1.02356e-8
-1.98084e-6
5.01684e-7
-5.44269e-8
-2.08509e-7
1.07976e-7
-2.3537e-8
2.37566e-8
-2.79648e-8
2.06185e-8
6.33701e-9
8.04015e-8
4.70416e-8
-1.74647e-10
5.35902e-9
-1.77318e-9
-2.69464e-8
-7.80879e-9
3.8163e-9
-2.95877e-10
-3.855e-10
8.09541e-10
-3.94596e-9
5.07544e-9
4.717e-9
7.21021e-10
-2.18485e-9
1.04093e-9
-2.26312e-9
3.9374e-9
-3.2054e-9
-1.80394e-9
7.43337e-10
3.63603e-10
-3.39386e-10
2.05968e-10
1.62357e-11
1.32753e-10
-3.17168e-10
3.76054e-10
2.96743e-9
-9.84802e-9
-5.331e-11
-3.46434e-11
-2.5619e-11
7.2111e-13
3.20139e-11
-5.80136e-11
-5.66953e-11
-6.5436e-12
-4.05466e-12
1.34189e-11
-2.19811e-10
5.55028e-10
-4.63532e-13
-6.47609e-12
-4.34693e-12
2.46908e-11
1.72212e-11
2.51293e-11
8.1199e-12
2.5393e-11
8.80252e-11
1.52319e-11
2.7747e-11
-1.05588e-11
3.14803e-11
2.12134e-11
-1.73175e-11
-2.34283e-11
-3.07398e-11
1.28736e-11
-1.25207e-10
-3.19175e-10
-9.06365e-11
-0.00117889
-0.000104052
-0.00173014
0.00021827
0.002064
-0.00176504
5.61531e-5
0.00424183
-0.00194917
-0.00391486
0.00114519
0.00189733
-0.00152488
-0.00453667
0.00430806
-0.0042021
0.00564387
-0.00212676
0.00228536
0.00131791
-0.00188371
-0.000348906
0.000344971
6.51921e-5
4.19378e-5
-2.05276e-5
6.37749e-6
0.000895145
-0.000672023
0.00259495
-0.00098314
3.98916e-5
-1.34392e-6
-1.54604e-5
-1.15564e-5
1.06052e-5
9.01805e-6
-7.54795e-5
7.8222e-5
-0.000226726
9.6066e-5
-2.58957e-5
1.575e-6
1.37745e-5
1.95319e-5
-4.23219e-5
1.68994e-6
-8.70719e-6
1.83226e-5
4.66728e-5
4.11868e-5
-0.000108316
-8.28649e-7
5.32158e-7
4.53061e-6
2.21498e-5
3.6721e-6
-5.14724e-5
-4.58194e-6
-1.39104e-6
9.83289e-6
-1.53056e-5
-7.36014e-6
-1.41968e-6
8.48845e-6
-1.00646e-6
-1.38318e-5
-2.55906e-6
-4.86727e-6
3.33986e-5
-7.37989e-5
0.000145706
8.38235e-5
7.53171e-8
2.12949e-7
5.62291e-6
6.34531e-7
-8.26854e-8
5.80029e-5
-5.13127e-5
0.000388961
3.30868e-5
-0.00044001
-0.000571373
-7.90304e-8
2.70532e-7
-8.30887e-8
-4.19436e-7
4.28548e-8
-1.04692e-7
-0.000546781
-2.71001e-8
-0.000111388
0.00107892
-0.000118916
-8.07969e-5
-0.000305302
0.000334233
-0.000418701
-0.000322755
-9.71359e-9
3.18169e-8
6.29999e-10
1.35681e-8
0.00204168
-0.00140012
-0.00109597
8.34261e-9
-1.83358e-8
-0.0046236
0.00236524
0.00305492
3.28376e-8
-3.97538e-8
0.00488929
-0.00142666
-0.00518423
-8.19519e-8
1.08019e-7
-0.000565098
-0.000524455
0.000710543
0.000173644
-0.000180747
-1.11261e-8
2.88115e-8
-1.13915e-7
-5.14101e-5
9.62268e-5
1.89379e-8
-2.31684e-8
8.31809e-6
-1.92736e-8
-2.09903e-6
1.96465e-7
-7.8247e-7
-1.74765e-8
3.19609e-9
2.8263e-9
-1.57023e-8
2.49284e-8
8.4085e-7
-1.80136e-7
-5.25613e-8
5.09427e-8
-4.56658e-8
-2.32733e-8
1.47612e-8
-1.63386e-8
1.93054e-9
-2.12153e-8
1.32021e-8
3.94496e-9
-7.58227e-11
6.2692e-9
5.4832e-9
-5.90916e-9
1.22327e-9
-1.17643e-9
-7.55997e-10
-7.52837e-10
1.5913e-8
-8.68933e-9
-1.20506e-8
-1.35449e-12
1.10656e-10
-2.59142e-10
2.42795e-11
-4.52902e-9
3.69911e-9
9.47028e-9
-3.95573e-8
5.43009e-11
4.93844e-11
-6.47816e-12
1.8791e-11
1.22755e-11
3.52186e-11
1.86698e-10
-1.34259e-9
9.43683e-9
-1.91862e-8
-4.18444e-12
-4.74485e-12
-1.58904e-12
-1.35287e-12
3.02286e-12
-4.95359e-12
4.89936e-11
7.9261e-12
-1.10947e-10
-6.41102e-11
-7.32368e-11
1.19512e-10
-8.91628e-13
1.72131e-11
-2.25372e-11
1.96576e-11
5.17391e-11
-6.15777e-11
6.33475e-11
5.99559e-11
-6.84199e-11
5.14191e-10
6.62652e-10
-1.75942e-10
-1.63555e-11
-1.4942e-10
4.33779e-10
-1.99605e-10
-1.23538e-10
-1.55212e-10
-8.62828e-10
-0.00374423
-0.00275041
0.00255794
0.00150842
0.00225548
-0.000631553
0.000482073
-0.00423276
0.00509047
-0.00455447
0.00143253
0.000648775
-0.00110882
-0.00414406
0.00420427
0.00254075
-0.00104916
-0.000242702
-3.02811e-5
-1.94996e-6
0.000294796
0.00133657
-0.00145409
0.00264201
-0.00211803
1.64748e-6
5.13076e-6
5.32561e-7
-8.32353e-7
-1.94803e-7
-2.49476e-5
-0.000159649
0.000112912
-0.000477874
0.000183847
-3.67406e-6
-1.79621e-6
-6.73885e-6
1.52082e-6
-2.27052e-6
-5.51421e-6
-1.20704e-5
5.07338e-5
2.25623e-5
4.15238e-5
-8.77266e-5
7.2472e-7
-3.37208e-6
1.57881e-5
0.00010329
9.18212e-5
-0.00024887
7.90476e-6
4.20433e-6
-9.40162e-7
3.95008e-5
5.99946e-6
-9.11475e-5
2.93383e-5
-2.4447e-5
1.37147e-5
-0.00010014
-1.83674e-5
-6.28642e-6
2.66904e-5
2.70964e-6
-4.6624e-5
-1.15211e-5
-0.000205961
0.000183809
-0.000115234
0.000614678
0.000160476
1.80256e-7
-1.13625e-6
-9.58768e-7
2.63762e-6
9.7874e-7
0.00151312
-0.000904694
0.000796009
-0.00151298
-0.00168079
0.00089342
-0.000903841
-3.4149e-7
1.01398e-6
4.85426e-7
-1.41064e-6
2.79099e-6
0.000753055
-1.79083e-7
1.2378e-7
1.28725e-7
-7.69023e-8
3.35741e-8
6.93613e-8
3.01065e-8
-0.000274115
2.20377e-7
-6.53753e-7
4.03538e-5
-6.37955e-5
-9.68968e-8
-1.09744e-7
-1.57059e-6
7.26432e-6
2.00487e-7
5.07181e-6
-1.64943e-6
-5.77167e-7
-2.04578e-7
-1.96733e-7
-5.03967e-7
1.09339e-7
4.17026e-7
1.2982e-8
6.24691e-10
3.43532e-8
-1.65117e-7
5.08768e-8
2.11275e-8
-1.15633e-8
4.84514e-8
-7.06825e-9
2.30853e-9
2.13254e-8
-4.12847e-8
1.47887e-7
-1.85231e-8
3.6694e-9
1.74586e-9
-1.62913e-9
1.72069e-8
-4.1731e-9
-3.614e-8
2.84615e-10
5.84629e-10
3.40941e-10
5.49726e-8
-1.82386e-8
-4.55911e-8
-1.31459e-10
-3.50317e-11
1.45425e-11
1.88518e-8
3.38342e-8
-1.38933e-7
4.07638e-11
-1.00449e-10
-3.23051e-11
-3.77022e-12
1.5951e-9
-1.48333e-8
4.30449e-8
-7.77544e-8
2.50558e-11
-1.16199e-11
1.6595e-12
3.11609e-12
2.0625e-12
1.72363e-10
6.40037e-11
-5.54203e-11
-1.05672e-9
8.08582e-9
-1.28307e-11
4.78839e-12
-8.5065e-12
-1.34e-12
2.42768e-11
-6.195e-11
1.12249e-10
-1.15177e-9
8.93291e-10
-8.01817e-10
-1.26916e-9
-7.827e-10
-1.5813e-10
-2.84392e-10
-2.46256e-10
2.18519e-10
-1.66462e-10
-1.56695e-10
5.15884e-10
3.58452e-10
3.11598e-10
8.73931e-10
3.9028e-9
-1.69097e-9
4.1514e-9
-0.00455705
0.00315152
0.0064547
-0.00612773
0.00434576
-0.00676041
0.00600939
0.00508569
-0.003774
-0.00181358
0.000716169
-0.000577077
0.00130784
0.00167071
-0.00172307
-0.00306018
0.00200814
-2.8092e-5
0.000212944
1.12023e-5
-1.27849e-5
0.00111524
0.001588
-0.000901544
-0.00220474
0.000734344
-0.000709871
-0.000269311
1.02316e-5
5.14602e-7
-3.74893e-6
5.52257e-7
4.45556e-8
-7.98311e-5
-6.48041e-5
3.55262e-5
3.97758e-5
-0.000394497
0.000149187
2.15214e-7
-3.47643e-7
1.40403e-7
-1.75395e-5
-5.43944e-6
2.82774e-5
-2.31473e-5
1.72453e-6
4.55462e-6
-4.63703e-6
8.1145e-7
5.78422e-6
4.69712e-5
0.000101242
-0.000176498
5.33924e-6
3.45991e-7
1.42199e-6
0.000220835
0.000204648
-0.00060883
1.79218e-5
1.85231e-7
-2.32039e-6
0.000143228
7.8926e-5
-0.000350503
7.45301e-5
-5.40652e-5
7.67483e-6
-2.66327e-5
-0.000168031
-6.69307e-6
1.98463e-5
-7.08935e-5
-1.42346e-5
5.54544e-5
-0.000812764
0.000378278
-6.4652e-5
0.000311901
0.00145642
7.88253e-5
-2.68693e-6
1.52702e-5
-2.45394e-6
8.92003e-6
-1.89282e-5
-5.61198e-6
-0.000461937
0.0012482
-0.00147643
0.00089858
-0.000426581
-0.000440098
0.00152716
1.74053e-6
-6.83425e-6
-6.15306e-7
1.13674e-6
-3.56783e-6
0.00114018
-0.000301155
2.07205e-7
-3.67979e-7
-0.00111549
0.000237476
-3.9383e-8
-1.07743e-7
0.000541201
0.000399636
-1.28442e-7
3.40713e-7
-0.000132466
-0.000733014
-2.22582e-7
4.2888e-7
0.000211461
0.000126137
6.54664e-7
1.64744e-7
-0.000284313
0.000327241
1.97165e-6
-7.10276e-6
-1.89645e-5
-2.80214e-5
-1.39592e-6
8.56446e-6
1.50487e-6
-9.91783e-7
8.52955e-6
-1.62763e-6
6.47455e-7
1.24447e-7
1.39012e-6
2.05028e-6
-2.44927e-7
2.13876e-7
-6.70642e-7
-6.04183e-8
6.96521e-8
1.01895e-7
2.56392e-6
1.75909e-8
-1.53001e-8
-2.85024e-9
-1.68918e-8
6.79034e-8
-1.42272e-7
6.77004e-9
-2.51624e-9
-1.8472e-8
-1.74825e-7
-1.77009e-9
4.18937e-10
-9.71645e-10
1.03873e-7
-2.2829e-10
5.30784e-10
-8.98883e-12
1.67292e-7
3.66447e-8
-2.87173e-7
-1.0388e-10
-2.69397e-10
1.65166e-10
7.25217e-8
7.36638e-8
-5.08069e-7
1.80341e-10
-4.44194e-10
-8.84781e-11
-5.31049e-8
1.52538e-7
-2.10882e-7
-2.28597e-11
3.23252e-10
6.46649e-11
-2.33349e-10
1.06345e-11
-4.41982e-10
-1.11396e-9
-1.59677e-9
2.53233e-8
-9.63971e-11
-1.25144e-10
2.75756e-11
-4.62955e-12
4.07298e-11
-1.00753e-11
2.16333e-9
3.79014e-9
1.88278e-9
-1.28951e-10
4.27146e-11
-5.74972e-11
1.74838e-10
-4.35143e-10
8.3746e-10
1.01314e-9
-9.04339e-10
-1.67876e-9
-6.36918e-11
-2.22041e-9
-5.25131e-9
-9.96835e-9
5.70063e-10
2.27614e-8
-1.3324e-8
-1.47771e-8
-3.38165e-9
4.50392e-9
-2.66219e-9
4.24985e-10
5.19933e-9
2.67104e-9
-8.76077e-10
1.75815e-8
2.02581e-8
-1.09319e-8
0.00357412
-0.00242273
-0.00336535
-0.000202595
0.0010676
0.00213143
0.00144351
-0.00411335
-0.00285923
0.00492061
0.0027567
-0.00295532
-0.00182163
0.00124641
1.8389e-5
-0.000282222
0.000616797
-9.01752e-5
-0.00190282
0.00297733
-0.00108001
-0.00408945
-4.03116e-5
8.17809e-5
2.94872e-6
1.6946e-7
-1.8871e-6
7.82246e-7
0.000423575
-0.000175602
0.000488666
-0.00027187
-3.69603e-7
1.09012e-7
-3.3012e-7
3.36012e-7
-1.14982e-5
-1.46205e-5
5.85066e-6
-5.10029e-5
1.52224e-5
-7.763e-7
2.63638e-6
-1.33501e-5
-2.26927e-6
7.02337e-7
2.89495e-6
-0.000101449
3.08339e-5
-1.69335e-5
1.25701e-7
3.80092e-7
7.87895e-8
0.000142162
0.00069232
-0.000853533
2.44071e-6
-1.53067e-7
-5.91284e-8
0.000969484
0.00201848
-0.00223439
1.01445e-5
-2.82662e-7
-2.1782e-6
-3.26252e-7
0.000181836
-0.000413768
-0.000187722
0.000619046
-0.000128443
-4.3175e-5
4.81315e-5
1.79958e-5
-6.62422e-5
0.000251418
7.05879e-5
-0.000253504
0.000784475
-0.00120861
0.000709609
-0.000486649
-0.00101452
-0.000341291
9.83662e-6
-6.0928e-5
1.50312e-5
-3.605e-5
7.61575e-5
1.28269e-5
-0.00142648
0.00126456
-0.000272434
0.00154965
0.00224483
-0.00214854
-0.00193557
-0.000153953
1.86341e-7
4.35314e-6
9.08084e-7
-6.1592e-6
-0.00218156
0.002111
0.00186147
-7.7196e-7
5.24762e-6
0.00149955
-0.00146776
-0.00121642
-1.10729e-6
-3.50459e-6
-0.000789035
0.000728113
0.000608106
-1.13182e-6
1.31985e-5
0.000407601
-0.000300712
-0.000317047
4.38694e-6
-1.62032e-5
-0.000197763
8.43829e-5
0.000211831
1.97484e-5
-6.68746e-5
1.08253e-5
-1.72935e-5
-2.85857e-7
-5.723e-6
5.32195e-5
-2.97968e-5
2.34119e-7
2.89982e-7
-1.50873e-5
-4.65502e-8
-3.41657e-7
4.97023e-6
5.42935e-5
9.87981e-8
-3.50422e-8
1.06035e-6
-4.34619e-6
1.14989e-8
-1.27883e-8
7.69007e-7
-4.46315e-6
4.29197e-9
-1.10158e-9
1.27385e-7
-2.02127e-7
3.67808e-10
-5.29748e-9
-2.30518e-7
2.97773e-7
-1.41258e-9
2.92541e-9
3.80682e-10
8.77022e-7
2.0696e-10
-1.0621e-10
7.40167e-10
3.81207e-7
1.62988e-6
-2.1691e-6
5.07621e-10
-3.45062e-9
-2.49904e-11
-2.34223e-7
1.13661e-6
-1.36348e-6
-9.48313e-10
2.45302e-10
-1.18873e-10
4.13304e-9
-5.93196e-10
-2.15729e-8
2.53561e-8
8.12159e-8
-4.20143e-9
1.3736e-9
7.12898e-10
-1.49824e-9
2.138e-9
-8.99303e-9
1.87159e-9
2.31738e-9
-1.11119e-9
-1.18767e-9
4.62925e-11
1.42589e-9
-1.02529e-9
4.7547e-8
-9.46886e-9
8.53843e-8
3.15242e-8
-7.46014e-9
-5.5275e-9
3.73101e-9
-7.97024e-9
4.24806e-9
-1.48783e-8
-9.7013e-9
-1.80381e-8
7.81144e-9
-1.97816e-8
-7.41499e-8
-8.73669e-8
-1.24521e-8
2.27856e-7
-2.97765e-7
-4.91479e-8
2.78797e-9
6.50347e-8
6.7411e-9
-2.65819e-8
2.15505e-7
2.14802e-7
-0.00164097
0.0010729
0.0024117
-0.00087465
-0.000362724
-0.000393774
0.00219595
-0.00469036
0.00713661
-0.00912294
0.00397287
-0.00151485
0.000306556
-3.88584e-5
-2.13658e-5
-4.95352e-5
-4.77647e-6
1.65358e-5
-7.48497e-5
8.65705e-5
0.000527993
-0.000180635
-3.96689e-6
9.90957e-7
-3.50407e-6
1.32001e-6
6.34337e-5
-1.88582e-5
0.00012851
-5.30658e-5
-4.51505e-7
1.778e-8
3.64981e-7
-2.68185e-6
-6.81206e-7
-2.24691e-6
6.16743e-7
-9.66113e-7
-4.64711e-6
3.58799e-6
1.61528e-5
-9.22937e-5
-1.0124e-5
0.000182106
-2.02825e-7
3.93913e-7
3.13136e-8
4.45516e-7
-0.000760092
0.00187111
9.7077e-8
-8.80045e-8
1.08101e-7
-8.38149e-8
-0.00166303
0.00539177
4.71825e-7
2.33495e-8
-1.26778e-7
1.30113e-7
0.000678525
-0.000106736
-0.00186827
0.00517952
-1.60309e-5
-6.72212e-6
4.83339e-6
2.07734e-6
-0.000853804
0.00257505
0.000845042
-0.00251908
0.000255908
0.000143599
-0.000113038
-5.24406e-5
0.000203261
-0.000699722
-0.000155174
0.000564185
-1.434e-5
0.000391239
-0.00033255
-8.63199e-5
-0.000461214
0.000264144
0.000258948
-1.90005e-5
2.90383e-5
-1.59574e-5
4.35241e-5
-7.07444e-6
3.79063e-5
2.00592e-5
-1.042e-5
-7.56562e-6
1.99307e-5
-9.26209e-5
0.000281898
-3.18453e-6
0.0001124
7.98595e-6
2.34973e-5
-1.46295e-5
1.04645e-6
-0.000146689
0.000156824
-0.000104065
-0.000497059
-5.24525e-7
2.85337e-6
-2.90934e-7
2.85263e-5
-0.000112043
4.03769e-8
-3.82921e-7
1.34559e-5
-0.000108853
2.11124e-7
-6.83121e-8
1.14096e-7
-2.70342e-6
1.78356e-8
-6.23827e-8
2.82801e-6
-6.69624e-6
1.1353e-8
-3.95391e-9
4.13221e-7
-1.68951e-6
5.21016e-10
2.15498e-8
-6.30639e-9
1.82449e-7
5.30644e-6
4.0342e-10
3.15869e-11
-1.62362e-9
-6.59962e-10
-8.0357e-7
6.79077e-6
9.24619e-9
5.01758e-9
3.59749e-9
-3.89299e-8
-1.50623e-6
3.45657e-6
3.48882e-9
-4.23785e-8
-1.90587e-8
8.95497e-8
4.35463e-8
-2.12164e-7
1.99404e-7
1.03447e-8
4.81508e-9
-1.15886e-9
1.70771e-8
2.18755e-9
-7.56695e-9
-5.6919e-9
-4.69139e-8
-2.76198e-8
1.07778e-8
7.38864e-9
-1.54039e-8
3.36674e-8
-1.63371e-7
2.93088e-8
-3.43187e-9
-7.6778e-9
-1.63244e-8
1.01843e-9
7.90704e-8
4.46513e-8
-7.05584e-7
-2.79902e-7
7.67335e-7
6.3543e-7
-1.18589e-7
-1.27647e-7
-1.69647e-8
6.00038e-9
3.65877e-8
-1.54249e-7
-1.5064e-7
1.73498e-7
-2.86462e-7
-9.92577e-7
7.11018e-7
-7.29538e-7
0.0013227
-0.000551883
-0.00323575
0.00278318
0.00670258
-0.00839543
-0.00962394
0.014143
0.0168807
-0.0194127
-0.00605757
0.00082353
0.00271554
-0.00203382
-0.000259229
-3.55263e-5
-0.000473965
0.000199882
-0.000448918
0.000253813
0.000630459
0.000267577
-6.68322e-5
1.11315e-5
-3.12852e-5
1.91916e-5
-5.82513e-5
4.22345e-5
5.0351e-5
-2.57703e-5
-5.86203e-6
9.18924e-7
-3.75335e-7
-5.56979e-7
3.74441e-6
-7.81834e-6
1.60347e-5
2.15483e-5
6.63033e-7
-3.87617e-6
-1.02506e-6
1.21382e-5
-4.72883e-6
0.000164732
-9.78809e-5
9.01178e-5
4.01697e-6
0.000336595
-0.000981873
0.00158482
-1.84402e-6
-0.00182373
-0.00726572
0.00814971
2.63438e-7
-0.0153829
-0.0160137
0.0293029
-1.30933e-6
-6.25184e-7
3.85065e-7
2.59562e-8
-0.00685423
0.0161156
0.00664589
-0.0153902
4.28407e-5
1.66041e-5
-1.4e-5
-4.53218e-6
0.00213865
-0.00575689
-0.001729
0.004598
-4.91401e-5
-0.000145073
4.5899e-5
6.87634e-5
-0.000374879
0.0011307
0.000238062
-0.000737669
-0.000187155
0.00153312
-0.00198813
0.000853702
-0.000936061
-0.00184818
0.000554486
0.00255216
-0.00064962
-6.13495e-5
0.000132904
1.35881e-6
0.000133333
0.00145217
-0.000482263
-0.00199942
5.64466e-5
-0.000221941
-0.000847692
0.000230897
0.00128167
-5.64407e-5
0.000127252
0.000328712
2.33998e-5
-0.000582842
4.79422e-5
3.83093e-5
-0.000131712
8.951e-5
0.0001999
0.000239239
-0.00080828
-3.26168e-5
0.000320671
-9.65665e-6
-0.000893242
0.00291694
-2.6428e-5
-9.77386e-5
-0.00188991
0.00230415
-3.01149e-6
0.000574988
-2.42373e-7
-5.3363e-6
0.00044465
-0.00226615
5.4073e-6
-1.60968e-6
2.91547e-5
-8.41619e-5
3.47828e-7
-9.58391e-7
2.59981e-6
-0.000149014
1.38296e-7
-2.74079e-8
-6.87381e-6
6.43408e-6
3.86227e-9
-2.48105e-8
1.85843e-5
-1.84071e-5
-1.99724e-8
-1.8217e-5
2.34677e-9
-6.03384e-6
-2.01939e-5
3.75381e-5
-6.43316e-9
1.27041e-6
-1.74927e-5
1.96389e-5
1.67689e-7
6.12911e-7
-2.5072e-6
3.5425e-6
-6.21915e-8
-4.65823e-8
-4.64854e-8
-3.3694e-9
-3.21495e-9
1.52408e-8
-1.43347e-7
-2.295e-7
4.65333e-7
-1.10198e-8
-5.18465e-9
2.09781e-7
2.61795e-8
-1.30946e-7
1.04194e-8
-3.08532e-9
-5.03158e-7
1.06536e-7
6.06587e-8
-1.85977e-7
5.85889e-7
-3.05821e-6
5.20784e-7
-7.24059e-8
1.45888e-7
-1.97549e-7
3.51915e-7
-1.0118e-7
-3.1478e-7
1.22187e-7
9.77325e-7
-7.84411e-7
6.87525e-7
1.08371e-6
2.70941e-6
2.06868e-6
-9.97076e-6
7.60149e-6
-1.98463e-6
1.40465e-6
-4.31747e-6
2.90048e-6
-1.15103e-6
-3.56126e-6
-1.1392e-5
-0.000101233
0.00028377
9.00308e-5
0.000110165
-0.000675675
-1.77044e-6
0.00820033
-0.00128563
-0.0114269
0.0134075
0.00393067
-0.00350337
0.00185676
-0.00302098
-0.00104392
0.00132411
7.80587e-5
0.000278495
-6.32979e-5
-0.000123105
-0.000141037
0.000391866
-0.000111453
1.89043e-5
-9.74679e-6
-7.35209e-6
-7.93208e-5
0.000235937
0.00010091
-0.000339819
-2.93808e-6
4.17863e-6
2.1239e-5
-4.33271e-5
-3.17208e-6
5.13027e-5
-0.00019676
7.81993e-5
-0.000120517
0.000392815
5.70041e-5
0.00030886
-0.000300961
-0.000533516
1.02665e-5
-2.66287e-5
4.11116e-5
-3.10063e-5
0.000798811
-0.0037441
-7.22935e-7
2.48648e-6
4.45109e-6
7.39045e-7
0.00578561
-0.018437
-4.66113e-8
-4.10725e-7
1.81786e-6
-3.38885e-7
0.0154175
-0.0346503
-7.20928e-8
8.04133e-9
3.99433e-7
-1.38171e-7
-0.0311809
0.0473693
0.03082
-0.0523957
3.87366e-6
1.05582e-6
-8.74594e-7
-2.28854e-7
0.0137315
-0.0281575
-0.0111944
0.0239579
-3.02571e-5
-2.74966e-5
1.3552e-5
9.49019e-6
-0.00282104
0.00729034
0.00150383
-0.00606574
-0.000315655
0.00032343
-6.08944e-5
0.000153908
0.000536282
-0.000181064
2.17112e-5
0.000936919
-0.00236961
-0.000565786
0.000580853
0.000283357
0.000662855
-0.000222175
-0.000378814
0.000542245
-0.000599432
-0.000325158
0.000150089
0.000760455
-0.000894999
-0.0087349
0.00858013
0.00246562
0.000235303
-0.00064903
-0.00736445
0.0143813
-0.000153815
0.000423461
5.16469e-5
0.00913318
-0.0123081
-3.30986e-5
0.00011276
-3.5758e-5
0.000550881
-0.00222251
6.31087e-6
-9.29409e-6
0.000446369
-0.00277815
1.77866e-6
-4.69384e-7
1.53464e-5
8.11893e-5
1.43396e-7
-3.4015e-7
6.86745e-5
-0.000492728
-1.46917e-7
1.81002e-7
-3.48461e-5
1.39867e-5
-7.87719e-8
-1.1842e-6
4.69013e-7
6.25443e-5
-1.69594e-5
3.83491e-8
-3.66438e-8
1.34711e-8
-6.04719e-8
1.90071e-5
-5.89309e-5
-4.90424e-8
-8.24267e-8
8.26372e-8
2.26715e-7
1.62091e-5
-5.80374e-5
-2.71119e-7
-1.5366e-6
-4.5454e-7
3.88688e-6
3.50119e-6
-1.2569e-5
1.55123e-7
1.19877e-6
9.56966e-7
-5.7116e-6
1.33051e-7
9.0721e-7
-8.94236e-7
9.60688e-6
-2.55164e-6
-1.20575e-6
4.48639e-6
2.45689e-8
-4.29768e-8
-9.76512e-8
-7.14448e-7
-6.16169e-6
1.98916e-6
5.86296e-7
-2.16696e-6
5.10667e-7
-2.54391e-6
1.16402e-7
-9.14225e-9
2.28715e-6
-3.74955e-7
8.19721e-8
7.15259e-7
-1.42487e-6
3.2451e-5
1.24848e-5
-4.01566e-5
5.72504e-6
-1.25367e-6
8.58306e-7
7.12563e-6
-3.54321e-6
-1.18751e-5
1.09211e-5
-6.33336e-6
2.60431e-6
-3.39702e-5
3.18725e-5
-5.40199e-5
4.89447e-5
-0.00496595
-0.00252145
0.0106518
-0.000565101
-0.0104435
0.00157576
0.00240759
0.00252846
-0.000580412
0.0012528
-0.000413251
2.11571e-6
0.00316167
-0.00142959
-0.00253692
-0.00212039
-0.00304531
0.00539003
-0.00134178
0.00113037
0.000400094
-0.000260749
0.000451476
-0.00169238
-0.000658328
0.00238455
3.73431e-5
-7.95837e-7
-7.85595e-5
8.52909e-6
-0.000671079
0.00173314
-0.00100059
0.000852682
-0.00262092
-9.75777e-5
0.000233121
-0.000378987
0.000474688
7.96226e-5
0.00055604
-0.000315831
-0.00033764
0.00137878
0.00243263
-0.00352219
7.41479e-5
0.00534397
0.00365055
-0.00858434
-1.21899e-5
0.0383367
0.0172949
-0.0373774
-1.62173e-6
-1.27652e-7
-0.0569267
0.0720723
1.32001e-7
8.83774e-8
1.21572e-7
-4.53124e-8
0.0510715
-0.0823049
-0.0398011
0.0842458
-5.12045e-6
-2.74669e-6
1.43519e-6
6.86146e-7
-0.0153886
0.0347068
0.0104115
-0.0280332
-6.02728e-5
8.64799e-6
2.30384e-5
-3.82992e-5
-6.20365e-6
0.00551234
-0.0108675
0.001979
5.9672e-5
-0.000617861
-0.00153942
0.00155073
0.0007684
0.000763024
-0.000184827
2.58071e-5
-0.000922513
-0.00133201
0.00108244
0.000325923
-6.77394e-5
-0.000873869
0.00255928
0.00273929
-0.00223288
0.00110006
-0.00110823
-0.000453812
-0.00351206
0.00149006
-0.000234898
-0.00121638
0.00455931
-0.0163572
0.00072493
-0.00103349
0.0300534
-0.0429598
0.0313169
-0.00045693
0.000420624
0.012282
-0.0124937
0.000112416
-9.62852e-6
-1.14868e-5
8.20041e-5
-0.00117913
2.64139e-6
-5.20217e-6
0.00353424
-0.00332339
9.65685e-7
-1.1297e-6
-0.000127432
0.000499514
1.24981e-6
7.36103e-6
-2.92205e-6
-0.000708725
0.00263942
9.27169e-7
-0.000165614
0.000256526
-3.41105e-8
0.000136368
6.65496e-7
1.68907e-5
0.000146051
-0.000241338
2.36409e-6
3.13802e-7
3.99723e-5
-7.09084e-5
-1.41847e-5
2.09672e-5
-1.89501e-6
1.10455e-5
-1.66074e-5
-2.81248e-5
-1.36132e-5
3.77698e-5
3.78345e-7
1.6197e-8
-3.89274e-7
2.16413e-7
-4.50733e-5
1.42277e-5
5.77981e-6
-1.69308e-5
2.0353e-7
-1.37306e-7
-3.49892e-8
-8.59774e-7
1.28298e-5
-4.15847e-6
-2.36551e-6
3.81527e-6
1.33856e-5
-4.52914e-5
-3.2906e-6
-1.34939e-6
2.33475e-6
-2.16053e-6
1.2677e-5
-1.55342e-5
1.19873e-5
-1.77561e-5
5.37187e-5
5.44028e-5
3.31052e-5
-6.34091e-5
2.95425e-5
-4.57924e-6
0.000133618
-9.71152e-5
3.82572e-5
-5.1456e-5
3.4855e-5
-0.00667984
0.0131131
0.00705371
-0.0147176
0.0110605
-0.00570198
-4.1594e-5
-0.00770477
0.00529567
0.00586833
-0.00244142
-0.00259077
-0.0021135
-0.00226079
0.00351296
-0.00419339
-0.00117322
0.000390095
0.00150039
0.00074728
-0.000438345
0.00168533
7.91308e-5
-0.000343401
9.28133e-5
-0.000601002
6.44125e-5
0.00182022
-0.00408805
0.00386082
0.00192283
0.000312703
-0.000981266
-0.000317869
0.000217919
-0.000301749
-0.00279949
0.000834287
0.000804583
-0.00118835
0.00205551
-0.00118335
0.00188199
-0.00315525
-0.000943977
-0.00549533
0.00783521
0.00239594
0.000131766
-0.000408043
0.000376869
-0.000142317
0.00690701
-0.00468961
1.82903e-5
-4.67876e-5
4.70007e-5
-2.63759e-5
0.00929969
-0.00796855
1.84717e-6
-2.24105e-6
6.88293e-7
-6.01018e-6
0.0527031
-0.014653
-0.0733096
0.0478928
-5.51274e-7
3.62041e-8
0.0889849
-0.0949372
-3.22673e-7
-1.43462e-7
1.03589e-7
2.4093e-7
-1.01993e-6
-0.0448108
0.0657167
-0.0287117
0.0440368
-5.78627e-6
3.26252e-6
-4.78359e-8
3.66304e-6
-5.19204e-6
0.0200614
-0.0286364
0.00686615
1.10944e-5
-0.00190122
-0.00144321
0.000251425
-0.000246743
-6.64743e-6
3.62342e-5
0.000438912
0.000524416
-0.000935942
-3.19865e-5
0.00197888
-0.0063009
-0.00360879
0.00718879
0.00137993
-0.00351103
-0.00172069
0.000676259
0.00192705
0.00557912
0.00444126
-0.00347224
0.0386904
-0.0227613
-0.00300031
0.000858885
0.0013461
-0.0506895
0.0366774
0.000506659
-0.00029609
0.0186972
0.0014691
-0.000697282
0.0128434
-0.0372386
0.0170732
-0.000245931
0.00041605
0.0085218
-0.00565677
7.26947e-5
-3.67095e-5
-2.21737e-5
4.20088e-6
-2.09314e-5
-0.00435911
0.00349316
-0.00449177
0.00405523
-7.66032e-6
2.04082e-5
-5.02523e-6
0.000738548
-0.00200566
-1.0442e-6
-3.26933e-7
0.000258903
-0.000360164
-1.04659e-6
-1.2001e-5
1.15492e-5
-0.000268935
0.0003261
4.52879e-7
-1.03154e-5
-2.60005e-6
1.60319e-5
-0.000163715
0.000243538
2.91821e-6
-1.56666e-5
-1.15111e-5
2.77341e-5
-5.91154e-5
7.61236e-5
5.32465e-5
-9.01804e-5
-5.50063e-5
0.000104082
-3.54397e-6
-3.69247e-5
2.99068e-5
-0.00011817
6.17552e-5
-6.89504e-5
3.25423e-6
3.781e-5
7.13671e-5
2.52056e-5
-4.79993e-5
1.66626e-6
-3.30146e-7
-6.74115e-6
6.40942e-7
1.7508e-5
-2.05421e-5
-9.24453e-6
9.54815e-6
5.01689e-6
-1.6555e-5
-5.76746e-6
1.92793e-6
6.1244e-6
1.28026e-5
-5.1554e-6
8.91712e-6
-8.04109e-6
2.42212e-5
-7.404e-5
-6.04603e-5
-0.000113035
-0.000110009
0.000137697
-1.7608e-5
8.40296e-5
-6.39168e-5
2.68685e-5
0.000135425
-0.000112105
9.25089e-5
-5.36046e-5
6.54304e-5
-3.61756e-5
-0.00771058
0.0130565
-0.0205529
0.025244
-0.0179122
0.00851215
-0.000443962
-0.00344887
0.00214862
0.00312342
-0.000620033
-0.00123512
0.00133088
0.00152694
-0.00563398
-0.00057152
0.00167394
0.00282907
-0.00659594
0.00130923
0.00498
-0.0111285
0.00858418
-7.96579e-5
0.000289413
0.00418686
-0.0068184
0.00499985
-0.00471187
0.00808487
-0.000212294
-0.00328715
0.0134979
-0.0114946
-0.0115588
-0.00323638
0.00207377
-2.33294e-5
0.00924653
-0.000292019
9.90326e-5
-0.0147111
0.0584986
-6.40428e-5
5.41251e-5
-0.0332302
0.0717712
2.55503e-6
1.55536e-5
-0.0485695
-0.00250067
1.05137e-6
3.96554e-7
-8.28956e-6
-2.82717e-6
-0.073377
0.0492928
0.0769609
-0.0718862
-4.45059e-7
1.90686e-7
-0.076824
-0.0434807
0.0749413
7.88321e-8
5.76225e-7
-4.01023e-6
0.0354555
-0.00584452
0.000108367
-0.00456508
-0.000125099
3.59156e-5
0.000236199
-0.000715337
-3.48213e-5
0.00502362
-0.0125515
0.0136293
0.00135434
-0.0129678
-0.00170079
0.00601562
0.001836
1.80152e-5
-0.00169988
-0.00537753
0.00154749
0.0111656
-0.000242333
-0.0152642
-6.08804e-5
-0.00021394
-0.0491991
0.0335677
-0.000240881
-0.000990418
0.0222614
0.000949805
-0.000438507
0.000245454
-0.00288381
0.000793622
9.43646e-5
0.000215364
-8.87987e-5
-0.000189474
-0.0004735
-5.67137e-6
1.50453e-5
-0.000510693
0.000949079
3.97976e-6
9.62649e-5
-8.33423e-5
0.000193812
-0.000114755
4.79437e-5
-4.26845e-5
0.000186664
-0.000181926
2.81236e-5
-3.96368e-5
0.00011095
-0.000210861
3.47773e-6
7.8528e-7
3.0681e-5
-7.56004e-5
0.00014581
-0.000209464
2.6652e-5
-2.10721e-5
0.000219808
0.000116923
-0.000211612
-1.45121e-5
-2.75883e-6
5.99137e-5
-5.53427e-5
0.000180536
-9.33554e-5
7.83281e-5
1.61109e-6
-5.27172e-5
-2.46788e-5
1.91755e-5
4.91252e-6
-1.10163e-5
2.96144e-5
-5.11396e-5
6.24625e-5
-1.79448e-5
2.10548e-5
-5.61677e-5
-3.89764e-5
1.65995e-5
2.51386e-5
-3.93244e-5
9.6931e-6
0.000178263
-0.000256348
0.000211612
-0.000134556
5.59318e-5
-1.15597e-5
-2.07391e-5
6.0013e-5
-0.00629061
0.00693879
-0.00101318
-0.0154796
0.0260811
-0.0265417
0.0179982
-0.00559402
-0.0035441
0.00597948
-0.00231098
-0.00498735
-0.00639399
0.0095428
0.00307583
-0.000865355
0.00798072
0.00901414
-0.0122717
0.0149951
0.00603407
-0.00194569
0.00158471
-0.00726378
0.0164549
0.0035584
-0.00745793
-0.00102119
-0.00706414
0.0114716
-0.0108628
-0.0117917
-0.00438362
0.00887992
0.00744086
-0.0128482
0.0147271
0.00914549
-0.00698086
-0.0115072
0.016155
0.00524545
0.00315517
-0.00302297
-0.0170476
-0.0212291
0.0719997
0.000399014
-0.110119
-0.146906
0.221538
-0.000162642
-7.16762e-5
0.115648
-0.0381202
5.35248e-5
-1.99903e-5
-0.0217957
0.0601596
-1.26293e-6
2.20395e-6
6.54238e-6
-1.51908e-6
5.04347e-7
0.0572288
-0.0711139
0.0683864
-0.0807089
5.48724e-8
-1.83462e-7
-3.94538e-8
-5.27756e-7
-4.06354e-7
-0.0519188
0.0542675
-0.00802049
-4.22382e-6
6.46048e-5
0.00988516
-4.85067e-5
2.23336e-5
-1.48419e-5
0.000116648
-0.00035787
0.0106877
-0.0191862
0.0201626
0.00082663
-0.0224606
-0.00132097
0.0161681
0.00163421
-0.00637634
-0.0015462
-0.00211837
0.00108302
0.00678836
-0.000371103
-0.0084832
-0.000770398
0.00917436
0.00221259
-0.0145888
0.00215162
-0.00301524
-0.0338303
0.0220122
-0.000755577
0.000891474
-0.000682175
-5.47168e-5
-0.000785
0.00397641
-0.00512775
-7.27807e-5
0.000426803
-9.1936e-5
0.000172074
6.29611e-5
-0.000328256
0.000276426
0.000138307
-0.000254853
-0.000309142
0.000168186
-4.07732e-5
9.43436e-5
-0.000108574
0.0001245
-5.62848e-5
-1.41483e-5
-3.74688e-5
-2.63292e-5
0.000154152
-6.51515e-5
5.35039e-5
-2.3743e-6
0.000103417
3.0287e-5
2.25044e-5
4.53444e-5
-6.74045e-5
-0.000242986
0.000449685
-3.14425e-6
3.41945e-5
-3.88417e-5
-0.000355761
0.000305951
-2.60808e-5
1.9795e-5
-0.000242694
-0.000115133
0.000156644
4.37965e-5
-4.61505e-5
-5.70028e-5
4.74936e-5
-5.16325e-5
-2.56682e-6
-4.84653e-6
6.31085e-5
-2.9586e-5
4.83423e-5
9.76065e-5
-8.10244e-5
8.31956e-5
-0.000131489
8.67646e-5
-0.000109646
-2.35009e-5
4.83489e-5
9.64597e-5
-0.000210479
-9.51412e-5
2.27231e-5
1.45409e-5
-0.000137102
0.000118747
-0.00028135
0.000346073
-0.000290682
0.000152352
-1.17268e-5
-8.46734e-5
0.000157077
-0.000282439
0.000330171
0.0132674
-0.00384839
-0.0201774
0.0194612
-0.00943752
-0.00388413
0.0125315
-0.0125123
0.00577603
0.00281988
-0.0127375
-0.0146036
-0.0111558
0.0134676
-0.0141398
-0.00233212
0.0088128
-0.0514117
0.0709293
0.0155433
0.00661153
0.0129213
-0.0123688
0.0114914
-0.022006
0.0325897
-0.0377743
-0.0100801
0.00847608
0.0409362
-0.0520854
0.00745788
-0.00477332
0.00545917
-0.00479512
-0.00566936
-0.0221136
0.0625113
-0.0159348
-0.043695
0.00408178
-0.00677961
0.0046203
-0.00265107
0.114641
-0.167207
0.00104291
-0.0024532
0.00168298
-0.000782012
-0.000286282
-0.15521
0.152427
-0.0710398
0.0424587
6.12827e-5
-8.23102e-6
0.00701179
-0.0430126
-1.72045e-6
1.85865e-6
4.98972e-8
0.0580323
-0.0570604
0.052226
3.34081e-7
-6.73914e-7
2.52022e-6
-0.0315104
-0.00410693
-0.00961485
0.0259175
1.32692e-5
-7.75037e-5
0.000242934
0.0311976
-0.0270715
-0.000587327
0.0236176
0.000973962
-0.0145667
-0.00113823
0.00188506
0.000892877
0.0080236
-0.00028583
-0.0116593
-0.000428623
0.0102702
0.00102969
-0.00732896
-0.00122206
0.00555351
0.000552079
-0.00283719
4.22264e-5
-0.00170106
0.00129774
-0.00124352
7.54278e-5
2.62646e-5
-3.06175e-6
0.000798007
-0.000524987
0.000339841
-1.8684e-5
1.5638e-5
-2.83898e-5
-0.000107701
-0.000129198
0.00035389
4.89581e-6
1.28074e-5
-0.000623091
-0.000290391
0.000815804
1.95287e-5
4.86082e-6
1.51816e-5
-1.73381e-5
0.000188239
-0.000574572
-0.000192164
0.00034887
-0.000139074
0.000354717
-1.43939e-5
1.23433e-5
0.000869085
-0.00104057
-0.000626893
0.00073877
-3.2963e-5
-2.08011e-5
1.59678e-5
-0.00044712
0.000449011
-0.000354093
4.79037e-5
-4.08645e-5
4.48588e-5
0.000251343
-0.000141128
9.57193e-5
-7.05395e-5
2.7611e-5
6.77531e-5
-0.000166787
-0.000238348
0.000155532
-0.000123575
0.000286281
-0.000347521
0.000139995
-0.00011269
4.2844e-5
-0.000450744
0.000401778
-0.000131703
0.000306169
-0.00037793
0.00029563
-0.00010433
-9.251e-5
0.000210534
-0.000236893
0.000195818
-5.34211e-5
-0.0034872
0.00726615
-0.0110772
0.00199481
-0.00982272
0.0124957
-0.00852546
-0.00245695
0.0155105
-0.0226794
0.0193951
-0.00746157
-0.00943819
0.0269161
0.0630634
-0.0746199
-0.0607108
0.0543642
-0.0486393
0.0154524
-0.0132052
0.0126947
0.0144405
0.00828142
-0.028816
-0.0111884
0.0103215
-0.00946987
0.0487475
-0.065437
0.0757958
0.00826875
-0.00671325
-0.0790294
0.0833416
0.00558035
-0.00552503
0.00413395
-0.101702
0.0826515
-0.0272227
-0.00279557
0.0018601
-0.035352
0.0809617
-0.00107855
0.000526414
0.000276006
-0.0853465
0.0497869
-0.0229362
-0.000108993
3.72912e-5
-0.00537796
0.0276072
-9.66838e-6
1.42712e-6
-8.09212e-7
-0.0367761
0.0343995
-0.0247553
1.86186e-7
2.48322e-7
7.91861e-8
0.00699809
0.0210893
-0.0332041
1.52721e-5
-7.62822e-6
5.42514e-6
-4.71544e-5
6.4976e-5
-0.0361075
0.0595393
-0.0302567
-0.000165706
0.0295203
0.000334544
-0.0209878
-0.000509184
0.00783206
0.000486386
0.00695101
-0.000105588
-0.0173173
-0.000538835
0.0194562
0.00111862
-0.0149931
-0.00134428
0.00873901
0.00111044
-0.00428263
-0.000386863
0.00150682
0.000192182
-0.000201291
0.0027191
-0.00176226
-0.000731188
0.000695472
-0.00107256
0.000961209
-5.38458e-6
-3.113e-5
0.000238248
-0.000901429
0.000682849
-0.00039269
-1.49018e-6
-4.00062e-6
4.47474e-6
8.44767e-6
0.000423026
-0.00078645
7.54767e-7
-2.79293e-6
0.00106768
-0.00126308
-9.90276e-6
-4.65321e-6
2.55704e-6
0.00100569
-0.000536209
-7.82505e-5
-7.51495e-6
6.84753e-6
0.000725381
-0.000928435
6.45632e-7
6.12627e-6
0.000631268
-0.000445805
0.000314951
-7.13663e-5
4.85177e-5
-2.61785e-5
-0.000196165
8.44879e-5
-0.000132351
0.000102191
2.55686e-5
-0.000142809
0.000255093
0.000245011
-0.000195996
0.000161945
-0.000444335
0.000410275
0.000272098
-0.000443007
0.000300724
-0.000199822
-0.000278633
0.000358532
-0.000278118
7.52169e-5
0.000157153
-0.000305021
0.000340273
-0.000226392
-6.0737e-6
0.000243026
-0.000368189
0.000348576
-0.000224879
2.29276e-5
0.000217623
-0.00213497
-0.00706348
0.0121844
0.00685105
-0.00596536
-5.25878e-5
0.0108453
-0.0226163
0.028486
-0.0238446
0.0100691
0.00726398
-0.0294552
0.0453538
-0.0445431
0.0252154
-0.0192477
0.0177801
-0.0112469
0.00782283
-0.0318737
0.0496005
0.0080893
-0.00714675
0.00619632
-0.074696
0.0961125
-0.110294
-0.005161
0.00423492
0.118603
-0.103163
-0.00466882
0.00635457
-0.00326292
0.149335
-0.160626
0.099045
0.00161242
-0.00147239
-0.0311772
-0.0141949
0.000798741
-0.000756462
-9.86017e-5
0.0374961
-0.0240975
0.0071853
6.65225e-5
-3.04721e-5
0.00602317
-0.0154527
1.13179e-5
-3.1521e-6
3.43381e-7
0.0180518
-0.0128721
0.00085657
-2.32626e-7
2.31789e-7
-1.01008e-6
0.0212621
-0.0369283
0.0383685
3.46334e-7
4.96983e-5
-3.52041e-5
-0.0497064
0.0204886
7.0817e-5
-0.0240619
-0.00013609
0.0146175
0.00015015
0.00139699
2.10256e-5
-0.0167929
-0.000480229
0.0263206
0.00110862
-0.0268595
-0.00156706
0.0201829
0.0015303
-0.0112206
-0.00103956
0.00446729
0.000324658
-0.00122292
0.000124789
0.000319336
-0.0005967
0.000819591
-0.00101824
-6.62382e-6
5.57256e-5
-0.000150905
0.00101759
-0.000780946
0.000431921
1.65596e-6
-6.34101e-7
3.34648e-6
4.41414e-5
-0.000597061
0.00109333
-4.27221e-7
8.22224e-8
-0.00122218
0.00168747
8.11071e-6
1.52178e-6
-1.36844e-7
-0.00120336
0.000667388
-0.000188013
2.86414e-5
-1.57116e-5
-0.000567975
0.00122405
4.81762e-5
-3.50823e-5
-0.000715152
0.000353266
-0.000196923
8.19518e-5
-5.0408e-5
-7.73851e-6
0.000102185
-1.6147e-5
0.000147329
-0.000112797
-7.7009e-5
0.00022585
-0.000482498
-0.000251588
0.000210791
-0.00017952
0.000592494
-0.000445144
0.000384256
0.000233672
-0.000256373
0.00026429
4.7058e-5
-0.000243058
0.000292889
-0.000273007
0.000133379
0.000112719
-0.000364989
0.000494489
-0.00043639
0.000253417
-2.70951e-5
-0.000123389
0.000998732
-0.00989852
0.0126795
0.00310879
0.00393426
-0.0127608
0.0219687
-0.0267516
0.0228411
-0.0113161
-0.00229361
0.0158585
0.017386
-0.0149746
-0.00549764
0.000861623
-0.00616572
0.00455257
-0.0286534
0.0518768
-0.0542987
-0.0040569
0.00446002
-0.00333109
0.0823943
-0.105057
0.117721
0.00293623
-0.00180928
-0.127258
0.161105
0.00191887
-0.00451103
0.00262037
-0.134778
0.239333
-0.130357
-0.00143154
0.000704085
0.0486452
-0.0124445
-0.000606376
0.000725202
-2.81565e-5
-0.0102742
0.00488876
0.00211408
-7.56759e-6
9.51493e-6
-0.00584568
0.00761506
-6.64439e-6
5.19881e-6
-6.39182e-7
-0.00853732
0.00445588
0.000782007
7.9444e-7
1.02859e-6
-2.06841e-6
-0.00630219
-0.00238603
-2.70948e-5
0.0123797
2.57755e-6
2.32045e-5
-3.05272e-5
0.0409366
-0.0568008
3.05432e-5
-0.0115419
3.56617e-5
-0.0108327
-0.000248952
0.0242021
0.000680957
-0.0305316
-0.00122725
0.0293309
0.00158684
-0.0218887
-0.00151412
0.0128438
0.000901353
-0.00526332
-0.000324865
0.00153534
-7.97612e-5
0.000226197
-0.000506801
0.000977377
-1.18774e-5
-1.22508e-5
0.000198763
-0.00113788
0.000775906
-0.000443613
-1.07637e-7
-2.09017e-7
1.93024e-6
7.22129e-5
0.000368657
-0.000712959
1.83147e-7
1.8643e-8
0.000836181
-0.000874494
-5.45968e-6
7.76344e-7
-4.29367e-7
0.000579256
-0.000171457
-0.000185832
-5.02862e-5
2.05359e-5
0.000650838
-0.0009819
-0.000116661
8.02908e-5
0.000306504
-9.82809e-5
6.17608e-5
-4.04488e-5
-3.16247e-5
0.000106544
-2.96521e-5
-1.21936e-5
-0.000127748
8.77855e-5
4.76307e-5
-9.5373e-5
0.000159736
0.000248012
-0.000182885
0.000154916
-1.84734e-6
-0.000111474
0.000140645
-0.000219781
-0.000483854
0.000437175
-0.000276789
0.000214476
-7.795e-5
-0.000138338
0.000370545
-0.000499138
0.000459917
-0.000253084
6.97543e-5
3.79714e-5
-8.47638e-5
-0.00366505
0.00201385
0.00215183
-0.00892612
0.00300059
0.000557219
-0.00546058
0.0103012
-0.0160346
0.0189526
-0.0172525
0.00850655
0.00232403
-0.00831493
0.00788196
0.00672383
-0.000767017
0.00145396
0.00199407
-0.00126077
-0.0033729
-0.0191525
0.030527
-0.04651
0.0543982
0.0014182
-0.00238753
0.00232797
-0.0589167
0.0857628
-0.0951107
-0.00284201
0.00316599
0.0973017
-0.097901
0.0007648
-0.00269296
-0.174515
0.0960153
-0.000615432
0.000513681
0.000471006
-0.00268942
-0.000566632
0.000446897
-0.000212532
0.00260225
-0.000107025
7.91669e-5
-0.00465271
0.00297753
-3.53391e-5
1.06469e-5
0.00486939
-0.00436415
4.76131e-8
-7.83004e-6
7.01847e-7
0.00396251
-0.000957041
-0.00173876
-3.85772e-6
-1.63948e-6
1.32794e-6
0.00435662
-0.00794389
-6.1288e-6
1.52883e-5
-0.0160763
0.0184188
0.0147286
-0.0154991
-1.16035e-6
-1.39219e-5
-4.90207e-6
0.0393718
-0.00358796
1.29253e-5
-0.00522219
-9.97755e-5
0.0266587
0.000257819
-0.0288065
-0.000573309
0.0280407
0.000938187
-0.0240881
-0.00122589
0.0179848
0.000986882
-0.00922428
-0.000557256
0.00260775
0.000224659
-0.000451322
3.18318e-5
-0.000199661
0.00023174
0.000485958
-3.9489e-5
-0.000225813
1.55859e-5
-4.88447e-5
0.000226199
-0.000736319
1.96866e-7
0.00090414
-0.000652034
0.000314819
5.50152e-8
6.85459e-8
-4.44827e-7
-0.000261669
3.55481e-5
0.000179458
4.72748e-8
-5.54377e-8
-0.000270805
0.000250906
-0.000269859
-8.4821e-8
1.39261e-8
-0.000129767
7.75408e-5
-7.02337e-5
-2.02947e-6
4.51978e-5
-7.0628e-5
0.000178532
-2.37857e-7
-9.16047e-5
7.8112e-5
-4.56269e-5
2.77615e-5
-7.13019e-7
8.68943e-6
-1.2809e-5
1.58511e-5
7.03449e-6
8.92504e-5
-6.0554e-5
-1.92509e-5
3.69374e-5
-6.81789e-5
-0.000175076
0.000119708
-8.83898e-5
4.28114e-5
3.04742e-5
-3.61491e-5
-0.000187262
0.00013883
0.00030329
-6.86444e-5
-1.52486e-5
5.08385e-5
-9.3031e-5
0.000148769
-0.000225165
0.000155696
-0.000194459
8.70192e-5
5.98391e-5
-0.000231711
0.000358962
-0.000300399
0.000165113
-5.93934e-5
0.00394891
-0.00107008
-0.00239061
0.0068616
-0.00658323
0.00942315
-0.0101849
0.00891717
-0.00373858
-0.000797488
-0.00153483
0.000464799
-0.00249135
-0.000717813
0.0030151
-0.0016759
0.0141743
0.0233537
-0.0203836
-0.0313139
0.000111157
0.000303403
-0.0506595
0.0414812
0.059341
-0.000157707
-0.000644477
-0.0586615
0.0507528
0.000785293
0.00146858
-0.000910147
-0.0324197
0.026811
-0.00602727
0.000487681
-0.000433223
-0.0067069
0.00429453
0.00305668
-0.000158232
0.000381831
-0.000405951
-0.000643361
-4.94812e-6
-0.00200738
0.000681159
0.000184843
-0.000141857
-0.000905557
0.000356175
6.36815e-5
-2.61664e-5
0.000568112
1.43743e-5
-0.000306285
-2.14508e-5
2.06392e-5
0.000415466
4.82466e-6
0.000248564
8.50869e-6
-3.76987e-6
1.78605e-6
-0.00449892
0.00366293
9.21889e-6
-0.0138915
-9.15879e-6
2.52226e-5
-3.90802e-5
0.0143926
-0.00528729
0.000141337
-0.0544342
-0.000175568
0.0283176
0.000365448
-0.0184029
-0.000522059
0.0127588
0.000639277
-0.00839644
-0.000494942
0.00252918
0.000255036
-0.000261543
-5.58916e-6
-1.75284e-5
0.000118039
-0.000324337
5.28683e-6
2.06466e-6
-0.000345383
0.000438273
-0.000464862
0.000515937
-0.000669627
0.000473157
2.7575e-7
3.90384e-7
-0.00040932
0.000312541
4.6216e-9
2.25019e-8
-0.000247681
9.7701e-5
9.37995e-8
-7.25533e-9
-7.14437e-5
4.63138e-5
1.53942e-6
-2.54738e-7
-1.92096e-7
-8.45378e-8
-6.61802e-5
4.92672e-5
3.08387e-6
-1.9629e-6
-1.45639e-6
8.88345e-7
-3.42191e-5
-1.48933e-5
5.71222e-5
-2.72252e-6
-6.85298e-6
3.04396e-6
-2.13415e-5
2.49186e-6
-1.90966e-5
6.90626e-6
-5.20198e-7
3.5678e-5
-6.62397e-6
2.96349e-6
-5.08184e-5
3.98803e-5
-5.04609e-5
-0.000178219
0.000359985
0.000106103
-2.38425e-5
4.8702e-5
-5.71876e-5
7.39399e-5
0.000102448
-0.000206033
0.000343385
-0.000151109
9.46676e-5
1.68893e-5
-0.000122989
0.000114883
-6.94055e-5
-2.93898e-6
8.16386e-6
0.00185919
-0.00678169
0.00215871
-0.0074789
0.00513001
0.00326435
-0.00408476
0.00410667
-0.00405252
0.0020067
0.000255713
-6.53355e-6
0.000741845
-0.000829635
0.000254211
0.000102392
-0.00196344
0.00100631
-0.000319819
0.00525772
0.00488968
-0.00949776
0.0117502
0.0124388
-0.011885
-0.000332597
3.05917e-5
1.83435e-5
-4.13211e-5
0.000102468
0.0160855
-0.0275865
-0.0382092
0.0226202
0.000147534
-6.70613e-5
0.032411
-0.0164814
-0.0244954
-0.000138177
0.00018466
0.0166147
-0.00243961
-0.000129343
0.000140553
0.000448379
-0.000594485
-0.000146623
0.000185535
0.000235728
-0.000224176
-0.000125602
8.6042e-5
7.906e-5
-5.13628e-5
2.7029e-5
-0.000172354
9.60025e-6
3.98676e-5
-2.33959e-5
0.000141212
5.72076e-5
-7.49567e-5
2.48095e-5
-2.76074e-5
1.84666e-5
-2.05039e-5
-0.000164316
-0.000391668
6.02001e-5
0.00044012
0.000501338
-5.65348e-6
4.19094e-6
-1.96416e-6
-0.00205479
0.00219646
1.72132e-6
-1.86182e-6
0.0115655
-0.00530662
0.000354579
-1.57838e-6
-0.000462202
-1.14559e-5
9.90108e-5
-0.000146067
0.0691035
-0.0476891
9.30658e-5
-0.0101973
-0.000167723
0.000714911
0.000228281
0.00372405
-0.000350346
-0.00236207
0.000251324
0.00184008
2.8478e-5
-3.78763e-5
2.75337e-5
-3.47406e-5
-0.000118675
6.46227e-5
0.000272189
-6.4446e-5
-0.000122153
-0.000786022
0.000213596
2.27695e-5
-0.000268796
0.000283776
-0.000242609
-0.000342456
-1.14705e-6
-9.05366e-6
-1.37197e-8
1.37466e-6
9.16979e-6
0.000633723
-0.000651804
0.000630802
0.000641463
-0.00055308
-3.96455e-8
-1.44823e-7
-5.17264e-8
4.90768e-7
0.00040666
-0.000286912
-7.83217e-9
-2.71521e-8
9.13876e-5
-9.25544e-5
6.54277e-8
1.62478e-8
3.95378e-5
-2.33596e-5
1.16866e-6
-4.70435e-7
5.76741e-6
-6.45941e-6
6.48835e-6
-2.57087e-6
5.09712e-6
-8.67347e-6
-2.5488e-6
2.52762e-6
-1.84375e-6
5.468e-6
-1.16688e-7
-2.40351e-5
-2.67432e-5
1.49938e-5
-7.18315e-6
1.31792e-5
-1.46168e-6
5.04338e-6
-3.2578e-5
3.14386e-5
0.000108841
2.36166e-5
3.04574e-5
-1.99927e-5
2.07252e-5
-0.000216115
-0.000549858
0.000520346
0.000121951
0.000108342
6.82274e-6
2.86488e-6
4.96037e-6
-2.47732e-5
0.000260176
-0.00041431
0.000182184
-0.000260613
0.000235502
-6.67525e-5
3.71401e-6
-3.46379e-6
1.51855e-5
0.000995725
-0.00564462
0.00160962
-0.00361367
0.00345277
-0.00257182
-0.00204036
0.00174977
-0.000840241
-0.000895295
0.000162829
-0.000208499
9.32977e-5
-0.00204091
0.00216228
0.00349076
0.00112044
-0.00239491
-0.00349271
0.00184895
0.00382167
-1.00257e-5
4.51365e-5
0.00909988
-0.00401133
-0.00872874
6.16001e-6
-2.24831e-5
7.71178e-6
-6.15971e-6
0.00632442
0.0118389
-0.00416753
1.31161e-5
1.15245e-5
-0.00945725
0.00266293
-3.44518e-6
1.90643e-5
3.59743e-5
4.7495e-5
-4.20681e-5
5.36921e-5
2.86314e-5
4.32353e-5
-5.2021e-5
5.05469e-5
5.06331e-5
-5.69738e-5
4.77926e-5
-1.41889e-5
-3.90715e-5
4.44135e-5
7.6492e-5
-3.25931e-5
3.33715e-5
-2.62793e-5
1.17286e-5
9.49309e-6
-2.0539e-6
9.44486e-6
1.01009e-6
-2.85863e-6
-0.000136844
1.24672e-7
0.000189139
-6.22439e-7
1.95137e-6
-1.67586e-6
0.00222811
-0.00238034
9.7131e-6
1.13941e-6
-0.00129253
-0.00329108
0.0114779
-4.71584e-5
2.34969e-5
0.0200738
8.10089e-6
-9.27033e-5
0.000140524
0.020596
-0.017284
-9.5676e-5
-0.0135325
-8.8704e-5
0.000180561
-0.000111857
-3.49491e-6
-1.75142e-6
-3.08235e-5
0.000433643
0.00137426
-0.000254612
-0.00110695
-0.00443736
6.00413e-5
0.00018018
-5.35863e-5
9.23833e-5
-0.000122087
0.000193937
-0.000314644
-1.06537e-5
-3.39566e-5
0.000433449
-0.00050813
-6.40143e-7
-1.44227e-6
0.000553296
-0.000540598
-0.000339389
0.000296017
-1.11693e-8
1.79592e-7
9.82839e-8
-2.87152e-7
0.000217953
-0.00020539
0.000132412
7.72573e-9
7.52524e-5
-5.2109e-5
3.11937e-5
3.24867e-8
9.60308e-6
-4.30993e-6
4.91493e-6
1.62404e-7
-1.25811e-6
-8.95924e-8
6.11089e-7
-1.45876e-6
-4.64952e-7
4.0416e-6
2.56708e-6
-1.00382e-6
-4.44331e-7
-9.5784e-7
-9.88156e-8
-5.35678e-6
4.70191e-6
7.76571e-6
4.66465e-6
-2.81212e-6
8.06644e-6
0.000233216
-0.000213486
-0.00053069
0.000327498
0.000113918
-0.000172656
-8.17155e-6
2.57557e-5
-4.35901e-5
1.69451e-5
6.02111e-6
-8.6202e-6
9.71964e-5
-0.000628661
0.00073524
-0.00043057
-0.000154123
9.78765e-5
-3.30471e-5
0.00112306
0.000347431
-0.00123752
-0.000972957
0.00103818
0.000825906
-0.000103744
0.000234895
0.000252738
-0.000560591
3.94114e-5
-0.000528737
-0.00123183
0.00087177
-0.000216902
-5.88405e-6
-0.000125842
0.00027927
-0.000547055
-0.00021915
9.74145e-5
-0.00139603
0.000325183
-8.92013e-6
2.06547e-6
-7.50341e-6
0.000175214
0.00132914
-0.000346679
0.00306487
-0.000896921
2.15558e-8
1.71172e-6
-0.00192952
0.000434852
0.00103152
-2.97728e-6
-2.70399e-6
2.20179e-6
-0.000220021
0.00140341
-0.000615302
-3.61726e-7
1.61238e-7
-0.000372332
0.000227483
0.000118887
6.94152e-6
9.28257e-6
-1.70745e-5
-3.90744e-5
-2.87316e-6
1.64198e-8
1.28464e-5
1.79332e-5
-1.92239e-5
-4.34744e-6
-3.47638e-6
-2.13526e-5
6.05241e-6
1.67182e-5
-2.19877e-5
-5.80369e-6
1.39927e-5
-6.63014e-6
9.05734e-6
-7.03649e-6
-6.2928e-6
3.3062e-6
1.60783e-5
-3.84436e-6
-5.86674e-7
8.53006e-7
2.40938e-5
-6.38715e-5
2.65261e-7
-9.13812e-8
0.000515139
-0.00017958
-4.56389e-7
0.000631805
1.14737e-7
1.14209e-6
-2.30621e-6
0.000376174
-0.000373179
-5.63427e-6
2.23548e-5
-0.0141494
0.00557131
-6.82364e-6
-2.01294e-5
-0.02045
0.0101432
0.000294751
0.00375706
4.09823e-5
-4.44387e-5
0.0256779
5.40321e-5
2.03584e-5
-5.93825e-6
-7.87636e-6
2.74987e-5
-0.00649061
-0.00897368
0.00730311
0.00405993
-0.00169458
0.0100235
0.0210202
-1.33362e-5
-0.000306409
1.95204e-5
0.00056557
-5.81673e-6
1.08505e-5
-2.16166e-5
5.77886e-5
3.91972e-5
-9.3031e-5
4.46346e-5
8.38614e-5
-0.000143021
-0.000301469
0.00012319
-0.00024722
-0.000141388
0.000295425
3.20193e-6
2.69724e-6
-1.04602e-5
3.71152e-7
-0.000313218
0.000143541
1.322e-7
1.01165e-6
-7.26066e-5
7.17544e-5
-1.53562e-9
-6.07388e-8
1.36178e-8
4.48706e-8
-1.2816e-5
1.7001e-5
-2.29605e-8
-7.41293e-9
-7.63369e-10
2.11745e-8
3.67826e-6
7.76693e-7
-6.68703e-8
-6.54341e-9
-2.00022e-8
1.02155e-8
5.91836e-7
3.86462e-7
-1.69995e-7
3.7817e-7
3.01173e-7
-1.29636e-7
-8.11412e-8
7.72086e-8
3.52307e-7
2.72035e-7
-1.61565e-6
-7.25988e-7
1.70275e-6
-5.61115e-7
5.52369e-8
-6.71462e-7
4.24463e-6
1.8582e-5
-5.63763e-5
-5.86078e-5
-4.27065e-7
-2.9755e-6
-6.90201e-7
7.74984e-7
9.78195e-5
-0.000157021
3.53852e-5
7.62193e-6
-1.58895e-5
-7.15258e-5
0.00012316
0.000612693
-4.9518e-5
6.18603e-5
0.000156952
-4.30007e-6
-0.000124143
8.55401e-5
3.34244e-5
-1.83546e-5
-0.000547158
0.000440104
-5.63219e-5
3.80452e-5
-0.000297674
0.000160198
8.93673e-6
0.000352079
-0.000418154
2.94674e-6
4.88675e-5
2.1877e-5
-2.11812e-5
0.000103377
-1.41781e-5
9.83921e-6
-0.000138566
6.73307e-5
0.000108922
-9.73322e-5
9.0583e-6
-2.9779e-5
4.44976e-6
-2.48664e-5
6.96135e-5
8.42362e-5
-1.37126e-5
0.000186477
-2.13949e-5
-6.44953e-7
5.1458e-7
-6.27207e-7
7.80821e-6
-5.08224e-5
-8.66415e-6
-0.000130056
-9.85636e-6
-1.35072e-7
1.03928e-7
-4.57722e-5
1.7972e-5
-1.58288e-8
2.88201e-7
-2.46738e-6
5.03438e-5
1.85127e-6
-2.76953e-6
-2.75676e-6
2.04142e-6
4.86085e-6
-6.62681e-6
-4.24771e-6
-2.81587e-6
6.49081e-6
-6.64172e-6
-3.54526e-6
7.94421e-6
-1.40103e-6
2.23536e-7
3.13654e-6
-3.24618e-6
-5.39055e-7
-1.80362e-7
2.55303e-6
-1.4109e-6
1.46616e-6
-6.55581e-6
-9.41036e-7
5.49002e-7
3.06461e-5
-8.03442e-6
-1.41955e-7
6.13015e-8
2.9088e-5
-2.33033e-5
5.78227e-8
9.47616e-8
-0.000306962
4.06896e-5
-8.00098e-7
1.28295e-6
0.00015574
8.81099e-7
4.4252e-7
2.15191e-6
-0.0105338
0.00283423
3.94178e-7
2.34385e-7
-0.0372872
0.0319633
-9.6161e-7
-1.00364e-6
-0.0242537
0.0289929
-0.0192787
7.68002e-6
-2.04692e-5
-0.0196926
0.0146613
-2.28673e-6
-0.00796142
1.54035e-6
0.0029417
-2.90929e-6
8.03983e-6
-3.68283e-6
-2.61013e-6
8.72494e-6
5.44448e-6
-1.53465e-5
0.00042315
0.000528448
-0.000996305
-0.00119946
2.00267e-5
-5.26771e-5
-2.24576e-5
5.98872e-5
2.54518e-5
-2.69774e-5
-4.33878e-5
0.000134453
-5.14303e-5
0.000121682
3.17128e-5
-2.4191e-5
-1.09213e-6
-4.85266e-6
5.49271e-6
1.83152e-5
-6.84235e-5
6.5967e-5
-4.78213e-5
-1.23794e-7
-4.01176e-5
3.2889e-5
-2.67574e-5
-1.18134e-7
-7.56873e-6
5.45039e-6
-6.55642e-6
-5.95261e-9
5.98668e-7
-3.77161e-7
-8.87918e-8
1.22747e-8
6.24842e-8
1.04068e-8
-9.40616e-8
-7.66129e-8
3.46662e-8
1.31501e-10
1.75905e-8
-4.85201e-8
4.56763e-7
9.64955e-7
-3.2101e-6
-3.26981e-6
4.07443e-7
-5.32594e-7
-5.17852e-7
1.8196e-7
4.38603e-6
3.04855e-6
1.17449e-5
-3.14579e-5
1.23719e-5
-3.22039e-5
-9.71402e-6
2.60578e-6
3.80002e-5
6.57609e-5
-0.000155062
-0.000714397
0.000509085
-0.00016742
0.000501345
-2.47822e-5
-0.000269121
0.000213827
-0.000239373
-0.000185305
0.000176608
-0.000105807
0.000177493
3.55223e-5
-0.000253887
4.41643e-6
-5.28701e-5
-7.528e-6
7.87733e-6
-2.85892e-5
-2.09483e-6
-1.85134e-5
-5.90456e-6
-1.24966e-5
-1.82036e-5
-5.22022e-7
2.04474e-6
-3.51415e-5
0.000115144
-8.18137e-5
1.13804e-5
5.10759e-6
-1.91568e-7
-5.01907e-6
3.27611e-6
-1.68935e-6
3.02094e-7
-1.28689e-6
3.519e-6
6.60972e-6
-1.44723e-6
1.09186e-5
-2.31283e-6
-1.07281e-7
-4.01528e-8
4.3313e-7
-1.25032e-6
-1.56582e-6
7.78177e-5
-1.7104e-5
9.14425e-8
-4.65289e-7
-2.95475e-5
7.42043e-6
-1.73366e-5
7.29072e-6
-2.12246e-7
4.76187e-7
3.77999e-6
-1.15146e-6
-1.59495e-6
-7.27125e-7
-1.57833e-6
2.34612e-6
1.32837e-6
1.82905e-7
1.84903e-7
-5.18608e-7
-2.41796e-6
2.90352e-6
3.65793e-7
-3.52811e-8
1.18e-7
-1.66143e-6
1.27988e-6
5.83992e-8
-4.11529e-7
7.01112e-7
-4.71785e-7
1.80512e-6
-3.36253e-7
3.18348e-7
-1.93458e-7
1.01269e-6
-9.93352e-7
-1.01874e-7
7.27295e-8
-1.18942e-5
9.62594e-7
-1.14424e-7
6.09294e-7
1.45039e-5
-0.000144726
2.4635e-8
-3.05556e-7
4.90163e-7
-1.2258e-6
-0.000752279
0.000428603
0.000432866
-1.8735e-5
-0.00141406
-3.68156e-7
-3.43884e-7
-0.00181281
-4.44755e-7
5.92237e-7
-2.23098e-6
8.84202e-9
5.50676e-7
8.75245e-7
-4.41929e-7
-9.73165e-7
1.91421e-6
-0.00190059
-0.000813445
0.00157869
0.00232729
-0.00350794
0.00507898
-0.000883939
5.53682e-7
-2.02777e-6
2.09923e-6
-6.8006e-6
-2.26317e-6
7.5088e-6
2.72534e-5
-0.000469824
0.000143303
0.00128109
-7.16155e-6
2.01029e-5
8.22453e-6
-1.82681e-5
-2.20934e-5
-5.56078e-5
7.38268e-5
0.000139011
3.16173e-5
-2.36465e-5
-1.98152e-9
1.20924e-6
-1.64445e-6
-5.27206e-6
1.23822e-5
-1.05921e-5
-6.79111e-9
6.24017e-7
1.51486e-7
-9.67121e-7
-9.27876e-7
-8.55449e-7
2.06822e-8
-8.45677e-10
-1.59839e-8
-1.67297e-7
-1.25268e-6
2.55808e-7
2.20324e-9
1.21523e-8
-9.85896e-9
-6.47207e-8
4.29362e-8
-2.53851e-8
2.254e-8
-4.50832e-8
3.82151e-8
5.99808e-8
-1.98694e-7
-2.00898e-7
-1.18482e-7
4.27188e-7
1.6839e-7
-5.08832e-8
3.82279e-7
7.28826e-7
-7.58186e-7
-4.00267e-7
1.64268e-7
2.71223e-6
-2.66343e-6
1.2725e-6
8.17942e-6
-1.25453e-5
1.70621e-5
-2.78696e-6
-2.56928e-5
-1.65895e-5
-0.000100594
0.000207111
-0.000105799
9.47601e-5
-5.72894e-5
2.75931e-5
3.25509e-5
-0.000125988
-5.63463e-5
0.000230291
-0.00039039
0.000350453
1.76842e-6
8.03352e-7
-1.78431e-6
6.51663e-6
3.33261e-6
3.80526e-6
5.63858e-6
-4.66077e-7
5.99845e-6
-6.89516e-6
3.21019e-5
-3.33795e-7
-5.48706e-7
5.56302e-7
-1.31437e-6
-1.66774e-6
-6.96164e-7
-2.1272e-6
3.98756e-6
-1.76683e-6
-4.25157e-6
-1.77115e-6
5.23631e-7
-3.63208e-7
1.79232e-7
-1.31694e-6
-3.77679e-6
1.45512e-8
2.57882e-7
-3.65056e-7
3.57658e-7
-1.09129e-7
-1.0813e-8
-9.207e-8
1.63182e-7
8.9067e-7
-1.88597e-7
3.63328e-6
-6.93615e-7
1.47347e-7
4.01994e-8
-3.85527e-7
-1.38141e-7
-4.93287e-8
-1.00216e-9
4.07712e-7
-1.67605e-6
-4.69061e-7
5.77125e-7
3.30136e-7
1.33453e-7
-7.71563e-7
7.94774e-7
3.27205e-7
-1.02582e-6
1.84679e-7
-6.1255e-8
-2.70586e-7
3.91787e-7
1.06026e-7
2.2277e-9
-2.71249e-7
1.66146e-7
2.17902e-8
-5.5581e-9
8.91075e-8
-5.45856e-8
-3.42203e-7
2.27783e-8
2.86673e-8
-8.97078e-9
4.15108e-7
-5.55305e-6
-1.09474e-8
-5.64175e-9
1.45103e-6
1.33438e-5
9.97504e-8
-2.97494e-8
0.000102586
6.24372e-8
0.00151123
-5.08718e-9
6.47434e-9
-7.56315e-8
2.07925e-7
0.00699299
-0.0045242
0.00310714
-0.00166091
3.32081e-8
-1.7505e-7
0.00812773
-0.00337889
-0.0167979
-8.9588e-8
5.0643e-7
-0.00682449
0.000870071
0.0135557
-1.39635e-7
2.78519e-7
0.00353514
0.00341716
-0.00947232
-1.14009e-8
-1.51042e-7
-0.000228737
-0.007276
0.00481072
1.09384e-7
-2.86792e-7
-0.0049834
0.00734143
1.18712e-7
-2.85509e-7
2.24947e-7
9.9802e-8
-5.1947e-7
-1.46561e-7
6.06956e-7
-0.000699616
-0.00251725
0.0020345
0.00653902
-7.45705e-7
2.37816e-6
1.13356e-6
-3.35038e-6
-0.000209529
-0.000285224
0.000511656
0.00045962
5.18597e-6
-1.24449e-5
-3.53165e-6
3.94185e-6
6.66902e-6
1.92304e-5
-1.92517e-5
-6.42651e-5
8.20935e-6
-8.89662e-6
6.26965e-6
2.41578e-6
3.64192e-6
-3.70389e-6
4.10584e-6
4.58023e-7
-2.46317e-7
-3.21536e-7
4.82808e-7
2.48907e-7
-1.30186e-7
4.85877e-8
7.77125e-11
1.67786e-11
9.61683e-8
-3.57846e-7
1.33895e-8
1.22137e-7
8.58258e-9
1.04672e-8
8.6246e-9
-8.89317e-7
-1.22627e-6
3.01236e-6
9.83985e-7
-4.17496e-7
-2.47377e-6
1.37257e-5
-4.4378e-6
2.58118e-5
-1.17599e-5
3.34093e-5
-6.20249e-6
4.55717e-6
-1.076e-7
-8.94354e-5
0.000351723
-0.000376383
0.000138001
0.000327101
-0.000135507
-0.000370249
0.000246361
0.000433322
-0.000350069
-0.000438264
0.000373799
0.000304786
-0.000343478
0.000208084
-0.00020546
0.000156081
-1.34898e-5
5.2957e-7
5.05107e-6
1.46807e-7
2.12129e-7
-1.33602e-7
1.89639e-7
6.10372e-7
2.97648e-7
8.78726e-7
-1.54363e-7
4.85252e-7
8.26981e-7
-7.9235e-7
3.57694e-7
2.99186e-6
8.03609e-7
-8.79927e-7
-2.8869e-7
3.22172e-8
-1.6955e-7
-1.15671e-7
-2.07368e-8
-3.46902e-8
1.79458e-8
-5.34078e-8
1.00635e-7
-1.24705e-8
2.8584e-8
-2.78987e-8
5.11674e-8
-2.88504e-8
6.88096e-9
1.06773e-8
1.98239e-7
-6.03941e-8
-7.15476e-7
-7.80295e-10
-2.59368e-8
1.59885e-7
6.20332e-7
-8.31586e-8
3.48609e-7
-1.26441e-7
1.45981e-7
1.47589e-7
-1.04804e-7
-1.59441e-8
-1.48822e-8
-2.37432e-7
3.00769e-7
-4.11987e-8
-2.81125e-8
8.21984e-9
-2.56658e-8
-9.71557e-8
1.05462e-7
-1.4782e-8
-8.36292e-8
7.10741e-9
-2.33328e-9
-1.00426e-8
1.56808e-8
-1.60879e-8
4.13378e-9
-2.87212e-8
2.04391e-8
2.957e-8
-2.09272e-7
5.12367e-10
-5.38225e-9
2.19744e-6
-1.44018e-6
5.22047e-9
6.44301e-9
-4.22195e-8
-1.28977e-5
-9.0149e-5
1.90634e-8
-0.00037088
7.69193e-5
-5.74848e-9
-2.10093e-9
6.48675e-5
-0.000121003
-2.46381e-9
1.4105e-8
0.000884052
4.14515e-10
1.05418e-8
4.64866e-8
2.50129e-8
-5.08024e-8
-3.47633e-8
2.85084e-8
-1.25004e-8
3.90909e-8
-1.10698e-7
0.00711278
0.00891375
-0.00868227
-0.004817
-0.0093426
-0.0123523
3.14574e-8
-8.82139e-8
2.57317e-7
6.65083e-8
-3.37783e-7
-0.00108484
-0.000506607
0.00188207
0.000108367
4.97605e-7
-1.44302e-6
-2.87638e-7
3.48169e-8
4.93537e-5
0.000188748
-9.30931e-5
-0.000502092
1.37964e-6
-1.45324e-6
2.68566e-7
5.07749e-7
-1.17024e-5
3.19385e-5
3.05802e-6
-1.62794e-6
2.28486e-6
4.31114e-7
-3.19317e-6
7.44015e-6
7.55849e-7
7.23716e-7
7.32767e-7
2.14518e-7
-1.6488e-6
3.812e-6
4.4311e-7
-1.95687e-7
-4.80341e-8
9.58925e-9
-7.47539e-7
1.81212e-6
-1.69333e-7
-7.82598e-7
7.0444e-8
5.1058e-7
6.96897e-7
-1.79482e-6
-2.04963e-7
8.00304e-7
2.18621e-7
-1.03536e-5
6.95059e-6
-3.57622e-5
-6.73362e-6
1.63939e-5
1.4735e-6
-1.73088e-6
-5.49513e-5
5.39546e-5
3.42627e-5
-4.9812e-5
1.42606e-5
-0.000700138
9.8134e-5
-0.000104624
1.8677e-5
-3.48045e-6
-7.85716e-5
5.82993e-6
0.000497034
-0.000398469
0.000361953
-0.000373555
0.00037947
-0.000316674
-1.02706e-9
4.70397e-9
-3.60106e-9
-1.73221e-7
-1.45582e-7
-1.53871e-7
-3.34299e-7
-8.41185e-7
-1.78445e-6
1.29022e-7
5.09716e-9
7.0305e-7
-1.25334e-8
-3.53236e-10
3.65381e-8
6.3121e-8
4.04858e-8
1.26057e-7
-3.23245e-8
7.45623e-8
-2.35634e-8
3.71456e-8
-9.50615e-8
3.48323e-8
1.93874e-7
-3.3481e-8
1.39152e-7
-2.42176e-8
-2.74965e-11
-4.06362e-9
-1.33927e-8
-9.59579e-9
-6.93222e-9
2.91791e-9
-1.81778e-8
-6.43809e-9
-1.83506e-9
5.3701e-9
1.39185e-8
6.48324e-10
-1.26267e-8
4.93031e-8
7.50632e-8
-3.33449e-8
-1.32681e-7
-2.9379e-8
3.2619e-8
5.06556e-8
1.62425e-8
3.19972e-8
2.23816e-8
-6.80685e-8
9.58143e-8
-3.13004e-8
-9.13363e-9
-3.52672e-10
6.26783e-9
-2.60516e-8
4.08846e-8
-2.111e-8
-3.28046e-9
-4.01216e-10
1.69152e-9
-3.61629e-9
-8.79205e-9
5.86765e-9
-1.01723e-8
8.02775e-9
-8.23443e-9
-4.09802e-8
9.08334e-8
-4.4953e-10
1.78705e-9
5.72143e-10
1.50822e-9
-1.97134e-9
6.79337e-7
8.86707e-6
6.04251e-10
2.99069e-5
-5.70165e-6
2.95079e-10
3.46715e-10
-1.62394e-6
2.30055e-6
2.34466e-9
4.37492e-11
-1.24048e-9
2.01082e-6
-0.000449162
6.72489e-10
-2.50664e-9
-0.000869199
-1.20401e-5
2.30402e-10
-6.68829e-10
0.0020142
-0.000131615
2.1506e-9
-1.13932e-8
-0.0063453
0.0038544
4.77365e-9
-1.32154e-8
0.0113988
-0.00897924
2.45206e-9
2.87882e-9
-0.0133686
0.012464
-8.32049e-9
2.26936e-8
0.0125579
4.45981e-9
7.82275e-9
-1.63376e-8
3.74741e-9
-1.10016e-8
3.05437e-8
0.00300455
-0.00256853
0.00105212
-0.00256602
-0.00351481
0.00478923
7.76449e-9
-2.78905e-8
9.48952e-9
3.48193e-8
-9.85213e-8
-4.34278e-8
6.92626e-5
0.0014201
-0.00272226
1.12311e-7
-5.13986e-8
-1.07733e-7
-6.55596e-6
-9.76932e-5
0.000232824
3.54915e-7
3.14253e-7
1.94239e-8
4.12587e-7
-2.20259e-5
6.3131e-5
-7.66262e-7
4.39033e-6
-7.1531e-7
9.24904e-8
-9.54796e-6
2.34103e-5
-1.33716e-6
5.10455e-6
-2.29631e-6
-5.98785e-8
-4.059e-6
9.63133e-6
2.56626e-6
1.89323e-6
-2.14272e-6
8.12559e-7
-1.87461e-6
4.34937e-6
-6.31786e-7
4.97987e-6
-7.67181e-6
-1.06432e-5
1.75916e-5
-1.46807e-6
3.5243e-6
-3.17222e-6
2.28829e-6
5.05773e-5
-5.04665e-5
-2.07245e-5
0.000157099
-0.000130081
0.000636207
4.17464e-5
-8.68375e-5
-1.97568e-5
1.96201e-5
-3.00511e-5
-7.87204e-6
0.00139418
-0.00206328
0.000428239
-0.00069297
-3.04403e-5
0.000320316
-0.000135406
-0.000178122
0.000201377
0.000136404
-0.000122682
-0.000157387
8.23291e-5
0.000144694
-5.51892e-5
-2.18087e-7
4.24942e-8
-4.83899e-9
-6.64261e-9
-2.01977e-8
-2.18966e-8
-2.96604e-8
-2.79085e-8
2.08276e-8
-1.04041e-7
-2.81197e-9
3.88992e-8
-1.74127e-9
1.99424e-8
1.531e-9
1.93948e-9
5.50093e-9
6.38867e-9
1.34276e-8
1.57668e-8
-2.55664e-9
-4.85753e-9
1.5585e-10
6.41246e-9
-3.29579e-9
1.74675e-9
2.29823e-9
5.36242e-9
-4.52344e-9
1.1392e-9
7.65291e-11
-1.81089e-9
-7.28304e-10
-1.86473e-9
1.90288e-8
-1.56144e-9
1.17738e-8
-1.93683e-9
5.85608e-11
-4.30944e-9
1.46554e-9
1.24838e-8
-2.29038e-8
-6.24548e-9
4.92442e-9
1.6547e-8
-5.11637e-9
8.05069e-9
-8.51077e-9
-1.6058e-8
2.73151e-8
-1.35188e-8
7.49039e-11
2.1593e-9
3.2333e-9
-5.03171e-9
1.19778e-8
-9.50507e-9
-2.0079e-9
-2.13491e-9
-7.08804e-10
-2.17269e-9
-1.37024e-8
1.46733e-8
-1.41432e-8
1.24301e-8
8.43369e-9
3.81106e-9
1.97675e-8
-3.61402e-9
-1.49238e-8
-1.033e-9
4.37005e-9
-3.40883e-9
3.69738e-9
-2.75893e-9
-3.75088e-7
1.20411e-7
-2.47469e-6
9.12345e-7
-9.58417e-7
6.12322e-10
1.66769e-10
-4.11356e-10
2.72274e-10
-7.21829e-10
8.8408e-6
2.20404e-6
1.04015e-10
-4.66155e-11
0.000203944
-5.0539e-5
-8.87076e-11
-0.000951584
0.000429797
-2.02809e-11
1.03993e-11
8.7495e-11
-3.92162e-10
0.00285119
-0.00305264
0.00245191
-0.00260391
3.27466e-10
-1.35875e-9
-0.00413771
0.00128687
0.00604017
5.6679e-10
-1.4764e-9
0.00486235
0.00193109
-0.0100048
-1.45586e-10
1.32217e-9
-0.000286309
-0.00446886
0.00900822
2.08814e-10
-1.11308e-9
1.86797e-9
-0.000755516
-0.00746007
1.12837e-9
-3.79147e-9
0.0025143
-1.52327e-9
-1.27634e-9
1.94258e-9
-6.68124e-9
8.38995e-9
8.51924e-9
-0.00190403
-0.00525315
0.00347426
0.00174269
0.00846141
-1.274e-8
3.05803e-8
-1.05297e-8
-3.02549e-8
6.62646e-9
0.000145034
0.000398487
-0.0006294
-0.000204074
-0.00132383
-8.98711e-8
2.29632e-7
-4.25699e-8
-1.68226e-5
-3.01394e-5
0.000124033
-6.06876e-7
1.96209e-6
-8.12798e-8
-7.91427e-6
-7.70601e-6
2.41726e-5
-4.86793e-6
1.49964e-5
-3.78645e-6
-3.47102e-6
-2.9607e-6
1.06349e-5
-6.74471e-6
2.73068e-5
-2.14848e-5
-1.59861e-6
-1.2643e-6
4.4387e-6
2.21761e-5
-9.22741e-6
1.20385e-6
-8.67581e-5
5.49489e-5
1.60716e-6
2.13169e-6
-2.08084e-6
1.87692e-6
-9.13605e-7
-4.80449e-5
4.6482e-5
-0.000115711
0.000574325
-0.000474488
8.12478e-5
-1.36846e-5
9.09165e-6
-1.63292e-6
4.32569e-6
-0.00164036
0.00160963
-0.00115215
0.0021448
-2.82509e-5
-0.000266813
0.000529835
-0.00032423
-0.000624833
0.000443589
0.000702721
-0.00042299
-0.000357944
0.000314577
-0.000109546
0.000173004
-0.000214627
-0.000116811
0.000170981
3.92425e-5
-1.41783e-8
-5.48067e-9
-1.45211e-10
-7.82603e-10
1.25233e-9
-1.36126e-9
-2.14086e-9
-4.57405e-9
-2.76744e-9
1.51811e-9
-4.92041e-10
-5.06295e-10
3.79565e-9
3.83113e-11
3.10899e-9
-2.18193e-10
-7.66497e-10
-2.31438e-11
6.40788e-10
-4.6059e-10
7.44734e-10
2.05702e-10
5.69787e-11
6.94882e-10
3.0824e-10
2.53837e-10
-5.57478e-10
2.16382e-10
3.33764e-11
-4.48825e-11
-6.86578e-10
7.82141e-10
-4.60269e-9
1.40551e-10
4.86159e-9
-1.44316e-10
-2.4803e-10
5.11332e-10
-4.77531e-10
-8.2204e-10
-1.38186e-9
-2.47786e-9
3.7902e-9
-3.77944e-9
-6.66234e-10
1.29793e-9
1.1502e-9
3.68204e-10
5.07099e-10
-2.96566e-9
-1.57824e-9
-2.27843e-9
1.17002e-8
2.94015e-9
-7.37829e-9
1.31304e-8
-1.27668e-8
1.55658e-8
-2.8071e-8
-2.89731e-8
-2.47399e-8
4.20787e-8
5.37283e-8
-1.03488e-9
3.55791e-9
-4.0235e-9
4.21757e-9
-4.88549e-9
-2.55389e-7
-7.28857e-8
-1.64595e-7
9.21174e-7
-1.75593e-6
7.63762e-10
1.82859e-10
-4.34012e-10
1.68181e-10
-1.55153e-10
-8.50868e-6
2.08409e-5
-3.82456e-5
1.56517e-5
-1.36021e-11
2.77789e-11
-3.24133e-5
0.000210118
-0.000247883
2.36607e-11
1.42182e-11
5.43964e-13
-1.79205e-11
-0.00288106
-7.76969e-11
-1.92122e-10
-3.85656e-11
-4.02461e-11
-8.90612e-12
-8.97821e-11
6.89981e-11
-1.12197e-10
2.92429e-10
-0.00532824
-0.00601539
0.00660851
0.00738992
0.0108487
-0.00757487
3.25282e-10
-0.00677082
-1.0284e-9
-1.51358e-10
-9.88679e-10
3.58942e-9
-2.16819e-9
-0.000916943
-0.00187105
0.00355697
0.00120298
0.00500179
6.42004e-10
-2.01437e-8
-1.11579e-7
2.61744e-8
1.30219e-7
0.000105881
-6.08499e-6
-0.00029794
-9.91621e-5
-0.000398853
-5.77346e-7
1.05547e-6
-7.37974e-8
-1.32496e-5
1.29638e-5
7.3553e-6
-3.37892e-6
8.46638e-6
-2.08951e-6
-5.00283e-6
3.18828e-6
-7.0487e-7
-2.33648e-5
5.36063e-5
-4.72604e-5
-2.05925e-6
1.00244e-6
1.32527e-7
3.38664e-5
-6.35045e-5
8.11922e-5
-0.000272296
0.000247764
2.09234e-6
-3.01476e-7
2.96572e-8
1.36329e-7
4.8914e-7
-0.000185981
0.000265014
-0.000407459
0.00101906
-0.000753106
-6.49382e-6
1.02243e-5
-8.53713e-6
2.10074e-6
-5.65271e-6
0.00109012
-0.0010305
-0.000400962
0.000391169
-0.000196564
0.000225851
-3.62295e-5
0.000213887
-4.76011e-6
-0.000122297
9.369e-5
-1.97397e-5
-4.041e-5
2.20023e-5
-0.000238807
0.000434559
-0.00045413
0.000150525
4.41416e-10
6.02167e-10
1.50258e-9
1.36927e-9
-1.68741e-9
-6.6757e-11
-2.9729e-11
4.16781e-10
-8.25578e-11
-3.22038e-10
-4.32778e-10
-4.23504e-10
-5.39814e-11
1.88174e-10
-1.15032e-10
-1.12559e-10
6.66736e-10
-6.76293e-11
2.45948e-10
-4.10287e-10
-6.51314e-10
-1.74002e-10
2.26165e-11
-1.5241e-10
2.59071e-11
1.39911e-11
3.85307e-10
2.50069e-10
4.76409e-10
3.93192e-11
1.40133e-11
-3.73859e-10
-3.83403e-10
1.28943e-10
-3.1196e-10
5.8035e-10
3.32022e-10
-8.88408e-11
7.85561e-11
-1.06636e-9
-5.04091e-10
1.35488e-10
-1.70258e-9
-4.0512e-10
-1.88162e-9
-1.87223e-9
2.82968e-10
-9.47086e-10
1.17416e-8
-3.85481e-9
-1.54505e-9
9.52834e-10
-2.4798e-9
8.86707e-9
8.22322e-9
1.07921e-7
9.59861e-8
7.68421e-8
-5.15047e-7
-1.6269e-11
4.31068e-10
-1.78241e-9
2.09273e-9
-4.00029e-9
4.57972e-7
3.21624e-6
8.67957e-8
1.58924e-6
-4.17744e-6
-2.80325e-10
4.60697e-10
-6.32458e-10
2.27012e-10
-1.38667e-10
-5.11282e-5
9.31299e-5
-3.53688e-5
7.49651e-5
4.25635e-15
4.63281e-11
-0.000199544
6.70806e-5
0.000200371
-1.80683e-10
6.94527e-11
-2.3529e-11
-5.69482e-11
3.81397e-11
0.00492489
-0.00674083
0.00139495
-0.00150472
-8.50001e-11
6.97352e-11
-0.0032941
0.00167588
-6.27649e-11
5.81592e-11
0.00828052
-0.00651303
-2.56001e-11
-0.010523
5.90455e-11
-6.08053e-11
6.11759e-11
1.73626e-10
-7.65635e-10
-1.17714e-10
-0.00265932
-0.00501663
0.00707507
0.00523985
0.0125119
-0.00538437
2.3279e-9
-0.00338027
-7.13555e-9
1.2479e-8
3.93738e-9
5.80625e-10
-7.95183e-9
-0.000278963
-0.000258299
0.00115675
0.00026782
0.00189737
3.78483e-8
-8.49809e-8
2.54992e-8
2.57121e-7
-5.11868e-7
2.5154e-5
-4.98087e-5
-3.92776e-5
-1.01145e-5
-1.5035e-5
1.934e-6
-5.19258e-6
-5.68036e-7
3.93268e-6
-4.10967e-6
1.22242e-5
-2.18347e-5
-5.77062e-8
5.93006e-8
2.2295e-7
1.5033e-5
-0.000136524
0.000313567
-0.000594207
0.000374872
2.02503e-7
-9.27146e-8
7.42403e-8
1.11425e-8
-1.09162e-8
-0.000403751
0.000710873
-0.00103363
0.00155069
-0.00123544
4.00098e-6
9.91569e-6
-2.88383e-6
1.6051e-7
-2.25185e-6
0.00116693
-0.00100176
-0.000574182
0.000589298
-0.000320993
0.000442925
-0.000375568
9.3365e-5
0.000225311
-0.000303899
0.00023127
-0.000204964
-5.83402e-5
7.91229e-5
0.000269558
-2.91186e-5
-0.000237218
-7.45106e-5
0.000185642
2.99925e-5
-0.000431544
8.7264e-5
-2.39556e-10
-2.06341e-10
-3.91348e-11
1.70922e-10
-1.01805e-9
1.50236e-9
6.50601e-10
1.15559e-9
-2.94386e-9
8.51459e-10
6.7827e-10
3.26436e-10
-1.39764e-10
1.54128e-10
5.80496e-10
1.78418e-10
-1.31613e-9
2.46446e-9
-1.80848e-9
6.66517e-9
-1.89781e-9
-3.88687e-9
2.35073e-9
9.95854e-10
-1.3043e-9
1.0018e-9
1.16753e-9
1.32572e-9
7.39008e-10
1.26281e-9
3.13907e-9
-4.08819e-9
1.8557e-9
-7.05451e-9
-3.84884e-9
3.53468e-9
6.55928e-9
6.92895e-10
4.80428e-10
-5.75598e-9
-3.33079e-9
2.52277e-9
-1.83665e-8
-2.5422e-8
-3.50948e-8
8.17372e-10
4.55109e-10
-2.91016e-9
-3.00635e-9
7.08038e-8
-3.08327e-9
-1.05948e-7
-2.5937e-7
-3.94669e-9
-2.04699e-10
-9.5474e-9
6.9798e-7
8.79572e-7
2.74576e-9
-4.13861e-10
-9.58873e-10
-6.75348e-6
-1.8925e-6
-9.15713e-6
9.69435e-6
4.67352e-9
2.47642e-5
-2.71875e-9
8.56076e-10
-2.99331e-10
-0.000211382
0.000199835
-0.000113777
0.000268738
-7.44377e-10
2.24931e-10
-0.00047366
9.56619e-5
7.15429e-10
0.00103552
1.28706e-10
-7.12203e-10
2.48577e-10
0.00898354
-0.00832366
0.00101671
-0.00149929
-5.23186e-10
1.6561e-10
-0.00559557
0.00445289
-4.34953e-10
1.05794e-10
0.00923285
-0.00925129
-2.30783e-10
-0.0112538
-1.65339e-10
5.122e-10
5.03589e-10
-4.51469e-9
1.15143e-9
-0.00280508
-0.000221268
0.00377814
0.00423212
0.0100577
-0.0034196
8.10013e-9
-0.00133238
-3.19625e-8
-3.00287e-8
7.31393e-8
8.02486e-8
-0.000138258
0.000227777
0.000140295
4.163e-5
0.000434478
-4.51044e-7
4.43157e-7
1.76554e-6
-1.65343e-6
1.22732e-6
-3.64249e-6
1.34648e-6
-2.7226e-5
-6.09582e-6
5.26793e-6
1.86064e-5
-1.59541e-5
4.00348e-8
6.56275e-7
-8.08723e-7
-6.54253e-8
-5.02801e-5
4.40596e-5
0.000120204
-0.000112868
1.00641e-8
-6.83786e-8
-2.19857e-8
6.50037e-8
-0.000254666
0.000447408
-1.43906e-7
-3.04087e-8
7.75283e-9
-0.000618653
0.000735644
0.000715002
-0.000766923
6.61794e-6
-3.98633e-7
2.01424e-6
-6.88952e-7
8.1561e-7
0.000424141
-0.00115159
0.000122832
0.000625899
-0.00045873
-4.70941e-5
0.000276552
0.000338511
-0.000809368
0.000490341
-0.000350946
-4.71784e-5
6.59707e-5
0.000109769
-0.000374108
-0.000568281
0.000558662
0.00127659
-0.000716819
-0.00114823
0.000783795
-2.75608e-9
-1.74317e-9
-1.90598e-9
-5.04901e-11
-5.10205e-9
6.56604e-10
8.48549e-9
8.14565e-9
4.39122e-9
4.81369e-9
4.05624e-9
-4.39199e-9
-2.30501e-9
1.08708e-8
2.69844e-9
-1.41966e-8
-6.54954e-9
-2.22567e-8
-1.403e-8
4.36478e-8
-2.80369e-9
-2.67324e-8
-1.88279e-8
-6.82436e-9
-1.67448e-8
-3.3538e-9
1.70106e-8
-1.3665e-8
-1.81543e-8
1.92296e-8
7.66905e-9
8.53945e-9
2.98179e-8
2.28641e-8
5.90265e-8
8.93699e-8
-5.66436e-8
-1.55566e-9
-1.09219e-7
-2.07438e-8
-1.92231e-9
3.01602e-8
1.68186e-8
1.50104e-8
-1.51618e-7
-9.17409e-8
3.84431e-8
-8.53004e-8
-1.66345e-7
-1.78766e-7
1.76523e-8
1.47454e-8
-9.04867e-8
-7.42363e-8
4.42278e-7
-1.83565e-8
-6.19698e-7
-9.32656e-7
-1.04646e-8
-7.82816e-9
-9.52185e-8
-1.76384e-8
-2.0246e-6
1.01494e-5
1.57614e-5
2.34743e-5
6.71917e-8
5.69087e-8
-2.08195e-8
-5.98281e-5
0.000129895
-9.37273e-5
0.000166596
6.85352e-9
8.75647e-10
-7.02959e-9
-0.000304026
-4.62558e-5
2.10447e-9
-1.23039e-8
1.23193e-9
0.000428508
-0.000933381
-0.000486713
-0.000679138
1.93883e-8
-7.13682e-9
0.00139128
0.00294639
2.25524e-9
1.71292e-8
-3.01373e-9
-0.00500637
0.00456489
-0.00128226
9.60499e-10
3.88466e-9
-3.37658e-9
0.00549521
-0.0065117
0.00731452
1.50397e-9
1.46258e-8
-3.74326e-9
-0.00455532
0.00768056
-0.0127237
5.76094e-9
2.19394e-9
0.00209538
-0.00365135
-1.12993e-8
1.43345e-10
-0.00492926
0.00548882
-4.61971e-9
1.06181e-8
0.00151045
-0.00415137
-2.78649e-8
3.35972e-8
9.87398e-8
-8.74961e-8
-2.42097e-7
-2.4062e-7
0.000133177
-0.000328531
-6.03483e-5
-9.20427e-5
-7.6671e-5
0.000135998
5.24338e-7
1.05584e-6
-1.63646e-6
-3.20728e-6
5.22115e-6
-2.21618e-6
1.84335e-5
5.08148e-7
3.29536e-5
7.8692e-6
-1.47456e-5
-1.61839e-5
3.63313e-5
-6.992e-8
3.03953e-7
-1.61617e-7
1.14465e-6
2.61213e-5
-7.74742e-5
-2.51797e-5
0.000139771
-1.25132e-7
-1.63629e-7
4.75587e-8
5.87156e-7
-1.72328e-5
-0.000204154
0.00015856
0.000214475
4.33383e-8
-6.99817e-8
1.30184e-7
4.36891e-7
-0.000508185
-8.92474e-5
0.000851417
-0.000157695
-0.0012415
0.000605612
4.18806e-5
-1.99112e-6
-5.75959e-6
-9.4222e-6
4.80252e-7
-2.91679e-8
0.00177243
-0.00115268
-0.00186766
0.0013902
0.00141987
-0.00123899
0.000533097
-0.000538466
0.000385972
6.82964e-5
-9.32131e-5
0.000170066
-0.000596429
0.000337521
-0.000236866
0.00033489
-0.000611053
0.000825983
-1.16418e-5
-0.000202262
2.63395e-8
-1.71839e-7
1.12351e-7
4.48345e-9
3.89586e-8
4.20743e-8
-1.35014e-8
-3.62633e-8
4.77966e-8
-3.69571e-7
-3.03708e-7
2.93837e-7
-3.7978e-7
1.14753e-7
2.78178e-7
-1.41538e-7
1.87057e-8
-1.85937e-7
-5.07604e-8
9.16472e-8
4.76305e-8
-6.37508e-8
2.03389e-7
9.189e-8
6.60475e-7
5.85718e-7
-8.03915e-7
8.75096e-7
-7.73739e-7
-2.83202e-7
5.90686e-7
-1.96994e-7
-2.4509e-7
1.42081e-7
4.43814e-7
4.42242e-7
-3.21159e-6
-2.27265e-6
2.68982e-7
1.55311e-7
-9.20373e-7
-1.30876e-6
3.64099e-7
4.14122e-7
-2.22065e-6
-1.92369e-6
3.65397e-6
-3.10004e-6
-2.06834e-5
-4.11704e-5
-2.46335e-7
-3.55769e-7
-1.69045e-6
-9.82761e-7
7.2929e-5
-0.00010619
-0.000191156
-0.000360951
9.03111e-7
-7.29992e-7
2.3129e-7
0.000618971
-0.000446136
0.000595499
-0.000943919
-1.07618e-8
3.11262e-8
2.21475e-7
0.00122625
0.00176789
-2.15386e-7
3.25193e-7
-1.0498e-7
-0.002402
0.00213149
-0.00298555
0.00363545
1.53295e-7
-4.80707e-9
-0.00455418
0.00479515
-2.22074e-8
-2.98811e-8
0.00425829
-0.00489747
1.64151e-7
-4.46954e-8
-0.00304436
0.00360121
8.49397e-8
3.30016e-9
0.00187786
-0.00236168
-7.24819e-8
3.38012e-8
-0.00183415
0.00332469
-4.67452e-8
2.40581e-7
2.19241e-8
-7.49795e-7
1.84777e-7
2.72916e-7
5.5895e-5
1.04089e-5
7.40404e-5
4.5505e-5
0.0011591
-0.000122426
-6.36961e-7
-1.6267e-6
1.51601e-6
-1.60559e-6
-1.83036e-6
1.56293e-6
-1.02413e-5
-6.70038e-6
-2.31414e-5
5.89101e-6
4.34155e-7
-1.82036e-5
9.14804e-6
-1.84779e-6
1.09218e-6
-2.35561e-7
-8.07461e-6
5.38777e-5
-4.47482e-5
-0.000127341
0.000138343
-2.14348e-6
-1.81901e-6
5.06281e-7
1.07874e-5
0.000300974
-0.0002898
-0.000446713
0.000806347
3.06928e-7
-6.66912e-7
-8.55026e-8
1.0704e-5
0.000662888
-0.00111344
-0.00066572
0.00118886
0.000993744
-0.00169311
9.64506e-6
-6.30313e-5
3.16896e-6
6.91645e-5
-8.05411e-6
1.7998e-5
-0.000948939
0.00167647
0.000347916
-0.00108489
0.000304987
0.000270688
-0.000666614
0.000263821
0.00064055
-0.000370223
-0.000407801
0.000421819
1.17679e-6
-6.08916e-8
1.27497e-7
6.30364e-7
-1.47826e-7
-2.30322e-7
-1.98875e-6
4.43317e-6
2.43328e-7
-3.21888e-6
1.72602e-6
-1.79417e-6
-1.24538e-6
8.04224e-7
1.80902e-7
-1.5064e-6
2.06831e-6
9.36594e-6
1.27964e-5
-1.1559e-5
9.21556e-6
1.94864e-6
-2.43299e-5
5.72442e-6
-7.11101e-6
1.02609e-5
-2.09179e-7
-2.24838e-6
-3.41633e-7
3.10554e-6
-5.75079e-6
4.446e-7
8.85597e-6
1.12208e-5
4.19817e-5
-4.73764e-5
5.73716e-5
2.14455e-5
-2.93788e-5
2.14651e-6
2.36434e-6
3.34766e-5
6.29435e-6
7.09768e-6
-5.3163e-5
5.0109e-5
-7.2969e-5
0.000114785
0.000145068
0.000402679
1.038e-6
-3.14256e-5
2.05242e-5
-9.80804e-6
-0.000550643
0.000499407
-0.000470049
0.00100173
0.00105519
1.31003e-6
1.31132e-7
6.5624e-6
-0.00124664
-0.00235188
-1.08868e-6
2.30959e-6
-1.06737e-5
3.99153e-6
0.00283518
-0.00220421
0.00326819
-0.0038048
-0.00359638
-4.69384e-8
-6.99703e-6
-1.86045e-6
0.00340154
-0.00365064
0.00415265
-5.26865e-8
7.99774e-6
1.67948e-6
-0.00272306
0.00308883
-0.00363609
-6.32611e-7
-1.04433e-5
1.39126e-6
0.00189143
-0.002036
0.00254967
1.21044e-8
-4.47685e-7
-4.41194e-7
-0.000787543
0.00110234
-0.00174036
1.02106e-6
-1.07573e-7
0.000156863
-0.000441076
5.06003e-7
-1.39711e-5
1.98763e-6
3.61896e-6
-5.21902e-6
1.70462e-5
-4.22164e-7
4.75155e-6
8.6859e-5
0.000123109
-5.32241e-5
-2.68681e-6
-0.000126283
2.18315e-5
-6.66354e-6
-8.03953e-6
1.33349e-5
2.61787e-5
-4.38278e-5
-3.8937e-5
3.04766e-5
8.21205e-7
-1.80681e-5
-3.1516e-5
7.39674e-5
6.58773e-5
-0.00015863
-1.52087e-5
-2.75961e-5
3.87138e-6
0.000132849
-3.00229e-5
0.00020766
-0.000252439
-0.000212866
-0.000107712
0.000389415
-0.000116829
-0.000197694
-3.13314e-5
4.92994e-5
-0.000217805
0.000122965
-3.3644e-5
-8.98987e-6
-0.0010071
0.000639448
-5.49203e-5
0.00185921
-0.0012657
0.000541992
-0.0024718
0.00182556
-0.0010257
0.00409983
-0.00224313
0.00120324
-0.00140654
0.000969868
-0.000718339
0.000408659
-0.000271734
0.000270574
-3.40041e-5
-7.53728e-6
2.37953e-5
-4.20327e-5
1.97238e-5
-2.1439e-7
-7.66005e-5
7.72793e-5
1.83116e-5
0.000250825
-0.000105458
-4.92835e-5
0.000102783
-4.93262e-5
9.3579e-5
2.4373e-5
-5.14092e-5
-0.000123089
-1.00934e-5
-0.000216211
0.000216481
1.18802e-5
0.000443644
-0.000496825
0.000273912
-0.000164766
-0.000119197
0.000130851
-0.000204174
-4.22366e-5
8.56656e-5
-0.00026224
-3.98335e-5
-5.02488e-5
-6.78953e-5
9.32997e-5
-0.000321907
0.000351169
-0.000173871
0.000309943
-0.000662186
0.000180985
-0.00013086
-0.000104318
0.000285006
-0.000810161
2.44536e-5
-1.08283e-5
-2.45134e-5
0.000131832
1.17228e-5
1.30086e-5
0.000532202
-1.40761e-5
-0.000426776
0.00135641
4.19957e-5
6.31901e-5
-9.66259e-5
0.00015311
7.99528e-5
-8.09958e-5
0.000670708
0.000416025
0.000116646
-0.00108085
0.0028444
-0.000294149
-2.29905e-5
9.03905e-6
-0.000327803
0.000173678
0.00146382
-0.00268133
-2.75034e-5
0.000581094
-0.000512283
5.92525e-5
-0.000508636
-0.000644362
-0.00162653
0.000554998
0.00215716
4.44226e-5
0.000176727
-0.000111079
-0.000521923
0.00173829
-0.0020849
-1.72502e-5
0.000125631
-0.000195334
0.000771877
4.27493e-5
-0.000561903
-0.000130408
-8.42744e-5
0.000664981
-0.000288409
0.000183055
0.00209775
0.000254395
-0.00138386
-0.00213699
-0.000801928
0.00176853
-0.000705592
-1.07597e-5
-0.000153944
0.000189882
4.97686e-5
2.77271e-5
0.000900351
9.92579e-5
-3.26902e-5
-0.000378038
-4.01873e-5
0.000189752
-0.001399
0.000361296
0.000299469
0.00513733
-0.000130218
5.63815e-5
0.000969945
8.68359e-5
-0.000118999
-0.000179118
-0.000295283
0.00152915
3.65931e-5
-0.00101859
0.000173624
-0.000117345
-0.00011345
0.000394204
0.000223781
0.000585238
-0.000667775
4.60872e-5
-0.000934759
0.0011607
-0.00142019
0.00242194
0.000374347
-0.00211021
0.00113339
9.72519e-5
0.00712682
-0.00495331
0.00198546
-0.00162594
0.000670806
-0.00238432
0.00229408
-0.00289463
0.00359135
-0.00200027
0.0031331
-0.00468283
-0.000445332
0.000530354
0.000261309
-0.000366044
0.000790493
-0.00106069
0.00145718
-0.000974478
9.49968e-6
-0.000145545
0.000489066
-0.00117977
0.00200583
-0.00273817
0.00222392
-0.0013317
-0.000212525
0.000237914
-0.000133973
-0.000345703
0.00136327
-0.0026848
0.00361485
-0.00356003
0.00227104
-0.00110267
0.000438668
-0.000710775
0.000817465
-0.000382503
-0.000823478
0.00246301
-0.00369712
0.00376485
-0.00279975
0.0014314
0.000511457
-0.000925996
0.00148742
-0.0019716
0.00177177
-0.000570184
-0.0012491
0.00281579
-0.00347123
0.00308797
-0.00156543
0.00106373
0.00117232
-0.00228632
0.00324019
-0.00331784
0.00226954
-0.000462049
-0.00139053
0.00279036
-0.00323961
0.0016949
-0.00149373
0.00285642
-0.00387845
0.00415117
-0.00340258
0.00197173
-0.000193204
-0.00227461
0.00570741
-0.00746895
-0.00212816
0.00340236
-0.00365617
0.00346222
-0.0029443
0.00239712
-5.17359e-5
-0.00105243
-0.00179177
0.00211471
-0.00240256
0.00302441
-0.00550422
0.00106962
0.000247926
-0.00108232
