1.74654e-5
-1.0957e-5
2.44327e-5
-6.97371e-5
2.09116e-5
-3.73303e-5
4.48265e-5
-3.19155e-5
-2.4863e-5
4.92136e-5
1.51361e-5
-5.61473e-5
-3.57094e-5
1.83085e-5
5.3977e-5
4.71584e-5
-3.9441e-5
-4.55717e-5
-0.000273627
0.000155111
0.000183707
0.000411666
-0.00012021
3.37103e-5
-3.05515e-5
-0.000337638
0.000147354
-5.82089e-5
-3.33267e-5
9.18438e-6
2.7826e-5
-3.85531e-5
1.76437e-5
3.88583e-5
1.62965e-5
-2.69519e-5
-1.94439e-5
-1.1054e-5
6.09455e-6
-5.35222e-5
-0.000123796
-5.5521e-5
0.000170366
0.000318257
-0.00011516
0.000174988
-0.000121207
5.74301e-5
-4.90841e-6
-2.74561e-5
1.52397e-5
2.9162e-5
2.3651e-6
-2.02374e-5
-3.50597e-6
-6.19301e-7
5.59277e-7
0.00012836
-0.000210384
-6.38783e-5
-9.06348e-5
0.000321307
0.000325201
-0.000269045
0.000146313
-0.000119407
7.75009e-5
-2.39223e-5
-2.21975e-5
4.54969e-5
-4.41039e-5
1.0935e-5
2.59219e-5
-4.11108e-6
-1.47904e-5
-7.24491e-7
7.0865e-6
-3.03769e-7
1.05662e-6
-6.45641e-5
0.000113547
-8.76973e-5
5.66168e-5
-1.40987e-5
-3.08161e-5
6.07632e-5
-6.5915e-5
5.01764e-5
-2.83933e-5
1.23776e-5
-3.3973e-6
-3.96492e-5
5.08741e-5
2.31033e-6
2.96836e-5
-5.57616e-5
2.16926e-5
3.2613e-5
-4.13385e-5
2.06856e-5
1.4978e-5
-5.50239e-5
8.43986e-5
-9.13542e-5
7.64711e-5
-5.16318e-5
2.9694e-5
-6.38501e-6
-1.28054e-5
2.82823e-6
1.1578e-5
8.91235e-7
-3.11148e-6
9.78779e-8
-1.0508e-6
-1.71738e-5
2.56235e-5
-9.87179e-6
-3.32658e-6
3.4387e-5
-7.28846e-5
0.000102526
-0.000111739
9.84006e-5
-7.2063e-5
4.56828e-5
-2.82968e-5
1.3934e-5
-9.77389e-6
3.19883e-6
-1.95761e-7
-1.43816e-6
-1.28741e-5
2.88092e-5
-6.51514e-5
9.54699e-5
-0.000110655
0.000104174
-8.25708e-5
5.74371e-5
-3.82829e-5
4.15639e-5
-4.42513e-5
9.23531e-6
3.02372e-6
1.15009e-6
1.17264e-5
-9.98511e-6
-1.27352e-5
1.46837e-5
-2.87878e-5
5.39098e-5
-8.2388e-5
8.41497e-5
-7.4987e-5
5.73682e-5
-4.31056e-5
2.52021e-5
-3.28359e-5
3.60405e-5
-1.6211e-5
9.65111e-6
-9.643e-6
6.36304e-6
1.56611e-5
-3.10658e-5
4.58358e-5
-4.73921e-5
4.46584e-5
-3.66916e-5
4.94305e-5
-3.4453e-5
4.64584e-5
-1.45889e-5
-5.08042e-6
-3.27918e-6
-5.34979e-6
1.99873e-6
8.53718e-8
1.66769e-5
-2.48841e-5
2.05253e-5
-1.97253e-5
1.84587e-5
-5.30696e-5
4.22995e-5
-5.93527e-6
-1.41941e-5
1.5364e-5
-9.55459e-6
7.27853e-7
2.22293e-7
-7.17307e-6
1.21213e-5
-1.02139e-5
1.76165e-5
-1.40165e-5
3.57574e-6
1.08519e-5
-1.9374e-5
1.52402e-5
-2.49869e-6
1.83239e-6
-5.05969e-7
-5.89476e-6
4.70188e-6
-4.93719e-6
5.0017e-6
-1.11516e-5
9.90919e-7
1.12134e-5
-1.7546e-6
1.101e-7
-2.36591e-7
2.96779e-6
-1.31795e-6
9.22616e-6
-1.73438e-6
3.31621e-6
-2.41527e-5
8.21956e-5
-5.44009e-5
1.82497e-5
1.24851e-5
-6.90043e-6
-5.87736e-5
-3.76312e-5
2.27216e-5
6.98451e-6
7.66521e-5
-7.88918e-5
6.12932e-5
-0.000105889
0.000133439
-0.00010337
9.1105e-5
-0.000123686
0.000116994
6.67825e-5
-6.41026e-5
-7.69246e-5
-6.38734e-5
3.70055e-5
-6.79504e-6
-6.45494e-5
2.0315e-5
0.000135569
0.000103537
-2.29774e-5
1.05992e-6
-2.25574e-6
-0.00021509
4.47689e-5
-2.98935e-5
3.84088e-5
-3.55548e-5
-1.25595e-5
1.68255e-5
1.18492e-5
6.92749e-6
-4.32761e-6
3.70033e-5
-0.000149173
3.75758e-5
0.000135154
-2.7396e-6
-0.00032019
-8.53195e-6
-1.01606e-6
4.22697e-6
8.61958e-7
4.70004e-7
-1.64581e-7
2.01924e-5
-6.46101e-5
-6.37459e-6
-2.20534e-5
0.000103536
-2.6514e-6
-0.000212672
-2.1689e-6
4.24382e-7
1.11841e-6
-8.98333e-8
-5.55452e-7
-3.67475e-8
-2.80592e-10
-1.01675e-5
-1.20481e-5
-5.41333e-7
2.73374e-7
5.56519e-7
-2.92265e-6
6.27657e-6
-5.46384e-7
7.92466e-6
1.01643e-6
-1.99159e-7
7.46458e-8
-8.66435e-8
-8.26672e-8
-3.6848e-8
7.6912e-9
1.69449e-8
2.16969e-8
-1.20944e-6
-2.25185e-5
3.81218e-5
3.73798e-7
-1.09725e-7
7.21759e-9
2.20373e-5
-4.64291e-6
-2.01547e-5
-5.16596e-8
2.84275e-8
2.73012e-8
-3.927e-5
2.2727e-5
2.1361e-6
-2.49283e-8
3.7518e-8
-1.68047e-8
5.05264e-5
-3.51599e-5
1.07648e-5
-1.94947e-7
-2.89446e-8
-6.51582e-9
-3.89949e-5
2.97641e-5
-1.91276e-5
1.13557e-5
-3.00056e-6
6.90904e-7
-2.92092e-7
6.29359e-8
1.75012e-5
1.12893e-5
-5.54362e-6
1.81212e-6
-1.00864e-7
3.58638e-7
8.50357e-8
-1.41702e-5
6.47043e-6
7.78051e-6
-6.93659e-6
3.80082e-6
-8.353e-7
3.0057e-6
-1.30085e-6
4.63856e-7
-5.87455e-8
-1.05069e-7
-2.0808e-6
-1.80829e-6
8.51693e-7
-5.37956e-7
2.94846e-6
-3.23206e-6
8.07197e-7
-2.26111e-7
-8.41309e-8
1.06534e-6
-3.1523e-7
-6.67821e-9
-2.50637e-7
-2.82525e-8
-6.52551e-7
1.50724e-6
-3.43538e-6
1.60174e-6
-1.2001e-6
-2.79205e-7
8.78629e-7
-7.11969e-9
-2.65422e-7
-2.04145e-8
2.21418e-8
4.31446e-8
8.05102e-8
9.29864e-8
-1.35211e-7
6.38173e-7
-9.17304e-8
3.51968e-10
-1.42067e-7
7.73447e-7
4.29939e-7
-1.2661e-8
4.18629e-7
-2.57291e-8
-5.94321e-8
2.66302e-9
-2.80506e-8
1.29479e-8
-1.59122e-8
-8.22852e-9
-1.87018e-7
4.91593e-8
2.30873e-8
-4.42896e-8
-3.42634e-7
-1.90098e-7
1.2224e-7
-2.59653e-8
1.23496e-9
1.55496e-9
2.38702e-8
4.52896e-8
-2.33409e-8
5.31747e-10
7.63201e-8
8.05738e-6
0.000186686
-0.000369745
-0.000189839
0.000251311
-0.000368196
0.000733007
0.000122062
-0.000168434
0.000185126
-4.03727e-5
6.62459e-5
-7.31095e-5
-5.17368e-5
4.1974e-5
-3.19387e-5
0.000112223
-0.000113012
9.09087e-5
-9.82299e-5
0.000120509
-9.13852e-5
-8.78904e-5
6.03982e-5
8.42206e-5
-4.22207e-5
-1.81251e-6
-2.88871e-6
1.04415e-5
1.57812e-6
2.75166e-6
1.64085e-5
-2.52068e-5
4.09303e-5
-6.05686e-5
2.34788e-5
1.96977e-5
-2.4588e-6
-7.98402e-6
-3.91928e-6
2.90246e-7
-2.75517e-6
1.45034e-6
-1.48285e-6
1.77596e-6
4.33437e-6
1.7758e-7
-2.90938e-6
2.10119e-6
-1.21904e-5
2.19461e-6
-3.53587e-7
-3.69511e-7
1.51406e-6
2.49368e-7
-6.72294e-7
9.60405e-7
-2.62635e-6
3.9429e-7
-3.36398e-6
-2.91089e-7
-1.0248e-7
2.59891e-7
3.7902e-8
-9.19411e-8
-8.50687e-7
1.55526e-6
1.62632e-7
-2.25701e-7
-1.85264e-6
-1.55047e-7
1.3835e-8
-1.69656e-8
3.38794e-8
1.20789e-8
4.20866e-9
-1.579e-8
2.99647e-6
-5.93787e-9
1.65701e-5
-1.03314e-5
1.75632e-7
-2.18781e-5
1.74147e-5
-4.33189e-7
-7.59771e-6
-9.0835e-9
3.45266e-9
-2.04081e-9
8.5932e-10
6.70075e-10
-5.34552e-10
-1.00739e-9
4.45662e-5
-3.16493e-5
1.73997e-5
-5.23101e-9
2.02817e-9
-3.6671e-10
-6.6045e-5
5.14006e-5
-3.66015e-5
-4.58498e-9
7.59446e-11
-5.09557e-10
6.86785e-5
-6.05555e-5
4.86798e-5
6.21942e-9
-1.92837e-9
4.07722e-10
-5.13741e-5
5.20697e-5
-4.54724e-5
-4.53876e-10
2.83117e-9
5.77404e-11
3.07752e-5
-3.0393e-5
3.26547e-5
-1.68362e-8
5.02988e-9
-1.83757e-9
-1.30243e-5
-1.36619e-5
-1.96001e-8
-7.55272e-10
-1.36391e-9
9.03278e-6
-1.17621e-6
-5.48396e-6
5.05598e-6
-5.12993e-6
-4.84083e-9
5.76044e-9
-7.67856e-10
3.15405e-9
1.30014e-6
1.20035e-6
2.48266e-8
-2.30496e-9
9.36577e-11
-2.67936e-7
-4.15398e-7
-3.8121e-8
-3.90736e-8
3.12559e-8
1.48484e-9
-2.42149e-9
-2.93979e-9
7.64405e-8
-1.09384e-7
-2.88438e-8
-1.02844e-8
-2.37204e-10
4.09165e-8
-1.7284e-9
-9.43764e-9
8.76519e-9
-9.13788e-9
-1.75716e-9
3.20239e-9
5.09803e-9
-2.34009e-8
-6.83245e-10
1.66221e-8
-4.60304e-9
-2.86624e-10
-3.09401e-10
-2.67543e-10
-3.03042e-10
-1.7497e-9
-1.89281e-10
-2.19928e-9
-1.26104e-8
-7.89114e-9
7.72243e-9
-3.10461e-9
-2.04706e-8
-2.42663e-9
-2.42456e-8
1.3377e-8
-2.58795e-9
-2.51038e-10
-1.34962e-10
3.69856e-10
5.28567e-10
-1.10638e-10
2.1403e-9
4.543e-9
4.38197e-10
-2.13058e-9
4.05637e-9
7.11747e-9
6.25172e-9
-2.09098e-9
-5.04804e-9
1.92631e-10
-2.59772e-10
-1.22518e-9
-1.18902e-9
4.64733e-10
-8.85439e-11
-2.87687e-9
-6.53126e-5
-2.3881e-5
0.000322284
-0.00107804
0.00110346
-0.000810893
0.000254582
-0.000119983
-0.000129322
8.1249e-5
5.32691e-5
-3.00568e-5
2.60233e-5
-2.07348e-5
-5.09025e-5
1.02528e-5
2.74359e-5
4.21036e-5
5.63378e-6
-8.59216e-5
-1.54058e-5
6.15648e-5
2.56948e-5
-5.70246e-5
3.23666e-6
6.45098e-6
-1.63907e-5
2.53304e-5
-7.67416e-6
2.2158e-5
-2.86009e-5
5.77503e-5
2.02527e-5
-3.3119e-5
-1.1616e-5
1.4453e-5
8.36637e-8
9.16799e-8
-3.22146e-7
6.67233e-8
5.88437e-6
-7.06265e-6
-2.63892e-6
3.2478e-6
1.27822e-7
-6.26039e-7
1.35072e-7
-2.43573e-8
1.05788e-6
-1.36009e-6
-3.84523e-7
5.33358e-7
5.11559e-8
-1.62202e-7
4.91187e-8
-2.32518e-8
1.28006e-7
-1.92789e-7
-3.80841e-8
7.22725e-8
2.52011e-7
-1.54596e-7
-8.28642e-9
-7.69486e-7
1.00302e-6
-6.51658e-9
7.37832e-9
-1.87984e-8
5.67965e-9
-4.42148e-9
4.56977e-9
-2.95268e-9
-9.13103e-6
4.60386e-8
1.73298e-6
3.97578e-5
-2.85767e-5
1.80164e-7
5.87903e-10
2.78951e-9
2.38594e-10
8.53267e-11
-1.06618e-9
-2.87729e-5
2.80865e-5
1.1979e-10
-3.69112e-11
8.60011e-5
-5.92246e-5
1.60565e-10
-3.6657e-11
-9.57712e-5
8.0541e-5
2.19726e-11
-2.48039e-11
6.74399e-5
-7.09533e-5
-1.76856e-10
8.98183e-11
-1.63711e-6
3.64765e-5
3.38991e-10
-3.96623e-11
-1.14233e-5
-1.48742e-5
5.60905e-10
-2.13982e-10
1.02671e-5
3.63785e-6
2.96573e-10
-2.08952e-10
-6.23267e-6
4.29346e-7
8.96668e-11
-5.22422e-10
3.1254e-10
3.34154e-6
-4.55981e-6
-1.75007e-6
4.34384e-7
1.21555e-10
-1.20714e-9
-5.54623e-10
7.89831e-7
2.45346e-7
8.12197e-10
9.09432e-11
1.84198e-9
-3.06358e-7
1.82284e-7
9.76752e-8
3.48148e-8
1.02711e-9
2.22147e-10
-1.02801e-9
5.02152e-11
-2.28883e-8
-3.13628e-9
3.02623e-9
1.84751e-9
3.22229e-10
1.88536e-9
-7.02084e-11
-3.33612e-10
5.49112e-10
-2.44845e-9
-5.52096e-10
2.04643e-10
6.63455e-10
1.39308e-10
-2.90833e-10
3.71118e-11
2.15e-10
-1.34565e-10
-8.52169e-11
5.96937e-11
-2.68991e-10
-1.73877e-9
8.9953e-10
-4.00464e-10
-1.38964e-10
-3.26371e-11
3.7227e-11
-4.19681e-12
-4.79834e-11
3.15049e-11
-7.13287e-11
2.47389e-10
5.16821e-10
1.66879e-10
-2.22259e-10
6.27122e-10
8.80948e-10
9.13068e-10
1.58036e-10
1.22396e-10
1.10667e-11
-1.64276e-11
1.30585e-11
-1.41296e-11
-1.59904e-10
-1.54719e-10
3.26055e-11
2.33875e-11
-4.02104e-10
-3.8308e-10
0.00011325
6.40551e-5
-7.93733e-5
-8.1233e-5
1.28948e-5
4.35462e-5
2.23135e-5
6.58931e-6
3.53042e-5
-7.24784e-5
4.45012e-5
-5.27687e-5
7.78611e-5
-2.2751e-5
-1.05419e-5
-2.14097e-5
2.47384e-5
8.46543e-5
4.29197e-5
-8.41388e-5
-8.00137e-5
3.3599e-5
7.38896e-5
-0.000201057
0.000739831
-0.000392824
0.000197507
-0.000546728
0.000115389
9.53305e-5
-0.000106561
-7.32772e-5
5.29115e-5
4.41928e-5
4.59231e-5
2.58838e-5
-4.46691e-5
-4.54788e-5
-6.78158e-7
-4.68943e-6
8.71837e-6
-2.16994e-5
1.68118e-5
-6.77776e-6
2.27544e-5
-1.83779e-5
-6.10758e-6
-1.25824e-5
-7.38287e-6
1.27922e-5
6.54604e-6
-5.52832e-8
-1.30068e-9
2.55541e-7
-8.45764e-7
-3.97903e-6
6.66056e-6
1.9213e-6
-2.91924e-6
-6.95616e-9
-3.8916e-8
1.86402e-8
1.994e-8
-8.66902e-7
1.50823e-6
3.02679e-7
-4.80641e-7
-3.16177e-8
-1.07516e-8
2.00588e-8
7.33671e-8
-8.53679e-8
2.93575e-7
-2.50745e-8
-1.23977e-7
-2.04221e-7
4.72668e-8
3.35596e-9
-1.66252e-7
-1.07344e-7
2.53373e-7
-3.06616e-9
6.28103e-8
1.9294e-7
-1.89303e-7
6.69583e-9
-1.98918e-8
-5.42664e-9
-5.61775e-7
-1.04108e-6
-1.14232e-6
-9.40272e-6
2.0717e-5
1.7307e-6
-2.5884e-10
3.33162e-9
2.4663e-8
-4.76561e-9
4.01444e-10
-4.18934e-10
7.27807e-6
-3.95911e-5
-9.3396e-11
-5.49027e-11
6.51719e-5
3.3868e-11
0.000152071
-0.000231907
6.95928e-5
-0.000174913
0.000276233
-3.8975e-5
-0.000159541
-3.29991e-11
1.60971e-10
-3.00117e-11
-3.76536e-10
2.88832e-10
2.67665e-10
1.45845e-10
-3.29768e-10
8.88521e-5
-0.000133485
0.000120741
-7.01797e-11
2.43824e-10
-5.78015e-10
9.13802e-5
-2.93198e-5
-5.40093e-5
-1.15409e-10
2.49635e-10
-7.87988e-10
-0.000366662
0.000168048
-8.50566e-5
3.84571e-11
-3.67185e-10
6.97145e-11
0.000114369
4.35148e-5
1.57714e-10
6.61076e-10
-5.14212e-5
-6.47289e-6
1.93356e-5
-2.19384e-5
1.75258e-10
1.58227e-10
-5.0608e-10
3.8725e-10
-3.52134e-9
-8.28925e-6
1.04001e-5
-6.0614e-10
-3.45598e-10
3.41154e-6
1.83266e-6
4.43858e-9
1.39828e-9
-8.90547e-7
-3.76975e-7
1.27683e-7
-6.43286e-7
-5.26559e-9
6.64169e-9
-7.5542e-9
7.4075e-9
9.78845e-10
4.05399e-9
-3.06051e-8
1.12892e-9
1.33081e-9
-2.69806e-8
7.95633e-9
1.45148e-8
5.0862e-9
2.29441e-10
-5.02357e-10
-3.47245e-9
2.60765e-9
4.16166e-9
2.05798e-9
-4.83166e-9
-2.61648e-9
8.40308e-10
7.65246e-10
2.99339e-11
5.0143e-12
-7.4679e-10
2.16441e-10
1.78242e-10
-7.57009e-10
-2.09739e-10
-1.91024e-11
5.74982e-11
-1.75175e-14
-3.78655e-11
1.29459e-10
9.08427e-11
-2.58245e-11
-2.59193e-11
-1.46123e-11
1.536e-11
-8.13049e-11
6.08375e-12
1.71631e-11
-9.24628e-11
5.20753e-12
7.16643e-12
3.10648e-12
-1.38027e-12
4.87592e-12
-1.87347e-12
3.66141e-11
5.81016e-11
3.11549e-11
-1.9763e-11
1.73286e-11
-6.23622e-11
2.15857e-10
4.6512e-11
-2.37558e-12
2.68768e-11
-1.35077e-11
-1.65699e-11
1.74615e-10
1.24014e-12
-8.94073e-13
-3.06512e-13
-3.54446e-12
-1.52611e-11
-2.17243e-11
-1.92664e-12
-1.10947e-12
1.69777e-11
-3.2202e-11
-3.46499e-11
-6.99776e-12
5.85256e-12
-1.37157e-11
3.149e-12
6.16865e-12
4.51135e-12
-4.1214e-13
-2.88515e-12
-9.8993e-12
1.42817e-11
-3.65181e-5
7.53153e-5
-9.13252e-5
9.47375e-5
-0.000122812
8.16599e-5
-5.34837e-5
-6.29002e-5
8.35252e-6
-2.54755e-5
4.38843e-5
2.73258e-5
2.12762e-5
3.23223e-6
-5.631e-5
-0.000118061
0.000191812
-8.81599e-5
7.60582e-5
-1.71652e-5
-1.89023e-5
7.10665e-5
-1.98593e-5
-3.49387e-5
2.13678e-6
2.22666e-5
1.13612e-5
-1.60806e-5
2.10856e-6
5.50627e-7
6.30753e-6
3.33727e-5
-4.88802e-6
1.65185e-5
-5.3617e-6
-1.10111e-5
-6.37121e-6
9.47177e-6
-2.53514e-8
5.03039e-8
-7.06602e-9
-1.83978e-7
-7.62631e-7
2.05586e-7
-8.61633e-6
4.88661e-6
1.22075e-6
6.02191e-6
4.81668e-6
-1.3133e-5
-3.02417e-6
4.82842e-9
-6.22922e-9
-4.98462e-8
8.30548e-8
1.02649e-7
2.61325e-6
7.42878e-7
-6.30541e-6
-8.73917e-7
7.57584e-7
-1.57388e-7
-2.869e-7
-3.97615e-7
2.02528e-7
-4.49235e-8
9.45916e-7
-2.03413e-7
-1.9553e-6
-3.29525e-7
-2.64127e-6
-3.83668e-7
3.90679e-6
-4.01151e-6
-3.16952e-6
-2.01707e-8
1.62966e-7
4.68867e-7
-3.88141e-7
-4.60551e-8
-7.59547e-6
6.46649e-6
-1.86933e-5
-1.67232e-6
7.08611e-6
2.94467e-5
-2.01645e-9
5.36341e-9
1.23646e-8
5.52806e-9
-4.14308e-11
3.26826e-9
4.18805e-5
-1.19676e-9
0.000129936
-0.000147069
8.01972e-5
-0.000264107
0.000171248
-7.06022e-5
1.09944e-9
-1.92603e-9
1.72303e-10
9.05274e-10
1.10253e-9
-3.08903e-9
0.000104235
-5.37132e-5
2.18428e-9
-3.90467e-9
0.000110178
-0.000182816
1.41087e-9
-7.7555e-9
-0.000360266
0.000418021
6.83361e-10
1.67267e-10
1.15763e-5
7.69323e-6
-1.48061e-5
-3.02277e-6
9.90881e-7
-2.43765e-10
9.28466e-10
-2.32108e-11
1.90614e-9
1.76084e-8
1.03724e-6
1.09862e-6
7.68115e-10
-2.40731e-9
-7.89562e-7
3.06656e-7
-3.15063e-8
-9.84216e-8
2.36271e-7
-8.17214e-9
6.00157e-9
-6.77124e-9
3.35903e-9
-2.9658e-9
-3.5559e-8
8.15359e-9
-1.5878e-9
-4.27963e-9
9.26603e-10
-4.53201e-9
4.31343e-9
-5.17777e-9
3.2054e-9
1.4231e-9
1.95938e-9
1.74914e-9
-1.99821e-10
1.16134e-9
-7.4542e-11
-6.10483e-10
-2.72433e-10
2.12301e-10
-1.61035e-10
-2.93514e-10
7.67559e-10
-1.51681e-9
1.03923e-9
2.11253e-10
3.16623e-11
-1.10194e-10
3.77605e-12
-1.41422e-9
2.40738e-9
-1.8192e-9
-1.52629e-9
3.55847e-11
2.34886e-11
-7.22887e-12
-4.23137e-13
-2.74572e-12
7.75714e-11
-1.88793e-10
2.02057e-10
1.89853e-9
-6.07172e-9
4.95639e-13
4.81533e-13
3.88736e-13
-5.86515e-13
2.74441e-15
1.33884e-12
9.17187e-12
-1.73329e-12
-5.02471e-13
1.22648e-11
-1.26966e-10
3.25039e-10
8.75234e-13
7.85832e-13
1.98212e-13
-1.68741e-12
-1.43243e-13
-4.51963e-13
3.90448e-13
3.80726e-12
1.29848e-11
9.07297e-13
-4.38396e-12
-4.67348e-12
4.83797e-12
-1.68914e-12
-2.29044e-12
-3.35821e-12
-5.72201e-12
-2.01266e-12
-1.66695e-11
-3.56666e-11
-9.13864e-12
7.25953e-5
6.8679e-5
-1.95346e-5
-3.87201e-5
-5.98537e-5
-5.57556e-6
5.56298e-5
5.09008e-5
-4.60729e-5
-5.6893e-5
8.52809e-6
-7.29074e-5
-3.82452e-5
4.01656e-5
-4.23962e-5
0.000110629
-0.000117286
6.21877e-5
-0.00010562
-1.27953e-5
6.74951e-5
2.75703e-6
-1.73909e-5
1.16255e-6
1.06618e-6
-1.09468e-6
3.09744e-6
-7.59928e-6
8.10047e-6
-1.76408e-5
9.44764e-6
4.92804e-6
1.87712e-6
-2.67733e-6
-2.30009e-6
2.02759e-6
-1.95022e-7
7.80257e-7
-1.23642e-6
1.30796e-6
-8.21628e-7
-7.22109e-6
-1.70992e-7
4.7213e-6
6.15838e-6
-1.34015e-5
9.02117e-8
-2.37048e-7
1.27309e-7
1.12537e-5
9.19022e-6
-2.55077e-5
2.72711e-7
-9.86644e-7
8.75742e-7
5.33805e-6
1.05397e-6
-1.20921e-5
6.19165e-7
4.70498e-7
-2.49547e-6
4.28212e-6
2.49817e-6
-3.23391e-7
1.94925e-6
-2.59617e-7
-3.19791e-6
-6.06866e-7
6.84654e-6
-9.51744e-6
1.5219e-5
-4.17607e-5
-1.8586e-5
1.84302e-8
3.50023e-8
1.19374e-6
1.2844e-7
-1.85526e-8
-4.61307e-5
4.49833e-5
-7.40155e-5
4.64777e-5
-1.03438e-5
0.000115765
-2.49592e-8
7.21534e-8
-4.23825e-8
-1.44036e-7
2.83363e-9
8.00518e-9
4.75763e-5
-4.30292e-9
0.000239827
-0.000200944
7.53404e-5
-0.000237359
-0.000410205
0.000309416
0.000302367
-4.1233e-5
8.27188e-9
-5.53377e-9
1.10647e-8
-3.94653e-8
0.000202441
-0.000198117
-0.000152587
1.33583e-8
-2.45313e-8
3.95268e-5
2.9786e-5
-8.21048e-5
2.35147e-8
-6.01216e-8
-0.000168198
2.97573e-5
0.000294247
-1.98097e-8
4.58942e-9
2.40731e-5
1.08934e-5
-1.56107e-5
-3.29378e-6
3.60217e-6
-3.04119e-9
7.90731e-9
-2.84719e-8
6.7532e-7
-1.29867e-6
7.71692e-9
-1.15721e-8
8.94948e-8
-1.12555e-8
3.96491e-9
8.68677e-9
-2.87405e-8
-3.94399e-9
-1.00683e-10
1.63703e-9
-4.75607e-9
2.71872e-9
1.85536e-8
-3.69976e-9
-1.83757e-9
9.64416e-10
-3.26001e-10
-3.839e-9
1.92534e-9
-1.88299e-9
-1.5956e-9
-6.8908e-9
1.14677e-10
1.02652e-10
7.20162e-11
1.4287e-10
3.50314e-9
-3.06483e-9
1.81403e-10
-3.11592e-11
-9.28426e-12
-3.95919e-11
9.64399e-9
-4.92737e-9
-7.64781e-9
1.43123e-11
-9.48044e-12
-2.22417e-11
-2.29807e-12
-2.58666e-9
1.91218e-9
6.10109e-9
-2.37599e-8
2.32223e-11
-2.43897e-13
1.40813e-12
-1.43636e-12
-2.85295e-13
1.19584e-11
1.03247e-10
-7.64978e-10
5.33628e-9
-1.07652e-8
3.6886e-12
6.8952e-13
-9.14194e-14
-3.79521e-12
-1.61145e-12
1.56663e-12
9.69027e-12
2.68688e-12
-1.15494e-11
-1.81183e-12
-2.98467e-11
8.2768e-11
7.14769e-12
1.18198e-11
-7.00227e-12
1.84012e-12
9.41969e-12
-5.22072e-12
1.47236e-11
1.63462e-11
2.17025e-12
5.88697e-11
7.29047e-11
-2.03858e-11
-1.016e-11
-1.73893e-11
4.01426e-11
-4.2598e-11
-3.60169e-11
-4.83432e-11
-1.07637e-10
8.22999e-5
0.000104008
-8.73041e-5
-9.3693e-5
1.38834e-5
-4.48556e-5
5.8125e-5
4.33237e-5
-9.72024e-5
0.000129876
-7.88034e-5
2.29665e-5
3.5508e-5
0.000166992
-0.000183398
-9.98864e-5
4.3278e-5
9.84517e-6
1.47531e-6
6.89827e-7
-1.61544e-6
-2.19818e-5
1.74008e-5
-5.72864e-5
4.52357e-5
2.7287e-7
-9.88325e-8
1.48892e-7
-4.66326e-9
-1.06149e-7
2.09351e-8
2.49483e-6
-2.06583e-6
7.1001e-6
-2.90718e-6
-1.02486e-6
-3.12321e-7
-2.1609e-6
5.23768e-7
-1.28951e-6
-2.28682e-7
4.19046e-9
-4.95455e-7
9.60313e-6
1.35627e-5
-2.92099e-5
-7.5549e-7
-5.5471e-7
5.26075e-7
2.36256e-5
1.81806e-5
-5.54757e-5
-2.09723e-6
-1.52033e-6
1.908e-6
9.20476e-6
1.41487e-6
-2.11468e-5
-6.87771e-6
5.9409e-6
-3.26913e-6
2.23419e-5
4.87889e-6
-1.22736e-6
5.32314e-6
8.7544e-7
-9.18681e-6
-2.46455e-6
4.24513e-5
-4.01212e-5
2.46076e-5
-0.000122132
-3.46225e-5
9.71672e-8
-4.2136e-7
-1.29373e-7
9.55247e-7
3.30997e-7
-0.00021608
0.000159769
-0.000151677
0.000267667
0.000173799
-9.6303e-5
0.000174782
-6.95047e-8
3.78462e-7
-5.55633e-8
2.14899e-7
-2.73226e-7
4.10357e-5
5.33264e-8
-5.58944e-8
-1.04665e-7
1.07418e-7
7.81911e-8
8.83924e-8
1.63989e-7
4.02324e-6
6.55208e-8
-1.50678e-7
-1.17937e-8
9.61219e-7
-2.81038e-8
-9.25753e-8
-1.50533e-7
8.48678e-8
9.85764e-8
-8.76477e-8
-9.22078e-9
-1.88279e-7
-1.94746e-7
2.49242e-8
-3.03429e-8
-8.31231e-9
1.54508e-9
5.35666e-9
-2.03796e-9
1.18015e-8
-3.82349e-10
4.71086e-10
8.1505e-10
2.22094e-11
1.17241e-9
-4.99322e-10
1.15214e-9
8.17125e-9
-1.48119e-8
4.67118e-8
-5.09601e-10
3.09099e-11
1.57528e-10
-4.47266e-11
1.0647e-8
-3.86161e-9
-1.66437e-8
-1.89306e-11
4.93528e-11
1.99301e-11
3.24957e-8
-1.01709e-8
-2.63739e-8
4.76793e-11
-5.64008e-11
-2.89874e-11
9.98986e-9
2.10153e-8
-8.12676e-8
-4.05392e-11
7.27304e-11
4.97733e-12
-2.37324e-12
9.16246e-10
-8.29558e-9
2.39257e-8
-4.29541e-8
-1.13229e-11
1.04709e-11
-3.40766e-12
-9.53623e-12
1.70662e-12
1.8441e-11
2.03586e-11
-1.0516e-10
-6.38291e-10
4.38403e-9
1.27189e-11
4.24171e-11
-3.70095e-11
1.80241e-11
6.929e-11
-5.97406e-11
5.84351e-11
-1.17182e-10
9.58061e-11
-4.35865e-11
-1.15164e-10
-7.5565e-11
-1.52476e-11
-2.87378e-11
-3.82133e-10
1.94432e-10
-7.52153e-11
-9.80509e-11
9.05175e-11
1.05214e-10
8.55968e-11
1.81898e-10
4.14576e-10
-2.17142e-10
3.73433e-10
6.08124e-5
-2.17487e-5
-0.000128196
0.000158146
-8.75598e-5
0.000168891
-0.00018134
-0.000152849
0.000127155
7.03262e-5
-2.07969e-5
1.50359e-5
-6.89435e-5
-7.85769e-5
9.18419e-5
0.000145338
-0.000107442
3.3289e-6
-7.49178e-6
-5.11064e-6
-3.91156e-6
-2.39313e-5
-4.46209e-5
2.39086e-5
6.74782e-5
-4.58121e-5
3.12889e-5
5.21264e-5
-1.83629e-6
2.03374e-6
2.39197e-7
-4.41692e-8
3.34763e-8
1.23467e-6
5.33986e-7
-3.70459e-7
5.31911e-7
7.98416e-6
-2.76272e-6
6.88689e-9
-6.91659e-9
-1.18557e-7
-3.77112e-8
7.02147e-8
-4.6298e-7
-6.71298e-6
2.35269e-6
-1.28565e-7
-7.09573e-7
-1.44774e-8
5.01373e-8
2.40997e-5
3.22931e-5
-6.36919e-5
-1.95774e-6
7.32837e-9
3.27488e-7
4.96587e-5
3.12026e-5
-0.000138559
-4.30557e-6
-3.12212e-8
8.22205e-7
2.92924e-5
2.04353e-5
-7.2243e-5
-1.61288e-5
1.22371e-5
-1.78402e-6
5.90001e-6
3.56328e-5
1.63651e-6
4.90499e-6
-1.92811e-5
-4.98695e-6
1.75546e-5
0.000156351
-7.59298e-5
1.41973e-5
-6.12814e-5
-0.000275352
-1.7088e-5
-8.61285e-7
4.7845e-6
-8.19889e-7
2.37983e-6
-5.24848e-6
-3.49859e-7
0.000103425
-0.000140227
0.000239404
-0.000209147
7.49747e-5
-6.36028e-5
-0.000283699
-4.23859e-7
1.3593e-6
4.94311e-7
-1.2139e-6
2.14077e-6
-0.000229067
0.000254495
-1.63852e-7
-1.0041e-7
0.000267524
-0.000335176
-3.41678e-7
1.0364e-6
-0.000161047
0.000193963
-1.09943e-7
7.25122e-7
4.72676e-5
-5.31579e-5
-4.6096e-7
2.18907e-7
-3.18511e-6
1.39615e-6
-2.63035e-7
2.48076e-6
-1.79063e-6
-3.26206e-6
6.29132e-7
-2.47275e-6
-1.85285e-6
5.08743e-7
1.05781e-7
-1.49959e-8
9.98643e-7
-3.15423e-7
4.67823e-7
2.53129e-7
8.13993e-8
4.55149e-8
4.00164e-7
7.32177e-7
-1.34743e-8
6.31498e-9
-2.04175e-7
2.32585e-9
-9.6258e-9
3.29391e-8
7.66313e-7
-3.13453e-9
4.29773e-9
6.69131e-10
-5.03858e-10
2.53738e-8
-4.49436e-8
5.35696e-11
-5.97319e-10
-2.06958e-8
-3.87979e-8
-2.54312e-10
4.29183e-10
2.40498e-11
6.01059e-8
-1.65347e-10
1.24505e-10
4.29276e-11
9.57334e-8
2.09669e-8
-1.60946e-7
1.56175e-10
-3.33215e-11
-1.0628e-10
3.84519e-8
4.72067e-8
-2.85965e-7
-1.16002e-10
2.76295e-10
6.71655e-11
-2.89573e-8
8.27345e-8
-1.14921e-7
1.35743e-11
-2.5615e-10
-5.42162e-11
1.94614e-10
7.28131e-12
3.48455e-11
-7.72938e-10
-5.18849e-10
1.33821e-8
6.93596e-11
9.66427e-11
-1.05512e-10
8.1694e-11
2.27014e-10
-2.3905e-10
2.01571e-10
3.60218e-10
1.76286e-10
2.46512e-10
-8.36382e-10
3.11885e-10
5.40071e-10
-2.24104e-10
1.01448e-9
4.01241e-10
-5.51201e-11
-3.89695e-10
-1.19218e-10
-4.33362e-10
-8.06879e-10
-9.0424e-10
-4.49543e-11
2.51395e-9
-1.14672e-9
-1.37021e-9
-3.16612e-10
9.90715e-10
-8.81715e-10
-4.35112e-10
9.73015e-10
8.86496e-10
-6.26219e-11
3.1248e-9
1.63202e-9
-1.05519e-9
-0.000119952
0.000110089
0.000142506
-8.70455e-5
-6.32238e-5
-1.30899e-5
-6.18036e-5
0.000169607
0.000157625
-0.000284044
-0.000159511
0.000175813
0.000111117
-0.000106015
2.20301e-6
2.61337e-5
1.38958e-5
-1.27992e-5
-7.97007e-7
-3.6874e-5
6.07708e-6
6.40698e-5
1.1647e-5
-1.45227e-5
-1.9238e-6
-7.60468e-9
-5.49908e-7
1.30025e-9
-1.06294e-5
4.1273e-6
-1.7883e-5
8.93703e-6
4.01955e-8
-4.45265e-8
-3.31219e-8
2.31737e-7
1.84459e-7
2.46045e-7
-2.91609e-7
8.10833e-7
-2.94307e-7
-8.03609e-7
2.44355e-6
-1.18156e-5
-1.0007e-7
-5.39215e-8
6.9118e-8
-2.35687e-5
3.30333e-5
-2.97675e-5
-3.35628e-7
4.34831e-8
4.4301e-8
9.26971e-5
0.000228998
-0.000292291
-6.91692e-7
1.03927e-7
1.08098e-8
0.000194046
0.000372786
-0.000432026
-2.29078e-6
7.21763e-8
4.90141e-7
9.29223e-8
5.27952e-5
-0.000125619
-5.18288e-5
0.000141235
2.5886e-5
9.52618e-6
-9.98957e-6
-4.05777e-6
-1.6607e-5
5.06178e-5
1.28097e-5
-3.32597e-5
-0.000172159
0.000233016
-0.000138603
0.000103436
0.00023713
6.72235e-5
1.99238e-6
-3.74093e-6
-2.79277e-6
5.32238e-6
-8.39682e-6
-4.11319e-6
3.43685e-5
-6.12686e-5
-7.8826e-5
6.47802e-5
-4.69864e-5
-8.64669e-5
0.000153382
0.00016583
2.12345e-6
-7.51898e-6
-2.00205e-6
-4.40983e-7
2.75024e-5
0.000103021
-0.000158963
-3.68419e-6
1.44884e-5
1.92799e-5
-0.000124265
8.29122e-5
9.29282e-8
9.45036e-7
-5.23315e-5
0.000124775
-9.97989e-6
-3.59238e-6
3.93407e-6
4.70464e-5
-6.75538e-5
-1.12036e-5
-6.68154e-6
2.04575e-5
-2.45571e-5
2.1538e-5
1.12266e-5
1.0604e-5
-2.10058e-5
1.394e-6
-5.26435e-6
-8.86962e-7
-1.87638e-6
1.62605e-5
-7.82692e-6
1.625e-7
-1.33057e-7
-4.39663e-6
3.85268e-8
-2.19467e-7
1.3442e-6
1.58066e-5
4.37429e-8
-6.87258e-9
2.9081e-7
-1.25546e-6
2.73521e-10
-6.89298e-9
2.478e-7
-1.22678e-6
3.42741e-9
-9.36311e-10
7.1728e-8
-9.09995e-8
1.8145e-10
-2.11752e-9
-1.45594e-7
2.06061e-7
-7.01607e-10
7.48421e-10
4.15534e-10
4.89472e-7
-1.14517e-10
-6.02104e-10
-5.01638e-10
1.98318e-7
9.20463e-7
-1.19263e-6
-2.63231e-10
2.40666e-9
3.71781e-12
-1.23574e-7
6.06772e-7
-7.26509e-7
7.79715e-10
-2.9081e-10
5.52475e-11
-3.18979e-9
-2.07652e-10
-1.34804e-8
1.90627e-8
3.68649e-8
3.42043e-9
-1.07519e-9
-6.09233e-10
1.25755e-9
1.33527e-10
-8.34371e-10
1.42585e-10
1.95339e-9
1.27253e-9
2.89362e-10
-2.59749e-10
3.52216e-9
-2.91524e-9
4.24147e-9
-9.04663e-10
7.93196e-9
2.94024e-9
-6.14278e-10
-6.27111e-9
6.02381e-9
-7.76998e-10
2.61915e-9
-6.42641e-9
-9.55486e-10
-4.48751e-9
8.72394e-10
-3.54799e-9
-1.19236e-8
-9.48026e-9
2.13706e-9
2.16564e-8
-2.68483e-8
-4.47873e-9
-4.92733e-9
1.51271e-8
2.75912e-9
-3.11862e-9
3.49812e-8
1.82826e-8
2.58864e-5
-3.70834e-6
-5.15157e-5
4.9654e-7
-9.92478e-5
3.94887e-5
0.000104935
6.4948e-5
-0.00031667
0.000581322
-0.000266133
0.000207831
-3.90322e-5
1.46068e-5
-2.61479e-5
7.84782e-5
3.41009e-6
3.62252e-7
8.49816e-6
-4.57905e-6
-1.36599e-6
2.2357e-7
7.0326e-7
-1.45668e-7
-2.10969e-7
3.12984e-7
-1.13481e-6
-4.29007e-7
-4.32928e-6
2.06266e-6
-2.05936e-7
-1.32219e-7
3.49427e-7
-1.61346e-6
-3.26796e-7
3.29713e-7
5.11795e-8
8.60045e-7
6.89394e-7
-2.05569e-6
1.07233e-5
-7.02814e-5
5.74856e-7
0.000107691
7.87045e-8
-8.5608e-8
-1.23736e-7
-2.94776e-7
-0.000221719
0.000663375
-3.85279e-8
8.28013e-8
-1.10726e-7
7.48029e-8
-0.000209471
0.00112578
-9.97529e-8
-2.81803e-8
4.5884e-8
-4.3606e-8
0.000235016
-0.000246051
-0.0003437
0.000769687
3.44399e-6
1.54806e-6
-1.08225e-6
-4.86865e-7
-0.000130469
0.000280984
6.02577e-5
-3.78289e-5
-5.32177e-5
-2.8515e-5
2.31082e-5
1.05342e-5
8.25301e-6
3.04746e-5
8.31889e-6
-0.000106156
8.49532e-5
-0.000182346
0.000103584
-6.38436e-5
-9.52563e-5
4.08362e-5
-6.88257e-5
-9.67229e-7
3.93139e-5
2.29949e-5
-6.02427e-5
5.39534e-6
-2.27155e-5
1.04139e-5
-2.95134e-5
-4.16477e-5
4.72845e-5
-0.000111152
6.57366e-5
4.444e-6
3.19577e-5
1.2111e-6
8.90337e-6
-5.66146e-6
8.84256e-7
-4.51092e-5
5.04206e-5
-4.26958e-5
-9.9594e-5
1.19276e-7
1.11958e-6
-1.02821e-7
8.12373e-6
-3.15498e-5
1.37748e-8
-1.79447e-7
3.20448e-6
-2.97512e-5
9.45993e-8
-2.9957e-8
-1.10342e-7
-6.52854e-7
7.28006e-9
-2.53418e-8
1.37478e-6
-2.54075e-6
4.91916e-9
-4.923e-10
2.48519e-7
-9.11693e-7
1.22594e-9
1.49745e-8
-1.16523e-8
6.06649e-8
2.8487e-6
-2.694e-10
1.05784e-9
1.66623e-9
-1.40767e-9
-4.92422e-7
3.59811e-6
-6.73306e-9
-6.19785e-9
-2.9086e-9
3.06108e-8
-7.86732e-7
1.80064e-6
-2.3463e-9
3.18658e-8
1.4974e-8
-6.98476e-8
2.43495e-8
-1.21412e-7
1.12632e-7
-7.91942e-9
-4.37326e-9
6.15548e-10
-1.28821e-8
4.02207e-10
-8.46114e-10
-4.11874e-9
-2.63233e-8
2.31038e-8
-8.82454e-9
-5.37321e-9
1.06787e-8
3.04766e-9
-1.50737e-8
2.56808e-9
5.50161e-10
1.52108e-8
-6.97606e-9
-1.00716e-8
6.52934e-8
1.30834e-8
-6.46947e-8
-2.59222e-8
6.81223e-8
5.81308e-8
-1.03937e-8
-3.31941e-8
-1.1764e-8
8.47284e-9
2.43974e-8
-2.98941e-8
-4.13729e-8
4.18317e-8
-7.62209e-8
-9.80931e-8
5.5958e-8
-6.03116e-8
7.99119e-5
-0.000112299
-0.000156262
0.000451468
-9.56106e-5
0.000116756
0.000462025
-0.000776721
-0.00118452
0.00141002
0.00050996
-0.000185835
-0.000466063
0.00131738
-8.65721e-5
-0.000175797
3.44172e-6
3.47731e-6
-3.37392e-5
1.24339e-6
1.76366e-5
1.29149e-5
1.56346e-5
-3.40576e-6
-2.9891e-6
5.8361e-6
4.06067e-6
-1.18976e-5
-4.70544e-6
1.79851e-5
-1.80694e-6
4.65482e-7
-9.26829e-7
-4.84533e-7
6.49243e-7
6.382e-6
2.10289e-6
-2.12439e-5
-1.58237e-8
-3.95293e-6
-1.82885e-6
1.05693e-5
2.8422e-6
0.00012937
-0.00013928
4.93502e-5
-3.0682e-6
-6.41583e-5
-0.000709234
0.00103436
1.41492e-6
-0.000983949
-0.00257003
0.00279437
-1.85941e-7
-0.00186963
-0.00274569
0.00346814
3.05997e-7
1.52507e-7
-9.39913e-8
-6.06947e-9
-0.0004912
0.000642393
-0.000233181
0.00123366
-8.70076e-6
-3.39045e-6
2.83457e-6
9.49931e-7
-0.000235365
0.000937917
0.000418096
-0.00128048
3.35045e-5
3.48704e-5
-1.74782e-5
-1.5271e-5
0.000127975
-0.000390859
-0.000195778
0.000319203
0.000168898
0.000124232
-0.000134241
7.19768e-5
-8.44505e-5
-0.000196544
0.000157467
0.000183694
-6.93968e-5
-2.25898e-5
-9.46421e-5
-3.27602e-6
0.000452135
0.000255252
-0.000274636
-0.000201077
0.000249638
-0.00103188
-0.000285828
0.000380566
0.000222673
-0.000188017
0.00061594
0.000426584
-0.000473422
-0.000240032
0.000157013
-0.000175317
-0.000141952
6.65815e-6
9.93267e-5
0.000301798
-0.00108917
3.08309e-5
0.00010447
-2.28547e-5
-0.000298023
0.000566317
-1.76919e-5
-3.6322e-5
-0.000526376
0.000648524
-1.58486e-6
0.000154022
-1.99721e-8
-2.32986e-6
0.00012552
-0.000598384
2.2761e-6
-6.83333e-7
9.62942e-6
-2.3392e-5
1.46214e-7
-3.87625e-7
-7.44257e-7
-4.7785e-5
5.24631e-8
-1.16912e-8
-3.60857e-6
3.38006e-6
-1.92309e-10
-4.41324e-9
9.35968e-6
-8.40547e-6
-1.20716e-8
-9.53146e-6
2.07984e-8
-3.03202e-6
-1.06773e-5
1.95509e-5
1.64727e-8
6.26431e-7
-8.89792e-6
9.94869e-6
-1.25252e-7
3.43101e-7
-1.34728e-6
1.84941e-6
5.42598e-8
3.96113e-8
2.09069e-8
-4.47453e-10
-5.01501e-10
-7.16596e-10
-3.73364e-8
-1.63151e-7
-3.39976e-7
-2.72969e-9
4.6519e-9
-1.51038e-7
2.14957e-9
-1.11723e-8
-2.19833e-10
1.23419e-9
3.62022e-7
-8.41774e-8
-1.04909e-8
8.52791e-8
5.31197e-8
-2.81012e-7
4.40933e-8
-4.93337e-9
3.60259e-8
-1.89777e-7
5.48386e-8
-7.81424e-8
6.99002e-8
-5.70175e-9
2.38017e-7
-1.69044e-7
1.3801e-7
2.47259e-7
2.68303e-7
1.50343e-7
-8.77357e-7
6.6439e-7
-1.71091e-7
4.8633e-7
-9.74856e-7
5.68523e-7
-1.91628e-7
-8.53406e-7
-1.16356e-6
0.000120212
-0.000161619
-5.34252e-5
-0.000196794
0.000756334
-0.000845406
-2.61496e-5
-0.00067647
0.000640696
-0.00109427
-0.00308719
0.00249745
-0.000125835
-0.00031151
3.35289e-5
0.000364257
-8.37193e-5
0.00012405
-1.22843e-5
8.84448e-5
5.85861e-8
-0.000167627
-3.30048e-5
5.66776e-6
-1.49126e-5
8.4392e-6
4.82378e-5
-0.0001552
-7.22622e-5
0.000218003
-5.49351e-6
7.77599e-6
2.08198e-5
-6.02472e-5
3.81367e-6
-4.0075e-5
0.000144626
-6.03124e-5
8.79266e-5
-0.000268725
9.2662e-5
0.000434948
-0.000446957
-0.000364742
-7.70773e-6
1.97093e-5
-3.03383e-5
2.32044e-5
0.000740696
-0.00301804
5.31287e-7
-1.85714e-6
-3.39332e-6
-5.21708e-7
0.00184605
-0.0076539
2.83951e-8
3.07599e-7
-1.37323e-6
2.62102e-7
0.00328496
-0.00461618
1.6696e-8
-2.02192e-11
-3.01632e-7
8.15529e-8
-0.00043386
-0.000402945
-0.00375294
0.00855986
-7.85879e-7
-2.30761e-7
1.78543e-7
5.30613e-8
-0.00284486
0.00690578
0.00340999
-0.00781561
7.52168e-6
5.94477e-6
-3.12073e-6
-2.01648e-6
0.00100969
-0.0025033
-0.000584358
0.00165533
-3.07744e-5
4.4893e-5
-1.78736e-5
1.71356e-5
4.97174e-5
-2.81274e-5
1.05678e-5
-3.79963e-5
0.000288711
-0.000421426
0.000252351
6.90649e-5
0.00214046
-9.46283e-5
-0.001115
0.00253604
-0.00288912
-0.00131424
0.00050842
0.000235523
-0.000297486
-0.00152382
0.000809265
0.00667954
0.000103577
-0.000267477
-0.00192697
0.00370715
-6.69979e-5
0.000171368
2.16994e-5
0.0024847
-0.00340561
-1.22749e-5
4.62922e-5
-1.49616e-5
0.000159729
-0.000660547
2.66345e-6
-3.74012e-6
0.000135325
-0.000781217
5.93588e-7
-1.74598e-7
5.47673e-6
3.60404e-5
6.0869e-8
-1.1403e-7
2.28908e-5
-0.000176356
-1.0399e-7
8.57616e-8
-1.80313e-5
8.84122e-6
-3.90488e-8
-6.09491e-7
2.97703e-7
3.20946e-5
-1.31055e-5
-1.53957e-8
-7.54919e-8
-2.37327e-8
1.58205e-7
1.02176e-5
-2.99755e-5
1.7017e-8
5.83434e-8
-6.95772e-8
-7.40673e-8
8.08411e-6
-2.86751e-5
2.00432e-7
1.16438e-6
3.45865e-7
-2.91048e-6
1.88837e-6
-6.11068e-6
-1.35923e-7
-8.98446e-7
-7.08777e-7
4.37612e-6
6.97298e-8
3.60097e-7
-2.90278e-7
-7.67752e-6
1.9893e-6
9.58773e-7
-3.72592e-6
6.08471e-9
-3.24216e-9
-5.06279e-8
-3.97244e-7
5.49954e-6
-1.6632e-6
-3.3523e-7
2.0944e-6
4.21925e-8
-2.13456e-7
4.05613e-9
1.69761e-8
-3.61979e-6
2.12555e-7
8.84749e-7
-2.30803e-6
-9.36659e-7
2.92626e-6
1.15008e-6
-3.5333e-6
4.21397e-7
-9.35683e-8
8.54725e-7
2.34939e-6
-1.26144e-6
-2.63106e-6
2.35311e-6
-1.1761e-6
4.81509e-7
-3.89427e-6
3.32227e-6
-4.72758e-6
4.03848e-6
9.64887e-5
0.000922909
-0.00107559
0.000470979
0.00135202
-0.00189536
-0.000348017
-0.00363037
0.000292642
-0.00055509
0.00012754
5.83729e-5
-0.00148463
0.0006272
0.0016154
0.00359411
-0.000886595
-0.00049809
-0.000417232
0.000396048
8.15921e-5
5.95953e-5
-0.000254812
0.000860502
0.000306966
-0.00108817
-2.85444e-5
-5.77213e-6
-9.17086e-6
4.28165e-5
0.000425709
-0.00105585
0.000658021
-0.000504515
0.00148376
-0.0001086
0.000296885
-0.000413407
0.000403852
0.000222163
-0.0003939
-0.000730321
0.000250532
0.000656639
0.00394045
-0.00553171
-5.51101e-5
0.00496785
0.00989173
-0.0138235
9.06724e-6
0.00887982
0.0168948
-0.0179836
1.20337e-6
1.39414e-7
0.000941732
-0.015094
-3.76189e-8
-1.10116e-8
-1.77618e-7
1.01914e-7
-0.0144167
0.026922
0.013555
-0.0308684
1.11953e-6
5.82879e-7
-3.49193e-7
-1.34975e-7
0.00522955
-0.0107689
-0.00265336
0.00513054
-8.17714e-6
-2.96627e-6
3.3943e-6
-4.48219e-6
1.36535e-6
-0.00086125
0.00101341
0.000879697
8.78278e-6
-0.000699675
-0.00457032
0.00393139
0.00311214
-0.000113852
0.000251856
-0.000112515
-2.08139e-5
0.000151896
0.000104862
-0.000282933
8.92152e-5
-0.00393888
0.0125275
0.0111528
-0.010882
-0.00012471
-0.000271687
0.000291007
-0.012738
0.00682623
3.54121e-5
-0.000472591
0.00136799
-0.00576725
0.00029919
-0.000407404
0.00821826
-0.0109766
0.0069726
-0.000187182
0.000169334
0.0034949
-0.00356064
4.72459e-5
-6.08905e-6
-4.00379e-6
-2.70752e-6
-0.000369083
1.08118e-6
-2.90856e-6
0.00130112
-0.00106331
2.84875e-7
-4.80624e-7
-4.28876e-5
0.000183349
6.6823e-7
3.28095e-6
-1.57661e-6
-0.000280051
0.00101189
3.24205e-7
-7.6164e-5
0.000108794
-1.42533e-7
6.5349e-5
-5.27133e-7
8.45763e-6
7.02261e-5
-0.00011421
-1.84562e-6
-3.85625e-7
1.89797e-5
-3.44065e-5
1.06624e-5
-1.60293e-5
-7.00055e-7
3.29726e-6
-6.365e-6
2.25906e-5
1.16987e-5
-3.30308e-5
2.71537e-7
-1.15884e-7
-4.03144e-7
2.53832e-7
4.40642e-5
-1.36476e-5
-6.22506e-6
2.19886e-5
-4.15489e-9
3.5305e-8
5.76954e-8
5.31608e-7
-2.60791e-5
7.07671e-6
5.31418e-6
-1.18282e-5
1.16688e-6
-3.69767e-6
-4.40796e-7
-1.3444e-7
3.1509e-6
-1.30819e-6
4.71602e-6
-5.13624e-6
3.01055e-6
-3.8681e-6
1.16522e-5
1.05985e-5
6.58732e-6
-1.23075e-5
1.54932e-6
-2.65039e-7
1.1431e-5
-7.52344e-6
2.96697e-6
-9.576e-6
6.09355e-6
0.00203384
-0.00324907
-0.00214393
0.00291523
-0.00143466
-0.000671377
0.00356847
0.0117963
-0.0087785
-0.00829649
0.00244742
0.00205476
9.78879e-5
0.00100009
-0.00146802
0.00186025
0.000333042
-0.000112666
-0.000544101
-0.000234255
-0.000981933
0.00213248
-0.000439229
0.000793012
0.000104475
8.09841e-5
-5.78033e-5
-0.000966827
0.00202117
-0.00215164
-0.000943054
1.24932e-5
8.3475e-5
-0.000177348
4.10781e-5
-0.000224489
0.00168631
0.000866382
-0.000590488
0.000831471
-0.00143245
0.000872472
-0.00122116
0.0020206
-0.00120825
-0.0128723
0.0117728
0.0104786
-9.68154e-5
0.000298994
-0.000269281
0.000100695
-0.0170559
0.0167495
-1.37769e-5
3.48507e-5
-3.32452e-5
1.86282e-5
-0.0223827
0.0218321
-1.69699e-6
1.98954e-6
-5.39104e-7
5.82606e-6
0.000919059
-0.00362462
0.0194903
-0.021459
5.65351e-7
-5.56098e-8
-0.0337957
0.0372391
9.42535e-8
2.21262e-9
-5.92606e-8
1.13609e-8
1.20842e-7
0.0158472
-0.0205089
0.00781164
-0.00623744
-1.27212e-6
-3.89998e-7
1.95721e-7
6.12556e-7
-5.25247e-7
-0.00191941
0.000737967
0.00315627
1.20714e-6
-0.00156865
-0.00269427
0.00107183
8.06286e-6
-5.77706e-5
2.09532e-5
5.70686e-5
4.19518e-6
-0.000162225
-1.23956e-5
0.00692102
-0.0215786
-0.0154496
0.0340583
0.000258511
-0.0249507
-0.000386732
0.0183111
0.000608612
-0.00663982
0.00160101
-0.00123874
0.00685093
-0.00190942
-0.00109543
0.000360635
0.000504281
-0.0104676
0.00792586
0.000166241
-9.36788e-5
0.00506033
0.000537758
-0.000269825
0.00372238
-0.0106066
0.00435719
-9.32189e-5
0.000154752
0.00256333
-0.00174837
2.85494e-5
-1.95633e-5
-6.5557e-6
3.05604e-6
-1.09348e-5
-0.00164325
0.00129914
-0.00162751
0.00132682
-3.33504e-6
6.17414e-6
-1.80953e-6
0.000292064
-0.000769736
6.02265e-7
2.30633e-7
0.000116808
-0.000150931
-1.7377e-7
-1.84744e-6
-2.88189e-8
-0.000121093
0.000137543
9.54156e-7
2.07365e-6
1.13617e-6
-8.06216e-6
-7.83071e-5
0.000114379
-1.22825e-6
9.79013e-6
8.39743e-6
-2.12242e-5
-2.7689e-5
3.65644e-5
-3.91697e-5
6.44153e-5
4.09296e-5
-7.38046e-5
-7.63087e-7
-9.12454e-6
1.05576e-5
8.84466e-5
-4.81243e-5
5.85071e-5
5.11693e-7
6.93482e-6
-6.88921e-5
-2.75874e-5
6.00684e-5
-3.95888e-7
2.04194e-7
6.21144e-7
-2.83764e-7
-2.48684e-5
4.69458e-5
2.27902e-5
-3.60476e-5
3.57283e-7
-7.71084e-7
-9.72531e-7
1.77183e-7
-7.72129e-7
1.07034e-5
-3.67464e-6
2.32586e-7
-3.79238e-6
7.43445e-6
-2.28297e-5
-1.49298e-5
-1.05446e-5
-9.92815e-6
1.25957e-5
-1.3985e-6
5.04757e-6
-3.8094e-6
1.08334e-6
3.09952e-5
-2.08665e-5
1.48313e-5
-6.69087e-6
6.20306e-6
-2.9976e-6
0.00216582
-0.00352157
0.00445066
-0.00470224
0.00229612
0.00045627
-0.00276598
0.00386755
-0.000908365
-0.00107033
-0.000395886
-2.60812e-6
-0.00237471
-8.46713e-5
0.00206884
0.000318757
-0.00112051
-0.00157097
0.00352272
-9.93452e-6
-0.00207608
0.00433659
-0.00384062
0.000349886
-0.000246291
-0.00247746
0.00391769
-0.00313902
0.00254768
-0.00427918
0.000495389
-0.00413103
0.0119045
-0.00672077
-0.0146285
0.00227289
-0.00157622
0.0092069
-0.0114276
0.00019538
-6.11239e-5
0.00998773
-0.0274572
3.56084e-5
-3.49445e-5
0.0194615
-0.0277336
-9.62896e-6
-1.22645e-5
0.00782925
0.0213662
-8.94453e-7
-6.11926e-7
6.68927e-6
3.07835e-6
0.0364757
-0.0395714
-0.0336817
0.0387558
4.31249e-7
-2.37577e-7
0.0155327
0.00263949
0.00556149
-1.18793e-7
1.59873e-7
-8.84326e-7
0.00651981
-0.0100127
-0.00214063
0.0065334
-1.1398e-5
6.22843e-6
4.45666e-5
-0.000147778
-6.37039e-6
0.00979996
-0.0250179
0.0507811
0.000287877
-0.0646681
-0.000386951
0.048001
0.00046863
-0.0283043
-0.000521836
0.0111753
0.000544712
-0.00124732
-0.000125508
-0.0033431
-0.000106482
1.59416e-5
-0.012414
0.00915567
-7.42031e-5
-0.000323878
0.00686928
0.000264727
-0.000128857
0.000173378
-0.00115667
0.000194972
3.69193e-5
0.000146206
-2.38115e-5
-6.70428e-5
-0.00017512
3.62935e-7
1.05124e-6
-0.000204403
0.00036989
-6.20645e-7
6.58896e-7
3.34596e-6
7.84703e-5
-4.38222e-5
3.01651e-6
8.1287e-6
8.47743e-5
-7.76775e-5
-1.05547e-5
1.96062e-5
5.29619e-5
-9.93263e-5
-2.53141e-6
3.96523e-6
1.52609e-5
-3.60654e-5
-9.66865e-5
0.000139828
5.46278e-6
-8.66063e-6
-0.000157714
-9.58168e-5
0.000168634
-2.31178e-6
4.90074e-7
5.39986e-6
-7.39502e-6
-0.000164588
8.92777e-5
-0.000120333
-1.73888e-7
-2.38023e-6
0.000124384
-5.71302e-5
5.67943e-5
8.69541e-7
-2.10029e-6
-1.27165e-5
-7.173e-6
2.07203e-7
1.48207e-5
-3.55785e-5
-2.53236e-6
6.21816e-7
3.44744e-6
-8.46729e-6
3.57678e-6
4.86864e-5
-5.48135e-5
3.55404e-5
-1.78018e-5
5.27933e-6
-4.12386e-7
-2.04138e-6
5.80535e-6
0.0022289
-0.00279439
0.00139417
0.00396295
-0.00564873
0.0048926
-0.00234893
-0.000558381
0.0022066
-0.00171493
-0.0013852
0.00625729
0.00648037
-0.00920452
-0.00261999
0.00249038
-0.00317354
-0.00328401
0.00383767
-0.00540453
-0.000848679
-0.000147645
-0.000363312
0.00117932
-0.00203385
-0.000598665
0.000775088
0.000141734
0.00347157
-0.00528116
0.00553674
0.00466906
-0.000793338
-0.000466998
0.00261697
1.27769e-5
0.00163344
-0.00510177
0.00429255
-0.00243574
0.0055221
-0.00375692
-0.000904646
0.00243566
0.0152756
0.0308774
-0.0416544
-0.000291369
0.0308237
0.0470513
-0.0574842
0.000139163
6.85047e-5
-0.0137653
-0.0194684
-5.01053e-5
1.8718e-5
0.0361523
-0.0343674
1.23895e-6
-2.23252e-6
-6.15309e-6
1.44234e-6
-4.81437e-7
-0.0215265
0.0181406
0.00512542
-0.0200863
-1.77584e-8
1.36432e-7
1.25817e-7
-1.164e-7
-1.52569e-7
-0.0122612
0.0280537
-0.0290601
-7.34038e-7
0.0165688
-0.0129205
-8.74207e-6
4.22568e-6
-3.63738e-6
2.52822e-5
-7.81977e-5
0.00608434
-0.00908093
0.0467308
0.000182479
-0.0823462
-0.000297121
0.0870413
0.000381781
-0.066224
-0.000387288
0.0354975
0.000309237
-0.0117828
-0.000143899
2.33393e-5
-0.000180422
0.00365009
0.000566999
-0.00554602
0.00057913
-0.000798629
-0.0104104
0.00746602
-0.0001895
0.000257392
-0.000171031
6.69264e-8
-0.000341136
0.00194625
-0.00138649
-5.35083e-5
0.000199409
-0.000102534
8.86496e-5
3.32894e-5
-0.000121482
6.45245e-5
2.00908e-5
-3.25087e-5
-0.000124725
6.60818e-5
-1.30744e-5
2.74232e-5
-8.4546e-6
3.96726e-6
-4.39489e-7
8.0773e-6
-1.52126e-5
-1.07064e-5
-6.8398e-5
-2.92882e-5
2.2617e-5
3.1566e-6
4.92709e-5
-1.88047e-5
9.37658e-6
2.13223e-5
-3.23546e-5
0.00014721
-0.000278065
4.55081e-7
1.05007e-5
-1.53627e-5
0.000242422
-0.000236939
-9.71921e-7
1.85017e-6
0.000222598
0.00012199
-0.000187841
-1.63427e-7
1.94088e-6
1.40822e-6
2.4079e-7
0.000144549
-0.000155747
-9.15679e-5
0.000107453
3.15275e-6
-5.86852e-6
-8.406e-6
5.52393e-6
-4.13965e-6
-2.65716e-5
6.97616e-6
1.37114e-5
2.38095e-5
-4.02221e-5
1.00271e-5
-2.17701e-5
-9.31421e-6
8.26547e-6
-1.28347e-6
1.33937e-5
5.65079e-5
-7.52308e-5
6.55096e-5
-3.93006e-5
1.22742e-5
3.9219e-6
-9.73941e-6
1.35901e-5
-2.59185e-5
3.32367e-5
-0.0035924
0.00260552
0.0043671
-0.00356673
0.00108928
0.00153592
-0.00263829
0.00160165
0.000881262
-0.00307908
0.00341772
0.00272941
0.00106287
-0.00314215
0.00434435
-0.000591497
0.000444119
0.00621669
-0.00957437
-0.000856548
-0.00220566
-0.00471351
0.00531462
-0.00559465
0.00392142
-0.00431844
0.00296462
0.00543845
-0.00500587
7.92665e-5
-0.00640899
-0.00628509
0.0038517
-0.00402857
0.00381865
0.00360469
-0.0192359
0.0166385
-0.0172314
0.0258843
-0.00362206
0.0058604
-0.00391903
0.00230772
-0.0328265
0.0344208
-0.000951362
0.00221586
-0.00151078
0.000713885
0.000263466
0.0316585
-0.0202219
-0.00756655
0.0229899
-5.68436e-5
7.65108e-6
-0.0286859
0.0216512
1.65444e-6
-1.75057e-6
-1.14841e-7
-0.00439523
-0.0168305
0.0344064
-4.8677e-8
-1.01078e-7
5.74388e-7
-0.0477403
0.0574535
0.021442
-0.0545751
3.06704e-6
-1.72812e-5
5.41793e-5
0.00659761
-0.0587843
-0.000130097
0.0902417
0.000213794
-0.0917342
-0.00024632
0.0636802
0.0001869
-0.026888
-4.65037e-5
0.000855739
-0.000122156
0.00867936
0.000267989
-0.00799623
-0.000297223
0.0048032
6.79223e-5
-0.00247737
-6.93378e-5
-0.00184112
0.000739612
-0.0005982
4.30498e-5
-4.42215e-5
1.60856e-5
0.000267038
-8.65915e-5
8.51938e-6
-8.36171e-6
7.04138e-6
-1.58663e-5
6.811e-6
3.85589e-5
-0.000127211
1.82902e-6
5.51466e-6
0.000267789
0.000133698
-0.000383985
9.00062e-6
1.55665e-6
6.13758e-6
-7.06283e-6
-9.25695e-5
0.000292649
0.000101411
-0.000185206
7.89802e-5
-0.000194449
-8.1409e-6
7.12376e-6
-0.000498854
0.000578016
0.000364635
-0.000409948
-6.86917e-6
-5.89083e-6
7.23695e-6
0.000263502
-0.000292737
0.000264884
1.14495e-6
-3.50875e-6
7.06275e-6
-0.000231796
0.000191428
-2.64028e-6
5.21834e-7
-0.000148923
0.000124369
-8.24887e-5
1.97614e-5
-1.00285e-5
5.68194e-6
1.89734e-5
2.36594e-5
-8.64022e-6
5.94105e-5
-5.65186e-6
4.6098e-5
-3.85516e-5
-6.99129e-5
7.35996e-5
-5.55661e-5
2.13406e-5
8.471e-6
-2.13341e-5
1.99583e-5
-1.50895e-5
1.32055e-5
-1.04455e-5
-0.00159408
0.00205383
-0.000291108
-0.00179535
0.00263191
-0.00259456
0.0014683
0.000751608
-0.00291702
0.00353825
-0.00210653
-0.000563587
0.00335332
-0.00522532
-0.0106711
0.012439
0.00903544
-0.00768537
0.00567153
-0.000987003
0.00212529
-0.00303847
0.000474114
-0.00459089
0.00770636
0.00354727
-0.00404532
0.0043391
-0.0104247
0.0119722
-0.0115398
-0.00428373
0.00387293
0.00897125
-0.0054545
-0.00355349
0.0038616
-0.00310408
0.00535706
-0.00520254
-0.00014453
0.00227103
-0.00157124
0.00564743
-0.00631656
0.000949279
-0.00047661
-0.000255285
-0.0011334
0.0106795
-0.0154929
0.00010202
-3.51814e-5
0.0153037
-0.00669541
9.15414e-6
-1.38508e-6
7.13846e-7
-0.0084301
0.02659
-0.0461504
-1.29691e-7
6.92531e-8
2.87802e-8
0.0608446
-0.0850556
0.0648098
3.3655e-6
-1.73313e-6
1.18998e-6
-1.02097e-5
1.45006e-5
0.0260867
-0.0395551
-0.0169206
-3.54942e-5
0.0725061
6.85995e-5
-0.0890174
-9.50028e-5
0.0721796
6.65129e-5
-0.0346141
4.78191e-5
-0.00414684
-0.000212531
0.0259582
0.000338368
-0.0272327
-0.000350436
0.0178367
0.000213311
-0.00890528
6.68663e-5
0.00348744
0.00042852
-0.000498892
0.00320898
-0.0027821
-0.000546719
0.000482596
-0.00051855
0.000248356
1.10124e-5
-9.80191e-6
0.000344229
-8.71474e-5
-4.08266e-5
0.000105522
-4.93084e-7
-3.7202e-6
3.88355e-6
-7.81901e-5
-5.38642e-5
0.000245017
4.98673e-7
-1.33025e-6
-0.000445464
0.00061808
-3.00177e-6
-1.27443e-6
7.81012e-7
-0.000537266
0.00031981
8.94661e-6
1.56529e-6
-6.48233e-8
-0.00035723
0.000468563
2.33341e-6
-2.11491e-6
-0.0003372
0.000266475
-0.00022206
-8.61287e-7
2.24145e-6
-3.02389e-6
0.000181405
-0.000142998
2.58737e-6
-6.54158e-7
0.000108467
-8.0492e-5
4.54751e-5
-1.42858e-5
8.71887e-6
-5.12899e-6
-8.47724e-7
-3.20983e-5
-5.55299e-5
9.23111e-5
-3.43167e-5
3.05719e-5
2.82259e-5
-3.23142e-5
2.01285e-5
-5.91606e-5
7.41202e-5
-6.00002e-5
2.54787e-5
1.44027e-5
-3.94774e-5
4.00281e-5
-2.45649e-5
1.00924e-5
-5.6511e-6
1.01137e-5
-3.26923e-5
0.00074298
-0.00135348
0.000225406
-0.000916226
0.000777675
0.000289039
-0.00208974
0.00375185
-0.00407779
0.0026032
-5.1535e-5
-0.00245019
0.00513829
-0.00733683
0.00581502
-0.0016197
0.000889142
-0.00151251
0.00172609
-0.00557206
0.0103526
-0.0130902
-0.00201088
0.002422
-0.00258907
0.0172823
-0.0203673
0.0216002
0.00251425
-0.00240103
-0.0215269
0.0170943
0.0030319
-0.00438014
0.00235496
-0.0278755
0.0337135
-0.0245457
-0.00128317
0.00120952
0.0152572
-0.0102459
-0.000703984
0.000704101
9.03556e-5
0.0143176
-0.011393
0.00791769
-6.2565e-5
2.86974e-5
-0.00396219
-0.00331423
-1.04503e-5
2.80421e-6
-2.18212e-7
0.014914
-0.0291068
0.0544431
5.92072e-8
1.58177e-7
-3.30487e-7
-0.0977691
0.109745
-0.0695049
1.37194e-7
1.01076e-5
-5.92571e-6
0.0332186
0.0425272
1.06323e-5
-0.100076
-1.94117e-5
0.0809154
4.85862e-6
-0.0340243
6.66578e-5
-0.0138248
-0.00021206
0.0493045
0.000382968
-0.0616521
-0.000477648
0.0515028
0.000411551
-0.0305099
-0.000207267
0.012506
-8.82432e-5
-0.00387146
0.000298396
0.00078624
-0.000377212
0.000275937
-2.9508e-5
-3.25435e-5
0.000140372
-0.000404827
-0.000140025
0.000225355
-0.000289356
1.60189e-6
-3.05773e-6
1.17026e-5
0.000235731
-2.48957e-5
-0.000287847
-8.33227e-8
-2.903e-7
0.000504533
-0.000891914
1.3576e-6
2.45016e-7
-2.32482e-8
0.000692429
-0.00046098
0.000177695
1.33061e-6
-1.17238e-6
0.000229354
-0.000558037
2.28259e-6
-1.37991e-6
0.000351616
-0.000191359
0.000127043
4.7915e-7
-1.18413e-6
-6.08429e-7
-9.77807e-5
7.50638e-5
-1.65435e-6
4.30776e-7
-5.26016e-5
3.26185e-5
-7.34162e-6
8.10541e-6
-5.37308e-6
3.25587e-6
-1.78879e-5
3.9499e-5
-7.77709e-5
-1.79931e-5
1.68527e-5
-1.15797e-5
4.69294e-5
-6.73876e-5
3.77951e-5
1.43853e-5
-5.45465e-5
6.56298e-5
-4.59852e-5
1.25027e-5
9.54584e-6
-1.14014e-5
4.39526e-6
1.43777e-5
0.000259619
9.9461e-5
4.00451e-5
0.000204843
-0.00112969
0.00238697
-0.0035252
0.00373539
-0.00257323
0.000561859
0.00114828
-0.00249782
-0.00186274
0.00140899
-0.00130826
-0.00032898
0.000637545
-0.000656973
0.00993298
-0.0153357
0.014555
0.00092565
-0.00135739
0.00126972
-0.019959
0.0242703
-0.0264727
-0.0012737
0.000900618
0.0286809
-0.0382918
-0.00121466
0.00312523
-0.00182365
0.0318154
-0.0591738
0.0351754
0.00104165
-0.000546745
-0.02156
0.0150516
0.000474476
-0.000692579
7.76346e-7
-0.0119126
0.00468188
-0.00065916
1.54627e-5
-1.16872e-5
-0.00220676
0.00544501
6.36789e-6
-3.85842e-6
3.65287e-7
-0.0132809
0.0167448
-0.0232323
-5.56805e-7
-2.61659e-7
1.54475e-7
0.0327895
-0.00181785
-5.60035e-6
-0.0020275
5.01159e-6
-1.30982e-5
6.592e-6
0.198189
-0.271794
-6.71755e-6
-0.0703105
3.74983e-5
-0.0211569
-0.000115763
0.0674417
0.000254034
-0.0888722
-0.000409184
0.0880765
0.000486411
-0.067983
-0.000421586
0.0412783
0.000208759
-0.0175036
-8.08619e-6
0.005564
-5.99392e-5
0.000123956
-6.2887e-5
-0.000208218
-2.66613e-5
-3.92433e-5
0.000685682
0.000389956
-0.000365526
0.000454321
5.80721e-7
-4.22619e-7
4.44292e-6
-0.000434821
0.000220124
0.000121371
5.58254e-8
-9.16612e-8
-0.000442352
0.000504781
-5.68661e-7
4.20125e-8
-5.51518e-8
-0.000511112
0.000179389
-7.1208e-5
-3.03223e-6
1.38122e-6
-0.000246623
0.000410573
-7.12858e-6
4.7535e-6
-0.000161533
3.83906e-5
-1.98031e-5
7.68219e-7
-3.20255e-6
6.85335e-6
2.46049e-5
-2.64849e-5
3.64903e-7
-2.66077e-7
1.80538e-5
-9.87475e-6
3.54432e-6
-9.77935e-7
1.12175e-6
-6.7658e-7
-5.66164e-6
2.70574e-5
-1.4735e-6
1.31036e-6
-0.000183934
0.000122026
-2.20081e-5
-6.12442e-5
8.93016e-5
-7.45698e-5
3.02885e-5
2.10815e-5
-4.76497e-5
3.73779e-5
-3.04361e-5
1.58567e-5
-1.43083e-6
-0.000247617
0.000345132
0.000805371
-0.000346153
-0.000112829
-0.000709651
0.0014355
-0.00197461
0.00257118
-0.00264526
0.00201261
-0.000675893
-0.000622642
0.00119125
-0.000428873
0.00016725
-0.00119018
0.000395719
-0.000279182
0.000186618
-0.000590774
0.00603311
-0.00937376
0.0134186
-0.0143443
-0.000328985
0.000730112
-0.000859295
0.0145189
-0.0207703
0.0228318
0.00119098
-0.00141306
-0.0235022
0.0241109
-0.000579196
0.00125227
0.0436232
-0.0236906
0.000362165
-0.000331842
-0.000346229
0.00476039
0.000394413
-0.000308876
0.000289985
0.000239823
-2.65939e-5
-8.02369e-7
-0.004083
0.00302721
-6.4877e-7
2.60919e-6
0.00457417
-0.0053914
-3.16099e-6
5.18195e-6
-5.76741e-7
0.00741509
-0.00543307
0.00459705
2.26088e-6
8.13539e-8
5.07937e-7
-0.00553006
-0.034776
2.96029e-7
8.30528e-7
-0.0568304
0.0778306
0.0829915
-0.0741846
-1.24118e-6
2.3386e-5
-2.69551e-5
0.192304
-0.0222068
1.71051e-5
-0.0162817
-4.8936e-5
0.117498
0.000102771
-0.115536
-0.000203346
0.105046
0.000309072
-0.087034
-0.000378977
0.0645323
0.000284545
-0.0329799
-0.000134677
0.00982212
2.61983e-5
-0.00188627
8.45818e-6
1.75903e-5
4.42104e-5
-0.000195595
-0.000157661
-0.000808288
5.63126e-5
-0.000196139
0.000910602
0.000266229
-2.53795e-6
-0.000427785
0.000509386
-0.000410773
-1.38744e-8
-9.26126e-9
-4.06337e-7
0.000540688
-0.000391276
4.88075e-5
6.9519e-9
-2.68351e-8
0.000310521
-0.000490358
0.000274534
-4.1922e-9
-1.4107e-9
0.000496336
-0.000496145
0.000240758
-7.28073e-8
0.000231743
-0.000158843
-4.3906e-6
-5.09678e-8
-0.000108089
8.67974e-5
-4.41686e-5
-1.87314e-7
6.56622e-7
3.57287e-7
-6.36269e-7
1.0193e-5
4.278e-6
8.12896e-7
-3.59955e-7
-2.42965e-6
-2.1769e-6
6.80027e-6
-4.53715e-6
2.92545e-6
-1.11124e-6
-3.79255e-5
-6.01261e-5
7.78845e-5
-4.24487e-5
5.39683e-5
0.000133297
-5.72416e-6
-1.4658e-5
8.73139e-6
-1.05933e-5
4.41992e-6
2.01876e-5
-4.47348e-5
0.000146709
-0.000120671
6.45234e-5
1.74878e-6
-6.7137e-5
7.4765e-5
-7.53325e-5
4.24108e-5
0.00072227
0.00131421
-0.00223076
-0.00205276
0.00141595
-0.00154655
0.00144515
-0.00107535
0.000328776
0.00019498
-0.000149713
0.000172701
0.00113902
-3.35498e-5
0.00169867
-0.000879214
-0.00421946
-0.00670804
0.00588742
0.0083752
-3.43309e-5
-1.59379e-5
0.0128836
-0.0108561
-0.014884
4.04215e-5
0.000305063
0.0147138
-0.0127827
-0.000307829
-0.00069617
0.000422336
0.00804471
-0.00830904
0.00190305
-0.000253972
0.000249437
0.00160272
-0.00145625
-0.00368125
0.000930027
-0.000248142
0.000266434
0.00217908
-0.00120082
-0.00270161
0.000519633
-8.21191e-5
5.2867e-5
-0.000646822
0.000110693
-2.01863e-5
7.61318e-6
0.000766229
-5.54427e-6
-0.00024244
9.74939e-6
-1.10413e-5
-0.00150009
-2.15503e-6
0.00709758
-6.22667e-6
4.59412e-6
-7.57675e-6
-0.0326418
0.0225341
-1.35505e-5
-0.074468
-1.21565e-5
3.85917e-5
-2.9787e-5
0.0685873
-0.01421
6.32327e-5
-0.277904
-6.79619e-5
0.136008
0.000127271
-0.0858397
-0.000171875
0.0571491
0.000199762
-0.0357698
-0.000145402
0.0123269
6.65832e-5
-0.00234356
-1.38056e-5
9.51026e-6
-3.76525e-5
0.000183923
4.73804e-5
-2.26776e-5
-0.00138194
-0.000299238
0.000276106
-0.000460162
0.000658817
-0.000546392
1.30341e-6
-1.14188e-7
0.00048205
-0.00020714
-3.08308e-9
2.03949e-7
-0.000153337
0.00032547
-1.22601e-8
3.33046e-8
-0.000460822
0.000357994
6.12571e-8
-1.27668e-8
-1.02127e-8
6.36423e-9
-0.000216092
0.000133821
1.37746e-7
-7.74087e-8
-6.24638e-8
3.5997e-8
-8.85034e-5
0.000128015
7.64826e-5
-9.42148e-8
-2.58774e-7
1.13909e-7
-2.81978e-5
4.86903e-6
-2.89274e-7
2.95962e-8
-2.63846e-6
8.58014e-7
-3.42479e-7
5.50874e-6
-5.16129e-6
2.81099e-6
-1.66358e-6
4.27196e-5
-7.327e-5
-8.10987e-5
-1.20069e-5
2.57714e-5
-1.90913e-5
8.49671e-6
-4.71777e-5
0.000104209
-0.000320011
0.000137973
-3.11469e-5
-4.24035e-5
9.88038e-5
-0.000143671
8.78581e-5
2.21247e-5
-7.14137e-6
0.00144603
-0.00304734
0.00102263
0.00237114
-0.00200018
-0.000754933
0.000681413
-0.000586481
0.000462237
-0.00019343
-0.000164579
6.36587e-5
-0.000347975
0.000283541
0.000139899
3.77521e-6
-0.000930777
0.000514555
-0.000155366
0.00237517
-0.00147854
0.00279133
-0.00340499
-0.0034445
0.00329898
6.73139e-5
5.57554e-6
2.37027e-5
-1.36728e-5
-7.63487e-6
-0.00433205
0.00735519
0.00989316
-0.00598777
-7.08116e-5
-4.16734e-6
-0.00836293
0.00434767
0.00630408
6.56757e-5
-8.20832e-5
-0.00421849
0.000520564
6.48456e-5
-7.61465e-5
7.3933e-5
-0.000107671
9.04366e-5
-0.000126829
0.00016261
-1.60734e-5
7.31541e-5
-3.73557e-5
1.65469e-5
2.03166e-5
-1.03925e-5
-1.86525e-5
-0.00033065
-1.85577e-5
1.03455e-5
0.00129048
-0.000463624
0.000461308
-1.21293e-5
1.46641e-5
-1.02516e-5
1.17411e-5
0.000228176
-0.0020107
-2.83085e-5
-0.000502718
0.00378742
4.3302e-6
-6.19454e-6
6.62226e-6
-0.0131652
0.0194859
-1.371e-5
2.16166e-5
0.0807198
-0.0471203
-0.00697078
-1.27483e-5
-0.0114476
-8.10651e-6
4.80078e-5
-6.58633e-5
0.36511
-0.252555
3.55959e-5
-0.0600401
-5.8306e-5
0.0218971
7.51993e-5
-0.00281415
-0.000109428
-0.0001431
7.62329e-5
0.00239493
4.63198e-6
-2.49992e-6
-1.01842e-5
9.20981e-6
7.52239e-5
0.00025992
0.00128013
-1.18506e-5
-0.000682931
-0.00267052
-0.000135696
1.49632e-5
0.000195191
-0.000245196
0.000205441
0.000314204
-5.75219e-6
-2.48798e-5
1.29802e-6
1.06206e-6
3.7026e-5
-0.000574708
0.000502492
-0.000550068
-0.000344257
0.000318737
-1.28509e-7
-8.79777e-7
-2.37993e-7
2.0143e-6
-4.73374e-5
-0.000102137
1.84246e-8
-1.44767e-7
0.000189724
-0.000121213
1.10744e-8
-2.10876e-8
4.98019e-5
-3.18952e-5
5.06055e-8
-2.34129e-8
3.35588e-6
-5.26405e-6
2.50802e-7
-1.03664e-7
5.24518e-6
-2.80306e-7
-1.4524e-6
1.26254e-6
-7.49916e-7
1.33075e-6
1.40243e-7
-1.12356e-6
-2.34938e-6
8.05007e-7
-3.16857e-7
4.55966e-7
-1.6911e-6
-5.98278e-7
7.46231e-6
-4.0083e-6
-2.56579e-5
7.70678e-6
1.66214e-5
-6.24523e-6
2.07531e-6
4.34808e-5
0.00013631
-0.000102839
-1.47347e-5
-1.59724e-5
9.56694e-6
-4.86682e-5
7.33388e-5
-4.41561e-5
-0.000288223
0.00041802
-5.73363e-5
-2.51753e-5
0.000131639
-0.000206778
0.000170721
0.000124976
-8.6723e-5
0.00108374
-0.00271208
-0.000409856
0.000478685
-0.000618439
0.000529946
0.000331198
-0.000170634
7.71635e-5
6.61015e-5
-4.82265e-5
4.92958e-5
3.04751e-5
-0.000887677
0.000993946
0.00114634
-0.000348042
0.00072543
0.00101308
-0.000540912
-0.00105681
2.02584e-6
2.32795e-5
-0.00246174
0.00109357
0.00234449
1.24241e-5
7.402e-6
1.24776e-6
-4.02061e-6
-0.00169475
-0.00311056
0.00111284
-7.2051e-6
9.71483e-8
0.00245226
-0.000706653
2.57673e-6
-1.02326e-5
-2.15757e-5
-6.78054e-5
2.59816e-5
-3.38016e-5
-1.18854e-5
-2.67047e-5
2.85517e-5
-2.84546e-5
-3.07347e-5
2.93585e-5
-1.42617e-5
4.96373e-5
2.27944e-5
-2.44857e-5
-0.000190659
8.74192e-5
-8.28689e-5
1.33418e-5
-5.42214e-6
-6.94843e-5
5.93228e-7
2.42817e-5
-1.99895e-7
1.20128e-6
-0.000737193
7.63915e-7
5.12479e-5
1.06641e-6
-5.64882e-6
4.10869e-6
0.0199354
-0.0216465
-2.43728e-6
1.71286e-5
0.015784
-0.0299091
0.0560823
-2.11232e-5
1.14476e-5
0.110568
4.163e-6
-3.4228e-5
5.00029e-5
0.0380183
-0.0306525
-3.29121e-5
-0.028134
-2.76325e-5
5.59174e-5
-3.30414e-5
-4.58982e-6
2.21079e-6
1.99674e-5
0.00182017
0.00449296
0.0003537
-0.00479411
-0.0130938
-4.10919e-5
8.9917e-5
4.38258e-5
-7.44324e-5
0.000107501
-0.000154516
0.00026257
-2.80513e-5
-0.000110763
-0.000298703
0.00025051
-2.64564e-6
-6.54227e-6
-0.000179055
0.000164248
6.92457e-5
-3.53683e-5
-5.44527e-8
7.8515e-7
4.43651e-7
-1.28089e-6
2.68921e-5
-3.42396e-5
1.29151e-5
6.30887e-8
4.82238e-5
-3.82155e-5
3.26261e-5
1.79294e-9
6.29391e-6
-2.63974e-6
6.3373e-6
8.982e-9
-1.86094e-6
1.00353e-6
-4.20644e-8
-8.04323e-7
-2.07337e-7
1.38033e-7
1.5508e-7
1.75692e-8
-5.38726e-8
-3.0474e-8
1.63133e-7
3.98219e-8
-1.37063e-6
-5.33731e-7
1.68191e-6
-1.05839e-6
1.448e-6
-4.79076e-5
4.36004e-5
6.88408e-5
-6.35433e-5
4.39034e-5
0.000134024
6.36563e-5
-0.000204014
0.000238534
-0.000132481
-1.22093e-5
2.38005e-6
-0.000132222
-3.14916e-5
9.19826e-5
-0.00010998
-0.000209904
0.000307628
-0.000273309
-0.00053842
-0.000173323
0.000509308
0.000158956
-0.000170693
-0.00011533
1.60101e-5
-2.78464e-5
-2.38295e-5
-0.000252474
1.88226e-5
-0.000252785
-0.000455203
0.000347406
0.000202078
-6.30938e-5
2.15752e-5
-9.69699e-5
0.000177518
5.99153e-5
-2.78721e-5
0.000386819
-8.67233e-5
-8.18452e-6
5.45929e-7
-3.3112e-6
8.14531e-5
-0.000364888
9.52497e-5
-0.000832793
0.000246253
4.76485e-7
1.57369e-6
0.000523891
-0.000119549
-0.000279305
-7.18032e-7
5.29546e-7
-4.05461e-7
6.08236e-5
-0.00033883
0.000159091
-9.75116e-8
-6.13533e-7
0.000103002
-6.16296e-5
2.23563e-6
-5.69443e-6
-5.78512e-6
1.1465e-5
8.8145e-6
3.80234e-9
-1.28827e-6
-3.67301e-6
-1.0743e-5
1.09017e-5
-7.26998e-6
5.35283e-6
3.71757e-5
-7.96044e-6
-9.85057e-6
1.23299e-5
1.42807e-5
-7.43461e-6
3.26988e-6
-1.4842e-5
-8.17525e-6
3.47119e-6
-1.73207e-6
0.000135912
-3.1431e-5
2.5259e-7
-5.34948e-7
0.000117127
-0.000461592
-7.3078e-8
-2.66884e-7
0.0052188
-0.00172816
1.69772e-6
0.00558921
-6.3201e-7
-1.20457e-6
1.26871e-6
0.00771286
-0.00553815
-3.27348e-6
1.18636e-5
-0.079001
0.0308092
-1.70774e-6
-1.10142e-5
-0.109029
0.0608234
0.00133321
0.00603316
1.46825e-5
-1.55461e-5
0.0694876
1.78514e-5
6.74526e-6
-2.19975e-6
-3.82466e-6
8.50782e-6
-0.0215848
-0.0261655
0.0207847
0.0145147
-0.0118391
0.0347866
0.0592178
5.00613e-6
0.002912
-1.04385e-5
-0.000541433
5.03604e-6
-1.04056e-5
1.85287e-5
-4.99926e-5
-2.74397e-5
6.98231e-5
0.000127158
0.000249704
-0.000415486
-0.00063129
-7.1965e-5
0.000156809
6.0251e-5
-0.000136562
1.34481e-5
1.51088e-5
-4.53036e-5
-1.67237e-5
0.00010309
-1.91932e-5
6.06534e-7
4.37592e-6
-2.0955e-5
1.13392e-5
4.60362e-10
-2.86905e-7
5.99036e-8
2.16296e-7
-1.71351e-5
7.8465e-6
7.15143e-9
-3.93824e-8
-2.97636e-8
9.50346e-8
4.03046e-6
-6.32887e-8
-2.19638e-8
3.95765e-9
2.29305e-8
1.80895e-8
8.32012e-7
-6.60185e-7
-4.24631e-7
4.12995e-8
8.9282e-8
-5.87001e-8
1.12288e-7
-2.36729e-7
-6.39656e-8
-6.26123e-8
3.10228e-7
2.41735e-7
-1.19573e-6
3.24267e-6
1.39009e-6
-3.3921e-7
-9.4591e-7
-4.0429e-6
1.14963e-5
1.23207e-5
-5.72324e-6
1.82663e-5
-8.69196e-8
1.52506e-6
-1.52215e-5
2.12125e-5
-8.41495e-5
4.10884e-5
-6.64562e-5
7.31143e-5
2.64977e-5
-2.25991e-5
-0.000275571
0.00039877
-0.000713377
0.000327097
0.000570575
-0.000407067
-0.000180721
0.000103007
-9.18001e-5
0.000220856
1.30717e-5
-9.67664e-6
4.11624e-5
8.12227e-5
5.8949e-6
9.56765e-5
-0.000155621
9.24955e-6
-4.37617e-5
8.0253e-7
2.78305e-6
-1.3654e-5
7.81775e-7
-9.83353e-7
5.13418e-5
-2.32907e-5
-3.79089e-5
2.6015e-5
-1.45546e-6
-1.39602e-5
1.9084e-6
-1.19613e-5
2.37922e-5
-2.36471e-5
4.01651e-6
-5.16856e-5
6.14061e-6
-3.74583e-7
-1.26863e-7
-4.09324e-7
3.73747e-6
1.41977e-5
2.3626e-6
3.58641e-5
2.64354e-6
6.22375e-9
1.39747e-7
1.17208e-5
-4.82734e-6
1.24618e-7
-2.39972e-7
1.85265e-6
-1.21256e-5
-1.34468e-6
1.8945e-6
1.31872e-6
6.58204e-7
-2.86158e-6
3.99053e-6
2.80461e-6
-4.80364e-7
-4.10705e-6
4.12191e-6
2.22082e-6
-4.59436e-6
1.51953e-6
-2.41139e-6
-1.98291e-6
1.94435e-6
9.0714e-6
-1.56075e-6
-1.45638e-6
7.62266e-7
7.37158e-6
-4.67165e-5
5.57758e-7
-3.20256e-7
0.000297
-7.90877e-5
1.14274e-7
-8.81869e-8
0.000271508
-0.000233643
-2.94896e-8
-9.34971e-9
-0.00214452
8.07794e-5
4.65004e-7
3.89002e-8
0.00204627
4.5108e-7
4.68984e-7
6.24951e-7
-0.0332995
0.00616891
1.46298e-7
-9.52291e-8
-0.111758
0.10033
-3.56318e-7
-1.43214e-7
-0.0670952
0.0890409
-0.0657735
2.58256e-6
-6.86867e-6
-0.0630334
0.055661
-8.17092e-7
-0.0375944
6.81989e-7
0.0197547
1.09769e-6
-2.0824e-6
9.68447e-7
2.08711e-6
-7.07383e-6
-3.15808e-6
9.87815e-6
0.00115103
0.00100472
-0.00262247
-0.00120199
-9.40387e-6
2.79127e-5
7.31629e-6
-2.28337e-5
0.000117016
-4.08654e-5
-0.000231293
0.000322886
1.26169e-5
-3.57237e-5
-1.24691e-6
-4.76823e-6
-4.82952e-6
-2.0574e-5
2.36272e-5
7.748e-5
9.87749e-6
-9.15565e-6
1.07157e-5
-5.94219e-7
-3.6025e-6
2.74508e-6
-3.40733e-7
-5.40566e-7
-3.08579e-6
2.53386e-6
-3.68249e-6
-1.94907e-8
4.79019e-7
-1.96898e-7
-7.69158e-8
-5.16135e-8
4.88779e-8
-1.34375e-8
-8.0232e-9
2.84798e-8
6.20512e-7
-1.78837e-6
-7.17331e-7
1.00912e-7
-1.21273e-7
-1.38818e-7
6.54345e-7
8.51136e-7
-7.7265e-6
1.58827e-5
1.26463e-5
-4.49079e-6
-1.20711e-7
-3.15385e-6
-3.43346e-6
5.18669e-6
-7.40954e-5
0.000188987
5.1299e-5
-9.52348e-6
-8.03064e-6
-6.88714e-5
0.000185627
0.000159039
-0.000269003
-9.01288e-5
6.36244e-5
0.000579703
-0.000293781
-0.00102833
0.000978615
0.000817329
-0.000839708
0.00052556
5.34888e-5
-2.19718e-5
-5.67196e-5
4.50023e-6
1.0463e-5
-2.15355e-6
-1.16974e-6
3.85584e-6
9.5506e-8
6.24999e-6
1.51486e-6
4.44933e-6
5.83234e-6
-1.04076e-7
1.1189e-6
-1.12711e-5
2.33503e-5
-2.17891e-5
-3.73818e-6
-1.76537e-6
1.03769e-7
1.35164e-6
-9.02063e-7
-7.44124e-7
1.42377e-7
-6.63817e-7
1.01707e-6
-1.86417e-6
4.20745e-7
-3.0396e-6
6.61197e-7
-9.35975e-9
-3.90645e-8
2.03719e-7
3.67652e-7
4.2463e-7
-2.05758e-5
4.53857e-6
-6.54833e-8
3.49046e-7
7.41209e-6
-1.85064e-6
4.75991e-6
-1.90841e-6
1.57335e-7
-4.01901e-7
-1.48047e-6
3.76244e-7
4.99983e-7
3.29244e-7
9.88706e-7
-1.40939e-6
-1.12699e-8
-1.03902e-7
5.6052e-7
-9.22877e-8
1.53085e-6
-1.82734e-6
-1.16531e-6
2.82464e-7
7.29114e-7
1.06543e-6
-7.93781e-7
3.18369e-7
-2.89828e-6
-4.55813e-7
3.01202e-7
1.66746e-5
-3.50012e-6
-1.92974e-7
1.07696e-7
1.07946e-5
-1.57585e-5
6.40475e-8
-3.63923e-8
-5.5273e-5
-1.51715e-6
1.80309e-8
-3.72311e-8
0.000126605
-0.000960906
-3.30049e-9
-1.38087e-8
9.63097e-8
-2.05025e-7
-0.00580469
0.002291
0.00116143
0.000152861
-0.00545735
-2.28105e-7
-1.36919e-7
-0.00493134
-1.36654e-7
2.07595e-7
-7.65647e-7
1.05331e-7
-4.06052e-7
-3.86834e-7
1.52383e-7
5.6538e-7
-1.16718e-6
-0.00382599
0.0032935
0.000217598
0.00550636
-0.00917551
0.01156
-0.015732
-2.66592e-7
1.05348e-6
-6.65753e-7
2.71166e-6
4.04298e-7
-1.93955e-6
0.000299768
-0.00123361
1.35713e-5
0.00347646
8.57515e-7
-3.72776e-6
-4.14517e-7
1.00934e-6
-9.36276e-5
-0.000236847
0.000310271
0.000602233
-4.13387e-6
1.07929e-6
-1.16242e-8
5.51617e-6
-7.44873e-6
-2.33613e-5
3.07716e-6
-1.76435e-6
-3.25587e-8
2.84443e-6
6.76733e-7
-4.36348e-6
9.67889e-7
-4.10647e-7
1.30819e-7
-1.56929e-8
-9.26566e-8
-7.42932e-7
-6.36415e-7
1.17235e-7
1.2527e-7
-7.68743e-9
-2.60419e-7
-9.94609e-8
2.88674e-8
-1.11085e-8
-1.34072e-7
9.55983e-7
-5.20258e-9
-3.60743e-8
3.84605e-8
3.51835e-8
5.53828e-6
-1.55731e-5
-7.78752e-6
2.51564e-6
-4.93696e-7
2.39573e-6
-8.85691e-7
5.02464e-6
-2.64046e-5
2.68144e-5
6.81111e-5
-3.13431e-5
1.28968e-5
-4.25929e-5
2.22718e-5
-5.76775e-6
-6.43081e-6
0.000136299
0.000515781
-0.00107558
0.000619875
-0.000524273
0.000351429
-0.00016307
-0.000371365
0.000413217
-1.43903e-5
-0.00067045
0.00139045
-0.00140005
-5.10543e-6
-1.4247e-7
8.31738e-7
-9.71038e-7
-2.56509e-7
-1.32104e-6
-1.979e-6
-3.12903e-7
1.95277e-6
-3.6648e-8
8.46545e-6
2.01529e-7
1.27328e-6
-2.50649e-7
1.31931e-7
1.8464e-7
1.50197e-7
7.74753e-7
-1.41019e-6
6.24201e-7
1.42658e-6
5.48261e-7
-1.71488e-7
-1.36607e-7
9.64451e-8
-3.99418e-7
-1.01447e-6
-1.70494e-8
-7.63793e-8
9.92199e-8
-1.01378e-7
-5.53126e-8
4.62788e-8
-4.43045e-8
4.46169e-8
-2.48424e-7
5.34713e-8
-9.6912e-7
1.85822e-7
-1.16463e-7
1.15971e-8
6.3524e-8
4.78936e-8
4.63605e-8
-1.92094e-8
-2.25738e-7
4.22019e-7
2.93337e-7
-3.58337e-7
-2.37244e-7
-6.80414e-8
5.06948e-7
-5.11592e-7
-2.11497e-7
6.55919e-7
5.79226e-8
-2.7006e-7
1.77062e-7
-2.53346e-7
9.20898e-7
-1.22436e-7
1.78315e-7
-1.0911e-7
3.38161e-7
-4.59199e-7
-5.89519e-8
3.69571e-8
-8.74286e-7
-3.05646e-7
-2.07562e-8
1.02703e-8
4.67116e-6
-3.33609e-5
7.9075e-9
-3.29073e-9
2.55816e-5
3.7717e-5
9.42518e-9
-1.88461e-8
0.000263804
5.49071e-8
0.00524474
-1.69628e-9
-6.56142e-9
-2.69106e-8
6.98409e-8
0.023581
-0.0166967
0.0128529
-0.00666126
1.36284e-8
-6.5061e-8
0.0308146
-0.0161005
-0.0566447
-3.43872e-8
1.81996e-7
-0.0312452
0.0117686
0.0515116
-3.55816e-8
4.69103e-8
0.0241329
-0.000727343
-0.0430685
-2.1114e-9
5.89495e-8
-0.0136273
-0.0120456
0.0317439
-5.34669e-8
1.54865e-7
-0.00644485
0.0165817
-5.87177e-8
1.33052e-7
-1.34233e-7
2.74585e-8
9.11661e-8
-2.21219e-9
-4.83758e-8
-0.00141174
-0.00685161
0.00509743
0.0179268
8.48076e-9
-1.36396e-7
-6.49341e-8
1.69217e-7
-0.000876735
-0.00127729
0.00213656
0.00220343
-5.54885e-7
1.4297e-6
-1.29113e-7
-7.11503e-8
2.98703e-5
8.29791e-5
-8.50251e-5
-0.000271892
6.05019e-8
-1.16684e-6
-7.03252e-7
1.07735e-5
1.13014e-6
-2.04523e-6
8.36922e-7
2.11292e-6
-2.04069e-7
-1.76766e-7
2.4646e-7
1.02642e-6
-5.37734e-8
-8.02938e-8
2.33225e-8
7.07661e-8
-2.85225e-6
1.08503e-5
-2.20474e-7
7.87435e-8
4.09156e-8
1.34202e-7
3.21191e-7
-3.69132e-6
3.9206e-5
-8.76584e-5
-4.5084e-5
1.9884e-5
-1.29983e-5
6.53659e-5
-1.99922e-5
0.000109424
1.35408e-5
-0.000154934
0.000209541
-0.000128495
3.83717e-5
-0.000607263
0.00200468
-0.00209981
0.00096508
0.00145335
-0.000809695
-0.000580313
0.000265216
-0.000528909
0.000549418
0.0013518
-0.00112567
-0.00126048
0.00146497
-0.00129205
0.00130153
-0.000979517
-3.77667e-6
3.28441e-7
1.08426e-6
-2.37989e-7
-4.33442e-7
6.8074e-8
9.93013e-9
-6.95618e-8
-2.8905e-8
-3.18315e-7
6.50287e-8
-1.76107e-7
-2.85004e-7
-2.80291e-7
1.17353e-7
8.62435e-7
2.31041e-7
-1.24616e-7
9.95672e-8
-1.14522e-8
5.50745e-8
3.58144e-8
5.47993e-9
-1.58085e-8
1.1507e-8
-1.44515e-8
3.41926e-8
3.19699e-9
-8.62924e-9
9.53597e-9
-1.49501e-8
3.85174e-9
-1.26107e-8
3.16142e-9
-5.73194e-8
1.73137e-8
1.91269e-7
5.36081e-9
9.5625e-9
-9.60834e-8
-1.54758e-7
1.81251e-8
-1.00664e-7
8.06904e-8
-9.05016e-8
-1.028e-7
3.60032e-8
4.32098e-9
2.4014e-8
1.59597e-7
-1.99719e-7
2.4545e-8
-4.34002e-8
1.34666e-8
6.03817e-8
6.58847e-8
-7.01655e-8
9.46053e-9
5.49805e-8
-3.62546e-9
-1.21803e-8
6.18609e-9
-1.18611e-8
-2.96664e-8
2.69918e-8
1.85885e-8
-1.37136e-8
2.27796e-7
-1.32488e-6
-5.04749e-10
3.88026e-9
7.42661e-6
-4.15013e-6
-3.36513e-9
1.25554e-9
-1.89042e-9
-3.10199e-5
-0.000241486
3.43019e-9
-0.00127294
0.000240617
-1.0369e-9
-5.66873e-10
0.000335443
-0.000513567
1.44663e-9
6.52802e-9
0.00403842
-6.41572e-10
4.55031e-9
1.42411e-8
8.89731e-10
2.41631e-8
1.50796e-8
-1.34443e-9
-4.36204e-10
-5.27839e-9
1.57011e-8
0.0204111
0.024488
-0.0238858
-0.0131677
-0.0278742
-0.0333499
-2.96951e-9
3.17893e-9
-1.56379e-9
-1.54399e-8
2.49157e-8
-0.00452686
-0.00288105
0.00783547
0.00215188
-3.70742e-8
1.51701e-7
-1.25746e-7
4.35342e-8
0.000214227
0.000786508
-0.000397351
-0.0020655
2.85112e-7
-9.1745e-7
9.54434e-8
2.07289e-6
-5.15208e-5
0.000139226
1.57185e-6
-4.23487e-6
1.22492e-6
1.52839e-6
-1.3847e-5
3.29495e-5
1.25179e-6
-4.07446e-6
1.95306e-6
2.39251e-7
-5.72615e-6
1.59507e-5
-1.10051e-6
2.43175e-7
1.38136e-7
-6.81846e-9
4.93315e-7
4.16681e-6
2.94398e-7
1.26483e-6
-7.4958e-7
2.51778e-6
-2.68817e-5
6.83807e-5
9.18895e-6
-5.3923e-6
7.78339e-7
-4.64648e-5
3.19737e-5
-0.000164547
0.000179503
-0.000402231
-8.7967e-5
8.18174e-5
-0.000258141
0.000258095
0.000166406
-0.000233061
7.81655e-5
-0.00389295
-0.000785142
0.00100536
-1.18375e-5
0.000173655
0.000511112
-0.000267572
0.00271784
-0.00195105
0.000856613
0.00047571
-0.00145854
0.00165142
1.95399e-7
1.19678e-8
-2.02436e-8
1.68359e-8
1.17938e-8
4.51781e-8
1.24787e-7
-2.39242e-7
-4.31501e-7
1.84729e-8
-5.98274e-8
1.61919e-7
-4.40718e-8
1.08793e-8
-2.99383e-10
-5.72619e-9
-6.02895e-9
-4.68179e-8
1.12564e-8
-2.57312e-8
8.33357e-9
-1.14801e-8
-3.3047e-8
1.0888e-8
5.50995e-8
-8.8076e-9
3.63476e-8
7.96323e-9
7.41499e-11
1.28008e-9
4.08987e-9
-1.77737e-9
-1.8426e-9
-7.46815e-10
-5.29587e-9
-2.11743e-9
5.32174e-10
-1.64334e-9
-3.81575e-9
7.87121e-10
6.13944e-9
-2.98373e-8
-1.79175e-8
8.28636e-9
3.3092e-8
1.89395e-8
-2.01047e-8
-3.64405e-8
-2.22526e-9
-8.64105e-9
-1.14085e-8
4.69735e-8
-6.51451e-8
2.04139e-8
-4.70068e-9
4.11755e-9
3.40698e-9
1.81154e-8
-2.80706e-8
1.44429e-8
-4.6762e-9
3.84431e-9
1.47582e-8
1.64153e-9
1.99544e-9
-6.26317e-10
3.53657e-9
-3.3705e-9
-4.87006e-8
-3.31976e-7
6.82427e-7
-2.23203e-10
-1.04237e-9
-5.52448e-10
-8.12223e-10
1.73856e-10
9.94243e-7
2.26774e-5
1.67603e-10
6.48394e-5
-1.87173e-5
-2.20568e-10
8.3698e-12
5.16268e-5
-1.81786e-5
3.95254e-10
2.99525e-10
-1.43016e-9
-0.000133415
-0.002643
4.26801e-10
-8.80028e-10
-0.00492983
0.00151178
4.07847e-11
-2.90437e-10
0.00408489
0.00384773
8.64574e-10
-4.04342e-9
-0.0169389
0.00548089
1.03752e-9
-1.69467e-9
0.0329365
-0.0202772
1.53516e-10
-2.62133e-9
-0.0397641
0.031754
3.51008e-9
-1.01775e-8
0.0378141
-7.00826e-10
-2.16381e-10
1.3926e-9
-1.39601e-9
1.82343e-9
-1.37288e-9
0.0118214
-0.00676996
0.00134366
-0.0105433
-0.0125913
0.0153852
-3.04176e-10
1.56631e-8
-3.55584e-8
2.60319e-8
4.58717e-10
2.78318e-9
0.000288339
0.00578085
-0.010941
1.56047e-7
-3.43139e-7
-1.73011e-8
-2.96711e-5
-0.00041868
0.000984727
8.83008e-7
-2.14738e-6
1.81018e-7
1.14979e-6
-9.54344e-5
0.000272853
4.21594e-6
-1.02689e-5
3.64175e-6
-2.29377e-7
-3.89077e-5
0.000100894
2.42003e-6
-7.97128e-6
4.76948e-6
-5.97002e-7
-7.98412e-6
3.39206e-5
-5.01555e-6
2.8098e-7
2.10902e-6
-9.70933e-7
1.46356e-5
-5.26327e-6
-9.30078e-6
-6.65327e-6
3.10004e-5
-7.03078e-5
8.78631e-5
-6.81958e-6
-0.000145953
0.000142142
-5.39e-5
0.000219576
-0.000214359
-7.35012e-5
0.000749546
-0.000671347
0.0033127
-0.000678548
0.000736004
0.00060474
-0.000607657
0.000701633
0.000309828
0.00764294
-0.0111906
0.00278497
-0.00393908
-0.00175264
0.00218936
0.000879017
-0.000987681
0.000257547
-0.000363495
-0.000741771
0.00123908
0.000530483
-0.00135574
-0.000121666
-4.49275e-8
3.89561e-8
-2.7502e-9
-2.77205e-9
1.41264e-9
2.51039e-9
9.82032e-9
1.06138e-8
-7.54702e-9
-2.29597e-8
-2.22706e-9
7.64997e-9
-1.10653e-9
-6.0891e-9
1.19161e-9
-1.4837e-10
1.32853e-10
-3.63779e-10
-3.28e-9
-5.665e-9
7.46833e-10
1.68438e-9
-2.15467e-11
-2.11818e-9
1.00963e-9
2.80557e-10
8.60831e-10
1.67847e-9
-8.16358e-10
6.14351e-10
-1.60789e-11
6.09044e-10
2.10427e-10
5.76921e-10
-5.31669e-9
4.56076e-10
-7.27486e-9
-6.69902e-10
-3.59131e-12
1.10421e-9
-4.37568e-10
-2.95643e-9
5.57858e-9
4.14641e-9
-2.8491e-9
-1.2162e-8
2.057e-9
-2.05035e-9
1.11662e-9
1.13434e-8
-1.89955e-8
9.07752e-9
-4.06113e-9
-2.43295e-10
4.13781e-9
3.6577e-9
-8.34773e-9
6.90824e-9
-8.11844e-9
-8.70869e-9
-8.75621e-9
8.41701e-10
5.4511e-9
-5.30873e-9
5.25533e-9
-3.90321e-9
5.30082e-8
1.72448e-8
1.28488e-7
-6.11878e-8
6.86365e-8
2.26254e-10
-2.72973e-9
2.35132e-9
-2.40868e-9
1.70938e-9
-1.19701e-6
4.87973e-7
-4.61015e-6
4.87771e-6
-1.05196e-5
-4.20038e-10
-3.84691e-11
1.05957e-10
-2.09918e-11
-1.0968e-10
8.07502e-5
0.000277324
8.05318e-11
-1.87833e-10
0.00169144
-0.00080512
7.0472e-13
-0.00358357
0.00078729
-5.16273e-11
-6.27995e-11
5.45264e-11
-1.73029e-10
0.0113115
-0.0142412
0.0101307
-0.00817033
1.04549e-10
-3.76833e-10
-0.0166897
0.0108819
0.0197029
5.56149e-11
-1.6784e-10
0.0200211
-0.00379072
-0.0336721
2.82007e-10
-6.86222e-10
-0.00847711
-0.00470906
0.0312487
-1.23036e-10
4.34081e-10
-7.29191e-10
0.00208663
-0.0255608
-6.42173e-11
4.03408e-10
0.00681993
2.72376e-11
9.046e-10
-1.56205e-9
5.81045e-9
-4.93188e-9
-5.37624e-9
-0.00746081
-0.0190076
0.0134567
0.0069861
0.0290403
3.32018e-8
-8.00378e-8
8.77712e-8
-5.55187e-8
-6.09043e-8
0.000627406
0.00154759
-0.00255681
-0.00087445
-0.00514882
3.66072e-7
-5.96984e-7
-2.86522e-8
-7.49387e-5
-0.000124298
0.000516768
1.66124e-6
-3.8357e-6
2.9108e-7
-3.33738e-5
-3.1304e-5
0.00010232
9.09699e-6
-2.49118e-5
7.98876e-6
-9.3692e-6
-7.70764e-6
4.12785e-5
7.60079e-6
-3.70515e-5
3.11922e-5
5.26338e-6
9.53095e-6
4.506e-6
-3.55723e-5
-3.42171e-7
3.52726e-5
1.5592e-5
-3.97279e-5
-8.51416e-5
-0.000128575
0.000104056
-2.97523e-5
4.7977e-5
0.000112124
0.000160006
-0.000566598
0.00188124
-0.00199831
0.00033145
0.000712429
-0.000719749
0.000252316
-0.000295614
-0.00830906
0.00748589
-0.00557673
0.0114183
-0.00158997
0.00146882
-0.00186066
0.00154368
0.000451498
-0.000734524
0.000634717
-0.00018307
-0.000399067
0.000239466
0.000208612
-0.00106988
0.000453942
0.00137586
-0.00106349
-0.00110201
-9.04674e-10
2.58708e-9
6.13266e-10
-1.11547e-10
-9.04247e-10
-3.12829e-10
-4.32566e-11
9.31281e-10
1.03326e-9
-5.42912e-10
1.52609e-10
-2.7833e-10
3.94327e-10
-6.43173e-11
1.96716e-10
3.54999e-10
-3.57937e-10
8.28474e-12
-2.7224e-10
1.59264e-10
-2.68692e-10
-6.85327e-11
2.26122e-11
-5.02169e-10
6.27159e-11
3.43247e-10
9.24083e-11
3.1969e-10
-8.52018e-11
5.2196e-11
7.40831e-11
1.96034e-11
1.07373e-9
-1.56742e-10
-3.61604e-9
-3.15913e-10
2.16253e-10
-4.76663e-10
-2.73484e-10
4.68162e-10
-8.66114e-10
2.02596e-9
-2.63662e-9
2.52223e-9
3.42884e-11
4.08916e-9
7.53571e-9
-1.06163e-10
-3.89597e-10
1.91457e-9
-7.76386e-9
-1.3879e-8
5.55066e-8
-1.1866e-9
3.47996e-9
-5.64769e-9
5.58575e-9
-6.22563e-9
-1.35776e-7
-1.32242e-7
-1.12621e-7
1.8587e-7
2.83108e-7
9.94502e-10
-1.92181e-9
2.55097e-9
-2.5403e-9
3.09122e-9
-1.27909e-6
-2.79313e-7
-1.27177e-6
4.82153e-6
-7.98289e-6
-1.24502e-10
-4.94354e-11
2.21427e-10
-6.05532e-11
2.48999e-11
-6.62567e-5
9.77146e-5
-0.000313543
0.000105237
-9.04463e-12
-1.90106e-11
-6.14498e-5
0.00104649
-0.00134053
2.92808e-10
-1.29062e-10
1.14445e-10
-3.95419e-12
-0.0101594
-2.08447e-11
-7.00903e-12
-9.5896e-11
4.31137e-11
1.90447e-11
1.33309e-10
-1.30189e-10
1.08844e-10
-1.15606e-10
-0.0151449
-0.0125767
0.0162292
0.0235542
0.0214677
-0.0231279
-4.72799e-10
-0.0232897
1.60939e-9
-5.90773e-10
3.47593e-9
-9.4127e-9
2.72788e-9
-0.00349341
-0.00697477
0.0131166
0.00468874
0.0178245
1.13658e-8
2.32596e-8
2.4393e-7
-1.11981e-7
-2.66746e-7
0.000431236
-9.87426e-6
-0.0011981
-0.000413909
-0.00157214
1.12564e-6
-1.93513e-6
1.40798e-7
-5.48735e-5
5.29376e-5
3.3829e-5
5.86778e-6
-1.42561e-5
3.37758e-6
-1.61912e-5
1.2922e-5
-2.88289e-6
3.88143e-5
-8.81039e-5
7.84617e-5
5.28279e-6
3.32807e-6
-7.08956e-7
-5.96491e-5
7.26421e-5
-8.74272e-5
0.000343737
-0.000300925
-7.69853e-5
-3.56733e-5
2.66699e-5
-3.21751e-6
2.45806e-6
0.000250221
0.000183018
-0.000132555
0.000146515
-0.000832522
0.000427467
0.000427059
-0.000321489
8.61367e-5
-0.000115545
0.00150965
-0.0038582
2.03933e-5
0.00120737
-0.000536032
0.000719298
-0.00148848
0.00115701
0.00137974
-0.00150017
0.0015273
-0.00190411
-0.000779312
0.000966603
0.000597549
0.000344348
-0.000914598
8.62395e-5
2.37417e-10
2.30045e-10
-1.4506e-10
-3.4223e-10
-4.86838e-10
3.211e-10
-4.3005e-10
2.96455e-11
-5.24437e-10
-2.68285e-10
-6.43472e-11
1.31663e-10
5.53894e-11
-7.10014e-11
1.06684e-10
4.7401e-11
7.17818e-10
-1.08826e-9
6.35228e-10
1.37826e-10
-1.79988e-9
1.14556e-10
-1.58299e-10
-1.63062e-11
-2.94653e-10
1.77535e-10
2.05164e-10
3.19122e-10
1.6438e-9
-2.40928e-10
3.0897e-9
-2.24739e-9
-3.31547e-10
-2.97463e-10
-4.98964e-10
1.8081e-9
4.18983e-10
-1.14028e-9
-4.24326e-10
2.24677e-10
-8.64643e-10
-3.88515e-11
-1.05742e-8
2.89208e-9
-3.10857e-9
-1.49602e-8
-4.72794e-10
-2.809e-10
6.89996e-8
8.48393e-9
-5.11763e-9
-1.62048e-9
1.94103e-9
-4.52764e-9
2.04572e-8
5.52602e-7
4.7267e-7
2.98619e-7
-2.41667e-6
-3.19939e-9
-3.0314e-10
6.26781e-10
-6.12434e-10
1.97635e-9
1.74274e-6
1.56634e-5
1.75539e-7
9.25099e-6
-2.2049e-5
-8.59222e-10
-1.5996e-10
3.90693e-11
2.44745e-10
-1.33799e-11
-0.00021237
0.000399152
-0.000130402
0.000289589
-2.17452e-10
-6.3731e-12
-0.000754731
0.000199776
0.000895442
-1.55283e-9
-4.60269e-10
1.06818e-10
9.46274e-11
-1.99608e-11
0.0142618
-0.0165828
0.00770362
-0.00607186
1.06028e-10
-3.03862e-11
-0.00571734
-0.00173429
9.52559e-11
-1.00253e-11
0.0184271
-0.00978116
3.97568e-11
-0.0250245
-1.04929e-10
1.2628e-10
-1.00873e-10
-3.37251e-10
1.60897e-9
2.3838e-10
-0.00824013
-0.01518
0.019655
0.0179437
0.0356735
-0.0181575
-4.23282e-9
-0.0121783
1.36172e-8
-2.26971e-8
-2.45064e-9
-4.33948e-9
7.01414e-9
-0.00103844
-0.00111002
0.00436633
0.0010518
0.00719216
-4.73548e-8
1.10917e-7
-2.80625e-8
-4.93316e-7
8.37511e-7
0.000101675
-0.00018845
-0.000164861
-4.29054e-5
-8.15347e-5
-3.04411e-6
7.9239e-6
-2.18766e-6
1.65488e-5
-1.63951e-5
-1.81977e-5
3.06462e-5
2.10272e-6
1.60211e-7
1.00108e-6
-1.10582e-5
0.000211112
-0.000572956
0.00107518
-0.000598165
-3.40659e-5
3.63262e-6
-2.07785e-6
1.3983e-6
-6.58503e-6
0.000556748
-0.000771259
0.00178303
-0.00250015
0.00134856
0.000229864
7.31725e-5
-2.72134e-5
3.22997e-6
2.18585e-5
-0.00120048
-0.000365898
0.00092235
-0.000331221
0.000704694
-0.0011727
0.000642297
0.000447021
0.00101207
-0.000982133
0.00104732
-0.0012771
-0.000314399
0.000435001
-0.0011189
0.000326728
0.00152377
-0.00117889
-0.00153496
0.00172472
0.000257082
-0.000695669
1.55217e-9
9.03064e-10
6.26162e-10
1.029e-10
-4.77972e-9
2.47155e-9
-3.9132e-9
1.82908e-9
1.34102e-9
-2.74081e-9
-1.94519e-9
-1.21267e-9
-3.68139e-11
4.52276e-10
-5.04668e-10
8.67094e-10
-4.85701e-9
1.287e-8
-2.46692e-8
4.34487e-8
-3.7756e-9
2.03156e-9
-3.10971e-9
-4.2001e-10
-2.32491e-9
2.91825e-9
5.82926e-10
3.39958e-9
2.15578e-9
-4.7942e-10
9.95214e-9
-9.17193e-9
1.41093e-9
-1.49696e-8
-5.51871e-9
6.38945e-11
2.1313e-8
1.76244e-9
2.00873e-9
-1.39248e-8
-1.14794e-8
3.47284e-8
-5.60562e-8
-1.39801e-7
-2.296e-7
4.71752e-9
2.76383e-9
-9.44034e-9
-1.53849e-8
2.92067e-7
1.92598e-7
-2.2416e-7
-1.11086e-6
-2.34872e-8
-1.55111e-9
-7.54134e-7
3.19964e-6
4.39786e-6
1.32479e-8
-1.90046e-9
-4.22126e-10
-3.32115e-5
-1.6624e-5
-4.42021e-5
4.99216e-5
1.08153e-8
0.000110746
-1.88142e-10
2.67222e-9
-8.53406e-10
-0.000885139
0.00102951
-0.000489064
0.00101228
-4.23598e-9
2.8836e-9
-0.0014821
0.000464208
-4.90108e-9
0.00286668
2.24863e-9
5.66687e-10
-2.65309e-10
0.0191182
-0.0170499
0.00170433
-0.000285558
1.04211e-9
-3.53801e-10
-0.0185002
0.0124578
8.96674e-10
-1.96592e-10
0.0282917
-0.025414
3.94779e-10
-0.034234
5.49454e-10
-1.25284e-9
-1.89833e-9
1.20572e-8
-2.85168e-9
-0.01032
-0.000644424
0.012046
0.0159761
0.0320278
-0.0125478
-1.59488e-8
-0.00512716
5.82222e-8
4.62305e-8
-1.31369e-7
-1.22533e-7
-0.000573855
0.000896473
0.000563561
0.000183476
0.00166218
7.28725e-7
-6.52752e-7
-3.02383e-6
2.53279e-6
5.52133e-6
-1.53997e-5
2.43912e-6
-0.000119208
1.0955e-5
-8.42481e-6
-3.4865e-5
2.66746e-5
1.40154e-7
2.52858e-6
-3.50045e-6
-1.1766e-7
9.77028e-5
-7.65212e-5
-0.000241286
0.000201764
-5.71423e-8
-1.64742e-7
-7.17141e-7
3.38956e-7
0.000527198
-0.000954931
-5.15673e-7
1.91121e-7
-1.07393e-7
0.0013777
-0.00131352
-0.00166987
0.00184256
4.19089e-5
4.96984e-6
-7.61418e-6
-7.88346e-7
3.42449e-6
-0.00132788
0.00195974
0.000352571
-0.00133299
0.000425162
0.000499668
-4.62639e-5
0.00132404
-0.00230764
0.0015143
-0.00125243
-0.000144775
0.000213271
-0.000443913
0.00125249
0.000719472
-0.0014529
-0.00103986
0.00121582
0.000679455
-0.000382471
1.0356e-8
4.26092e-9
5.59566e-9
8.99359e-10
-1.30902e-8
5.29188e-8
1.24245e-8
-2.73503e-8
-1.309e-8
-1.11381e-8
-1.35054e-8
6.20425e-9
3.5853e-9
-5.5045e-9
5.29781e-9
-4.45881e-8
-1.7949e-8
-1.77693e-7
-6.04154e-8
8.61667e-8
-4.37061e-8
6.19671e-8
6.02311e-8
1.51027e-8
4.17618e-8
2.39377e-8
-3.13401e-8
1.49446e-8
3.16925e-9
2.61987e-9
2.639e-8
1.73035e-8
6.5847e-8
6.28634e-8
4.04445e-7
2.37474e-7
-1.22507e-7
-2.83809e-8
-1.34819e-8
-3.41753e-8
2.3532e-8
6.43624e-8
5.88844e-8
5.59532e-8
-3.47068e-7
-2.96654e-7
1.5497e-7
-4.09303e-7
-7.25655e-7
-1.2123e-6
1.02618e-7
8.51117e-8
-3.11352e-7
-3.5166e-7
1.60154e-6
4.356e-7
-2.93564e-7
-1.44425e-6
-4.9816e-8
-2.98209e-8
-5.66711e-7
-1.00143e-7
-1.66882e-5
4.98927e-5
8.49685e-5
0.000127153
2.98305e-7
1.11458e-7
-3.19021e-8
-0.000281212
0.00049997
-0.000473727
0.000726876
-9.76419e-9
-6.53608e-9
-1.13211e-9
-0.00134868
-0.000755348
1.01788e-7
-3.55551e-8
1.7537e-8
0.00201068
-0.00328248
-8.91086e-5
-0.00327186
-5.46768e-8
1.39894e-8
0.00618413
0.00448058
-3.83156e-9
-3.49919e-8
5.88125e-9
-0.0165449
0.015036
-0.00713911
-2.06989e-9
-6.75032e-9
6.99814e-9
0.0177788
-0.0213572
0.0244909
-2.91888e-9
-3.03211e-8
6.87855e-9
-0.014673
0.0249411
-0.0409877
-8.6237e-9
-3.88291e-9
0.00703727
-0.0119031
1.92607e-8
-1.59406e-10
-0.0179982
0.0202111
2.46266e-8
-3.10552e-8
0.00574028
-0.0156608
7.25121e-8
-1.26809e-7
-2.05984e-7
3.00813e-7
4.78166e-7
4.26804e-7
0.000584172
-0.00125148
-0.000262913
-0.000403541
-0.000476023
0.000585206
-9.2857e-7
-2.29e-6
3.10674e-6
7.22509e-6
-1.0387e-5
-9.80897e-6
8.04723e-5
2.1173e-6
0.000152398
-1.96968e-5
3.08767e-5
4.71389e-5
-8.0637e-5
-8.46204e-7
5.31111e-7
-4.53736e-7
7.61862e-6
-9.76128e-5
0.000184444
0.000169852
-0.000365316
5.86235e-8
-7.56759e-7
1.15182e-7
4.00103e-6
-0.00023158
0.000614323
0.000205594
-0.000845341
-2.17882e-6
-3.07901e-7
6.75108e-7
-1.794e-7
9.80773e-5
0.000868727
-0.000585602
-0.000585646
0.00135813
-0.000189738
0.000126154
-4.41504e-5
-1.27952e-5
6.70266e-5
-1.1934e-5
1.80549e-5
-0.00259513
0.00137894
0.00328179
-0.00228302
-0.00303815
0.0026054
-0.00115058
0.00180659
-0.0014527
0.000477633
-0.000790372
0.000566419
0.000160667
0.000694285
-0.000535074
-9.85308e-5
-0.0013333
0.00219589
0.000103253
-0.000628058
9.52349e-8
-3.24209e-7
-3.06394e-7
-3.57098e-8
-7.64591e-8
-1.24992e-7
-1.70134e-8
7.91959e-8
-1.72584e-8
-1.832e-6
-9.32567e-7
1.31141e-6
8.39418e-7
-4.81067e-7
6.87629e-7
4.85286e-7
-4.80549e-8
4.04094e-7
2.5439e-7
-9.20321e-8
-1.41565e-7
2.78468e-7
-4.04288e-9
8.81023e-8
1.60339e-6
1.37507e-6
-3.40858e-6
4.13176e-6
-4.19784e-6
-2.99509e-7
-1.24564e-6
6.46583e-8
2.15335e-7
7.03374e-7
1.65437e-6
1.52086e-6
-6.00487e-6
-7.45584e-6
7.98402e-7
-1.93905e-6
-5.26795e-6
-9.12268e-6
2.2504e-6
2.18663e-6
-7.72285e-6
-8.19272e-6
2.16996e-5
-2.32352e-5
-8.80668e-5
-0.000175579
-1.06432e-6
-1.02596e-6
-1.17364e-5
-2.22297e-6
0.000270487
-0.000310662
-0.000627365
-0.00128829
2.62649e-6
-2.47389e-6
8.22599e-7
0.00190372
-0.00122141
0.00211882
-0.00286285
-4.3986e-7
7.45549e-8
8.9667e-7
0.00360153
0.00599069
2.13409e-7
-8.70286e-7
2.40926e-7
-0.00702492
0.00552369
-0.00973104
0.0102857
-3.06626e-7
-1.29442e-9
-0.0125002
0.0148473
6.95453e-8
6.4357e-8
0.0113812
-0.0149253
-3.5554e-7
8.74381e-8
-0.00789886
0.0109274
-1.39296e-7
-1.47403e-8
0.00511586
-0.00755934
1.55486e-7
-6.17898e-8
-0.0057118
0.0116676
6.91815e-8
-4.45938e-7
4.61705e-8
1.41228e-6
-5.2524e-7
-7.9897e-7
-0.000112637
0.000141369
0.000356733
0.000306186
0.00264572
-0.000609709
1.80773e-6
3.54835e-6
-4.19501e-6
-6.36507e-7
8.59766e-6
5.9996e-6
-4.54579e-5
-3.08564e-5
-0.000130624
-9.89038e-8
-1.707e-5
7.07913e-6
2.68451e-5
-1.2592e-5
-8.93629e-6
1.40859e-6
2.93347e-5
-3.49221e-5
-2.36736e-5
0.000103505
-2.80539e-5
3.00529e-6
-1.28859e-5
1.00879e-6
7.36624e-5
-0.000280639
0.000158371
0.000440547
-0.000702226
2.59646e-7
-6.70951e-6
3.39801e-6
-7.42161e-6
-0.000738049
0.00117135
0.000844256
-0.00149592
-0.00164304
0.00267219
-4.82688e-5
0.000109806
-5.47365e-5
-0.000128998
1.23581e-5
-4.92193e-5
0.00169881
-0.00302891
-0.000872756
0.00239119
-0.000136872
-0.00118947
0.000727638
0.00031067
-0.000587996
-0.000191905
0.000186642
0.000411588
-2.88626e-6
-3.20725e-7
-3.31598e-8
-1.57854e-6
-1.25619e-7
3.36298e-7
8.7306e-9
7.76164e-6
3.66865e-6
1.05428e-5
-4.33594e-6
3.66719e-6
3.63518e-6
-6.27995e-7
1.25306e-7
3.46599e-6
-8.69528e-7
2.66337e-5
2.21492e-5
-3.66708e-5
-2.62556e-5
4.48029e-6
1.32827e-5
-1.93291e-5
1.99094e-5
-2.41069e-5
-2.39125e-6
8.73204e-7
2.46072e-7
-1.01428e-5
8.21037e-7
7.02207e-6
4.24167e-5
2.9075e-5
8.01056e-5
-0.000115922
0.000178195
2.28069e-5
1.93835e-5
-2.79194e-6
1.61809e-5
0.000111379
4.78349e-5
3.28298e-5
-0.000188849
0.000199337
-0.000170107
0.000226094
0.000319853
0.00100156
9.0122e-7
-0.000166402
0.000141359
-4.11737e-5
-0.00109162
0.000910034
-0.00110432
0.00187341
0.00257759
1.40543e-5
-5.83015e-6
-6.98486e-5
-0.00207338
-0.00492938
2.72818e-6
7.6433e-6
2.04636e-5
-6.93408e-6
0.00409291
-0.00245603
0.00546084
-0.00448767
-0.00856042
-1.71721e-7
1.27567e-5
3.72009e-6
0.00205047
-0.00536215
0.00924949
2.02e-7
-1.54835e-5
-3.59416e-6
0.00103533
0.00327555
-0.00744703
1.2697e-6
2.12382e-5
-2.6181e-6
-0.00456236
-0.000587964
0.00453053
-1.38713e-7
7.54189e-9
1.15517e-6
0.00190024
0.000432035
-0.00317077
-2.58579e-6
1.052e-7
-0.000631025
-0.000413257
-6.49031e-7
0.000282527
-3.70011e-6
-6.39919e-6
8.95653e-6
-3.96248e-5
8.46188e-6
-6.84214e-6
1.65579e-5
-0.000618644
0.000109619
-0.000162258
0.00128625
2.1536e-5
5.5472e-6
-1.08101e-6
-1.15777e-5
-1.35129e-5
3.63501e-5
-0.000215151
-7.61806e-6
2.17667e-5
0.000538979
-1.01449e-5
-6.19267e-5
1.14176e-6
0.000108749
0.000100337
-0.000235611
1.06079e-5
0.000894566
-0.000117079
-0.000110714
0.000268756
0.000592655
-4.54726e-5
-0.000990389
0.000574208
0.000414221
0.000297533
-0.000142675
-0.000263286
0.000196857
-7.90922e-5
5.05103e-5
0.00216666
-0.00150838
0.000267818
-0.00369109
0.00252834
-0.000996806
0.00477981
-0.003486
0.00176893
-0.00783369
0.00424051
-0.00205631
0.00268148
-0.00180537
0.00112273
-0.000669519
0.000460722
-0.000345317
0.000106618
2.58199e-5
-7.04955e-5
0.000104581
-3.45564e-5
1.26654e-5
-0.000150953
-4.73381e-5
-6.36725e-5
-0.00073935
0.00014949
0.000154357
-0.000261699
8.36808e-5
-0.000167269
-1.22447e-6
-8.93711e-5
-0.00042001
-2.4586e-5
2.8074e-6
0.000354222
0.000209143
-0.0012577
0.00145109
-0.000806699
0.000402521
0.000285839
-0.000285666
0.000353469
3.01112e-5
1.65685e-5
-0.000452383
-0.000249536
-0.000204936
-0.000164182
0.000677831
0.000355802
-0.000195385
1.97727e-5
-0.00053857
0.00138741
-0.000279259
0.000160442
4.09954e-5
-3.55444e-5
-0.00128435
-0.000614036
-3.25168e-5
0.000215833
0.000371112
-0.000434767
-0.000210534
-0.000369751
0.000444328
0.000955887
0.00147217
-7.42128e-5
-0.000275782
0.000931706
-0.0008125
8.18058e-5
-0.00169647
0.000947373
-0.00204866
0.00307264
0.00271123
0.00143767
0.000557866
4.22187e-5
-1.75337e-5
0.000572104
-0.00385112
-0.00701757
0.00196064
5.26139e-5
-0.00108525
0.000954813
-0.00010996
0.00964814
-0.00809021
0.0117123
-0.0115242
-0.00533685
-8.8168e-5
-0.000341988
0.000216138
0.0125724
-0.0160716
0.0123986
3.79289e-5
-0.000244361
-0.000236639
-0.0039896
-9.39935e-5
0.00106947
0.000262636
0.000180162
-0.0013119
0.000588855
-0.000384862
-0.00555448
0.0023316
0.0025168
0.00483863
-0.0109352
-0.00399652
0.00175011
2.50438e-5
0.000327109
0.00114905
-0.000911235
-5.89041e-5
-0.00181357
-0.000221461
7.91984e-5
0.000835329
7.12341e-5
0.000289695
0.00427635
-0.0038442
0.00192842
-0.0122572
-0.000781099
-0.000121708
-0.00208788
-0.000153602
0.000269013
0.00053808
0.000474486
-0.00360967
0.000691982
-0.000156303
0.00133189
0.000151536
-0.00083892
-0.000770009
-0.000771652
-0.000976573
0.00126625
0.000502785
0.00168992
-0.00226807
0.00218748
-0.00439211
-0.000538681
0.00635239
-0.00352368
-0.000170491
-0.0211944
0.0146904
-0.0063517
0.00468499
-0.0018426
0.00455558
-0.00339454
0.00524624
-0.00681106
0.00294152
-0.00564543
0.00884155
0.0012123
-0.00124009
-0.000528483
0.0010692
-0.00216097
0.00261309
-0.00312299
0.00164914
-1.56758e-5
0.000653868
-0.00178059
0.00350647
-0.00510718
0.00598306
-0.00405102
0.00102212
0.000583331
-0.000211193
-0.000554724
0.00220647
-0.00477641
0.00733125
-0.00818332
0.00641124
-0.00241598
-0.00184455
-0.000725221
0.00085115
-0.000323081
-0.00148133
0.00457326
-0.00769067
0.00889995
-0.00698607
0.00262464
0.00383975
-0.000918666
0.00156827
-0.00223395
0.00237617
-0.000985519
-0.00206731
0.00550578
-0.00747436
0.00689998
-0.00344092
-0.00267831
0.0130085
-0.00210162
0.00390628
-0.00511532
0.00451302
-0.00199498
-0.00142677
0.004462
-0.00649924
0.00651988
-0.00118355
0.00285797
-0.00533165
0.00700767
-0.00720672
0.00564703
-0.00306295
-0.000200096
0.00554214
-0.0131283
0.0173801
0.00419212
-0.00670581
0.00725738
-0.00717256
0.00673201
-0.00630377
0.000252131
0.00215821
0.00381538
-0.0047375
0.00582485
-0.00810163
0.0160013
-0.00341641
-0.00129864
0.0034218
