-0.0051654
0.0272983
-0.0295143
-0.0044128
-0.0334292
0.0282328
-0.0298831
0.0380162
0.0213658
-0.0252811
0.012047
0.0209057
0.0118469
-0.0150681
-0.0112259
-0.0116658
0.00811789
-0.00449774
0.00537305
-0.000849367
-0.00408015
-0.00612306
0.00288303
-0.000154634
0.00225964
0.0053125
-0.00118174
-0.00466482
0.010409
0.00562955
-0.00633699
0.00760851
-0.00450672
-0.00561608
-0.0024843
0.00424064
0.00168397
0.00140819
-0.000523892
-0.00536666
0.0086237
-0.00534699
-0.00348565
0.0140004
0.0029963
-0.00446752
0.0040104
-0.00190409
0.000430599
0.000611589
-0.00201823
-0.0005817
-0.000159818
0.000901654
0.000147875
6.41566e-5
-2.4684e-5
0.000179564
0.00268324
-0.00374351
0.00196754
-0.00209086
0.0136171
0.0020466
-0.00299724
0.00526611
-0.00694859
0.00699401
-0.00572497
0.00368334
-0.00190382
-0.000465115
0.000690333
0.000114403
5.65866e-5
1.18425e-5
-0.000124319
-6.02189e-6
-2.27109e-5
-0.00605763
0.00119761
0.00172887
-0.00549118
0.00881084
-0.0101423
0.00902675
-0.00632685
0.00348859
-0.00152167
0.000442491
5.96158e-5
-0.0318149
0.030355
-0.00578844
0.0307776
-0.037458
0.000680811
0.0145576
-0.00796407
0.00158479
0.00393595
-0.00838134
0.0103264
-0.00934656
0.00656526
-0.00369851
0.00175761
-0.000241427
-0.000637188
4.54664e-5
0.000475254
-5.05746e-6
-0.000115695
1.31042e-5
-1.23519e-5
-0.0279864
0.0241002
-0.01806
0.00905528
-0.00374738
-0.00155988
0.00598543
-0.00796138
0.00726364
-0.00508782
0.00290313
-0.00148932
0.000633796
-0.000382231
0.000145355
-1.54654e-5
0.0134459
0.0129012
-0.00750737
0.00482197
-0.000510416
-0.00307083
0.00471782
-0.00443092
0.00316351
-0.00196377
0.00172968
-0.00164714
0.00031083
4.10387e-5
1.40438e-5
-0.0136823
0.00944154
0.00911245
-0.00796672
0.0063553
-0.00333006
0.00132
0.00103293
-0.00217171
0.00220512
-0.00171225
0.000995064
-0.00107568
0.00123303
-0.000557756
0.000261835
-0.000244154
-0.00302421
-0.00298738
0.00233073
-0.000979857
-0.000171325
0.000804141
-0.00102055
0.00136766
-0.00100745
0.0012932
-0.00033339
-0.000110118
1.18334e-5
0.00176204
-0.000668473
-0.000145156
-0.00116018
0.000959649
-0.000135911
-0.000214239
0.000394407
-0.00127949
0.00098825
-6.99265e-5
-0.000356494
0.000258092
-0.000129639
2.61108e-5
-4.4211e-5
0.000392938
-0.000572821
-8.33825e-6
0.000139659
-0.000163997
2.75548e-5
0.00025818
-0.000450311
0.00026254
-1.6286e-5
-9.08803e-5
7.45595e-6
0.00027511
-8.26917e-5
-1.20256e-5
5.00519e-5
-0.000205687
3.12157e-5
0.000217439
3.44007e-5
1.63378e-5
-1.64346e-5
0.00111109
-0.00356106
0.00207753
-0.0013092
0.0100864
-0.00655786
0.00422876
-0.00160794
-0.0311819
0.0158457
-4.11286e-5
-0.00733338
0.0187248
-0.0127117
0.00600447
-0.0148381
0.00961171
-0.00374042
0.00905271
-0.00663489
0.00204653
-0.00420565
0.00366656
8.13199e-5
-0.00146041
0.00295038
0.000695393
0.00101682
-0.000301379
-0.000185112
-0.00215906
0.000676089
0.0045115
0.00361125
-0.000749792
-7.47904e-5
-8.3565e-5
-0.00730198
-0.00097329
0.000406788
-0.00058268
0.000710243
0.000235076
-0.000315637
-0.000423137
-0.000140501
0.000237533
0.00110022
-0.004679
0.00111482
0.00450706
-8.2156e-5
-0.0118024
0.000142897
3.57239e-5
-7.84193e-5
-0.000109205
-1.83928e-5
4.89153e-5
0.000662868
-0.00210655
-0.000187903
-0.000772047
0.00350341
-7.63874e-5
-0.00725242
3.93128e-5
-2.67318e-6
-1.8237e-5
-1.93905e-5
7.31249e-6
-1.50592e-6
1.02704e-5
-0.000950101
0.00131022
1.13465e-5
-3.17167e-6
0.00213922
-0.0037442
0.00110397
-0.00698407
0.0105461
-7.0468e-5
7.74039e-5
-4.75559e-6
1.81079e-6
4.39572e-6
2.21599e-6
-1.87371e-6
-1.41198e-7
-8.18468e-7
0.0174998
-0.0330906
0.040344
2.33597e-6
-1.18831e-7
5.57911e-7
-0.016107
0.0211213
-0.0323231
-2.39146e-6
2.22168e-7
-8.42142e-8
0.0149013
-0.0184342
0.0233591
4.09217e-6
-7.00809e-7
3.60088e-8
-0.013067
0.013189
-0.013144
-1.40394e-6
-8.35451e-7
2.34817e-7
0.00849874
-0.00741515
0.0048871
-0.00685178
-7.42854e-5
1.54749e-5
-6.96574e-6
1.24924e-6
-0.00335753
-0.00194858
0.00217456
1.00258e-5
6.32043e-6
8.81564e-6
3.96552e-6
0.00227026
-0.000875853
-0.00114993
0.000958881
-0.000603652
0.000209092
3.10518e-5
-9.87368e-6
1.18396e-6
2.4558e-6
-7.85328e-6
0.000311902
0.000262291
-0.000130338
3.79882e-5
3.38665e-5
-3.32542e-5
8.21912e-6
-2.56219e-6
-2.31062e-7
-0.000151183
5.11524e-5
1.48874e-6
5.43694e-5
-2.17632e-5
3.54735e-5
-5.28119e-5
-6.43531e-5
1.86641e-5
-1.37758e-5
-2.37513e-6
8.33354e-6
-2.12935e-7
-2.49213e-6
7.93492e-7
-8.5678e-7
-1.27297e-5
8.48853e-6
-9.22912e-6
1.01068e-5
-1.4958e-5
-5.54257e-7
3.31798e-6
-6.67651e-6
1.53867e-5
7.47622e-6
2.70129e-6
3.5391e-6
-2.75798e-7
-6.27559e-7
1.02123e-6
2.05982e-6
-5.45977e-6
3.28086e-6
-2.45013e-6
4.934e-6
-9.88495e-7
2.87634e-7
-1.11759e-7
-6.64609e-6
-5.11511e-6
2.95916e-6
1.00517e-6
-6.70919e-7
-3.91824e-7
1.94903e-7
-1.28045e-6
3.92473e-7
-2.1095e-7
1.29073e-6
-7.63486e-6
0.00188023
-0.00151024
-0.00291802
0.000656041
0.00021277
0.00198979
0.00244952
0.00169267
-0.00467386
0.00023155
-0.00607812
0.0106467
-0.0031039
0.00950586
-0.0141767
0.00435819
-0.00909576
0.0112549
-0.00347629
0.00544055
-0.0048693
-0.000405337
-0.00112757
-0.00164459
0.00379752
2.61138e-6
0.000113494
-0.000122024
-0.000528238
0.000372849
-3.40804e-5
5.45238e-5
-0.000935833
0.00240994
-0.00443203
-0.00158304
0.00329925
0.00109779
-0.00198853
1.47076e-5
-9.32212e-5
2.90342e-5
-7.57097e-6
-0.000581962
0.00103231
0.000268623
-0.000459159
5.85299e-5
-0.00035103
6.08261e-5
-9.28129e-6
-0.000111884
0.000180719
4.22619e-5
-6.36354e-5
2.60622e-5
-9.24945e-5
1.45327e-5
-7.86889e-5
-8.47238e-6
-1.52569e-5
2.01984e-5
4.46036e-6
-5.48109e-6
-0.000154588
0.000108215
1.0168e-5
0.000429893
-0.000532997
-3.64297e-6
-4.6843e-6
4.01098e-7
1.28668e-6
-6.45428e-7
1.88227e-7
-7.95668e-7
-0.00178883
2.64918e-7
-0.00209084
0.00242177
-8.01703e-5
0.0028546
-0.00454582
-6.23246e-5
0.00502632
2.78008e-7
-1.11825e-7
-9.9356e-8
-9.32112e-8
5.857e-8
3.55027e-9
5.29341e-8
-0.00485622
0.00678479
-0.00980045
-1.25098e-7
1.94006e-8
-1.80405e-8
0.00652106
-0.00838329
0.0112618
3.75882e-8
-8.44723e-9
-9.50153e-10
-0.00710091
0.00885093
-0.0112259
-3.52219e-8
1.66534e-8
8.14651e-10
0.00609172
-0.00730588
0.00910464
-1.07096e-7
5.934e-8
-1.07197e-8
-0.00415926
0.00395919
-0.00549468
-2.91789e-7
8.55588e-8
-2.86903e-8
0.0023024
0.00214362
-4.56997e-7
-1.79576e-8
-3.60196e-8
-0.00171193
0.00112497
0.00110851
-0.00084615
0.000755486
-1.69276e-6
6.07697e-7
-2.15634e-7
1.35475e-7
-0.000326849
-0.000183759
-2.49511e-7
6.72004e-8
-5.47363e-8
0.00011725
-7.36123e-5
-3.113e-5
1.09406e-6
3.05176e-7
5.27144e-8
2.69104e-8
3.23265e-8
4.89899e-6
-3.57873e-6
-1.90904e-6
1.12904e-6
4.35791e-8
3.63988e-7
-4.08426e-8
-7.80687e-8
7.61726e-7
-2.30674e-8
-5.61299e-7
-9.68852e-7
5.61996e-7
-1.01956e-6
-2.71271e-8
4.22408e-8
-4.73339e-8
-2.15228e-9
1.3135e-7
1.15538e-7
2.94156e-7
-1.49329e-7
2.90916e-7
-2.06795e-8
1.1129e-7
2.7521e-7
-1.04855e-7
4.95853e-8
-3.6114e-7
-3.47161e-8
-4.42903e-7
4.58259e-7
3.228e-9
-2.58934e-8
-3.12555e-8
-1.96981e-8
1.01712e-7
-9.37402e-8
7.98381e-9
-7.05252e-8
-4.70373e-8
1.75248e-8
4.05359e-8
1.2363e-7
1.41038e-7
-4.25003e-8
-1.89026e-7
2.77696e-8
1.26859e-8
5.72712e-9
2.50244e-8
6.69602e-9
-8.27142e-9
-4.09226e-8
-0.000200158
3.77375e-6
0.001015
-0.00290866
0.00340027
-0.00298701
-0.000982895
0.00242772
0.00666158
-0.00835842
-0.0127719
0.0130021
0.0160913
-0.0132878
-0.00982455
0.00520844
0.00122044
0.00384783
0.00518869
-0.0105456
-0.00671553
0.00841728
0.0068476
-0.00751545
1.12428e-5
3.96756e-6
-4.13778e-5
3.28705e-5
-4.72224e-5
8.65347e-5
-0.00525476
0.00675902
0.00301325
-0.00364756
-0.00143504
0.00138305
1.85556e-6
-4.39591e-6
-4.48434e-8
2.24817e-7
0.000608655
-0.00057064
-0.000229429
0.00021846
3.42891e-6
-1.69019e-5
3.61258e-6
-8.91533e-7
7.72381e-5
-7.60192e-5
-2.33471e-5
2.44131e-5
1.57053e-6
-4.98227e-6
1.47197e-6
-6.42881e-7
6.2869e-6
-7.2969e-6
-1.47793e-6
2.33416e-6
1.61868e-5
-1.30315e-5
-1.11711e-6
-3.02714e-5
0.000113583
-6.9094e-7
2.71056e-7
-7.33128e-7
2.72233e-7
-1.22671e-7
2.39991e-7
-1.07745e-7
0.000576071
0.000140972
-0.000118222
-0.00273177
0.0024168
2.84618e-5
2.72724e-8
6.03606e-8
-2.08531e-8
5.10298e-9
-2.46724e-8
0.00139372
-0.00232106
5.33085e-9
3.40087e-9
-0.00291364
0.003624
3.90882e-9
-2.22166e-9
0.00406624
-0.00514712
-4.79334e-10
-5.90171e-10
-0.00452124
0.00565156
5.15311e-10
1.22222e-10
0.00323663
-0.00465756
6.6357e-9
-6.33787e-10
-0.0021148
0.00319053
7.6707e-9
-2.67013e-9
0.0012353
-0.00180953
1.74408e-8
-5.47709e-9
-0.000691418
-0.000664182
3.71702e-8
-3.60803e-8
1.02075e-9
0.000348769
-0.000178095
-0.000125773
0.00023435
2.97853e-9
-8.2705e-9
4.88869e-9
3.528e-5
1.92248e-5
-9.42374e-9
3.41708e-9
1.31839e-9
-6.76168e-6
1.31545e-6
2.58879e-7
7.45502e-7
1.35311e-8
-6.7685e-10
-1.53873e-10
2.13622e-9
3.78797e-7
-2.7974e-7
-2.53764e-7
-7.63332e-8
5.26315e-9
1.43578e-8
-1.33771e-9
-3.12967e-9
9.78404e-8
1.52257e-8
-2.75518e-8
-6.74711e-8
2.28668e-9
-1.8913e-9
-2.28915e-9
-1.1425e-10
-6.79793e-9
1.20857e-8
1.14942e-8
1.30542e-8
-2.34572e-8
-4.17534e-8
3.64876e-8
-7.56042e-10
-4.8668e-11
5.96005e-10
-8.17842e-10
-4.37005e-9
1.83967e-9
1.3427e-10
-1.07549e-8
-2.21107e-9
-5.25089e-9
-6.85435e-9
-9.57951e-10
9.61947e-9
1.27699e-8
2.10313e-8
3.13594e-9
2.98029e-9
-5.39722e-9
-8.96197e-10
2.38298e-9
2.50154e-9
1.29484e-9
2.39583e-9
1.78641e-9
-3.31702e-10
-5.26804e-9
-7.94207e-9
0.000490414
-0.00297091
-0.0034344
0.00816803
-3.58612e-5
-0.00757453
0.0097496
-0.0111152
0.00417354
0.00356256
0.0124414
-0.00582146
-0.00196044
-0.00534301
-0.000636277
0.00207367
0.00173931
0.00707292
0.00292172
-0.00719596
-0.00676681
0.00021425
0.000315353
-0.00121867
0.00374511
-0.00348306
0.00199305
-0.00289111
0.00302599
0.00940985
-0.00947338
-0.00717199
0.00466482
0.00464366
0.00365388
0.00228067
-0.00350163
-0.00454154
-2.21637e-6
-1.72988e-5
2.17927e-5
-0.000104775
0.000125204
8.74121e-6
0.00186332
-0.00127031
-0.00033797
-0.000769452
-0.000511166
0.000725068
0.000367708
1.016e-6
-4.87804e-7
6.29097e-7
4.67544e-6
-0.000199316
0.000341574
8.52885e-5
-0.000127503
1.71389e-7
-9.92077e-7
2.9216e-7
-8.20698e-7
-3.31529e-5
5.13753e-5
1.07177e-5
-1.37121e-5
1.99587e-8
-3.40797e-7
1.91646e-7
1.35743e-7
-3.04795e-6
4.6733e-6
5.3017e-7
-9.56957e-7
-5.79419e-6
4.35545e-6
5.53642e-7
7.11197e-6
-2.01176e-5
7.59808e-7
5.50953e-8
-1.55793e-7
4.85726e-7
-1.36081e-7
-7.6965e-8
4.43445e-8
2.17219e-8
-0.000152349
0.000123369
-3.55536e-5
0.0009574
-0.00136768
1.47184e-5
-1.1906e-8
-5.63783e-9
-2.35832e-8
9.3026e-9
7.79997e-9
2.0196e-9
-0.00089313
0.00240802
-3.67006e-9
-8.43797e-10
-0.00145948
7.15325e-10
-0.00260582
0.00408542
-0.000997975
0.00269286
-0.00517653
0.00108493
0.00347471
-6.99856e-10
1.05899e-10
6.73254e-10
-1.88232e-10
3.47828e-10
1.62059e-11
-2.06433e-10
9.87554e-11
-0.00252541
0.00365539
-0.00356968
5.68081e-11
8.54077e-12
9.23544e-11
0.00176196
-0.00250692
0.00306257
-6.95501e-11
-3.36701e-13
8.60739e-12
-0.00124632
0.00124179
-0.00190705
3.81574e-10
-3.77426e-10
3.04049e-10
0.00071752
0.00115587
1.6932e-9
1.26208e-10
-0.000633752
0.000218833
0.000388875
-0.000715174
1.23146e-9
-3.40655e-10
-7.36831e-10
4.42209e-10
-5.44598e-10
-0.000268913
0.000398933
-6.47944e-10
2.29357e-10
0.000107149
5.82061e-5
4.38307e-10
-6.77443e-10
-2.31361e-5
-1.29553e-5
5.86066e-7
-1.35612e-5
-3.58339e-10
-8.4666e-10
1.07634e-9
-1.90924e-9
-1.57035e-10
1.31643e-6
5.25076e-7
-7.96044e-10
5.14674e-11
-6.7306e-7
-2.70073e-8
1.59401e-7
6.09758e-8
3.99107e-10
-1.89934e-11
2.14681e-9
-1.72218e-9
-3.40119e-9
-8.02358e-10
-7.41936e-9
-6.75404e-8
-1.13765e-8
-2.09371e-8
2.80413e-10
6.55556e-10
5.36092e-10
-2.38421e-10
2.83024e-9
-5.69017e-9
2.19836e-9
-2.5225e-9
-6.18991e-11
-6.55146e-11
-8.71395e-11
-4.36635e-11
-2.61718e-9
-5.43085e-10
1.14937e-9
5.80712e-10
8.14824e-10
-1.81101e-9
1.14019e-9
-1.77722e-10
9.60221e-11
-3.80794e-10
-3.0809e-10
4.0409e-10
-1.22008e-10
2.69833e-10
-1.35367e-9
-9.06902e-10
-4.97355e-10
-8.67404e-10
-5.07171e-10
4.31949e-10
-8.10214e-10
3.28405e-9
9.03325e-10
4.0186e-11
2.22673e-10
-1.57683e-10
9.02724e-11
-3.17628e-11
4.85101e-11
-6.79336e-11
2.59873e-10
1.90588e-10
2.49536e-10
2.6417e-10
2.99702e-10
-5.6461e-11
1.81583e-10
-4.89583e-10
-5.543e-10
-1.38593e-10
2.85458e-11
-2.62945e-11
-4.12441e-11
-8.57462e-11
-1.14077e-10
-4.67672e-11
3.90518e-12
-9.73092e-11
2.13093e-10
-0.00365629
-0.0160038
0.0137668
-0.0157763
0.021188
-0.00838433
0.0100616
0.0042883
-0.00604444
-0.00419754
0.00414841
0.00410512
0.00250608
-0.00283991
-0.000143932
-0.00448892
0.00714271
-0.0078655
0.00716517
-0.00414205
0.0102439
0.00659408
-0.00381254
-0.00322155
0.00106497
0.0016353
0.00088249
-0.0011638
-6.72853e-5
0.000321092
-0.000387031
0.00147996
-0.000471133
0.00109995
-0.000333143
-0.000508044
-0.000339342
0.000408248
3.88852e-6
-4.78842e-6
-9.58132e-6
2.81669e-5
-3.91145e-5
4.60365e-6
-0.000256678
0.000161249
3.92483e-5
8.86048e-5
6.1024e-5
-9.96342e-5
-3.61612e-5
1.55597e-7
8.3236e-8
-5.51504e-7
-9.22264e-7
1.56963e-7
1.51098e-5
1.73873e-6
-1.94793e-5
-3.27038e-6
2.92784e-6
-5.65614e-7
-9.56984e-7
-2.09198e-6
4.70476e-7
-4.4051e-7
1.88206e-6
-1.35003e-6
-2.52475e-6
-5.64434e-7
-1.40101e-5
5.3363e-8
1.72188e-5
-4.28481e-5
-1.17674e-5
4.32946e-8
8.99238e-8
4.31386e-7
-2.41685e-7
-2.4822e-8
-0.000312353
0.000218907
-0.000149687
0.00102111
-0.000814888
0.000192774
-2.00577e-11
-6.12497e-10
5.33659e-9
4.0653e-10
-4.32935e-10
1.20269e-9
-0.00113278
-6.64638e-10
-0.000649065
0.00171673
-0.000894128
0.000669162
-0.00107494
0.00160989
-1.0881e-10
2.84377e-10
-3.36301e-10
1.88007e-11
-2.14613e-10
5.2587e-10
-0.000141804
0.00111469
-1.37303e-10
5.6868e-10
-0.00020791
-0.000777667
-1.20328e-10
2.71986e-10
0.00104408
0.000395745
-2.20084e-10
8.16947e-10
-0.000377697
-0.000135329
0.000218768
9.88925e-5
-0.000182314
-2.66361e-11
1.22552e-10
-3.13123e-10
7.3188e-10
3.20969e-9
-6.8428e-5
0.000160944
2.88024e-11
-1.21637e-10
-2.1747e-5
9.16266e-6
-1.48698e-6
-2.98246e-6
8.04174e-6
2.14346e-9
-2.4341e-9
2.75165e-9
-2.92519e-9
-9.81136e-10
-1.21716e-6
3.32918e-7
-4.14776e-8
-1.16303e-7
1.1363e-7
3.5141e-9
-4.06342e-9
4.67569e-9
-4.58494e-9
-9.41028e-10
3.54468e-8
2.46218e-8
4.88719e-12
-6.88054e-10
3.4563e-9
-1.30018e-8
-5.9458e-9
1.0278e-9
3.94724e-11
4.14839e-12
4.19501e-11
3.64325e-10
-9.26091e-10
2.45026e-9
1.13337e-9
-9.74783e-10
7.30433e-10
-1.63486e-11
6.99455e-12
7.92783e-12
-1.21823e-10
3.95067e-10
1.20432e-10
-1.7633e-10
1.90005e-10
-9.31505e-12
5.6078e-12
-1.95494e-11
1.22653e-11
1.7722e-11
-7.58393e-11
-5.16352e-11
-3.11484e-11
-5.1636e-12
2.44468e-12
-3.38249e-11
-9.86641e-11
1.35587e-10
-3.65399e-12
-2.91051e-12
1.79803e-12
-5.59039e-12
7.67621e-12
-3.4596e-12
5.71189e-12
1.58017e-11
2.99117e-11
1.36177e-11
4.34754e-11
2.91665e-11
6.4476e-12
4.65373e-11
-8.00962e-12
-5.69987e-11
-2.75642e-11
1.7211e-11
7.10846e-12
-9.86116e-13
-1.17244e-11
-1.48434e-11
8.46268e-12
-3.25723e-11
-1.00363e-10
-1.71955e-11
-0.0117074
-0.0112326
0.002516
0.00880673
0.0063266
-0.00555812
-0.00380072
0.0059088
0.000311495
-0.00525812
-0.000119958
0.000172266
-0.00246918
-0.011133
0.0124334
-0.0144478
0.0151805
-0.00899778
0.0132292
0.00191959
-8.65741e-5
-0.00055045
-0.000249789
0.000159735
0.000144913
-7.38999e-5
-3.75917e-5
0.00162129
-0.00133448
0.00541995
-0.00180765
0.000290362
0.000115977
-0.000107202
-0.000119321
8.16825e-5
1.58926e-5
-0.000114244
0.000131544
-0.000369394
0.000143987
-0.000127131
-7.68542e-6
4.57237e-5
4.99398e-5
-5.28305e-5
3.68072e-6
-1.49808e-5
2.68783e-5
4.19548e-5
3.11347e-5
-4.75003e-5
1.46622e-6
-6.91989e-6
1.26178e-5
9.19688e-6
4.02064e-7
-1.23385e-5
5.61575e-7
1.44412e-6
-7.34021e-6
1.56869e-5
9.55547e-6
-3.23754e-7
1.57617e-6
-7.9309e-7
-2.08587e-6
-4.68785e-7
6.14536e-5
-4.6266e-5
4.28914e-5
-0.000263781
-5.27204e-5
9.03574e-9
4.2869e-8
6.81405e-7
4.43983e-8
-1.31203e-8
-0.000787382
0.000579479
-0.000310807
0.00164553
-0.00129681
0.000482138
-8.29645e-9
2.99979e-8
-3.55969e-9
-5.20548e-8
3.24466e-9
-7.2944e-9
-0.00137776
-1.48312e-9
0.000501473
0.000519428
-0.000406367
-0.000507378
-0.00138853
0.00153083
0.00060174
0.00115314
-1.65347e-9
3.0383e-9
-1.63979e-9
5.93189e-9
0.00181729
-0.00171966
-0.00109028
-1.56901e-9
3.75857e-9
-0.00242902
0.00152543
0.00146138
-4.11737e-10
5.22687e-9
0.00214144
-0.000714975
-0.0019875
-4.52517e-9
9.36995e-9
-0.000221351
-0.000189796
0.000257512
5.64314e-5
-6.67006e-5
-5.35065e-10
1.04485e-9
-6.41576e-9
-1.45838e-5
3.55714e-5
8.73886e-10
-6.87667e-10
3.80556e-6
-3.63416e-8
-9.67549e-7
1.35167e-7
-6.4937e-7
3.16891e-9
-2.56894e-9
3.28878e-9
-2.50111e-9
1.91525e-9
5.25407e-7
-1.05983e-7
-3.96454e-8
3.1371e-8
-3.34405e-8
4.9389e-9
-4.43758e-9
5.15367e-9
-4.20378e-9
-1.56271e-9
8.64117e-9
1.53556e-9
1.10295e-10
2.55899e-9
2.38265e-11
3.9483e-10
-9.092e-10
-6.6109e-10
-1.75926e-10
-5.91874e-10
1.21995e-10
-1.60326e-11
-2.12293e-10
1.80979e-11
1.34432e-10
-1.34061e-10
3.34948e-11
-4.89626e-11
5.12768e-11
5.33033e-11
-3.23838e-10
3.76527e-11
1.95172e-11
-2.1913e-12
1.70375e-11
6.69065e-12
6.75092e-12
2.08253e-12
-8.11865e-12
9.93405e-11
-2.0748e-10
-4.33155e-12
-3.73754e-12
3.01239e-13
5.46376e-13
-3.60156e-12
-1.04054e-11
2.48011e-11
-3.44671e-12
-3.63691e-11
-2.27403e-11
-9.97559e-12
-7.98241e-12
-1.80678e-12
7.16913e-13
1.21642e-12
2.29789e-12
2.45277e-12
-1.55895e-12
5.75729e-12
-2.92809e-12
-4.9002e-11
1.45702e-10
1.97181e-10
-3.97093e-11
2.09427e-11
-3.61836e-11
1.43519e-10
-4.19005e-12
3.07406e-12
5.14248e-11
-2.12697e-10
-0.0092186
-0.00845731
0.00660017
0.00752668
0.00433134
-0.000785585
-0.00446929
-0.0100103
0.0147844
-0.0182911
0.0118256
-0.00525467
0.00214508
0.00136262
-0.00231776
-0.000585537
0.000408198
7.98555e-5
-3.99451e-5
-2.3145e-5
0.000516644
0.00244687
-0.00273194
0.00562641
-0.00407688
1.97497e-6
2.26896e-5
1.46684e-5
-2.30306e-6
-6.31664e-6
-3.57553e-5
-0.000238148
0.000169871
-0.00082145
0.000284916
-1.03675e-5
-2.02723e-5
-5.43551e-6
6.75699e-6
-3.9414e-6
-9.0562e-6
-1.75242e-5
7.2651e-5
1.79861e-5
2.35199e-5
-2.85225e-5
-4.69637e-6
-8.48743e-6
2.57439e-5
2.57266e-5
2.02329e-5
-4.19577e-5
-6.47328e-6
-5.59646e-6
1.25749e-5
6.95002e-6
3.10781e-7
-1.26011e-5
-2.08901e-5
1.68021e-5
-7.24387e-6
6.56427e-5
1.34906e-5
-7.25468e-7
3.06706e-6
1.07598e-7
-5.34292e-6
-1.30543e-6
0.000176507
-0.000151446
5.9857e-5
-0.000492053
-8.57783e-5
9.27055e-9
-9.54387e-8
-6.54688e-8
2.57999e-7
1.08943e-7
-0.0010025
0.000994675
-0.000583207
0.000856415
0.00134996
-0.00138649
0.000547756
-3.8033e-8
1.38593e-7
3.36685e-8
-9.34034e-8
2.05892e-7
-0.000578083
-1.43925e-8
1.46883e-8
1.09588e-8
-1.52184e-8
-1.53572e-8
-7.66645e-9
-2.2288e-8
-1.75901e-6
1.17234e-8
-3.99712e-8
-3.28082e-5
-1.36658e-7
-3.56544e-9
-2.95536e-9
5.46364e-6
-5.67932e-6
4.14864e-9
2.35192e-6
-1.29909e-6
-2.37126e-8
8.87293e-9
3.12034e-8
-6.92451e-7
-1.4364e-8
1.97861e-7
2.48584e-9
-2.30497e-10
1.87677e-9
-6.9354e-8
2.68062e-8
2.16992e-9
-5.71058e-9
2.93886e-8
4.28154e-9
-2.4772e-9
3.89237e-9
-2.47634e-9
7.09927e-9
-1.13388e-8
2.29913e-9
8.87296e-10
-9.63005e-10
1.67927e-10
1.38138e-10
-1.52622e-10
1.88892e-10
3.53272e-10
6.11771e-11
4.51426e-10
-1.3836e-10
-4.2262e-10
-9.07787e-11
1.12947e-10
-1.38072e-11
2.41915e-10
2.06871e-10
-1.16556e-9
1.75841e-12
-1.18672e-11
-1.21054e-11
-2.10594e-12
-1.12775e-11
-1.40485e-10
4.62068e-10
-8.58573e-10
4.64871e-12
-1.21622e-12
1.7889e-12
3.54322e-12
4.4247e-13
5.43631e-11
1.41178e-11
5.27192e-11
4.69984e-11
5.22686e-11
-4.93763e-12
-9.69589e-12
6.24049e-12
-3.52833e-12
-9.94703e-12
3.59517e-12
-1.31309e-12
-3.93247e-10
2.19859e-10
-3.55248e-10
-4.33056e-10
-2.6656e-10
-3.49792e-11
-1.03848e-10
4.63376e-11
-1.37401e-11
3.05231e-12
-9.06316e-13
9.98093e-12
-1.62565e-12
-4.80186e-11
-3.28629e-11
1.23868e-9
-2.09788e-10
1.4003e-9
-0.013145
0.00869136
0.0209533
-0.0240262
0.0148751
-0.0257728
0.0284605
0.0251444
-0.0254845
-0.0169671
0.0166138
0.00804413
-0.00765949
-0.00341481
0.00281278
0.00219717
-0.00125682
2.50854e-5
-0.00010509
8.74452e-5
9.91152e-5
0.00205578
0.00322363
-0.00172163
-0.00492412
0.00163337
-0.00145229
-0.000851188
4.67777e-5
-4.50612e-5
-1.08958e-5
2.0441e-6
5.14589e-7
-0.000118642
-8.46263e-5
4.51722e-5
3.71594e-5
-0.000686133
0.000242469
3.95172e-6
-1.3604e-6
-4.55952e-7
-2.5734e-5
-6.44682e-6
3.99212e-5
-5.57398e-6
1.22671e-6
3.64153e-8
-1.13585e-5
1.43135e-6
8.07107e-6
1.29942e-5
2.10675e-5
-3.19102e-5
-7.57943e-6
7.6441e-7
3.89861e-6
3.19346e-5
2.50593e-5
-8.20747e-5
-1.08689e-5
3.25412e-7
2.7419e-6
1.73587e-5
9.22976e-6
-4.35535e-5
-3.88487e-5
3.00913e-5
-3.85633e-6
1.33098e-5
9.01381e-5
3.78042e-6
2.25249e-6
-8.57044e-6
-1.744e-6
7.26454e-6
0.000408849
-0.000228455
4.57003e-5
-0.000155182
-0.000764157
-4.46346e-5
-3.3765e-7
2.05466e-6
-3.16158e-7
1.11322e-6
-2.58186e-6
-5.71759e-7
-0.000212872
-0.000447909
0.000625767
-0.000133409
0.000970718
-0.000305188
-0.000664511
8.72381e-8
-3.86604e-7
-5.09781e-8
9.80075e-8
-1.77769e-7
-0.00168483
0.00128117
1.95932e-8
2.36682e-8
0.00190297
-0.0019484
6.33649e-8
-1.75344e-7
-0.00137902
0.00156309
1.87348e-8
-1.60787e-7
0.000641233
-0.000909834
4.21163e-8
2.93151e-8
-0.000130432
0.000198154
1.15996e-7
-3.80867e-7
-3.42492e-6
2.00792e-6
9.12971e-8
-3.78502e-7
-7.58631e-6
1.13101e-5
-9.67116e-8
-3.66412e-6
6.57947e-6
-8.77734e-8
5.92362e-7
4.42349e-6
1.57149e-6
4.05988e-9
7.04191e-8
7.32443e-8
-3.33928e-7
2.48675e-7
-3.19712e-8
-4.21993e-8
8.96247e-8
5.54285e-9
1.2716e-7
2.82259e-8
-3.59264e-8
-4.34718e-9
-5.69222e-9
3.04529e-9
-6.98896e-9
2.64962e-9
5.54854e-9
1.23915e-9
-1.1334e-8
9.07057e-10
-3.87127e-9
-1.05362e-9
6.2188e-10
4.23342e-10
-2.61629e-10
-3.10564e-10
1.50061e-9
3.933e-10
-2.88096e-9
-9.41218e-11
2.48498e-10
3.94604e-11
9.16928e-10
2.67498e-10
-4.89053e-9
2.38186e-11
-8.34541e-11
-1.54061e-11
-5.8488e-10
1.76671e-9
-2.40103e-9
-2.63022e-12
6.47981e-11
1.57811e-11
-5.65302e-11
-1.52519e-12
-2.23049e-10
7.36699e-11
1.22135e-11
2.79733e-10
-2.6532e-11
-2.99789e-11
2.74752e-11
-1.56896e-11
-5.87853e-11
5.55679e-11
7.67696e-10
1.28056e-9
6.91138e-10
-2.31503e-10
1.98033e-10
-9.09081e-11
-1.08765e-10
-6.30415e-12
-8.74856e-11
4.91944e-12
-1.04157e-11
-3.80668e-11
8.97686e-11
1.18035e-10
-9.49893e-10
-3.72642e-9
4.63654e-10
5.7338e-9
-4.643e-9
-5.21389e-9
-1.28538e-9
1.70973e-10
-8.82306e-12
-3.12582e-12
9.08726e-11
3.35897e-11
-5.87577e-10
9.21835e-10
9.78089e-9
-2.84034e-9
0.0174915
-0.0158965
-0.023211
0.0138416
0.0198004
-0.0110506
-0.0116551
0.00426724
0.00401227
0.0019753
-0.000869042
-0.00177248
0.00028313
0.000704671
-5.78798e-5
-0.000231574
0.00171461
-0.000328411
-0.00522728
0.00905358
-0.00311647
-0.0130061
-0.000175757
0.000190436
2.38553e-5
3.64489e-6
1.84244e-5
-7.10982e-6
0.00076674
-0.000301643
0.000949059
-0.000503992
1.63848e-6
-1.0283e-6
2.87845e-6
-7.68254e-7
-1.58746e-5
-1.74129e-5
6.19074e-6
-7.66826e-5
2.05745e-5
2.99786e-7
9.39359e-7
-3.64324e-6
-3.6413e-6
9.60955e-7
4.26646e-6
-1.69282e-5
8.921e-6
-3.453e-6
-2.07294e-6
8.0819e-7
2.35257e-7
3.40257e-5
0.000116865
-0.000145191
-1.85409e-6
5.18746e-7
9.50591e-8
0.000126926
0.000258828
-0.000302773
-4.97494e-6
2.24698e-7
9.97719e-7
1.80217e-7
2.3324e-5
-5.70166e-5
-2.5841e-5
8.66731e-5
6.3454e-5
2.31181e-5
-2.38089e-5
-9.26602e-6
-8.99968e-6
3.39287e-5
9.20881e-6
-3.15181e-5
-0.000258039
0.000530257
-0.000309967
0.000171298
0.000273418
0.000148871
1.42914e-6
-6.88254e-6
9.42834e-7
-2.70888e-6
5.34174e-6
6.41203e-7
0.000822685
-0.00114853
0.000440583
-0.000512732
-0.00108981
0.00032506
0.00159983
-0.000203101
-2.21279e-7
4.2583e-7
2.24913e-7
5.67294e-7
0.000891506
-0.000124055
-0.00153529
8.61815e-7
-2.95021e-6
-0.000416063
-0.000248874
0.000984419
-1.62909e-7
-7.78098e-7
-1.89606e-5
0.000537684
-0.000372895
4.49085e-7
1.09155e-6
0.000144514
-0.000318325
4.9504e-5
1.60643e-6
-5.57673e-6
-9.10019e-5
0.000107459
3.0189e-5
5.50168e-7
-3.96133e-6
2.44006e-6
-2.75282e-5
-1.01636e-5
-2.15827e-7
2.51263e-6
-1.3222e-6
1.20412e-6
-1.81539e-6
-7.95281e-7
1.92042e-7
9.5555e-7
3.13898e-7
2.87948e-6
-3.6517e-7
6.9786e-8
5.99674e-8
-2.37261e-7
-7.78012e-9
8.21447e-8
4.10639e-8
-2.66803e-7
-2.81174e-8
7.20837e-9
1.74228e-9
-6.56567e-9
-4.08916e-10
1.33852e-8
-3.41796e-10
-3.56407e-9
2.07376e-9
-6.01661e-9
-6.96618e-10
8.54739e-9
-2.73917e-11
3.99733e-10
1.67487e-10
5.07198e-9
1.48063e-8
-2.2531e-8
7.03405e-11
-9.05477e-10
2.04391e-11
-2.94116e-9
1.37446e-8
-1.63767e-8
-2.04024e-10
-1.09514e-10
-3.52223e-11
1.12786e-9
-2.16875e-10
-1.1921e-10
1.02677e-10
1.49762e-9
-1.16983e-9
3.58899e-10
2.00656e-10
-4.01802e-10
8.47922e-10
-3.37854e-9
7.7004e-10
-1.77851e-10
-4.85469e-10
-1.06488e-10
1.37187e-10
-8.23786e-10
5.46895e-10
1.63012e-8
-3.13614e-9
3.12029e-8
1.18906e-8
-2.9805e-9
5.87078e-10
-1.02728e-9
-8.8033e-10
-2.0715e-10
5.94321e-10
2.3615e-10
-9.08815e-10
1.46669e-9
5.06307e-10
-1.05062e-8
-2.38618e-8
-2.21957e-8
7.39272e-8
-1.07294e-7
-1.99292e-8
1.15503e-10
-8.41031e-10
5.66806e-9
-1.706e-8
3.16183e-8
1.00083e-7
-0.00551175
0.00426538
0.0101766
-0.00431137
0.0116845
-0.00656331
-0.0114001
0.00388513
0.0041589
-0.0118929
0.00512211
-0.00168206
0.000640802
-0.000268139
0.000437417
-2.69009e-5
-1.88592e-5
-0.000127698
-0.00010496
0.000155008
0.00141294
-0.000447981
2.29055e-5
-6.61143e-6
3.75619e-5
-1.54802e-5
0.000104009
-3.19824e-5
0.000225213
-8.58804e-5
4.63026e-6
-1.32949e-6
3.65345e-6
-1.66383e-6
-2.02886e-6
-1.42891e-6
1.431e-7
1.81442e-6
-3.9543e-6
-2.22378e-6
4.66033e-6
-2.68679e-5
-4.91282e-6
3.39423e-5
-1.74431e-8
2.03048e-7
-3.65697e-7
-3.60114e-7
-0.000134881
0.000360735
-7.94335e-8
1.24687e-7
-1.9128e-7
1.20081e-7
-0.000191159
0.000851435
-2.02498e-7
-3.92508e-8
7.12652e-8
-6.79794e-8
0.000102952
-5.05736e-5
-0.000262021
0.000727456
7.9673e-6
3.34356e-6
-2.40855e-6
-9.8919e-7
-0.000111949
0.000325017
9.57272e-5
-0.000254695
-9.35686e-5
-6.28936e-5
4.26137e-5
2.3238e-5
2.08615e-5
-5.64777e-5
-9.05778e-6
1.82408e-5
-6.81331e-5
2.56602e-5
6.05495e-5
5.41519e-5
0.000235142
-9.74415e-5
-6.18694e-5
-1.30295e-7
-3.11763e-6
-1.05694e-6
3.13827e-6
-1.99599e-7
-5.68181e-7
-3.41827e-6
6.3798e-6
8.52379e-6
-7.42666e-6
9.59726e-6
2.13417e-5
5.0898e-5
5.60653e-6
-1.56668e-5
1.75436e-5
2.46439e-5
1.27272e-5
-7.30953e-6
8.25898e-6
-4.0029e-6
-3.33176e-5
-7.62805e-7
-8.36204e-6
1.38607e-6
1.61514e-6
-6.51042e-6
-2.69757e-7
1.85761e-6
9.71337e-7
-6.66995e-6
-7.25212e-7
2.06038e-7
3.24881e-8
-1.88383e-7
-4.98686e-8
1.82023e-7
5.8643e-8
-2.65267e-7
-2.73352e-8
2.50622e-9
2.4874e-9
-2.03328e-8
9.71699e-10
2.59692e-8
-6.13697e-9
6.53626e-9
5.77249e-8
-1.28425e-9
5.09665e-9
-3.58998e-10
-4.67193e-10
-3.16763e-9
7.93654e-8
2.40062e-9
3.25887e-9
1.18458e-9
-1.25144e-8
-1.9695e-8
4.30274e-8
1.52851e-9
-1.3779e-8
-5.39359e-9
2.52913e-8
3.72668e-10
-2.44663e-9
1.12223e-9
2.6972e-9
1.5932e-9
-2.39327e-10
4.51405e-9
7.17137e-10
-2.91103e-9
3.68281e-10
-5.92114e-10
-7.87778e-9
3.02647e-9
1.77089e-9
-3.17164e-9
1.32391e-8
-6.31412e-8
1.1883e-8
-2.1075e-9
-5.97575e-9
1.71545e-9
3.34164e-9
-1.06104e-8
1.87174e-9
-2.579e-7
-1.03055e-7
2.90827e-7
2.51307e-7
-4.92887e-8
-6.42528e-9
2.5262e-9
-3.53404e-9
-2.18232e-9
4.22523e-9
-6.39812e-9
-1.1983e-8
9.3422e-8
-4.19356e-7
3.39258e-7
-3.11566e-7
-0.00656915
0.0043387
0.00383999
0.00608576
0.00505665
-0.0172188
-0.013192
0.0285152
0.0292353
-0.0386774
-0.00920296
-0.000610526
0.00315306
0.00293212
-0.00171204
0.00317257
-0.00150116
0.00056749
-0.0039947
0.00135793
0.00643071
-0.0028993
0.000378354
-5.98644e-5
0.000363359
-0.000267548
-9.48554e-5
3.29606e-5
8.81161e-5
4.40992e-6
7.74223e-5
-1.68087e-5
4.43821e-5
-8.60624e-6
1.06899e-5
1.24585e-6
2.92552e-5
-3.51525e-5
2.02183e-6
-3.36879e-7
2.55862e-6
-1.95174e-6
7.05722e-6
6.74798e-5
-1.30722e-6
-3.04919e-5
-5.22759e-6
5.66253e-5
-0.000289929
0.00040717
2.20011e-6
-0.000488875
-0.00157884
0.00176588
-2.84734e-7
-0.00216555
-0.00251726
0.00429134
6.45316e-7
2.86591e-7
-1.78497e-7
-1.20666e-8
-0.000832984
0.00189489
0.000591844
-0.00118399
-1.66707e-5
-7.49622e-6
5.63757e-6
2.10019e-6
0.000131548
-0.000256223
-2.59988e-5
6.98957e-7
-1.181e-6
3.98313e-5
-6.64746e-6
-2.04707e-5
1.90244e-6
-2.1484e-5
8.45475e-6
2.80841e-5
-6.84654e-6
7.19695e-5
0.000126261
-9.73106e-5
-7.18502e-5
-0.000511531
0.00104401
7.98688e-5
0.000110246
9.6992e-6
3.92236e-6
-1.33701e-6
-8.92899e-5
0.00120779
-0.00208037
-0.000527634
-4.98527e-5
0.000211829
-0.00172824
0.00305437
0.00099205
3.26452e-5
-0.000114544
0.00309317
-0.003923
-0.00144767
-2.46409e-5
3.802e-5
-0.000957428
-5.24307e-5
0.000589051
-2.74766e-5
0.000117477
0.000281604
0.000431181
-0.000159233
-5.68529e-5
0.000252721
-0.00016678
0.000209292
-0.000117237
0.000138835
2.93937e-5
3.57894e-5
-3.58343e-6
2.19809e-5
2.75434e-5
-0.000144715
-1.70957e-5
4.90893e-6
1.44325e-6
-5.43182e-6
-1.02331e-6
2.94146e-6
5.29412e-7
-7.63003e-6
-4.08248e-7
5.90479e-8
-8.01026e-8
4.66315e-8
-1.68872e-8
1.12534e-7
2.88069e-7
-4.45221e-7
-4.67459e-8
-2.28772e-7
-1.60262e-8
-8.74389e-8
-2.29784e-7
4.63398e-7
-7.18163e-9
2.22441e-8
-2.37535e-7
2.72647e-7
5.4952e-8
8.52717e-9
-2.87633e-8
3.52417e-8
-1.95464e-8
-1.44088e-8
-6.93145e-9
3.86881e-10
-1.29719e-9
-3.85839e-10
3.1595e-10
-7.89672e-9
1.27223e-7
5.66034e-10
-2.77536e-9
5.54649e-8
1.0973e-8
-5.36572e-8
5.77865e-9
-8.81306e-10
-1.24072e-7
2.93246e-8
3.91526e-9
-2.28253e-8
2.35516e-7
-1.23826e-6
2.24052e-7
-3.38277e-8
-2.01938e-8
4.33875e-8
2.92055e-8
1.77913e-8
-7.42824e-8
-1.57734e-8
1.01568e-8
2.72677e-8
-3.21202e-8
-1.99563e-7
9.37524e-7
1.26011e-6
-4.23088e-6
3.22117e-6
-8.35331e-7
5.74532e-8
-2.4655e-8
-3.96474e-8
-7.2937e-8
7.4644e-7
-4.83121e-6
0.00334642
-0.00254627
-0.00418125
0.000530856
0.00134314
-0.00415973
0.0258416
-0.00999977
-0.0308112
0.0334459
-0.00177284
-0.00167981
-0.0157498
0.0334798
0.00955894
-0.0206859
0.000888788
-0.00508277
-0.000111104
0.000302848
-0.000791272
-0.000822001
0.00158578
-0.00027993
0.000427665
-8.66977e-5
6.62483e-5
-0.000338951
-0.000144402
0.00057623
2.7976e-5
-7.24506e-6
3.0471e-5
-1.28385e-5
-1.86469e-6
-5.24525e-5
0.000246077
-8.5861e-5
0.000156843
-0.000579287
1.35377e-5
4.23719e-5
-8.84085e-5
-2.56574e-5
-1.189e-5
3.28119e-5
-5.18544e-5
3.71865e-5
0.000376614
-0.00117711
8.94713e-7
-3.14006e-6
-4.92586e-6
-1.01893e-6
0.0013192
-0.00519013
4.57845e-8
4.67437e-7
-2.0425e-6
3.5975e-7
0.00273337
-0.00586127
1.03351e-8
5.1804e-9
-4.2594e-7
1.97024e-7
-0.00360176
0.00557995
0.00199507
-0.00270655
-1.62328e-6
-5.07798e-7
3.80002e-7
1.27114e-7
0.000377527
-0.00029954
0.000190042
-0.000808281
5.86721e-6
8.79173e-6
-3.08525e-6
-3.24185e-6
8.9569e-5
-0.000386809
-8.36718e-5
0.00051697
5.46638e-5
-6.30368e-5
1.35897e-5
-1.78681e-5
-5.43978e-5
-0.000115466
-5.15536e-6
-0.000102858
0.000238164
0.000137911
-0.000120783
0.000507009
-0.000455294
-0.000793182
0.000222739
-0.00054037
0.000660452
0.000238585
-7.77714e-5
0.000245366
-0.000653721
-0.000807658
0.000962447
-0.00109936
-0.00120523
0.00252383
-0.000498822
0.00104569
0.000725145
-0.00154515
-0.000214348
0.000592297
-0.000824193
6.01783e-5
-0.000366829
0.000116046
3.36779e-5
-0.000136555
-2.03496e-5
3.00359e-5
2.55517e-5
-0.000173184
-4.31554e-6
1.16439e-6
7.83211e-7
1.09106e-6
-3.20424e-7
1.79534e-6
3.05475e-6
-2.01405e-5
-4.12585e-7
9.61031e-8
-4.28877e-7
-1.1406e-7
-3.37847e-8
-4.18539e-7
2.15934e-7
7.43166e-7
6.10437e-7
7.29305e-8
-8.52693e-8
5.40663e-9
-1.65854e-7
1.7746e-7
-7.77386e-7
1.9624e-9
-5.02366e-8
2.37786e-8
3.131e-8
2.35474e-7
-8.4458e-7
-1.03477e-7
-3.67327e-7
-1.26909e-7
1.12864e-6
5.11039e-8
-1.27375e-7
4.56466e-8
3.94269e-7
2.75323e-7
-1.79904e-6
2.80114e-9
4.95986e-9
9.34554e-9
3.17056e-6
-7.78238e-7
-3.55424e-7
1.44041e-6
4.38034e-9
-1.64844e-8
1.16583e-10
-2.31794e-8
-2.07137e-6
5.94849e-7
9.97506e-8
-7.36207e-7
2.12394e-7
-1.11527e-6
7.19194e-8
-1.34974e-8
1.3743e-6
-7.27157e-8
-2.65678e-7
8.78518e-7
8.7238e-8
1.42459e-5
5.13472e-6
-1.74614e-5
2.65415e-6
-5.2877e-7
-1.76993e-7
3.43996e-7
-1.3129e-7
-6.60385e-8
2.08916e-8
1.95521e-7
-7.47271e-8
-1.2691e-5
1.35017e-5
-2.61166e-5
2.3048e-5
-0.0267529
0.0209915
0.0446149
-0.0237714
-0.036184
0.0174362
0.00490402
0.0072827
0.00272196
-0.00446897
0.00164993
-0.00042303
-0.00252694
0.00092763
0.00712276
-0.013635
0.0538829
-0.0562943
0.0215101
-0.0208737
-0.00500223
0.000404252
-0.00101382
0.00430746
0.00183661
-0.00694846
0.000503024
-0.000150406
0.000363312
2.68924e-5
0.00114254
-0.00330618
0.0016427
-0.00168621
0.00578812
-7.03315e-5
8.50477e-5
-0.000172415
0.00049125
9.03596e-5
-0.000779153
-5.63354e-5
0.000420507
-0.000141817
1.06889e-5
-0.000764511
-9.08704e-5
0.00202278
0.00336319
-0.00602961
1.45771e-5
0.00936722
0.0104574
-0.0149962
1.84198e-6
3.40019e-8
-0.007521
0.0026128
-5.1254e-8
-9.61352e-8
-4.34776e-8
-3.60477e-11
-0.000431234
0.00286331
0.00203356
-0.00655809
1.33198e-6
1.00982e-6
-4.36199e-7
-2.73912e-7
0.00107576
-0.00329129
-0.000990097
0.00320324
7.70353e-6
-5.9834e-7
-2.15185e-6
1.04263e-6
6.93396e-7
-0.000566191
0.00123256
-0.000308144
2.87461e-5
0.000205079
0.00104957
-0.0008805
-0.000672866
-0.00255542
0.0027452
-0.00128137
0.00209815
0.00400097
-0.00183746
-0.00307546
0.00127495
0.000901993
-0.00319231
-0.00231055
0.00270538
-0.00318984
0.000905583
0.00321721
0.00245621
-0.00165874
0.000479952
-0.00018078
0.0003643
-0.00103348
-0.00455826
0.004072
0.0021618
-0.00333971
0.00276115
0.00160255
-0.00155697
0.000784651
-0.000822237
-0.000386054
5.72821e-5
2.95362e-5
1.41139e-5
-7.23159e-5
-9.07878e-6
2.94363e-5
0.000133595
-0.000174471
-1.21989e-6
-4.73757e-7
-5.5259e-6
1.87718e-5
5.75397e-7
2.0046e-6
-1.03996e-6
-2.17677e-5
8.79177e-5
5.25152e-9
-3.30464e-6
6.56022e-6
-1.05815e-7
2.32013e-6
3.67448e-7
1.5898e-7
2.35391e-6
-4.25705e-6
5.20696e-7
-6.27544e-8
4.25654e-7
-9.3618e-7
-4.60562e-6
6.99708e-6
-1.61671e-9
-1.0093e-7
7.64814e-9
-9.95464e-6
-4.75907e-6
1.42496e-5
2.73655e-8
-2.46117e-8
-6.63592e-8
2.67459e-8
-1.86564e-5
5.42125e-6
2.34905e-6
-8.73238e-6
7.29176e-8
-1.89002e-7
3.69372e-8
1.81974e-7
1.05141e-5
-2.86212e-6
-2.02112e-6
4.77792e-6
5.8134e-6
-2.06217e-5
-1.30906e-6
-3.81788e-7
-1.44438e-6
2.1657e-7
2.27858e-7
-7.3248e-7
2.97301e-9
-2.38433e-7
8.92786e-7
-8.7159e-7
-9.09408e-7
1.10146e-6
2.07649e-5
-4.70483e-6
6.88375e-5
-5.09056e-5
1.82653e-5
1.06936e-6
-2.19224e-7
-0.00196096
0.0118286
-0.00715562
0.00440168
-0.0196632
0.0285507
-0.0256553
-0.036358
0.0338326
0.0198021
-0.00588742
0.0104556
0.0188929
0.00623574
-0.011858
0.013397
0.0139137
-0.00435975
-0.00100915
0.0118185
0.0364641
-0.0655807
0.0113588
-0.0192381
-0.00311753
0.00160721
0.000255572
-0.00458195
0.0117382
-0.00887603
-0.00501933
0.00019893
-0.00193976
-0.000560841
0.00177144
-0.000359889
0.0055459
-0.000196384
-0.0010457
0.00175012
-0.00314935
0.00159485
-0.00323697
0.00571586
0.00012701
0.00092815
-0.00209745
0.000997551
-0.000159524
0.00051074
-0.000501071
0.000183883
-0.00511176
0.00638212
-2.03931e-5
5.39327e-5
-5.90452e-5
3.26194e-5
-0.0112606
0.0136888
-1.30354e-6
1.53984e-6
-3.97163e-8
3.53253e-6
0.00947174
-0.00823599
-0.00149194
-0.00183944
2.89089e-7
2.7664e-8
-0.00565548
0.00991006
1.31157e-7
6.3799e-8
-7.45627e-8
-2.18262e-8
1.21519e-7
0.00423122
-0.00839941
0.00351108
-0.00550954
6.6365e-7
-4.87676e-7
2.80638e-7
-1.18333e-6
7.11375e-7
-0.00249323
0.00366977
-0.000174251
-4.07011e-6
9.5254e-5
0.000446262
0.000976943
0.000783816
-0.00079597
0.00023843
-0.000758009
-0.00139927
0.00124238
-0.000114848
-0.00195169
0.00642706
0.00396791
-0.00945047
-0.00166232
0.00736863
0.00166359
-0.00596063
-0.000782691
0.00352444
-0.000150381
0.000331782
0.00436781
-0.00366187
-0.000306592
0.000535409
-0.000315719
-0.00511996
0.00409139
0.00120284
0.00166574
0.00156826
-0.00490011
0.00264286
0.000887962
-0.00277045
0.00148655
0.000795925
-0.00135074
0.000519112
-0.000347923
-0.000231699
0.000178659
2.09021e-5
-6.90235e-6
-1.29397e-5
-0.000152882
0.000127194
-0.000179378
0.000203499
-3.81374e-7
1.37336e-5
-4.2576e-6
2.2596e-5
-6.64229e-5
2.56084e-6
-1.04329e-6
5.47455e-6
-9.49468e-6
1.26816e-6
1.52478e-5
-7.98447e-6
-5.63037e-6
8.36334e-6
-1.92421e-6
2.69588e-6
-2.34515e-7
4.13833e-6
-2.59706e-6
4.30455e-6
7.92617e-7
-3.58967e-6
-3.2378e-6
6.05127e-6
-5.94531e-7
9.78031e-7
1.75396e-5
-3.16713e-5
-1.94345e-5
4.12174e-5
6.8698e-8
5.37217e-7
-1.22899e-7
-4.81839e-5
2.3194e-5
-2.72822e-5
-7.29304e-8
-8.46435e-7
3.10169e-5
1.17388e-5
-2.74737e-5
-2.29719e-7
2.26789e-7
4.85402e-7
-8.9463e-8
1.00492e-5
-2.0644e-5
-8.39508e-6
1.61848e-5
2.57496e-6
-8.26478e-6
-2.67945e-6
-7.98103e-8
-6.9851e-7
-1.37973e-5
4.18894e-6
-9.81687e-6
9.55654e-7
3.27088e-6
-1.01038e-5
-2.94004e-6
-5.45007e-5
-5.17077e-5
7.25709e-5
-1.94421e-5
5.71492e-5
-2.98102e-5
1.39656e-5
5.06098e-6
2.35039e-7
-1.12292e-6
-5.42185e-6
2.89498e-5
-4.15113e-5
-0.0200077
0.0432247
-0.0203649
-0.000422407
0.0232051
-0.0350931
0.0329855
-0.0250415
0.00592368
-0.0175411
0.00567125
0.0189455
0.0265784
-0.0431349
0.0289469
-0.019846
0.0587273
0.0145028
-0.0285333
0.0014402
-0.01929
0.0483296
-0.0302331
-0.00759674
-0.000226114
-0.00880909
0.0153532
-0.00962734
0.0118604
-0.0210602
0.000717275
0.00100194
-0.00630377
0.00699662
0.00425982
0.00504547
-0.00271513
-0.00120163
-0.00289515
0.000441032
-0.00014908
0.00326121
-0.00876105
0.000106066
-7.67625e-5
0.00807513
-0.0114638
1.33233e-5
-1.57606e-5
0.00429363
0.00766854
-9.56516e-7
2.84662e-7
8.04985e-6
1.33274e-6
0.00974576
-0.0170968
-0.0119481
0.0203376
3.08434e-7
-1.43277e-7
0.0144291
0.00613815
-0.0120516
2.77267e-8
-1.07689e-6
3.92274e-6
-0.00454523
-0.00202625
-0.0017803
0.00574996
0.000263168
-5.45159e-6
-0.000297547
0.000801568
2.47111e-5
-0.00406823
0.0103652
-0.0150246
-0.00147409
0.0189768
0.00172993
-0.0156395
-0.00160478
0.0111643
0.000971999
-0.00665604
-0.000368105
0.00383776
-0.000265254
-0.00239653
-0.00227458
0.000955584
-0.00485034
0.00357851
0.00168317
0.00177032
0.00174942
-0.00156104
0.000818403
3.04352e-5
-0.000244671
0.000154752
-9.08977e-5
-4.40664e-6
-6.61694e-5
-9.11839e-6
-1.07363e-5
5.85596e-6
-3.00227e-6
-1.50141e-5
2.98498e-5
-4.34826e-6
-4.47921e-5
4.44517e-5
5.62543e-6
-4.1931e-6
-4.26826e-5
3.48413e-6
3.66136e-6
-4.48172e-6
5.85431e-6
-1.54128e-5
1.65937e-6
-3.46082e-6
-3.2109e-6
1.12187e-5
4.15366e-7
-6.54152e-7
6.06313e-5
-9.25501e-5
-4.79824e-7
2.54626e-7
9.6967e-5
4.94266e-5
-9.52295e-5
3.4308e-7
2.08054e-7
-1.99739e-6
1.63045e-6
8.75947e-5
-4.41408e-5
6.33356e-5
-1.01786e-7
2.08796e-6
-7.36233e-5
2.99249e-5
-3.69004e-5
1.97441e-6
-1.96288e-6
4.15083e-5
-5.22677e-5
1.73311e-5
1.4854e-5
-3.32949e-5
-2.95101e-5
5.04724e-5
-1.1754e-5
7.3597e-6
-4.63671e-6
1.61176e-5
-6.09894e-6
-4.97504e-6
8.46523e-6
-4.25997e-6
-5.52197e-6
1.0436e-5
-1.67269e-5
-0.0525319
0.0834751
-0.0864836
-0.0519835
0.0347652
-0.00145491
-0.0293869
0.0451025
-0.0417515
0.0251606
-0.000331972
-0.0298699
-0.0361981
0.0469834
0.00787978
-0.0091484
0.0257005
-0.0428131
0.0764707
-0.0742476
-0.0788813
0.0586203
-8.53185e-5
-0.0188075
0.0440837
0.0101717
-0.0285858
0.0201112
0.0208269
-0.038817
0.030759
0.0506527
0.00936507
-0.0174941
-0.00732882
0.00997702
-0.00692757
-0.0220742
0.0142559
0.00277239
0.000668079
-0.00810466
0.000861641
0.00352413
0.00454928
0.00937799
-0.0123778
-0.000556062
0.00872444
0.0130749
-0.0148679
0.000161814
4.94068e-5
-0.000722387
-0.0129602
-3.95111e-5
1.4702e-5
0.0220397
-0.0248122
8.3279e-7
-1.32718e-6
-4.74087e-6
1.08756e-6
-3.18725e-7
-0.0153772
0.0211613
-0.0141648
0.013301
1.01322e-7
6.37862e-8
-3.73794e-9
4.2893e-7
2.66543e-7
0.00753198
-0.00672351
-0.00294841
4.02533e-6
0.00392598
-0.00871958
6.55018e-5
-1.97176e-5
9.94369e-6
-0.00011906
0.00037284
-0.00761538
0.0125327
-0.0163747
-0.000871951
0.024624
0.00141774
-0.0273841
-0.00177446
0.0249009
0.00167056
-0.0183387
-0.0011064
0.0111614
0.000342321
-0.00574978
0.000581676
0.00272297
-0.0019981
-0.00200846
-0.0023095
0.00284396
-0.00321721
0.00228073
0.000453547
-0.000794175
0.00114276
-7.10609e-6
-7.24313e-5
0.000388998
-0.000481905
-0.000340811
0.000520003
-1.10224e-5
1.40292e-5
0.000162537
-0.000280435
0.000111978
1.65826e-5
7.32302e-6
-7.75659e-6
4.54097e-6
5.73136e-7
-8.80891e-7
2.24233e-5
-0.000105986
0.000128357
-9.43594e-5
-1.18755e-6
-4.1092e-7
0.000135505
-1.08991e-6
1.36132e-6
-6.58103e-6
1.29217e-6
1.26897e-5
-5.02342e-7
-1.42137e-6
9.87852e-7
-0.00011895
0.000223198
1.16833e-7
-2.88911e-6
2.47817e-6
-0.000169639
0.000147357
1.29175e-6
-1.5828e-6
-0.000128565
-6.3172e-5
0.000106935
-2.12835e-6
2.66776e-6
3.10987e-6
-2.32094e-6
-8.99355e-5
0.000107787
5.81729e-5
-9.57999e-5
2.16726e-6
-3.62079e-6
-8.07543e-6
5.79515e-6
-5.1504e-6
8.17839e-5
-5.61915e-5
7.8957e-5
4.38916e-5
-7.20371e-5
3.62263e-6
3.11443e-6
1.59411e-6
-2.58605e-6
3.38199e-7
1.20651e-5
3.95204e-5
-2.33795e-5
6.18884e-7
1.72762e-5
-2.4448e-5
2.13052e-5
-1.31755e-5
7.37551e-6
-5.99478e-6
4.47714e-6
0.0648277
-0.114201
-0.0344987
-0.00107655
0.035243
-0.0535876
0.0496261
-0.0291325
0.00329131
0.01741
-0.032058
-0.0295833
0.137709
-0.106658
0.084626
0.0823744
-0.167525
-0.138205
0.169582
0.0718532
-0.0389406
-0.0622537
0.0471166
-0.0356432
0.0253603
-0.0161181
0.00938989
0.0260831
-0.0186
-0.00358711
-0.00184271
-0.00764562
0.00551631
-0.00783839
0.00573253
0.0108612
-0.00652772
0.00764653
-0.00878001
0.0110369
-0.00358056
0.00644072
-0.00464825
0.00246943
-0.0115968
0.00987659
-0.000839563
0.00203552
-0.00142807
0.000629101
0.000223684
0.00698636
-0.00341549
-0.00746622
0.0166755
-4.68713e-5
6.30027e-6
-0.0219556
0.022684
1.12084e-6
-1.2626e-6
-4.19116e-8
-0.0188687
0.0126674
-0.00795526
-2.39852e-7
5.22858e-7
-2.1414e-6
0.00148581
0.00748506
0.00726962
-0.0138277
-1.13096e-5
7.73746e-5
-0.000257312
-0.0162376
0.0191936
0.000660118
-0.0262933
-0.00119468
0.0315292
0.00160279
-0.0307957
-0.00162101
0.0245401
0.00116926
-0.015857
-0.000447724
0.00832421
-0.000296869
-0.00360789
0.00084207
0.00144032
-0.000737963
-0.00052357
-0.000570071
-0.000238027
0.00206637
-0.00158979
9.02998e-6
-1.07975e-6
-1.05758e-5
0.000671477
-0.000146087
-0.000175827
-9.77219e-7
5.38388e-7
-2.12578e-6
0.000395223
-0.000481443
0.000480777
2.18977e-7
3.97596e-7
-0.000514416
-0.000199375
0.000527195
-9.3724e-7
1.33492e-6
6.89992e-7
-6.38358e-7
0.000102903
-0.000276558
-7.41986e-5
0.000105204
-9.8357e-5
0.000260473
3.23357e-6
-2.06822e-6
0.000482748
-0.000617315
-0.000335094
0.000415598
3.32865e-6
5.44361e-6
-4.52556e-6
-0.000236295
0.000226582
-0.000182349
-3.32681e-6
3.85889e-6
-6.21903e-6
0.000148213
-0.000122902
-5.5724e-6
4.15196e-6
0.000108696
-0.000115631
0.000124706
2.03314e-5
-1.12962e-5
7.78344e-6
-0.000143428
0.000165795
-7.91337e-5
0.00010208
-5.33853e-6
4.80816e-5
-3.88145e-5
-4.78231e-5
1.69097e-5
1.18097e-5
-3.47001e-5
4.46628e-5
-4.11924e-5
3.05259e-5
-2.01003e-5
1.2994e-5
-1.22247e-5
0.14653
-0.228172
0.18269
0.0943777
-0.0641285
0.0290839
0.00495365
-0.0365036
0.054277
-0.0502563
0.027783
0.00243703
-0.034274
0.0620731
0.132124
-0.159617
-0.134681
0.1284
-0.133522
-0.18872
0.121499
-0.0912613
0.084933
-0.0629338
0.0422869
0.0624346
-0.0447017
0.0326066
-0.029449
0.0203197
-0.0127187
-0.0232191
0.0155594
0.00600589
-0.000370534
-0.0106797
0.00873789
-0.00560734
-0.0049551
0.00793412
-0.00869876
0.00315328
-0.0018889
0.00786984
-0.00518183
0.000981545
-0.000444013
-0.00021086
8.95407e-6
0.00595414
-0.0110806
8.06046e-5
-2.68842e-5
0.0148185
-0.0149946
6.8584e-6
-1.00121e-6
5.53098e-7
0.0119414
-0.00720606
0.00210806
-1.41753e-7
-1.4361e-7
3.74726e-8
0.0036074
-0.0124189
0.0151031
-1.47972e-5
6.71092e-6
-5.20223e-6
4.6327e-5
-6.65351e-5
0.0153243
-0.0226142
0.0134025
0.000193427
-0.017052
-0.000452907
0.0224676
0.000860827
-0.0282849
-0.00125077
0.0302104
0.00136609
-0.026363
-0.00106768
0.018539
0.000468052
-0.0103887
0.000180992
0.00461403
-0.000703552
-0.00170179
0.000950068
0.000504221
0.00191652
-0.00222724
0.000485632
-0.000384332
-0.00173351
0.00160755
-0.00154413
0.000766266
4.69011e-7
-5.14168e-6
5.27915e-5
-0.0003007
-0.000156692
0.000577637
2.58376e-8
-3.28811e-7
4.72573e-7
-0.000905351
0.00105184
-0.000992016
-3.56716e-8
-1.00242e-7
0.000868088
-0.000730442
-1.64209e-6
-7.33737e-7
2.79506e-7
0.000440946
-0.000123252
-0.000182139
-6.49457e-6
3.60379e-6
0.000491457
-0.000556616
-1.19576e-5
9.27866e-6
0.000354451
-0.000240022
0.000176016
5.51841e-6
-4.73293e-6
8.81664e-6
-0.000133869
0.000109269
7.85956e-6
-6.573e-6
-0.000101892
0.000116202
-0.000136119
-1.85056e-5
1.29206e-5
-9.75704e-6
0.000196216
-0.000182471
-0.000139203
0.000216148
-3.91115e-5
3.85492e-5
3.77001e-5
-3.84098e-5
2.45344e-5
-8.15785e-5
4.02974e-5
-3.87372e-6
-2.5379e-5
4.80136e-5
-5.79234e-5
5.39013e-5
-4.17216e-5
2.98614e-5
-2.426e-5
2.34503e-5
-4.86314e-5
-0.0493485
0.185325
-0.187967
0.0348737
-0.0166205
-0.00743007
0.0311456
-0.0452737
0.0417821
-0.0214557
-0.00637978
0.0338238
-0.0734997
0.100819
-0.115216
0.0944881
0.234377
-0.190246
0.0995286
-0.0712604
0.0552232
-0.0399813
-0.0546529
0.0364251
-0.0243545
0.0294961
-0.0212754
0.0139465
0.0161162
-0.0102719
-0.00762792
0.00212127
0.00859351
-0.0101395
0.00472638
0.00347681
-0.0063758
0.00633674
-0.00189744
0.00159628
-0.00478902
0.00235186
-0.000744087
0.000637655
7.24438e-5
0.00105888
-0.00327967
0.00511416
-4.7043e-5
2.13706e-5
-0.00677864
0.00695839
-8.02669e-6
2.29337e-6
-2.60799e-7
-0.00508296
0.00166429
0.00341831
2.04104e-7
-4.26482e-7
6.14115e-7
-0.0117101
0.0168466
-0.0155725
3.02208e-7
-5.0711e-5
4.57488e-5
0.0164286
-0.00510239
-0.00011542
0.00530495
0.00027394
-0.0122839
-0.000540093
0.0187664
0.000832851
-0.0228782
-0.000973679
0.0224073
0.000812524
-0.0174779
-0.000381044
0.0107796
-0.000124598
-0.00511126
0.000537159
0.00177496
-0.000998795
-0.000415301
0.00135179
7.63126e-5
-0.00139375
0.000985355
-0.000394153
-2.31455e-6
1.40712e-5
-3.97941e-5
-6.30312e-5
0.000466638
-0.000961605
1.15098e-7
-2.27858e-7
9.2323e-7
0.00133061
-0.00145095
0.00132434
-1.06475e-8
-9.37337e-9
-0.000935007
0.000779214
2.22383e-6
4.15881e-7
-5.75991e-8
-0.000421928
5.20075e-5
0.000111086
1.24075e-5
-5.96223e-6
-0.000434227
0.000765212
2.78666e-5
-1.7829e-5
-0.000415751
0.00020144
-0.000126065
-7.44746e-6
3.83709e-6
-1.68568e-5
9.33054e-5
-7.96097e-5
-9.16804e-6
8.15309e-6
7.99185e-5
-0.000116136
0.000204268
1.71525e-5
-1.30199e-5
1.06573e-5
-0.000244019
0.000189054
-0.000174968
-3.37699e-5
2.74529e-5
-2.13008e-5
3.08512e-5
1.78453e-6
-1.61027e-5
3.33669e-5
-4.81053e-5
5.31201e-5
-4.7731e-5
3.67408e-5
-2.65167e-5
2.12663e-5
-2.4604e-5
3.06778e-5
-0.0374211
-0.049531
0.0657887
0.0156289
0.00517475
-0.0211911
0.0304944
-0.027917
0.0125641
0.00910769
-0.0255501
0.0501607
0.0539316
-0.053614
-0.0514267
0.000333947
0.0601056
-0.0393071
0.048101
-0.0456019
0.0308095
0.02771
-0.0242411
0.0141661
-0.0229211
0.0175553
-0.0114813
-0.0103072
0.00518642
0.00566518
-0.000346639
-0.00372153
0.00701198
-0.00397991
-0.00274222
0.00572035
-0.00425335
0.0019479
-0.000839918
0.00266779
-0.00105727
0.00067506
-0.00059048
5.69933e-5
-0.000456304
0.000844653
-0.00132538
-5.24301e-6
-3.51437e-6
0.00227695
-0.00236427
4.29127e-6
-4.12155e-6
5.02167e-7
0.00173325
-0.000111468
-0.00167394
-5.25893e-7
-1.17593e-6
3.80978e-6
0.00320783
0.0011162
2.49662e-5
-0.000153852
1.64151e-5
-0.000102876
0.000106248
0.00775867
-0.0157477
-0.000156704
0.00180367
0.000299043
-0.00694277
-0.000473651
0.0120674
0.000579899
-0.0144295
-0.000507042
0.0129576
0.000236967
-0.00892901
0.000111059
0.00482339
-0.00034731
-0.00184211
0.000625663
0.000482248
-0.000598381
0.000615444
-0.00044101
-2.07907e-5
-2.68437e-6
-4.3579e-6
6.46572e-5
0.000373818
-0.000554772
0.00104632
4.69657e-8
-5.14831e-8
3.67007e-7
-0.00131972
0.00124047
-0.000831058
3.93999e-8
-1.69109e-8
0.000246175
-0.00027221
-1.82403e-6
2.62844e-7
-1.21286e-7
-0.000185142
0.000116211
-0.000388846
-1.99743e-5
7.77119e-6
0.000467236
-0.000647136
-5.24112e-5
3.36377e-5
0.000155491
-7.17929e-5
7.20581e-5
1.20395e-5
-2.5901e-5
4.99663e-5
-5.43195e-5
5.3306e-5
9.04544e-6
-9.25747e-6
-4.20563e-5
4.63695e-5
-6.484e-5
-1.51779e-5
1.07882e-5
-9.4133e-6
2.81597e-8
3.12893e-5
-1.47233e-5
1.51176e-5
3.91502e-5
-3.15506e-5
2.47658e-5
-3.00373e-5
3.36092e-5
-2.87301e-5
2.03978e-5
-1.25802e-5
9.77683e-6
-9.66278e-6
1.26183e-5
-1.37386e-5
1.53151e-5
-0.0109361
0.026439
0.0158599
-0.0451688
0.0150373
-0.00362107
-0.00515162
0.0122458
-0.0167573
0.0147747
-0.00559182
-0.00613509
0.0219194
-0.0303383
0.0351224
0.0367016
-0.0260254
0.0115042
-0.0240076
0.0131518
-0.025609
0.0168059
-0.0255108
0.028613
-0.0172097
-0.0100792
0.0126892
-0.00990462
0.0113562
-0.0115206
0.00779995
0.00985317
-0.00967967
-0.0040172
0.00111761
-0.000891113
0.00759403
-0.00228544
8.66409e-5
0.00122092
-0.000844265
-0.000588457
-0.000598517
0.000751287
-0.00055946
5.0561e-5
-1.84751e-5
0.000261391
-0.000155429
0.00116342
-0.000915509
6.68269e-5
-2.17126e-5
-0.00123522
0.00101168
3.37083e-6
6.53665e-6
-4.42605e-7
-0.000720801
0.000184666
-0.000150546
3.1002e-6
1.51242e-6
-1.91282e-6
0.000634115
-0.0110056
1.0623e-5
-2.24414e-5
-0.0114063
0.0188481
0.00692678
0.00129568
-6.65812e-6
0.000123966
-0.000125012
0.0182774
-0.0126359
8.94995e-5
0.00489182
-0.000157507
-0.00540086
0.000233658
-0.00140844
-0.000289825
0.00597711
0.000255915
-0.00702445
-0.000116738
0.00576173
-6.105e-5
-0.00305665
0.000264356
0.00088834
-0.00036119
-0.00014434
0.000373185
-0.000209835
0.000357092
-9.87025e-5
-1.12402e-5
-6.53911e-5
3.99426e-6
-1.23754e-5
5.99913e-5
0.000190315
2.29897e-7
-0.000378863
0.000538813
-0.000721179
-3.38419e-9
5.34218e-8
3.28817e-10
0.000884814
-0.000620794
3.9648e-5
1.15774e-8
-5.41219e-9
0.000578906
-0.000852672
0.000259794
-4.5688e-8
7.9156e-9
0.000811033
-0.000799309
0.000346429
-7.27932e-7
0.000435523
-0.000321174
0.000227297
-1.70625e-7
-0.000215258
0.000180675
-0.000111755
-7.31762e-6
7.35902e-6
1.1255e-6
-3.79634e-6
5.69896e-5
-3.54023e-5
-6.73656e-6
6.93031e-6
1.67056e-5
-1.3245e-5
2.13336e-5
1.00709e-5
-7.01688e-6
5.48333e-6
1.27471e-5
5.42681e-6
-2.1389e-5
3.27797e-6
-1.94201e-5
-3.73384e-5
9.77208e-6
7.76908e-6
-6.82095e-6
5.67095e-6
-8.63475e-6
2.87649e-5
-1.99613e-5
2.11721e-5
-1.28616e-5
-7.22704e-6
1.81327e-5
-2.20681e-5
1.2389e-5
-6.46313e-6
-2.42622e-6
0.0163568
0.006861
-0.0195081
0.0033075
-0.00553476
0.00759743
-0.0061562
0.00158639
0.00574694
-0.0102826
-0.0113929
0.00650455
0.00795628
0.00342962
0.0135462
-0.00798581
-0.00611602
-0.0109427
0.00700001
0.00636192
-0.000417638
-0.0027712
0.00652272
-0.00469136
-0.00438704
0.000900456
0.00170395
0.00244024
-0.00102352
-0.00243583
-0.00389907
0.0024022
0.000440578
0.00116989
-0.00046589
-0.00110259
0.000829946
-0.000216643
0.00028622
0.000342993
-0.000136899
-0.000556959
0.000538011
-0.000239632
0.000170773
0.000360208
-0.000154959
-0.000276401
0.000211242
0.000279582
-8.97574e-5
-9.36805e-5
3.65766e-5
-0.000112997
-1.64358e-5
2.46569e-5
2.2151e-5
-1.87894e-5
-0.000381977
-3.36965e-6
0.00232302
-1.0146e-5
1.02368e-5
-2.06609e-5
-0.0494695
0.0243955
-5.92458e-5
-0.0264825
-3.29681e-5
0.000134627
-8.99883e-5
-0.015672
0.0433366
0.000120233
0.0241848
-0.000106914
-0.00663086
0.000125889
-8.29189e-5
-0.000104354
0.00218535
4.0852e-5
-0.00235646
5.99905e-5
0.00111017
-0.000119849
-0.000228082
6.09122e-5
-0.000111067
3.54533e-5
0.000103835
1.69492e-6
-6.60256e-8
-8.24639e-5
-0.000152784
0.000180973
-0.00019134
5.6553e-5
-0.000274622
-1.795e-7
-3.3322e-7
-4.8667e-6
0.000564554
-1.07079e-9
7.38975e-9
-0.00121328
0.00107728
2.66105e-8
1.6441e-9
-0.00104213
0.000718539
3.20114e-7
-2.46237e-8
-3.3293e-8
-2.79033e-8
-0.000422175
0.000246702
2.95233e-7
-2.28538e-7
-6.69817e-8
7.04989e-8
-0.00013643
0.000137657
0.000138519
2.32507e-7
7.00574e-8
-1.60547e-7
-4.97081e-5
2.94055e-6
3.94553e-6
-2.8029e-6
-1.0209e-6
-4.11099e-6
2.94351e-6
-7.59519e-6
3.0104e-6
-2.98991e-6
3.91017e-6
-3.27125e-5
6.64152e-5
3.83949e-5
2.3502e-6
-2.54277e-6
2.96723e-6
-4.1039e-6
-6.98012e-5
2.68303e-5
-2.10372e-5
-5.31482e-6
5.21328e-5
-5.87159e-5
4.73272e-5
-4.0555e-5
1.77863e-5
2.30547e-6
-2.9856e-6
0.0102776
-0.0273999
0.00888605
-0.00293677
7.65824e-5
0.00208916
-0.00266973
0.00160474
0.00118745
-0.00291206
-0.000569505
0.000198017
-0.00243618
0.000715037
-0.000621158
0.000166574
-0.00662478
0.00451274
-0.00103014
0.0182771
-0.00181582
0.00277194
-0.00339135
-0.00256647
0.00207747
0.0024024
-0.00042981
8.35817e-5
0.00040202
-0.000792453
-0.00229502
0.00291852
0.00272557
-0.00160014
-0.000363517
0.000631699
-0.00142074
0.000738105
0.000650838
0.000354439
-0.000500365
-0.000405995
0.000231195
0.000300412
-0.000291177
-0.00010228
4.45426e-5
0.000230001
-0.000238505
-3.72034e-5
2.73146e-5
0.000165957
-0.000118342
-2.49232e-5
6.86981e-5
-3.37572e-5
4.79775e-5
-1.09305e-5
-4.86511e-5
2.69452e-5
1.37402e-5
-0.000132259
0.000103974
-2.40895e-5
2.46645e-5
-1.64298e-5
1.86583e-5
0.000271912
-0.00024041
-0.000597569
-0.00390497
0.00429719
7.23628e-6
-1.29947e-5
1.58784e-5
-0.0144822
0.0296667
-3.74313e-5
6.71976e-5
0.0895734
-0.0777891
-0.0322309
-4.54943e-5
-0.0316862
-1.02637e-5
8.2028e-5
-0.000107793
-0.0362418
0.0320143
4.23893e-5
0.00441181
-4.32359e-5
-0.00173832
2.86559e-5
0.000722143
6.19486e-6
0.000265736
-3.04996e-5
-0.000205739
-6.79152e-7
6.71464e-7
-3.28657e-6
-1.07444e-5
3.29195e-5
1.67161e-5
8.92682e-6
-1.70146e-5
1.46245e-6
1.53929e-5
-7.40843e-5
3.85648e-6
7.98739e-5
-3.56727e-5
8.94895e-5
2.37884e-5
8.59461e-7
-1.33628e-6
2.96497e-7
-1.29483e-6
-1.77847e-6
7.83048e-5
-0.000362437
0.00027739
0.000682033
-0.000680947
-7.01101e-9
-7.48102e-8
-4.03822e-8
2.00069e-7
0.000919441
-0.000778937
-2.49068e-9
-1.06052e-8
0.000499918
-0.000346767
-4.50737e-9
1.07195e-8
0.0001166
-7.14432e-5
-7.35453e-9
-1.1184e-9
3.02593e-6
-1.04033e-5
-4.27497e-7
1.37503e-7
1.00253e-5
1.44707e-6
-1.76871e-6
4.87001e-7
5.96322e-7
-2.78648e-6
-5.03912e-7
2.51425e-6
1.95402e-6
-1.44173e-6
9.81236e-7
-2.07624e-6
7.06472e-7
6.35582e-7
-5.99054e-6
6.14684e-6
1.96071e-5
-1.23524e-6
-1.58981e-6
1.07199e-6
-1.29031e-6
-4.06828e-5
-0.000124358
0.000106326
4.61712e-5
4.63526e-5
-6.40168e-7
-2.94986e-7
-8.87106e-7
1.38518e-6
-2.78046e-5
2.50491e-5
4.06074e-5
-9.99829e-5
0.000123888
-8.80178e-5
5.43634e-5
2.01296e-5
-1.19415e-5
0.00474491
-0.0190369
0.000976496
-0.00327918
0.00184397
-0.00131156
-0.000915366
-0.00106246
0.000502618
0.000850986
-0.000151048
9.18035e-5
-0.000115741
-0.00636871
0.00665948
0.00934001
-0.00038022
0.000758078
0.000896831
-0.000422457
-0.000456984
4.9855e-5
0.000209222
-0.00080736
0.000261484
0.000509114
-0.000189544
9.30426e-5
-8.26396e-5
9.1728e-5
-0.000238275
-0.000344841
0.000105716
-3.13698e-5
-8.65853e-5
0.000241799
-5.84973e-5
2.30365e-6
-3.90774e-5
-5.88451e-5
1.27136e-6
6.33137e-5
-7.68159e-5
-5.03962e-5
2.08102e-6
7.33236e-5
-6.6895e-5
-6.1531e-5
7.02112e-5
-6.33823e-6
1.07161e-5
4.63682e-5
-5.12969e-5
-5.85514e-5
1.9713e-5
-1.74851e-5
3.03403e-5
-1.36648e-5
-1.11797e-5
2.95387e-6
2.82588e-5
-1.41415e-6
1.94893e-6
-0.000505976
1.83572e-6
-0.00127304
2.38232e-6
-1.3207e-5
1.06966e-5
0.0295707
-0.0305955
-1.1372e-5
4.64828e-5
0.0911646
-0.0493151
-0.0304705
-3.35262e-5
2.00073e-5
-0.00393175
2.26957e-6
-2.50902e-5
3.11742e-5
0.00566678
-0.00633832
-1.53343e-5
-0.00267448
4.57416e-6
-9.81579e-6
9.45258e-6
-5.82697e-7
4.51191e-7
6.59522e-6
-8.55132e-7
-6.24978e-5
-9.92097e-5
6.13135e-5
1.13348e-5
-1.51834e-5
4.38947e-5
6.59777e-6
-1.64316e-5
-1.0198e-5
8.43098e-5
-0.000101672
3.96724e-6
3.29549e-6
0.000296444
-0.000527764
-1.96764e-7
-7.99327e-7
0.000703089
-0.000788657
-0.000476723
0.000489889
-5.02807e-9
6.20915e-8
3.23835e-8
-8.46672e-8
0.000391918
-0.000376156
0.00024689
1.56067e-9
0.000175141
-0.000125641
9.76517e-5
4.15625e-10
1.7883e-5
-7.52076e-6
1.47682e-5
-1.85391e-8
-4.20551e-6
2.10301e-6
-3.88302e-7
-5.992e-7
-1.05614e-7
-6.11282e-7
-3.60805e-7
1.51446e-7
7.12094e-8
1.02958e-7
-1.70093e-8
5.37247e-7
8.76139e-7
1.5036e-6
-1.77036e-7
3.56999e-7
-6.60106e-7
4.22002e-5
-4.06978e-5
-0.000122936
6.60209e-5
3.56069e-5
-4.50663e-7
3.3623e-6
-1.08707e-5
-5.19809e-7
6.34951e-7
-2.95065e-7
4.7972e-7
-1.69138e-5
-0.000210655
0.000259467
-0.000166423
-9.01679e-5
9.21438e-5
-6.09352e-5
-0.000428391
-0.000273462
9.68791e-5
-0.000466925
0.000652737
9.34963e-5
-1.50741e-5
-7.14455e-5
-0.000187281
-0.00153166
0.00015256
-0.00161594
-0.0032792
0.00240991
0.000398031
-0.000158348
7.72629e-5
-6.92327e-5
0.000160557
-1.80824e-6
3.42863e-6
0.000113664
1.60622e-5
-6.02673e-5
1.30944e-5
-3.56105e-5
0.000484486
-5.82247e-5
3.32679e-6
-0.000137988
2.78526e-5
-8.88263e-6
1.15145e-5
5.41141e-5
-6.01296e-6
-1.83326e-5
2.88044e-5
1.41218e-5
-1.20263e-5
-1.15182e-8
-5.8751e-5
1.90508e-5
3.22895e-6
2.94469e-6
1.34126e-5
-6.61573e-6
-4.6828e-6
-7.92525e-7
-1.33897e-5
2.35772e-5
1.84677e-7
6.07847e-7
3.10009e-7
-4.389e-7
-2.34898e-5
2.52873e-5
-9.07566e-7
7.89749e-7
8.10224e-6
-1.69422e-6
-1.96775e-5
2.45268e-5
2.28564e-6
-1.5445e-5
7.33733e-6
1.06772e-6
-2.86331e-5
6.68959e-6
-3.51368e-6
0.00016474
-2.02759e-5
8.39971e-7
-1.04596e-6
6.9289e-5
-0.000542616
-2.14817e-7
-6.04004e-7
0.00738133
-0.00221106
3.74746e-6
0.00699228
-1.35703e-6
-3.42864e-6
4.28474e-6
0.0244711
-0.0145925
-5.12197e-6
1.79403e-5
0.0240456
-0.0131081
7.9259e-7
-1.59426e-5
0.0113219
-0.0162288
0.000442865
0.00455892
9.6578e-6
-7.52434e-6
0.00402523
2.62546e-6
-3.77867e-7
-5.15696e-7
3.95014e-7
-1.74769e-6
-0.000178306
-0.000607335
0.000176687
-3.02299e-5
0.000491843
0.000394265
0.0024689
1.96669e-6
-0.000331999
-3.16943e-6
0.000208123
-9.09462e-7
1.54714e-6
-8.86524e-6
1.24469e-5
2.48278e-5
-4.97724e-5
-9.72635e-6
-3.19833e-6
1.96213e-5
-2.3704e-5
0.000100427
-0.000187277
-0.000146934
0.00030548
1.24251e-6
2.97309e-6
-5.19332e-6
-9.50547e-6
-0.000379201
0.000196515
2.69891e-8
3.01659e-7
-0.000137118
0.000117441
8.87469e-10
-1.64668e-8
5.18636e-9
1.02899e-8
-3.5253e-5
3.10539e-5
3.01658e-9
-3.70214e-9
-2.35418e-9
5.75537e-9
1.24112e-5
2.67508e-7
9.99344e-9
1.76202e-11
1.77726e-9
4.51655e-10
1.87546e-6
-1.08306e-6
-8.65527e-7
-4.82663e-8
-4.41906e-8
1.81397e-8
2.10386e-7
-1.15382e-8
2.06684e-8
5.72535e-8
-2.45857e-7
-1.41296e-7
-1.39785e-7
-1.07516e-7
-7.04049e-8
1.16757e-7
7.09798e-7
3.1549e-6
-9.87433e-6
-1.00663e-5
-2.04912e-7
6.04602e-7
8.34829e-7
-3.8817e-7
1.93615e-5
-3.23054e-5
-1.60785e-5
1.0383e-5
-1.21637e-6
-1.10113e-7
3.95734e-5
0.000220515
-6.03914e-5
7.78736e-5
-9.7826e-6
4.07636e-5
-9.97738e-7
2.3572e-6
3.5239e-7
-8.45024e-8
-0.000210951
0.000189318
-7.69815e-5
6.92189e-5
-1.46304e-5
0.000527944
4.03734e-5
0.000763204
-0.00106498
1.28447e-5
-7.18477e-5
4.32714e-5
-1.38027e-5
-4.98476e-6
2.63448e-5
-2.66229e-5
2.92058e-5
-1.48957e-5
-3.77515e-5
-6.31891e-6
4.69733e-6
-8.47047e-5
1.37892e-5
-6.88885e-5
0.000159813
-2.59549e-6
1.42401e-6
-2.19817e-6
5.13556e-7
-2.23493e-6
-5.07567e-8
-3.1155e-6
2.10348e-5
-1.32007e-6
6.29681e-7
-8.55061e-7
1.29581e-6
4.46793e-7
7.84299e-7
3.438e-6
-8.78602e-7
-4.87784e-7
-1.80132e-7
1.53481e-6
-1.68107e-6
-1.53515e-6
3.10043e-6
3.33623e-6
-6.94338e-8
-5.52388e-6
7.71634e-6
4.51904e-6
-1.19363e-7
-6.86117e-6
7.06103e-6
4.14769e-6
-8.59747e-6
6.86199e-7
-1.72343e-6
-3.34524e-6
3.38889e-6
6.33056e-6
-1.07378e-6
-2.61671e-6
1.41375e-6
6.60764e-6
-5.17699e-5
9.38063e-7
-5.55301e-7
0.000379519
-9.3389e-5
2.39895e-7
-1.75571e-7
0.000333072
-0.000451521
-5.41086e-8
-9.24732e-8
-0.000967797
-0.000603896
1.40526e-6
-5.09382e-7
0.00419355
5.99309e-7
1.04226e-6
-2.92435e-8
-0.00137067
0.00278864
2.91656e-7
-1.08473e-6
-0.00458137
0.00342643
-1.62317e-7
9.29449e-7
-0.00331094
0.00310071
-0.00133021
1.1584e-7
-7.24249e-7
-0.00164589
0.000305427
2.80574e-7
0.000654309
-2.82993e-7
-0.000817854
5.20412e-7
-1.21447e-6
1.24509e-6
-2.02286e-6
4.33812e-6
4.16381e-6
-1.07073e-5
-2.29446e-5
5.89119e-5
2.84913e-6
-0.000254523
1.83804e-5
-4.58483e-5
-2.394e-5
6.29399e-5
1.76917e-5
2.58851e-5
-5.12188e-5
-6.08085e-5
-5.98918e-5
0.000144429
3.90624e-5
-3.64438e-5
-2.8389e-7
-1.68509e-6
1.68774e-6
7.37057e-6
-8.09131e-5
7.6145e-5
-5.31977e-5
-2.47016e-8
-5.41394e-5
4.35314e-5
-3.63128e-5
-3.62078e-8
-1.14078e-5
8.70135e-6
-1.27758e-5
-1.0044e-10
1.60787e-6
-7.50504e-7
-1.27581e-7
-4.1304e-9
9.17692e-8
-1.43098e-8
-6.00592e-8
-4.27641e-9
-1.8802e-8
5.41741e-8
2.18457e-8
1.99424e-9
7.42921e-8
1.52913e-7
-5.27431e-7
-5.47872e-7
4.95708e-7
-1.4284e-6
-6.18397e-7
1.83876e-7
7.44336e-7
8.12303e-7
1.69901e-6
-6.02314e-6
-9.71779e-7
1.04473e-6
3.81519e-6
-1.89817e-6
6.6644e-6
2.53323e-5
-7.15297e-5
-0.000277515
0.000223028
-0.000126289
0.000216152
9.08778e-5
-0.000148628
-4.34887e-5
1.12961e-5
-2.96472e-6
4.27268e-6
-2.44463e-6
0.000382736
-4.07801e-5
-0.000475898
2.03844e-5
-2.66816e-5
-1.55658e-5
-7.27871e-7
4.78835e-6
-9.40617e-6
9.39833e-6
4.9223e-6
1.55419e-6
2.61406e-6
-3.20323e-6
6.4205e-6
-7.52832e-5
0.000201718
-0.000158488
-2.37222e-6
-1.50198e-6
3.6997e-7
5.0779e-8
-7.61449e-8
-4.47262e-6
9.79012e-7
-3.54133e-6
7.34401e-6
-2.57985e-7
7.45239e-8
-2.58768e-7
6.08173e-9
-3.09496e-8
-2.77942e-7
1.10173e-6
-4.58355e-8
6.44863e-8
-2.29148e-6
5.75258e-7
6.74171e-8
3.26692e-7
9.02577e-7
-2.39974e-7
5.80308e-7
-2.16429e-7
2.0928e-7
-4.89701e-7
-1.1809e-7
3.00121e-8
4.1478e-8
2.20235e-8
1.68358e-6
-2.69406e-6
5.57386e-9
5.16364e-9
2.09713e-7
-5.67376e-8
2.48577e-6
-2.97e-6
-5.18908e-7
9.94534e-8
4.20207e-7
1.68624e-6
-1.28888e-6
3.8324e-7
-3.08194e-6
-6.82037e-7
4.57292e-7
1.86882e-5
-3.96296e-6
-3.03406e-7
1.72817e-7
1.44263e-5
-3.83389e-5
9.48284e-8
-6.04085e-8
7.75672e-5
-2.74973e-5
7.68891e-8
-3.43703e-7
0.000168891
-0.000464046
-9.39536e-9
9.47204e-8
9.88139e-9
9.59473e-8
-0.00339007
-0.000433892
-9.22609e-5
0.000159105
0.00208596
-3.99663e-7
-8.76415e-8
-0.00116586
-5.58518e-8
1.27604e-8
1.76858e-10
-8.97611e-8
-8.33925e-8
8.97559e-8
-2.49944e-7
-3.54902e-7
8.77278e-7
-0.000291086
-0.000631089
0.000496249
0.00015822
-0.000165523
0.000678664
0.00136441
4.41224e-7
-1.48148e-6
2.1139e-6
-6.57976e-6
-2.47463e-6
8.12843e-6
0.000128183
0.000119455
-0.000275756
-0.000191209
-8.05153e-6
2.30428e-5
9.03035e-6
-2.11249e-5
-7.76819e-6
-2.63616e-5
2.94407e-5
7.99281e-5
3.59195e-5
-2.6975e-5
1.10167e-8
2.7403e-7
-4.70907e-7
-1.36174e-6
1.72925e-5
-1.34086e-5
1.63279e-9
1.79318e-7
5.31399e-8
-3.06909e-7
-8.2527e-7
-1.0847e-6
6.32851e-9
-5.12916e-9
-3.54543e-9
-4.33293e-8
-2.17642e-6
4.20611e-7
-1.66376e-9
5.48021e-9
4.70134e-9
-1.92989e-8
1.04025e-7
-4.44362e-8
5.8766e-9
-3.9294e-8
8.4398e-9
2.49355e-9
-3.1874e-8
-3.13352e-8
-1.79392e-7
5.87222e-7
2.51045e-7
-7.94492e-8
8.20841e-8
4.25818e-8
-1.29024e-7
-2.6195e-7
3.57685e-6
-7.83965e-6
-4.952e-6
1.86268e-6
8.07012e-7
-9.58265e-7
3.88215e-6
4.73868e-7
-8.33877e-6
-1.44873e-5
-4.5872e-6
1.05414e-5
-7.43665e-7
1.0778e-6
7.98468e-6
-6.49853e-6
4.4723e-5
-0.000107182
7.53232e-5
-4.34728e-5
1.39293e-5
1.49008e-6
-1.36301e-5
-1.10873e-7
3.00712e-6
-1.86367e-6
2.21398e-6
-8.91842e-7
-1.91363e-6
-2.6774e-6
1.26602e-5
-7.70707e-6
5.97948e-5
5.60066e-7
3.04142e-6
-8.67989e-7
1.42631e-7
-2.7701e-7
-2.83619e-7
8.19444e-7
-2.89959e-7
2.12498e-7
6.48302e-7
2.38613e-7
-1.59277e-7
-9.63857e-7
5.13742e-7
-2.65137e-6
-6.95997e-6
-3.60274e-8
-1.29427e-8
2.97526e-8
-1.54072e-8
-3.02662e-7
1.24167e-7
-2.31101e-7
3.32527e-7
-2.26965e-8
2.44673e-9
-1.06417e-7
1.62253e-8
-1.49234e-7
8.04326e-8
5.43369e-9
5.51877e-9
6.56519e-8
-5.1906e-10
-4.16818e-7
4.89387e-8
4.64283e-7
-6.09942e-7
-2.40474e-7
-6.98592e-9
7.14228e-7
-7.76933e-7
-3.2109e-7
1.00411e-6
5.53492e-8
-2.29128e-7
2.52707e-7
-3.71029e-7
9.30811e-7
-1.56325e-7
2.53371e-7
-1.55762e-7
5.56996e-7
-1.7323e-6
-7.89565e-8
4.97833e-8
5.64204e-6
-1.33038e-6
-2.70117e-8
9.52451e-9
6.69491e-6
-2.35842e-5
9.52444e-9
-1.11647e-9
4.64932e-6
2.91427e-6
-2.30604e-8
-2.79907e-8
-4.40891e-5
9.70153e-8
0.000330149
-1.26259e-9
-2.20931e-8
-1.01588e-8
2.40761e-8
0.000471406
-7.92542e-5
-0.000122033
-3.9949e-5
-3.47865e-9
3.44689e-9
0.000117812
0.000551428
-0.00126623
1.74324e-9
-5.31458e-9
0.000707917
-0.00160033
0.000265114
-3.13301e-9
1.9562e-8
-0.00155009
0.00266127
0.00070958
-9.88393e-9
3.32334e-8
0.00177785
-0.00295901
-0.0015111
-1.24796e-9
-1.18504e-8
-0.00169405
0.00207814
9.19966e-9
-2.61517e-8
-1.36133e-9
1.47253e-7
-5.90466e-7
-1.58175e-7
6.71759e-7
0.00049702
0.000202718
-0.000748724
-1.91674e-5
-7.74392e-7
2.59125e-6
1.13051e-6
-3.50304e-6
-9.45026e-5
-0.000208815
0.000261236
0.000470064
5.39307e-6
-1.34106e-5
-3.74332e-6
4.14634e-6
1.84958e-6
5.71405e-6
-5.30633e-6
-2.19155e-5
9.19412e-6
-1.00872e-5
6.23112e-6
7.99824e-7
4.78526e-6
-5.19292e-6
5.15034e-6
1.15477e-7
-4.85334e-7
-4.23514e-7
7.23103e-7
6.19422e-8
-1.82827e-7
5.8753e-9
3.66163e-8
-5.73835e-9
1.11142e-7
-4.36247e-7
1.73646e-8
3.60803e-8
8.41675e-9
3.22348e-9
-1.6163e-8
-4.46758e-9
-1.7567e-6
4.6911e-6
1.58897e-6
-6.57227e-7
5.40511e-8
9.52601e-9
-2.26035e-8
9.21827e-7
1.46082e-5
-2.30519e-5
-2.42158e-5
1.16232e-5
-2.36908e-6
9.72563e-6
-8.5933e-6
1.22323e-5
-2.52442e-5
-2.30066e-6
4.14396e-5
-2.86863e-5
-2.12111e-5
6.03851e-5
-4.18485e-6
-7.15964e-5
1.71045e-5
5.28674e-5
-2.9036e-5
2.2059e-5
-4.28989e-6
-6.46509e-6
-2.48486e-5
1.7088e-6
8.14184e-6
-5.90157e-7
-1.0213e-6
2.08984e-7
8.44485e-8
2.13092e-8
1.47144e-7
-2.28465e-7
-3.87061e-8
-4.49905e-8
-7.33097e-8
-1.70563e-6
7.2347e-7
5.44956e-6
1.51083e-6
-1.23749e-6
2.63415e-8
6.34907e-9
2.72767e-8
1.13402e-8
-1.25476e-9
-9.16156e-8
5.2188e-8
-1.00878e-7
1.89753e-7
6.55433e-10
-2.08085e-9
1.36465e-9
-1.08607e-9
-2.4578e-8
-2.44815e-8
2.21464e-8
-5.26299e-9
1.46163e-9
2.31072e-8
1.04417e-8
1.6976e-8
-1.53167e-7
-1.79964e-8
1.86711e-9
-9.3919e-9
1.18324e-7
-1.45785e-7
-1.11255e-7
4.74098e-9
1.46377e-10
5.64375e-10
2.01444e-7
-2.68012e-7
4.7493e-8
-3.30522e-8
1.2956e-8
5.3144e-8
7.99573e-8
-9.2515e-8
1.31111e-8
8.0416e-8
1.43676e-8
-7.50089e-8
3.62984e-9
-2.56565e-8
2.44735e-7
-3.37099e-8
2.11647e-8
-1.79474e-8
3.27024e-7
-1.15457e-6
-9.40873e-10
8.71948e-9
1.98215e-6
2.55474e-7
-3.43649e-9
-1.05943e-9
1.32692e-8
1.60993e-6
1.93624e-5
-5.06922e-10
-5.52286e-5
1.8369e-5
7.56301e-10
-7.80058e-10
-3.9165e-5
7.01217e-6
6.0131e-9
4.94628e-9
-6.12992e-5
1.64004e-9
-1.0952e-10
8.6388e-11
3.38312e-9
-8.3597e-10
-5.37972e-9
2.00092e-8
-1.17757e-8
2.77111e-8
-8.05107e-8
-0.000502258
0.0010335
-0.000420698
0.000834529
-0.000432117
-0.00266079
2.7744e-8
-7.71532e-8
2.46516e-7
5.70889e-8
-3.21016e-7
-0.000630068
-0.00090479
0.00125222
0.00146559
4.85498e-7
-1.43726e-6
-3.19595e-7
1.70447e-8
1.38957e-5
7.29604e-5
-2.5654e-5
-0.000216818
1.51449e-6
-1.83858e-6
1.68984e-7
1.91809e-7
-3.87012e-6
1.08157e-5
3.99991e-6
-3.93922e-6
2.90563e-6
1.30371e-7
-9.15098e-7
2.20514e-6
1.62367e-6
-1.90203e-6
1.99715e-6
7.32405e-8
-4.62534e-7
1.05975e-6
-2.40226e-7
-1.08897e-7
1.01448e-7
-2.66322e-8
-2.70905e-7
5.39052e-7
-1.40824e-8
2.98206e-8
-2.22584e-9
-4.01294e-9
1.05174e-6
-2.90084e-6
-2.9229e-7
4.11878e-7
-1.55462e-10
9.59474e-8
-6.0844e-8
1.86199e-7
-1.15015e-5
3.0472e-5
2.81717e-6
-2.98714e-6
-5.47583e-7
-4.95473e-8
3.5045e-7
1.46823e-7
-1.48915e-7
4.41691e-6
-1.99047e-5
-4.02605e-6
5.25612e-5
-5.37179e-5
2.7814e-5
4.18015e-5
3.89523e-6
-2.78831e-5
7.11412e-5
-0.000107093
0.000107047
-7.23986e-5
5.47246e-7
1.59151e-8
-6.35462e-8
-9.15434e-9
-4.01145e-8
9.29905e-9
6.55389e-8
-1.48183e-6
-2.91638e-6
1.42087e-7
-1.4706e-7
1.10058e-6
-1.25901e-7
3.42162e-8
1.08716e-8
9.74434e-9
7.25352e-9
-2.21777e-8
-3.6615e-9
-8.28198e-9
4.90537e-10
-4.87046e-9
-1.92111e-7
6.37588e-8
3.30894e-7
-4.99713e-8
2.36104e-7
2.65839e-9
3.90788e-10
9.24592e-10
5.04075e-10
-1.56226e-8
-1.21664e-8
1.6069e-9
-3.18921e-8
-1.15574e-8
-9.49236e-12
-1.78327e-10
-6.39351e-10
2.01497e-9
7.77065e-9
-4.3032e-8
-1.79519e-9
8.30381e-10
3.63235e-9
2.61156e-8
-3.18944e-8
-3.57835e-8
1.03266e-9
-1.23341e-9
-4.58089e-9
5.32613e-8
-7.86497e-8
3.02117e-8
-3.82654e-9
2.71254e-9
1.10661e-9
1.85649e-8
-3.26215e-8
2.07865e-8
-1.22189e-8
4.30039e-9
2.34754e-8
-3.19495e-9
-1.59705e-8
1.7282e-8
-1.27958e-8
7.08798e-9
-2.21598e-8
-1.37093e-7
1.67819e-7
2.49724e-9
2.1098e-8
-1.44962e-8
1.22673e-8
-2.42051e-9
-2.01003e-7
-1.705e-6
-2.09328e-9
-9.30255e-6
2.6633e-6
3.98951e-9
1.05985e-9
-8.01493e-6
5.64998e-6
-3.77726e-10
7.09872e-10
-2.36507e-9
2.03251e-5
0.000129103
5.36574e-10
-9.19584e-10
0.000292328
-0.000328846
8.77509e-11
-1.32768e-10
0.00112823
-0.000986279
-2.40982e-11
1.14699e-10
-0.002583
0.00229173
1.1336e-10
-7.61782e-10
0.00383665
-0.00351278
4.35816e-10
-6.79443e-10
-0.00359369
0.00367616
-9.54455e-10
1.92858e-9
0.00217793
2.81459e-9
6.30631e-9
-1.2583e-8
2.5048e-9
-8.49321e-9
2.54264e-8
0.00274077
0.00187777
-0.0018992
-0.00201074
-0.00330649
-0.000957935
5.96654e-9
-1.87338e-8
-7.5253e-9
4.49978e-8
-9.73004e-8
-4.47005e-8
8.29086e-6
0.000674839
-0.00135605
1.67596e-7
-1.96697e-7
-1.32872e-7
-1.77656e-6
-3.47953e-5
8.6893e-5
7.67911e-7
-8.00262e-7
2.6729e-8
2.11029e-7
-7.01364e-6
2.07593e-5
1.62146e-6
-1.65366e-6
1.21915e-6
8.06661e-8
-2.86004e-6
7.20189e-6
5.73535e-7
-7.31712e-7
7.69647e-7
2.07489e-8
-1.32969e-6
2.88713e-6
-1.49219e-7
-5.40617e-8
8.42062e-8
-1.51733e-8
-1.09794e-6
1.74634e-6
-2.98679e-8
-1.98432e-7
4.47499e-7
-8.35429e-8
-1.06707e-7
1.01931e-8
6.49589e-6
-6.12567e-6
2.41752e-6
-4.6965e-7
5.85731e-7
2.91364e-7
-1.65238e-6
8.30491e-7
-4.42135e-6
6.36415e-5
-7.40831e-5
-4.05344e-5
3.89003e-5
-5.66319e-5
-1.59432e-5
-4.83699e-6
9.68854e-6
1.00183e-5
-9.64548e-6
-4.81415e-5
4.44258e-5
9.67451e-5
-9.63992e-5
-0.000126795
0.000131044
8.12262e-5
-0.000111549
-1.19688e-5
5.79705e-5
-4.09868e-5
-3.18635e-7
1.35145e-7
-1.15661e-8
-1.01533e-8
-3.2685e-9
-3.74736e-9
2.96471e-9
5.87064e-9
-5.94402e-10
-1.45561e-7
-1.05445e-8
5.31666e-8
-9.92236e-9
4.62133e-9
3.59491e-9
1.72001e-9
2.2179e-9
1.18657e-9
1.9504e-10
-2.26061e-9
1.18625e-10
-2.10805e-10
-4.24586e-12
-7.99335e-10
1.82011e-10
2.48821e-9
4.78689e-9
9.23412e-9
-4.14553e-9
2.68175e-9
5.11866e-11
2.16007e-10
-4.12048e-12
6.71816e-11
-4.32931e-10
2.30481e-11
-9.54465e-9
-3.4793e-9
-2.49541e-11
9.44704e-11
-3.96908e-11
-3.11836e-10
5.76538e-10
5.43189e-9
-5.14994e-9
-1.09034e-8
6.81622e-10
-3.38214e-10
-9.93674e-10
1.18094e-8
-2.09122e-8
1.18231e-8
-6.73922e-10
4.91176e-10
-2.47434e-10
3.27896e-9
-8.32428e-9
9.89767e-9
-2.31552e-9
3.60877e-10
1.41484e-9
-2.99525e-9
-1.19212e-8
1.62255e-8
-1.49567e-8
1.51163e-8
9.16392e-9
-2.48523e-9
6.05276e-8
-1.55943e-8
1.28443e-8
2.99051e-9
2.73301e-8
-2.74059e-8
2.60897e-8
-2.33042e-8
3.6642e-8
1.76408e-8
4.0056e-7
1.86639e-7
-8.94297e-7
3.12897e-9
5.29745e-10
-2.37415e-9
7.3625e-10
-2.4041e-10
-3.29391e-6
-4.80224e-5
-2.33057e-11
-2.43369e-10
-0.000139164
0.000112814
-2.51955e-11
-0.0003345
0.000242492
-7.498e-11
6.90826e-12
7.22414e-12
-1.44353e-11
0.00118735
-0.00141283
0.000693397
-0.00108545
-6.61885e-13
-4.5383e-12
-0.00204941
0.00195538
0.00238468
3.37161e-11
-1.4184e-10
0.00253907
-0.00230359
-0.00362014
-2.24308e-11
1.45716e-10
-0.00156202
0.00146633
0.00276557
5.11683e-11
-2.49389e-10
2.65449e-10
-0.00063559
-0.000919685
8.05167e-10
-2.49903e-9
0.00257682
-1.27059e-9
-7.16041e-10
1.15834e-9
-3.38701e-9
5.39964e-9
5.36194e-9
-0.000827008
-0.00283156
0.00184903
0.000773088
0.00424316
3.20853e-9
-9.11453e-9
2.85796e-8
-4.90495e-8
-2.1795e-8
5.8657e-5
0.000133663
-0.000253325
-7.4603e-5
-0.000510566
8.92451e-8
-8.69998e-8
-6.78013e-8
-5.83055e-6
-7.58896e-6
3.92154e-5
3.21961e-7
-3.2033e-7
1.71916e-8
-2.44294e-6
-1.89766e-6
6.82339e-6
7.32742e-7
-9.55624e-7
5.67013e-7
-1.09803e-6
-8.01559e-7
2.95261e-6
3.81418e-7
-1.14714e-6
9.60747e-7
-7.75519e-7
-6.35778e-7
1.44247e-6
-9.61829e-7
2.83737e-7
2.59171e-7
3.09285e-6
-2.11975e-6
4.21922e-6
4.54727e-6
-3.68276e-6
1.42206e-6
-1.52849e-6
2.57041e-6
-7.36388e-7
6.85809e-7
-1.20803e-5
6.87284e-6
-1.23301e-6
-3.26872e-5
3.14731e-5
-9.83318e-6
1.15215e-5
1.45093e-5
-2.01468e-5
1.51873e-5
-1.47092e-5
-1.16252e-5
1.46121e-6
-2.85991e-5
4.49522e-5
5.28496e-5
-8.09695e-5
-6.09928e-5
8.80917e-5
2.25275e-5
-2.70351e-5
-2.29845e-5
7.23769e-5
-4.37839e-5
-9.07585e-5
9.77237e-5
6.56092e-5
-1.47875e-8
9.0267e-10
1.11546e-9
-8.87259e-10
-9.07311e-10
-1.0579e-9
-6.0459e-10
-2.13513e-10
5.43715e-10
1.37015e-12
-3.519e-11
-1.00493e-9
3.87024e-9
-4.51336e-10
3.04873e-9
4.79366e-10
-1.18393e-9
-5.5745e-11
-1.48911e-10
2.12704e-11
-5.61297e-11
-4.19492e-11
-2.13606e-12
-6.64884e-10
5.14992e-10
9.68181e-10
-3.96178e-10
2.84361e-10
6.16495e-12
8.68799e-12
1.48115e-11
-8.5759e-12
1.17409e-10
-2.80791e-10
-3.28422e-9
-4.93757e-10
3.40782e-10
-3.09278e-11
-3.51593e-12
1.61863e-10
-3.34905e-10
1.83231e-9
-2.71321e-9
2.9688e-9
1.57348e-11
2.78959e-10
1.07053e-10
-1.22902e-10
-9.27384e-10
2.04255e-9
-6.37349e-10
-3.67747e-10
3.30366e-9
1.18335e-9
-5.06821e-9
1.09015e-8
-1.05182e-8
1.25354e-8
-5.64116e-9
-5.87441e-9
-5.66843e-10
9.1491e-9
2.29746e-9
8.2863e-10
1.99346e-8
-2.70339e-8
2.57328e-8
-3.04208e-8
2.46648e-9
-2.70722e-8
-1.35331e-7
8.13275e-9
3.52797e-7
3.75089e-9
5.31871e-10
-1.83105e-9
6.9277e-10
-4.93036e-10
2.51671e-6
-2.20517e-6
1.24703e-5
-8.05298e-6
-1.65356e-10
2.70898e-10
3.5351e-5
2.38623e-5
-0.000131695
-1.98916e-11
-1.98569e-11
3.45618e-11
-1.04303e-11
-0.000176455
-3.54297e-13
-8.05655e-12
8.74068e-13
-1.14342e-11
-8.65649e-12
4.16486e-11
-1.23676e-10
-5.79643e-11
2.39939e-10
-0.00128114
0.000125756
0.001589
0.00253778
-0.00147728
-0.00327083
7.73188e-11
-0.0027754
-3.30254e-10
1.0028e-10
1.24632e-10
-8.98166e-10
9.27814e-11
-0.000387161
-0.000555231
0.00148546
0.000457005
0.00157188
3.05588e-9
-2.43902e-9
1.79115e-8
-2.71094e-8
-1.39593e-8
3.85774e-5
-1.87551e-5
-0.000102554
-3.1862e-5
-0.000112926
4.8693e-8
-5.81124e-8
-2.87566e-9
-4.0117e-6
4.98262e-6
2.18167e-7
1.6485e-7
-3.33651e-7
6.99976e-8
-1.44961e-6
1.04224e-6
-4.05439e-7
9.44588e-7
-2.09031e-6
1.83708e-6
-8.41234e-7
3.11341e-7
-1.09766e-8
-1.27373e-6
2.52472e-6
-3.40353e-6
1.19808e-5
-1.07461e-5
3.00565e-6
9.78478e-7
-7.48985e-7
1.10279e-7
9.47934e-8
8.81715e-6
-9.56002e-6
1.60282e-5
-4.645e-5
2.87881e-5
-2.04301e-5
-1.52156e-5
1.09187e-5
-2.68371e-6
3.18973e-6
-4.57514e-5
2.09334e-5
2.68138e-5
-2.22505e-5
2.94162e-5
-7.80156e-5
3.93938e-5
-1.29497e-6
-7.3117e-5
7.2398e-5
-6.48405e-5
9.27295e-5
3.06938e-5
-4.47049e-5
-1.91387e-5
-5.63945e-6
1.802e-5
2.23147e-5
4.14902e-10
3.20597e-10
1.57348e-10
-2.47302e-11
-1.66013e-9
-1.72268e-11
-2.23996e-10
3.56107e-10
-1.50341e-10
-8.91968e-11
-3.61198e-11
5.43357e-11
2.98439e-11
6.15647e-12
1.13181e-11
-1.20514e-10
5.57636e-10
-1.78298e-10
3.02624e-10
-1.8792e-10
-5.14969e-10
-5.34976e-12
-5.73425e-12
-4.14642e-12
-7.78913e-12
-1.25272e-12
-1.41915e-11
-3.53905e-12
5.17858e-10
1.82249e-11
3.54869e-10
-3.91135e-10
3.03818e-11
-2.24258e-11
2.91175e-11
3.81299e-11
-8.13048e-11
-5.77124e-10
-1.88765e-10
4.18573e-10
-4.19904e-10
1.83296e-10
-6.95574e-10
4.74744e-10
4.39418e-11
-9.78457e-10
-9.94458e-11
-3.41989e-10
3.6229e-9
1.20777e-9
-1.04006e-9
4.98066e-10
-1.54606e-9
5.97039e-9
3.4736e-9
2.84642e-8
2.17392e-8
6.26428e-9
-1.07207e-7
-1.46019e-9
3.8948e-9
-1.29734e-8
1.20719e-8
-2.25766e-8
1.17043e-7
6.6741e-7
-1.03176e-8
3.11228e-7
-4.12472e-7
-2.01854e-9
1.10315e-9
-2.33059e-9
7.62208e-10
-4.89126e-10
-7.58531e-7
8.04513e-6
8.39728e-6
-2.32654e-7
-1.5793e-10
3.00659e-10
-8.23717e-6
-2.32867e-5
6.52071e-5
-2.69012e-10
-5.73203e-11
4.17701e-11
-1.20245e-11
8.38031e-12
-0.000537336
0.00136835
0.000690499
-7.01821e-5
-7.99442e-12
1.88094e-12
0.000738732
-0.00143252
-6.96462e-13
2.67535e-12
-0.00112713
0.00183742
2.52513e-12
0.000864007
2.31773e-12
-2.42674e-12
8.27373e-12
-1.49042e-11
-7.96135e-13
7.00373e-11
-0.000474739
-0.000130179
0.000625903
0.00113311
-0.00037623
-0.00141663
1.17451e-13
-0.000889973
1.88316e-10
-4.10821e-10
2.85087e-10
-8.06794e-10
-2.94381e-10
-9.21384e-5
-2.25436e-5
0.000340978
7.65699e-5
0.000350738
1.71016e-10
1.21146e-9
2.47789e-9
-2.05731e-8
1.90447e-8
6.58448e-6
-1.65537e-5
-9.05069e-6
-1.84644e-6
3.58011e-6
-7.08473e-8
1.76714e-7
-6.10031e-8
8.47761e-7
-1.17134e-6
-4.21356e-7
7.34286e-7
-5.8427e-8
1.99269e-8
3.16996e-8
-4.08419e-7
5.63866e-6
-1.38172e-5
2.73429e-5
-1.64372e-5
1.10304e-6
-1.36755e-7
6.11435e-8
-3.43448e-8
1.81098e-7
1.82063e-5
-3.56149e-5
6.06673e-5
-9.92211e-5
7.26262e-5
-8.43435e-6
-1.54731e-6
6.76994e-7
-1.77919e-8
-1.07907e-6
-8.07782e-5
5.09513e-5
5.88528e-5
-6.84468e-5
7.36038e-5
-0.000133122
0.000107307
-2.89872e-5
-3.90346e-5
2.70365e-5
-2.06009e-5
3.78571e-5
5.88736e-6
-1.04667e-5
-9.28968e-5
6.33189e-5
5.71184e-5
-3.76337e-5
-3.2547e-5
2.7348e-5
2.7534e-5
-1.94518e-5
1.5012e-10
4.06819e-11
2.49997e-11
-1.17052e-11
-8.77704e-10
1.00499e-9
-2.1328e-10
7.48843e-10
-1.18383e-9
-4.5718e-11
-9.21649e-12
-4.89043e-13
5.33648e-12
9.40948e-13
3.49766e-12
1.73481e-11
-1.37414e-9
2.16536e-9
-3.54401e-9
8.18448e-9
-1.60866e-9
-2.36079e-11
1.67585e-11
3.47269e-12
-4.01867e-11
8.98822e-11
-1.76289e-10
1.35332e-9
7.86842e-10
9.90736e-10
2.82683e-9
-3.67858e-9
-1.05112e-10
-2.10194e-10
1.08649e-10
-1.00995e-9
7.36841e-10
5.64893e-10
7.83987e-10
-5.73172e-9
-4.14159e-9
3.1339e-9
-8.26195e-10
-7.94468e-9
-1.26999e-8
1.10525e-9
9.82272e-10
-3.60414e-9
-4.70896e-9
1.28123e-8
2.23075e-8
-2.33663e-9
-5.76545e-8
-6.2749e-9
-2.97141e-10
-5.90331e-8
1.60615e-7
2.66178e-7
2.73927e-9
2.79391e-10
-3.21768e-9
-1.75547e-6
-9.76088e-7
-1.98993e-6
2.94175e-6
3.59724e-9
4.48057e-6
-8.07973e-10
3.68457e-10
-3.884e-10
-2.16334e-5
6.36301e-5
-1.22991e-5
9.63179e-6
-9.95907e-10
5.91883e-10
3.53012e-5
2.08975e-5
-5.69589e-10
-0.000145665
3.74469e-10
-1.28336e-10
4.06383e-11
-0.00240713
0.00233894
-0.000537754
0.00115496
-2.23801e-11
1.59341e-12
-0.000223558
-0.000146711
-7.37675e-12
1.3538e-12
-0.000153509
0.000516472
-4.97833e-12
0.000175197
1.46176e-11
-9.12067e-12
-7.14729e-11
1.87858e-10
-4.21002e-11
-0.000228992
-3.6685e-5
0.000230749
0.000444322
-6.60862e-5
-0.000500829
-2.42515e-10
-0.000181115
9.53003e-10
5.43655e-10
-2.07946e-9
-2.50178e-9
-1.75857e-5
3.23702e-5
2.48792e-5
2.5869e-6
4.29998e-5
1.46507e-8
-1.42687e-8
-6.06575e-8
5.40385e-8
5.47202e-8
-3.07877e-7
1.41575e-6
-2.89134e-6
2.22741e-7
-1.79276e-7
-7.2123e-7
5.80978e-7
1.7505e-9
2.2216e-7
-1.6665e-7
-2.09132e-8
2.05853e-6
-1.71307e-6
-5.19312e-6
4.68706e-6
7.89791e-9
-7.58306e-9
6.61183e-9
-2.6437e-10
1.16283e-5
-2.17549e-5
1.63449e-8
-9.0055e-9
-2.83607e-9
3.31357e-5
-3.74272e-5
-4.4144e-5
5.58611e-5
-1.33973e-6
1.68627e-7
-3.34582e-7
9.29877e-8
-1.93674e-7
-4.83653e-5
9.33435e-5
2.58886e-5
-8.39671e-5
-8.73556e-6
6.57512e-5
-1.45387e-5
-9.64884e-6
2.56606e-7
-2.16778e-6
6.75096e-6
-3.02288e-8
1.06378e-6
-4.16892e-5
9.39816e-5
1.18001e-5
-5.18226e-5
-3.03078e-6
2.42368e-5
7.27106e-6
-1.09243e-5
1.47571e-10
2.47497e-11
-1.59882e-11
-5.08291e-12
-2.26382e-9
6.20379e-9
5.76836e-9
2.31037e-10
-1.59006e-10
9.15161e-12
5.52266e-11
-2.81292e-11
-1.88867e-11
6.88818e-11
7.31775e-11
-1.38688e-8
-5.63e-9
-3.11802e-8
-1.55309e-8
2.3261e-8
4.32857e-10
-5.20953e-9
1.8957e-11
4.06759e-10
-2.94505e-10
-6.70327e-12
8.51179e-11
-4.55382e-11
-1.38313e-10
2.0984e-10
3.86468e-10
6.12181e-10
2.77718e-8
2.54296e-8
7.6213e-8
8.57155e-8
-5.57729e-8
-8.40553e-10
-8.0722e-10
-4.02981e-10
-1.52694e-9
-2.84134e-9
2.15558e-8
2.04157e-8
-1.49663e-7
-1.15946e-7
9.4185e-9
-9.44942e-9
-2.70961e-8
-7.76459e-8
2.93944e-8
2.3048e-8
-1.15956e-7
-1.16869e-7
3.12219e-8
8.83463e-8
1.36806e-7
-9.7945e-9
-1.26681e-8
-8.20577e-9
-1.5882e-7
-3.09278e-8
-1.11942e-6
2.19823e-6
4.57185e-6
6.87158e-6
8.22648e-8
3.50612e-8
-1.17531e-8
-1.43797e-5
1.87436e-5
-2.65261e-5
3.777e-5
9.11341e-10
1.30377e-10
2.57302e-9
-8.07909e-5
-0.000125383
1.11367e-8
-1.05108e-8
3.40228e-9
0.000155463
-0.000134277
0.000336418
-0.000289403
-3.55516e-9
-2.73128e-11
0.000467578
-0.00118565
1.40585e-10
5.96397e-10
-2.22702e-10
-0.000176124
5.77603e-5
-0.000696039
4.20209e-11
4.71816e-10
-7.984e-11
8.11779e-5
-4.1661e-5
0.000177754
1.50966e-11
1.23308e-10
-2.94868e-11
-2.78981e-5
-1.95509e-5
5.06191e-5
5.36047e-11
3.20928e-11
4.86261e-5
1.87617e-5
-1.59094e-10
7.43529e-11
-0.000276671
0.000332132
4.01603e-10
-5.07573e-10
0.000110183
-0.000331577
1.17125e-9
-1.94587e-9
-3.5699e-9
4.84351e-9
9.17905e-9
7.50269e-9
1.22804e-5
-2.43132e-5
-9.85083e-6
-9.54244e-6
-1.27998e-5
1.62304e-5
-1.73608e-8
-4.24261e-8
5.96693e-8
1.27631e-7
-2.00663e-7
-2.18123e-7
1.93284e-6
4.99809e-8
3.07492e-6
-3.26295e-7
5.95381e-7
6.95654e-7
-1.53859e-6
3.71122e-8
5.14468e-8
-4.95928e-8
6.90083e-8
-1.15407e-6
3.44569e-6
1.06162e-6
-6.55447e-6
1.33784e-8
2.84604e-8
-6.29041e-9
-1.53881e-7
1.25846e-6
1.02303e-5
-9.32763e-6
-1.20209e-5
-4.01353e-8
1.77918e-8
-8.60196e-9
-4.88878e-8
3.06088e-5
7.5646e-6
-5.2724e-5
3.15926e-6
8.23814e-5
-2.74654e-5
2.09052e-7
-5.07006e-7
3.69923e-7
9.48939e-7
-1.33099e-7
2.62162e-7
-0.000134401
6.69704e-5
0.000168214
-0.000102175
-0.000167475
0.000130911
-5.52406e-5
0.000115169
-8.98568e-5
4.47295e-5
-5.48358e-5
4.43704e-5
-2.43246e-5
1.99153e-5
-1.50531e-5
1.07673e-5
-8.10678e-6
6.40083e-6
-1.82758e-7
-3.39283e-7
3.99633e-8
-1.00997e-7
6.60709e-9
-2.37741e-9
2.96323e-10
7.80608e-10
-3.56816e-10
-8.16296e-11
2.77569e-10
-4.36477e-7
-3.01928e-7
2.82276e-7
-4.8437e-8
-7.79169e-8
3.63988e-7
-1.41426e-9
7.14512e-9
-5.41586e-9
5.2166e-10
7.59899e-10
-8.01367e-11
3.64564e-10
1.82476e-9
3.81421e-9
6.64251e-7
6.2679e-7
-8.72221e-7
1.08044e-6
-1.19795e-6
-3.94468e-9
1.47496e-9
-1.5045e-9
-3.50511e-9
3.44021e-9
6.07957e-7
5.81477e-7
-3.10791e-6
-2.91592e-6
4.60029e-8
-6.00105e-8
-2.24905e-7
-5.3718e-7
6.71129e-7
6.40433e-7
-3.00784e-6
-2.86347e-6
8.28135e-7
-6.95973e-7
-2.77064e-6
-6.93022e-6
-2.98724e-7
-3.07563e-7
-3.38076e-6
-9.32107e-7
7.82956e-6
-6.31309e-6
-1.7142e-5
-4.64135e-5
8.48257e-7
-7.01799e-7
1.91645e-7
4.95715e-5
-2.65002e-5
8.19504e-5
-7.56807e-5
-5.92043e-8
3.47835e-8
3.47563e-7
9.49487e-5
0.000217828
-8.95516e-8
-3.20994e-8
2.16751e-9
-0.000155835
9.23828e-5
-0.000267536
0.000181004
1.55121e-9
-2.05727e-9
-0.000133494
0.00016118
6.46071e-9
-8.35177e-10
8.73058e-5
-9.46574e-5
2.06417e-10
-2.29897e-10
-5.66168e-5
5.53114e-5
1.31578e-9
-5.65675e-11
5.32987e-5
-7.74845e-5
-7.1855e-10
2.88293e-10
-7.56647e-5
0.000167433
-4.62355e-10
7.05343e-11
2.76643e-9
3.23924e-10
-1.36854e-9
-1.4647e-8
-1.04179e-6
3.63597e-6
6.46204e-6
4.93016e-6
3.5771e-5
-1.1281e-5
2.94245e-8
-5.21097e-9
-5.16768e-8
6.02115e-8
7.04429e-8
5.39874e-7
-9.95172e-7
-7.07334e-7
-1.08507e-6
-2.8064e-7
3.87255e-9
9.40014e-7
-5.05422e-7
5.75432e-7
1.19163e-7
-1.12545e-7
-1.11797e-6
-3.28681e-6
2.53523e-6
8.48826e-6
-8.16611e-6
1.12245e-7
5.39512e-7
-7.38549e-8
-3.23736e-6
-2.37713e-5
1.82108e-5
3.22505e-5
-5.37665e-5
3.997e-8
2.57957e-7
-1.93459e-8
-7.43656e-7
-5.89731e-5
7.83338e-5
9.11061e-5
-9.11773e-5
-0.000106448
0.000150154
3.78135e-7
1.88815e-6
-5.31234e-7
-3.80916e-6
1.07697e-6
-1.02222e-6
0.000139343
-0.000178975
-0.000117034
0.00016112
6.62765e-5
-0.000104861
-1.89617e-5
4.68572e-5
3.31997e-7
-1.49928e-5
1.55752e-6
4.29714e-6
1.37975e-7
-6.43358e-8
1.84434e-8
5.75244e-9
-3.33961e-9
-7.95178e-10
-1.51972e-6
3.31461e-6
8.61208e-7
3.02767e-7
-2.32485e-8
-3.10698e-8
-9.68033e-9
1.22643e-8
-3.22541e-11
-4.2051e-9
1.93981e-8
1.11246e-5
1.22805e-5
-1.39623e-5
-6.46113e-7
4.33421e-6
-1.64498e-5
-6.13448e-8
1.96324e-8
1.12411e-7
-1.01834e-8
-3.52251e-8
5.72635e-9
-6.907e-9
-1.04064e-8
2.27194e-7
1.46357e-5
1.32466e-5
4.49859e-5
-5.49178e-5
7.93058e-5
4.45738e-7
-4.55677e-7
-1.4851e-7
4.19166e-7
2.41328e-6
1.37905e-5
1.10545e-5
-7.57361e-5
7.94767e-5
-2.50797e-6
2.68657e-6
4.84307e-6
1.82219e-5
7.05367e-7
-5.60896e-5
4.5437e-5
-1.38395e-5
-1.54398e-5
1.14953e-5
-1.78316e-5
2.68353e-5
4.8824e-5
3.1169e-6
-1.4997e-6
-1.65005e-5
-3.14926e-5
-8.14837e-5
1.06781e-7
4.55272e-6
-9.65123e-7
4.02176e-7
6.39911e-5
-4.10759e-5
7.68925e-5
-7.44116e-5
-0.000123807
-6.17437e-8
-1.80526e-7
-8.16581e-8
5.3824e-5
-7.03588e-5
0.000101613
1.43986e-8
2.22759e-7
2.93448e-8
-3.24932e-5
4.9147e-5
-6.94317e-5
-1.37988e-8
-2.16848e-7
2.77847e-8
1.28968e-5
-2.81578e-5
4.53494e-5
3.30419e-9
9.51778e-10
-1.68948e-8
-6.5502e-6
1.9116e-5
-4.06222e-5
4.36759e-8
1.83929e-9
-4.81492e-7
-1.00492e-5
-1.11456e-8
8.85542e-7
5.06392e-10
3.86404e-9
1.19412e-8
6.54257e-7
-5.82072e-7
-2.55801e-8
-4.27765e-6
3.55538e-6
-1.23666e-6
6.37643e-6
5.38711e-6
-1.95528e-7
2.89703e-7
1.37054e-6
-7.14082e-7
-3.37618e-6
3.52838e-6
1.01571e-5
-1.03849e-6
-8.02623e-7
-2.21591e-5
6.9232e-6
-6.56573e-6
-1.46086e-5
1.98756e-5
-2.00047e-6
1.0303e-5
-7.00688e-7
-4.34358e-5
1.94581e-5
-3.26916e-5
2.38207e-5
-1.54123e-5
3.32723e-5
2.69292e-5
-5.74286e-5
7.22271e-6
-7.58037e-6
1.22091e-8
3.07987e-5
-1.87049e-5
5.91966e-6
-9.24799e-7
-1.40669e-7
4.92262e-5
-7.31634e-5
-5.82643e-5
-2.64199e-6
5.45507e-5
0.000107136
-4.59263e-5
-1.33829e-5
-0.000214225
9.25951e-5
-2.3028e-5
6.77757e-5
-3.91617e-5
1.66111e-5
-2.60063e-5
1.39563e-5
-6.86848e-6
2.68279e-6
-4.46714e-7
2.2127e-7
-4.99884e-7
2.77012e-7
1.32336e-8
-9.11071e-5
5.05258e-5
9.32521e-9
-2.84942e-6
-4.91877e-5
-1.57578e-7
1.18143e-6
-6.62769e-7
1.28059e-6
4.15396e-7
-1.13008e-6
-0.000196738
-2.44513e-5
-0.000183988
0.000263504
8.62239e-5
2.69027e-6
-1.2874e-6
4.17394e-6
-1.99275e-6
-1.64073e-6
1.79542e-6
-2.91966e-6
-6.55718e-7
1.38973e-6
-5.83726e-6
-9.1034e-5
-0.000115428
-0.000114831
0.000263245
-0.000226382
0.000298685
-0.00023205
4.9474e-6
-1.01264e-5
2.6326e-6
-1.72967e-6
-1.29794e-6
3.93559e-6
-1.77251e-5
-0.000183578
-2.45504e-5
4.98523e-5
0.000318188
-0.000230443
-1.00792e-6
9.85928e-6
2.04728e-6
-2.19057e-6
2.53389e-5
3.68555e-6
-4.7659e-5
0.000295979
-0.000222251
8.81065e-5
-8.54127e-6
1.66252e-5
-1.75771e-6
1.38661e-5
-6.44817e-6
4.58048e-5
-9.94507e-6
-3.83135e-7
-3.13207e-7
-4.66146e-6
-1.02101e-5
-1.2225e-7
-3.10378e-5
-4.15925e-7
1.33632e-5
-1.10462e-5
1.12636e-6
2.13324e-5
-3.563e-5
1.0006e-5
-2.51075e-5
1.38114e-5
8.35099e-7
3.86122e-6
-2.16695e-6
2.79724e-5
-1.93596e-5
4.79709e-6
-3.6961e-7
2.46401e-6
-2.40711e-6
-2.94095e-7
9.73752e-7
-1.22568e-5
-2.51439e-6
-2.02534e-6
1.69341e-5
-9.92194e-6
4.67627e-6
3.70165e-5
1.48414e-5
-3.92957e-5
-2.78964e-5
-4.81778e-5
5.40118e-5
-2.66543e-5
-5.64235e-7
-3.73963e-6
-7.10422e-5
3.73863e-5
8.41201e-7
3.14006e-5
1.49259e-6
-1.08567e-6
-2.76436e-5
1.06965e-5
-4.36728e-5
-5.92253e-5
0.000136791
-0.000109199
0.000103002
4.19989e-5
-1.65209e-6
6.69238e-5
-1.94287e-5
5.45005e-6
-6.59907e-5
6.26161e-5
-1.64568e-5
-4.51483e-5
0.000114818
-6.69583e-5
5.94903e-5
4.18223e-5
-3.42831e-5
0.000110725
-9.72479e-5
5.65385e-5
-0.000158109
9.302e-5
-6.60095e-5
0.000189432
-0.000196225
-4.51212e-5
-1.11468e-5
1.88492e-5
3.55572e-6
8.68286e-5
-4.74037e-5
2.98998e-5
-7.5343e-6
-1.07781e-6
0.000138819
-0.000297232
0.000220293
-0.000211324
0.000240001
-0.000231896
0.000277338
-4.9184e-6
7.97585e-6
0.000138409
-4.38844e-5
2.44031e-5
-2.20498e-5
2.53629e-5
-1.66916e-5
0.000102184
-7.02842e-5
4.35613e-5
-3.78368e-5
4.27564e-5
-4.97829e-5
3.9258e-5
-2.55451e-5
0.000132541
-6.44894e-5
4.40369e-5
-3.8215e-5
4.50259e-5
-5.87828e-5
6.77572e-5
-6.39857e-5
4.29151e-5
-2.85024e-5
-3.11362e-5
2.33865e-5
-1.80032e-5
2.16904e-5
-3.68959e-5
5.76178e-5
-7.15828e-5
6.91387e-5
-5.44568e-5
4.05121e-5
1.0513e-5
-5.25364e-6
9.71822e-6
-1.55328e-5
1.09836e-5
8.515e-6
-3.57748e-5
5.7053e-5
-6.4706e-5
6.00408e-5
-4.06779e-5
5.81786e-5
1.96975e-5
-3.91778e-5
5.55006e-5
-5.44696e-5
3.26594e-5
1.03902e-6
-3.14564e-5
5.23195e-5
-5.92661e-5
3.56081e-5
-3.58032e-5
6.76707e-5
-9.08236e-5
9.38085e-5
-7.10816e-5
3.28367e-5
3.7759e-6
-4.51487e-5
0.000105578
-0.000137873
-6.69317e-5
0.000109415
-0.000114223
9.77406e-5
-5.77259e-5
3.09841e-5
9.5937e-6
-3.50804e-5
-9.73167e-5
0.000122287
-0.000120784
6.7681e-5
-7.25027e-5
-2.6297e-6
0.000136862
-7.35591e-5
