0.0205481
-0.106189
0.110996
0.020674
0.130177
-0.105671
0.1083
-0.139812
-0.0830601
0.0941632
-0.0499592
-0.0736803
-0.0440735
0.0611997
0.0377107
0.0441247
-0.0288537
0.0127307
-0.00967334
-0.000360085
0.0115562
0.00813792
-0.00699402
-0.00263379
-0.00416501
-0.00795821
-0.00310239
0.0259041
-0.0425222
-0.0292189
0.0259037
-0.0286411
0.02367
0.0190007
0.00918755
-0.0200519
-0.00484386
-0.00527114
0.00153335
0.017639
-0.0281963
0.0178127
0.0126854
-0.0455264
-0.00988146
0.0109036
-0.00748373
-0.00287403
0.00959197
-0.0130782
0.00937529
0.00904976
0.000304375
-0.00671759
-0.000208363
-3.32144e-5
3.9637e-5
0.00163771
-0.0147769
0.01419
-0.00872358
0.0157299
-0.0461278
-0.0140461
0.0135928
-0.0180103
0.0204257
-0.0166597
0.00948876
-0.00231435
-0.00144031
0.00335278
0.00176597
-0.00112949
-0.00246113
-3.10567e-5
0.0015726
-4.97307e-6
0.000242135
0.0175036
0.00123382
-0.0115258
0.0229523
-0.0312149
0.0315986
-0.02444
0.0143065
-0.006232
0.00202192
-0.000126843
-0.000756087
0.105912
-0.0994074
0.0190013
-0.102307
0.122245
-0.00088317
-0.0452624
0.0200666
0.00314261
-0.0218623
0.0345707
-0.0371128
0.0300813
-0.0189127
0.00942454
-0.00390527
0.000280657
0.00122215
0.000158761
-0.000866175
0.000133053
0.000154737
-5.53243e-5
-7.12072e-5
0.0927617
-0.0784764
0.0566347
-0.0235304
0.00262969
0.0164341
-0.0295122
0.032389
-0.0263007
0.0167408
-0.00873173
0.00420959
-0.00169438
0.000832659
-0.000282826
5.84086e-5
-0.0441691
-0.0398632
0.0191556
-0.00635923
-0.00915452
0.0196694
-0.0219691
0.0178301
-0.011522
0.0065115
-0.00539663
0.00509345
-0.00100646
-0.000121088
-9.77222e-5
0.0442337
-0.031213
-0.0293269
0.024506
-0.0174335
0.00481726
0.0037123
-0.0102314
0.0119345
-0.0098874
0.00693297
-0.00365316
0.00379117
-0.00390132
0.00176898
-0.000849547
0.000803332
0.00972269
0.0082972
-0.0047005
-0.000852666
0.00420047
-0.00546428
0.00498664
-0.00601173
0.00390912
-0.00479486
0.00129535
0.000308614
3.75468e-5
-0.00558785
0.00225492
0.00061921
0.00239201
-0.00110763
-0.00104093
0.00191117
-0.00209091
0.00572868
-0.00432982
0.000366635
0.00127239
-0.000978472
0.000489528
-0.000220149
0.000145747
-0.000689271
0.000901332
0.000654441
-0.00141413
0.00119239
-0.000145136
-0.00110474
0.00197245
-0.000974294
-1.16816e-5
0.000156327
5.85185e-6
-0.00043286
-4.00291e-5
0.000322685
-0.000439923
0.000880337
-7.33818e-5
-0.00094041
-1.32254e-6
-5.13896e-5
5.82332e-5
-0.00383117
0.0132272
-0.00748953
0.00299807
-0.0361705
0.022488
-0.0125655
0.00491443
0.112321
-0.0537159
-0.000472485
0.0204335
-0.0628122
0.036889
-0.00951348
0.0440926
-0.0199102
-0.0041101
-0.0196179
0.0041835
0.0109647
0.00381275
0.00318348
-0.0169722
-0.00270162
-0.00355249
0.00678007
0.00319253
-0.00292632
0.000670328
0.00705158
-0.00224299
-0.0150555
-0.0117463
0.00267996
0.000187399
0.00030536
0.0241947
-0.00129662
0.00164358
-0.0018117
0.00112488
0.000339809
-0.000477658
0.00035112
-0.000118033
-0.000439077
-0.00367991
0.0156472
-0.00374796
-0.0150339
0.000270929
0.0392678
0.00026062
-4.20101e-5
-8.64775e-5
0.000306029
2.56257e-5
-0.000156385
-0.00223161
0.00711189
0.000606029
0.00251426
-0.0118353
0.000257587
0.0241718
5.9423e-5
-3.24523e-5
-5.88781e-5
7.49915e-5
4.35154e-5
5.95731e-6
-3.45265e-5
0.00388288
-0.00616987
-7.92745e-5
-1.50572e-5
-0.00723717
0.0125738
-0.00380853
0.023814
-0.0357544
0.000281524
-4.60299e-5
2.4642e-5
-5.13282e-7
-2.78532e-5
-3.50529e-6
6.19591e-6
-9.41307e-7
1.0678e-6
-0.0595748
0.111744
-0.135538
3.3955e-5
-1.15643e-5
-2.80599e-7
0.0553542
-0.0717423
0.108589
3.92031e-6
2.21709e-6
2.9437e-6
-0.0516867
0.0630028
-0.0784659
-1.25282e-5
-1.11774e-7
-9.67646e-7
0.0458187
-0.0456042
0.0441371
1.88044e-5
1.09956e-6
3.28338e-7
-0.0300462
0.0260436
-0.0170707
0.022673
0.00024764
-5.63774e-5
2.44278e-5
-4.42985e-6
0.0119544
0.0070106
-0.0073229
-6.23929e-5
-1.40057e-5
-2.84161e-5
-1.19918e-5
-0.0081963
0.00322899
0.00418282
-0.00352473
0.00217949
-0.000749361
-0.000125247
4.8533e-5
-1.06758e-5
-5.38738e-6
2.17711e-5
-0.00113053
-0.00095145
0.000476231
-9.54499e-5
-0.000121881
0.000126851
-3.00982e-5
8.09557e-6
2.25357e-6
0.000551146
-0.000196622
-8.02961e-6
-0.000215948
0.000104844
-7.19047e-5
6.75613e-5
0.000271618
-4.81898e-5
4.21219e-5
1.05997e-5
-3.30878e-5
6.08146e-7
9.50542e-6
3.0458e-7
1.65542e-6
5.28644e-5
-5.08107e-5
2.29153e-5
-2.24914e-5
8.67435e-6
6.90013e-6
-1.41821e-5
1.17213e-5
-5.95916e-5
-3.27254e-5
-1.91688e-5
-7.8349e-6
1.28914e-6
1.12247e-6
-4.73058e-6
-5.85612e-6
2.45606e-5
-1.15033e-5
8.15535e-6
-4.64725e-6
4.17966e-7
1.39395e-6
2.55376e-6
2.67678e-5
2.6652e-5
-1.40372e-5
-7.41457e-6
2.68503e-6
1.61846e-6
-2.04015e-6
1.54219e-6
-4.69031e-7
-4.17031e-7
-5.19137e-6
-8.89667e-5
-0.00422539
0.00210524
0.00593906
0.00208788
-0.0047953
-0.00226862
-0.000695894
-0.0141905
0.0217214
-0.0155831
0.036459
-0.0479787
0.0324894
-0.0555637
0.0663788
-0.0387106
0.0564421
-0.0577646
0.0286847
-0.0390562
0.0312762
0.0130519
-0.00379435
-0.00401151
-0.00860795
-7.55712e-6
-0.000450503
0.000455451
0.00193192
-0.00119612
0.000184958
-0.000278143
-0.00115193
-0.00192986
0.0130873
0.00356648
-0.0112921
-0.00308698
0.00730566
-4.59435e-5
0.000296838
-9.76521e-5
2.0438e-5
0.00187498
-0.00398233
-0.000953267
0.00184377
-0.00019675
0.00117904
-0.00020424
3.047e-5
0.000420652
-0.000749727
-0.000166955
0.000272089
-8.72047e-5
0.000317724
-5.03001e-5
0.000252006
2.8687e-5
6.06754e-5
-8.86272e-5
-1.83698e-5
2.51115e-5
0.000522583
-0.000358797
-3.36859e-5
-0.00147602
0.00180262
1.20806e-5
1.48455e-5
9.44419e-8
-6.40049e-6
9.04757e-7
-8.40419e-7
3.49132e-6
0.00618786
-3.4179e-7
0.00769521
-0.0085875
0.00027322
-0.0103474
0.0160031
0.000191699
-0.0173715
-2.1406e-7
8.73705e-8
3.71227e-7
2.10697e-7
-9.04701e-8
1.48159e-8
-8.29717e-8
0.0176719
-0.02395
0.0338523
-3.43217e-7
1.82757e-7
-2.90835e-9
-0.0239773
0.0299294
-0.0393199
-5.90449e-7
8.45436e-8
-5.68262e-8
0.0263079
-0.0318937
0.0395445
2.63036e-7
-4.64763e-8
-7.99665e-9
-0.0227232
0.0265719
-0.0322994
-1.45578e-8
-1.5197e-7
2.4948e-8
0.0156197
-0.0145834
0.0198071
1.15301e-6
-3.42769e-7
1.04622e-7
-0.00864901
-0.00786334
1.55339e-6
4.76401e-8
1.25661e-7
0.00647261
-0.00437647
-0.0041993
0.00314646
-0.0027935
4.5474e-6
-1.70067e-6
5.78967e-7
-4.10203e-7
0.00125379
0.000689635
2.10087e-7
-1.39865e-7
1.43187e-7
-0.000458976
0.000295854
0.000125779
5.42652e-7
-1.10937e-6
-2.32818e-7
-3.10893e-8
-1.97469e-8
-2.18557e-5
1.54165e-5
7.92348e-6
-4.5246e-6
-1.5076e-7
-1.44328e-6
1.27462e-7
2.97974e-7
-2.8896e-6
7.65862e-8
2.25331e-6
3.99428e-6
-3.43347e-6
5.61751e-6
1.23689e-7
4.64541e-7
2.03658e-7
-5.44881e-8
-4.1768e-7
-4.57611e-7
-1.37288e-6
1.02672e-6
-1.17135e-6
1.45212e-7
3.52284e-7
-4.0146e-7
1.98465e-7
2.51536e-7
1.32762e-6
1.51039e-7
1.88393e-6
-2.43513e-6
-1.15402e-7
1.56805e-7
2.13545e-7
2.64707e-8
-5.6348e-7
4.14748e-7
-1.41241e-7
-2.19921e-8
8.07432e-8
-6.46649e-8
-2.38976e-7
-4.53564e-7
-6.77812e-7
1.80496e-7
1.039e-6
-1.42545e-7
-4.25141e-8
4.77423e-8
-1.26754e-8
-1.2744e-8
4.55924e-8
1.63479e-7
0.000398302
6.90528e-5
-0.00213573
0.00471322
-0.00728952
0.00704599
0.00455618
-0.0040338
-0.0221933
0.0182605
0.0464311
-0.0365816
-0.0624363
0.0415884
0.0410571
-0.0126256
-0.00703583
-0.0220343
-0.0196233
0.0490691
0.0257502
-0.0372416
-0.026771
0.0322981
-2.77961e-5
7.21937e-6
8.55193e-5
-1.76789e-5
0.000136243
-0.000220433
0.0211311
-0.029035
-0.0123652
0.0156996
0.00600605
-0.00603147
-6.05171e-6
1.53254e-5
-7.43266e-7
-7.39692e-7
-0.00259852
0.00252647
0.000999159
-0.000982958
-1.1612e-5
5.69388e-5
-1.20625e-5
2.93025e-6
-0.00034321
0.000347474
0.000105816
-0.000113099
-5.62714e-6
1.6996e-5
-4.93922e-6
2.209e-6
-2.91269e-5
3.41294e-5
6.95889e-6
-1.09291e-5
-5.55881e-5
4.2192e-5
5.15189e-6
9.22877e-5
-0.000373983
3.02297e-6
-1.23026e-6
3.4333e-6
-1.20063e-6
5.54204e-7
-1.1319e-6
5.10275e-7
-0.00241434
-0.000455187
0.000494713
0.0109751
-0.00932417
-0.000127503
-1.19134e-7
-2.76157e-7
4.15636e-8
-1.20923e-8
1.08731e-7
-0.0054766
0.00871665
-1.15102e-8
-7.17271e-9
0.0118438
-0.0137685
1.06381e-8
1.92453e-9
-0.0163775
0.0196791
1.31285e-8
-4.93768e-9
0.0181177
-0.0216805
8.27512e-12
-2.62984e-9
-0.0130692
0.0179336
-2.17598e-8
1.7176e-9
0.00853603
-0.012336
-2.95251e-8
1.01211e-8
-0.00498729
0.00702757
-5.34366e-8
1.69529e-8
0.00278691
0.0025838
-9.58391e-8
1.04427e-7
-1.51254e-9
-0.00140557
0.000748173
0.000514383
-0.000924531
-6.34894e-9
1.94884e-8
-1.64671e-8
-0.000147903
-7.9326e-5
1.26171e-8
-1.26798e-8
-3.49017e-10
2.99239e-5
-6.88341e-6
-1.89963e-6
-3.09444e-6
-4.34014e-8
-6.30014e-9
6.78544e-10
-2.82058e-9
-1.36444e-6
1.16047e-6
9.85636e-7
2.84167e-7
-2.03946e-8
-5.98938e-8
4.4581e-9
1.09002e-8
-3.78562e-7
-4.34901e-8
1.08785e-7
2.23011e-7
4.71665e-9
2.82583e-8
1.03688e-8
-1.03947e-9
3.11788e-8
-4.63331e-8
-4.08928e-8
-9.41456e-8
1.49465e-7
2.08713e-7
-2.05671e-7
-6.05378e-9
-5.20434e-9
-4.29779e-9
5.5877e-10
2.52545e-8
9.92573e-9
-9.53315e-9
5.53399e-8
-4.10258e-9
-1.02789e-8
6.67752e-9
3.35817e-10
-4.04037e-8
-4.98366e-8
-1.00535e-7
-1.4029e-8
-1.56973e-8
3.37272e-8
8.64596e-9
-1.12043e-8
-1.12219e-8
3.48257e-9
1.13299e-9
-2.08841e-9
1.95223e-9
2.04282e-8
3.70922e-8
-0.000435255
-0.00361331
0.0226279
-0.00771718
-0.0130106
0.0324688
-0.0401661
0.0211761
0.000766442
-0.0193703
-0.0263121
0.00633364
0.0134351
0.00948237
0.0118962
-0.00900865
-0.0116607
-0.0372304
-0.014213
0.0366488
0.0367337
-0.000582481
-0.000798451
0.00325923
-0.00963365
0.00994558
-0.00567768
0.00722969
-0.01119
-0.045989
0.0473179
0.033491
-0.0228854
-0.0207697
-0.0169616
-0.0105575
0.0163444
0.0200722
5.4447e-6
4.52329e-5
-5.13146e-5
0.000276378
-0.000344883
-3.7133e-5
-0.00837229
0.00601865
0.0016194
0.00346806
0.00226486
-0.00327303
-0.00170063
-3.2114e-6
1.62344e-6
-1.48586e-6
-1.53931e-5
0.000920164
-0.00154523
-0.000394562
0.000579587
-3.53982e-7
3.30782e-6
-9.96174e-7
2.45996e-6
0.00015335
-0.000233489
-4.95446e-5
6.23006e-5
6.21379e-7
1.02435e-6
-9.42774e-7
-1.59861e-6
1.40702e-5
-2.10369e-5
-2.48783e-6
4.18938e-6
3.26943e-5
-2.09306e-5
-2.81307e-6
-3.1412e-5
8.23999e-5
-7.50767e-6
-2.74504e-7
8.2249e-7
-1.9431e-6
3.21973e-7
3.81369e-7
-2.37345e-7
-1.12778e-7
0.00057138
-0.000515017
0.000223973
-0.00435058
0.00584797
-0.0001018
5.61167e-8
3.23975e-8
1.49666e-7
-5.14484e-8
-3.51559e-8
-1.08034e-8
0.00410629
-0.0100645
1.12914e-8
5.34384e-9
0.00625101
-2.50861e-9
0.0123804
-0.0190139
0.00522388
-0.0127875
0.0237109
-0.00607651
-0.0152666
2.20238e-9
-6.73183e-10
6.53978e-11
7.75421e-10
-1.75074e-9
3.13123e-10
-1.72829e-10
7.74991e-11
0.0122219
-0.0166736
0.0153081
1.54791e-9
-4.68264e-10
1.27122e-10
-0.00921281
0.0118079
-0.0128854
6.81648e-10
-5.07825e-11
1.62674e-10
0.00823666
-0.00674036
0.00862916
-1.09177e-9
7.2407e-10
-3.13757e-10
-0.00388738
-0.00504468
-5.83319e-9
-2.41347e-11
0.00299507
-0.000881754
-0.00172749
0.00304894
-3.27003e-9
7.7309e-10
2.39161e-9
-1.12722e-9
-5.5393e-10
0.00115349
-0.00167962
-9.99301e-11
-2.78268e-10
-0.000459561
-0.000248235
8.8043e-9
5.07585e-9
0.000100808
5.51553e-5
-3.67013e-6
5.99485e-5
-9.76184e-9
1.76164e-8
-2.05342e-8
2.4508e-8
2.78422e-9
-5.22848e-6
-1.85955e-6
2.54014e-9
1.48281e-9
2.90851e-6
2.48895e-8
-7.51832e-7
-2.82574e-7
-1.03544e-9
-7.92774e-10
-8.99268e-9
7.2173e-9
1.33817e-8
6.10345e-9
6.36534e-8
2.89272e-7
4.02904e-8
7.61517e-8
-1.40382e-9
-2.55386e-9
-2.10102e-9
8.21102e-10
-1.2638e-8
2.78292e-8
-7.01217e-9
9.44907e-9
2.00132e-9
8.40831e-10
4.19563e-10
2.95991e-10
9.60218e-9
2.25653e-9
-4.0644e-9
-1.89788e-9
-1.0036e-8
8.86169e-9
-6.89521e-9
7.61848e-10
-9.9604e-10
1.40807e-9
1.08418e-9
-2.07395e-9
1.12162e-9
-2.89963e-9
6.46668e-9
2.30226e-9
-1.46896e-9
1.74885e-10
7.043e-10
-1.55828e-9
3.23246e-9
-1.39844e-8
-3.90165e-9
-2.2735e-10
-7.76545e-10
9.07184e-10
-4.7616e-10
3.2568e-10
-4.7055e-10
5.83126e-10
-9.17045e-10
-7.14661e-10
-3.31768e-10
4.36215e-10
-2.49656e-10
3.71003e-10
-8.07848e-10
2.15712e-9
2.36238e-9
6.06534e-10
-8.88432e-11
7.53587e-12
5.69652e-11
-5.39241e-11
-4.90723e-11
-2.12105e-11
-3.32366e-11
4.1789e-10
-9.28451e-10
0.0151607
0.051411
-0.0441607
0.0423929
-0.0619924
0.0262792
-0.0207053
-0.0145226
0.00698302
0.0113844
-0.000793671
-0.0196645
-0.00573231
0.0137387
0.000338847
0.0133448
-0.0213389
0.0236089
-0.0213898
0.0125019
-0.0324671
-0.0331444
0.0195818
0.0158221
-0.00548918
-0.0079314
-0.00438839
0.00570197
0.000207074
-0.000971613
0.00117789
-0.00440122
0.00141811
-0.00515603
0.00168419
0.00237615
0.00156816
-0.00190761
-1.19335e-5
1.46072e-5
2.97353e-5
-8.61593e-5
0.000118361
-1.47249e-5
0.0011717
-0.000769494
-0.000181948
-0.000399823
-0.00026738
0.000439705
0.000163544
-7.34963e-7
-1.6954e-7
2.29422e-6
2.11259e-6
-1.00905e-6
-6.62681e-5
-7.75157e-6
8.06655e-5
1.4088e-5
-2.40256e-5
4.67108e-6
7.66998e-6
1.77742e-5
-3.90475e-6
1.91385e-6
-7.39303e-6
5.77382e-6
8.69788e-6
2.16693e-6
0.000127335
1.40504e-6
-0.000140621
0.000270411
9.47739e-5
-2.3478e-7
-1.39671e-7
-1.26332e-6
4.04129e-7
3.89618e-8
0.00189865
-0.00125779
0.00114979
-0.00647795
0.00457542
-0.00148001
-3.6121e-9
1.47931e-8
-5.10859e-9
-4.47142e-9
2.6284e-9
-3.04491e-9
0.00703862
6.55347e-10
0.00372076
-0.00910905
0.00581195
-0.0040574
0.00574607
-0.0112856
-2.995e-10
7.79367e-11
-4.00367e-10
9.01797e-12
-8.28772e-11
2.20442e-10
0.00163893
-0.00620135
-1.06369e-10
2.91093e-10
-0.000527963
0.00554479
-1.14067e-10
1.06934e-10
-0.00220118
-0.00482551
1.87593e-10
4.15893e-10
0.00160592
0.00052378
-0.000859644
-0.000395852
0.000749985
4.05939e-10
-3.28514e-10
6.64379e-10
1.80415e-10
2.40492e-9
0.000276848
-0.000669349
-1.1865e-9
2.33147e-10
9.35809e-5
-3.90716e-5
5.74254e-6
1.26767e-5
-3.41907e-5
-2.6525e-8
2.59847e-8
-2.91926e-8
2.55468e-8
3.40143e-9
5.19784e-6
-1.40507e-6
1.85488e-7
5.04095e-7
-4.56978e-7
-1.41396e-8
1.63555e-8
-1.93487e-8
1.72964e-8
6.32009e-9
-1.59649e-7
-1.10793e-7
-4.05872e-11
2.76634e-9
-1.24514e-8
5.72287e-8
2.53273e-8
-5.47572e-9
-2.48515e-10
-3.92703e-11
-3.48321e-11
-1.62539e-9
3.56685e-9
-1.1133e-8
-4.61803e-9
4.58763e-9
-2.86712e-9
-2.44174e-10
5.18398e-10
-4.86753e-10
1.82281e-10
-1.81117e-9
-6.21324e-10
7.38005e-10
-7.26216e-10
1.80252e-10
-1.37768e-13
1.9327e-11
-4.61144e-12
3.2004e-10
-1.08179e-9
1.98956e-10
9.20109e-11
6.40735e-11
1.27199e-11
2.69498e-11
3.49817e-10
-5.80987e-10
-3.96833e-13
2.71866e-11
3.31846e-12
-1.53609e-11
5.8121e-11
4.66384e-12
-2.78237e-12
-3.65266e-11
-9.55377e-11
1.79962e-11
2.94491e-11
2.98421e-11
2.45675e-11
-1.45446e-10
4.43749e-11
2.56067e-10
1.15667e-10
-5.46442e-11
-2.54916e-11
-2.20744e-11
-2.56542e-11
-3.29814e-11
-7.17683e-11
5.5061e-11
2.39621e-10
-8.73243e-13
0.0341019
0.0297708
-0.00308771
-0.0167329
-0.0279079
0.000133336
0.0247193
0.00717048
-0.0162625
-0.00341819
0.00713221
-0.0064501
0.00739696
0.0330839
-0.037015
0.042306
-0.0448431
0.0272663
-0.0383369
-0.0109823
0.00463768
0.00318307
0.000265981
-0.00082702
-0.000690829
0.000354557
0.000109452
-0.00485751
0.00397839
-0.016168
0.00541721
-0.00141
-0.000556448
0.000520727
0.000578685
-0.000396872
-4.80929e-5
0.000346369
-0.00039625
0.00111193
-0.000436222
0.000592698
2.69407e-5
-0.000212954
-0.00022523
0.000229249
-1.25643e-5
4.93122e-5
-8.46625e-5
-0.000174734
-0.000126144
0.000172531
-7.67203e-6
3.27527e-5
-4.88143e-5
-3.37659e-5
-1.34325e-6
3.52778e-5
-6.84525e-6
-1.09529e-5
5.38192e-5
-0.000124307
-5.96194e-5
9.6313e-7
-3.95927e-6
2.96005e-6
3.86372e-6
1.20323e-6
-0.000449771
0.000357637
-0.00036406
0.00204211
0.000439521
-4.74199e-9
-1.35222e-7
-8.01014e-7
1.06567e-7
3.56677e-8
0.00602836
-0.00429265
0.002578
-0.012639
0.00938401
-0.00398368
-3.20056e-10
-7.54918e-9
-1.301e-8
1.59675e-8
-1.11838e-10
2.48697e-9
0.0104301
9.70238e-10
-0.00234219
-0.00413752
0.00353661
0.00243376
0.00723883
-0.00956472
-0.00258979
-0.0098291
-3.95326e-10
-3.01935e-10
-7.74163e-10
2.5567e-9
-0.00904029
0.00990458
0.00463118
-7.98212e-10
1.79026e-9
0.0108634
-0.00770817
-0.00563548
3.88115e-11
2.58427e-9
-0.00879903
0.00328315
0.0071002
-3.20927e-9
6.18401e-9
0.000847529
0.000740065
-0.000974857
-0.000203387
0.000259932
4.03182e-10
4.82047e-10
-4.5047e-9
4.35154e-5
-0.00013743
-1.70832e-9
4.33354e-10
-1.3662e-5
-2.02309e-7
4.23152e-6
-4.68392e-7
2.91186e-6
-2.77084e-8
1.97314e-8
-2.22329e-8
1.17734e-8
-8.09503e-10
-2.29852e-6
4.60474e-7
1.82744e-7
-1.3452e-7
1.35268e-7
-1.89884e-8
1.66219e-8
-1.96381e-8
1.36871e-8
2.57554e-9
-3.51343e-8
-7.20942e-9
-9.38312e-10
-1.1422e-8
6.19611e-10
-2.05261e-9
3.13691e-9
2.8268e-9
7.49495e-10
2.60697e-9
1.82809e-9
-1.28072e-9
-9.07771e-10
-2.84813e-11
-6.59634e-10
5.95563e-10
-1.10127e-10
-4.94349e-10
4.32699e-10
1.03171e-9
-4.61425e-9
-1.30784e-10
-1.00561e-10
8.93685e-12
-6.2862e-11
-3.10155e-11
-1.59992e-11
2.14231e-11
-1.71858e-10
1.07822e-9
-2.26085e-9
2.11274e-11
1.49601e-11
3.12458e-12
-1.00653e-11
3.12106e-12
3.27431e-11
-1.07083e-10
1.20301e-11
1.05062e-10
6.43979e-11
1.74612e-11
3.82772e-11
1.99248e-11
2.4523e-11
-2.20081e-11
9.95152e-12
5.79427e-11
-5.71857e-11
7.1743e-11
9.3296e-11
2.04413e-10
-3.10649e-10
-4.09342e-10
1.73615e-10
-6.31904e-11
9.21476e-11
-4.04571e-10
-2.26984e-10
-1.66045e-10
-4.02342e-10
3.22171e-10
0.0273389
0.0246816
-0.0195274
-0.0212071
-0.0136643
0.00245817
0.0110529
0.0316824
-0.0479262
0.0620326
-0.043506
0.0222525
-0.00678798
0.00278696
0.000134975
-0.00266743
0.000519315
0.000138945
0.000204829
8.27221e-5
-0.00154955
-0.00735035
0.00819725
-0.0167959
0.0122254
-1.10472e-5
-9.94561e-5
-7.1814e-5
8.22003e-6
3.25315e-5
0.000108961
0.00072261
-0.000515454
0.00247311
-0.000862503
5.00929e-5
9.88182e-5
2.00663e-5
-3.29953e-5
1.92116e-5
3.03846e-5
5.57263e-5
-0.000222943
-7.20482e-5
-8.78299e-5
8.37226e-5
2.35337e-5
3.20184e-5
-8.60752e-5
-7.11747e-5
-5.34686e-5
7.28041e-5
4.83802e-5
3.27287e-5
-5.89701e-5
-1.42116e-5
-8.45705e-7
1.41453e-5
0.000170911
-0.000133632
5.71565e-5
-0.000545585
-9.71597e-5
6.3021e-7
-2.20104e-6
1.21131e-7
2.64423e-6
9.23918e-7
-0.00145865
0.00124318
-0.000511072
0.0041027
0.000729489
1.40561e-8
-1.07477e-8
-1.03387e-7
-4.37317e-8
-1.98363e-8
0.00887326
-0.00826798
0.0049387
-0.00749364
-0.0120447
0.0116669
-0.00469505
1.06019e-8
-3.53491e-8
-1.23433e-8
3.61716e-8
-7.72285e-8
0.00584008
2.97839e-9
-6.36264e-10
-1.58977e-10
-5.33693e-9
-7.62249e-9
-3.08778e-9
-1.2634e-8
-0.000350792
8.70242e-9
-2.80509e-8
0.000297021
-8.15902e-5
-2.64775e-9
-4.4956e-9
-4.20132e-5
5.21628e-5
4.28835e-9
-1.14873e-5
6.23887e-6
-1.72156e-8
2.76065e-9
-1.3891e-7
3.9191e-6
1.36195e-7
-8.36238e-7
-1.3876e-8
4.97139e-9
-2.08748e-9
2.60683e-7
-1.12141e-7
3.54548e-9
2.43749e-8
-1.30795e-7
-1.48979e-8
8.51219e-9
-9.52514e-9
1.29331e-9
2.85554e-9
5.00735e-8
-1.04566e-8
-3.46769e-9
4.6038e-9
1.84355e-9
-8.96213e-10
-5.81848e-9
-9.14634e-10
-1.73237e-9
-1.81506e-10
6.73143e-9
-2.69748e-9
-5.49885e-9
5.39806e-10
-6.94136e-10
-4.67319e-12
2.32787e-9
3.99116e-9
-1.75701e-8
-8.69593e-11
2.18315e-10
6.50711e-11
9.04821e-12
2.72985e-10
-1.81334e-9
5.25262e-9
-9.78268e-9
-3.45777e-11
2.26526e-11
-1.33806e-11
-3.15571e-11
9.9672e-13
-1.41485e-10
-2.57215e-11
-1.59925e-10
-2.88308e-10
1.12701e-9
4.95192e-11
1.11404e-10
-9.18308e-11
4.03614e-11
1.78028e-10
-1.35143e-10
1.41767e-10
8.16371e-10
-7.49086e-10
1.196e-9
1.26306e-9
6.87451e-10
1.2972e-10
2.45099e-10
-9.22632e-10
4.68951e-10
-2.05455e-10
-1.90149e-10
5.21214e-10
5.38165e-10
4.64428e-10
1.0069e-9
-2.71575e-9
1.13636e-9
-4.20479e-9
0.0383987
-0.0249374
-0.0618712
0.0678046
-0.0415732
0.0770281
-0.0800606
-0.0767562
0.0713513
0.0527711
-0.0455612
-0.0247655
0.0192334
0.00782824
-0.00507493
-0.0014859
0.000318348
-1.43897e-5
-4.53839e-5
-0.000255172
-0.000241671
-0.00617669
-0.00965309
0.00516705
0.0146852
-0.00497569
0.00438784
0.00266615
-0.000171195
0.000128001
4.84521e-5
-5.29766e-6
-4.15574e-6
0.000360251
0.000258007
-0.000138088
-0.000115045
0.00206651
-0.000732356
-1.90983e-5
7.90097e-6
1.43598e-6
8.11238e-5
1.9797e-5
-0.00012163
1.02814e-5
-4.3793e-6
4.83764e-6
4.27522e-5
-4.42445e-6
-2.57345e-5
-2.48327e-5
-3.34396e-5
3.10513e-5
4.47231e-5
-2.8098e-6
-1.52973e-5
-3.22283e-5
-2.57181e-5
4.1769e-5
8.55354e-5
-1.49013e-6
-1.67566e-5
-7.40349e-6
-3.00732e-6
1.49139e-5
0.000330862
-0.000250142
3.28537e-5
-0.000113465
-0.00076928
-3.00869e-5
-8.30625e-7
2.96944e-6
5.49319e-7
-2.0817e-6
-0.00357001
0.00194694
-0.000380388
0.00135176
0.00666413
0.000378231
9.59213e-8
-5.59081e-7
7.94385e-8
-3.01087e-7
6.78089e-7
1.74652e-7
0.00161367
0.00448148
-0.00573776
0.00124648
-0.00798212
0.00154322
0.00592454
-4.35214e-8
1.83121e-7
-4.49076e-10
1.24702e-8
3.94256e-8
0.0138644
-0.00922683
5.60275e-9
1.55146e-8
-0.0153649
0.0138768
3.17915e-8
-9.0389e-8
0.0109513
-0.0105976
6.67041e-9
-7.23224e-8
-0.00510771
0.00567908
2.12507e-8
1.92212e-8
0.00141257
-0.00135176
7.28101e-8
-2.07795e-7
-0.000467621
0.000478756
6.81521e-8
-2.95062e-7
9.5851e-6
-0.000124648
-5.09219e-8
3.81555e-5
-3.20727e-5
-6.97628e-8
3.57533e-7
-2.75878e-5
-8.86847e-6
3.83271e-9
5.1886e-8
5.61093e-8
1.84872e-6
-1.41953e-6
-2.44175e-8
2.35164e-7
-4.6665e-7
5.62432e-9
9.35873e-8
-1.64751e-7
1.99677e-7
2.7756e-8
1.82314e-8
2.46339e-9
-5.56578e-9
-1.02526e-8
-3.57635e-8
-3.92709e-9
-4.72884e-9
-6.93651e-9
2.33625e-8
5.48505e-9
1.43905e-8
-2.32615e-9
1.40379e-9
1.58364e-9
2.2239e-8
3.73702e-9
-3.8745e-8
8.74266e-10
-1.31042e-9
-4.55771e-10
9.53587e-9
9.06203e-9
-6.94071e-8
-3.53573e-10
1.08605e-9
1.92381e-10
-6.784e-9
1.98756e-8
-2.84449e-8
2.24671e-11
-7.44002e-10
-1.7806e-10
6.40549e-10
2.07648e-11
5.74335e-10
-4.11664e-10
-2.44724e-10
3.48711e-9
2.92787e-10
3.17856e-10
-3.26562e-10
2.22019e-10
7.26767e-10
-6.61604e-10
-2.10529e-9
-3.37371e-9
-1.69604e-9
6.30778e-10
-2.55924e-9
9.77539e-10
1.3792e-9
-5.89668e-10
2.51483e-9
1.12703e-9
-8.48399e-10
-1.93135e-9
-8.58684e-10
-2.00741e-9
-1.02807e-9
9.73223e-9
-2.06678e-9
-1.82858e-8
1.45684e-8
1.43592e-8
3.08738e-9
3.55391e-9
-2.85171e-9
7.69005e-12
5.74698e-9
4.04118e-9
1.69822e-9
9.74451e-9
-1.99179e-8
1.29185e-8
-0.0470044
0.0387359
0.0600437
-0.0277249
-0.0487536
0.0179126
0.0255995
0.000834852
-0.00467661
-0.0163537
-0.00279451
0.0107079
0.00238622
-0.00413984
0.00010277
0.00110262
-0.00474062
0.000841178
0.0147268
-0.0250436
0.00863179
0.0361353
0.00049113
-0.00056018
-6.51455e-5
-1.87604e-5
-1.77745e-5
1.16713e-5
-0.00230607
0.000909475
-0.00285767
0.00151773
-1.90811e-6
2.86719e-6
-4.19346e-6
-1.26474e-7
4.86175e-5
5.3719e-5
-2.00642e-5
0.000232222
-6.25586e-5
-8.64768e-7
3.11405e-7
2.15337e-7
1.24256e-5
-3.12529e-6
-1.26692e-5
6.16027e-6
-1.93963e-6
1.38911e-6
9.77282e-6
-2.94967e-6
-7.68685e-7
-1.33611e-5
-3.71261e-5
4.37873e-5
1.29563e-5
-2.62654e-6
-8.78382e-7
-4.20831e-5
-8.39383e-5
9.33512e-5
4.21549e-5
-1.55496e-6
-8.61893e-6
-1.33392e-6
-7.10113e-6
1.63546e-5
7.05238e-6
-2.405e-5
-0.000550864
-0.000196179
0.000205703
7.86298e-5
2.43079e-6
-9.48539e-6
-2.57088e-6
9.51599e-6
0.00227963
-0.00469158
0.00273776
-0.00151877
-0.00239935
-0.00131327
-3.59989e-7
2.13837e-6
-4.10748e-7
1.04381e-6
-2.46028e-6
-2.97891e-7
-0.00837234
0.0106116
-0.00426629
0.00666125
0.0118112
-0.00656566
-0.0147709
0.00216426
-1.08618e-7
1.80314e-7
1.24163e-7
2.34731e-7
-0.0105322
0.00547269
0.014255
4.22378e-7
-1.46703e-6
0.00621528
-0.00206211
-0.00944115
-1.19536e-7
-3.24462e-7
-0.00195976
-0.00115199
0.00409649
2.58341e-7
6.58052e-7
0.000162638
0.00103069
-0.00110538
9.10186e-7
-3.22889e-6
8.47498e-5
-0.000382619
0.000246199
5.90845e-7
-3.03293e-6
6.42753e-6
0.000108532
5.33194e-5
-1.59549e-7
1.86217e-6
-9.11377e-7
-5.97984e-6
1.09337e-5
-5.89754e-7
-1.34032e-6
-5.77579e-6
2.29998e-7
2.13618e-6
2.24969e-6
-4.43768e-7
3.88281e-8
-1.71337e-7
5.53231e-8
-4.8816e-7
5.41191e-8
-2.16883e-7
1.66121e-7
-4.25187e-8
1.51244e-8
-2.12292e-8
2.78081e-9
-8.37965e-8
-3.5324e-8
6.35459e-8
-1.16282e-8
3.54321e-8
4.01148e-9
1.25673e-7
3.33952e-10
-3.39181e-9
-2.17924e-9
5.35924e-8
2.34081e-7
-3.20835e-7
-9.42935e-10
1.03771e-8
-1.96576e-10
-3.17996e-8
1.60702e-7
-1.98624e-7
2.31821e-9
1.11067e-9
3.99855e-10
-1.26454e-8
6.03255e-10
-3.42781e-9
4.52965e-9
1.01588e-8
1.30629e-8
-4.03511e-9
-2.15537e-9
4.47674e-9
-2.08982e-9
8.29255e-9
-1.89034e-9
7.43032e-10
4.96827e-9
9.83595e-10
-8.72419e-10
1.10399e-8
-7.67089e-9
-5.13513e-8
8.30632e-9
-8.10637e-8
-2.90604e-8
7.2646e-9
-1.90542e-8
1.68407e-8
-2.6767e-9
7.16112e-9
-2.15752e-8
-1.15021e-8
-2.01202e-8
4.82889e-10
-1.92516e-8
-1.5278e-8
7.05898e-8
5.30791e-8
-2.35244e-7
3.10073e-7
4.81138e-8
-3.09945e-9
8.70001e-8
-5.95879e-9
3.59018e-8
7.31818e-8
-2.1018e-7
0.014827
-0.0109374
-0.0263871
0.0107842
-0.020745
0.0132963
0.0139407
0.00817954
-0.0306167
0.0519259
-0.0218344
0.00708698
-0.00204758
0.000576101
-0.000541839
-0.000308844
2.27222e-5
0.000178953
0.000354972
-0.000474501
-0.003955
0.00127997
-3.52658e-5
9.5465e-6
-5.30481e-5
2.16102e-5
-0.000313453
9.28213e-5
-0.000682768
0.000265608
-6.24266e-6
1.91645e-6
-4.57266e-6
8.263e-7
4.76686e-6
6.36671e-6
-1.94497e-6
-1.09561e-6
1.39072e-5
-2.30046e-6
-9.44667e-7
4.39997e-6
1.00656e-7
-1.0409e-5
5.65753e-7
-1.08989e-6
5.51213e-7
-2.44522e-7
3.68872e-5
-9.32216e-5
4.26909e-7
3.98921e-8
2.74858e-8
-4.01858e-8
6.50945e-5
-0.000240951
1.84386e-6
-1.48054e-8
-3.43993e-7
4.22159e-7
-2.64222e-5
3.71364e-6
7.52592e-5
-0.000217551
-6.84416e-5
-2.83087e-5
2.0543e-5
8.3804e-6
3.32041e-5
-0.000103233
-3.24635e-5
9.90522e-5
0.000831393
0.000553845
-0.000378975
-0.000204008
-7.52423e-6
2.62372e-5
5.83951e-6
-2.04618e-5
0.000892362
-0.000501707
-0.000458037
-0.000789237
-0.00291502
0.00125494
0.000524292
8.28754e-7
-3.29207e-6
-4.16122e-7
1.15365e-6
7.52602e-8
-9.30376e-7
-1.63392e-6
3.42178e-6
3.75277e-6
-3.37076e-6
3.90117e-6
1.54633e-5
-0.000268307
4.05073e-6
9.65334e-5
-7.84445e-5
-0.000157004
-6.42608e-5
-5.46585e-6
6.31048e-6
-3.49414e-6
-2.26635e-5
2.66854e-6
5.14718e-5
-8.40752e-6
1.2084e-6
-4.83065e-6
1.61178e-6
-1.11147e-5
6.74759e-7
-4.90724e-6
4.39103e-6
-1.25378e-6
-6.5616e-8
-6.95223e-8
3.08521e-7
-1.12222e-6
3.45024e-7
-4.23867e-7
1.59583e-7
-2.46169e-9
6.16397e-8
-2.52929e-7
-8.57688e-9
-2.79425e-7
6.47799e-8
1.87836e-8
8.18511e-7
1.1825e-8
-4.77178e-8
4.09554e-9
3.83203e-9
-1.18004e-7
1.09054e-6
-2.74874e-8
-3.22081e-8
-1.2902e-8
1.37578e-7
-2.19685e-7
5.65654e-7
-1.68247e-8
1.52525e-7
6.00705e-8
-2.81471e-7
6.78656e-9
-3.33507e-8
4.24912e-8
-3.07493e-8
-1.72137e-8
2.83307e-9
-5.12971e-8
-2.00333e-9
7.30449e-9
-1.25094e-9
6.19922e-9
8.81364e-8
-3.35829e-8
-1.89427e-8
3.77311e-8
-3.24083e-8
1.53964e-7
-2.90703e-8
6.33829e-9
5.57312e-8
-2.09139e-8
-2.83885e-8
2.03423e-7
4.08706e-8
7.5785e-7
2.69637e-7
-8.13369e-7
-6.20099e-7
1.20915e-7
-1.13578e-7
-2.45199e-8
2.92979e-8
7.64769e-8
-2.17586e-7
-1.79324e-7
2.37746e-7
-6.40312e-7
7.29117e-7
-9.1096e-7
8.43137e-7
0.00718175
-0.00372176
0.00858284
-0.0381704
-0.0376332
0.0757379
0.0606491
-0.112451
-0.114551
0.145712
0.0363237
0.00162915
-0.0126157
-0.00745334
0.00474916
-0.00439169
0.00401056
-0.00158215
0.00885154
-0.00302712
-0.0140864
0.00414447
-0.00058601
9.241e-5
-0.000496169
0.000370323
0.000301058
-0.00014591
-0.000287268
2.50657e-5
-0.000107043
2.2872e-5
-5.80593e-5
1.03695e-5
-2.29591e-5
3.93178e-6
-8.97666e-5
2.80678e-5
-2.5364e-6
1.23933e-6
-1.59521e-6
-2.418e-6
4.24736e-8
-5.78416e-6
1.46581e-5
-1.73943e-5
9.06721e-7
-1.2064e-5
5.63217e-5
-0.000103526
-2.46084e-7
0.000105133
0.000387876
-0.000431551
8.60272e-8
0.000672691
0.000736621
-0.00133576
-5.47257e-6
-2.39024e-6
1.53646e-6
8.13862e-8
0.000283958
-0.000692529
-0.000268216
0.000640224
0.000147972
6.55212e-5
-4.99007e-5
-1.82303e-5
-8.15354e-5
0.000224271
6.35278e-5
-0.000172807
8.14609e-5
-0.000349783
4.03026e-5
0.000183169
1.25894e-5
-3.97802e-5
-2.5321e-6
2.43402e-5
-2.71844e-7
0.00259118
-0.00482862
0.00235871
-0.0014182
-0.000948663
-0.00433788
0.0048599
-0.00200409
4.88222e-6
5.09714e-7
-2.10131e-6
-3.79958e-5
-0.00337837
0.00970793
-0.00140581
-2.33207e-5
0.00010275
0.00719918
-0.0151005
-0.00247
1.64142e-5
-6.15002e-5
-0.0151371
0.0199613
0.00624306
-1.36968e-5
2.40095e-5
0.00464314
0.000431905
-0.00264877
-1.02806e-5
5.01327e-5
-0.00138204
-0.00225551
0.000757952
-4.53636e-5
0.00017994
0.000889816
-0.00128657
-8.67527e-5
0.000102772
-0.000173321
2.63287e-5
2.06648e-5
-0.000132981
2.0456e-5
-0.000106317
0.000103988
-2.9907e-5
1.20766e-6
-4.07885e-6
6.24943e-6
-1.79796e-5
5.83911e-8
-5.63963e-6
2.52117e-6
-3.34849e-7
-9.52093e-7
6.69189e-7
1.18568e-7
-7.663e-7
2.57328e-6
-1.90787e-6
4.06693e-7
-2.84676e-6
1.34605e-7
-9.82808e-7
-3.44741e-6
6.22074e-6
6.69968e-8
1.54638e-7
-2.95288e-6
3.33549e-6
-6.0793e-7
7.71867e-8
-4.63678e-7
7.46591e-7
2.12452e-7
1.58743e-7
9.29868e-8
-6.09151e-9
2.65573e-9
1.03389e-8
-1.73183e-7
6.50705e-8
-1.44536e-6
3.3421e-9
2.6929e-8
-6.34865e-7
-2.89779e-8
1.33363e-7
-1.82141e-8
8.95919e-9
1.44749e-6
-3.26437e-7
-4.61278e-8
3.37573e-7
-5.67211e-7
2.96757e-6
-5.59823e-7
9.75834e-8
4.12366e-8
-5.91787e-7
2.10522e-7
-2.90669e-7
1.23682e-7
2.13856e-7
1.27175e-6
-1.08327e-6
1.0489e-6
1.47632e-6
-2.61019e-6
-2.05116e-6
1.08865e-5
-8.02571e-6
2.06304e-6
1.7919e-6
-5.75511e-6
3.84674e-6
-1.23823e-6
-6.72956e-6
7.72652e-6
-0.00647549
0.003145
0.00793062
0.00410378
-0.0206356
0.0321399
-0.102312
0.0494899
0.113712
-0.118765
0.0110878
-0.00122154
0.0225231
-0.046145
-0.0135397
0.0283219
-0.00108971
0.00691403
0.000459756
-0.000163834
0.00168094
-0.000244797
-0.00220488
0.000383434
-0.000528866
9.5593e-5
5.37708e-5
4.36057e-6
3.38677e-5
-6.08055e-5
-3.12012e-5
8.43132e-6
-2.96312e-5
5.65752e-6
-2.4834e-8
3.65776e-6
-1.90729e-5
6.72922e-6
-1.76995e-5
4.54513e-5
-2.48196e-6
-4.83833e-5
-7.42626e-6
9.41029e-5
7.83883e-7
-2.5812e-6
4.02021e-6
-2.851e-6
-3.68777e-5
0.000370262
-7.59981e-8
3.03094e-7
3.55345e-7
8.69021e-8
-0.000324965
0.00118157
-4.23222e-8
-4.13948e-8
1.64369e-7
-4.09272e-8
-0.000763642
0.00173861
-3.32947e-7
6.95931e-8
4.50582e-8
-9.88909e-9
0.00140002
-0.00226841
-0.00132933
0.00236384
1.43217e-5
4.32887e-6
-3.37327e-6
-9.10889e-7
-0.000549684
0.00116485
0.000434608
-0.000965147
-5.33685e-5
-7.86099e-5
2.84006e-5
2.8881e-5
0.000102888
-0.000283272
-5.46546e-5
0.000254154
-0.000909395
0.00107115
-0.000253109
0.000394816
0.00133695
0.000270311
0.000106473
-4.85362e-5
0.000110997
6.03307e-5
-5.44159e-5
-0.0021145
-0.00019038
0.00370667
9.42001e-5
-0.000265026
0.000319974
0.000132176
-4.55255e-5
-0.000883449
0.0030484
-0.000567755
0.000655014
-0.000552637
0.00720772
-0.0152123
-0.000365774
0.000765531
-0.00434987
0.00933679
0.0012885
0.000437007
-0.00060991
-0.000376088
0.00222941
-0.000704459
2.50676e-5
-0.000102193
0.000123738
-0.000183817
1.92385e-5
-0.000128449
2.68493e-5
-7.11598e-6
1.38192e-6
7.08997e-7
1.83725e-6
-1.1783e-5
6.54212e-7
-1.48956e-5
3.74693e-6
-1.36145e-6
-5.58215e-6
3.3438e-6
6.06778e-7
7.97887e-6
-3.87483e-6
1.07146e-5
-6.19146e-6
-8.32561e-7
1.06672e-6
-3.37663e-8
1.64779e-6
3.8317e-6
-1.05627e-5
-6.85078e-10
5.28501e-7
-2.61657e-7
-4.18385e-7
2.82053e-6
-1.15836e-5
1.13369e-6
4.16413e-6
1.41859e-6
-1.25949e-5
5.85855e-7
-3.31556e-6
-4.91403e-7
-4.39396e-6
-3.10175e-6
1.99903e-5
1.09408e-7
5.83528e-7
-5.20947e-7
-3.49179e-5
8.66386e-6
3.96656e-6
-1.58269e-5
-6.22364e-9
4.73851e-8
-1.13712e-7
-6.90154e-7
2.24173e-5
-6.59351e-6
-1.33587e-6
7.86887e-6
-5.38479e-7
2.79132e-6
-2.55958e-7
1.08098e-7
-1.29103e-5
9.05576e-7
2.96893e-6
-7.90723e-6
-3.38645e-6
-3.33827e-5
-1.21398e-5
4.22999e-5
-7.05198e-6
1.44702e-6
3.34212e-6
9.32715e-6
-4.62365e-6
-1.7172e-5
1.50673e-5
-8.84147e-6
3.4847e-6
1.17411e-5
-2.10482e-5
6.12249e-5
-5.7578e-5
0.0938993
-0.0741717
-0.145452
0.0597367
0.117141
-0.0253207
-0.0216202
0.00856056
-0.00185183
0.00115268
-0.000351632
-0.00131822
0.0350191
-0.0113272
-0.0525226
0.00274961
-0.073719
0.084412
-0.0294404
0.0283401
0.00701612
-0.00111322
0.000105842
-0.000381913
-1.45554e-5
0.000672101
-0.000579219
0.000172856
-0.000539109
5.24132e-5
-8.22806e-5
0.00025274
-0.000126232
0.000142899
-0.000449407
-5.11414e-5
3.80556e-5
-0.000125929
0.000460521
4.75728e-5
6.00847e-5
0.000113983
-3.25634e-5
-0.000265629
-0.000973942
0.00101553
7.03815e-6
-0.000512125
-0.00088801
0.00119038
-1.12668e-6
-0.00232922
-0.00170754
0.00290351
-1.42451e-7
-1.11457e-8
0.00301425
-0.00344626
5.29014e-7
2.62026e-7
-1.77758e-7
1.30194e-7
-0.00219772
0.00370396
0.00167871
-0.00374078
-1.2205e-5
-8.923e-6
3.82388e-6
2.40461e-6
0.000631244
-0.00154414
-0.000462684
0.00137016
-0.000162602
3.71557e-6
5.71772e-5
-7.27071e-5
-7.73093e-6
-0.000252359
0.00055267
-0.000174704
-4.7112e-5
9.38328e-5
0.000439216
-0.000381761
-0.00032407
0.0142386
-0.014258
0.00660599
-0.0123548
-0.0224245
0.0112206
0.0161464
-0.00669124
0.000426463
-0.00150873
-0.00119452
0.00140708
0.0178275
-0.00625159
-0.0170524
0.00127864
-0.000901439
-0.00261514
-0.00021397
0.00027927
-0.000834788
0.0269526
-0.0245152
0.00159789
-0.00244269
0.00198047
-0.00970559
0.00941335
0.000583106
-0.000611262
0.00233714
-0.000329453
-0.000183176
9.90423e-6
-5.46457e-5
5.61264e-5
-0.000175527
0.00010488
-0.000131802
5.05965e-6
7.84688e-6
-1.06578e-6
1.35492e-5
-9.86049e-6
-4.56132e-5
2.23175e-5
-2.2932e-5
7.24814e-5
-2.99166e-6
-2.08504e-5
1.65752e-5
2.02499e-6
2.36884e-5
-3.88129e-6
4.69663e-6
3.28002e-5
-4.66472e-5
-5.92463e-6
1.13373e-6
1.25732e-5
-1.90134e-5
5.10894e-5
-7.7325e-5
-8.26394e-7
6.74541e-6
-8.52091e-6
0.000108817
5.16449e-5
-0.000153064
7.13419e-7
-3.99495e-7
-1.5427e-6
1.95074e-7
0.000195482
-5.75137e-5
-2.42357e-5
8.72754e-5
-2.40338e-7
8.76072e-7
3.32631e-8
2.43147e-6
-9.8855e-5
2.66245e-5
1.82109e-5
-4.31969e-5
-1.4223e-5
5.20942e-5
1.82091e-6
5.8502e-7
1.40081e-5
-5.66001e-6
2.00017e-5
-2.17199e-5
1.73479e-5
-2.48078e-5
8.12313e-5
7.8149e-5
4.30239e-5
-8.80929e-5
-4.1732e-5
7.4266e-6
-0.000149558
0.000129614
-4.68078e-5
-8.4615e-5
5.66671e-5
-0.03484
0.0313475
0.0547051
-0.0372177
0.0433827
-0.0381414
0.00878662
-0.00857483
0.00595354
0.0131922
-0.0140382
-0.0236586
-0.0309057
-0.00103699
0.00119793
-0.00117827
-0.000527931
0.000166925
0.00680726
0.000325332
-0.0462941
0.0858175
-0.0137273
0.022926
0.0042053
-0.0043218
-0.00035842
0.000353028
-0.000902768
0.000681045
0.000455061
0.000488018
-0.00201494
-0.0006072
0.00155066
-0.000259219
-0.00042354
-0.000361935
8.07194e-5
-0.000134427
0.000240664
-0.000122513
0.00024758
-0.00043398
0.000392013
0.00366603
-0.0043642
-0.00188139
1.23769e-5
-3.95465e-5
3.86496e-5
-1.42233e-5
0.00084517
-0.00066671
1.58674e-6
-4.19526e-6
4.57462e-6
-2.52799e-6
0.000635313
-0.000902254
9.85191e-8
-1.21703e-7
5.95453e-9
-2.78061e-7
-0.00326997
0.00178556
0.00382749
-0.00298258
1.70456e-8
1.24802e-8
-0.00425608
0.004449
-1.02225e-6
-5.8681e-7
2.43109e-7
6.08328e-7
-1.80576e-6
0.00202228
-0.00328548
0.00136636
-0.00232606
-1.60652e-5
5.99483e-6
-7.61248e-7
1.31073e-5
-1.34776e-5
-0.00102643
0.00165105
-0.000714958
4.1752e-5
0.00024069
0.000240677
-0.000170278
-0.00447695
0.00410244
-0.00118079
0.00477882
0.00814555
-0.00831414
0.000543511
-0.000709237
0.0023713
0.00172354
-0.00427726
0.0113011
0.00374053
-0.0117796
-0.00326711
0.00706344
0.00214365
0.00563391
-0.00606853
0.00306863
-0.00249547
-0.00140654
-0.0015525
0.00318265
-0.0036522
0.00294257
-0.00650611
-0.00966958
0.00116249
0.0296089
-0.016063
0.000663033
-0.0020647
0.00108772
-0.00487531
0.00827746
0.000389025
-0.000262269
0.00140763
-0.00101822
-0.000130007
1.7421e-5
0.000211086
-0.000121753
0.000100672
-0.000139804
0.000154335
3.57314e-5
-0.000165649
4.961e-5
2.53522e-5
-5.57247e-5
-2.70861e-5
1.0957e-5
3.50948e-5
-2.44212e-5
-1.24565e-5
-0.000146812
7.39963e-5
-4.76336e-5
2.81249e-5
1.90069e-5
-2.20529e-5
3.4454e-6
-4.84954e-5
-5.06643e-5
6.3301e-5
-9.27459e-6
4.12715e-5
3.6244e-5
-6.82631e-5
-2.50635e-5
2.94662e-5
-0.000194578
0.000350696
0.000214441
-0.000453512
-3.7496e-6
-2.72741e-5
2.24109e-5
0.000525269
-0.000253283
0.000293104
3.28557e-6
3.86241e-5
-0.000324324
-0.000119608
0.000271468
-2.05423e-6
1.42478e-6
4.16738e-6
-1.85432e-6
-9.95579e-5
0.000189166
8.1284e-5
-0.000144592
-7.01042e-6
2.6014e-5
1.55186e-6
1.10554e-6
-7.37674e-6
8.15302e-5
-2.62957e-5
3.75182e-5
-1.66849e-5
2.97463e-5
-9.73789e-5
-8.53221e-5
4.65963e-5
8.25678e-5
-9.14956e-5
5.00625e-5
-0.000169322
8.40206e-5
-4.52496e-5
0.000208392
-0.000194469
0.000172599
-8.84208e-5
1.18502e-5
5.92115e-5
-0.0152926
0.0128255
-0.0199264
0.0296452
-0.0254685
0.015834
-0.000175801
-0.00756436
0.0102245
0.0434198
-0.01634
-0.030831
-0.0264986
0.000828751
-0.00188662
-0.000316078
0.000746719
-0.00888568
0.014755
0.00489788
0.00142918
-0.00343782
0.00219767
-0.00648974
-0.000260798
0.00066495
-0.00115092
0.000726874
-0.000887448
0.00156609
0.000599212
0.00174064
-0.00826258
0.00793751
0.00691896
-0.000384188
0.000208256
-0.00277376
-4.18348e-5
-3.37904e-5
1.14849e-5
0.000421748
-0.00260731
-8.14776e-6
5.91717e-6
0.000984965
-0.00247969
-1.00428e-6
1.22827e-6
0.00142221
0.00094297
7.30894e-8
-2.94063e-8
-6.25691e-7
-1.08271e-7
0.00389444
-0.00316198
-0.00396621
0.00432837
-5.00315e-8
-1.3857e-7
0.00478821
0.00268313
-0.00550877
-4.39364e-7
6.62785e-6
-2.76792e-5
-0.00270871
0.00148831
0.000305698
-0.000919496
-0.00158404
8.39952e-5
0.0020364
-0.00574743
-0.000192524
-0.00085219
0.00244248
-0.00604273
0.0107225
0.00886742
-0.0129555
-0.0082257
0.012622
0.0064384
-0.00879233
-0.00418362
0.0048509
0.00261447
0.000471828
-0.0017413
0.0121583
-0.00490932
-0.00355657
0.00265941
-0.00974517
-0.0110467
0.0013275
0.010191
-0.00529379
2.68895e-5
-0.000196252
0.000114013
0.00035454
-1.53674e-6
0.000750231
-6.84101e-6
-8.48896e-6
-4.74411e-5
1.44041e-5
-2.02482e-5
2.66977e-5
4.32627e-5
0.00037333
-0.000389437
1.04581e-5
-3.93833e-6
0.00039779
-9.43172e-6
5.6774e-5
-2.42465e-5
-7.27359e-5
0.000173168
5.72683e-5
-9.26501e-5
3.44865e-5
-0.000121125
1.31267e-5
-0.000101135
-0.000668788
0.00101692
1.49044e-5
-7.19468e-5
-0.00105548
-0.000530179
0.00101963
-1.30656e-5
1.25303e-7
5.67255e-5
-7.07326e-5
-0.000914038
0.000458037
-0.000596706
6.9061e-7
-3.90004e-5
0.000619848
-0.000260754
0.000285246
6.4637e-6
-1.47617e-5
-0.000205403
0.000195549
-6.66091e-5
6.50771e-6
-3.85799e-5
6.98448e-5
-0.000116272
7.82373e-5
-0.000104739
4.71443e-5
0.000262426
-0.000423804
0.000410202
-0.000322693
0.000191098
-7.45749e-5
-4.49189e-6
7.00727e-5
-0.0049342
0.000954274
0.00115377
-0.00435947
0.00983989
-0.0101707
0.00420299
0.00471022
-0.0121291
0.013684
-0.0132443
0.0185432
0.0234996
-0.0240246
-0.00126217
0.0121762
-0.00429078
0.00299484
-0.00507862
0.0052033
0.00424452
-0.0016683
0.000598956
-0.01263
0.0383541
0.00742083
-0.0255838
0.0184291
-0.00153619
0.00283462
-0.00227657
-0.00361898
0.00878566
-0.0164095
-0.0074039
0.00986101
-0.00743151
0.00164911
-0.00107327
0.00368609
-0.00183626
0.000616611
0.000547518
-0.000271321
0.000914502
0.00181497
-0.00483373
4.25749e-5
0.00537524
0.00867206
-0.0123614
-1.25414e-5
-3.8989e-6
-0.00557646
0.00134838
3.10693e-6
-1.15263e-6
0.00198552
-0.00425682
-3.37936e-8
1.05856e-7
3.55039e-7
-1.3453e-8
-2.91262e-8
-0.00359067
0.00515775
-0.00553234
0.00712106
-4.83777e-7
1.0645e-8
5.75808e-7
-3.375e-6
-2.55561e-6
0.00420911
-0.00591705
0.00357049
-2.87086e-5
-0.00186958
0.00156255
-0.00043277
0.00014383
-8.29751e-5
0.000864034
-0.00276719
-0.00033501
0.000387852
-0.00461814
0.00657778
0.00997493
-0.010919
-0.0133855
0.0140691
0.0138287
-0.0138427
-0.0112612
0.0100342
0.0074667
-0.00435994
-0.00414721
-0.00271843
0.00209389
0.0124771
-0.0015759
0.0145654
-0.0182011
-0.00243898
0.00176249
-0.00296862
0.00475066
-0.00787708
-3.03774e-5
-5.85799e-5
0.00032488
-0.000354545
0.00319925
-0.00601563
-1.07321e-5
1.16747e-5
-0.00159498
0.00341886
-0.00154944
-0.000322401
0.000241787
-7.72987e-6
4.97691e-6
5.79264e-7
-9.4089e-7
-0.000120763
0.000943059
-0.00125016
0.000965253
1.56426e-6
-2.58864e-6
-0.00145538
-5.76708e-5
5.72826e-6
6.56933e-5
9.7725e-5
-0.000142751
0.000127493
0.000377181
-0.00038841
0.00130923
-0.00245047
8.3157e-6
0.000504822
-0.000490739
0.00184413
-0.0015726
-7.218e-5
0.000196923
0.00132898
0.000639766
-0.0010471
1.88325e-5
-7.69255e-7
-4.39808e-5
6.37214e-5
0.000786253
-0.000863223
-0.000463593
0.000683464
3.42172e-5
-6.61953e-5
-8.66408e-5
3.36894e-5
7.4416e-6
-0.000438595
0.000263344
-0.000300027
-9.83646e-5
0.000164905
5.60025e-5
-0.000182755
-4.55358e-5
9.86069e-5
1.32114e-5
0.000153392
0.000135965
-0.00042884
0.00062086
-0.000648345
0.000512212
-0.000304243
0.000109927
4.11943e-5
-0.000198043
0.000261981
-0.00479555
0.00672405
0.00518008
-0.00945775
0.0169637
-0.0232116
0.0237246
-0.0175447
0.00864163
-0.000449976
-0.0195291
-0.0194583
-0.00974099
0.0076045
-0.0061085
-0.00386061
0.011814
-0.121495
0.148185
0.06399
-0.0354485
0.00453646
-0.00346901
0.00264778
0.023906
-0.016141
0.0106466
-0.00195194
0.00140057
-0.00635272
0.00394602
0.000592214
-0.000424926
0.000599636
-0.000441671
-0.000822157
0.000691341
-0.00235694
-0.00145297
0.00519864
0.000279346
-0.000500634
0.000360559
-0.000192191
-0.00887402
0.0111705
6.57544e-5
-0.00015921
0.00011158
-4.92629e-5
-1.75435e-5
0.00844218
-0.00959407
0.004321
-0.0020973
3.67669e-6
-4.86767e-7
-0.00112424
0.00360145
-1.224e-7
2.23032e-7
-3.51741e-7
-0.00502059
0.00575306
-0.0065884
1.33976e-6
-3.74079e-6
1.66556e-5
0.00662528
-0.00625734
-0.00234438
0.00606587
8.78107e-5
-0.00058161
0.00199517
0.000674136
0.00484046
-0.00518578
-0.0109952
0.00956016
0.0164186
-0.0131417
-0.0184446
0.0137354
0.0163479
-0.0104771
-0.0115473
0.00477904
0.00655467
0.00129558
-0.00304272
-0.00577597
0.00126158
0.00643366
-0.000481089
0.00537533
-0.00024005
-0.0239284
0.0186472
7.79069e-6
-3.33198e-6
-6.56806e-6
-0.00819288
0.00222206
0.00138767
-2.29054e-6
6.85929e-7
-1.96061e-6
-0.00389444
0.00496857
-0.00509313
-1.67669e-5
6.02381e-6
0.00555259
0.002169
-0.00574961
0.000249275
-0.000229438
-7.3663e-5
4.15152e-5
-0.00112882
0.00305718
0.000829053
-0.00119621
0.0010726
-0.00283166
-0.00063711
0.000423662
-0.00530056
0.00675971
0.00368423
-0.00455396
-0.000529686
-0.000958217
0.000843183
0.00257865
-0.00245495
0.0019384
0.000304844
-0.000512949
0.000982837
-0.00151542
0.00117025
0.000147937
-0.000218685
-0.000917659
0.000853706
-0.000788422
0.000208047
-4.32863e-5
-6.13875e-5
0.000740214
-0.000746858
0.000338585
-0.000273489
-0.000128886
0.000663759
-0.000499551
-0.00014423
0.000482024
-0.000730893
0.000782732
-0.000627253
0.000355926
-9.69231e-5
-7.66292e-5
0.000158325
-0.000187316
-0.0110808
0.0197694
-0.0143916
-0.00984063
0.0117291
-0.0148853
0.0214644
-0.029347
0.0333265
-0.0288508
0.0157614
0.00229557
-0.025242
0.0510419
0.109014
-0.134602
-0.116405
0.111723
-0.117368
0.0147003
-0.0092826
0.0069105
0.0757168
-0.0570217
0.0392609
-0.00469449
0.00335511
-0.00244982
-0.0284563
0.020978
-0.0148745
0.00174923
-0.00117641
0.00962382
-0.00584238
0.000811737
-0.000668686
0.000431173
0.0030869
0.000332332
-0.00366718
-0.00024381
0.000146622
0.00645206
-0.00808819
-7.645e-5
3.46306e-5
1.65535e-5
0.00734112
-0.00409286
0.00160753
-6.33336e-6
2.13436e-6
0.000748039
-0.00269392
-5.89203e-7
1.22594e-7
-3.5914e-7
0.0039772
-0.00488034
0.00594229
4.55841e-7
1.06477e-6
-8.3166e-7
-0.00661835
0.00855058
-0.00709039
0.000110291
-5.16364e-5
4.26932e-5
-0.000366266
0.000522788
-0.00412942
0.00750955
-0.000942916
-0.00153949
-0.00356648
0.00365601
0.00967961
-0.00705675
-0.0160701
0.010431
0.0200418
-0.0116157
-0.0195584
0.00929685
0.0150837
-0.0042414
-0.00917294
-0.00151943
0.00439335
0.00669199
-0.00174244
-0.01009
0.000558309
-0.0206814
0.0245376
0.000483657
-0.000408489
0.0197141
-0.0184611
0.0180997
-0.00943146
7.77281e-7
-2.90527e-6
5.13807e-5
0.00430027
0.000826923
-0.0055239
1.65604e-7
-6.5792e-7
5.81728e-7
0.00923198
-0.01102
0.0105799
1.37013e-5
-2.97084e-6
-0.00939662
0.00801811
0.000285179
0.00012904
-4.50011e-5
-0.00490738
0.00143913
0.00193497
0.00122515
-0.000677556
-0.00535466
0.00608599
0.00217253
-0.0017259
-0.00387179
0.00260185
-0.00186596
-0.000556167
0.000604022
-0.00148184
0.00135201
-0.00100695
-0.00033092
0.000461011
0.000810397
-0.000778416
0.000783992
-9.48208e-5
-4.96911e-5
0.000191014
-0.000982892
0.000830229
0.000535897
-0.000851989
-0.000573738
0.000617121
0.000559766
-0.000515975
0.000248673
0.000201227
0.000154539
-0.000462378
0.000680106
-0.000727998
0.000562694
-0.00026147
-3.21727e-5
0.000223856
-0.000333019
0.000371648
-0.000777148
0.00929513
-0.0169178
0.0157434
-0.0151042
0.017851
-0.0233093
0.0296887
-0.0320096
0.0256614
-0.01048
-0.00892255
0.0294177
-0.0636301
0.0865301
-0.100922
0.083747
-0.0191225
0.0153924
-0.00790986
-0.0644179
0.0509155
-0.0377965
0.00426487
-0.00280844
0.00186293
0.0291666
-0.0225388
0.016627
-0.00122935
0.000782966
-0.0115948
0.00651083
-0.000656983
0.000778587
-0.000363775
-0.00341481
0.00101524
0.00166521
0.000146679
-0.000123802
-0.00377158
0.00469953
5.78244e-5
-4.93986e-5
-5.66327e-6
-0.00561831
0.00313167
-0.000889676
3.62477e-6
-1.66179e-6
-0.000625567
0.00181619
7.50598e-7
-5.59777e-7
1.78767e-7
-0.002759
0.00357458
-0.005462
-1.10966e-6
4.83042e-6
-5.05219e-6
0.00933007
-0.0106932
0.00768795
-3.14152e-6
0.00040531
-0.000369518
-0.00743737
0.00174496
0.000942022
-0.000526996
-0.00225227
-0.00555745
0.00448362
0.012368
-0.00697333
-0.0177318
0.00818666
0.0193616
-0.00676334
-0.016517
0.0028816
0.0110523
0.00179214
-0.00563665
-0.00589393
0.00207667
0.0112623
-0.000559912
-0.0151932
0.000105089
0.0161741
-0.0118027
0.00543962
-3.47448e-6
1.71707e-5
-5.13551e-5
-0.000450499
-0.00407677
0.00956535
1.05488e-6
-4.00922e-7
1.33615e-6
-0.0137466
0.0153085
-0.0142066
1.13833e-6
-1.86736e-6
0.0101755
-0.00867467
-0.000414167
-7.7562e-5
1.06305e-5
0.00477434
-0.000729493
-0.00111732
-0.00234657
0.0011273
0.00471447
-0.00836163
-0.00520124
0.00335098
0.00454574
-0.00218499
0.00132787
0.000844115
-0.000418331
0.00304212
-0.000921866
0.000695429
0.000527115
-0.000706734
-0.000576469
0.000681712
-0.00106237
-2.13452e-5
0.000154287
-0.000338923
0.00120041
-0.000863634
0.000720601
-0.00052269
0.000354997
-0.000136942
-3.44e-5
-0.000216434
0.000380858
-0.000500074
0.000500492
-0.00032496
2.86062e-5
0.000250148
-0.000390112
0.00041038
-0.000484442
0.000515726
0.00342359
0.0274467
-0.0326394
-0.0175817
0.0185301
-0.0220055
0.0228999
-0.0171921
0.00415814
0.0123178
-0.0240808
0.0449058
0.0480085
-0.0482525
-0.0462769
0.000202642
-0.00500291
0.00313533
0.0444041
-0.0428677
0.0295592
-0.00216851
0.00189264
-0.00109776
-0.0232431
0.0190901
-0.0140459
0.000798407
-0.000400863
0.00914506
-0.00529532
0.000286167
-0.000539669
0.000306754
0.00198898
-0.00241529
-2.13207e-5
-0.000150624
6.52102e-5
0.00229703
-0.0027438
-5.29039e-5
4.56318e-5
-4.9277e-6
0.00305881
-0.00108426
-0.000138625
7.63022e-7
-1.78312e-8
0.000702318
-0.00106109
-2.97521e-7
9.13282e-7
8.69893e-7
0.00170161
-0.00168912
0.00209102
-2.11316e-6
7.15879e-6
-3.14371e-5
-0.00324234
0.000525821
-0.000199448
0.003613
-0.000140295
0.000858248
-0.000882416
0.00963442
-0.0165087
0.00130152
0.000176797
-0.00248966
-0.00693032
0.00393812
0.0127252
-0.00475638
-0.0159989
0.00394921
0.0152292
-0.001342
-0.0111991
-0.00200567
0.00645815
0.00422265
-0.00262473
-0.00737574
0.000777739
0.00722231
-0.00731597
0.00554686
-0.000794947
-3.40155e-6
-3.67727e-6
8.62481e-5
-0.00290484
0.00514941
-0.0105875
-1.92766e-7
9.97134e-8
5.39502e-7
0.0137144
-0.0131392
0.00900775
-6.89255e-6
1.80348e-6
-0.00291186
0.00313325
0.000344587
-5.03307e-5
2.29001e-5
0.0017587
-0.00117047
0.0041421
0.00378618
-0.00147398
-0.0050872
0.00706406
0.00987421
-0.00636111
-0.00170813
0.000768568
-0.000744096
-0.00188837
0.00473961
-0.00938826
0.000528887
-0.000458513
-0.000709974
0.00108211
0.000304442
-0.000272926
0.000348867
0.000140677
-0.000212086
0.000446766
-2.31645e-5
-0.000160914
-0.000189767
-4.7176e-6
-0.000284695
0.000295463
-0.000261347
0.000263703
-0.00021359
3.40328e-5
0.000228038
-0.000454262
0.000541379
-0.000427946
0.000422575
-0.000344083
0.000281318
0.00853651
-0.00749037
-0.013597
0.0229716
-0.00795402
0.00911834
-0.011592
0.012895
-0.0127902
0.00874632
-0.00019735
-0.00849179
0.020871
-0.0275775
0.0318681
0.0331756
-0.0237178
-0.00424029
0.00261359
-0.00131532
0.00938277
0.0158041
-0.0240369
0.0272747
-0.0171046
0.000867744
-0.00101193
0.000783181
0.0119545
-0.0128405
0.00973024
-0.000776011
0.000763072
-0.00637241
0.00376224
6.86436e-5
-0.000599821
0.00311507
-0.00266776
-9.68543e-5
6.68552e-5
4.58166e-5
-0.00105939
-5.95302e-5
4.46946e-5
-2.88741e-6
-0.000174844
-2.21173e-5
1.35289e-5
0.000687773
-0.000456683
-6.43507e-6
2.9027e-6
-0.000732411
0.000753814
-1.16636e-6
-1.58034e-6
-1.9381e-6
-0.000909827
0.00076828
-0.00123092
-3.52274e-8
-1.03702e-5
1.94991e-5
0.00255156
-0.00799076
-8.77188e-5
0.000183961
-0.00975354
0.0142847
0.00546145
-0.000802526
5.74263e-5
-0.0010382
0.00104641
0.015839
-0.00759435
-0.000746834
0.00168351
0.00130447
0.00183044
-0.00191213
-0.0071885
0.00228923
0.0114611
-0.00182376
-0.0119011
0.000359352
0.00970802
0.00127957
-0.00515355
-0.00334135
0.00172888
0.00435991
-0.000345843
-0.00457947
0.00271609
-0.00443285
0.000643045
-2.37437e-5
-8.42184e-5
6.27022e-6
-2.38931e-5
0.0001216
-0.00139824
-2.55039e-7
0.00330389
-0.00528578
0.00739162
-4.90745e-7
8.03433e-9
-8.19601e-8
-0.00921898
0.00662576
-0.000644925
-2.45611e-6
1.30085e-6
-0.00583752
0.00877233
-0.00259621
8.56315e-6
-1.41772e-6
-0.00846204
0.00838356
-0.00362061
0.000139534
-0.00460722
0.00341349
-0.00244459
3.06614e-5
0.00229179
-0.00191322
0.00116761
0.00113908
-0.00130006
-0.000238804
0.000735876
-0.000572321
0.000321609
0.000609038
-0.000862371
-0.000130554
8.34696e-5
-0.000130581
-0.00016156
0.000278705
-0.000348508
4.21363e-5
6.65223e-5
-5.50531e-5
-0.000102062
8.82708e-5
0.000163964
0.000188054
0.000248112
-0.000126832
-3.99298e-5
7.48688e-5
-8.70341e-5
8.20928e-5
-3.25851e-5
-1.75259e-5
0.000184189
-0.00037085
0.000534002
-0.000464639
0.000399573
-0.000307063
-0.00744162
-0.0113037
0.0183101
0.011398
-0.00730085
0.00600908
-0.00348187
-0.000900799
0.00662659
-0.00982974
-0.0104708
0.00604605
0.00734053
0.000149308
-0.00652728
0.00370207
-0.00592392
-0.0105583
0.00687211
0.00656041
2.23228e-5
0.000219917
0.0072252
-0.00526465
-0.00551062
-6.91893e-5
-0.00013505
0.00373106
-0.00224641
0.000194272
0.000308736
-0.00019083
0.00125081
0.000411956
-0.00024522
8.78181e-5
-6.62122e-5
3.51959e-5
0.000139932
0.000631642
-0.000186401
4.45768e-5
-4.33609e-5
-0.000332984
0.000195753
0.000464242
-8.37963e-5
2.30898e-5
-1.8403e-5
9.401e-5
-3.14763e-5
9.26261e-6
-5.70047e-6
-9.2826e-5
6.52332e-6
-3.40948e-6
-1.32921e-5
2.32369e-5
-2.84373e-6
1.67819e-6
0.00115834
3.53636e-5
-6.93421e-5
0.000167329
-0.0315358
0.0157526
0.000496068
-0.0182178
0.0002755
-0.00112792
0.000750589
-0.00677889
0.0252415
-0.000987625
0.00498381
0.000859472
0.00250183
-0.000946508
-0.00822436
0.000669456
0.00862504
1.38618e-5
-0.00659612
-0.000989474
0.00364494
0.00153102
-0.00113864
-0.000787944
0.00140552
-0.000543889
-0.000925356
9.06283e-6
-8.58501e-6
-0.000165117
0.0014134
-0.00162713
0.00185903
-0.000516351
0.00282018
4.47599e-7
-2.49972e-7
2.61582e-6
-0.00580884
3.96576e-7
-2.77474e-7
0.0126082
-0.0112326
-5.36808e-6
1.43962e-7
0.0109493
-0.00757139
-6.35352e-5
5.3155e-6
6.6686e-6
5.48074e-6
0.0044763
-0.00262339
-6.46388e-5
4.85296e-5
1.73684e-5
-1.59186e-5
0.00145389
-0.00145371
-0.001479
-3.14798e-5
1.57096e-5
1.71775e-5
0.000530639
-3.62289e-5
-0.000600142
0.000466242
1.32528e-5
0.000524919
-1.12022e-5
1.75375e-5
-0.000181384
0.000293613
-0.000367333
-0.000109213
0.000224496
6.14699e-5
2.15038e-5
5.85195e-5
-9.26223e-5
9.2995e-5
-5.36849e-5
-1.67137e-6
-0.000166957
0.00013532
-0.000307053
0.000390391
-0.000414151
0.000388155
-0.00025276
5.83236e-5
-8.44138e-5
-0.00768034
0.0147091
-0.00639576
-0.0114677
0.00984412
0.00330521
-0.00208178
0.000678914
0.00218567
-0.00333762
-0.000532427
0.00014583
-0.00225807
0.00066935
-0.000168661
-0.000152248
0.0034125
-0.00208573
0.000565824
-0.00955036
-0.00176835
0.00274991
-0.00336642
-0.00263442
0.00216389
-0.000202915
3.90082e-5
-3.70257e-5
-2.18388e-5
6.29038e-5
-0.00246165
0.00329056
0.00339602
-0.0019719
2.72305e-5
-5.20829e-5
-0.00207172
0.00104478
0.00118145
-2.77288e-5
3.96585e-5
-0.000756143
0.000250382
-2.39074e-5
2.32492e-5
-0.000103039
6.74498e-5
-1.84824e-5
1.91849e-5
-3.36731e-5
5.29578e-6
-1.37348e-5
1.05357e-5
-2.50345e-6
-7.32154e-6
6.7786e-6
1.1368e-5
3.67405e-5
5.16938e-6
-6.06144e-6
-0.000143202
-2.43424e-5
6.78558e-6
1.71563e-5
-2.81396e-5
2.38537e-5
-3.27272e-5
0.000129422
-0.000178584
-0.000370833
-0.00232811
0.00274397
-2.88351e-5
9.07571e-5
-0.000127357
-0.00933726
0.0187937
0.000311874
-0.000560105
0.0572089
-0.0490807
-0.0197883
0.000382695
-0.0195381
8.44128e-5
-0.000676934
0.000885073
-0.0102416
0.0116492
-0.000333339
-0.00255092
0.000307829
0.00683129
-0.000134769
-0.007922
-0.000291179
0.00550274
0.000491996
-0.00303243
8.90645e-6
9.15187e-6
1.74305e-5
0.000168237
-0.000295854
3.53978e-5
6.27019e-5
2.75472e-5
-4.90734e-5
0.000354905
0.000696072
-7.38073e-6
-0.000741102
0.000312119
-0.000868543
-0.00019035
-1.34755e-6
-1.59188e-6
-9.23427e-7
3.36067e-6
4.88523e-6
-0.000895797
0.00385536
-0.00292561
-0.00721343
0.0071326
4.29914e-8
2.46918e-7
4.51686e-8
-5.01842e-7
-0.00963122
0.00821471
8.33292e-7
-1.8708e-7
-0.00527951
0.00367619
6.92709e-7
-2.27607e-6
-0.00124547
0.000762493
-2.84772e-6
1.82447e-6
-3.39368e-5
0.000111868
5.07494e-5
-1.50417e-5
-0.000107372
-0.000221487
2.17007e-5
-1.04288e-5
-7.85026e-8
1.72528e-5
-1.32442e-6
-0.000317761
-0.000192338
0.000179256
-0.000141693
0.000305459
-2.2158e-6
3.69673e-6
-1.81259e-5
1.40583e-5
6.5371e-5
6.83087e-5
5.72146e-5
-7.00046e-5
0.00010121
-0.000129732
-0.000351084
0.00033286
0.000108631
9.75549e-5
-5.61064e-6
-1.16164e-5
3.19248e-5
-4.87855e-5
-0.000200169
0.000261881
-0.000166286
0.000335086
-0.000436741
0.000384412
-0.000283647
-6.30181e-5
4.23861e-5
-0.00334209
0.0109189
0.00204726
-0.00295248
0.00164245
-0.00165458
-0.000628837
-0.00150534
0.000736712
0.0010732
-0.000136475
9.88565e-5
-1.9953e-5
0.00324506
-0.00342841
-0.00423893
-0.000371313
0.000745554
0.00089642
-0.00042573
-0.000499321
-5.38649e-6
-0.000103707
-0.000935648
0.000322671
0.000653745
1.55309e-5
-7.22356e-6
7.7024e-6
-7.84428e-6
-0.000353148
-0.000577836
0.000184545
2.41847e-6
7.21343e-6
0.000427033
-0.000109508
-1.19738e-7
3.08779e-6
4.72607e-6
2.72031e-6
-5.09624e-6
6.19812e-6
4.18003e-6
-4.04988e-6
-6.04245e-6
5.52918e-6
5.11526e-6
-6.22329e-6
-1.46969e-6
1.04486e-6
-3.85416e-6
4.31336e-6
-9.35405e-6
1.15036e-6
-1.26095e-6
-2.42026e-6
2.12057e-7
1.97504e-6
2.9912e-6
1.29668e-5
-3.6149e-6
3.34622e-6
-0.000333589
-1.79661e-5
-0.000761815
-1.76365e-5
0.00010686
-8.85533e-5
0.0187118
-0.0194121
9.64749e-5
-0.000389722
0.0562514
-0.030969
-0.0170575
0.000277145
-0.000166929
0.000822002
-1.79393e-5
0.000184444
-0.000216778
-0.0124579
0.00913715
9.24124e-5
0.00827406
-9.99713e-5
0.000210872
-0.000164708
2.02165e-6
-2.46154e-6
-5.84715e-5
-2.46019e-5
-0.000792625
0.0002103
0.000191517
0.00267822
0.00013771
-8.15704e-5
-5.52807e-5
0.000145033
0.000126153
-0.000907342
0.00110307
-1.0776e-5
-8.318e-6
-0.0031584
0.0056087
5.23346e-7
2.14087e-6
-0.00747958
0.0083442
0.00507696
-0.00519817
-1.50406e-7
-5.92292e-8
2.61958e-8
1.71799e-7
-0.00417583
0.00400972
-0.00262356
4.34616e-7
-0.00187037
0.00134229
-0.00103826
-1.76729e-7
-0.000192711
8.12642e-5
-0.000157721
2.67768e-6
4.44615e-5
-2.16489e-5
3.18637e-6
8.6201e-6
1.77574e-6
9.27639e-5
5.35741e-5
-2.36959e-5
-1.07746e-5
-1.45415e-5
-4.1319e-7
-7.22911e-5
2.52133e-6
3.75882e-6
2.47445e-5
-3.11665e-5
6.71254e-5
0.000133891
-0.000128577
-0.00038999
0.000215046
0.000162135
3.92099e-5
2.61944e-6
-7.45672e-6
5.03372e-5
-3.38342e-5
8.23007e-6
-1.74719e-5
-5.13699e-5
0.000540082
-0.000675049
0.000446944
0.000216386
-0.000278886
0.000200011
0.00234765
0.00050813
-0.00210993
-0.000316848
0.000471388
-6.42551e-5
5.80492e-6
-0.000125907
-0.000241183
0.000808459
-6.80236e-5
0.000833807
0.00161162
-0.00120904
-0.000819215
0.000320687
9.43523e-5
-5.88594e-5
0.000152239
2.1535e-6
2.23182e-6
0.000132519
8.58406e-6
2.50999e-5
-3.84395e-6
1.7036e-5
-0.000255169
-7.98439e-5
9.64771e-6
-0.000189588
4.3281e-5
1.04289e-6
-5.31756e-6
8.89294e-5
-1.39677e-5
-3.75516e-5
-2.47677e-6
-1.17557e-6
1.00134e-6
4.45812e-6
-8.23648e-5
2.98976e-5
-2.77067e-7
-2.13992e-7
1.90034e-5
-1.03464e-5
-7.54275e-6
-6.12649e-7
1.07608e-6
-1.88848e-6
2.33888e-6
2.97204e-7
2.19326e-6
-9.65086e-7
1.9249e-6
-2.0892e-6
-4.929e-7
2.24427e-7
9.27771e-7
-1.36801e-7
1.63671e-6
-2.06843e-6
-2.03886e-7
1.24496e-6
-3.06952e-8
2.8899e-6
-1.97738e-5
-6.2628e-7
3.99978e-7
0.000107203
-1.31636e-5
3.17389e-7
2.96541e-6
4.59198e-5
-0.000348262
-1.33696e-6
6.52224e-6
0.0046773
-0.00140755
-3.07549e-5
0.00446077
1.11461e-5
2.8884e-5
-3.66246e-5
0.0151588
-0.00907613
4.29728e-5
-0.0001492
0.0119581
-0.0069546
-9.82449e-6
0.000133496
0.00429536
-0.00728178
0.000473596
0.000220064
-6.8985e-5
4.71514e-5
-0.00949825
6.35873e-6
1.56971e-5
1.99493e-6
-9.53181e-6
3.3669e-5
0.00231574
0.00405709
-0.00429659
-0.00136729
-0.000772
-0.00260935
-0.00828426
-2.01962e-5
0.00073901
2.94745e-5
-0.000500233
9.91188e-6
-1.72792e-5
9.50199e-5
-0.000138294
-0.000265973
0.000534012
2.6381e-5
1.0175e-5
-5.43431e-5
3.87937e-5
-0.00107327
0.00199843
0.00156958
-0.00325542
-3.27596e-6
-7.8754e-6
1.36682e-5
2.53499e-5
0.00404282
-0.00210097
-9.77338e-8
-7.79707e-7
0.00146486
-0.00125769
-1.38731e-7
-4.11412e-8
-3.05143e-8
2.13515e-8
0.00037887
-0.000333656
-3.12345e-7
1.76111e-7
6.21589e-8
-3.24946e-8
-0.00013186
-3.21082e-6
-1.48422e-6
-1.37166e-8
-3.14083e-7
9.48089e-8
-1.9998e-5
1.10812e-5
9.16102e-6
7.01213e-6
6.46219e-6
-2.38324e-6
-2.23432e-6
2.95504e-6
3.1471e-7
5.70693e-8
-9.19522e-7
-3.9736e-7
2.65562e-5
-7.8777e-6
4.19293e-6
-1.69086e-5
2.46144e-6
9.84776e-6
-3.11019e-5
-3.16228e-5
-9.86458e-6
4.11147e-6
-4.79028e-6
1.17798e-5
6.69013e-5
-0.000112072
-0.000152089
7.62133e-5
1.99115e-5
0.000126928
-0.000133467
-0.000459658
0.000124078
-8.00001e-5
-0.00015567
-6.69962e-5
0.000126827
-8.97076e-5
-3.04147e-5
1.49733e-5
0.00043958
-0.00040278
-8.36656e-5
6.85938e-5
4.28328e-5
-0.000271629
-2.13816e-5
-0.000300004
0.000508338
-5.49361e-5
0.000178266
2.83363e-6
-3.84234e-6
-2.62376e-5
3.05044e-5
-2.7304e-5
2.20347e-5
-1.34351e-5
-3.45304e-5
-3.99934e-6
3.86212e-6
4.28519e-5
-6.85524e-6
3.67399e-5
-7.58618e-5
-3.94901e-6
1.57582e-6
-5.54518e-6
8.57644e-7
1.20477e-6
-2.00477e-7
1.447e-6
-1.09002e-5
-3.00513e-7
7.5474e-7
1.66156e-6
1.40979e-6
3.61394e-9
-3.6226e-7
4.07308e-6
-1.15131e-6
4.7406e-9
3.25428e-8
-1.29474e-7
-2.63749e-6
1.22003e-7
-2.49168e-7
-2.82576e-7
-7.2618e-8
4.58455e-7
-6.37869e-7
-3.71787e-7
2.17447e-7
5.68921e-7
-5.87275e-7
-3.47389e-7
7.44023e-7
3.07154e-7
-1.02608e-6
2.79484e-7
-2.89521e-7
3.79967e-6
-6.8068e-7
2.27953e-7
-3.06802e-8
4.33546e-6
-3.32504e-5
-1.31017e-7
3.07321e-7
0.000241967
-5.96001e-5
-7.25387e-7
8.87512e-7
0.000212033
-0.000282903
1.06003e-8
1.0019e-6
-0.000668067
-0.00036919
-1.18872e-5
4.45998e-6
0.00264031
-4.97738e-6
-9.06486e-6
1.17965e-6
0.00244174
0.000265899
-2.65619e-6
1.0318e-5
0.0110991
-0.00839961
1.14592e-6
-9.69743e-6
0.00918263
-0.00851649
0.00404787
3.15294e-6
-4.65997e-6
0.0055876
-0.00194032
-4.12451e-6
-0.000493739
3.81686e-6
0.00145813
-5.26125e-6
1.30814e-5
-1.253e-5
2.15987e-5
-4.64549e-5
-4.47426e-5
0.000114868
7.44791e-5
-0.000110567
-4.64817e-5
0.000553774
-0.000197107
0.000490736
0.000256947
-0.000673898
-4.66423e-5
-6.92919e-5
0.00013526
0.000163852
0.000642412
-0.00154421
-0.000421336
0.000392736
7.56555e-7
4.43242e-6
-4.45262e-6
-1.93769e-5
0.000870353
-0.000820164
0.000572063
5.44214e-8
0.000583437
-0.000469398
0.000390208
9.80472e-8
0.000123445
-9.40404e-5
0.000137219
-2.72496e-8
-1.71582e-5
8.06934e-6
1.38325e-6
3.65576e-7
-9.48734e-7
2.06284e-7
4.54786e-7
-1.51695e-7
4.17959e-7
-9.16128e-7
7.65594e-8
-1.00539e-6
2.77134e-7
4.77633e-7
-1.69986e-6
-1.73022e-6
3.64256e-7
3.90605e-6
2.08824e-6
-1.09779e-6
2.6067e-6
2.89777e-6
3.57831e-6
-1.89983e-5
-1.00145e-5
2.7978e-5
1.04746e-7
3.04276e-6
1.22764e-5
-5.46946e-5
0.000101299
0.000493673
-0.000335525
8.24875e-5
-0.000355434
7.96385e-5
0.000207496
-0.000239709
0.00025686
0.000198975
-0.000180091
0.000104833
-0.000157999
9.32053e-5
0.000154376
-1.18466e-5
-5.29209e-5
9.31222e-6
-1.76974e-6
9.52966e-6
-8.63775e-6
8.83894e-6
5.34656e-6
1.2123e-6
2.43769e-6
1.57917e-6
-3.64314e-6
3.32092e-5
-5.78796e-5
5.88532e-5
-2.30242e-6
-1.40037e-6
3.59409e-7
1.41647e-7
-1.3922e-7
2.28964e-6
-4.76113e-7
1.89454e-6
-3.1085e-6
-3.59796e-7
9.51361e-8
-4.42693e-7
4.58157e-8
8.13381e-8
1.1477e-7
-5.79354e-7
-2.38305e-8
8.96274e-8
-3.63089e-6
8.57639e-7
-2.24049e-8
-2.77814e-8
1.4381e-6
-3.70437e-7
8.41367e-7
-3.42339e-7
-1.85374e-8
3.78342e-8
-1.8525e-7
5.35055e-8
7.29021e-8
3.35723e-8
-1.39327e-7
2.22909e-7
-8.74903e-8
8.70538e-10
8.50573e-11
1.35905e-8
-2.06489e-7
2.47377e-7
-2.07397e-7
2.47022e-8
2.33499e-7
-1.41572e-7
1.16474e-7
2.63248e-7
-1.99402e-6
5.5245e-8
-3.1544e-8
1.19566e-5
-2.52695e-6
6.07427e-9
-1.35338e-9
9.15665e-6
-2.39819e-5
-9.23757e-9
6.10591e-8
4.63368e-5
-1.70893e-5
-5.20848e-7
2.89398e-6
0.000106419
-0.000307321
8.70913e-9
-7.87542e-7
-8.55708e-8
-8.9772e-7
-0.00231328
-0.000225359
-0.000218353
0.000134418
0.00146315
3.46299e-6
6.08265e-7
4.39404e-6
3.70129e-7
1.63274e-7
-1.23547e-6
9.73874e-7
7.03466e-7
-9.68502e-7
2.44192e-6
3.88185e-6
-9.46106e-6
0.000649229
0.00129162
-0.00107354
-0.000302782
0.000286953
-0.00146982
-0.00272646
-4.76773e-6
1.59689e-5
-2.27616e-5
7.06967e-5
2.67068e-5
-8.74676e-5
-0.000339267
-0.000327591
0.000732791
0.000540168
8.6959e-5
-0.000247994
-9.78612e-5
0.000228363
2.04386e-5
6.92727e-5
-7.73275e-5
-0.000209972
-0.000387276
0.000291521
-2.4614e-8
-7.29588e-7
1.24945e-6
3.61046e-6
-0.000186901
0.0001451
-2.77018e-9
-4.78652e-7
-1.44388e-7
8.14575e-7
8.63155e-6
1.18397e-5
-4.44358e-8
2.71482e-8
3.06494e-8
1.14033e-7
2.34697e-5
-4.53964e-6
-7.9556e-9
-9.31423e-8
-3.90767e-8
7.8499e-8
-1.13112e-6
4.58147e-7
2.14901e-7
3.17671e-8
-8.44393e-9
1.01404e-7
-8.81915e-8
-1.17457e-7
1.04857e-6
-2.40068e-6
-1.07095e-6
3.59181e-7
2.81056e-7
1.26559e-7
-5.125e-7
-7.98558e-7
-9.28036e-6
1.68239e-5
1.60352e-5
-6.30157e-6
1.95492e-6
1.19447e-6
-5.05087e-6
1.99675e-6
-2.00351e-6
2.44238e-5
0.000106893
-0.000239581
0.000110633
-9.35178e-5
4.05655e-5
-1.2126e-5
-3.70908e-5
7.74535e-5
0.000100829
-0.000285207
0.000449974
-0.000396535
1.863e-5
-1.22589e-6
-6.46138e-7
-2.41843e-6
1.3911e-6
-7.76536e-7
-1.7446e-6
1.29757e-6
-5.55147e-6
-1.30403e-6
-2.17879e-5
-7.70161e-8
-4.69269e-6
3.14764e-7
7.06909e-7
-5.89194e-8
-1.96418e-7
7.271e-7
-2.1336e-7
1.81172e-7
6.11379e-7
2.40541e-7
-1.58042e-7
4.90519e-7
-2.80282e-7
1.12245e-6
2.60774e-6
-3.08371e-8
-1.46669e-8
3.46726e-8
-2.09759e-8
1.54708e-7
-4.98839e-8
1.24635e-7
-1.4128e-7
-3.69455e-8
5.49984e-9
-1.65765e-7
2.74386e-8
2.04517e-8
-4.44093e-8
1.40599e-8
6.95954e-9
-1.31528e-8
1.95809e-9
3.53211e-8
7.6177e-8
-3.96056e-8
5.08047e-8
2.01981e-8
-8.20162e-9
-5.97533e-8
6.47958e-8
2.64345e-8
-8.31272e-8
2.18163e-8
-1.38206e-7
-2.10824e-8
3.0681e-8
5.93261e-7
-1.0102e-7
-2.16818e-8
1.30161e-8
3.50351e-7
-1.07634e-6
7.30115e-9
-1.91692e-9
3.46775e-6
-8.55475e-7
-1.37512e-8
5.88782e-8
4.27555e-6
-1.43054e-5
-3.51742e-9
-2.14417e-8
4.33409e-6
-2.47343e-6
2.20996e-7
2.3179e-7
-6.20247e-5
-8.27446e-7
-0.00010269
1.11814e-8
1.95992e-7
6.07135e-8
-1.35139e-7
-0.00151384
0.000613734
9.41161e-5
1.2455e-5
5.38495e-8
-1.28571e-7
-0.00063692
-0.00112344
0.00348686
-6.88532e-8
3.36837e-7
-0.00120287
0.00360106
-0.00137383
-3.42966e-8
-7.94349e-8
0.00316004
-0.00616316
-0.000806886
9.52595e-8
-3.36126e-7
-0.00377257
0.00695233
0.00275211
3.104e-9
1.57247e-7
0.00380041
-0.00494631
-1.00851e-7
2.81349e-7
2.44646e-9
-1.59185e-6
6.37e-6
1.71966e-6
-7.27449e-6
-0.00132852
-0.000610259
0.00202151
0.000270773
8.42695e-6
-2.80908e-5
-1.22995e-5
3.80417e-5
0.000247869
0.000548474
-0.000684278
-0.00123476
-5.84207e-5
0.000145021
4.06362e-5
-4.50455e-5
-4.907e-6
-1.50801e-5
1.40552e-5
5.7646e-5
-9.94919e-5
0.000109247
-6.74844e-5
-2.11524e-6
-5.18548e-5
5.61486e-5
-5.56948e-5
-3.07859e-7
5.14861e-6
4.63276e-6
-7.84616e-6
-1.78594e-7
1.99768e-6
-6.34536e-8
-4.27849e-7
2.54459e-8
-3.67058e-7
1.63516e-6
-7.44296e-8
-1.05005e-7
1.23639e-8
2.20367e-8
-4.82091e-8
-2.31131e-8
6.64379e-6
-1.69729e-5
-6.40482e-6
2.68632e-6
2.79957e-7
-5.39037e-7
-1.61436e-7
-1.18589e-6
-2.32812e-5
1.78497e-5
6.8898e-5
-3.5378e-5
-2.68411e-7
7.16807e-6
-5.19582e-5
9.6343e-5
-2.97248e-5
-0.000195781
8.49591e-5
0.000397967
-0.000260347
-0.000597607
0.000426401
0.000651677
-0.000462866
-0.000460683
0.000440942
-0.000305772
0.000242955
-0.000152975
9.47044e-6
-1.11018e-6
-2.35335e-6
6.88218e-7
1.59821e-6
-1.47438e-7
-2.07719e-7
-8.86754e-8
9.91166e-8
-2.03346e-7
-4.69175e-8
-3.52237e-8
-6.36957e-8
7.85377e-7
-3.17735e-7
-2.12431e-6
-6.00259e-7
1.85604e-7
2.36224e-8
6.71906e-9
2.68475e-8
1.1886e-8
-9.43244e-10
4.62506e-8
-2.71535e-8
4.16771e-8
-8.32493e-8
9.89877e-10
-2.31469e-9
1.7285e-9
-1.87119e-9
1.8366e-8
8.30429e-9
-9.98832e-9
-8.16485e-9
2.3217e-9
3.5392e-8
-4.19e-9
1.23327e-9
1.33735e-8
-2.76896e-8
2.84768e-9
-1.56022e-8
-1.07669e-8
1.25825e-8
9.52315e-9
6.40724e-9
4.25802e-10
-1.07439e-9
-1.71617e-8
2.25336e-8
-3.87787e-9
-1.83754e-8
7.84624e-9
3.53023e-8
-7.06849e-9
7.97517e-9
-1.25079e-9
-5.10509e-9
9.04464e-9
-4.73624e-8
-2.2192e-9
-2.96975e-9
1.58037e-7
-2.07653e-8
-4.5107e-9
4.80054e-9
1.96061e-7
-6.52944e-7
-2.02471e-9
-3.403e-9
4.32255e-7
5.34203e-7
5.70319e-10
2.40624e-8
-1.17984e-7
6.48848e-6
4.29568e-5
5.08901e-9
4.59634e-5
-1.17921e-5
-7.66019e-9
7.31998e-9
-9.86491e-6
-5.82054e-7
-5.44569e-8
-3.76396e-8
0.000173392
-1.72593e-8
7.60943e-9
2.22739e-8
-2.66155e-8
1.14951e-8
5.80531e-8
-2.15208e-7
1.27907e-7
-3.01254e-7
8.74293e-7
0.00148942
-0.00236525
0.00079809
-0.00231592
0.000912192
0.00643266
-3.02968e-7
8.45675e-7
-2.69256e-6
-6.23114e-7
3.49813e-6
0.00164806
0.00237712
-0.00326961
-0.00385122
-5.27382e-6
1.55979e-5
3.47904e-6
-2.09161e-7
-3.67245e-5
-0.000191421
6.76747e-5
0.000567598
-1.64437e-5
1.99239e-5
-1.90733e-6
-5.091e-7
1.02286e-5
-2.85352e-5
-4.322e-5
4.21802e-5
-3.13851e-5
-3.59311e-7
2.45382e-6
-5.86072e-6
-1.74653e-5
1.99091e-5
-2.13689e-5
-2.2233e-7
1.29941e-6
-2.8751e-6
2.34576e-6
1.27313e-6
-1.07723e-6
2.7106e-7
8.65733e-7
-1.58433e-6
2.22661e-7
3.54856e-8
-6.00085e-8
-1.30532e-8
-3.99978e-6
1.09567e-5
1.16731e-6
-1.43168e-6
6.80169e-9
3.02909e-7
-2.64675e-7
1.31861e-6
3.99712e-5
-0.000102155
-1.26065e-5
1.21381e-5
2.53568e-6
-2.36862e-6
-2.18221e-6
-2.10698e-6
3.16362e-6
7.94715e-5
-8.95431e-5
0.000187045
-0.000117172
0.000127326
2.86655e-5
-0.000110487
-0.000117858
0.00024142
-0.000457735
0.000666163
-0.000716845
0.00056414
-6.26756e-7
-3.95163e-8
8.0383e-8
5.24341e-8
-1.63304e-8
1.22691e-8
5.59967e-8
5.71713e-7
9.52775e-7
-1.49414e-8
1.84573e-7
-3.34122e-7
1.33269e-7
-3.26968e-8
-2.55032e-8
-3.62229e-9
3.20842e-9
-1.91203e-8
-3.82511e-9
-7.66136e-9
2.4901e-10
-4.9884e-9
8.644e-8
-2.70975e-8
-1.27028e-7
1.74411e-8
-8.41681e-8
2.60515e-9
3.62677e-10
9.53759e-10
6.36502e-10
8.97054e-9
5.43619e-9
-1.5664e-9
1.25143e-8
4.99194e-9
3.01899e-11
-2.34802e-10
-7.43591e-10
-7.03166e-10
3.57496e-10
3.34456e-9
-2.82478e-9
1.25807e-9
5.71285e-9
-2.40084e-9
2.93249e-9
3.11401e-9
3.67321e-10
-1.58994e-9
-3.75412e-9
-4.63032e-9
6.71762e-9
-2.35961e-9
-1.85447e-9
1.7708e-9
7.88926e-11
-1.91076e-9
2.81363e-9
-8.38172e-10
-7.11561e-9
2.39915e-9
1.36479e-8
-1.92508e-9
-9.26346e-9
8.01156e-9
-7.88388e-9
6.30037e-9
-1.10031e-8
-8.08778e-8
9.06283e-8
-4.77138e-9
-1.64865e-8
1.10893e-8
-9.27788e-9
-1.38163e-9
-3.38407e-7
-4.08862e-6
1.18559e-9
-2.05405e-5
2.2737e-6
-2.87468e-9
-1.37044e-11
1.76245e-5
-1.42314e-5
2.42806e-9
-5.81182e-9
2.01712e-8
-5.33896e-5
-0.000317591
-4.80379e-9
7.74172e-9
-0.000624814
0.00077041
-7.87979e-10
9.80339e-10
-0.00276852
0.0023099
1.41275e-9
-7.13763e-9
0.0064221
-0.00550634
8.45013e-10
2.93563e-9
-0.0095952
0.0085275
-3.77689e-9
5.91511e-9
0.00897932
-0.00894379
1.04119e-8
-2.09782e-8
-0.00536868
-3.05474e-8
-6.88119e-8
1.37551e-7
-2.78058e-8
9.38188e-8
-2.79247e-7
-0.00709962
-0.00492437
0.00499174
0.00523454
0.00850049
0.00250545
-6.61711e-8
2.06368e-7
7.73171e-8
-4.8626e-7
1.0558e-6
4.83481e-7
-2.20318e-5
-0.00176326
0.00353625
-1.81579e-6
2.11092e-6
1.43391e-6
4.71386e-6
9.15971e-5
-0.000228287
-8.25594e-6
8.40515e-6
-3.18143e-7
-5.57569e-7
1.85853e-5
-5.47788e-5
-1.69075e-5
1.60364e-5
-1.26656e-5
-2.31485e-7
7.73654e-6
-1.92048e-5
-5.63227e-6
5.9567e-6
-7.30197e-6
-7.85269e-8
3.9251e-6
-8.02653e-6
4.20778e-7
2.20476e-7
-1.91706e-7
-1.32644e-7
3.84158e-6
-5.59787e-6
-7.29717e-9
4.9799e-8
1.04593e-7
3.82978e-7
-5.84232e-7
5.95572e-8
-2.44675e-5
2.30811e-5
-9.11166e-6
-1.61616e-6
1.72399e-6
3.46463e-7
-6.61678e-6
7.38635e-6
-3.42978e-5
-0.000215323
0.000276848
0.000153482
-0.00014154
0.000189447
6.03734e-5
-0.000121378
0.000140217
-4.78609e-5
0.000118666
4.68045e-5
-0.000193186
-0.000169484
0.00038121
0.000299315
-0.000559647
-0.000248982
0.000568237
6.9568e-5
-0.000403446
9.06464e-5
8.40482e-8
-1.05066e-7
5.20508e-9
1.39575e-8
4.88916e-9
-7.79476e-10
2.92223e-9
5.12568e-9
-3.29329e-10
4.16356e-8
7.0021e-9
-1.25293e-8
5.10782e-9
2.13409e-8
-4.89064e-9
1.69859e-9
-3.29507e-9
-4.23866e-10
-4.2407e-10
-2.05205e-9
1.78983e-10
-2.16184e-10
-1.37128e-11
-7.9162e-10
2.02288e-10
-1.24025e-9
-2.26196e-9
-3.63757e-9
4.66843e-10
-1.50206e-9
4.41423e-11
2.14392e-10
7.82049e-12
8.50115e-11
-6.94757e-10
3.05463e-10
6.15389e-10
1.41434e-9
-1.45955e-11
1.49361e-10
-5.13168e-11
-4.77437e-10
9.03083e-10
-4.33897e-10
5.10922e-10
8.99362e-10
5.76128e-10
-4.32748e-10
-5.62052e-10
-9.75236e-10
1.823e-9
-9.30371e-10
-1.24338e-10
4.09342e-10
-9.21047e-10
-2.70004e-10
9.63475e-10
-1.20267e-11
4.51333e-11
1.62676e-9
9.79316e-10
-1.36378e-9
-9.13506e-9
1.05147e-8
-9.52499e-9
1.14444e-8
3.79319e-9
-3.59495e-9
3.32085e-8
-1.52767e-8
2.65124e-8
-4.85768e-9
-2.28111e-8
2.3557e-8
-2.19055e-8
1.85982e-8
1.20713e-7
-8.54413e-8
1.17519e-6
-3.05754e-7
3.63666e-7
-2.69484e-9
-2.08829e-10
1.26693e-9
-2.50466e-10
-2.82428e-10
8.22082e-6
0.000120497
-8.38175e-10
2.86381e-9
0.00033857
-0.000278962
2.81223e-10
0.000869031
-0.000591443
-1.05347e-10
-1.70576e-10
2.41583e-11
-9.01867e-11
-0.00311391
0.0037873
-0.00183947
0.00275486
1.64026e-10
-5.63684e-10
0.00538902
-0.00533889
-0.00609234
-1.71742e-10
9.76049e-10
-0.00670515
0.00645936
0.00930189
4.11702e-10
-1.70287e-9
0.00441709
-0.00432876
-0.00715698
-5.96924e-10
2.76962e-9
-2.92016e-9
0.00137514
0.00238357
-8.80092e-9
2.7265e-8
-0.00650869
1.3919e-8
8.01853e-9
-1.28617e-8
3.78097e-8
-5.9628e-8
-5.92083e-8
0.00215152
0.00729175
-0.00479905
-0.00201673
-0.010853
-3.07529e-8
8.84592e-8
-3.02188e-7
5.31352e-7
2.30331e-7
-0.000154548
-0.000346869
0.000662042
0.000196386
0.00132603
-9.26193e-7
8.60255e-7
7.26332e-7
1.54895e-5
1.98673e-5
-0.000102829
-3.22835e-6
2.76328e-6
-1.9255e-7
6.58131e-6
5.0573e-6
-1.80275e-5
-6.05109e-6
4.66876e-6
-4.70819e-6
3.1482e-6
2.32628e-6
-8.01286e-6
-1.55949e-6
1.51063e-6
-1.74971e-6
2.48875e-6
2.33252e-6
-4.43602e-6
4.99792e-7
-1.09187e-7
-5.46717e-8
1.59509e-6
-8.97126e-7
-1.51336e-5
-1.87389e-5
1.50763e-5
-5.45009e-6
6.51049e-6
6.87307e-7
-1.59057e-6
4.14897e-6
-1.8869e-5
1.88718e-5
-2.95946e-6
0.000135234
-0.000131857
4.13692e-5
-4.98727e-5
7.88154e-5
-7.13377e-5
6.03583e-5
-0.000114523
-7.76018e-5
0.000297586
-0.000418096
0.000180393
0.00033627
-9.77883e-5
-0.000336148
8.89975e-6
0.000197795
-0.000111661
0.000170188
-0.000413621
0.00027089
0.000429794
-0.000417474
-0.000278977
-6.98374e-10
-7.95624e-9
-1.52317e-9
1.79962e-10
2.19264e-9
1.61718e-9
5.79458e-10
1.16955e-10
4.8834e-10
9.68625e-12
-2.96187e-11
4.21975e-10
7.17699e-11
2.29834e-10
2.59852e-10
-6.4976e-10
1.53933e-10
-5.36447e-11
-1.23393e-10
1.94749e-11
-5.60705e-11
-3.87781e-11
-2.16642e-12
1.43306e-10
-2.04357e-10
-2.19058e-10
3.16362e-11
3.54855e-10
-5.92602e-13
6.58041e-12
1.79067e-11
-3.51337e-11
1.97562e-10
-2.42551e-10
1.20896e-10
-3.50466e-10
-1.5669e-10
-2.95102e-11
5.45313e-11
8.07642e-11
-2.33638e-11
5.4005e-10
4.15212e-10
-4.17535e-10
-3.40921e-10
-4.24553e-10
-7.34235e-10
3.48861e-10
1.22439e-10
-5.73845e-10
8.46348e-11
1.82014e-9
-6.72877e-9
1.9479e-9
-3.81346e-9
7.52417e-9
-6.92742e-9
1.10798e-8
1.98138e-8
1.58657e-8
1.12981e-8
-3.12064e-8
1.35683e-9
-1.03497e-9
-1.6535e-8
2.35681e-8
-2.18272e-8
2.56307e-8
1.34963e-8
7.36369e-8
2.28857e-7
-7.18689e-8
-6.74355e-7
-2.61611e-9
-1.8163e-10
1.32832e-9
-4.41748e-10
1.93936e-10
-6.18403e-6
5.30493e-6
-2.94573e-5
2.04526e-5
-1.28319e-10
3.36634e-10
-9.51149e-5
-6.80663e-5
0.000357566
5.9195e-10
-1.57307e-10
1.97735e-10
-6.73411e-12
0.000436782
-5.29862e-11
2.69833e-11
-9.36634e-11
1.61334e-10
9.16962e-11
-4.35018e-10
1.34282e-9
6.52013e-10
-2.66038e-9
0.0031025
-0.000766265
-0.0037209
-0.00638272
0.00465417
0.00821847
-9.27115e-10
0.00708757
3.83204e-9
-1.11522e-9
-1.09041e-9
8.61814e-9
-3.40399e-10
0.00100275
0.00143166
-0.00383083
-0.00118728
-0.00402154
-3.28218e-8
3.2428e-8
-1.57813e-7
2.8248e-7
1.07816e-7
-0.000100805
4.84266e-5
0.000267562
8.35688e-5
0.000293777
-3.33789e-7
2.65323e-7
4.02948e-8
1.06372e-5
-1.3045e-5
-6.65104e-7
-5.66227e-7
4.71798e-7
-8.3455e-8
4.06086e-6
-2.76152e-6
1.03776e-6
-1.04373e-6
6.03396e-7
-1.15652e-6
2.81588e-6
-8.56997e-7
-3.97151e-8
2.06149e-7
4.78011e-7
-1.48345e-6
4.75264e-6
-4.32251e-6
-1.20657e-5
-4.40979e-6
3.38162e-6
-4.64912e-7
-1.74255e-7
3.62931e-6
-6.27604e-6
8.90975e-6
-2.51756e-5
2.00332e-5
8.41435e-5
6.9611e-5
-5.09733e-5
1.21975e-5
-1.584e-5
-3.1118e-5
3.45121e-5
1.36245e-5
3.39277e-5
-8.10444e-5
0.000207366
-0.000265669
-3.02896e-5
0.000397733
-0.000374384
0.000324312
-0.000457539
-0.000145576
0.000212199
0.000306767
-0.000343268
0.000314618
-0.000270577
-2.99826e-10
-4.17321e-10
-1.08496e-10
-6.97053e-11
-3.67699e-10
1.14611e-9
1.70469e-10
1.96238e-10
-1.29141e-12
1.12832e-10
1.56338e-11
4.6394e-11
2.52339e-11
3.95101e-12
7.49301e-12
-2.20221e-10
1.19897e-9
-1.40019e-9
-5.24207e-10
-1.26966e-9
-5.26168e-9
-3.46291e-12
-3.22247e-12
6.88492e-12
8.13169e-12
-2.89161e-12
1.54605e-11
1.31782e-9
4.46884e-9
-3.11425e-10
4.26677e-9
-4.37898e-9
-7.68111e-11
6.70937e-11
-9.7167e-11
-8.15889e-11
-2.7521e-11
-3.64498e-9
-1.08842e-9
-1.62823e-9
-3.97323e-9
1.32305e-9
2.07958e-9
-1.40785e-9
-9.68329e-11
2.72545e-9
-9.20615e-10
-2.42914e-9
-1.10168e-8
-3.41226e-9
3.6064e-9
-1.96971e-9
6.09168e-11
4.27183e-9
-9.81336e-9
-8.43428e-8
-6.36005e-8
-1.96407e-8
3.18686e-7
-5.54392e-9
-3.86151e-9
1.08048e-8
-9.09941e-9
1.84165e-8
-3.35332e-7
-1.99182e-6
2.64945e-8
-9.61877e-7
1.37604e-6
3.96026e-10
1.3823e-10
1.02446e-9
3.80179e-12
2.11892e-10
3.05775e-6
-2.44771e-5
-2.20951e-5
-1.04257e-7
-3.66389e-10
-8.12746e-11
2.26453e-5
6.24586e-5
-0.000174545
-2.96449e-9
-4.68462e-10
5.16536e-11
-1.92331e-11
4.55579e-11
0.00155105
-0.0038796
-0.00189977
0.000212078
-8.03494e-11
1.31533e-11
-0.00220341
0.0040588
1.34105e-11
-1.02378e-11
0.00346326
-0.00539072
-5.10093e-11
-0.00285941
-1.10716e-11
3.19007e-11
-1.16759e-10
1.15124e-10
2.50983e-10
-7.2024e-10
0.00115285
0.000173063
-0.00131926
-0.00285125
0.00147096
0.00357336
-6.7569e-10
0.0022752
1.81074e-10
5.95334e-10
-3.78012e-9
8.52494e-9
4.45559e-9
0.000237748
6.18031e-5
-0.000880549
-0.000199028
-0.00090305
-1.03274e-8
7.81468e-9
-3.45292e-8
1.39839e-7
-4.2978e-8
-1.71788e-5
4.28955e-5
2.37974e-5
4.86064e-6
-8.81985e-6
1.36856e-7
-1.68768e-7
1.79694e-7
-2.22074e-6
3.04984e-6
2.62491e-7
-4.3845e-8
2.73031e-7
-5.36118e-8
-9.21904e-8
-2.24408e-7
1.60236e-6
-3.94438e-6
7.79325e-6
-5.24309e-6
-4.99575e-6
6.3368e-7
-2.97467e-7
1.58001e-7
-8.33845e-7
6.33069e-6
-1.48531e-5
2.17647e-5
-4.20429e-5
3.25813e-5
4.07071e-5
8.02566e-6
-3.01559e-6
7.99515e-8
4.83883e-6
-3.77904e-5
2.63677e-5
1.86479e-5
1.94118e-6
6.90424e-5
-0.000130954
-7.22844e-6
0.000141692
0.000180961
-0.000128823
0.000127337
-0.000197197
-3.66696e-5
5.45927e-5
9.22295e-6
-0.000197606
-4.12373e-6
0.000205693
4.44509e-5
-0.000203605
2.09583e-5
7.7068e-5
6.02876e-10
-1.95651e-11
-1.1991e-11
-1.43262e-11
-7.29411e-9
1.08811e-8
-2.08661e-9
7.32827e-9
-1.18342e-8
-3.03206e-10
-5.65713e-11
-4.60856e-12
7.44758e-12
-7.04038e-12
-4.05427e-12
-5.06691e-11
-1.36526e-8
2.16843e-8
-3.65664e-8
8.42001e-8
-1.66598e-8
8.12018e-11
-3.43267e-11
-2.14349e-11
1.33768e-10
-2.91097e-10
5.05334e-10
1.31735e-8
8.25136e-9
9.6654e-9
2.89397e-8
-3.71969e-8
2.98904e-10
7.58211e-10
-2.47745e-10
2.91799e-9
-2.25341e-9
6.91634e-9
7.08162e-9
-5.79155e-8
-4.20946e-8
-9.22272e-9
2.70724e-9
2.35134e-8
3.75112e-8
1.28198e-8
6.85148e-9
-3.64186e-8
-4.79231e-8
-3.8189e-8
-6.5211e-8
8.24186e-9
1.70967e-7
-6.30835e-8
-5.27641e-9
1.71131e-7
-4.75249e-7
-7.83615e-7
3.42122e-8
-4.57519e-9
-4.47679e-10
5.19375e-6
2.84943e-6
5.91727e-6
-8.67111e-6
3.22905e-8
-1.33399e-5
-1.04312e-8
5.96549e-9
-1.44907e-9
6.54125e-5
-0.0001868
3.65658e-5
-3.10216e-5
-1.07853e-8
5.46573e-9
-9.70957e-5
-6.04158e-5
-5.71655e-9
0.000412916
3.86424e-9
-1.33347e-9
3.76711e-10
0.00680493
-0.00662004
0.00146393
-0.00319497
-1.84897e-10
2.73681e-12
0.00046221
0.000572792
-4.35017e-11
1.65766e-11
0.000679321
-0.00174499
-1.05018e-11
-0.000810258
3.96793e-12
-1.00444e-11
-4.62977e-11
5.88325e-11
-6.80139e-12
0.000581882
8.35149e-5
-0.000499627
-0.00114156
0.000423915
0.00127345
-1.37281e-10
0.000468091
1.16207e-10
2.65563e-9
-1.30245e-9
1.58222e-9
4.57263e-5
-8.34995e-5
-6.51625e-5
-6.88114e-6
-0.000111275
-4.25244e-9
2.2447e-8
-8.77969e-9
-3.75629e-8
-1.40846e-7
8.42966e-7
-3.66733e-6
7.51907e-6
5.97011e-8
1.02833e-8
-2.08205e-7
9.63707e-8
2.37852e-8
-5.61676e-7
4.27153e-7
1.37245e-8
5.72077e-7
-4.8808e-7
-1.27487e-6
1.42194e-6
-1.24411e-8
5.37004e-8
-5.53123e-8
-1.09224e-7
2.37464e-6
-3.56747e-6
-4.01167e-8
5.07723e-8
-4.05774e-8
4.3746e-6
-1.12668e-5
-6.52641e-6
1.53687e-5
6.06197e-6
-3.87798e-7
8.88715e-7
-3.83611e-7
7.51316e-7
-2.93555e-5
5.1443e-5
5.45751e-5
-6.5504e-5
-0.000115734
0.000142983
-4.11487e-5
0.000146756
-0.000175665
0.000112272
-0.000109047
-9.51703e-6
1.22665e-5
-0.000269503
0.000184543
0.000407789
-0.000256031
-0.000593681
0.00027103
0.000456239
-0.000277068
1.84934e-9
4.4342e-10
7.76642e-11
-3.42883e-12
-2.328e-8
6.46887e-8
5.84774e-8
1.02855e-9
-2.24856e-9
-7.14769e-10
1.85483e-11
-2.76316e-12
7.48761e-11
-2.53703e-10
-2.42632e-10
-1.41143e-7
-5.74597e-8
-3.21176e-7
-1.58558e-7
2.38157e-7
1.35765e-9
-4.88715e-8
2.91987e-9
5.39902e-9
-1.77642e-10
3.65582e-10
-2.45881e-10
1.18019e-10
5.40471e-10
-9.17122e-10
-1.34807e-9
-1.99874e-9
2.81197e-7
2.56986e-7
7.83627e-7
8.70256e-7
-5.63658e-7
2.93396e-9
3.78056e-9
1.49207e-9
4.89731e-9
8.03912e-9
2.17892e-7
2.06329e-7
-1.51306e-6
-1.17041e-6
-2.87054e-8
2.79641e-8
8.12017e-8
2.27912e-7
2.97936e-7
2.34727e-7
-1.17153e-6
-1.18132e-6
-9.45479e-8
-2.64386e-7
-3.89906e-7
4.26837e-8
-1.30387e-7
-8.2609e-8
-1.61175e-6
-3.1267e-7
3.26899e-6
-6.49327e-6
-1.34589e-5
-2.02415e-5
8.38323e-7
3.60362e-7
-1.20188e-7
4.25269e-5
-5.64188e-5
7.8162e-5
-0.000111909
9.92667e-9
5.65304e-10
2.3403e-8
0.000237939
0.0003621
1.18144e-7
-1.07434e-7
3.50604e-8
-0.000453601
0.000402515
-0.000960491
0.000837
-3.66366e-8
-1.99854e-10
-0.00133951
0.00336148
1.37412e-9
5.46957e-9
-2.02991e-9
0.000492726
-0.000124583
0.00190799
3.13322e-10
4.00441e-9
-4.41096e-10
-0.000199213
2.6649e-5
-0.000345036
5.26783e-11
1.78759e-11
-5.3003e-11
3.7722e-5
0.000190583
-0.000419793
4.58897e-10
2.56082e-11
-0.000124431
-0.000115331
-4.33323e-10
1.12098e-10
0.000733964
-0.000856257
-1.97411e-11
-1.37681e-10
-0.000287002
0.000856016
3.39265e-10
-3.42399e-10
-1.01353e-9
1.79826e-9
3.93043e-9
1.36215e-9
-3.12412e-5
6.33712e-5
2.52421e-5
2.45546e-5
2.91258e-5
-4.20342e-5
-3.66174e-9
-1.50336e-8
1.88386e-8
2.91217e-8
-6.09774e-8
7.34415e-7
-4.93653e-6
-1.82525e-7
-7.67439e-6
-1.59338e-8
1.51406e-7
-1.84213e-7
-2.71489e-7
2.86306e-7
4.57851e-8
5.248e-8
-7.57446e-7
1.07825e-6
2.19798e-7
-4.10364e-6
7.13077e-7
1.3269e-7
2.84876e-7
-5.11316e-8
-1.37843e-6
1.16659e-5
-3.98875e-6
-2.79443e-5
1.15366e-5
1.16806e-7
1.04514e-7
1.50579e-8
-4.44363e-7
5.9562e-5
-2.32035e-5
-7.80119e-5
2.90962e-5
8.74907e-5
-2.64616e-5
9.01305e-6
-8.64888e-7
-2.16245e-6
-2.27941e-7
-1.25854e-8
-4.76619e-9
-0.000102342
1.17221e-5
8.80273e-5
3.26512e-5
-4.01062e-5
-0.000112
0.000192851
7.35085e-7
0.000153516
-0.000301048
-5.62248e-6
-0.000136014
0.000355222
6.65038e-5
9.49603e-7
-0.000158071
-0.000130198
0.000175144
-8.48644e-7
-4.46857e-5
4.03252e-7
-1.02964e-6
5.04883e-8
-2.49268e-8
-3.98004e-9
8.2099e-10
-1.76499e-9
1.19302e-9
-1.00877e-9
-4.46136e-6
-3.06923e-6
2.89668e-6
-4.37303e-7
-7.99206e-7
3.66099e-6
9.23987e-9
6.88853e-8
-2.09944e-8
1.34552e-8
-3.10705e-9
-3.91284e-10
-2.71545e-9
-8.08389e-9
-1.31546e-8
6.71839e-6
6.32165e-6
-8.90075e-6
1.10136e-5
-1.21653e-5
2.1394e-8
-5.64299e-9
4.94424e-9
2.14195e-8
-7.52539e-9
6.13855e-6
5.86917e-6
-3.13216e-5
-2.94219e-5
-1.45959e-7
1.53482e-7
6.61493e-7
1.57203e-6
6.79279e-6
6.49523e-6
-3.03328e-5
-2.89188e-5
-2.388e-6
1.88938e-6
8.24998e-6
2.06643e-5
-3.04291e-6
-3.14434e-6
-3.42283e-5
-9.42677e-6
-2.38313e-5
2.08504e-5
5.3457e-5
0.000140885
8.64013e-6
-7.18308e-6
1.98062e-6
-0.000157315
8.89394e-5
-0.000247201
0.000239827
-6.1961e-7
3.50104e-7
3.49413e-6
-0.000302644
-0.00065171
-8.82072e-7
-3.46528e-7
2.70712e-8
0.000497548
-0.000322753
0.000801162
-0.000593196
1.34459e-8
-2.14207e-8
0.000469423
-0.000496192
6.42387e-8
-3.70484e-9
-0.000331549
0.000294647
-1.77511e-8
-2.79402e-11
0.000227147
-0.000172051
1.50232e-8
-1.67328e-9
-0.000189922
0.00023092
-4.53467e-9
1.82317e-9
0.000233471
-0.000463876
-1.32754e-9
1.07155e-8
-3.58231e-10
-1.78465e-8
1.75197e-8
-5.88937e-9
-7.67037e-6
-8.29788e-6
-1.44934e-5
-1.06608e-5
-0.000144773
2.72091e-5
2.89449e-9
-1.01772e-7
2.58913e-8
1.22792e-7
-1.31132e-7
1.72665e-6
2.73045e-6
1.27446e-6
4.15369e-6
-5.15397e-7
5.59481e-7
1.60611e-6
-1.9116e-6
4.89391e-6
1.44227e-6
-6.91407e-7
-7.39498e-6
-6.28857e-6
6.20937e-6
1.64379e-5
-1.66174e-5
1.25635e-6
4.76338e-6
-6.97534e-7
-2.80188e-5
-4.97088e-5
3.38482e-5
5.85126e-5
-9.02717e-5
9.98151e-8
2.40483e-6
-3.90795e-7
-7.69358e-6
-0.000118293
0.00012002
0.000221267
-0.000124586
-0.000165713
0.000173079
1.16104e-6
-9.53951e-6
-2.12777e-7
6.47163e-6
1.54474e-6
1.39533e-6
0.000258937
-0.000198107
-0.000267662
0.000176488
0.000223288
-0.000132722
-0.000169238
0.000100992
0.00012274
-8.38432e-5
-7.48952e-5
8.48704e-5
1.20929e-6
-6.44196e-7
1.68229e-7
-6.2293e-8
-3.47208e-9
8.24418e-9
-1.51053e-5
3.3486e-5
8.79192e-6
3.62158e-6
-5.33652e-7
-8.31438e-9
1.68086e-7
-4.10205e-8
-1.4004e-8
1.23695e-8
-9.72805e-8
0.000112193
0.000123626
-0.000141071
-7.99641e-6
4.32489e-5
-0.000162351
-1.73509e-6
1.52547e-6
-7.29526e-7
-2.11716e-7
1.65574e-7
-3.07868e-9
4.70803e-8
1.96774e-7
-5.96926e-7
0.000147677
0.000133379
0.000451641
-0.000552545
0.000796806
-1.93523e-6
1.65459e-6
2.69326e-7
-1.16886e-6
-7.6044e-6
0.000139509
0.000111692
-0.000762573
0.000799206
9.79698e-6
-1.22364e-5
-1.94098e-5
-6.45722e-5
7.09062e-6
-0.000565844
0.000458153
-0.000140009
6.49506e-5
-5.02247e-5
6.55643e-5
-0.000118568
-0.000174682
3.19423e-5
-1.50932e-5
-0.000165718
0.000153867
0.000329153
1.13838e-6
4.50717e-5
-8.78e-6
3.81685e-6
-0.000348398
0.000266313
-0.00039126
0.000474054
0.00046977
-6.42218e-7
-1.66458e-6
-6.37846e-7
-0.000465185
0.000418482
-0.000436768
1.74103e-7
1.69755e-6
5.24171e-8
0.000444949
-0.000368744
0.000344198
-7.95958e-8
-1.01486e-6
1.94244e-7
-0.000437869
0.000291057
-0.000256449
-2.02853e-10
-1.94145e-7
-5.46783e-8
0.000178242
-0.000161643
0.000201907
1.84801e-7
-1.05817e-8
-6.71939e-5
7.15702e-5
-2.89153e-9
6.5612e-6
4.79739e-8
-8.14309e-8
-6.16389e-8
2.18312e-6
-1.93928e-6
2.02836e-7
-4.31686e-5
7.30963e-6
-1.49179e-6
5.3373e-5
0.000118852
-8.34384e-6
3.38443e-7
4.91103e-6
-1.18645e-6
-1.10941e-5
8.92099e-6
8.96127e-5
-1.17967e-5
-7.22429e-6
-0.00018436
2.53076e-5
-1.71899e-5
-4.65029e-5
5.74019e-5
-1.17211e-5
8.84063e-5
-6.73549e-6
-0.000378634
7.94884e-5
-0.000103625
5.23409e-5
-0.000147195
0.000129472
0.000230698
-0.000288476
8.95964e-6
-4.46731e-5
-1.69266e-6
0.000301818
-0.000181129
5.25337e-5
-7.11633e-6
-0.000341715
0.000393721
-0.000296727
0.0004
-0.000383418
0.000324037
-0.000409128
0.000360838
-0.000288354
0.000578592
-0.000341184
0.000222853
-0.000195198
0.000136957
-0.000115876
9.37648e-5
-5.19951e-5
4.6357e-5
3.32456e-5
-2.97287e-6
-2.42975e-6
2.96671e-6
-4.82738e-7
-2.1202e-7
-0.000911653
0.000497378
-3.53035e-6
-7.63126e-5
-0.000477018
8.49972e-6
-8.52598e-6
1.5978e-6
-3.32117e-6
-1.78072e-6
5.34552e-6
-0.0019703
-0.000241843
-0.00181475
0.00262518
0.000863514
-6.61802e-5
8.89625e-5
-2.55483e-5
1.3448e-5
7.94977e-6
-7.72744e-6
7.98495e-6
2.66687e-6
-8.283e-6
2.77611e-5
-0.000914355
-0.00114696
-0.00113838
0.00263479
-0.00219143
0.00291816
-0.00225889
-7.63398e-6
3.30268e-5
-7.70797e-6
8.41744e-6
1.75384e-5
-5.61454e-5
8.77128e-5
-0.00183624
-0.000241663
0.000500705
0.00313123
-0.00226485
-3.16181e-5
2.21273e-5
5.57157e-5
0.00015072
-0.000170701
3.4204e-5
-0.000479371
0.00294068
-0.00220597
0.00087046
-0.000166055
0.000113371
-0.000198413
0.000252732
0.000307443
-0.000406747
-8.17849e-5
-3.76621e-6
-3.01322e-6
-3.23195e-5
-0.000269048
-0.000532832
0.000493088
-2.90785e-6
0.00010086
-7.77228e-5
9.50752e-6
0.000586195
-0.000466218
0.000725886
-0.000652506
-0.000519557
4.08897e-6
1.85581e-5
-1.13841e-5
0.000680985
-0.00090155
0.000765338
-1.00582e-6
1.14685e-5
1.39724e-5
-0.000253443
2.90753e-6
-5.25311e-5
-1.132e-5
-6.07022e-6
5.68026e-5
-2.08437e-5
1.42376e-5
4.28591e-5
0.000171747
-0.000205467
3.32959e-5
-0.000633643
0.000269046
-0.000154787
-2.11441e-6
-1.26747e-5
-0.000613392
0.00030855
3.47289e-6
6.4513e-5
1.0312e-5
-8.27191e-6
-1.11279e-5
-1.94043e-5
-0.000333893
-0.000335495
0.00107572
-0.000943565
0.000186563
0.000365104
1.46603e-5
4.34081e-5
3.40306e-5
-4.44212e-5
4.07863e-5
-9.90252e-5
-0.000299059
-0.000334276
0.00105644
-0.000609294
0.00031622
0.000364691
0.000108448
-6.64417e-5
0.000152873
-0.000140524
0.000118441
-0.000177958
0.000233592
-0.000280584
0.00040176
0.000123785
9.19853e-7
-0.000157134
1.80292e-5
3.75314e-5
5.69023e-5
8.308e-5
0.000217572
-0.000133604
-0.000398313
0.00045456
-0.00045091
0.000536528
-0.000399915
0.000471858
-0.000661354
5.56167e-5
-3.48261e-5
0.00129884
-0.000317896
2.36771e-5
4.59386e-5
-6.89378e-5
2.21751e-5
0.000972796
-0.000587375
0.00020211
2.68468e-5
-0.000134128
0.000155846
-8.35687e-5
-3.76987e-5
0.00130271
-0.000584899
0.000271666
-1.31832e-5
-0.000189863
0.000296924
-0.000278574
0.000158574
7.18926e-7
-0.000186815
-0.000309505
0.000186027
4.03303e-6
-0.000227426
0.000417081
-0.000489471
0.000410512
-0.000219492
-5.49605e-6
0.000285539
6.8888e-5
-1.45728e-6
6.77906e-5
-0.000242551
0.000458906
-0.000616056
0.0006272
-0.000482857
0.000252365
-3.78693e-6
-0.000227901
0.00074504
8.22786e-5
-0.000205657
0.000396812
-0.000587436
0.000686969
-0.000635817
0.000458586
-0.000237162
4.76561e-5
9.71688e-5
-0.000122565
0.000258647
-0.000417106
0.000554714
-0.000594412
0.000514549
-0.000346901
0.000153403
2.73363e-5
-0.000156375
-0.000176413
0.000309525
-0.000378404
0.000392805
-0.000332543
0.000219377
-8.07559e-5
-1.84056e-5
-0.000120643
0.000145804
-0.000157912
0.000156927
-0.000126542
9.5883e-6
-8.01324e-5
5.4023e-6
