-0.000316308
0.00273937
-0.00407701
-0.000607947
-0.00359261
0.00474456
-0.00784895
0.00685117
0.00255462
-0.00522538
0.00126048
0.0087413
0.00290674
-0.00184431
-0.0074605
-0.00271108
0.00308872
6.15173e-5
-0.000225138
5.07346e-5
0.000100087
0.000370894
1.34684e-5
0.000174569
-7.91945e-5
-0.00031756
0.000338887
-0.00077321
0.00157294
0.000859396
-0.00102165
0.00211227
-0.00075551
-0.00376953
-0.000866223
0.000702618
0.00234172
0.000490486
-0.000553822
2.96447e-5
-9.23773e-5
2.65974e-5
6.01232e-5
-6.58535e-5
-6.23688e-5
0.000177677
-0.000276624
0.000487133
-0.00058587
0.000595191
-0.000329612
-0.000385264
-0.000145595
0.000239775
0.000418295
5.48472e-5
-6.59514e-5
1.22219e-5
-4.54164e-5
1.21671e-5
-1.1722e-5
6.41747e-5
-4.3081e-5
-6.84562e-5
7.50813e-5
-0.000146271
0.000243117
-0.000368912
0.000440581
-0.000418075
0.000309059
-0.000104031
-0.000155687
1.21062e-5
8.72486e-5
6.60414e-5
-3.58297e-5
3.25387e-6
-1.02296e-5
-2.92844e-5
4.82317e-5
-7.88854e-5
0.000138466
-0.000215484
0.000290339
-0.000318782
0.000281745
-0.000191467
9.7581e-5
-4.0843e-5
1.56532e-5
-8.22995e-5
6.39413e-5
-7.4011e-6
9.02273e-5
-8.25733e-5
1.18598e-5
4.12754e-5
-5.47485e-5
8.13952e-5
-0.000127411
0.000178783
-0.00021437
0.00021266
-0.000171743
0.000112027
-6.03403e-5
1.29167e-5
2.35668e-5
-7.37154e-6
-1.53919e-5
-5.12939e-6
4.63988e-6
3.51657e-7
2.93244e-6
-9.3645e-5
5.61217e-5
-4.90596e-5
4.95759e-5
-7.28815e-5
0.000104994
-0.000131775
0.000141088
-0.000126161
9.34113e-5
-5.70555e-5
2.88144e-5
-1.20181e-5
8.91062e-6
-3.7271e-6
-2.19713e-7
5.02878e-5
3.81989e-5
-3.81387e-5
5.78932e-5
-7.40177e-5
8.37144e-5
-8.04036e-5
6.54211e-5
-4.51027e-5
2.74472e-5
-2.07053e-5
1.63644e-5
-1.87356e-6
1.35832e-7
7.12402e-7
-4.8716e-5
5.01483e-5
3.53753e-5
-2.31946e-5
2.4592e-5
-3.25728e-5
4.38404e-5
-4.40889e-5
3.91848e-5
-2.9434e-5
1.94881e-5
-1.02401e-5
8.69329e-6
-1.0346e-5
4.05683e-6
-1.36157e-6
8.28301e-7
-1.34393e-5
-9.83766e-6
1.39094e-5
-1.88487e-5
1.8661e-5
-1.66517e-5
1.19835e-5
-1.13578e-5
7.19562e-6
-8.12341e-6
1.51976e-6
7.75124e-7
-5.40569e-7
7.65041e-6
-6.9993e-6
-1.60066e-6
-5.40553e-6
7.40019e-6
-6.01185e-6
5.46973e-6
-4.25313e-6
8.51081e-6
-5.78783e-6
6.88333e-8
1.87138e-6
-8.51091e-7
2.54505e-7
3.21685e-7
-7.92388e-7
1.68094e-6
-2.93182e-6
2.10919e-6
-3.29426e-6
2.23952e-6
1.59997e-7
-1.27719e-6
2.37463e-6
-8.58904e-7
-1.40865e-7
-4.44216e-7
1.01842e-7
1.32957e-6
-8.7033e-7
8.60907e-7
-9.13462e-7
6.10063e-7
8.46333e-8
-8.2992e-7
2.76802e-7
-8.42164e-10
3.47441e-8
9.38237e-5
-0.000582275
0.000441975
4.27055e-5
0.00231345
-0.00292406
0.00555645
-0.00156732
-0.00812609
0.00980992
-0.000346307
-0.0156843
0.0123621
-0.0205985
0.0339092
-0.0198084
0.0334596
-0.0520343
0.0253819
-0.0458083
0.0563832
-0.0213737
0.0417539
-0.0736677
-0.0220081
0.013038
0.055825
0.0180952
-0.0166487
-8.08331e-7
8.71159e-6
1.4569e-6
-1.23093e-5
-1.33002e-5
-1.57676e-5
-1.26206e-5
9.87034e-6
2.53975e-5
-0.00915141
0.00574807
-0.0107151
0.0206802
0.00402379
-0.00281108
-0.00866828
-0.0020879
0.0036822
-2.19434e-6
1.05781e-5
-1.8949e-6
-1.16526e-5
3.96465e-7
3.80681e-5
0.00136309
0.000568022
-0.000579922
-0.00134736
-0.000242111
0.000474747
-1.1566e-6
4.88556e-6
3.95459e-7
7.74895e-7
-8.52603e-6
1.3219e-7
1.90197e-5
0.000281313
1.1333e-5
-0.00012751
-0.000144578
4.49831e-5
-1.4774e-5
6.04644e-5
6.84745e-6
-1.42629e-5
2.15128e-5
-1.62286e-5
1.72863e-5
-1.3913e-5
8.12996e-8
-6.60478e-5
4.69617e-5
-3.8594e-7
-7.10935e-6
-5.07758e-6
4.53576e-6
2.28615e-6
1.1571e-5
-1.16046e-6
-5.47366e-7
-3.11893e-6
0.000184118
-0.000152178
0.00013182
-1.23137e-6
4.65587e-7
3.38108e-7
-0.000339036
0.000201254
-0.000138007
8.87164e-8
-8.15542e-8
-1.50649e-7
0.000484251
-0.000285779
0.000139035
2.2925e-8
2.5199e-8
3.3927e-8
-0.000582091
0.000326604
-0.000108239
-1.97218e-7
2.87675e-8
-1.49071e-8
0.000463835
-0.000254589
0.000145933
-5.15029e-5
2.87933e-7
6.79161e-9
3.23009e-9
-1.98312e-9
-0.000206837
-8.58713e-5
2.65522e-5
1.28049e-7
-5.40929e-8
-4.17815e-8
-1.11903e-8
0.00014961
-0.000120371
-7.95562e-5
5.01814e-5
-2.41366e-5
4.284e-6
-1.24066e-9
-4.46155e-8
2.55978e-8
-1.72709e-8
4.15581e-8
2.48636e-5
1.07899e-5
-4.57441e-6
6.79746e-7
-3.43535e-8
1.67791e-8
-7.40983e-9
9.37091e-9
-5.28603e-9
-1.18873e-5
1.47956e-5
2.27877e-6
2.04547e-6
-9.48403e-7
2.69402e-7
-2.80019e-7
2.05519e-7
8.3813e-9
4.25246e-9
1.73589e-9
-2.27875e-9
3.45114e-10
1.3804e-9
-8.94441e-7
1.35217e-6
-2.05781e-7
3.96958e-7
-4.7745e-8
3.54461e-8
-9.12332e-8
9.62184e-9
-1.52371e-8
-2.80978e-8
-2.99611e-8
-2.39672e-8
-2.12833e-8
4.66869e-9
-9.47161e-11
-4.81775e-10
1.50457e-7
-1.94869e-8
-1.6289e-7
4.81392e-8
-9.10395e-9
2.49086e-8
-4.435e-9
6.902e-9
6.37862e-9
1.29654e-8
2.00448e-8
-7.93036e-9
-7.04132e-9
-1.64944e-8
-8.26892e-9
9.94053e-10
-5.87899e-9
1.00194e-9
-2.82326e-9
-2.63911e-9
-0.000188271
0.00432014
-0.00597602
-0.0108343
0.0148522
-0.0188606
0.00835812
0.0279298
-0.0444884
0.0626405
-0.0593777
0.0945497
-0.1323
0.09447
-0.149289
0.205713
-0.112666
0.179645
-0.241299
0.0878513
-0.170261
0.246601
0.125012
-0.200824
-0.112054
0.151183
1.24084e-5
-3.5846e-5
-4.12151e-5
-3.01126e-5
0.000276164
1.87014e-5
5.15814e-6
-0.036056
0.080595
-0.10236
-0.0325949
0.051704
0.0167705
-0.0234157
5.68761e-7
-8.74398e-7
-3.26991e-6
-1.11803e-6
-0.00682355
0.0095335
0.00248044
-0.0033873
-1.10792e-7
5.74652e-7
-2.1264e-7
-1.26927e-7
-0.000823487
0.00107296
0.00024826
-0.000303536
-4.77596e-7
2.14754e-7
1.10042e-7
1.09511e-8
1.12089e-7
-7.33948e-5
7.69791e-5
1.78871e-5
-1.58414e-5
-4.63766e-6
3.54405e-7
9.01109e-7
6.19512e-7
2.10973e-6
2.07548e-6
-2.25614e-5
2.58525e-6
1.9205e-6
-3.26518e-6
3.2158e-7
-1.42751e-6
-7.93962e-5
1.22507e-6
-0.000702441
0.000284552
3.49145e-5
0.000551196
-0.000346854
3.45085e-5
0.00015024
8.63853e-7
-3.89404e-7
-1.14193e-7
-3.16214e-7
8.3203e-8
2.80923e-8
1.65755e-7
-0.00126292
0.000647637
-0.000319358
-5.45183e-8
-1.39509e-9
-2.30154e-8
0.00219591
-0.0011505
0.000593064
3.91264e-8
-7.58131e-9
4.06486e-9
-0.00278154
0.00153267
-0.00078966
-1.07834e-8
2.61806e-9
8.02425e-10
0.00280396
-0.00157599
0.000747455
5.68918e-9
-1.22954e-9
-4.15643e-10
-0.00205773
0.00106568
-0.000761582
-1.01849e-9
3.69059e-10
1.67974e-10
0.00107947
0.000408616
6.34601e-10
2.95387e-10
-6.25813e-11
-0.000741588
0.000962285
0.000432436
-0.000208425
0.000119972
6.89233e-9
-2.05055e-9
7.34124e-10
-3.2879e-10
-0.000138901
-4.07327e-5
2.73584e-9
-2.00926e-10
2.04297e-10
5.9348e-5
-6.19191e-5
-2.00167e-5
-4.38858e-6
-2.61219e-10
2.07394e-10
-2.77814e-10
-3.54648e-10
5.904e-6
-4.88934e-6
-1.57976e-6
-3.18826e-7
-3.56796e-11
-1.3151e-10
7.76208e-11
3.22574e-11
3.55326e-7
-1.18171e-7
-8.19186e-8
-6.0396e-8
4.47343e-8
3.58818e-9
1.32907e-10
6.98427e-10
2.94059e-11
-5.29383e-11
9.76231e-9
1.74087e-8
1.80794e-8
-1.49528e-8
5.57644e-9
4.58217e-10
3.4326e-10
1.24939e-9
-6.52045e-11
9.39547e-10
3.90632e-10
1.22941e-10
8.65988e-10
-1.33523e-9
-1.30777e-10
9.30473e-11
-4.95608e-11
-5.72561e-10
6.27583e-9
-2.48619e-9
1.16236e-10
-2.52068e-10
-2.49697e-10
-6.81185e-11
-2.23973e-10
-1.19109e-10
-2.99331e-10
5.11058e-11
5.142e-10
9.6324e-10
3.10185e-10
-3.83355e-11
9.78092e-11
5.21613e-11
4.25216e-11
6.34019e-11
-0.000328355
0.000419851
0.00148326
-0.0100511
0.0106204
-0.00401721
0.0213262
-0.04923
-0.0861442
0.135868
0.162485
-0.194349
-0.249371
0.227844
0.270605
-0.264304
-0.303465
0.305901
0.26599
-0.309755
-0.181498
0.181147
0.115976
-0.101442
-1.67744e-6
-1.5797e-6
6.06114e-6
2.54098e-5
7.62915e-5
-4.04932e-5
-0.0636386
0.0650886
0.0287319
-0.0298796
-0.0110016
0.0090893
-1.37918e-7
5.34524e-7
3.84071e-7
-1.15455e-7
0.00377146
-0.00293136
-0.00114447
0.000860343
2.66895e-8
4.62409e-8
-4.54707e-10
1.24637e-7
0.000306295
-0.000224289
-7.17855e-5
5.25632e-5
1.54136e-6
-5.14356e-7
-2.301e-7
-1.46185e-7
1.42103e-5
-1.13291e-5
-2.29923e-6
2.77971e-6
3.38662e-5
-3.79761e-6
-1.02418e-5
-2.13838e-5
4.45744e-6
-1.58671e-6
4.02486e-7
-7.10302e-7
4.35598e-7
-1.47622e-7
1.94967e-7
-1.34733e-7
0.000993623
-9.70941e-5
-0.000156858
-0.00347584
0.0017833
0.000157433
4.41697e-8
6.69953e-8
-5.38283e-8
9.10467e-9
-2.87116e-8
0.000981601
-0.000915279
5.7895e-9
8.53958e-9
-0.00527034
0.00247245
3.89165e-9
-2.41273e-9
0.00731376
-0.00408472
-1.40547e-9
-3.87203e-10
-0.00840698
0.00489211
3.8789e-11
3.331e-10
0.0088962
-0.0048619
4.59465e-11
-4.09793e-11
-0.00529015
0.00336704
-2.94185e-11
-2.30792e-13
0.00259603
-0.0018252
-9.15474e-12
6.79501e-12
-0.00114342
-0.000478114
-1.2537e-10
9.35653e-11
-9.34964e-12
0.000469707
-0.000367515
-0.000166619
0.000178689
-1.85052e-11
2.6226e-11
-7.8709e-12
5.09855e-5
1.91166e-5
7.67622e-11
6.55328e-12
-3.26074e-12
-1.29962e-5
4.26962e-6
2.46491e-6
9.93183e-7
-2.20589e-11
2.95726e-11
-5.8749e-12
-1.46184e-11
-2.069e-7
-4.09191e-7
-8.05291e-8
-1.32729e-8
-2.91284e-12
-2.64351e-12
6.09063e-13
3.64821e-12
4.75401e-8
-4.45286e-8
-1.39288e-8
-7.88778e-9
1.55061e-11
2.10371e-11
-1.29736e-14
-5.05339e-13
1.68898e-9
9.12469e-10
6.34899e-10
-1.53128e-10
-1.46991e-9
8.48261e-11
-9.46688e-11
-1.18643e-11
-5.37638e-12
-2.42429e-12
2.36084e-10
-1.10036e-10
3.36253e-10
4.40657e-11
-3.35278e-10
-2.29682e-11
-2.16984e-12
-3.00376e-11
-1.31721e-11
-1.72101e-11
-1.5293e-11
-3.30679e-11
-4.40061e-12
-6.99437e-12
1.70852e-11
-1.15329e-13
5.43041e-11
6.82131e-11
3.13968e-12
4.41709e-12
9.41838e-12
2.36109e-12
6.61625e-12
1.10393e-11
-0.00247568
0.113008
-0.0913815
-0.198877
0.137647
-0.107017
0.0757053
0.231172
-0.19714
0.145045
-0.287403
0.212614
-0.164904
0.170614
-0.16839
0.0720978
0.141454
0.152662
0.0702292
-0.12344
-0.261604
-0.000145736
0.00029458
0.000306551
0.000493497
0.000995853
-0.0014077
0.00119031
0.0103853
0.220402
-0.144363
-0.101256
0.0519943
0.0465455
0.0294621
0.0226763
-0.0271762
-0.0380804
-1.71746e-6
6.28061e-6
1.1885e-5
3.8658e-5
-2.78757e-5
-6.37299e-5
0.0121911
-0.00839213
-0.000802597
-0.00345887
-0.00230404
0.00291763
0.00112178
-8.85557e-7
-2.09408e-8
7.72357e-7
-8.20924e-6
-0.000535487
0.00129913
0.000193954
-0.000396493
-6.55478e-7
7.1061e-8
1.88894e-7
4.21626e-7
-6.65176e-5
0.000141123
1.94933e-5
-3.35632e-5
-3.66362e-6
3.75404e-7
1.44789e-6
3.13677e-6
-5.17745e-6
1.04417e-5
1.00307e-6
-2.15287e-6
-6.59328e-5
3.20406e-5
-1.32234e-6
8.71177e-5
-0.000101066
2.62336e-5
-1.59434e-8
-2.84349e-7
8.10184e-7
-6.94863e-8
-4.27381e-8
7.29147e-8
1.32032e-8
0.000737879
4.85946e-5
-0.000660064
0.00438779
-0.00323607
0.000151173
-1.05596e-8
-3.8612e-9
-4.4342e-8
1.12325e-8
7.87762e-9
1.03916e-9
-0.00583437
0.00521076
-5.70885e-9
8.35208e-12
-0.00310229
1.11005e-9
-0.0168952
0.0228323
-0.0143414
0.0322813
-0.0300771
0.0201197
0.0134237
-2.11715e-9
5.27761e-10
7.985e-10
-4.31586e-10
-4.05499e-10
6.94159e-11
-2.24586e-10
-2.00441e-11
-0.041598
0.0277926
-0.0134029
-3.85367e-11
4.50452e-11
3.60108e-11
0.0473312
-0.0311656
0.0111127
-9.57122e-11
1.15912e-11
-1.33147e-11
-0.0804491
0.0367083
-0.0200124
4.90778e-11
-3.16686e-11
1.26252e-11
0.0209492
0.00774784
3.46395e-12
2.30732e-12
-0.00754919
-0.00299185
0.00212229
-0.00303772
-2.20121e-12
1.09597e-12
-2.39339e-12
3.63073e-13
-2.34901e-12
-0.000453748
0.00108685
4.49278e-12
-1.42619e-12
0.000148537
0.000107816
-5.32833e-12
-2.82165e-13
-2.3929e-5
-1.72835e-5
-2.18894e-6
-2.64788e-5
3.8222e-12
-2.73075e-12
3.52776e-12
-2.05716e-12
-1.88975e-13
3.27468e-6
1.67569e-7
2.92338e-12
-3.56966e-13
-1.52283e-6
-2.73159e-7
4.51557e-7
1.7266e-7
-7.86702e-13
1.6971e-12
-1.07408e-12
6.0694e-14
5.82382e-13
-2.64308e-13
-8.13873e-8
-1.45022e-7
-3.14286e-9
6.00994e-9
1.05896e-13
-4.36854e-13
-2.92259e-13
2.22172e-13
9.14672e-9
-1.58404e-8
-3.96445e-9
-7.57617e-10
1.7748e-12
1.74508e-13
9.30576e-15
4.76139e-15
8.73001e-10
2.12809e-10
-1.40404e-10
-8.29597e-11
-5.63311e-11
2.97535e-12
-3.0671e-12
2.44258e-14
-3.98547e-13
4.96779e-11
2.77275e-11
4.69138e-11
-2.22201e-12
-1.12663e-12
-2.8431e-11
-1.69648e-11
1.98274e-12
-2.36941e-12
-2.52395e-12
7.60973e-13
5.37555e-13
-3.96375e-12
-3.02957e-13
2.13084e-13
-8.74169e-14
5.04115e-13
3.23932e-14
9.68924e-14
3.38629e-12
-6.42911e-13
6.53962e-12
1.51483e-12
3.32804e-12
-1.10523e-12
6.00884e-13
-9.16619e-13
-3.37349e-12
1.13599e-12
-2.39286e-13
-6.17987e-13
-6.53543e-13
-3.98768e-13
-2.61005e-13
1.61814e-12
1.45002e-12
1.42238e-12
5.37402e-12
9.09391e-12
1.10746e-12
-0.0198918
-0.0389406
0.0729595
-0.0433294
0.0197138
-0.0949677
0.0579446
0.0998516
-0.0504003
-0.0599591
0.0197258
0.0477262
0.0199562
-0.0279907
-0.000263753
0.00634584
-0.00873745
0.012796
-0.0128717
0.00484118
-0.00169165
0.0856256
-0.036711
-0.03104
0.00615385
0.0101108
0.00727308
-0.00696206
8.36669e-5
-0.000335151
0.000566364
-0.00204574
0.000476978
0.0062659
-0.000943007
-0.00195517
-0.00167512
0.00151803
-1.73206e-6
4.31769e-6
1.7129e-6
-2.27092e-5
1.65154e-5
1.0459e-5
-0.00080123
0.000493669
7.89885e-5
0.000234992
0.000150666
-0.000213186
-7.43256e-5
1.35815e-6
-4.34347e-7
-1.0313e-6
2.75326e-6
-3.5977e-6
2.49794e-5
-7.18982e-6
-2.31798e-5
-3.40655e-6
6.05336e-5
-1.04992e-5
-1.3101e-5
-7.56452e-5
3.62936e-6
-1.16501e-6
1.35597e-6
-2.73571e-6
-7.46574e-7
-3.1865e-7
-0.000751922
4.73875e-5
0.000462139
-0.000416413
-0.000208096
8.41635e-8
-4.49024e-8
2.3488e-8
1.95792e-7
9.39696e-9
-0.00503908
0.00323968
-0.00608747
0.0282719
-0.0133396
0.00604109
1.04345e-9
-6.69179e-9
-1.06217e-9
5.92088e-9
-4.15353e-10
-2.66026e-11
-0.0346546
9.65293e-10
-0.0419315
0.0391461
-0.0477904
0.0894009
-0.0553855
0.0889638
1.75864e-10
-1.21779e-10
1.26329e-10
-4.96389e-10
2.25138e-11
-2.52573e-10
-0.0836491
0.0615191
-1.44279e-11
1.73183e-11
0.0785975
-0.0782959
-7.80364e-13
2.47064e-11
-0.113348
0.102882
-1.29802e-12
-5.98461e-12
0.00800174
0.0022946
-0.00574932
-0.00101225
0.00110873
-2.64709e-13
-1.65813e-13
1.05871e-12
-1.09513e-12
8.37304e-12
0.000436965
-0.000481708
6.31155e-13
9.06927e-15
-3.07243e-5
1.16291e-5
-2.53372e-6
-3.31444e-6
9.80761e-6
2.0446e-12
-1.21749e-12
1.40201e-12
-6.85742e-13
4.47267e-13
-1.47701e-6
4.06507e-7
4.25712e-9
-1.08088e-7
2.69411e-7
-3.11185e-13
1.77295e-13
-2.17032e-13
1.67032e-13
-7.22518e-14
1.28255e-8
5.66546e-8
2.98963e-14
9.84191e-14
1.96382e-8
-1.03506e-8
-1.65029e-8
2.65949e-9
-4.08383e-14
4.55324e-14
-7.75161e-14
2.16913e-14
9.28792e-15
6.13503e-9
4.00103e-9
-2.36411e-9
-4.21031e-11
3.78958e-13
-3.18888e-13
7.95005e-14
1.58325e-13
9.3062e-10
4.00804e-10
-7.72214e-11
1.86812e-12
-1.52643e-11
-8.0947e-13
7.27321e-14
-5.97754e-13
-4.94686e-13
9.99527e-13
1.11837e-11
-1.28212e-12
2.87727e-12
-9.4303e-13
-8.57673e-13
-1.759e-12
2.29235e-12
2.42825e-12
1.23223e-12
2.07571e-12
1.442e-12
8.56828e-13
-3.10029e-13
-1.52201e-13
4.15634e-14
1.37663e-12
-4.72853e-12
-6.38068e-12
-2.3612e-12
-8.8827e-12
-3.62653e-11
-8.67726e-12
-9.90737e-12
-1.63249e-12
-9.29742e-12
-8.17835e-12
1.10695e-11
1.49476e-11
1.67569e-11
3.8361e-13
5.00424e-11
1.24046e-10
5.77022e-11
0.0110478
-0.000389531
-0.02672
0.0158935
0.0081719
-0.0286915
0.00475881
0.0346475
-0.0108024
-0.0250967
0.00117529
0.00853605
0.00329623
0.0295825
-0.0326844
0.0527701
-0.0508132
0.0203172
-0.0429806
0.0173895
-0.00564382
-0.00393434
-0.00103464
0.000446862
0.00080222
-0.0001616
0.000198715
-0.00278408
0.00285833
-0.0123242
0.00318821
0.00120772
0.00086873
-0.000257424
-0.000512647
0.000225902
-2.12067e-5
0.000123374
-0.000187321
0.000498993
-0.000152932
-0.000343325
-9.38844e-5
0.000102272
0.000127547
-9.34763e-5
1.81834e-6
4.32185e-6
-1.58487e-5
6.75648e-5
4.60298e-5
-4.16367e-5
1.88531e-5
-3.03038e-5
1.74276e-5
6.22753e-6
-2.62231e-6
5.84416e-7
9.33225e-5
6.76773e-6
-0.000122545
0.000236457
9.13411e-5
-3.1285e-8
-5.49573e-7
-5.37097e-7
1.67267e-6
1.13238e-7
0.000806744
-0.00108623
0.00154997
-0.0087695
-0.00141186
-1.95217e-8
5.34996e-9
-8.98996e-7
-1.96491e-7
-2.43042e-9
-0.041749
0.0252528
-0.0195694
0.112285
-0.0658175
0.0238979
1.21796e-8
-4.57363e-8
-1.32488e-8
7.57471e-8
-5.57861e-9
1.34884e-8
-0.111658
5.61436e-9
-0.0982
0.104617
-0.0996295
0.174977
0.153267
-0.125971
-0.113212
0.194226
1.20207e-9
-3.84271e-9
2.24425e-10
-2.33906e-9
-0.121933
0.0974794
0.1109
-1.74264e-10
7.41429e-10
0.123735
-0.0701283
-0.103516
4.79663e-11
-8.18581e-11
-0.106728
0.0311954
0.122657
-1.30974e-11
-2.45276e-11
0.0122219
0.0044342
-0.00838727
-0.00106083
0.00123158
-9.97142e-15
9.82861e-13
-2.91249e-12
0.000137002
-0.000399265
-6.08125e-13
1.29263e-12
1.38003e-5
-3.12412e-6
4.44358e-6
1.14005e-6
-9.2767e-7
7.21721e-13
-2.51923e-13
4.6713e-14
3.64129e-13
-1.9575e-12
3.64351e-7
-7.24609e-8
-4.1345e-8
2.21989e-8
-5.70724e-8
-1.32795e-13
6.28537e-14
-8.11789e-14
9.37174e-14
2.26451e-13
1.60004e-8
2.25921e-10
-1.47425e-9
5.71858e-10
-1.79239e-13
1.6473e-13
-5.59558e-14
-8.14176e-10
1.82662e-10
-1.84436e-9
-8.62885e-13
2.93005e-13
3.87241e-13
1.56612e-10
3.01334e-10
-3.31084e-10
-5.18695e-11
3.50586e-12
-2.17807e-12
-4.42307e-13
2.23846e-12
1.12958e-10
5.50016e-11
-4.91962e-13
-2.05803e-12
-8.80615e-14
-7.3176e-12
-1.18513e-12
-8.13223e-12
-3.84478e-12
6.92093e-12
1.81512e-12
-9.10647e-13
4.17925e-13
2.43361e-12
9.19204e-13
-6.29886e-13
1.5321e-11
5.71952e-12
3.42742e-11
2.39514e-11
1.33227e-11
1.53957e-11
-4.63052e-12
-9.64688e-12
6.57464e-12
-1.13674e-11
-4.38671e-11
5.56426e-11
-5.0544e-11
-3.70262e-11
7.80201e-12
-2.08428e-10
-3.16918e-10
-4.0255e-11
-5.08069e-11
4.43964e-11
-1.54151e-10
1.83375e-10
9.89328e-11
1.08e-10
4.33625e-10
0.0293776
0.0502672
-0.0329063
-0.0589944
0.05323
-0.0442021
0.0503055
-0.0511124
0.0369724
-0.0247031
0.00865487
-0.000932641
0.000943166
-0.00624049
0.00349158
0.00383917
-0.00108236
-4.36122e-6
-0.000187817
-0.000107234
-0.000787027
-0.00440949
0.00507004
-0.0148733
0.00872871
-5.83963e-5
7.52604e-5
8.31903e-5
1.32642e-6
-2.76116e-5
3.08184e-5
0.000258477
-0.000195589
0.00125382
-0.000345081
-8.78967e-6
-6.46362e-5
-1.66646e-5
1.43488e-5
-5.29392e-6
3.31408e-7
9.2868e-6
-6.24319e-5
2.05265e-5
2.38466e-5
-3.04111e-7
-2.20014e-5
-9.52698e-6
-1.83529e-6
-1.82981e-6
-3.73241e-6
4.96266e-5
-9.19248e-5
-4.71547e-5
5.04729e-5
-5.43039e-6
1.51289e-6
2.05824e-5
-0.00043295
0.000315437
-0.000145306
0.00179301
0.000196735
1.31314e-6
-6.18855e-6
8.152e-7
1.3121e-5
2.30002e-6
0.00738481
-0.00563156
0.00220459
-0.0258471
-0.00273313
4.53885e-8
-2.33481e-8
3.13044e-7
-3.35228e-9
-1.24371e-7
-0.149343
0.0837567
-0.0405984
0.0876572
0.246456
-0.173154
0.0341868
7.8547e-8
-2.51229e-7
-8.56389e-8
2.73804e-7
-6.22122e-7
-0.22838
2.76302e-8
-1.76885e-8
-2.45937e-8
1.21833e-8
-1.97944e-9
-2.60653e-10
2.84446e-10
-0.0015716
1.61267e-11
-6.04511e-11
0.00148473
-8.80742e-5
-8.77616e-12
1.84107e-11
-0.000219924
0.000192609
5.06029e-12
-3.14529e-5
2.24751e-5
8.12751e-12
-3.12398e-11
3.75748e-6
2.5722e-6
-6.50257e-7
-4.1732e-7
1.63239e-14
-4.3207e-13
-3.53465e-13
4.3531e-8
6.66739e-9
-2.11043e-8
1.18329e-9
2.05084e-8
1.38915e-14
-1.34669e-13
-2.57082e-13
6.0322e-13
-2.15632e-12
-8.21608e-9
1.2976e-9
2.0173e-9
-1.28726e-10
-6.2616e-13
3.73254e-13
1.10705e-12
-2.07522e-10
2.75171e-10
9.51676e-11
-2.3477e-12
1.1293e-12
1.71832e-12
9.40611e-11
-2.95028e-10
-1.53721e-10
-3.67174e-12
-1.45681e-12
5.94731e-12
-2.24541e-11
1.08857e-10
-1.9058e-11
-8.53008e-12
4.1318e-11
-2.18408e-11
-1.84528e-12
9.82362e-12
-2.20064e-11
3.08879e-12
-3.52427e-12
8.01402e-12
-2.26669e-12
-5.97273e-11
-2.89585e-11
-8.24686e-11
-9.41866e-11
6.36908e-11
-2.46848e-11
-1.82612e-11
2.32808e-11
-4.44126e-12
-6.00421e-11
4.5029e-11
-5.00348e-11
7.2592e-10
-3.111e-11
3.06123e-10
4.62226e-10
3.46532e-10
-4.23293e-11
1.78297e-10
2.67881e-10
-1.70771e-10
7.81349e-11
4.31771e-11
-4.62557e-10
-4.27134e-10
-1.34682e-10
-6.18644e-10
-2.16089e-9
-7.13184e-10
-1.42521e-9
-0.0411737
0.0349084
0.0442063
-0.0317587
0.0261715
-0.0377727
0.0303395
0.0271339
-0.0223835
-0.013633
0.0121314
0.00473349
-0.00466983
-0.00132835
0.0012538
-0.00128559
0.00026746
0.000142217
0.000145344
-8.04852e-6
4.15006e-5
-0.00386293
-0.00959751
0.00408491
0.0189766
-0.0176294
0.0085862
0.0306677
0.000121711
-4.50789e-5
-3.67155e-5
1.59119e-6
3.89069e-6
0.000127648
2.91715e-5
-1.92176e-5
9.47266e-5
0.00106138
-0.000298784
1.08301e-5
-3.43542e-6
-1.23853e-6
1.5411e-5
3.17351e-6
-3.82379e-5
6.85262e-6
1.67446e-6
-8.26968e-6
-1.28463e-5
-7.1195e-7
-3.50355e-6
-1.41262e-5
-3.64222e-5
6.97993e-5
-6.50063e-5
3.17123e-6
4.56113e-6
-6.73537e-5
-4.93244e-5
0.000236424
-0.000212984
8.929e-6
2.00881e-5
-4.79742e-5
-1.74343e-5
0.000134453
-0.00118059
0.000728053
-6.23782e-5
0.00034063
0.00318405
6.09128e-5
-4.18191e-6
1.53893e-5
1.66994e-6
-1.20002e-5
0.0270926
-0.0111075
0.000801458
-0.0082947
-0.0582191
-0.00106487
4.83013e-7
-3.94233e-6
5.72965e-7
-2.25275e-6
6.19385e-6
1.53738e-6
0.161935
-0.212705
0.151481
-0.127426
-0.186856
0.228009
-0.100504
-3.66253e-7
1.56986e-6
1.26146e-7
-2.70458e-7
8.82355e-7
0.167604
-0.18303
-3.28153e-8
5.16366e-8
-0.127227
0.14696
2.21095e-10
2.65409e-8
0.0715082
-0.0833409
3.26095e-9
-1.78898e-8
-0.0290054
0.0395283
-1.5398e-9
5.89027e-9
0.00653181
-0.0078381
2.94936e-10
-5.9225e-10
-0.00152016
0.00117033
-1.56832e-10
3.34033e-10
-7.45569e-5
-0.000379903
1.54175e-10
0.000111624
-4.64607e-6
2.84714e-11
-7.4768e-10
-2.82741e-5
-1.1472e-5
-3.23348e-13
-3.08068e-11
-1.50613e-11
2.85091e-6
-1.94398e-6
1.13948e-11
3.81055e-7
-3.13009e-7
-3.05333e-12
-4.72686e-11
-1.43564e-7
8.77443e-8
3.71522e-8
-4.32147e-9
-1.58787e-12
3.02956e-12
-2.32386e-9
-5.49875e-9
1.80773e-12
2.91455e-12
-1.00607e-9
1.87588e-9
-2.60237e-10
-4.75353e-12
-7.80703e-10
-7.82241e-11
3.98651e-10
-8.42204e-12
-6.89495e-13
1.48663e-11
8.18878e-10
-9.36385e-10
-3.51215e-10
-5.05745e-12
-5.84554e-13
2.84871e-11
5.6329e-11
6.12438e-10
-4.67929e-11
-2.2117e-11
-9.9234e-12
9.12976e-12
8.79327e-11
1.68421e-10
3.34587e-11
-4.74662e-10
1.13431e-11
3.57052e-10
-1.42147e-10
-7.41492e-11
4.3948e-11
3.44172e-10
-2.09546e-10
1.17748e-10
-7.36911e-11
-2.0349e-10
1.52335e-10
-9.88949e-10
-1.59215e-9
-1.12852e-9
4.01708e-10
8.63905e-10
-2.57515e-10
-2.41184e-10
3.64885e-10
-9.81559e-10
-5.67092e-10
9.11929e-10
1.76324e-9
4.08824e-10
8.16786e-10
4.40857e-9
5.7102e-9
-5.86214e-11
-2.20191e-9
4.48472e-9
6.70279e-9
2.30847e-9
-3.10482e-9
1.66728e-9
-7.87047e-10
-5.60136e-9
-3.68977e-9
9.5652e-10
-9.78326e-9
-2.47497e-8
-3.69477e-9
0.0164352
-0.0144464
-0.0194761
0.00890849
0.0144998
-0.00656888
-0.00760883
0.00250875
0.00242617
0.000797216
-0.000376501
-0.000745329
-0.000161616
0.00045129
-8.67034e-5
-8.65868e-5
0.0136892
-0.00657346
-0.0254509
0.0196341
-0.00841781
-0.0256666
-3.71393e-5
3.72525e-5
8.8479e-6
1.25385e-5
-5.92224e-6
-6.90637e-7
-0.00145938
0.000461915
-0.00365283
0.0013663
-7.09193e-7
-1.34659e-6
-3.6774e-7
8.76062e-7
1.4097e-5
6.89654e-6
-2.84692e-6
7.14871e-5
-1.295e-5
3.63769e-7
-1.03435e-6
5.84141e-6
-7.39528e-8
-9.87432e-7
-3.59661e-6
7.67835e-5
-5.54486e-6
-3.67917e-5
-6.59014e-6
6.09049e-7
2.66141e-7
-0.000104634
-0.000437068
0.000539838
-2.07466e-5
2.99001e-6
6.17821e-7
-0.00045268
-0.000941645
0.00122991
-0.000113661
5.4486e-6
2.1904e-5
1.2646e-6
-4.25332e-5
0.000112122
6.26211e-5
-0.000283943
0.00265898
0.00049897
-0.00076371
-0.00017339
2.37417e-5
-0.000113248
-2.95157e-5
0.000124166
-0.0459103
0.0566164
-0.0259511
0.0210498
0.0890335
0.00997222
-4.4354e-6
2.66671e-5
-3.80579e-6
1.14374e-5
-2.83261e-5
-3.51628e-6
-0.0669068
0.129945
-0.101875
0.0588338
0.0818223
-0.0422278
-0.127782
0.0951349
6.45966e-8
-1.07416e-6
-1.76698e-7
7.9188e-7
-0.0634888
0.0363617
0.0964959
7.34698e-8
-2.42213e-7
0.0360478
-0.0218227
-0.0542171
-1.9609e-8
5.54423e-8
-0.014845
0.00909429
0.0219746
2.83296e-9
-9.77798e-9
0.00472412
-0.0027301
-0.00584087
-3.4452e-9
1.13276e-8
-0.00146247
0.000630242
0.00154477
7.74176e-10
2.24312e-9
6.13895e-5
-0.000112601
6.93797e-6
7.99135e-11
-1.05001e-9
8.67948e-10
-8.24748e-7
9.29389e-6
3.3421e-10
-2.43157e-6
1.13261e-6
-1.47681e-10
-1.30415e-9
4.13172e-7
-1.5273e-8
-2.334e-11
9.93667e-11
-2.20024e-8
1.21428e-8
-2.95499e-11
1.41148e-10
2.87153e-9
1.02906e-10
-8.43643e-12
1.11333e-11
1.58117e-9
-1.56936e-9
2.28498e-11
-2.73785e-11
-2.35347e-9
-9.46191e-9
3.3947e-9
-5.47672e-11
9.11605e-10
-9.20056e-9
-2.33104e-9
-2.85035e-11
-1.03882e-10
1.53049e-10
5.0258e-10
1.08775e-8
-1.08205e-9
1.35303e-11
-4.1855e-11
1.07328e-10
-1.00312e-9
1.06065e-8
2.04554e-9
-1.06884e-8
3.83792e-10
-1.52024e-10
1.03424e-10
-4.51958e-11
-5.5445e-10
7.16292e-12
8.21174e-10
-2.43894e-9
-1.47016e-9
5.85872e-9
-1.40489e-9
3.71624e-10
-1.50106e-9
-5.68446e-10
-7.45588e-11
-3.71227e-9
1.7885e-9
-1.48735e-8
3.59328e-9
-4.68166e-8
-2.09385e-8
5.65291e-9
1.04604e-8
-5.2923e-9
6.20478e-9
-2.55148e-9
1.09882e-8
1.12452e-8
2.21541e-8
-6.07341e-9
1.22095e-8
5.08866e-8
1.87294e-8
6.40003e-8
-5.24776e-8
1.33084e-7
3.9558e-8
-7.11066e-9
-7.86542e-8
-2.423e-8
4.93763e-8
-1.95933e-7
-2.67479e-7
-0.00874397
0.00521324
0.0126626
-0.00402064
0.00697918
-0.00437059
-0.00564934
0.00130753
0.00244769
-0.00590126
0.00225644
-0.00113852
0.00016236
-2.57386e-5
-2.61794e-5
-0.000216863
-1.01067e-6
2.16679e-5
0.00283482
-0.00106516
0.00453614
-0.00193173
-4.09247e-6
1.6684e-6
-7.57308e-6
2.44816e-6
-0.000127296
2.97619e-5
-0.000452225
0.000132918
-6.97476e-7
-1.30615e-7
-1.01216e-6
2.88317e-6
1.30649e-6
1.04452e-6
-3.77146e-7
-2.85136e-7
1.23607e-6
1.99744e-7
-1.49751e-5
7.8019e-5
2.80632e-5
-5.83041e-5
-6.60201e-8
-3.51133e-7
1.7055e-7
-2.85802e-8
0.000660443
-0.0017649
-4.35096e-7
-5.75897e-8
1.21408e-7
-1.65853e-7
0.000726711
-0.00448369
-4.95549e-6
7.23114e-7
3.22649e-7
1.1901e-7
-0.000190104
-0.000209815
0.00110132
-0.00378803
0.000190894
5.64116e-5
-4.21305e-5
-1.55194e-5
0.000462551
-0.00164484
-0.000471749
0.00159267
-0.00857445
-0.00338029
0.00300138
0.000994553
-9.95776e-5
0.000372958
6.73777e-5
-0.000262397
0.0315163
-0.0702664
0.0288854
-0.0180573
-0.0472039
0.0140357
-0.0149889
6.40442e-6
-1.27302e-5
3.15019e-6
-9.98263e-6
2.80396e-6
-1.1377e-5
-2.52173e-6
6.30772e-7
-1.37295e-7
3.51339e-8
-3.29703e-8
-1.94483e-8
2.12548e-5
-3.86706e-9
1.61252e-5
1.11277e-5
-6.04265e-6
1.32225e-5
3.08117e-9
-2.7416e-9
-4.24447e-9
4.46788e-8
-4.99072e-6
1.54376e-6
-4.71951e-7
-7.78117e-10
3.18363e-9
-2.50003e-8
1.45018e-7
-5.82911e-10
3.73657e-9
-2.23913e-8
-8.60697e-10
1.38945e-11
8.14725e-11
2.44781e-9
-6.38438e-9
-1.18694e-10
1.6783e-10
-9.22508e-9
3.2869e-8
-5.28913e-11
1.0647e-10
2.09722e-8
1.80458e-8
-1.73313e-7
6.31254e-11
-3.35872e-10
6.23685e-9
-5.97003e-8
1.00045e-8
1.00853e-8
4.79409e-11
-6.57513e-10
-3.50671e-8
-7.67903e-8
-1.93017e-8
2.23261e-7
3.41712e-11
-5.19603e-10
-4.72871e-8
2.65829e-7
5.12053e-8
-2.75409e-7
2.06608e-10
-2.83088e-10
3.70024e-11
2.71015e-8
-4.29819e-9
1.06707e-9
2.17562e-8
-1.32576e-9
5.51504e-9
-9.05527e-10
6.81729e-10
-6.15614e-8
1.66862e-8
7.85159e-9
-2.26103e-8
-2.52784e-8
1.18865e-7
-2.37348e-8
4.33467e-9
-1.1281e-8
2.58739e-9
2.23518e-10
-8.60408e-8
-3.69837e-8
3.15726e-7
1.57175e-7
-4.23053e-7
-4.80048e-7
1.03643e-7
1.21553e-7
-1.50175e-8
5.65467e-10
-3.71784e-8
2.08855e-7
2.05659e-7
-1.51151e-7
8.81213e-8
1.34559e-6
-6.66498e-7
5.89444e-7
-0.0027731
0.00120025
-4.98006e-5
0.0088741
0.00481916
-0.0142794
-0.00799378
0.0187984
0.0155964
-0.0229016
-0.00425472
-0.00104936
0.00249907
-0.00578483
0.00037316
-7.42037e-5
-0.00228695
0.00101417
-0.00271956
0.00101931
0.0042876
0.000628745
-0.000103542
1.81467e-5
-7.66475e-5
4.63247e-5
0.00035631
-0.000106328
0.000732997
-0.000251679
-1.22684e-5
2.65941e-6
-7.82473e-6
1.61621e-6
-5.51973e-6
6.17335e-7
-3.47606e-5
8.06559e-6
2.56661e-8
-1.86352e-6
-1.52232e-6
3.6864e-6
-1.23357e-7
-0.000287496
-3.00234e-5
0.000207296
1.42016e-7
-0.000701249
0.00117419
-0.00169002
-5.79093e-8
0.0027709
0.00985278
-0.0113033
-3.68476e-8
0.0135871
0.0155603
-0.030763
8.35634e-6
3.95696e-6
-1.90222e-6
-3.69145e-7
0.00514538
-0.0143372
-0.00478067
0.0127319
-0.000916995
-0.000250778
0.000241657
5.29415e-5
-0.00124343
0.00369132
0.0008633
-0.00250135
0.00763869
0.00607334
-0.0032291
-0.0021644
0.000155241
-0.000489914
-0.00010297
0.000270015
5.42732e-5
0.0172867
-0.0336128
0.0182867
-0.0106789
-0.0200828
0.0058519
0.0355752
-0.0151967
7.50943e-6
-2.15707e-5
-1.12152e-6
-7.93565e-7
0.0151053
-0.00676815
-0.0246339
2.88211e-7
-6.14242e-7
-0.00902342
0.00597972
0.0142147
-7.68404e-8
1.11916e-7
0.00582585
-0.00516584
-0.006379
6.8937e-9
1.08791e-7
-0.00160348
0.000208283
0.00173496
1.71184e-7
-6.48484e-7
0.000419181
-2.75202e-5
-0.00024424
-1.14035e-8
-2.60512e-7
-7.72803e-5
1.39579e-5
7.03972e-8
-8.16037e-8
1.04339e-6
-2.05689e-8
-3.7511e-7
-2.45088e-7
-1.61461e-8
8.74465e-8
9.75333e-8
-4.3079e-9
-6.71503e-10
3.14987e-9
2.09499e-8
-9.84245e-8
-3.32511e-10
3.56599e-9
-1.04037e-8
2.69414e-8
3.03276e-10
-1.31874e-10
7.75234e-9
-6.01796e-8
-8.70087e-10
5.87669e-10
-6.92668e-8
1.17896e-9
6.05762e-7
7.9201e-10
2.14165e-9
-2.75954e-9
1.79327e-7
2.77653e-10
2.63439e-9
-2.62434e-9
-1.11568e-6
1.66227e-10
-4.3569e-10
-1.88046e-9
9.45482e-8
-1.03306e-7
1.74518e-7
-5.47677e-10
2.56803e-9
-7.67334e-10
-3.20645e-9
-6.3575e-10
3.98161e-7
9.35253e-8
1.08435e-8
2.70274e-7
-2.18994e-8
1.09244e-7
-1.32756e-8
1.9979e-9
-7.65633e-7
1.40365e-7
3.12522e-8
-2.2433e-7
-4.93749e-7
2.61221e-6
-4.87416e-7
7.50332e-8
1.82564e-7
1.77786e-7
-3.46367e-7
1.24624e-7
4.90678e-7
-2.27145e-7
-1.36214e-6
9.34403e-7
-8.99208e-7
-5.42874e-8
-1.36654e-6
-5.0154e-6
8.8579e-6
-7.16553e-6
1.87344e-6
-1.91524e-6
6.54549e-6
-4.01024e-6
1.90369e-6
1.89708e-6
1.82692e-5
0.0016896
-0.000722994
-0.00226054
-0.00139186
0.00761666
-0.0103795
0.0255581
-0.0167106
-0.0251405
0.0243778
0.0141371
-0.0106454
0.004388
-0.00837383
-0.00249664
0.00497312
-7.83823e-5
0.000958264
-0.000388445
0.00013791
-0.00055313
0.000178503
-0.000285318
4.76659e-5
-7.85417e-5
1.72003e-5
2.85035e-5
-5.26092e-6
7.74398e-5
-2.7504e-5
-3.901e-6
-4.64851e-7
-8.82906e-6
1.66179e-5
7.69851e-8
1.63272e-7
-9.07959e-7
2.13114e-7
-2.07434e-6
2.98622e-6
-1.93509e-5
-0.00019312
0.000164431
0.000248449
1.36777e-8
-1.46404e-7
2.06362e-7
-1.20289e-7
-0.00200626
0.00758396
1.27351e-8
2.49661e-8
7.8408e-9
5.1606e-9
-0.0102351
0.0445858
7.12434e-8
-1.49361e-8
2.29639e-9
-7.36134e-9
-0.0179239
0.0528222
3.73981e-7
-4.80614e-9
-2.54562e-8
7.48915e-9
0.0336928
-0.0669748
-0.0299065
0.0616142
-5.32311e-5
-8.96277e-6
9.20333e-6
1.19772e-6
-0.00978579
0.0226681
0.00658491
-0.01548
0.00116096
0.000689751
-0.000396679
-0.000191947
0.00132143
-0.00343918
-0.000567528
0.0019056
-0.00475032
0.00909336
-0.00342472
0.00225476
0.00756575
-0.0018234
0.00174825
-0.000170901
0.000456585
6.5337e-5
-8.07061e-5
0.00297091
-3.81971e-6
-0.00235858
6.73551e-6
2.51887e-6
-2.10505e-6
-1.41113e-7
-1.04051e-7
-0.000137593
6.21158e-5
1.01427e-6
-1.59891e-6
5.19546e-6
2.33097e-6
-1.71729e-6
3.64374e-7
-9.19648e-7
-2.09033e-6
-2.55495e-6
-3.14356e-6
-3.90717e-7
6.10509e-7
1.32695e-6
-9.47458e-7
1.72416e-7
-1.92156e-8
8.34785e-8
-1.57504e-7
2.89096e-7
-1.45037e-8
1.03548e-7
4.58625e-7
3.22812e-7
-6.7544e-10
1.33566e-9
-1.09325e-7
-3.37124e-7
-4.80235e-10
6.46571e-9
5.84667e-7
6.35784e-8
1.94216e-9
-9.43475e-10
3.082e-7
1.53184e-7
-1.0418e-6
-3.80521e-9
1.74978e-9
-1.92972e-6
1.12291e-6
-3.29044e-7
6.50051e-6
-3.51503e-9
4.91142e-9
-1.66031e-7
1.96708e-6
-2.94202e-7
-1.13496e-6
-2.78351e-9
1.11768e-8
2.95171e-6
2.09889e-6
1.4243e-6
-1.91408e-5
2.94739e-9
1.6597e-8
-1.32944e-6
4.57628e-6
4.86628e-7
-5.22852e-6
4.32217e-9
8.01995e-9
1.083e-8
1.95859e-5
-3.85519e-6
-1.99189e-6
8.99982e-6
-8.12875e-9
3.97015e-8
-6.62294e-9
-3.55505e-8
-1.23812e-5
3.43307e-6
8.6275e-7
-3.54721e-6
-4.52347e-7
2.5093e-6
-1.97301e-7
2.66972e-8
3.52777e-6
-5.721e-7
-8.69678e-7
1.41149e-6
2.46914e-6
-3.73382e-5
-1.14159e-5
4.28069e-5
-6.54942e-6
1.21481e-6
-2.20249e-6
-1.13137e-5
4.71814e-6
2.33761e-5
-1.84062e-5
9.32594e-6
-3.57549e-6
6.36894e-5
-5.57034e-5
8.2267e-5
-6.42162e-5
-0.0334291
0.049768
0.0484679
-0.0438944
-0.0353938
0.0321319
0.00470913
0.0152907
0.000338946
-0.000143992
0.000285195
0.000357955
-0.0176672
0.00602713
0.0241118
-0.0165692
-0.0154449
0.0227875
-0.00461757
0.00499933
0.000975347
-9.91892e-5
-2.66233e-5
-1.13641e-5
-0.000117404
1.69579e-5
-0.000100629
2.48673e-5
-3.60839e-5
-9.80315e-6
-5.71351e-6
2.58611e-5
-1.01645e-5
1.89091e-5
-5.92531e-5
3.01086e-5
-9.20806e-5
0.00014601
-0.000131823
-0.00014501
3.68055e-6
0.000558646
-1.55249e-6
0.000646025
-0.00319314
0.00731539
3.10121e-7
-0.0119954
-0.0253237
0.0489664
-4.46699e-8
-0.10637
-0.111061
0.188913
-6.63101e-10
-2.83127e-9
0.117755
-0.108177
-9.19616e-7
-3.00683e-7
3.18052e-7
-4.17302e-7
-0.0472871
0.0883916
0.0287549
-0.0673357
0.000118025
4.51327e-5
-2.97072e-5
-8.73705e-6
0.00775402
-0.0175927
-0.00354473
0.00903085
-0.00105206
-0.000470482
0.000379758
-0.000277642
0.000185601
-0.00117232
0.00239952
-0.000348454
0.000367508
7.12115e-5
2.86051e-5
-6.04074e-5
-1.02616e-5
-0.00207045
0.0041511
-0.00230964
0.00146387
0.00292647
-0.00101245
-0.00374644
0.00210847
-8.89915e-6
3.45818e-5
1.34632e-5
-1.98044e-5
-0.00223525
0.00047889
0.00320073
-1.23834e-5
9.72962e-6
0.000286353
-2.37492e-5
-2.39546e-7
-1.96113e-7
9.4057e-6
1.05802e-5
-1.93801e-6
3.49856e-6
-3.69767e-6
2.91703e-6
-4.05312e-6
-5.18823e-7
6.04122e-7
-1.7411e-7
-1.45784e-6
-7.40309e-7
-1.23879e-8
4.82526e-8
-2.31182e-6
7.02337e-6
-3.89741e-8
8.77418e-8
8.03883e-6
-3.89088e-6
6.80886e-10
-4.65046e-9
-4.22258e-7
1.90035e-5
4.15313e-6
5.34509e-9
-1.8793e-8
1.89831e-6
7.33517e-9
-4.51169e-9
2.73782e-6
-1.09442e-8
-1.60691e-5
-1.63404e-8
-2.51567e-8
2.26375e-8
-6.15295e-6
-3.07733e-8
-5.9571e-8
4.42854e-8
1.57167e-6
2.63318e-5
4.85567e-9
-1.42088e-7
1.17453e-7
-7.69053e-5
-3.33516e-5
0.000114061
5.07449e-8
-5.06092e-8
-1.33582e-7
3.37122e-8
-0.000128116
3.39742e-5
1.11153e-5
-3.8827e-5
-1.51219e-7
6.40657e-7
5.4575e-9
4.27925e-7
3.02526e-5
-7.98379e-6
-3.44514e-6
9.51928e-6
-1.34047e-5
5.2759e-5
2.49231e-6
4.09611e-7
-4.81712e-6
4.71256e-6
-2.44133e-5
2.86655e-5
-2.1402e-5
3.4114e-5
-0.000131552
-9.74535e-5
-3.76211e-5
0.000103022
-9.97898e-5
3.29255e-5
-0.000265707
0.000170492
-5.19194e-5
0.000133413
-0.000101564
0.029337
-0.0540548
-0.0433998
0.0789742
-0.0877077
0.0846407
-0.0650598
-0.0781648
0.0794216
0.0516248
-0.0404396
-0.0127065
-0.0141103
0.000275967
-7.79965e-5
-0.000106676
-0.00168672
0.000415559
-0.00430514
-0.00423236
-0.00856563
0.0221768
-0.00248059
0.0043818
0.00064193
-0.000190744
-0.000189506
5.66136e-5
-0.000176005
9.61059e-5
-1.15271e-6
-1.15794e-5
9.5638e-5
6.44045e-5
-9.27346e-5
0.000105914
-4.75414e-5
-0.000372352
4.38653e-6
-9.4558e-6
1.96901e-5
-8.01048e-6
2.24069e-5
-4.62851e-5
0.000710454
0.00942029
-0.0064586
-0.0134773
4.9989e-7
-1.79882e-6
2.02772e-6
-6.33606e-7
0.0428427
-0.0571472
5.29854e-8
-1.50098e-7
1.89127e-7
-9.94036e-8
0.134511
-0.21198
1.12294e-8
-3.1126e-9
-4.87167e-9
-7.3121e-9
-0.184469
0.228436
0.158844
-0.198049
-7.29788e-8
5.41974e-8
-0.122761
0.0887324
6.2112e-6
1.50631e-6
-1.12133e-6
-2.49739e-6
1.21611e-5
0.0299262
-0.0437432
0.0133646
-0.0147095
-0.000127503
-4.94178e-5
2.54686e-5
3.66543e-5
-5.10125e-5
-0.00481973
0.00745131
-0.00188687
3.72251e-5
0.000434782
0.000127422
-0.00040851
0.000766158
-0.00163816
0.00066418
-0.000479818
-0.00120452
0.000522492
-0.000343766
5.85055e-5
-0.000180815
-5.7103e-5
0.000134994
-0.000624171
-7.32419e-5
0.000570164
4.59559e-5
-0.000226542
-2.03281e-5
-0.000251529
0.000195803
-9.30883e-6
1.21395e-5
0.000147956
-1.63246e-5
-3.36555e-5
8.88901e-6
-8.69781e-6
-4.15265e-5
1.12572e-5
-2.00137e-6
-4.02539e-5
1.48087e-5
-7.79572e-7
2.86153e-6
-2.01052e-6
6.4614e-6
-1.00613e-5
-3.38236e-7
2.54853e-7
2.06354e-6
-1.6794e-5
-1.0473e-5
-2.1949e-5
-2.8512e-5
3.63894e-8
-3.26458e-8
5.99887e-8
-9.54662e-8
-2.48356e-5
0.000167002
-3.22507e-5
-5.9598e-9
1.40413e-8
-4.86253e-5
3.49103e-5
-1.26179e-8
6.81189e-9
-4.56386e-5
-0.000573801
0.000290075
1.61839e-8
-7.88403e-9
7.86961e-5
-4.10831e-5
1.48184e-5
-0.000312863
3.39717e-8
-2.71305e-8
-7.31427e-5
0.000606785
0.000131637
-0.000847813
1.08686e-7
-5.76393e-8
-0.000107513
0.000166787
-0.000109412
0.000583965
6.83725e-8
6.80246e-7
-2.92572e-7
-0.000733562
0.000241339
-0.000271875
-4.70347e-8
-9.70799e-7
0.000248647
6.79876e-5
-0.000157573
-5.18176e-7
2.33471e-7
1.85669e-6
-4.12855e-7
4.54288e-5
-6.07437e-5
-2.21848e-5
3.82957e-5
-6.36943e-6
2.42496e-5
9.96549e-7
1.94061e-6
-2.29232e-6
-1.3256e-6
2.5343e-6
1.60997e-5
1.05549e-5
-6.18261e-5
0.000222767
0.000143285
0.000399046
0.00023656
-0.000467531
0.0001218
-0.000234913
8.42316e-5
-4.25133e-5
-0.000396012
0.000380222
-0.000369266
0.000295721
-0.000367107
0.000438839
0.0272533
-0.0523386
0.095358
-0.141127
0.145061
-0.131089
0.100324
-0.0734131
0.0383196
0.0473173
-0.0384342
-0.0144644
-0.0107931
0.00741888
-0.00142423
0.0057468
-0.0163657
-0.00514716
0.0123227
0.00044061
0.000510769
-0.00148063
0.000702249
0.000263075
4.46104e-5
9.09593e-5
-0.000176376
8.88361e-5
-0.000169673
0.000299825
-0.000182007
0.00178953
-0.00501408
0.00243144
0.00803272
-3.50663e-5
1.45234e-5
-0.00676161
0.0217221
-2.211e-6
5.51837e-7
-0.0291505
0.0931868
-4.41197e-7
2.85218e-7
-0.107335
0.212543
-6.93503e-8
3.54657e-8
-0.222777
0.203351
-1.90291e-8
1.66197e-8
-2.15676e-8
7.90478e-9
0.148042
-0.164222
-0.0920056
0.113693
1.35772e-7
4.14546e-7
0.052481
0.0169758
-0.030387
-6.83352e-6
-9.20065e-6
2.78494e-6
-0.0100434
0.00294694
0.000718002
-0.00172256
0.000208312
9.86169e-5
-0.000116724
0.000208955
-3.16545e-5
0.000268052
-0.000593015
0.000324694
-0.000345252
-0.00026277
0.000351396
0.000155762
-0.000286882
-8.77388e-5
0.000131583
4.32355e-5
-6.21796e-5
-1.95591e-5
-2.04638e-5
8.30827e-6
-2.85279e-5
6.56569e-5
8.52195e-6
-7.71043e-6
5.90187e-6
6.09151e-5
-2.2978e-6
-9.20661e-5
4.68158e-5
-1.01121e-7
5.05428e-7
-3.2691e-7
8.79926e-5
2.21518e-9
-0.000958821
5.03025e-9
-1.02152e-8
-8.36094e-5
0.000252861
4.67063e-9
-5.76184e-9
0.000103399
0.00245426
-0.00182179
-3.08812e-9
1.7946e-9
0.00178209
7.30685e-5
-1.80855e-8
7.30444e-9
-0.0008288
0.00162713
-2.49153e-8
3.43082e-8
-0.00238968
0.00314219
1.02622e-9
6.4096e-8
0.000565838
-0.00224377
-6.79684e-7
1.37919e-7
0.00197537
0.000627968
-0.00144528
3.88087e-7
5.22309e-7
-2.98659e-6
2.01782e-6
0.000971706
-0.000419163
0.000355543
3.48964e-8
3.87345e-6
-0.000218548
9.02787e-5
-6.107e-5
-2.34646e-6
-8.59096e-6
-2.67903e-5
9.43595e-5
-3.12868e-5
-0.000101414
0.000306638
0.000162716
-0.000488929
0.000117573
-0.000141004
5.58897e-5
-0.000603461
0.000886533
-0.000906935
0.000823566
-0.000656281
0.00049409
-0.000350699
0.000389667
0.0275576
-0.0395039
0.0218624
0.0737163
-0.135825
0.179999
-0.198458
0.182815
-0.144094
0.100403
-0.0663141
0.0676561
0.0442756
-0.0661223
-0.0141744
0.0136474
-0.00900901
0.00141342
-0.0041964
0.00283663
0.00859677
-0.00953122
-0.000515545
0.00180933
-0.00267632
-0.0007819
0.00144517
-0.000627965
-0.000347138
0.000857334
-0.000516875
-0.00156442
0.000124392
2.94703e-5
-0.000866359
0.000702629
-0.001626
0.000291129
-0.00014971
0.00298001
-0.0112734
6.1239e-5
-0.00103262
-1.72981e-5
-0.0325363
-0.0588962
0.0878078
3.06396e-6
-0.142672
-0.127369
0.191103
-5.92162e-7
-5.9528e-8
0.185012
-0.168341
6.48251e-8
-2.58872e-8
0.147345
-0.11127
-5.40679e-8
-1.05566e-8
1.3675e-8
1.32413e-8
-1.75429e-7
-0.058292
0.071396
-0.0374912
0.0320382
2.77914e-6
1.29663e-6
-5.76674e-7
-5.12282e-7
8.81518e-7
0.0158492
-0.0183742
0.00556317
-1.38462e-6
-0.00236926
0.00219679
3.29975e-5
9.75571e-6
-4.60436e-6
-2.45886e-5
6.62221e-5
0.000858581
-0.00132818
0.000655197
-0.000135191
-0.000519941
0.000188734
0.000366646
-0.000191598
-0.000244356
0.000131912
0.000146844
-3.24061e-5
-7.89914e-5
-4.88488e-5
3.7444e-5
0.000142928
-1.5703e-5
-0.000307741
7.75051e-6
-0.000224023
0.000371758
6.11318e-6
-5.66559e-6
5.51093e-5
1.59392e-5
0.000179962
-0.000266115
1.56415e-7
-1.13185e-6
5.31273e-7
-0.000530889
0.00199579
4.57045e-8
-2.9328e-8
0.000353293
-0.00223264
0.00360965
0.00223162
-0.00614368
-6.5779e-10
6.36652e-10
-5.5019e-9
1.15322e-8
-0.00240696
0.00697238
-0.0066843
0.00452023
1.23291e-9
-4.32731e-10
-0.00816498
1.79442e-8
-4.23214e-9
0.00117432
-3.94246e-8
0.00256747
-1.293e-7
-1.58423e-7
1.18142e-7
-0.00378904
0.00861084
2.02975e-7
-5.76739e-7
3.73555e-7
-0.00439
0.00256686
1.72512e-6
-8.59405e-7
-0.00153195
-0.000536822
0.000865756
-5.13405e-6
8.1516e-6
7.65312e-6
-4.41418e-6
-0.000396395
0.00028464
0.000118751
-0.000135656
1.50221e-5
-3.12957e-5
-3.84212e-5
2.27299e-5
-1.63636e-5
-1.77166e-5
4.66176e-5
-0.000143278
-0.000160208
0.000292829
0.000163085
-0.000507557
-0.000148041
0.000109322
1.70407e-5
6.35299e-5
-0.000588364
0.00107931
-0.0014615
0.00166416
-0.00159709
0.00133182
-0.000997617
0.000751837
-0.000818647
0.000794215
-0.0774991
0.0429851
0.13238
-0.188235
0.220088
-0.216623
0.180744
-0.12999
0.0832292
-0.0515356
0.0241241
0.00270566
-0.0126004
0.00671304
-0.0038752
-0.0147439
0.0214344
0.00978695
-0.0142209
-0.0040606
0.00132062
0.00217079
-0.0012178
0.00069179
0.000216606
-0.00184595
0.00444629
-0.000388109
0.000216949
-0.0101274
0.0251297
2.86771e-5
-2.5812e-5
5.27857e-5
-2.89011e-5
-0.000104811
0.0393055
-0.0512808
0.0560571
-0.0798852
9.38661e-6
-2.03384e-5
1.68529e-5
-7.52697e-6
0.110093
-0.139357
1.78721e-6
-4.64111e-6
3.49447e-6
-1.34465e-6
-4.41012e-7
-0.143759
0.135136
-0.103376
0.129611
8.85048e-8
-1.23061e-8
-0.111769
0.0844809
-2.02527e-9
-6.65869e-9
8.77677e-8
-0.0558252
0.0324147
-0.0222979
1.41816e-7
6.47836e-8
-1.04511e-7
0.0139191
-0.00646524
-0.00231214
0.00412284
5.72503e-7
1.11072e-5
-2.64539e-5
0.00158018
-0.000765637
5.95162e-5
0.000534611
-8.55041e-5
-0.000409683
7.42603e-5
0.000302533
-1.59562e-5
-0.000207491
-7.3749e-5
0.000127161
0.000162441
-6.75924e-5
-0.000247107
3.03926e-5
0.000336283
-1.14179e-5
-0.000614497
4.06882e-6
-0.000352171
1.72328e-6
0.00628205
-0.00706175
-2.61426e-8
3.35594e-8
-7.35665e-8
0.00769309
-0.0108896
0.0173091
-8.26807e-12
6.30833e-9
7.19285e-9
-0.0241005
0.0280445
-0.0295738
6.82863e-10
-7.5794e-10
0.0354421
0.0126539
-0.0425218
-5.88617e-8
4.42438e-8
1.31646e-9
-1.09024e-9
-0.0109369
0.0369542
0.0134692
-0.0392468
-0.0138762
0.0341453
1.77853e-7
-9.20268e-8
0.0291482
-0.0429861
-0.0176418
0.0213085
8.49822e-7
6.88952e-7
-3.66605e-7
-0.00797424
0.0055683
-0.00319308
-3.22168e-6
1.82168e-6
-1.55271e-6
0.00178083
-0.000952171
-1.29978e-5
6.70808e-6
0.000463591
-0.000244874
9.34325e-5
0.000107497
-4.79138e-5
2.49796e-5
5.4307e-5
-0.000175558
0.000104862
-0.000406887
-6.77526e-5
0.000341927
-0.000240162
0.000779663
-0.00134864
0.00198064
-0.00243151
0.00253394
-0.00225452
0.00173875
-0.00119555
0.000758002
-0.000386217
-0.0277155
0.0388702
-0.0204006
-0.0357692
0.0697814
-0.111089
0.160924
-0.201109
0.213175
-0.191436
0.146213
-0.0969258
0.0589616
-0.0290259
-0.0228147
0.0305946
0.0153054
-0.0153329
0.0115293
0.0154892
-0.0077096
0.00454795
-0.00543286
0.00280574
-0.000767382
-0.0024052
0.00130102
-0.000716509
-0.000980902
0.00313447
-0.00642927
0.000389576
-0.000201073
0.0117975
-0.0216862
0.000105146
-6.51478e-5
3.32954e-5
0.0395555
-0.0521133
0.0627305
-1.40601e-5
6.86423e-6
-0.0760305
0.0888102
-2.87044e-6
1.10571e-6
3.898e-7
-0.0873552
0.0686596
-0.0661559
-1.38237e-7
4.31537e-8
0.0607737
-0.0474246
-1.0133e-8
4.95642e-9
-2.79969e-8
0.0320732
-0.0197544
0.0130932
-2.47358e-8
-6.5299e-10
-3.24323e-8
-0.0084817
0.00583989
-0.0037629
-2.32118e-6
1.41434e-7
7.40284e-8
2.72242e-6
-4.94048e-6
-0.00215197
0.00306284
-0.00111034
1.22592e-5
0.000711323
-2.16858e-5
-0.000470364
2.34017e-5
0.000376939
3.29325e-6
-0.000318377
-7.25303e-5
0.000257313
0.000178702
-0.000186181
-0.000305325
0.000114623
0.000469973
-5.77015e-5
-0.00078845
2.42664e-5
0.00128478
-8.23784e-6
0.00275035
-0.00359622
-4.13226e-6
4.59526e-6
-0.00389866
0.00451458
-0.00712179
0.010546
-3.22274e-9
-3.38336e-8
-1.21392e-7
-0.0164845
0.0250939
-0.0407162
3.71773e-9
-2.87614e-8
-2.83765e-8
0.0593471
-0.073854
0.0774183
-9.5041e-10
7.58824e-10
-0.0759909
0.0787172
-3.10545e-8
-9.53176e-9
3.2293e-9
-0.0668047
0.0556163
-0.0427061
-2.13927e-7
9.32129e-8
0.0373696
-0.0263805
-8.82262e-7
4.40595e-7
0.0123858
-0.00619295
0.00320033
4.62081e-6
-2.41796e-6
1.51853e-6
-0.00161509
0.000795382
1.55347e-5
-8.70666e-6
-0.000372591
0.00016489
-3.44296e-5
-9.03043e-5
4.91122e-5
-2.73772e-5
-9.91899e-5
0.000185946
0.000272917
-0.000429138
-0.000355684
0.000497387
0.000378384
-0.000293402
0.000149427
0.000424314
-0.000878383
0.00144913
-0.0021996
0.00290879
-0.00328244
0.00314653
-0.00256465
0.00180737
-0.00116279
0.000615514
-0.000697911
0.0232968
-0.0276159
0.0192171
-0.0472019
0.0763492
-0.114063
0.151207
-0.172862
0.167973
-0.138091
0.0945342
-0.0547821
0.0293601
-0.0200412
0.0149974
-0.0086423
-0.0180852
0.0125594
-0.00553039
0.00420957
-0.00190831
0.000250523
0.00240587
-0.00121702
0.000613665
0.00151483
-0.00366157
0.00667047
-0.000308452
0.00014536
-0.0111126
0.015182
-8.22161e-5
7.45299e-5
-2.9683e-5
-0.0307142
0.0422537
-0.0446377
8.83141e-6
-6.31115e-6
0.0466199
-0.047973
2.29579e-6
-1.69246e-6
-1.19082e-7
0.0569624
-0.0388322
0.0268185
7.34809e-8
-3.21109e-8
-0.023083
0.0190729
1.13598e-8
-3.98071e-9
6.377e-9
-0.0134949
0.00850719
-0.00611695
3.44857e-9
-8.49841e-9
1.73422e-8
0.0057527
-0.00519613
0.00326891
-1.19302e-7
-2.17727e-6
1.68996e-6
-0.0023509
0.000548012
-3.16271e-6
-0.000343912
3.92176e-6
0.000300168
5.58367e-6
-0.000295011
-4.09906e-5
0.000301044
0.00011816
-0.000297287
-0.000239909
0.00025785
0.000396283
-0.000186388
-0.000579134
0.000104082
0.000877587
-4.11976e-5
-0.00186322
1.48858e-5
0.00254221
-2.94965e-6
-0.00497242
0.0079442
-0.0173417
8.25305e-8
-1.7687e-7
4.04792e-7
0.0280287
-0.0410822
0.0708984
-1.00965e-8
9.82749e-8
1.47257e-7
-0.106095
0.136222
-0.150469
-4.44496e-10
-1.1697e-9
0.119637
-0.131606
3.76013e-8
6.52311e-9
-5.14944e-10
0.0920069
-0.0722468
0.0458355
2.85459e-7
-1.17937e-7
-0.0306815
0.0303072
1.08402e-6
-5.43008e-7
-0.0135806
0.00501525
-0.00214413
-5.176e-6
2.52163e-6
-1.41455e-6
0.00100368
-0.000475531
-1.56203e-5
8.95613e-6
0.000200283
-5.54415e-5
-6.0924e-5
8.04213e-5
-4.64174e-5
2.68333e-5
0.000145157
-0.000192665
0.000324526
-0.00039914
0.000240232
-0.000133754
-0.000378647
0.000819514
-0.00130801
0.00205167
-0.00287967
0.00349717
-0.00360739
0.003136
-0.00224038
0.00133273
-0.000764977
0.000501637
0.00343582
0.050664
-0.0483785
-0.048565
0.0679881
-0.0937931
0.114805
-0.120854
0.106768
-0.0793448
0.0433296
-0.0223149
-0.00904849
0.0120109
0.00509769
-0.000953962
-0.00329091
0.00196701
-0.00214239
0.000946523
7.94317e-5
-0.00113561
0.000795026
-0.000362301
-0.00163908
0.00333772
-0.00555896
0.00020657
-8.13688e-5
0.00891333
-0.0159865
3.81257e-5
-4.79386e-5
2.53791e-5
0.0192558
-0.0378577
0.0289765
-1.00674e-5
3.6228e-6
-0.0281511
0.0260326
-2.41803e-6
1.5284e-6
-1.90706e-7
-0.0279505
0.0116703
-0.00390302
2.89645e-8
7.6165e-10
0.00496086
-0.00519684
-5.61038e-9
5.98949e-9
-2.85061e-9
0.00460315
-0.00274574
0.00175524
4.2453e-9
-7.01093e-9
3.67852e-8
-0.00162153
0.000207156
9.96761e-7
0.000310739
-3.74453e-7
-2.84606e-8
1.94758e-7
0.00036677
-0.000421158
1.97286e-6
-0.000225178
-1.36686e-5
0.000238747
4.65021e-5
-0.000284679
-0.000116756
0.000345942
0.000234021
-0.000351784
-0.000393053
0.000289646
0.000597494
-0.000187815
-0.000773441
8.65197e-5
0.00159214
-3.05096e-5
-0.00266382
0.00279802
-0.00687307
0.0228788
-5.27385e-7
9.00623e-7
8.43279e-8
-0.0401576
0.0473479
-0.0909133
1.88464e-8
-2.02844e-7
-6.26568e-7
0.140914
-0.182764
0.196249
-1.80589e-9
8.59631e-9
-0.183838
0.092763
-3.186e-8
3.64089e-9
-2.10176e-9
-0.103135
0.0375445
-0.0384635
-4.02569e-7
1.4604e-7
0.0184233
-0.0235705
-1.42944e-6
7.67226e-7
0.00323085
-0.000912967
0.000811857
3.73214e-6
-1.83686e-6
1.54687e-6
-0.000462956
0.000280128
1.26442e-5
-7.14064e-6
-0.000106312
2.38898e-5
1.30315e-5
-6.57674e-5
3.67178e-5
-2.07218e-5
1.15237e-5
-4.09015e-5
-0.000166862
9.16939e-5
0.00112552
-0.00113516
0.00109458
-0.00166858
0.00241031
-0.00309714
0.00340947
-0.00313826
0.00239947
-0.00131623
0.000728671
-0.000410585
0.000276175
0.00880278
-0.0058345
-0.0213489
0.0302945
-0.0100727
0.0205625
-0.0342071
0.0482323
-0.0625697
0.0694287
-0.0672844
0.046216
-0.0242127
0.0129383
-0.00822618
-0.00516343
0.00378485
-0.00278391
0.00160345
-0.000759622
0.00739195
-0.000564047
0.000452551
-0.000247157
-0.000570616
0.000423807
-0.000392193
0.000240691
0.00120309
-0.00232018
0.00354384
-0.000180955
0.000142939
-0.00499095
0.0066094
1.90576e-6
-9.65388e-5
0.0206609
-0.00744419
-1.01928e-5
5.4589e-6
2.44933e-6
0.00754176
-3.34055e-6
2.10004e-6
1.30686e-7
0.000704999
-9.933e-7
4.9737e-7
0.000667793
-0.00103045
-1.8864e-7
5.56422e-8
-0.00139225
0.00158984
-9.50348e-9
-8.78162e-9
1.50432e-9
-0.00158687
0.000706118
-0.000278415
-7.45101e-9
1.87846e-8
-4.05811e-8
0.000439251
-5.28825e-5
1.34606e-7
-3.74021e-7
-0.000173236
0.000109554
1.03248e-5
-6.85998e-5
1.52569e-7
-5.94221e-7
1.64671e-6
0.000270026
-0.000160234
-2.76647e-6
0.000116267
1.24628e-5
-0.000225408
-3.46533e-5
0.000291471
8.49576e-5
-0.00044566
-0.000167855
0.000484048
0.000297961
-0.000441276
-0.00038925
0.000256682
0.000722529
-0.000133785
-0.00103883
3.66212e-5
0.00209145
-0.00361935
0.00292122
0.0123387
-1.13807e-6
-4.27435e-6
-9.66258e-6
2.79208e-6
8.91264e-6
-0.0196713
2.96213e-6
0.037845
-0.0654997
0.0741903
-6.98983e-8
5.09376e-7
1.43545e-6
-0.143476
0.205361
-0.249519
1.12643e-8
-1.81308e-8
0.249334
-0.212083
0.107646
1.8485e-10
-5.72748e-9
0.120178
-0.0952188
0.0501469
-8.87454e-9
0.0367957
-0.0215269
0.0144974
-1.47014e-8
-0.0056757
0.00371356
-0.00186779
-2.37511e-6
8.92403e-7
-1.49188e-7
4.20144e-8
0.000719558
-0.000273841
-8.48833e-6
4.86673e-6
6.84596e-5
-1.07893e-6
-2.29163e-5
4.29312e-5
-2.18571e-5
1.04225e-5
9.58302e-5
0.000161361
-0.000224991
0.00024192
-0.000241149
-0.000766988
0.000182263
0.000306288
-0.000148843
5.7079e-5
-4.50552e-5
0.000684028
-0.000668809
0.00130599
-0.00177414
0.00235027
-0.00262951
0.00259376
-0.00176511
0.00100241
-0.000532769
-0.00607379
-0.0174526
0.0217658
0.023632
-0.0221574
0.0289024
-0.0312739
0.0300473
-0.0190133
0.009094
0.00285821
-0.00183935
-0.000826275
6.88762e-5
-0.00180807
0.00117866
-0.00014078
2.6183e-5
0.000118717
0.000370687
-5.01384e-7
0.000128604
0.00108565
-0.000714306
-0.00174913
-2.44702e-5
-1.81899e-5
0.00222951
-0.00230366
2.99118e-5
4.29141e-5
-2.48092e-5
0.00131773
-0.00728125
0.00183829
9.59794e-6
-5.92228e-6
0.000688432
-0.00100476
-0.00479064
0.000834745
2.75381e-6
-2.13256e-6
0.00166731
-0.000688053
-0.00155739
-0.000128843
9.38458e-7
-6.20279e-7
0.000541763
-8.48388e-5
2.4285e-7
-8.20121e-8
-0.000135691
2.76271e-8
5.87707e-5
-3.17854e-8
2.02845e-8
2.39525e-5
-3.00485e-9
-7.23875e-5
1.79983e-8
-1.65638e-8
7.65964e-8
-5.71639e-5
2.85695e-5
8.5552e-8
-7.8435e-5
6.07412e-7
-2.39068e-6
3.16391e-6
-0.000161771
0.000196742
-1.13442e-5
0.000375124
1.92937e-5
-0.000345188
-4.90801e-5
0.000709812
8.82874e-5
-0.000742735
-0.000152545
0.000603187
0.000246632
-0.000527488
-0.00034124
0.000224762
0.000495602
-0.000867716
0.00230422
-0.00900851
3.81629e-5
-5.16784e-5
-3.02879e-5
0.0177075
-0.0207414
0.0526745
-0.105316
0.11254
-2.90422e-6
-7.39046e-6
-0.178261
0.233607
-2.13614e-8
1.87315e-7
-0.270244
0.189624
-1.1377e-8
2.56108e-8
-0.121761
0.0709801
-5.91692e-9
2.41879e-9
-1.82563e-10
4.02172e-9
-0.0301895
0.0142565
-3.94034e-8
2.00381e-8
2.22244e-8
-9.83832e-9
-0.0047393
0.00649142
0.00346135
7.47391e-8
1.87975e-7
-7.8002e-8
-0.0010383
9.37266e-5
1.45681e-6
-5.68933e-7
-3.75618e-5
-3.02748e-6
-3.83928e-6
-9.0687e-6
1.39633e-5
-5.1573e-6
5.90001e-6
-9.26049e-5
0.000185021
0.000201475
6.62803e-5
-7.70721e-5
3.18701e-5
-2.44701e-5
-0.000884243
0.000750456
-0.00152141
0.00122927
-0.00165394
0.00173009
-0.00157057
0.00114175
-0.000586323
3.61745e-5
-8.89225e-5
-0.00565006
0.00746382
-0.00540155
-0.0194568
0.01428
0.00860019
-0.0100308
0.010479
-0.0118558
0.00757458
-0.000431316
0.000677618
0.000175307
8.61247e-5
0.000156357
-0.000109244
0.00100893
-0.000639087
0.000143115
-0.00345172
-2.21195e-5
0.000168451
-8.70892e-5
-0.00013552
0.000113785
-9.37929e-5
2.02283e-5
9.2632e-6
-2.21119e-5
3.00041e-5
-0.000187892
0.000395031
0.000861242
-0.000400739
2.05719e-6
-2.32823e-5
-0.000903799
0.000339502
0.00074464
-3.29523e-6
4.96205e-6
-0.000250475
-0.000402862
-2.54798e-6
2.12317e-6
0.000209002
-0.00014008
-1.20885e-6
9.23321e-7
3.38481e-5
9.53475e-5
-5.52603e-7
3.21095e-7
-7.00801e-5
-1.62421e-7
6.76758e-8
4.14583e-5
1.81349e-5
1.04077e-7
-4.87722e-8
-0.000122513
1.72522e-5
-1.01384e-5
3.05477e-8
-2.4977e-8
1.57899e-8
-1.85222e-8
1.61287e-5
8.43787e-6
-5.87794e-6
1.19363e-5
1.31063e-6
-1.11574e-8
2.65214e-8
-4.78508e-8
-1.70551e-5
3.05883e-5
1.57686e-7
-3.69529e-7
0.000130621
-9.46083e-5
-6.54779e-5
3.72901e-7
-6.5316e-5
5.58876e-7
-5.38533e-6
9.16054e-6
-0.000436071
0.000280314
-8.67948e-6
0.00056991
2.01573e-5
-0.00115044
-3.87393e-5
0.00160715
8.89796e-5
-0.00129539
-0.000108079
0.000815674
5.5547e-5
-0.000147734
0.000422218
-0.000540853
-0.00287286
3.48353e-5
9.88986e-5
0.000391295
-0.000275181
-0.000350084
0.00577831
-0.000133428
-0.0107073
0.020505
-0.0161016
-0.0350783
1.36742e-5
2.70943e-5
7.52118e-6
-3.46561e-5
-5.41806e-5
0.07799
-0.0983783
0.140449
0.110693
-0.166509
1.12802e-8
-1.44076e-6
-4.66235e-7
2.22682e-6
0.163806
-0.0915546
1.73949e-8
-1.04418e-7
0.0449737
-0.0272184
2.29325e-9
-9.14244e-9
0.00520074
-0.00341406
-2.2449e-8
4.31606e-9
-0.000817326
-3.86507e-5
-1.9159e-7
6.41489e-8
0.000163615
3.98476e-7
-3.60209e-5
-5.15925e-6
4.65956e-6
2.28917e-6
-7.4443e-7
2.05966e-6
1.55138e-6
-1.09621e-6
2.77335e-7
-8.36364e-7
3.95389e-6
1.17275e-6
-1.3936e-5
5.64504e-6
5.28869e-5
-1.50953e-5
-2.89238e-6
3.20337e-5
-1.27948e-5
-0.000108255
-0.000452656
0.00032954
0.000283784
0.000276938
-3.29754e-5
0.000152863
-0.000292458
0.000157773
-0.00102898
0.00154636
-0.00068689
0.00101459
-0.00122547
0.00109408
-0.000751768
-0.000309987
0.000206724
-0.00111113
0.00460204
0.00305569
-0.00567902
0.00648544
-0.00464838
-0.00398816
0.00477393
-0.00218761
-0.0029077
-2.27199e-5
-0.000122907
1.66083e-5
0.000915395
-0.000885695
-0.00068238
-1.0628e-5
-8.84382e-7
2.20593e-6
-1.79632e-6
-3.18937e-5
-2.43794e-6
-3.02477e-5
-0.000117776
4.61996e-5
0.000134279
7.3639e-6
-1.76643e-6
2.80916e-6
-2.90498e-6
-0.000105994
-0.000224741
6.14229e-5
3.92258e-7
2.10234e-6
9.33688e-5
-3.15271e-5
4.69047e-8
2.66697e-7
3.61112e-7
-1.68597e-7
-3.10725e-7
3.37115e-7
2.45195e-7
2.10393e-5
-2.69692e-7
2.1427e-7
1.76955e-7
-1.70334e-7
-1.1829e-5
6.49009e-6
-1.19094e-7
1.13171e-7
-7.14745e-6
1.64813e-6
-3.27614e-6
-6.05094e-8
2.53962e-8
2.30117e-6
-6.52781e-9
-5.66979e-6
3.2484e-9
-1.01906e-9
3.36386e-7
-4.43394e-9
6.73603e-8
-2.21677e-9
2.45987e-8
-6.94665e-9
3.06085e-5
-2.7675e-5
-3.17937e-7
-3.26333e-7
0.000132764
-5.81558e-5
-8.20691e-5
2.05945e-6
-8.27812e-7
-7.141e-5
5.46057e-9
7.49797e-6
-1.35474e-5
0.00321628
-0.00247961
1.19803e-5
-0.002244
1.65162e-5
-3.74617e-5
1.29801e-5
6.86196e-5
-6.41279e-5
-0.000612837
0.000358041
0.000676794
0.00226948
-0.00179851
-0.00167327
0.00141959
-0.00107514
-0.00216681
0.00410204
-0.00878503
0.0169754
-0.0323074
0.000133737
0.000198733
0.0509952
-0.0625995
-1.9471e-6
-1.20347e-5
0.064214
-0.0963521
-0.037597
0.0445559
-5.85648e-8
5.53238e-7
2.86374e-7
-6.75167e-7
0.0283159
-0.0261813
0.0215308
2.42463e-8
0.00946755
-0.00653312
0.00662477
9.75332e-10
0.000423278
-0.000154486
0.000702032
5.31844e-9
-0.000168073
0.000108186
-3.63455e-5
2.34716e-5
4.15113e-6
-1.49289e-7
2.62525e-7
6.40892e-8
1.36702e-8
2.41416e-8
-9.32522e-7
1.05801e-6
2.08663e-6
2.27056e-6
-7.73751e-5
-4.41191e-5
1.51979e-5
0.000101201
-0.000108277
-0.000481871
0.000187377
0.00027004
0.000331556
-0.000151353
0.000667328
-0.00109235
0.000607537
0.000282206
-0.00012601
-0.000297381
0.00105841
-0.00142515
0.000990865
0.000708651
-0.000884896
0.0007311
0.00233104
-5.91593e-5
-0.00185221
-0.00169171
0.00184826
0.0015939
-0.000119309
0.0004434
0.000612004
0.000181285
-1.69606e-5
0.000200106
0.000303257
-0.00026172
-0.000630463
-5.87814e-5
-0.000182608
-8.43483e-5
5.31403e-5
4.42998e-6
-7.83384e-6
1.23852e-5
-4.80368e-6
4.31845e-6
-5.23699e-7
5.32727e-6
-5.53538e-5
-1.45772e-5
3.90212e-6
-4.12082e-5
1.09893e-5
2.12119e-7
-1.20218e-6
2.72396e-5
-5.36455e-6
-1.25878e-5
-6.92113e-7
-2.29769e-7
2.28525e-7
4.259e-6
3.90658e-5
-2.06123e-6
-6.33787e-8
-3.00391e-8
-7.96215e-6
1.08517e-6
4.6259e-6
9.3898e-7
5.67291e-8
-1.00099e-7
-4.50673e-6
8.57141e-8
-1.27912e-5
2.18412e-6
7.88628e-8
-7.85915e-8
5.02325e-6
-5.54189e-7
1.4628e-6
-1.20413e-6
4.95301e-8
-5.00944e-8
7.6998e-7
2.8596e-8
-1.26738e-8
-8.05028e-7
3.54693e-7
-1.16133e-8
5.63922e-9
1.77559e-6
-2.94143e-7
-1.68654e-9
1.05922e-9
-2.8508e-7
-6.70043e-7
4.57755e-10
1.22904e-9
5.71581e-6
-1.50094e-6
-9.22125e-9
5.3381e-6
7.82653e-9
-2.81221e-8
8.45282e-8
2.88214e-5
-1.73605e-5
1.24428e-7
-6.96268e-7
0.000116438
-5.42652e-5
7.01168e-7
3.19848e-7
1.01127e-5
-0.0001846
0.000209305
0.000334808
-3.20142e-6
4.29133e-6
0.00342725
-7.4475e-6
-5.43958e-6
3.15817e-6
2.33315e-5
-9.95687e-6
-0.0023525
-0.00236138
0.00217366
0.00291774
-0.0102395
0.00568624
0.00427705
-0.000139176
0.00741983
0.000303088
-0.00472234
-0.000259247
0.000598961
-0.00141448
0.00380291
0.00260138
-0.00703646
-0.000438282
-0.000494998
0.00125412
0.00180131
0.00980482
-0.0236152
-0.0112992
0.0289173
1.55931e-5
5.76627e-5
-8.03483e-5
-0.000233225
-0.0300617
0.0122768
5.60139e-8
2.74413e-6
-0.00813497
0.00619068
1.32185e-9
-1.03041e-7
5.43011e-8
3.40834e-8
-0.000842974
0.00117793
1.51657e-9
-2.23256e-8
-1.5309e-8
4.52817e-8
0.000820424
-5.17233e-5
-4.99159e-8
1.05355e-8
1.04406e-7
1.92139e-8
6.9451e-5
-9.38829e-5
-3.4063e-5
5.29261e-8
-1.64763e-8
-2.4366e-7
1.09371e-5
-4.07655e-7
-2.16051e-6
6.65298e-7
-4.62952e-8
-5.18974e-7
-1.11806e-5
4.7774e-5
9.53077e-6
-1.46451e-6
1.69236e-6
6.25324e-6
-2.12972e-5
-2.14698e-5
0.000255835
-0.000685279
-0.00045982
0.000145004
5.66326e-5
-0.000100101
-0.00031635
0.000133592
3.7464e-5
0.000251237
-0.000175393
-0.000847279
0.000561131
-0.00106496
0.00277749
-0.000842138
-0.00277705
0.00201007
0.00167065
-0.000946952
0.000945999
-0.00106222
-9.19526e-5
2.26623e-5
-0.000502277
-7.56627e-5
-5.84215e-6
1.56247e-6
8.49653e-5
3.7262e-5
0.000105928
2.99414e-5
-1.96433e-5
0.000161771
-2.90803e-5
1.82059e-5
5.7204e-5
-8.71539e-6
-1.75091e-5
1.30325e-6
2.02989e-6
8.82873e-6
-1.62541e-6
7.76985e-6
-9.28064e-6
-6.79684e-7
-1.12543e-7
-2.18021e-6
2.05636e-7
1.98809e-7
-3.05917e-8
3.42412e-7
-2.08001e-6
5.51908e-7
1.05369e-7
1.27588e-6
1.75593e-7
-9.50961e-9
-6.96814e-8
-1.62873e-7
-1.03187e-7
8.38975e-9
1.92209e-10
1.21302e-8
9.85279e-8
-2.44809e-9
-7.12467e-9
-6.6804e-9
-2.1109e-7
1.21447e-8
-1.93494e-8
-1.11523e-8
-5.00374e-7
1.46715e-8
-1.4688e-8
-1.08069e-8
1.67403e-8
3.16317e-7
-1.253e-7
7.08595e-9
-6.23983e-9
1.822e-7
-1.34295e-9
4.29003e-9
-2.11555e-9
-1.5189e-8
7.35603e-8
-1.45789e-9
7.76413e-10
3.21912e-7
-1.3079e-7
-4.73483e-10
4.90698e-10
3.18938e-7
-6.63734e-7
2.11123e-10
-3.2861e-9
4.8422e-7
4.50546e-7
1.43149e-8
-2.89599e-8
6.40185e-7
-2.44634e-8
3.4789e-8
-1.91591e-7
-0.00167191
0.000460493
4.2293e-8
-2.84979e-7
-0.00541321
0.00592929
8.93976e-8
4.0866e-7
-0.00392867
0.00605606
-0.00869081
-1.3106e-6
3.05271e-6
-0.00667019
0.0142979
2.49603e-6
-0.0189118
-5.49237e-6
0.0163092
-1.82925e-5
5.00468e-5
1.16732e-5
-0.000156409
0.00050609
0.000268587
-0.000877413
-0.00340574
-0.0034732
0.0078711
0.00903524
0.00114192
-0.00354598
-0.00121919
0.00394664
0.000335316
0.000805951
-0.00119001
-0.00244547
-0.00307775
0.00933686
0.00121619
-0.000872286
-1.89482e-6
-1.93296e-5
1.63438e-5
0.000101433
-0.00362631
0.00310035
-0.00244978
3.9266e-9
-0.00202542
0.00158574
-0.00171888
-3.07491e-7
-0.000265345
0.000230232
-0.000502933
-1.67323e-8
8.13617e-5
-2.82133e-5
1.78259e-6
-1.7509e-7
1.61377e-6
-3.84084e-7
-1.65912e-6
2.23704e-7
1.66182e-6
-6.98781e-6
-3.76833e-6
8.69374e-7
5.01881e-8
3.08609e-7
-1.00794e-6
-9.42099e-7
-0.000180916
0.000608209
0.000186799
-4.57e-5
2.1202e-6
1.259e-6
1.5113e-6
-1.39479e-5
0.001728
-0.00372298
-0.00331219
0.00129819
7.27841e-7
-9.84603e-5
0.000150099
0.000855981
-0.000541697
0.000611776
-0.000870903
-0.00170359
0.00102093
0.00336935
-0.00357849
-0.00552537
0.00578324
-0.00389134
-8.30685e-6
7.41209e-5
-2.72873e-5
-1.40139e-5
-4.30252e-5
-1.09982e-5
8.04475e-6
-4.18898e-5
-4.92091e-6
5.3503e-7
-5.34699e-6
2.6425e-6
2.15193e-6
3.34876e-7
-8.6434e-7
2.63617e-6
1.3273e-5
-1.14566e-6
-3.62911e-7
-4.83684e-7
-1.30201e-7
3.99239e-8
5.02118e-8
4.49811e-7
-9.93787e-8
3.63574e-7
-1.57211e-7
-6.0069e-8
5.31467e-9
-1.24463e-7
2.19156e-8
1.30967e-8
2.26126e-8
-1.04847e-7
1.67558e-8
1.05699e-8
2.29311e-8
1.26634e-8
-5.79544e-9
1.54765e-9
-7.78854e-9
-7.3841e-9
-1.26031e-7
1.77494e-8
-7.33661e-10
1.1352e-9
1.02957e-7
-1.43542e-8
-6.79575e-8
-2.00222e-8
-3.37103e-9
6.32793e-9
1.31081e-7
1.44253e-9
2.74009e-7
-7.17844e-8
-4.82287e-9
5.63026e-9
-2.32513e-7
6.08762e-8
4.30347e-8
-3.18215e-9
2.23797e-9
-1.95868e-8
2.6401e-9
1.16744e-9
-7.45815e-10
1.65107e-8
-3.94296e-9
4.40719e-10
-1.8214e-10
-1.05592e-8
1.09771e-7
-1.17355e-10
-1.37677e-10
-3.28795e-7
-3.99717e-7
1.52517e-9
-9.45633e-9
1.86588e-6
-6.09685e-6
-5.75752e-11
3.1602e-9
-3.35053e-9
2.23436e-8
1.35052e-5
9.89253e-6
2.80637e-5
1.48025e-5
-8.1001e-5
-8.58347e-9
2.64904e-8
-0.000276387
2.13786e-8
-8.89227e-8
5.09554e-7
-1.30747e-6
5.12703e-6
1.30843e-5
-1.62942e-5
-2.52439e-5
6.65651e-5
0.013588
0.0174319
-0.0148385
-0.0180755
0.0311724
-0.0452596
-0.0312687
1.98927e-5
-8.06134e-5
8.45327e-5
-0.000328192
-7.93047e-5
0.000332121
0.00368258
0.00665063
-0.0100173
-0.015936
-0.000246635
0.000923738
0.000217523
-0.000589941
-9.42187e-5
-0.000430817
0.000428625
0.00155101
0.00138591
-0.000865415
2.55599e-7
9.07514e-7
-3.62008e-6
-8.3185e-6
0.00051422
-0.000366227
9.15272e-8
1.37842e-6
5.53949e-7
-2.91343e-6
-9.91085e-5
-1.00158e-5
1.98166e-7
-1.53964e-7
-8.69964e-8
-1.87283e-7
-6.57703e-5
1.13132e-5
9.04763e-7
-3.7611e-7
-1.88551e-6
6.7867e-7
3.89721e-6
-1.50053e-6
-1.64385e-6
8.34573e-6
1.29431e-7
9.31279e-8
-1.37351e-7
5.27133e-8
3.30422e-5
-0.000139008
-4.46667e-5
1.33695e-5
-4.26652e-8
1.45773e-6
-1.17431e-6
3.45227e-6
-0.00180398
0.00472867
0.00205393
-0.000662653
3.58116e-6
-2.86864e-6
-2.04624e-6
2.35094e-6
-1.16204e-7
4.66902e-5
-0.00549663
0.0169121
-0.0129826
0.00790056
-0.0133294
0.00750033
3.93756e-5
-0.00010391
-0.00014442
0.00198882
-0.00556758
0.0074946
9.52404e-6
4.94966e-6
-1.93823e-6
9.00049e-6
5.83374e-6
-1.4405e-7
-6.79485e-7
3.16131e-7
-4.19276e-7
-2.76063e-6
6.31183e-7
-1.80991e-6
-1.76547e-6
1.48472e-7
-1.63744e-6
-2.48908e-6
-5.39178e-7
3.23043e-7
-6.64497e-7
2.36059e-7
2.87998e-7
7.2074e-8
1.30876e-8
8.46684e-8
-5.34957e-8
5.43224e-8
-5.3405e-8
-1.58077e-8
-1.0835e-8
3.03542e-9
2.11788e-11
2.84495e-8
-8.43854e-9
2.17229e-8
-8.55809e-9
-5.71002e-9
6.87244e-10
-6.66651e-9
6.79247e-10
1.69196e-9
-7.65048e-9
2.08646e-9
5.36523e-10
-1.44843e-9
3.94599e-10
6.90057e-10
-9.44123e-10
-8.87594e-10
1.1945e-9
9.18757e-11
4.78938e-9
-1.08917e-9
1.34246e-9
5.61577e-10
-1.71306e-9
1.82169e-8
-1.41621e-8
-3.93061e-10
5.80075e-10
7.99648e-9
3.35466e-9
-3.95825e-10
2.37818e-10
-6.46452e-9
1.12299e-8
1.14972e-10
-7.88099e-11
3.02705e-8
-6.46799e-8
8.23897e-11
-1.74419e-10
1.17908e-7
6.85838e-7
-7.74648e-12
9.09799e-11
-5.83709e-6
1.32104e-6
-9.06422e-10
-7.95622e-11
1.84027e-5
-4.7497e-11
0.000648384
2.755e-10
-1.48292e-9
5.73748e-9
-1.43496e-8
0.00174697
-0.00262671
0.00437967
-0.00149087
-1.26468e-8
3.84466e-8
0.00832794
-0.0129932
-0.00615379
4.47061e-8
-1.69027e-7
-0.0196178
0.0313893
0.0132326
-6.36237e-8
3.8837e-7
0.0326169
-0.0555239
-0.0227272
-1.34066e-7
-6.23335e-7
-0.0381646
0.0719483
0.0328772
9.94719e-7
-3.56014e-6
0.053879
-0.0592178
1.42173e-6
-3.7541e-6
2.97878e-6
2.20489e-6
-1.76647e-5
-2.6715e-6
1.60434e-5
0.0235239
0.0298667
-0.0493146
-0.0701501
-1.32036e-5
5.93859e-5
2.24031e-5
-7.56042e-5
-0.00162303
-0.00483733
0.00526273
0.013158
0.000155684
-0.000431667
-8.33246e-5
8.97779e-5
1.33229e-5
5.18506e-5
-3.78233e-5
-0.000263969
0.000256798
-0.000234145
0.000169605
8.42839e-6
0.000109283
-9.79915e-5
0.000136639
6.17654e-7
-1.63372e-5
-6.80405e-6
1.51345e-5
3.78852e-8
-3.65216e-6
4.742e-7
7.5455e-7
-4.54863e-7
-2.39386e-5
9.66241e-5
-4.94111e-6
-1.03085e-6
-8.75453e-7
4.96867e-7
3.1107e-7
-2.88138e-6
0.000511123
-0.00163884
-0.000343861
0.000127626
-8.16763e-6
4.11579e-5
-1.54755e-5
6.86816e-5
-0.0107345
0.0216698
0.013554
-0.00559502
-6.28798e-5
9.13686e-5
-0.000303402
0.00123939
-0.000473045
-0.00300139
0.00113446
0.00318342
-0.00105083
0.00171082
-0.00150865
-0.0103874
0.00557645
0.0128865
-0.014654
0.0329556
-0.0360987
0.0294643
8.34777e-9
-4.58329e-7
4.75602e-7
5.69655e-7
5.60713e-7
1.20941e-7
2.63141e-7
7.85341e-7
4.33717e-7
-1.10143e-7
7.20609e-8
-7.21544e-8
-8.09121e-8
7.48559e-8
-1.99976e-8
-2.75838e-8
-4.82482e-9
-1.07476e-7
2.12934e-8
-4.80794e-9
5.80468e-9
3.76564e-9
9.25853e-10
6.92943e-9
-4.26992e-9
1.48605e-9
-6.53937e-9
-5.85743e-10
-6.48561e-10
7.03774e-10
-1.82348e-10
3.18869e-9
1.20736e-9
-8.37617e-10
-4.14182e-10
3.05491e-11
-1.34427e-9
-5.34501e-10
4.00477e-10
3.03104e-10
-8.96245e-11
3.10187e-10
1.97152e-9
-2.83263e-10
2.89101e-10
1.0052e-10
-2.28052e-9
2.69979e-10
1.764e-9
-2.67251e-10
3.77594e-10
-1.04928e-10
-3.5309e-9
6.26786e-10
-1.45221e-9
-9.52858e-11
1.26273e-10
-1.76698e-11
-1.14292e-10
-7.68189e-10
1.13815e-9
-7.39116e-12
2.77607e-11
1.19644e-8
-1.87478e-8
-2.8305e-11
1.8595e-11
-5.47883e-11
1.88721e-7
2.00006e-12
-7.6052e-12
-9.75932e-7
2.3551e-8
-1.32236e-12
-6.64979e-11
3.67481e-10
2.91999e-6
-5.93443e-6
-1.28016e-10
-0.000119297
9.27349e-6
4.44498e-11
-1.1883e-10
5.85245e-5
-0.000120291
5.09661e-10
-1.26386e-9
0.001654
3.19089e-9
-8.74251e-9
-1.63856e-9
9.8434e-8
-4.54991e-7
-3.71931e-7
3.77068e-7
-1.60704e-7
5.14476e-7
-1.66632e-6
-0.127131
-0.0946493
0.0920631
0.092112
0.151561
0.115264
4.75079e-7
-8.76995e-7
3.33603e-6
1.1724e-6
-6.00185e-6
-0.0149299
-0.0311981
0.0352864
0.0643885
1.17631e-5
-3.75174e-5
-3.90801e-6
-3.63089e-6
0.000105905
0.00109384
-0.000183868
-0.00390369
2.79643e-5
-2.50913e-5
-6.74758e-6
2.09612e-6
-4.16074e-5
0.00012577
7.1664e-5
-3.39573e-5
4.90204e-5
-7.08299e-7
-4.66328e-6
1.73878e-5
1.86955e-5
1.7441e-5
1.89879e-5
-3.6309e-6
4.91097e-6
1.44998e-6
1.55118e-5
-1.39489e-5
2.13833e-6
-1.12228e-6
1.90825e-5
-1.57893e-5
-1.7818e-6
-2.68374e-5
4.9659e-6
-3.32367e-6
-0.000256987
0.00079678
5.15839e-5
-5.04593e-5
-1.59346e-6
-3.61422e-5
2.70975e-5
-0.00014601
0.00473729
-0.0145061
-0.00053078
0.000699166
-0.000160634
0.000199765
0.000108993
-0.000402847
0.000117928
6.01927e-5
0.0497738
-0.0545753
-0.0608104
0.0449171
-0.0385221
-0.0275765
-0.00206632
0.00615478
-0.00718204
-0.00109297
0.0172101
-0.0299022
-2.40492e-7
-9.62808e-8
-4.59888e-8
-2.00471e-7
-2.04593e-7
-4.27143e-8
5.403e-8
-1.35753e-12
-9.94589e-8
2.35854e-8
6.22529e-8
3.69819e-8
5.87058e-8
1.30339e-8
4.50291e-8
7.51572e-8
3.93098e-8
-1.51022e-8
3.49026e-9
-4.47358e-9
1.92341e-9
-8.69075e-10
5.99555e-9
-1.19069e-9
3.59237e-10
-5.1627e-10
6.13771e-9
9.43874e-10
2.91269e-11
-5.59305e-11
2.53792e-10
1.22412e-9
3.16132e-10
-2.43186e-10
-3.5901e-11
2.55285e-10
7.98754e-12
-8.73835e-11
-1.97149e-11
-4.96746e-13
1.20094e-10
1.55215e-11
-9.28662e-11
4.23627e-11
-1.77735e-11
-5.13784e-11
7.65636e-11
3.39705e-11
-2.16199e-10
5.63565e-11
4.98627e-10
-6.48158e-11
9.64595e-11
-4.51648e-11
-5.23151e-10
-5.21766e-11
7.60155e-10
-1.84823e-11
3.57141e-11
-2.58438e-11
-7.16091e-10
3.61329e-10
3.37511e-9
1.78978e-12
7.36476e-12
-9.65218e-12
4.29696e-12
-2.46971e-12
3.07003e-10
9.3457e-8
-2.36909e-7
5.00907e-13
-2.60854e-12
3.62763e-12
-2.98716e-12
1.18778e-11
7.23632e-7
-2.9254e-7
-1.87139e-12
-1.22368e-5
-1.00264e-6
-9.97927e-13
-8.38149e-12
7.01154e-5
-9.81892e-5
1.58131e-11
-2.73966e-11
1.61382e-10
-0.000217435
-0.00192241
6.61434e-11
-5.36993e-10
-0.00511753
0.00527033
6.18566e-11
9.02339e-10
-0.0218569
0.0182161
-1.68694e-9
4.84664e-9
0.0580333
-0.045844
4.65831e-9
-2.74462e-8
-0.108661
0.0831135
7.23407e-9
3.2516e-8
0.14581
-0.111254
-6.4584e-8
1.96707e-7
-0.16545
5.27103e-8
8.118e-8
-1.78207e-7
1.91143e-8
-5.9359e-8
2.46198e-7
0.12243
0.163978
-0.112637
-0.0700672
-0.189864
-0.201604
-7.51787e-9
-3.55327e-7
-1.65956e-8
8.81613e-7
-2.41783e-6
-1.28929e-6
-0.00022511
0.0142369
-0.032342
1.40191e-6
-3.47054e-7
-2.92388e-6
-1.20787e-5
-0.00045527
0.0012696
5.28782e-6
6.38599e-6
-2.26081e-6
2.20582e-6
-6.63072e-5
0.000234081
-1.79127e-5
0.000102264
-1.71041e-5
-3.61981e-6
-4.02984e-6
5.00194e-5
-2.96128e-5
0.000129531
-7.08295e-5
-8.57169e-6
5.13278e-5
-2.86121e-5
0.000135347
-6.04374e-5
-1.24921e-5
1.10458e-5
0.000164478
-0.000150275
4.98231e-5
0.000141396
-0.000509669
0.000353748
-4.87863e-5
5.73416e-6
-0.0019977
0.00175688
-0.000518658
0.000289406
-0.000342862
-0.000273958
0.000960606
-0.000414587
0.0021922
-0.0405208
0.0611558
0.0201899
-0.017878
0.0295892
0.006154
0.00123564
-0.00373415
-0.00430774
0.00291227
0.0177135
-0.0108995
-0.0219791
0.0137274
0.00795219
-0.00183459
0.0262548
-0.0235875
-0.0645952
0.0480033
0.0757288
-1.5527e-8
-2.86546e-8
-4.1423e-9
-1.10166e-8
-2.24522e-8
-2.23725e-8
-2.43515e-9
3.30424e-9
-1.88734e-9
-8.33997e-9
1.6063e-9
2.34553e-9
6.74259e-10
1.06665e-8
2.84221e-9
5.53912e-10
6.12031e-9
7.27387e-9
5.79085e-9
-3.35748e-10
-6.21797e-10
8.30574e-11
4.79124e-11
-1.95218e-10
1.01094e-10
-1.03881e-10
-1.92406e-10
-1.26798e-11
-3.5425e-10
-3.13811e-10
2.71613e-12
5.08631e-11
2.00473e-12
2.23327e-11
-1.49379e-11
2.20858e-11
-2.60529e-11
3.26084e-11
1.74155e-11
-1.05505e-11
-1.67355e-11
-8.24361e-12
-1.98381e-11
-9.54384e-13
1.1357e-11
3.97055e-12
1.93804e-11
8.83082e-11
6.28605e-11
-1.08102e-11
2.29434e-11
-1.42463e-11
-2.26908e-11
-6.41344e-11
5.37146e-10
-2.65595e-12
7.98549e-12
-9.49138e-12
1.66149e-10
-2.67351e-9
-2.68455e-9
1.48931e-12
3.47086e-12
-5.65412e-12
4.53591e-12
-5.77937e-12
3.63359e-9
1.09283e-8
-8.26861e-9
1.44343e-8
-1.25142e-7
2.18779e-13
-3.9075e-13
1.1585e-12
-1.0709e-12
2.58357e-12
4.42575e-7
-3.2576e-7
-1.62947e-6
-3.36299e-6
1.37903e-5
-1.41838e-13
-1.22463e-12
4.02044e-12
-1.10452e-12
5.52886e-13
1.89989e-5
0.000741176
6.33711e-12
-3.0225e-12
0.00178278
-0.0018314
-5.3121e-11
0.01069
-0.00434732
3.15593e-12
6.17278e-11
-1.16247e-10
4.00959e-10
-0.035318
0.0562801
-0.032386
0.024792
-5.07387e-11
-4.5972e-10
0.0631281
-0.0808712
-0.0621766
9.90449e-10
-2.9881e-9
-0.0969948
0.122748
0.124363
-2.59635e-9
1.03374e-8
0.175524
-0.130612
-0.164048
1.42737e-9
-7.07766e-9
1.11953e-8
-0.219552
0.20291
9.6945e-9
-3.49844e-8
0.23121
-1.31258e-8
-5.96725e-9
1.49426e-8
-6.094e-8
9.23929e-8
1.07236e-7
-0.018921
-0.110421
0.0553249
0.0164429
0.194281
-1.14289e-7
4.12331e-7
-1.14367e-7
-3.18796e-7
8.31598e-8
0.000772586
0.00289385
-0.00471805
-0.000977105
-0.0118953
-1.41889e-6
3.44975e-6
-2.82609e-7
-5.0284e-5
-0.000101208
0.000559582
-1.18146e-5
3.91595e-5
3.14805e-6
-6.44421e-6
-1.38978e-5
7.02533e-5
-0.00012609
0.000429239
-9.34171e-5
3.26995e-5
1.52917e-5
4.47659e-6
-0.000186512
0.000960903
-0.000776642
0.000103247
7.26751e-5
-6.69338e-5
0.00115906
-0.000113728
-0.00118817
-0.00304213
0.00210533
-0.00135731
-0.00115725
0.000913565
-0.00022869
0.000314554
-0.00353153
0.000454114
0.00103671
0.012783
-0.00543571
0.000994785
0.0133063
-0.0124477
0.00319577
-0.00400402
-0.00810218
0.0149396
-0.0111627
0.00692269
0.010057
-0.00884801
0.0271233
-0.0269673
-0.0289949
0.0300775
0.0215949
-0.0156763
-0.00135901
-0.0278772
0.0299903
-0.0666603
0.0714926
0.0676365
-0.0932462
-0.0372107
-2.40061e-9
-2.07471e-9
-8.47399e-10
-5.97859e-10
6.96414e-10
-1.61453e-9
-2.43606e-9
-2.43823e-9
1.32843e-10
-4.4601e-11
7.33075e-13
8.08249e-11
5.11895e-10
5.4814e-11
5.667e-10
-1.20575e-10
1.18184e-10
1.03788e-11
-1.11805e-10
1.17863e-11
-1.63448e-11
-9.31175e-12
3.05835e-12
-5.21873e-12
-1.84559e-11
-7.62085e-12
-7.89172e-11
-6.69876e-13
6.84194e-12
4.02851e-12
-7.38438e-12
6.82499e-11
2.58483e-11
9.94966e-13
-5.01037e-13
5.07538e-12
-4.53134e-13
-2.09004e-10
-8.66049e-11
-1.12997e-10
-3.63424e-10
7.62238e-13
2.95549e-12
-4.11302e-12
8.79495e-10
1.26541e-9
-4.23447e-10
1.37635e-12
1.44378e-12
-2.63532e-12
5.94944e-9
-2.00757e-9
5.90984e-9
1.7627e-12
1.83743e-12
-3.37595e-12
3.21342e-12
-3.88641e-12
-2.1361e-8
-3.15603e-8
-3.58908e-8
2.79235e-9
1.42585e-7
2.06878e-12
9.58223e-13
-4.80511e-13
6.06169e-13
3.19545e-13
-1.76508e-7
-2.26694e-7
7.21176e-7
1.29149e-6
-8.67667e-7
1.74979e-12
3.5311e-13
3.72806e-13
-8.99996e-14
8.57858e-13
-1.79513e-5
7.37741e-6
-3.38464e-5
6.16689e-5
3.7216e-13
-3.61834e-12
-0.000395859
-0.0012875
0.00320218
-4.24365e-12
1.47475e-11
-3.95414e-11
1.34956e-11
0.0390756
5.66744e-11
-2.78756e-10
6.56636e-10
-5.60685e-10
7.17839e-11
-6.59452e-10
6.12344e-11
-7.02574e-10
1.45276e-9
-0.104821
-0.134025
0.207629
0.135548
0.172207
-0.213654
2.1615e-9
-0.114165
-1.11376e-8
1.02437e-8
-4.0313e-9
2.69343e-8
-3.48858e-8
-0.0107157
-0.0126864
0.0464919
0.0103899
0.0506881
-3.44295e-9
-3.51777e-7
-1.73025e-6
3.25904e-7
2.45882e-6
0.000698701
-0.000738224
-0.00186056
-0.00045773
-0.00180992
-1.1468e-5
2.40036e-5
1.44953e-6
-3.95901e-5
8.31041e-5
-4.09991e-5
-8.72534e-5
0.00024289
-3.23804e-5
1.53926e-5
9.19737e-6
-9.38306e-6
-0.000811786
0.00219184
-0.00168912
8.55439e-5
-9.28398e-6
-5.4724e-6
0.00130614
-0.00311468
0.00484809
-0.0197587
0.0172205
-0.000914749
-0.000177972
0.000144417
-9.81818e-6
-4.68838e-5
-0.017742
0.0134188
-0.0214353
0.0855335
-0.0442993
0.00958153
0.0048473
-0.00336087
0.000679699
-0.000598943
0.0734906
-0.0221683
-0.0490227
0.0262573
-0.0359539
0.0860931
-0.0300389
-3.16509e-5
0.0425156
-0.037645
0.0298408
-0.0480635
-0.0124904
0.0195904
0.0135763
0.00161819
-0.00610376
-0.0210448
4.24609e-10
7.48924e-10
9.86464e-10
4.4319e-10
-2.32815e-10
-8.74224e-11
-6.25983e-11
1.83847e-11
-2.12945e-10
-3.21847e-10
-2.58146e-10
-1.61513e-11
2.57545e-11
-7.01353e-12
5.25284e-12
1.4338e-13
5.94795e-11
4.61664e-12
5.75227e-11
1.92464e-12
6.83772e-12
2.47024e-12
-1.49865e-11
-4.83941e-12
-1.25597e-11
-6.63715e-12
-2.11279e-11
2.80774e-12
8.30749e-12
-1.49231e-12
-3.98237e-12
-5.41159e-12
1.68533e-10
-1.16903e-10
9.93099e-11
4.37061e-10
8.53403e-10
-8.92232e-12
-3.81787e-12
-5.13242e-12
-9.16554e-12
5.20929e-12
-6.18676e-9
3.18281e-9
-2.51767e-9
-5.59686e-9
-3.74546e-12
-6.43996e-12
2.80644e-8
-7.23821e-9
-3.2508e-8
-6.95289e-12
3.44371e-12
-3.58299e-12
1.04908e-7
2.38304e-7
1.19017e-7
-1.06321e-7
-4.13689e-7
-1.4952e-11
-2.07781e-12
-1.47281e-12
3.2376e-12
-2.23979e-12
-4.2925e-7
4.53648e-6
1.00899e-7
6.63801e-6
-1.27484e-5
-6.91041e-12
2.99009e-12
-2.03074e-12
6.9181e-13
-6.36444e-13
8.79508e-5
-8.04345e-5
-3.23303e-5
-0.000248316
-3.5607e-12
2.71163e-12
0.0011501
0.000127009
-0.00262468
1.15358e-11
-1.42931e-11
2.56696e-12
-3.78566e-12
-1.43121e-11
-0.061513
0.077374
-0.0527257
0.0605263
-2.54645e-11
4.25247e-11
-0.0741508
0.0840774
5.47409e-11
-3.4622e-11
0.098488
-0.125708
2.70019e-10
-0.112836
-2.18787e-10
-9.02523e-10
2.94573e-10
1.85181e-9
-1.06089e-8
-3.75047e-10
-0.0281044
-0.0300633
0.0882845
0.0429862
0.076056
-0.0580071
2.30291e-8
-0.0261604
-8.65605e-8
1.43395e-7
-2.17528e-8
-6.5822e-10
7.56819e-8
-0.00210717
0.000593559
0.00799447
0.00125346
0.00766432
-1.25123e-8
-8.18508e-8
5.64047e-7
4.30652e-6
-7.82413e-6
8.33139e-5
-0.000306321
-6.25887e-5
-5.18782e-6
0.000212824
2.8873e-5
-7.96557e-5
1.77708e-6
6.23598e-6
-1.61763e-5
0.000208589
-0.000355114
1.025e-5
-6.06634e-7
2.10834e-7
-0.000344634
-0.00790028
0.0238271
-0.0537514
0.0273022
-0.000275612
4.18153e-5
-1.59767e-5
7.14524e-6
-3.95085e-5
-0.0314262
0.0775453
-0.183819
0.325623
-0.191766
0.00305895
0.000365265
-0.000141322
-1.47814e-5
0.000371237
0.230363
-0.0984366
-0.179427
0.146896
-0.234593
0.301526
-0.180249
0.0209732
0.019292
-0.014026
0.00844235
-0.0153521
-0.00212675
0.00350189
0.146286
-0.0701502
-0.0923846
0.0428335
0.046667
-0.0289421
-0.0386463
0.0181378
4.72906e-11
9.72377e-11
1.14715e-10
3.6251e-11
-2.90713e-11
8.59716e-12
-4.93345e-12
1.00992e-11
-3.58328e-11
-1.96301e-11
-3.57086e-11
-2.72e-11
1.84344e-12
4.79781e-12
-9.31319e-12
5.62638e-11
-3.03655e-11
3.20711e-11
-4.78094e-11
1.46859e-10
-3.99171e-11
2.96591e-12
-7.9742e-12
7.52883e-12
-1.12904e-10
4.26582e-10
-9.67655e-10
3.56711e-11
2.71603e-11
3.52698e-11
6.047e-11
-1.02148e-10
-9.56272e-10
-6.08658e-10
4.65369e-10
-6.54677e-9
1.36764e-8
2.28454e-11
2.49841e-11
-1.77457e-10
-1.43544e-10
2.39855e-8
-8.52644e-9
-7.4602e-8
-7.53064e-8
3.79106e-11
1.97095e-11
-1.27546e-10
-1.6483e-10
1.62422e-7
1.69012e-7
-2.00718e-7
-6.88875e-7
-1.89005e-10
-2.06691e-11
-1.52156e-7
1.9708e-6
3.13125e-6
7.93485e-11
-3.03302e-12
-5.00814e-12
-1.82062e-5
-2.87323e-6
-1.31418e-5
3.51734e-5
5.95278e-11
4.23374e-6
5.68871e-12
-1.0555e-11
5.14333e-13
0.000225365
0.000728528
0.000101748
-0.000844085
8.24298e-12
5.80592e-12
0.00318001
0.000113489
-6.71053e-11
-0.00979981
-1.76398e-11
9.47505e-11
4.58813e-11
-0.097142
0.0837606
-0.0570879
0.065823
-3.23837e-10
3.06505e-11
-0.0511391
0.0604735
4.20033e-10
-4.78158e-10
0.0477465
-0.070038
2.2932e-9
-0.0491642
-7.37833e-9
1.03763e-8
5.20492e-8
-1.59798e-7
2.5757e-8
-0.00636248
-0.00181938
0.0204323
0.00936527
0.0318579
-0.0136737
1.4558e-7
-0.00332132
-4.65848e-7
-2.4285e-7
1.0651e-6
9.21992e-7
-0.000206536
0.000579703
0.000281912
-3.02187e-5
0.000723616
-7.3161e-6
3.35415e-6
4.31478e-5
-2.26108e-5
-2.03178e-6
3.44753e-6
3.04125e-5
-2.08774e-5
-0.000203328
0.000114498
0.000823223
-0.00051032
-2.76764e-7
2.98956e-6
-1.02717e-6
3.47689e-7
-0.0029073
0.00195744
0.00904293
-0.00668034
-8.57591e-7
5.34858e-7
-2.52899e-6
3.42209e-8
-0.0250742
0.0586741
-9.85832e-7
2.18439e-6
-4.05679e-7
-0.116147
0.0917621
0.203494
-0.318065
0.000430285
-3.99034e-5
5.93708e-5
-2.19425e-5
4.36893e-5
0.39294
-0.363137
-0.382135
0.359215
0.318888
-0.238627
0.0209378
0.0012063
-0.0128073
0.00666403
-0.0044457
-0.00045251
3.67488e-5
0.240677
-0.224484
-0.181565
0.153993
0.157527
-0.0946002
-0.102467
0.062455
-1.31022e-11
-4.46269e-12
6.32459e-12
-3.80259e-12
-4.12626e-12
5.77548e-11
1.59982e-10
7.10202e-11
2.85896e-11
4.88281e-11
-2.58522e-12
5.21389e-11
-1.04818e-11
-2.09146e-12
1.48664e-10
-3.42447e-10
-1.15645e-10
-5.43831e-10
-3.77807e-10
3.31314e-10
3.49052e-10
-3.81295e-10
-1.17369e-10
-8.96163e-11
-1.69348e-10
5.38791e-11
-2.56373e-10
2.61806e-10
-1.30734e-10
6.26234e-10
1.53156e-9
4.74615e-9
8.33423e-10
8.75629e-10
1.3957e-9
2.32663e-9
-1.83497e-9
-5.06481e-9
-8.03266e-10
-1.04895e-9
-1.18919e-8
-1.36836e-8
7.68599e-10
7.54717e-10
-4.91696e-9
-4.34046e-9
7.35194e-8
-6.46789e-8
-2.37752e-7
-7.1793e-7
1.01036e-9
7.2186e-10
-4.24708e-9
-4.46868e-9
3.98697e-7
6.48422e-7
6.58743e-7
-2.71289e-6
-3.25527e-10
-2.08731e-10
-5.42646e-9
-1.0968e-9
-8.88712e-6
1.97919e-5
4.29101e-5
5.46533e-5
2.29873e-9
5.99516e-10
-1.66916e-10
-0.000155444
0.000207309
-0.00026084
0.000478201
-8.97676e-11
3.53925e-11
2.37252e-10
-0.00123681
-0.00248589
5.4309e-10
-4.83354e-10
-2.6918e-11
0.00306229
-0.00239974
0.00892548
-0.00709876
2.3176e-10
6.0188e-10
0.0141516
-0.0386343
-1.72941e-10
-3.02517e-9
-4.56755e-10
-0.00906035
0.00860745
-0.0366668
1.38158e-9
5.99121e-9
-3.64669e-9
0.00939992
-0.0159262
0.0341803
-4.3864e-9
1.43227e-10
2.27573e-8
-0.00778203
0.0189748
-0.0410888
-6.07945e-8
-4.55053e-8
0.00239263
-0.00834789
2.32178e-7
-3.38221e-8
-0.00480089
0.00739806
-6.72613e-7
5.07384e-7
0.00177408
-0.00628223
-1.14547e-6
2.87365e-6
2.81377e-6
-6.93895e-6
-7.96756e-6
-4.16752e-6
0.000144315
-0.000367846
-0.000151356
-9.52288e-5
-0.000180336
0.000174243
1.1303e-5
4.77384e-5
-5.31084e-5
-0.000177175
0.000221597
-1.71071e-6
1.71893e-5
-1.2256e-6
2.88226e-5
0.000659894
-0.00083636
-0.00218967
0.00280773
1.21663e-7
1.8711e-7
-5.45816e-7
9.19483e-7
0.00647319
-0.00838648
-0.0170982
0.0222381
3.33844e-7
-8.37515e-8
5.88633e-8
-1.55749e-7
0.0394867
-0.0520405
-0.0821782
0.106881
3.62874e-6
-1.04981e-6
2.10543e-6
-6.70979e-7
0.153424
-0.187227
-0.213052
0.274617
0.257738
-0.342789
0.000514766
-4.72583e-5
-0.00013732
1.38554e-5
-3.36493e-6
-2.4239e-6
-0.289184
0.354547
0.266662
-0.301531
-0.213653
0.249395
-0.199826
0.127516
-0.142906
0.151128
-0.0569916
0.0702664
-0.103902
0.0184074
-0.0179618
0.0359336
-0.0105281
0.0131528
-0.000238847
-0.00263102
1.50392e-9
-1.96576e-9
1.0672e-9
-7.96413e-11
5.80067e-10
3.39931e-10
-2.17831e-10
7.95345e-10
-2.12712e-10
-1.00316e-8
-8.04236e-9
4.71913e-9
-4.59327e-9
-2.9185e-9
1.534e-8
-1.35014e-9
5.7385e-10
-2.97414e-9
3.27475e-10
3.38206e-13
-2.34615e-9
5.72897e-9
3.16761e-9
2.11088e-8
2.17374e-8
2.31993e-8
-2.04169e-8
2.82651e-8
-3.91407e-8
-1.42338e-8
-2.20375e-8
-1.16241e-9
-9.48987e-9
3.40513e-8
2.33856e-8
2.2383e-8
-1.14513e-7
-1.14084e-7
3.15764e-7
-4.4669e-7
-1.69149e-6
-4.41997e-6
2.59361e-8
2.19038e-8
-1.21402e-7
-1.13641e-7
6.7807e-6
-5.62164e-6
-2.41851e-5
-6.87867e-5
-8.6993e-9
-7.3561e-9
-1.33584e-7
-2.58474e-8
7.41274e-5
-5.45896e-5
-0.000177589
-0.000578875
2.23277e-8
-2.12472e-8
4.57798e-9
0.000568024
-0.000281404
0.00120485
-0.000990778
-2.94912e-9
1.47004e-9
1.38855e-8
0.00147444
0.00467384
8.45698e-10
-1.18994e-8
1.34068e-10
-0.00287568
0.00149829
-0.00698112
0.00389003
3.8891e-9
1.09036e-8
-0.00352783
0.0058251
-3.60546e-8
-3.2487e-8
0.00300902
-0.00545988
1.31848e-7
4.98762e-8
-0.00190585
0.00371423
-3.26315e-7
9.4866e-8
0.000888693
-0.00157207
1.1784e-7
-4.93034e-7
-0.000999964
0.0024498
1.60065e-6
-1.95257e-6
-6.35759e-6
5.74929e-6
1.14228e-5
2.0657e-5
-1.3872e-5
5.58008e-5
8.66734e-5
4.6733e-5
0.000419209
-0.000117824
-5.07533e-5
-2.23701e-5
0.000119815
0.000274688
-0.00046413
2.4707e-6
-9.19758e-6
-5.75161e-6
-1.0194e-5
-0.000864405
0.00152101
0.00232392
-0.00439112
5.06559e-7
-2.76161e-7
-2.19275e-7
-1.65816e-6
-0.00603768
0.0115256
0.0135875
-0.0270283
-5.21922e-7
6.35235e-7
8.74607e-8
-2.77455e-6
-0.0308312
0.0501152
0.0522637
-0.117297
-1.30612e-5
3.84837e-6
1.69244e-6
5.06126e-7
-0.0767088
0.154668
0.0931513
-0.160978
-0.10404
0.201562
0.00017276
-0.000336344
-5.84301e-5
6.91171e-5
3.76491e-5
4.79545e-5
0.129781
-0.201933
-0.105152
0.160126
0.0640713
-0.0967594
-0.0297195
0.044097
0.0119638
-0.015318
-0.0050712
0.00701956
1.66655e-8
-3.3215e-9
1.88744e-9
1.05636e-8
-6.18433e-9
4.87344e-9
-7.98329e-8
1.03886e-7
2.50201e-8
-2.30046e-8
1.99605e-8
-2.32452e-8
-2.64139e-8
2.6331e-8
-4.55669e-9
6.34059e-8
2.66731e-8
4.36133e-7
4.72023e-7
-5.14226e-7
5.97049e-8
2.55171e-7
-1.04336e-6
8.00951e-8
-1.00909e-7
1.51271e-7
2.55281e-8
-9.90435e-8
4.72641e-8
-2.76697e-7
2.32408e-7
1.72073e-6
6.18966e-7
5.45826e-7
2.038e-6
-2.35238e-6
3.84908e-6
1.95422e-6
-1.13853e-6
-1.1489e-6
3.1573e-6
1.94948e-5
5.72422e-7
4.46933e-7
-3.38073e-6
3.90372e-6
-1.66834e-5
1.51625e-5
3.5039e-5
0.000164616
1.99224e-9
-2.49913e-6
2.21377e-6
-5.27483e-7
-0.000113767
7.32605e-5
-0.000168607
0.000214534
0.000563644
1.82102e-7
-9.62324e-8
-1.29753e-6
-0.000295583
-0.00107252
4.0975e-8
1.1451e-7
4.85541e-7
-1.07906e-7
0.000664011
-0.000369529
0.00104392
-0.000827607
-0.00218023
-2.25489e-8
9.68077e-8
1.01624e-7
0.000683818
-0.00108301
0.0020321
1.0671e-7
-2.8736e-7
-2.9733e-7
-0.000492678
0.000848935
-0.0016115
-4.31114e-7
7.86045e-7
1.12067e-6
0.000276985
-0.000485437
0.000980347
1.4487e-6
-2.01918e-6
-4.58448e-6
-0.000102798
0.000237418
-0.000545258
1.36605e-5
5.01628e-6
2.26027e-5
-0.000119295
-2.03706e-5
8.83704e-6
-1.80871e-5
-3.92972e-5
9.71947e-5
0.000117741
-0.000306827
-0.000182631
-3.80345e-6
4.28014e-6
-3.74883e-6
6.11458e-6
-1.38969e-5
3.12921e-6
0.000478095
0.000818862
-0.00100192
-0.00209573
0.00337118
1.0109e-5
-1.72584e-6
-5.62775e-7
-2.18398e-5
0.00429015
-0.00625985
-0.00859848
0.0159843
2.15016e-6
8.89841e-6
-1.31613e-6
-4.65196e-5
0.0133179
-0.0260858
0.0235124
-0.0181193
0.0302004
0.028702
-0.0545603
-0.000161859
2.95129e-5
1.68198e-5
5.72452e-5
-3.41067e-5
1.69665e-6
-1.30052e-5
-0.0336622
0.0584275
-0.0684247
0.0261258
-0.0417235
0.0609579
-0.0165306
0.0255172
-0.0389313
0.0118603
-0.0126465
0.0180621
-0.00347664
0.00390945
-0.00657004
0.000975722
-0.00069106
0.00192019
-3.01883e-7
-1.48721e-7
4.00067e-7
-7.07008e-7
2.66308e-7
2.16197e-7
-4.90565e-6
3.48427e-6
2.94316e-7
3.59581e-6
-4.14751e-6
-9.22907e-7
1.95706e-6
-7.09703e-7
1.43325e-6
1.43927e-6
-5.86656e-6
-1.14113e-5
-2.23764e-6
-1.37743e-5
1.68472e-5
6.09743e-6
9.59924e-6
-9.80728e-6
9.45816e-6
-3.45752e-6
-2.6107e-6
2.72338e-6
-3.90117e-6
-1.99339e-6
6.80703e-6
-3.49938e-5
-5.23585e-6
-1.01105e-5
-9.45151e-6
1.82661e-5
-2.70919e-5
3.05049e-5
-3.18891e-5
5.69899e-6
-1.5223e-5
4.23499e-6
-4.14385e-6
-1.03352e-5
3.75812e-5
-0.000125255
-1.73788e-5
-1.63213e-6
4.60572e-6
3.74339e-5
-3.57777e-5
8.28443e-6
4.68328e-6
-1.41153e-5
-6.87007e-5
0.000212167
-1.8792e-6
-6.46845e-6
3.80578e-5
-3.68537e-5
2.54718e-6
3.52101e-5
-5.32794e-6
6.41593e-5
-4.62933e-5
-0.000149682
0.000469615
1.55089e-5
5.411e-8
1.10575e-7
2.85193e-5
5.53833e-5
0.0001899
-0.00040815
6.7991e-7
-3.65761e-5
3.83389e-5
-1.22471e-6
-0.000107833
3.4375e-5
-0.000187183
0.00010293
0.00029088
-2.23719e-6
-2.26226e-5
7.66628e-6
-9.15494e-5
0.000176621
-0.00021865
-1.1322e-6
-7.70009e-6
-1.21049e-5
6.92109e-5
1.14864e-5
8.66115e-5
-1.56068e-5
-4.75293e-6
-0.000135838
0.00012631
4.61087e-5
5.19495e-5
-2.8741e-6
-3.29843e-5
-4.47036e-5
3.4426e-5
5.47202e-5
-2.45985e-5
-0.000145491
-0.000106397
-8.11068e-5
3.71629e-5
0.000128632
-0.000393593
0.000233567
-0.000629792
0.000547465
-0.000774923
-0.000107958
-5.29747e-5
0.000177046
-0.000152457
0.000160986
4.95866e-5
0.000798567
-0.00122554
0.00136231
-0.00343317
0.00172116
-0.00331279
-0.000176822
-0.000102522
0.000239936
-0.000103806
0.000306721
5.1322e-5
0.00547503
-0.00268711
0.00428923
-0.00454433
0.00326112
-0.00451246
0.0104589
-0.00442194
0.00817148
0.000663656
4.27562e-5
-0.000388982
0.000465009
-0.000953793
0.000607859
-0.000164613
0.000251838
-0.000126242
-0.0124671
0.00636528
-0.00761387
0.011651
-0.0049258
0.00675382
-0.0107307
-1.38247e-5
1.39331e-5
2.82402e-5
-2.77074e-5
3.89503e-5
-4.17784e-5
4.35959e-5
-2.18772e-5
2.91983e-5
-4.5445e-5
6.82775e-5
-9.22142e-5
0.000105005
-0.000102295
6.65765e-5
-2.13187e-5
4.19186e-5
-5.94546e-5
0.000101011
-0.00015222
0.000194097
-0.000207163
0.00018075
-0.000126883
5.79765e-5
2.40465e-6
-5.9826e-5
0.00012164
-0.000207647
0.000294706
-0.000345831
0.000335373
-0.000269424
0.00017484
-8.59421e-5
4.93033e-6
-5.40691e-5
0.000124517
-0.000233992
0.000377767
-0.000494151
0.000526294
-0.000461894
0.000340055
-0.000211964
0.000112334
-2.54441e-5
-4.37433e-5
-0.000186857
0.000394192
-0.000609413
0.000726893
-0.000701891
0.00055576
-0.000378858
0.000225587
-0.00013692
4.74588e-5
0.000321369
-0.000627684
0.00087495
-0.000967715
0.000859088
-0.000613108
0.000399754
-0.000226156
0.000223709
-0.000219015
0.000730339
-0.00117548
0.00121495
-0.00106419
0.000667799
-0.000472035
0.000187765
-0.000194673
0.00140046
-0.00165562
0.00155276
-0.000765981
0.000818092
-0.000293034
-0.00234573
0.00117041
