-6.63912e-13
6.64701e-12
-1.05568e-11
-1.40108e-12
-8.78825e-12
1.2495e-11
-2.1917e-11
1.85523e-11
6.33277e-12
-1.38948e-11
2.94912e-12
2.47361e-11
7.66455e-12
-4.44123e-12
-2.09859e-11
-6.96465e-12
8.37255e-12
1.09961e-13
-4.04081e-13
6.86763e-14
1.60833e-13
6.92243e-13
7.3267e-14
3.68912e-13
-1.03978e-13
-5.79366e-13
6.73996e-13
-1.67349e-12
3.80867e-12
1.89583e-12
-2.46893e-12
5.40307e-12
-1.67951e-12
-1.01446e-11
-2.19161e-12
1.61144e-12
6.15869e-12
1.22376e-12
-1.46175e-12
4.14469e-14
-1.32594e-13
3.37721e-14
8.15002e-14
-9.57085e-14
-8.94439e-14
2.97069e-13
-4.93087e-13
9.43355e-13
-1.16538e-12
1.20659e-12
-7.55723e-13
-7.87658e-13
-3.66442e-13
5.08006e-13
1.066e-12
1.39202e-13
-1.74093e-13
1.16334e-14
-4.56143e-14
1.09009e-14
-1.24565e-14
6.16342e-14
-5.43111e-14
-7.2006e-14
9.33234e-14
-2.1439e-13
3.86293e-13
-6.32874e-13
7.87614e-13
-7.68557e-13
5.7732e-13
-2.17915e-13
-2.93416e-13
1.5803e-14
1.68625e-13
1.61277e-13
-6.64651e-14
8.17794e-15
-2.41583e-14
-1.86072e-14
4.67297e-14
-8.95687e-14
1.79803e-13
-3.05939e-13
4.44349e-13
-5.13648e-13
4.70964e-13
-3.27413e-13
1.68791e-13
-7.25212e-14
2.83383e-14
-5.98313e-15
1.07901e-14
-8.06147e-16
5.81599e-15
-1.41181e-14
8.47246e-15
1.69895e-14
-4.19293e-14
8.15973e-14
-1.47684e-13
2.28217e-13
-2.9548e-13
3.10673e-13
-2.62107e-13
1.76251e-13
-9.6753e-14
2.19528e-14
3.8018e-14
-1.27583e-14
-2.43585e-14
-1.05028e-14
7.41273e-15
6.38844e-16
5.37533e-15
-5.59832e-15
8.64884e-15
-1.46771e-14
3.3497e-14
-6.56136e-14
1.09591e-13
-1.52257e-13
1.76536e-13
-1.68086e-13
1.30653e-13
-8.26245e-14
4.22706e-14
-1.77084e-14
1.34804e-14
-5.59467e-15
-4.70799e-16
3.41509e-15
9.92585e-15
-2.33661e-14
4.68455e-14
-7.00443e-14
8.81042e-14
-9.18772e-14
7.98768e-14
-5.79565e-14
3.6691e-14
-2.77752e-14
2.13425e-14
-2.09141e-15
2.35393e-16
1.15788e-15
-4.46528e-15
1.67183e-15
2.90333e-15
-5.11322e-15
1.12827e-14
-2.4513e-14
3.8031e-14
-4.26279e-14
4.10591e-14
-3.29704e-14
2.27943e-14
-1.25338e-14
1.05527e-14
-1.30405e-14
4.918e-15
-1.56186e-15
7.7053e-16
-1.01021e-15
-3.61778e-15
8.781e-15
-1.52519e-14
1.67488e-14
-1.60383e-14
1.23417e-14
-1.18531e-14
8.03742e-15
-9.22354e-15
1.59342e-15
1.05444e-15
-6.6916e-16
5.73664e-16
-4.42406e-17
2.11674e-16
-3.04985e-15
5.15364e-15
-4.91353e-15
4.86752e-15
-4.05574e-15
8.27786e-15
-5.57464e-15
-7.31625e-17
2.15554e-15
-9.55558e-16
2.96286e-16
-3.36521e-16
-1.94193e-17
1.1472e-15
-1.91865e-15
1.64924e-15
-2.69758e-15
1.84505e-15
2.86773e-16
-1.18784e-15
2.19784e-15
-9.883e-16
-5.37326e-17
-2.95373e-16
6.13668e-17
8.86512e-16
-6.50484e-16
6.66195e-16
-7.79682e-16
4.32812e-16
7.83198e-17
-6.87047e-16
2.13723e-16
-4.12742e-18
4.47379e-17
2.16558e-13
-1.47311e-12
1.22948e-12
5.7965e-14
6.47825e-12
-9.0795e-12
1.9399e-11
-5.6422e-12
-2.33134e-11
3.11513e-11
-1.03374e-12
-5.51344e-11
3.71874e-11
-6.60954e-11
1.16928e-10
-5.8925e-11
1.04454e-10
-1.72334e-10
7.37969e-11
-1.37632e-10
1.77438e-10
-6.09466e-11
1.21565e-10
-2.20088e-10
-6.14702e-11
3.60523e-11
1.56374e-10
4.83772e-11
-4.52686e-11
-5.09254e-16
9.79377e-15
6.43835e-15
-1.58772e-14
-1.36648e-14
-2.84047e-14
-5.23753e-14
4.52405e-14
3.03675e-14
-2.42213e-11
1.483e-11
-2.79197e-11
5.45322e-11
1.02256e-11
-7.09577e-12
-2.22289e-11
-5.18062e-12
9.20864e-12
-2.70761e-15
1.34243e-14
-2.59725e-15
-1.50836e-14
1.30635e-15
5.11731e-14
3.35681e-12
1.38041e-12
-1.39867e-12
-3.29532e-12
-5.75504e-13
1.13622e-12
-1.51527e-15
5.77436e-15
6.48112e-16
1.1431e-15
-9.94643e-15
1.99111e-16
2.39089e-14
6.60352e-13
2.88305e-14
-2.93565e-13
-3.38754e-13
1.0066e-13
-3.36861e-14
1.37992e-13
6.08615e-15
-1.34834e-14
4.88776e-14
-3.55337e-14
4.86739e-16
-1.21765e-15
-8.18595e-16
-4.04865e-16
8.33325e-16
1.7885e-16
2.8691e-17
-1.1597e-14
9.84852e-15
5.04457e-15
2.53307e-14
-2.50604e-15
-1.16244e-15
-6.73013e-15
1.23999e-15
-3.06598e-15
4.79961e-15
-2.33933e-15
9.09043e-16
7.22314e-16
-8.88188e-16
1.68246e-15
-3.85969e-15
1.69488e-16
-1.54408e-16
-3.01656e-16
6.6784e-16
-1.32957e-15
2.88092e-15
5.89186e-17
3.99788e-17
6.17343e-17
-4.11455e-16
6.69009e-16
-1.64081e-15
-3.19548e-16
5.29423e-17
-2.47195e-17
2.0401e-16
-1.39262e-16
1.83774e-16
-1.20173e-15
3.01907e-16
4.57197e-17
-2.98215e-17
1.53709e-18
-9.21393e-17
1.84241e-17
2.53084e-16
1.67856e-16
-5.68018e-17
-2.82862e-17
3.10211e-18
2.33891e-17
-5.3698e-18
-9.20461e-18
-1.19665e-17
1.5959e-17
4.31234e-18
1.95478e-17
-7.14482e-17
3.27323e-17
2.93643e-19
1.52965e-17
-5.4549e-18
-3.63369e-17
6.17877e-17
8.03385e-17
-5.08071e-17
7.55145e-18
-1.78147e-17
7.594e-18
-1.12788e-17
1.24015e-17
2.32698e-17
-1.55276e-17
-1.09783e-16
1.14535e-16
6.17995e-17
-1.80772e-16
1.67929e-16
-3.66251e-17
4.38749e-17
-1.85592e-17
1.92414e-17
1.42448e-17
9.33811e-18
9.45897e-18
8.68797e-18
5.99377e-17
-1.0365e-16
-2.96109e-17
3.02714e-17
-8.0283e-17
2.612e-18
-8.8812e-18
-1.83509e-17
-2.26197e-17
-5.45676e-18
5.01741e-18
-1.7189e-17
-3.96801e-18
1.85807e-17
-2.52948e-18
6.26744e-18
4.59423e-17
-5.14839e-18
-7.56238e-18
3.03372e-17
2.09202e-17
1.4621e-17
8.86532e-18
-5.54253e-18
-1.5615e-17
1.02731e-17
1.5291e-17
3.60742e-18
1.32062e-17
7.59091e-18
-1.09853e-17
6.47489e-18
1.09443e-17
7.29078e-19
-3.20906e-13
1.68891e-11
-2.7294e-11
-4.10759e-11
6.24602e-11
-9.01289e-11
4.55154e-11
1.07082e-10
-1.88252e-10
3.0256e-10
-2.19126e-10
3.76533e-10
-5.8117e-10
3.29235e-10
-5.49308e-10
8.12137e-10
-3.70208e-10
6.09353e-10
-8.5231e-10
2.76951e-10
-5.39751e-10
7.94501e-10
3.69995e-10
-6.04467e-10
-3.1574e-10
4.32028e-10
7.70704e-15
-1.66188e-13
5.08318e-14
1.35634e-14
8.04717e-13
4.89186e-13
-4.49065e-13
-9.73938e-11
2.19237e-10
-2.80823e-10
-8.60492e-11
1.37342e-10
4.30867e-11
-6.04348e-11
6.60744e-16
-6.27617e-15
-3.03434e-15
-2.10341e-14
-1.71013e-11
2.39706e-11
6.07386e-12
-8.31182e-12
-7.42986e-17
5.91694e-16
-2.81931e-16
-8.34243e-16
-1.97182e-12
2.57196e-12
5.81421e-13
-7.10998e-13
-5.71008e-17
1.68589e-16
-4.12543e-17
1.70063e-16
-5.27973e-18
-1.68065e-13
1.76176e-13
4.01934e-14
-3.53814e-14
-2.83201e-17
-4.30356e-17
1.74973e-17
4.29954e-17
3.16061e-17
1.619e-17
-5.02296e-14
5.4957e-15
4.05322e-15
-6.99746e-15
6.61795e-16
-2.96742e-15
-1.59657e-16
2.58997e-15
-6.61482e-17
1.10303e-16
1.16004e-17
9.38084e-17
-1.6253e-16
-2.88764e-17
2.0436e-16
1.82876e-15
-8.17978e-16
-2.42928e-16
-6.54264e-16
1.84264e-16
6.02469e-17
3.27096e-16
-1.19819e-16
2.2922e-16
-5.0202e-16
-1.19526e-16
1.83691e-17
-5.57262e-17
1.18948e-16
-2.07593e-16
4.36762e-16
7.67627e-17
-8.91191e-18
2.25398e-18
-9.49975e-17
1.75049e-16
-3.60148e-16
-2.52712e-17
-1.03803e-17
1.83466e-18
4.05427e-17
-1.06387e-16
2.12821e-16
1.09205e-18
9.6615e-18
-3.8883e-18
-6.47715e-18
2.10509e-17
-8.16708e-17
5.74476e-18
-3.44482e-18
4.69707e-18
1.82591e-17
5.75484e-17
-1.59581e-17
-2.07036e-19
-2.28107e-18
-4.91859e-17
2.79997e-17
6.65043e-17
-5.76352e-17
1.33238e-17
-1.91953e-17
5.87113e-18
5.09407e-18
-3.86261e-18
-3.64807e-17
-3.31381e-18
8.3803e-18
-2.46025e-18
-1.48089e-17
3.00528e-17
-2.90049e-17
-7.63625e-18
-1.05205e-17
-1.50054e-17
1.20678e-17
-2.26e-19
-2.34035e-17
1.4838e-18
-3.59885e-17
4.98664e-18
-1.20026e-17
-6.78631e-18
1.60813e-17
-1.65533e-17
4.23773e-18
6.2964e-18
2.94664e-17
-2.58711e-17
-6.16958e-18
-2.06653e-17
-2.63275e-17
-1.10239e-18
-1.82908e-17
-5.56822e-18
1.73878e-17
1.49774e-17
1.41221e-17
2.62374e-17
-2.53572e-17
6.89932e-18
7.02432e-18
-2.23816e-17
3.29335e-17
2.84035e-18
3.03888e-18
-3.32495e-18
7.71668e-18
-1.69664e-17
-1.24449e-18
-3.12884e-18
-1.02727e-17
5.13112e-18
8.44272e-18
4.13655e-18
-2.4519e-18
-2.14482e-17
2.27822e-17
8.66335e-18
-9.39135e-18
1.29763e-17
1.34266e-17
-2.67444e-18
-1.65039e-17
4.23803e-18
1.34438e-17
1.04311e-17
-2.12824e-17
3.23e-18
-1.1437e-17
-2.07618e-17
1.57159e-17
-3.04758e-12
8.34012e-13
1.47445e-11
-7.0014e-11
9.49849e-11
-4.94991e-11
1.26158e-10
-3.58689e-10
-4.93505e-10
9.1637e-10
8.11306e-10
-1.12895e-9
-1.08096e-9
1.13095e-9
1.00911e-9
-1.05648e-9
-9.96482e-10
1.02338e-9
8.11301e-10
-9.53691e-10
-5.26343e-10
5.3424e-10
3.20819e-10
-2.82202e-10
4.3652e-14
9.50254e-14
-2.79361e-13
6.46188e-13
-1.54512e-13
3.55879e-13
-1.69547e-10
1.72659e-10
7.43154e-11
-7.72662e-11
-2.76969e-11
2.28581e-11
-1.20243e-16
4.30567e-15
-3.11766e-15
-5.43819e-15
9.25315e-12
-7.15194e-12
-2.73757e-12
2.03249e-12
-7.72134e-17
1.74872e-16
2.30321e-16
-8.59265e-16
7.13845e-13
-5.1114e-13
-1.62592e-13
1.14729e-13
5.15286e-18
6.4686e-19
1.61538e-17
-3.16452e-17
3.10844e-14
-2.34606e-14
-4.77174e-15
5.462e-15
2.52302e-17
-3.16345e-17
-1.12e-17
-4.6503e-17
4.61357e-17
4.01333e-18
7.93631e-16
-1.34685e-15
8.71248e-16
-2.8848e-16
3.56954e-16
-2.6793e-16
1.22599e-17
-1.27547e-17
5.71305e-18
-1.28948e-16
8.31383e-17
2.32362e-17
8.68041e-17
1.18496e-16
-1.25026e-16
3.3468e-18
-6.43454e-17
4.95408e-17
-6.62407e-17
6.3462e-19
1.87099e-17
1.5241e-18
6.50312e-17
2.65719e-17
-7.17776e-18
-2.5629e-17
-4.43351e-17
8.68255e-18
-1.64313e-17
4.16687e-17
1.84705e-19
-1.26973e-17
-1.84264e-17
-7.45213e-17
3.50665e-17
1.3722e-17
3.04313e-17
6.91145e-17
-3.48344e-17
-1.29188e-18
1.99719e-18
-3.49027e-17
-2.04495e-17
-7.35361e-18
1.43559e-18
1.79665e-17
-5.94463e-17
1.09834e-17
-6.89645e-18
-3.25777e-17
1.73639e-17
2.60111e-17
-5.65375e-18
4.93809e-17
3.74588e-17
-7.30962e-17
2.48804e-17
1.18839e-17
1.6593e-17
9.67406e-18
-4.19721e-17
3.87727e-17
-8.9189e-18
2.93909e-18
-1.598e-17
1.42882e-17
-9.42917e-18
2.56283e-17
5.93224e-18
-1.73865e-17
1.14352e-17
-5.63875e-18
-1.15371e-17
-2.02467e-17
3.22776e-18
6.01521e-18
6.67969e-18
-6.9278e-18
1.00651e-17
-1.81916e-17
4.03092e-18
6.31315e-18
-1.28044e-17
-1.28008e-18
-1.3521e-17
-1.03377e-17
-3.25207e-18
4.43664e-18
-2.05881e-18
2.11175e-17
4.47419e-18
6.08047e-18
-1.72067e-17
1.74549e-17
-1.228e-17
-2.5402e-18
2.4879e-17
-2.39344e-17
-3.02738e-17
1.38809e-17
4.37963e-18
1.57482e-17
8.10938e-17
5.98546e-17
8.04531e-17
3.53352e-17
-2.6076e-17
7.33381e-17
4.00057e-17
-1.7548e-16
-3.42852e-17
-8.66248e-18
1.94039e-17
-4.17881e-17
-1.29014e-16
-1.93637e-16
-1.86786e-16
-4.18661e-16
1.32283e-16
-1.47991e-16
-1.76354e-11
9.40197e-10
-9.76572e-10
-1.50566e-9
1.24628e-9
-1.30253e-9
1.10854e-9
1.53311e-9
-1.51926e-9
1.41077e-9
-1.65496e-9
1.38877e-9
-1.35866e-9
8.73562e-10
-8.49739e-10
5.36411e-10
5.27483e-10
5.55999e-10
3.33457e-10
-4.82486e-10
-8.87924e-10
1.34821e-12
4.49561e-12
-1.08263e-11
4.31521e-11
-5.43622e-11
2.11075e-11
-2.68037e-11
1.93436e-10
6.92089e-10
-4.70093e-10
-2.9908e-10
1.63046e-10
1.28263e-10
8.06262e-11
6.29655e-11
-7.40633e-11
-1.00842e-10
7.27711e-15
-3.08665e-14
-6.12701e-14
-4.66668e-13
6.40539e-13
4.63884e-13
3.14434e-11
-2.26748e-11
-1.84408e-12
-8.4523e-12
-5.51667e-12
6.99124e-12
2.60554e-12
4.38724e-15
1.27078e-15
-3.39901e-15
5.19561e-14
-1.21492e-12
3.09745e-12
4.28164e-13
-9.17775e-13
6.5611e-17
1.45385e-16
-3.41035e-16
-8.73819e-16
-1.43821e-13
3.20278e-13
4.14409e-14
-7.46716e-14
-3.83079e-19
-9.08478e-18
1.21949e-17
-1.17587e-16
-1.08531e-14
2.29754e-14
2.09637e-15
-4.78103e-15
-1.08726e-17
-3.44744e-18
-1.73807e-17
2.84521e-17
-7.2844e-17
1.18502e-17
-7.76777e-17
-5.72072e-16
1.84258e-15
-2.96749e-16
-8.29787e-17
1.55083e-16
2.95788e-17
-2.45339e-17
7.93873e-18
-4.07557e-18
6.49263e-17
-6.28871e-17
-8.99415e-18
-1.93085e-17
-2.89271e-17
-8.97801e-17
5.26501e-17
2.04685e-18
1.04688e-17
-8.78255e-17
1.25794e-16
-3.39799e-18
8.57703e-18
2.94118e-18
1.74227e-17
6.2206e-17
-7.50031e-17
1.11177e-17
-5.33633e-17
9.40577e-17
5.31536e-17
-5.48733e-17
-1.06159e-17
7.48247e-18
6.85232e-18
-2.71843e-17
1.7194e-18
5.92215e-18
-1.36977e-17
-9.80099e-19
5.70784e-17
-6.87457e-17
5.24892e-17
4.67664e-18
-8.00766e-18
9.18253e-18
-1.39443e-16
1.00715e-16
-5.22706e-17
1.35316e-17
7.70944e-18
-5.07553e-18
3.91246e-16
-1.68302e-16
1.12152e-16
-3.20235e-17
1.46763e-17
8.08442e-18
-1.32107e-16
-8.37523e-17
-2.8355e-17
-1.42705e-17
6.3807e-17
8.18464e-18
-5.39344e-17
4.23914e-17
-2.07588e-18
-7.58806e-18
3.15224e-17
-2.73826e-17
-1.59224e-17
7.42614e-17
-4.73328e-17
2.4164e-17
-1.7437e-17
-3.63522e-17
-3.66223e-17
1.38886e-16
7.76413e-18
1.27759e-17
1.83166e-17
3.17689e-18
-1.61088e-17
-1.66043e-16
2.47132e-16
-2.72999e-16
3.49204e-16
3.26742e-17
-6.04654e-18
7.2461e-18
-5.08872e-17
-5.7583e-18
-1.23395e-17
-3.11276e-19
1.021e-17
1.07999e-17
-2.32887e-17
1.96519e-17
1.3726e-16
-1.28592e-16
-1.86814e-16
6.43681e-17
-1.26831e-17
-1.14346e-18
-2.53238e-17
-2.54693e-19
1.59597e-17
2.03157e-17
2.72311e-17
-2.03529e-17
1.52898e-17
3.1018e-17
-1.15312e-17
-1.32627e-17
2.23775e-17
-4.78801e-19
2.55078e-17
-5.40932e-17
8.52883e-18
2.27507e-17
3.96348e-18
-1.28673e-17
1.20419e-17
-6.67977e-17
2.45249e-18
-9.56372e-17
2.0191e-17
-9.13566e-18
2.00745e-18
2.13732e-17
5.61826e-18
2.64129e-17
-8.1032e-17
1.04086e-16
5.27819e-16
5.74138e-16
4.62152e-16
1.42522e-15
5.3023e-16
-7.28781e-17
7.12156e-16
4.34011e-16
-3.08368e-17
2.00187e-16
2.41739e-16
-4.38434e-18
-2.78585e-17
-1.25378e-16
2.67617e-17
2.44484e-16
-1.01749e-15
-1.88541e-15
-1.45078e-15
-2.80123e-15
-5.629e-15
4.06217e-16
-1.82169e-15
-1.72645e-15
-8.52418e-16
-4.65473e-16
1.47775e-15
5.08274e-15
4.68336e-15
4.99164e-15
1.05121e-14
1.66713e-14
3.96073e-15
-3.30254e-10
-1.17915e-9
1.37872e-9
-1.46328e-9
1.49934e-9
-1.28875e-9
1.28842e-9
1.02329e-9
-9.0417e-10
-5.08661e-10
4.3689e-10
2.09468e-10
2.07174e-10
-1.37953e-10
1.67599e-12
-6.77084e-11
1.44915e-10
-1.80003e-10
1.24634e-10
-1.20307e-10
5.20377e-10
2.90768e-10
-1.30037e-10
-9.6268e-11
2.0407e-11
2.87056e-11
2.13485e-11
-1.96525e-11
-5.57079e-13
2.26158e-12
-4.3562e-12
1.71746e-11
-3.22623e-12
1.65382e-11
-2.83243e-12
-4.84529e-12
-4.19372e-12
3.71369e-12
8.68084e-15
-2.60224e-14
-6.29621e-15
1.37797e-13
-7.25599e-14
-7.61201e-14
-1.87402e-12
1.21206e-12
1.70495e-13
5.40001e-13
3.31056e-13
-4.85533e-13
-1.64156e-13
2.74885e-16
-7.44325e-17
1.20623e-15
-1.23691e-14
-9.2446e-15
5.51731e-14
-2.00385e-14
-5.34572e-14
-7.17282e-15
4.40245e-18
-4.12317e-17
3.7277e-16
-1.51142e-17
-2.39042e-15
-2.62789e-15
3.25957e-15
-6.47746e-15
-2.93816e-15
-7.81502e-16
3.56605e-17
-1.55698e-17
-4.75914e-18
4.18945e-18
3.14931e-17
1.65296e-16
5.40755e-17
4.21655e-16
-1.19936e-16
-2.63221e-17
-3.88353e-17
-1.25399e-17
1.82833e-17
1.2337e-16
-7.12998e-17
-3.05708e-17
1.44905e-17
-2.24913e-17
1.30951e-18
7.4423e-18
6.14032e-18
8.76274e-18
-7.92476e-17
-1.59686e-18
-7.63426e-18
-2.13196e-17
-4.3853e-18
-7.43279e-17
3.14708e-17
9.72728e-17
2.80743e-17
-2.3666e-17
-4.60769e-19
2.02564e-17
1.95077e-18
1.74495e-17
1.95778e-16
-1.44265e-16
-9.42811e-18
-8.72084e-18
-3.27404e-16
3.02749e-16
-4.23801e-18
-7.73351e-18
6.02847e-16
-5.2912e-16
-1.6415e-17
2.26488e-17
-4.31509e-17
-3.07648e-17
2.80917e-17
-3.01347e-18
3.72178e-17
2.50229e-17
-3.06372e-18
2.96948e-17
-1.16647e-17
7.24575e-17
1.2645e-17
-5.45094e-17
-1.58199e-17
1.46063e-17
1.5882e-17
2.14232e-18
-7.89193e-18
6.71602e-18
2.58433e-18
-4.02081e-16
3.91855e-16
-4.08601e-16
3.8583e-16
8.01815e-17
-1.6641e-17
1.9783e-18
-6.94281e-19
-1.99164e-18
-3.00667e-17
2.0126e-16
-1.71225e-16
1.87259e-16
-1.48913e-16
3.46963e-17
1.90026e-18
-1.1666e-17
-4.47602e-18
-6.94116e-17
9.44486e-18
5.65211e-18
-1.21547e-17
-2.27748e-17
-6.52471e-17
1.13449e-16
-6.3244e-17
6.48578e-17
-7.04217e-17
-1.96837e-17
8.49452e-18
1.23826e-17
-2.86528e-17
6.07946e-16
-4.76031e-16
1.32244e-16
1.89929e-16
1.44333e-17
-1.46003e-17
-1.42966e-18
1.8358e-17
3.77597e-17
-1.18983e-15
-6.24742e-18
-1.03398e-15
-7.90097e-16
1.56115e-15
-6.82435e-17
-2.09244e-17
-9.32657e-17
3.20866e-16
4.01432e-16
-5.56191e-16
6.86534e-15
4.02478e-15
1.65378e-15
3.03788e-15
2.49799e-15
1.88005e-15
-7.13697e-16
-9.48529e-16
-9.17915e-16
1.97288e-15
-1.36144e-14
-1.74339e-14
-1.05037e-14
-2.15824e-14
-6.73284e-14
-2.04443e-14
-2.56352e-14
-8.92648e-15
-1.31195e-14
-1.2286e-14
3.26589e-14
4.36118e-14
4.80238e-14
1.89399e-14
1.04987e-13
2.32782e-13
1.33451e-13
-7.91151e-10
-1.01521e-9
9.49613e-10
1.2449e-9
-7.58085e-10
-1.14569e-9
7.34905e-10
1.10034e-9
-6.09024e-10
-7.15363e-10
2.07338e-10
3.21594e-12
-2.7123e-11
-2.81394e-10
3.99009e-10
-6.24319e-10
4.74253e-10
-3.95632e-10
7.96385e-10
6.3357e-11
-1.63779e-11
-1.22622e-11
-5.006e-12
1.25952e-12
2.92204e-12
-5.49852e-13
-1.39415e-12
1.93249e-11
-2.13914e-11
1.00122e-10
-2.24837e-11
3.2391e-12
2.44047e-12
-6.43893e-13
-1.37025e-12
5.74236e-13
1.27579e-13
-7.12106e-13
1.15701e-12
-3.1964e-12
8.90884e-13
-8.1562e-13
-2.25452e-13
2.42068e-13
3.00716e-13
-2.26931e-13
1.77039e-14
-6.74892e-14
1.1357e-13
1.61199e-13
1.09029e-13
-1.29792e-13
3.45835e-15
-1.47114e-14
3.5495e-14
1.85005e-14
-8.20137e-15
-1.52897e-14
4.78265e-16
-2.7428e-16
-3.46286e-15
-5.06299e-17
9.17694e-15
-3.79919e-16
1.03613e-15
-2.21339e-15
-8.34296e-16
-2.79166e-16
-3.48053e-17
-7.21772e-17
2.82587e-16
4.64145e-17
-6.79603e-16
-1.28764e-18
3.84533e-17
1.52011e-16
-4.11881e-17
8.61986e-18
-1.1367e-16
3.7453e-17
2.39322e-18
2.16787e-16
-1.33182e-16
-4.23278e-17
1.68188e-17
-2.00536e-17
8.2338e-18
-6.30537e-18
7.5428e-19
2.28277e-17
-1.30108e-16
1.20959e-17
4.58335e-17
-6.36187e-19
-6.3424e-17
2.59367e-17
-1.46714e-16
1.03787e-16
1.31636e-16
2.27847e-16
1.4157e-17
2.54976e-18
-1.41503e-18
-2.04522e-17
3.04686e-16
-2.04682e-16
-2.61688e-16
-1.91418e-17
8.58186e-18
-5.715e-16
2.77311e-16
4.47299e-16
2.31741e-17
-5.9344e-18
5.71896e-16
-1.5594e-16
-6.71763e-16
-8.5157e-17
3.85722e-17
-7.32243e-17
-7.30488e-17
5.29249e-17
1.1976e-17
9.94343e-18
2.40264e-17
1.29246e-17
-4.14441e-17
-1.2218e-17
-2.94245e-18
-5.89821e-17
2.28505e-17
6.68226e-19
-5.95407e-18
4.32451e-18
1.21866e-17
-4.19435e-18
-3.79565e-16
3.16011e-16
-3.3036e-16
2.10964e-16
-3.63304e-17
2.72549e-17
-1.26451e-18
1.51468e-18
9.12174e-18
2.00931e-17
1.60742e-16
-1.40058e-16
1.30985e-16
-1.2076e-16
1.12116e-17
-1.75151e-17
-1.85882e-17
1.49292e-17
-6.23857e-18
-2.49069e-16
3.72158e-16
-2.06836e-16
4.24774e-18
-1.28203e-17
-2.23455e-17
-1.34549e-15
6.00499e-16
4.58244e-16
2.73581e-17
-3.66124e-17
-4.4533e-17
1.59401e-17
6.20468e-15
-3.75181e-15
-7.2047e-16
3.69984e-15
5.39699e-17
1.21148e-16
5.69667e-17
3.14618e-16
7.011e-17
-1.17801e-14
-3.3802e-15
-1.5266e-14
-7.43402e-15
1.26195e-14
-1.44216e-15
1.72731e-16
1.97299e-16
4.15701e-15
2.89828e-15
5.55594e-16
5.60706e-14
1.08581e-14
5.38425e-14
3.65723e-14
2.5097e-14
3.27636e-14
-6.13827e-15
-2.05179e-14
8.68271e-15
-3.62864e-14
-1.35192e-13
1.9354e-13
-1.52794e-13
-1.18029e-13
-4.43273e-14
-4.17911e-13
-6.75771e-13
-1.8401e-13
-1.2683e-13
8.79669e-14
-2.55628e-13
5.81219e-13
3.18434e-13
4.03015e-13
1.02125e-12
-2.45663e-10
-4.59355e-10
2.65752e-10
6.54678e-10
-5.48436e-10
3.86236e-10
-7.94548e-10
6.75816e-10
-7.25701e-10
7.27875e-10
-5.13057e-10
3.03924e-10
-6.60563e-11
-4.68911e-11
3.6223e-11
2.29131e-11
-7.46083e-12
-6.24757e-13
-7.31918e-13
-3.68388e-13
5.55951e-12
2.78406e-11
-3.37344e-11
1.0865e-10
-5.70537e-11
-1.74544e-13
2.49853e-13
2.22404e-13
-4.07193e-15
-6.75883e-14
-1.94788e-13
-1.31194e-12
8.96966e-13
-7.59334e-12
1.88052e-12
-1.8968e-14
-1.64433e-13
-4.41345e-14
3.47041e-14
-8.41371e-15
-3.31112e-14
-5.3121e-14
3.25486e-13
5.87968e-14
7.68697e-14
-5.68193e-14
-8.65671e-15
-1.8345e-14
7.72409e-14
4.41492e-14
3.05128e-14
-3.48473e-14
-2.19643e-15
-4.95034e-15
2.01761e-14
5.11721e-15
-2.22243e-15
-3.7266e-15
-5.30989e-16
2.15609e-15
-1.37139e-15
5.50754e-16
5.43766e-15
-1.08476e-16
2.68467e-16
-3.21598e-16
-1.46673e-16
-1.06682e-16
-7.0815e-17
-1.27999e-16
1.24903e-16
5.45616e-17
-3.90601e-16
-2.98698e-17
5.84754e-17
5.62571e-17
-3.79633e-17
-2.32053e-17
-2.89216e-16
1.49073e-16
-8.25339e-17
1.94416e-16
3.76712e-16
-2.77117e-16
4.88999e-17
8.84585e-18
5.40979e-18
1.19247e-17
-4.38035e-17
8.90423e-18
-2.05857e-16
8.02125e-18
-6.92124e-18
-1.31468e-17
5.76426e-18
4.13731e-19
2.81951e-19
-2.67732e-17
6.36041e-17
2.28387e-17
-4.50614e-18
-5.96899e-17
2.08777e-17
-2.24237e-18
9.74458e-18
-9.04011e-18
2.19896e-18
-2.56571e-17
8.75148e-18
3.3019e-18
3.48366e-17
1.88037e-17
-4.02361e-18
1.86891e-17
-1.57263e-17
9.0141e-18
-2.40562e-16
1.43755e-16
-3.43764e-17
-1.90746e-18
8.7916e-18
7.46535e-18
-4.70343e-18
-1.88501e-17
3.00827e-16
-4.99237e-16
8.75868e-17
3.7439e-16
-2.76004e-16
-8.10207e-18
6.27183e-18
7.3236e-18
1.91235e-17
-1.21929e-15
1.12182e-15
1.98731e-15
-1.23628e-17
-7.57339e-18
1.65621e-17
-4.30298e-15
2.98364e-15
3.4767e-15
4.55672e-17
-5.86735e-17
-4.7912e-17
-6.54551e-15
-2.27939e-15
1.13025e-14
6.50514e-17
4.28954e-17
-3.89575e-16
-5.69481e-16
7.9669e-14
-3.98184e-14
-6.19188e-15
1.85106e-14
1.40271e-16
2.14907e-15
2.84111e-15
3.75082e-15
-3.40218e-15
-9.02927e-14
-7.01651e-14
-1.68725e-13
-1.93527e-13
1.25703e-13
-3.8615e-15
-1.69747e-14
3.22498e-14
1.36774e-15
-9.79507e-14
9.18336e-14
-8.53473e-14
1.69828e-12
2.90112e-13
4.08477e-13
7.70683e-13
6.37045e-13
-2.32539e-13
4.01119e-13
4.82469e-13
-3.74882e-13
1.52159e-13
-3.55372e-14
-1.5569e-12
-1.41298e-12
-5.11598e-13
-2.02242e-12
-5.01413e-12
-2.94509e-12
-2.33137e-12
3.93396e-10
-2.89115e-10
-5.10006e-10
3.34825e-10
-2.33089e-10
5.53371e-10
-3.76812e-10
-5.18523e-10
3.35939e-10
3.58406e-10
-2.25119e-10
-1.78944e-10
1.084e-10
4.76648e-11
-3.33395e-11
-2.36784e-11
1.39771e-11
-2.30764e-13
1.26727e-12
-1.89648e-13
3.80802e-16
2.37992e-11
6.40154e-11
-2.5474e-11
-1.37825e-10
1.25591e-10
-5.68738e-11
-2.38711e-10
4.1252e-13
-1.09099e-13
-1.24759e-13
9.3753e-15
9.19644e-15
-6.67499e-13
-7.09622e-14
6.47232e-14
-6.87012e-13
-6.14713e-12
1.6186e-12
2.64182e-14
-7.95322e-15
-3.70879e-15
-9.72649e-14
-9.6144e-15
1.90263e-13
-1.10473e-14
2.1175e-15
-1.51204e-15
-2.67956e-14
8.85755e-15
2.19467e-14
1.36399e-14
1.86333e-14
-1.24624e-14
-7.14843e-15
2.72064e-15
6.07631e-15
1.16111e-14
8.46123e-15
-7.85321e-15
-1.92191e-15
7.07665e-16
1.60097e-15
6.25557e-16
-5.02204e-16
-3.82677e-16
-3.05872e-16
1.28182e-15
1.34247e-16
5.57802e-17
2.62855e-16
3.74245e-16
1.19702e-17
-1.4092e-16
-1.22595e-17
5.383e-17
6.05489e-17
-3.1814e-17
-4.46654e-17
2.66484e-17
-1.26117e-16
-3.4373e-17
4.18087e-18
1.09428e-17
2.19464e-17
-3.91927e-17
1.3784e-18
-3.385e-18
1.34238e-16
-2.95826e-16
2.90858e-16
-2.04862e-16
4.17812e-17
1.19781e-16
-2.56114e-16
4.04191e-18
-9.60936e-18
1.06488e-17
-5.68707e-18
-8.14068e-18
-1.83657e-16
6.05675e-17
5.15757e-18
2.63605e-18
2.2055e-16
-1.56296e-16
-1.2446e-17
1.19896e-18
-1.57962e-16
1.59812e-16
-1.54387e-18
4.81735e-18
1.26118e-16
-1.48558e-16
1.07528e-17
-1.58495e-18
-7.95417e-17
6.44247e-17
-1.32282e-18
5.96767e-18
6.78262e-17
-8.14939e-17
6.03246e-18
-1.57548e-18
1.02958e-17
3.02652e-17
8.73119e-18
-1.03882e-17
1.16498e-17
-3.15993e-17
-3.22488e-17
-3.65432e-17
-1.94221e-17
-6.19303e-17
-1.05048e-16
-5.19558e-17
-7.64794e-18
-8.38235e-18
2.14438e-16
-2.41256e-17
-3.33825e-19
-9.70881e-16
7.11147e-16
8.82368e-18
5.98826e-18
1.24539e-17
-3.75839e-18
-1.53438e-15
9.84605e-16
-1.3869e-17
-1.25431e-17
5.85083e-15
-4.46545e-15
1.3743e-17
-3.14117e-18
-1.70615e-17
-1.14601e-14
-3.54286e-17
2.39968e-17
1.15305e-17
-1.98966e-14
-5.00144e-16
3.69449e-14
6.52707e-17
-1.64639e-17
-2.25071e-17
-1.07876e-14
4.83034e-15
7.35133e-14
-9.661e-17
2.232e-17
-3.2191e-17
-3.58567e-14
-2.45213e-14
1.75081e-14
5.14664e-16
-4.55605e-16
-3.90275e-15
3.80181e-16
-1.49594e-14
7.60317e-13
-3.07032e-13
-1.52382e-13
6.97867e-14
5.70509e-15
2.9238e-14
6.95652e-14
-7.40772e-14
-2.73952e-13
1.33949e-13
-1.85345e-12
-2.83205e-12
-2.4938e-12
8.85551e-13
9.83999e-13
-2.03788e-13
-1.84807e-13
1.07852e-12
-2.19041e-12
-1.36226e-12
3.50074e-12
6.02386e-12
1.60104e-12
2.85781e-12
1.31697e-11
1.29132e-11
7.28055e-13
4.59817e-12
6.98739e-12
1.26424e-11
5.50364e-12
-1.0573e-11
4.76202e-12
-4.49883e-12
-2.05386e-11
-1.30071e-11
2.02346e-12
-3.15804e-11
-7.03746e-11
-2.15035e-11
-1.6786e-10
1.33656e-10
2.23174e-10
-1.05226e-10
-1.95983e-10
1.00783e-10
1.27823e-10
-6.70743e-11
-6.03664e-11
3.06651e-11
2.17728e-11
-1.02381e-11
-8.60738e-12
2.87339e-12
1.28387e-13
-4.33683e-13
-9.50635e-11
4.27763e-11
1.90482e-10
-1.41949e-10
5.68701e-11
2.01812e-10
1.2048e-14
6.61046e-14
7.37571e-15
3.475e-14
-3.49872e-15
-6.11422e-15
8.57537e-12
-2.56841e-12
2.2731e-11
-8.0435e-12
-1.43547e-15
-3.45716e-15
3.76125e-16
1.57884e-15
-6.87769e-14
-2.25081e-14
1.04433e-14
-3.58101e-13
5.73436e-14
1.11724e-15
-4.5807e-16
5.65667e-17
-8.44196e-15
5.69901e-15
1.68487e-14
-1.91735e-15
7.84945e-17
1.13196e-16
-2.40794e-15
1.92102e-15
-5.70309e-16
2.5967e-15
3.05773e-15
-2.43122e-15
-6.42302e-16
5.38287e-16
-8.92531e-17
1.67025e-15
1.94989e-15
-1.31618e-15
-6.18745e-17
9.64301e-17
-2.34327e-17
-4.05357e-17
1.82615e-16
-4.4853e-16
-8.36831e-17
1.08376e-16
2.65912e-17
5.44295e-17
-1.4919e-17
-3.06307e-17
-1.97552e-17
7.04673e-18
-1.43324e-17
-2.93549e-18
-1.33325e-16
1.23729e-16
-6.70768e-17
5.81057e-17
2.38833e-16
6.44306e-18
6.97888e-18
-1.27861e-17
9.42868e-18
-1.89199e-17
-1.15807e-17
-1.77659e-17
2.01841e-16
-1.89057e-16
-1.10594e-17
-1.98973e-16
-3.00394e-16
2.70552e-16
2.9488e-16
8.76625e-17
-1.54308e-17
-4.94675e-18
7.16571e-18
-1.33072e-18
2.74344e-16
-2.16597e-16
-2.80086e-16
-1.47497e-17
-3.6184e-18
-1.93183e-16
1.10945e-16
1.99467e-16
-1.01808e-17
9.64346e-18
1.13649e-16
1.49045e-17
-1.28797e-16
3.59665e-17
-1.2435e-17
-8.13086e-17
1.49595e-17
6.19732e-17
-1.01784e-17
-1.00631e-17
6.5451e-17
2.99835e-17
-7.91177e-17
2.14563e-17
-1.07494e-17
-4.33494e-18
1.51058e-17
5.33077e-17
1.9018e-16
-9.14648e-17
8.85081e-17
-3.69158e-18
2.44353e-17
-4.22945e-16
-1.09344e-17
3.37963e-18
1.80283e-15
-8.13888e-16
1.02214e-17
-1.56345e-17
4.61679e-15
-3.35519e-15
-9.71883e-18
-1.63252e-18
-2.01505e-14
1.37137e-14
1.45654e-17
-8.24923e-18
-1.9135e-14
1.94122e-14
-3.01308e-17
-9.26404e-18
6.04295e-14
-7.84626e-14
-1.01433e-17
3.88141e-17
2.82675e-17
-1.48215e-13
-6.15119e-18
-1.33311e-16
-1.46732e-16
-9.16311e-14
-2.77903e-13
4.42866e-13
-7.59718e-17
7.38068e-16
4.68796e-16
5.29802e-14
-1.01696e-13
3.47806e-13
-1.21772e-15
-7.75647e-16
3.68505e-15
3.76965e-15
8.7192e-13
-3.21198e-13
3.95686e-13
-1.59274e-13
-1.70641e-14
-1.08815e-14
-8.968e-14
2.432e-14
-3.3132e-12
1.3487e-11
-3.27816e-12
7.86424e-13
9.3788e-14
9.53965e-13
-5.57503e-13
-6.47969e-12
2.1283e-12
-1.91077e-11
5.49971e-12
-9.88529e-11
-4.94828e-11
1.35272e-11
2.46694e-11
-9.65295e-12
2.29993e-11
-4.26897e-12
3.4885e-11
4.74771e-11
7.98379e-11
-1.81693e-11
4.40658e-11
1.62636e-10
1.34841e-11
1.99401e-10
-6.3022e-12
2.43475e-10
1.01809e-10
-5.22558e-11
-3.0808e-10
-8.3869e-11
1.54459e-10
-6.70392e-10
-8.23821e-10
6.19625e-11
-3.47736e-11
-9.7708e-11
2.83972e-11
-7.25526e-11
3.74046e-11
8.10718e-11
-6.0661e-11
3.76493e-11
-1.72646e-11
4.84269e-12
-6.28239e-13
2.1843e-15
6.70045e-14
-1.74473e-14
2.64461e-14
-2.14671e-14
6.25819e-15
-1.74283e-11
6.22578e-12
-2.88642e-11
1.16572e-11
6.56101e-16
1.09359e-15
-1.06034e-16
-1.85211e-16
6.70782e-13
-1.48241e-13
2.53079e-12
-7.09152e-13
-2.46973e-16
-3.23314e-16
5.32028e-17
1.18476e-16
-5.99777e-15
-4.13041e-15
1.58621e-15
1.26218e-15
-3.20654e-15
-1.71611e-15
1.98132e-17
-7.57299e-17
1.35433e-17
2.63047e-16
-1.68722e-16
1.49404e-15
-6.6297e-16
1.52714e-16
-1.15264e-15
6.20519e-16
-1.18519e-17
1.88085e-17
-7.43885e-17
2.01094e-17
-5.4727e-16
3.61093e-16
1.04233e-17
-3.1215e-18
-1.21554e-18
-2.61618e-17
3.15211e-16
-4.58954e-17
-6.91751e-17
5.66337e-17
-8.9375e-18
2.8133e-17
8.40085e-18
-1.79739e-17
4.7505e-18
6.19778e-18
-4.82913e-18
1.32093e-17
-1.40933e-17
-2.08351e-18
1.96335e-17
-1.46581e-17
2.16898e-17
-1.92027e-17
1.64569e-17
-1.03337e-18
3.09315e-17
-1.29498e-16
7.0138e-17
1.03803e-18
3.473e-17
-2.43584e-17
-5.55752e-17
-1.23538e-17
3.91087e-18
8.38976e-18
-4.94398e-18
1.83927e-18
-6.57995e-18
-1.33038e-17
3.51794e-17
-9.64934e-18
5.37865e-19
-7.39305e-18
-8.76567e-18
-1.47098e-17
-2.17674e-16
2.35908e-17
-9.13093e-17
-7.5589e-17
-3.84204e-17
6.53558e-16
-8.56006e-16
2.46721e-16
1.39943e-16
-4.23092e-18
2.44407e-17
-9.2617e-18
-6.70343e-15
2.23218e-15
-2.2667e-17
2.0254e-17
2.38204e-14
-7.41619e-15
1.7701e-17
-3.87584e-18
7.92067e-14
-5.1047e-14
-7.25141e-18
1.15318e-17
-2.81378e-13
1.7302e-13
-2.76017e-18
1.06337e-17
-1.48748e-13
2.89852e-13
-6.70552e-17
2.22587e-17
-1.13405e-16
2.12018e-13
-1.00305e-12
3.2376e-16
4.325e-16
3.79642e-16
-1.71878e-15
9.9643e-14
-2.18863e-12
-1.99493e-15
-1.21489e-15
-1.40412e-15
1.00607e-14
4.06297e-14
-1.96748e-12
1.502e-15
1.45683e-14
3.265e-15
-4.19467e-14
3.11533e-13
-1.10873e-12
1.61056e-13
3.63363e-14
-1.44435e-14
6.78855e-14
8.60549e-14
-3.11641e-12
1.34352e-11
-1.82837e-12
2.89179e-12
-4.39919e-13
-2.46108e-13
-2.48484e-12
5.489e-13
-6.18818e-11
2.94412e-10
-5.93422e-11
1.04039e-11
3.17749e-12
2.7994e-11
-1.4017e-11
-2.64587e-10
-1.34267e-10
5.18372e-10
3.37883e-10
-8.92494e-10
-1.21845e-9
2.69214e-10
4.78617e-10
-8.60563e-11
1.28863e-11
-8.18913e-11
8.96203e-10
7.93942e-10
-5.88205e-10
4.5838e-10
4.51231e-9
-1.81645e-9
1.53125e-9
3.61036e-11
-2.16737e-11
-4.33341e-11
1.23089e-11
3.41089e-11
-1.42304e-11
-2.11343e-11
1.23943e-11
1.29268e-11
-1.03146e-11
-3.52822e-12
5.4657e-13
8.02133e-13
-3.02418e-14
-1.24984e-13
1.71167e-14
1.44045e-11
-6.03392e-12
1.76222e-11
-6.53655e-12
-3.01349e-11
-4.09535e-15
1.91324e-15
-1.40844e-15
-3.84205e-16
3.72374e-16
-1.98968e-12
5.68831e-13
-4.21811e-12
1.39093e-12
-2.08046e-17
6.92321e-17
7.60657e-19
-1.3488e-17
2.55696e-14
-2.28276e-15
1.77061e-13
-3.91734e-14
-1.97024e-17
-2.93992e-17
7.84869e-18
5.68777e-18
6.10419e-16
-4.35583e-17
-5.22496e-18
-9.3322e-18
-5.36234e-16
1.11244e-16
-3.70187e-17
3.74243e-17
1.3421e-16
-9.72864e-17
-2.56718e-16
2.09799e-16
6.23891e-18
-8.93951e-17
-1.45929e-16
1.24006e-16
-7.82065e-19
4.66884e-18
-3.29435e-17
1.44045e-17
1.40162e-17
2.13411e-17
-1.20969e-17
5.99806e-18
-5.4277e-18
9.46148e-18
4.84546e-18
-5.56504e-18
-5.72996e-19
1.05378e-17
-2.56941e-18
-7.85916e-18
5.91486e-18
1.39815e-17
-2.29921e-18
-8.23948e-18
-2.19832e-17
-7.85661e-18
-3.53278e-17
5.05159e-17
3.65033e-17
-1.80268e-16
2.30242e-16
-1.104e-16
8.78485e-17
1.06069e-16
2.00072e-16
-2.65008e-16
6.70348e-17
-1.10282e-17
-4.24356e-18
-1.90197e-17
-4.14239e-18
8.59531e-17
-5.14566e-16
1.1043e-16
1.30198e-17
4.69757e-18
-2.59829e-16
8.112e-16
4.4309e-17
-5.12022e-18
1.15419e-18
6.98755e-16
-1.12504e-15
-1.99515e-16
1.84389e-17
-1.06045e-17
-2.24289e-16
4.48693e-17
6.4638e-17
1.87704e-17
6.42033e-18
4.59622e-16
-2.45111e-15
-2.01223e-16
-2.10041e-17
-1.41506e-16
3.58485e-16
-4.7721e-16
3.62728e-16
-5.68934e-16
-6.75582e-17
1.96369e-15
9.97889e-18
-5.1824e-17
-7.61068e-15
2.12148e-15
2.2889e-17
-8.05808e-17
-7.81564e-14
2.41693e-14
-1.98606e-17
1.84123e-16
2.33549e-13
-7.00923e-14
-2.19005e-17
-6.27413e-17
9.03839e-13
-5.30248e-13
-4.96085e-18
1.13484e-16
-2.6329e-12
1.45402e-12
-6.17934e-18
3.71999e-12
-1.61595e-17
2.97886e-12
7.51741e-12
-9.36785e-12
7.65984e-15
1.28546e-12
1.07061e-11
-1.02143e-11
-4.86596e-14
1.02388e-12
-2.77146e-12
-8.40191e-12
9.28948e-14
-3.37208e-14
-3.43349e-13
-8.13621e-13
4.3399e-12
-1.82466e-12
-1.94423e-11
-3.55624e-12
1.16545e-12
-2.15998e-13
2.02397e-12
2.24617e-12
-5.55665e-11
2.81558e-10
-3.05831e-11
2.43802e-12
-1.57232e-11
-6.84052e-12
-6.50943e-11
-1.83064e-12
-1.30696e-9
7.07095e-9
-1.30753e-9
1.98873e-10
1.64895e-10
6.12189e-10
-1.52408e-9
3.53078e-10
2.55341e-9
-1.25345e-9
-5.67155e-9
3.96674e-9
-3.94938e-9
-4.87959e-12
-2.58145e-9
-1.8995e-8
2.43247e-8
-2.02146e-8
5.17828e-9
-7.34616e-9
2.93443e-8
-1.85894e-8
9.15286e-9
7.01972e-9
6.90981e-8
-9.41278e-12
4.6296e-12
1.50832e-11
-3.89742e-12
6.13392e-12
-4.98652e-12
7.98426e-12
-4.48396e-12
-7.09057e-12
5.91676e-12
6.41352e-14
-2.09024e-13
7.11064e-15
-1.75722e-14
-5.53169e-15
9.65043e-15
5.1431e-16
1.42818e-15
2.18337e-12
-7.56138e-13
3.34206e-12
-8.74471e-13
-4.29853e-16
-3.19949e-18
-1.08813e-16
1.38221e-17
-1.47066e-13
3.49871e-14
-4.10347e-13
1.16693e-13
-7.93608e-18
7.4582e-18
-2.01765e-17
-4.67031e-18
-1.89814e-16
-4.71859e-16
4.07123e-16
-3.43477e-17
7.08028e-15
-1.40107e-15
-3.95829e-18
-2.52681e-18
2.06683e-17
-1.09952e-17
7.70826e-17
1.50678e-16
-5.81029e-17
-1.18059e-17
4.64561e-17
-6.31219e-17
-3.81874e-17
-4.76687e-17
3.21229e-17
1.25716e-17
9.55645e-17
-1.83251e-16
1.74812e-18
7.06288e-19
5.93094e-18
-2.12013e-18
7.12188e-17
-1.27864e-16
-6.27466e-18
-5.70304e-18
2.49935e-18
-1.97056e-17
-3.88053e-17
8.45103e-17
-2.28739e-17
1.78363e-17
1.91685e-17
1.92505e-17
-1.98194e-17
-7.40012e-18
-3.74125e-17
8.80867e-17
3.71158e-17
-8.70183e-17
-1.63978e-17
-6.58477e-18
6.45006e-18
-5.81329e-18
2.2315e-17
-5.84706e-17
-3.72178e-17
4.48672e-17
3.67094e-17
-5.20686e-17
-3.30247e-18
-2.47121e-17
-7.63886e-17
5.95156e-19
1.84748e-18
-1.27824e-17
1.47389e-17
-5.75624e-18
5.13316e-17
1.16796e-16
-3.32847e-17
-2.08823e-16
3.39823e-17
-1.75094e-17
3.92464e-17
-7.80319e-19
1.38752e-17
-3.33299e-15
5.409e-15
7.4387e-16
-4.76775e-16
-1.35398e-16
4.16052e-15
-1.02361e-14
1.53678e-15
-3.21916e-15
-2.44633e-15
6.49284e-15
6.37408e-16
-4.08108e-15
8.59552e-15
-2.83959e-16
1.1672e-15
-2.85333e-16
2.203e-14
-9.10144e-16
1.92942e-16
-3.03678e-16
-7.38549e-14
2.45571e-14
-7.08621e-16
-4.78657e-16
-6.32213e-13
1.89158e-13
1.60217e-16
5.77241e-16
1.48959e-12
-4.65202e-13
-9.28161e-16
-1.33926e-16
6.58188e-12
-3.53511e-12
4.73383e-17
-1.43833e-15
3.13533e-15
-1.43684e-11
7.67722e-12
1.78602e-16
-5.80213e-15
-5.33454e-16
5.10908e-15
-1.36522e-11
1.87226e-11
-1.81408e-15
-1.35651e-14
-3.52805e-14
4.91304e-14
-1.30673e-11
4.84212e-11
1.09873e-13
4.78207e-13
1.27186e-13
-1.39068e-12
1.58686e-11
8.40787e-11
-2.12056e-13
2.81741e-13
3.94914e-14
5.19936e-13
2.28743e-11
5.12695e-11
6.94721e-11
-3.5996e-12
1.38717e-12
-2.97013e-12
-1.0216e-11
-9.09096e-12
7.04453e-11
-1.95203e-11
-2.31698e-10
5.11573e-11
3.00381e-12
8.99427e-11
4.096e-11
-1.21372e-9
6.97486e-9
-5.21804e-10
3.27851e-11
-6.65045e-10
-2.2436e-10
-1.46318e-9
-5.13137e-10
8.99415e-9
-1.20198e-7
-3.22791e-8
1.30509e-7
-1.88888e-8
3.38503e-9
-8.772e-9
-4.6936e-8
1.71816e-8
1.20619e-7
-8.86297e-8
4.71288e-8
-1.83379e-8
2.7174e-7
-2.24228e-7
3.02808e-7
-2.15828e-7
-3.64921e-12
2.6383e-12
5.02649e-12
-1.72838e-12
-3.77417e-12
8.18292e-13
3.86887e-13
-3.83083e-14
-2.26211e-12
9.99608e-13
-7.54074e-13
9.89953e-13
-3.29084e-12
1.35933e-12
4.18256e-12
-4.61968e-14
-3.14545e-14
5.87691e-14
-8.12844e-15
9.2391e-15
1.67313e-15
-3.73606e-16
2.13574e-13
-7.97465e-14
3.60677e-13
9.3358e-15
-1.0384e-16
2.15965e-17
-8.64194e-17
2.9345e-17
-4.4985e-15
1.49039e-15
6.99045e-17
-3.8643e-14
7.19893e-16
-2.02236e-17
1.27421e-17
-1.05676e-17
2.51285e-17
-3.11418e-18
-1.05703e-16
-1.97881e-18
2.08487e-18
-4.86528e-18
7.15051e-18
-3.76474e-17
1.25e-18
7.94827e-17
1.64521e-16
-2.45565e-16
-3.40673e-18
2.57174e-16
3.81482e-16
-5.00071e-16
-1.73267e-17
-1.28995e-17
-1.68951e-16
1.18784e-17
-2.06775e-17
-2.94317e-18
-2.0443e-17
2.94262e-17
-9.95671e-17
1.68061e-16
1.0917e-16
-2.68678e-16
-4.43993e-20
-8.71251e-18
2.07633e-17
3.04659e-18
5.5053e-17
-1.37472e-16
-5.17683e-17
9.30008e-17
2.01752e-17
-1.85139e-17
-5.59721e-18
-4.09306e-18
-2.69016e-18
-5.49176e-18
3.85344e-17
4.83928e-18
-4.51324e-18
-1.27667e-17
5.66575e-17
-2.70411e-17
-4.41935e-17
-1.92603e-15
1.14448e-15
-6.20523e-16
3.33916e-15
3.55596e-15
-4.64258e-15
-1.30273e-15
6.82563e-16
5.57543e-17
-2.71069e-16
-2.499e-16
2.93157e-16
-2.90277e-15
6.22023e-15
1.47969e-15
2.8287e-16
-2.0143e-16
1.6188e-16
4.83321e-15
1.78155e-16
6.0189e-16
2.32576e-14
-2.2378e-14
-1.42835e-14
8.40754e-15
-3.48084e-15
-5.78556e-15
7.06402e-15
-2.16687e-14
2.87472e-14
1.01323e-15
5.08961e-16
1.36323e-15
2.33847e-13
-4.0068e-14
3.39154e-15
-1.11582e-14
-1.0737e-12
2.33915e-13
-1.19436e-14
5.25912e-15
-3.13127e-12
8.58203e-13
1.26179e-15
-2.4963e-14
-7.38024e-15
6.1922e-12
-3.11293e-12
-1.6243e-15
2.93894e-11
-1.47781e-11
-5.23202e-15
-4.66063e-11
-2.45078e-14
-7.57914e-11
-1.208e-10
1.05608e-10
-9.35586e-13
-1.73816e-10
-3.14548e-10
2.17731e-10
5.24318e-12
-1.17762e-11
7.91081e-13
-8.82185e-10
6.83611e-10
3.88592e-11
1.26424e-11
-1.28167e-10
3.39359e-10
-3.47316e-10
-1.00536e-9
2.63494e-10
3.6972e-10
-6.78171e-12
-2.05321e-10
-1.86196e-10
-1.63272e-10
1.45378e-9
1.9669e-10
3.50484e-9
1.11702e-9
8.64833e-10
2.07221e-9
-5.58431e-12
-3.87455e-8
1.63225e-7
7.69266e-9
-5.66277e-10
-1.39197e-8
2.10443e-8
-1.14372e-7
1.28835e-7
-1.04221e-7
1.73235e-7
-7.50175e-7
-5.20196e-7
-1.61866e-7
5.35681e-7
-4.92848e-7
1.82379e-7
-1.11063e-6
6.55134e-7
-1.7147e-7
8.31298e-7
-6.71232e-7
1.55021e-12
-1.09509e-12
-2.34215e-12
1.12661e-12
-1.2151e-12
1.04843e-12
-4.32732e-13
-4.30461e-13
3.71924e-13
2.52415e-13
-1.07895e-13
-6.70308e-14
-2.22257e-14
-4.8882e-13
2.17339e-13
-7.40514e-14
-1.24922e-13
1.42711e-13
-8.00114e-13
2.37157e-13
-1.49144e-14
3.47635e-14
-3.64734e-15
6.36418e-15
9.46509e-16
-6.94806e-16
-1.12837e-16
2.66442e-14
-2.18939e-14
5.52507e-15
3.53167e-14
3.9387e-17
-3.75163e-17
-1.36528e-17
6.2525e-19
-1.92972e-17
-1.85146e-15
1.68019e-17
9.36468e-17
-1.33056e-16
2.48509e-16
-1.16767e-16
4.60641e-16
-7.12581e-16
-1.28501e-17
2.62845e-17
-4.29735e-17
5.70819e-17
2.63937e-17
-6.89052e-17
6.93167e-17
-3.8994e-17
-2.27372e-16
2.76092e-16
9.5255e-18
-1.96934e-17
1.36549e-17
6.93724e-18
-4.65425e-16
5.52469e-16
-3.79356e-18
-1.69781e-17
-6.46492e-18
4.16273e-18
3.24756e-16
-3.89791e-16
-7.4222e-17
8.15973e-17
1.53601e-17
-2.36615e-17
-1.73596e-16
2.86516e-16
-5.98967e-18
-4.93307e-17
2.10007e-17
-1.34644e-18
-5.48629e-18
1.50384e-16
-2.08736e-16
9.28674e-17
-1.39172e-16
5.33255e-18
4.4343e-18
-2.26619e-17
1.33468e-17
5.17051e-18
-6.52593e-17
8.48307e-17
-5.35331e-17
-2.85791e-17
1.22206e-17
2.17007e-17
5.96831e-18
6.60138e-16
-3.56233e-16
1.37817e-16
-1.68589e-15
-1.76687e-15
4.75269e-15
3.43422e-18
-1.23521e-16
4.58164e-16
3.04675e-16
-8.94361e-16
-8.2829e-15
8.60471e-16
1.21975e-14
-7.81219e-16
-1.60594e-14
3.36997e-16
-2.31621e-14
2.72033e-14
-1.52791e-15
4.94499e-16
1.76936e-14
-3.45341e-14
-4.42404e-15
2.66022e-15
-1.42916e-15
-4.23856e-15
-1.79975e-14
-9.85015e-16
4.2716e-14
-1.4105e-14
-3.1377e-14
2.18809e-14
-5.99041e-15
-4.65061e-15
5.69938e-15
-9.88197e-14
9.88197e-14
-2.86485e-15
1.52612e-14
1.69974e-14
3.87693e-14
1.491e-14
1.99912e-12
-1.56035e-12
1.09543e-12
-3.83885e-13
3.28144e-14
-2.47525e-13
4.8413e-14
-9.23636e-12
3.53882e-12
7.098e-14
-5.56884e-14
-5.62186e-11
2.49232e-11
7.89695e-14
1.14508e-12
-6.77284e-13
8.60478e-11
-3.5728e-11
-3.40309e-14
2.48978e-13
1.10789e-13
-3.51084e-13
1.93679e-10
-1.53733e-10
5.57974e-13
1.32478e-12
3.81938e-12
-9.92086e-12
6.16135e-10
-3.18814e-10
-2.28132e-11
4.91925e-11
3.82353e-11
-1.0199e-10
4.98436e-10
4.52701e-9
-1.84053e-9
2.68267e-10
-1.0004e-10
2.54977e-10
-4.50987e-10
-7.12292e-9
-6.34942e-10
-5.30439e-10
1.41108e-9
-4.72373e-9
3.31319e-9
1.71333e-8
-3.49399e-9
9.55243e-10
-9.70879e-10
-5.74868e-9
6.3872e-9
-1.61218e-8
7.40869e-8
-2.34435e-8
1.15919e-8
-2.266e-8
2.99937e-8
4.65114e-9
6.36995e-8
3.675e-8
-3.06007e-7
1.22785e-6
7.62088e-7
2.25075e-6
1.02483e-6
-2.51269e-6
7.25245e-7
-1.08753e-6
2.15606e-7
-1.25017e-7
-2.41166e-6
2.57884e-6
-2.69946e-6
2.30155e-6
-2.58681e-6
3.04959e-6
5.42827e-13
-4.2961e-13
6.3693e-13
-9.1945e-13
8.4611e-13
-6.63873e-13
3.53654e-13
-2.09839e-13
6.72416e-14
9.04096e-14
-5.89877e-14
-2.7474e-14
-7.72658e-15
4.15628e-14
-7.48142e-14
-9.38038e-14
-3.34743e-14
-4.40674e-15
1.00598e-14
5.27817e-16
3.2577e-14
-2.7534e-14
1.46913e-14
1.17558e-16
-1.23517e-17
1.78516e-15
-1.97041e-15
8.83156e-16
-4.06379e-15
3.82775e-15
9.05804e-18
2.46382e-17
-8.14962e-17
2.74113e-17
4.67394e-17
-3.38087e-16
1.81742e-16
-3.42386e-17
-2.14349e-16
-4.54673e-17
4.73459e-17
1.36031e-16
-5.35359e-16
-3.23803e-17
2.99118e-17
4.00277e-16
-6.19132e-16
-3.32281e-17
1.43885e-17
4.49504e-16
-9.98477e-17
4.63515e-18
-9.01224e-18
-1.89317e-17
3.19475e-17
1.84446e-16
-2.16501e-16
-2.57978e-16
3.60671e-16
-6.48653e-18
2.97948e-18
2.64894e-16
1.18898e-16
-2.07877e-16
-4.85843e-18
6.3409e-18
1.16361e-18
-9.84223e-17
8.57401e-17
-8.35215e-18
7.07368e-18
2.75311e-16
1.34471e-18
-9.95234e-16
4.12941e-15
6.0112e-17
-1.62234e-16
6.01075e-16
-1.46169e-15
-9.74432e-15
2.27124e-15
1.67973e-14
-2.44468e-15
-2.47034e-14
2.19487e-15
3.11349e-14
-1.57329e-15
-3.58919e-14
7.56235e-16
3.76369e-14
-1.55495e-16
5.77196e-14
-7.13458e-14
3.3102e-15
-2.98518e-16
-1.46951e-14
-4.98091e-14
-5.85681e-15
5.48897e-14
-2.6386e-14
3.40367e-14
-5.96962e-15
6.52947e-15
-1.01162e-13
-1.898e-13
1.48985e-12
2.95259e-14
2.17953e-13
1.30816e-13
-4.06744e-13
1.19461e-11
-3.51442e-12
-1.3046e-13
-4.17173e-12
2.86138e-12
-1.19833e-11
2.51999e-12
-3.60541e-12
-2.3759e-13
-1.20099e-10
4.14761e-11
2.39627e-12
-3.84735e-12
-2.03726e-10
2.51186e-10
7.25834e-12
-4.58596e-12
3.99378e-11
5.88647e-10
-9.58548e-11
2.15338e-10
-4.66892e-9
1.14285e-9
-5.77527e-10
-6.43955e-10
1.28556e-9
2.86639e-9
5.29308e-9
-2.64123e-8
1.64936e-8
-2.42522e-9
1.58514e-9
-8.0447e-9
-4.314e-10
3.71376e-8
2.01398e-8
-6.52079e-9
2.2378e-8
7.19381e-9
-8.35617e-8
-1.66471e-7
4.08574e-7
-1.46028e-7
-4.56093e-7
1.64392e-6
8.17772e-7
-3.35124e-6
9.36229e-7
-1.01033e-6
3.34419e-7
-3.75783e-6
6.02164e-6
-6.99023e-6
7.14246e-6
-6.30841e-6
4.95408e-6
-3.47334e-6
3.51933e-6
1.98479e-13
-1.69189e-13
6.79232e-14
2.98225e-13
-5.44326e-13
6.74507e-13
-6.56462e-13
5.11163e-13
-3.13285e-13
1.73226e-13
-7.87194e-14
6.03108e-14
3.65469e-14
-5.15659e-14
-1.00305e-14
1.02441e-14
-6.49218e-15
3.75484e-14
-2.52161e-14
2.03863e-14
2.37413e-14
-2.67095e-14
-8.78219e-17
1.00154e-15
-8.26771e-16
-3.7745e-16
3.9792e-16
-2.05626e-16
-5.85964e-15
6.09156e-15
-3.6264e-15
-1.07043e-14
-8.01928e-17
1.48166e-16
2.94732e-17
-6.89166e-17
2.86909e-17
1.96406e-15
-9.64747e-16
-2.87978e-17
2.3512e-16
4.29973e-16
2.26336e-17
-1.62646e-16
3.60369e-16
8.59251e-16
-1.05286e-15
-6.56157e-19
6.44213e-16
1.06124e-15
-1.24734e-15
-6.64617e-18
-2.16819e-19
-5.47559e-16
1.12283e-16
1.42827e-17
8.39746e-18
1.96754e-16
-3.42127e-16
8.35123e-18
-3.01599e-17
-3.30897e-18
-2.32586e-17
-5.26493e-18
-2.67364e-16
3.3614e-16
-2.24762e-16
2.26221e-16
-2.949e-17
1.45515e-17
9.37662e-18
1.46293e-17
8.00942e-18
1.24091e-16
-1.61987e-16
1.45067e-16
2.03889e-18
-1.05114e-16
-2.86938e-17
1.30897e-16
-5.54219e-17
3.56057e-17
-4.25964e-16
2.07863e-15
-1.85487e-16
4.46548e-16
-1.4619e-15
-6.54241e-15
3.0243e-15
1.5275e-14
-4.56487e-15
-2.93493e-14
5.63835e-15
4.69418e-14
-5.70464e-15
-6.55762e-14
4.64641e-15
8.71572e-14
-3.0182e-15
-1.3033e-13
1.47564e-15
2.62268e-13
-2.17499e-16
1.84024e-13
-3.14475e-13
1.18646e-15
-1.34537e-15
-3.25953e-14
-3.87383e-14
-1.64581e-13
3.85157e-13
2.49049e-15
1.97882e-15
-1.43859e-16
6.22165e-13
-2.66008e-12
2.87355e-15
-2.0757e-14
-4.19711e-13
3.32006e-12
-6.01212e-12
-3.68096e-12
1.10649e-11
4.47468e-13
-4.82328e-13
-1.33741e-13
-1.36326e-14
4.10771e-12
-1.35224e-11
1.33538e-11
-9.40104e-12
3.87547e-12
1.27484e-13
2.15572e-11
1.40528e-10
-2.51995e-11
-5.20675e-12
-3.46686e-10
-1.7273e-11
-1.33033e-9
-1.75678e-9
1.20595e-9
1.40571e-10
-4.51835e-10
1.60195e-9
-7.15651e-9
4.36302e-9
1.18025e-9
-2.6168e-9
2.14098e-8
-1.13634e-8
5.40733e-9
2.69583e-9
-1.05953e-8
-5.14017e-8
8.38962e-8
9.28854e-8
-5.33081e-8
2.37594e-8
-4.89193e-8
-1.68332e-8
8.69503e-8
1.33947e-7
-2.70728e-7
-4.37824e-7
2.63143e-7
-1.89766e-7
-2.25717e-7
2.31863e-7
-6.43753e-7
-7.18195e-7
1.47229e-6
1.51367e-6
-5.03657e-6
-9.98067e-7
8.04505e-7
3.84555e-7
6.84477e-7
-3.6011e-6
7.36878e-6
-1.1381e-5
1.49287e-5
-1.65077e-5
1.56321e-5
-1.28818e-5
1.00285e-5
-1.00509e-5
8.69169e-6
-2.16092e-13
1.21554e-13
3.611e-13
-4.74576e-13
4.87517e-13
-4.06953e-13
2.77465e-13
-1.6253e-13
8.21622e-14
-4.22883e-14
1.68325e-14
5.81852e-16
-2.44216e-14
1.74383e-14
-1.23784e-14
-3.88836e-14
4.34236e-14
3.02118e-15
-4.68372e-15
-1.22548e-15
4.82039e-16
7.64414e-15
-4.71839e-15
2.91588e-15
-2.47332e-16
1.39941e-16
-1.31525e-16
-1.74117e-15
1.008e-15
2.25289e-16
-5.21562e-16
3.29519e-16
-2.43072e-16
2.79612e-16
-1.98351e-16
-4.6508e-16
-7.19971e-16
9.94887e-16
-9.25835e-16
1.02113e-15
2.32134e-16
-3.17014e-16
1.99885e-16
-1.23101e-16
-1.09927e-15
1.09558e-15
1.00774e-16
-1.91058e-16
1.19394e-16
-7.07344e-17
-4.17455e-17
7.77847e-16
-8.27633e-16
3.02893e-16
-8.70416e-17
1.37426e-17
-1.68168e-17
-1.38004e-16
2.89329e-16
7.25648e-18
-1.682e-17
1.56828e-17
-2.56789e-16
2.26098e-16
-1.93769e-16
-2.94864e-17
1.79252e-17
-2.50688e-17
1.81729e-16
-1.69508e-16
-2.05455e-18
2.09655e-17
-5.00772e-17
3.95348e-16
-2.14921e-15
-8.14832e-16
2.31224e-15
7.59585e-15
-4.76174e-15
-2.0182e-14
8.06937e-15
4.28978e-14
-1.11896e-14
-7.58893e-14
1.26942e-14
1.1584e-13
-1.15243e-14
-1.61099e-13
8.2008e-15
2.19094e-13
-4.5532e-15
-3.08803e-13
1.80655e-15
6.49303e-13
-6.45576e-16
3.27639e-13
-1.42327e-15
-8.17074e-12
1.00372e-11
-3.11967e-15
1.03166e-15
-4.38555e-16
-1.26112e-11
1.99933e-11
-3.47103e-11
1.03715e-12
-9.11069e-14
4.33139e-14
5.2029e-11
-6.4787e-11
7.39449e-11
1.15249e-11
-3.84503e-12
-9.83667e-11
-3.36208e-11
1.32633e-10
-5.83654e-10
4.94381e-10
5.36321e-11
-2.88783e-11
4.09882e-11
-1.52659e-10
-5.6002e-11
2.17215e-10
1.06334e-10
-3.32704e-10
2.34612e-9
-1.10841e-9
-3.79008e-10
6.00414e-10
2.3876e-10
-5.81039e-10
1.19704e-8
1.02243e-8
-5.12587e-9
9.59746e-10
-2.03699e-9
4.22085e-9
-5.34166e-8
3.01301e-8
-2.39678e-8
-8.9179e-9
1.87623e-8
-1.96977e-7
1.06622e-7
-4.00854e-8
8.47933e-8
-1.76336e-7
1.36707e-6
-6.38942e-7
3.52966e-7
4.02645e-7
-8.06782e-7
4.96823e-7
-2.23598e-6
-9.89132e-7
4.55614e-6
-3.03359e-6
5.26312e-6
-1.05437e-5
1.80926e-5
-2.60929e-5
3.18372e-5
-3.2608e-5
2.81297e-5
-2.06291e-5
1.28497e-5
-6.49862e-6
-6.15936e-14
7.07205e-14
-3.47098e-14
-7.33194e-14
1.47632e-13
-2.25797e-13
2.99629e-13
-3.2998e-13
2.99995e-13
-2.26628e-13
1.4514e-13
-8.02254e-14
4.10654e-14
-1.66851e-14
-1.02137e-14
1.3695e-14
5.77457e-15
-5.6673e-15
3.74734e-15
2.4097e-14
-1.29155e-14
8.4413e-15
-1.66059e-15
9.14116e-16
-4.66504e-16
-5.06513e-15
3.12644e-15
-1.96276e-15
2.64534e-16
-1.83972e-16
2.16588e-16
1.22254e-15
-6.9438e-16
-3.03111e-16
5.00208e-16
3.85891e-16
-2.89946e-16
1.47185e-16
-8.07458e-16
9.18743e-16
-8.98247e-16
-1.19559e-16
5.14509e-17
8.54507e-16
-7.81967e-16
-5.80641e-17
2.55476e-17
3.76991e-17
5.78768e-16
-2.58398e-16
3.61426e-17
-1.38436e-17
-1.10269e-17
8.63193e-17
-1.65355e-16
1.98568e-17
1.23009e-17
3.46303e-18
1.65427e-16
-1.44579e-16
1.61162e-16
-4.18914e-18
1.2966e-17
-1.08452e-18
-1.66355e-16
1.96768e-16
-2.4505e-17
-5.93824e-17
1.67051e-17
-3.38389e-17
2.50529e-16
-4.71579e-16
2.99887e-16
-5.70159e-16
1.16523e-15
2.17118e-15
-3.33648e-15
-7.6556e-15
6.74756e-15
2.22397e-14
-1.25918e-14
-5.23641e-14
1.95621e-14
1.02818e-13
-2.51237e-14
-1.7493e-13
2.53568e-14
2.72886e-13
-1.98303e-14
-4.31736e-13
1.18187e-14
7.8839e-13
-5.61476e-15
-1.39678e-12
2.16062e-15
-3.07294e-12
4.14812e-12
1.49721e-15
-1.31785e-15
4.7848e-12
-5.94897e-12
1.03717e-11
-1.78669e-11
-2.30103e-15
-1.02798e-15
-5.99701e-17
3.04704e-11
-5.03166e-11
8.87682e-11
-2.59019e-13
1.78215e-13
-2.73325e-14
-1.38985e-10
1.84903e-10
-2.07127e-10
-1.23438e-11
2.58629e-12
2.19445e-10
-2.5503e-10
-4.34114e-10
-1.39428e-10
4.39069e-11
2.61064e-10
-3.00694e-10
3.69679e-10
-3.28322e-9
1.33241e-9
-5.98626e-10
8.49653e-10
-1.5644e-8
7.28684e-9
-1.13846e-9
2.24298e-9
-4.97928e-9
1.0058e-7
-5.02853e-8
2.87349e-8
1.08321e-8
-2.34455e-8
3.2954e-7
-1.89462e-7
5.15791e-8
-1.15365e-7
2.28703e-7
-1.5541e-6
9.20778e-7
-5.51892e-7
-5.45672e-7
8.45736e-7
1.28184e-6
-2.10826e-6
-5.28808e-6
8.22718e-6
6.43917e-6
-4.47241e-6
2.39202e-6
2.63307e-6
-6.62219e-6
1.31573e-5
-2.4285e-5
3.86159e-5
-5.20008e-5
5.80042e-5
-5.32768e-5
4.05242e-5
-2.67169e-5
1.33731e-5
-1.29991e-5
3.68934e-14
-4.50532e-14
2.8702e-14
-7.41336e-14
1.19987e-13
-1.65961e-13
1.95437e-13
-1.94087e-13
1.61964e-13
-1.1443e-13
6.78637e-14
-3.43323e-14
1.4932e-14
-8.57413e-15
5.50448e-15
-2.83904e-15
-2.46375e-14
1.64153e-14
-7.39914e-15
1.37572e-15
-7.79834e-16
4.46684e-16
3.45127e-15
-1.92925e-15
1.14704e-15
-3.10725e-16
2.39351e-16
-2.71048e-16
-6.91063e-16
4.14872e-16
3.32387e-16
-3.78667e-16
-2.98911e-16
2.9237e-16
-1.24538e-16
6.65318e-16
-8.09399e-16
7.16831e-16
7.84301e-17
-7.60631e-17
-5.88284e-16
4.74046e-16
3.76009e-17
-2.23392e-17
-2.05096e-17
-4.35989e-16
2.08869e-16
-2.9539e-17
2.98193e-17
-3.05949e-17
-3.18142e-17
7.69981e-17
2.78606e-17
9.95453e-19
9.40027e-18
-4.67613e-17
7.28978e-17
-1.33839e-16
-1.25839e-17
2.20042e-17
-1.8142e-17
2.70869e-16
-2.32575e-16
-8.64628e-18
1.87715e-17
-3.00034e-16
4.47242e-16
4.52652e-16
-1.6708e-15
-1.82675e-15
4.474e-15
6.57455e-15
-8.5834e-15
-2.04912e-14
1.79941e-14
5.23923e-14
-3.09033e-14
-1.12568e-13
4.5129e-14
2.08767e-13
-5.06272e-14
-3.48264e-13
4.37132e-14
5.45216e-13
-2.74562e-14
-9.1693e-13
1.17481e-14
2.2013e-12
-4.9878e-15
-3.05975e-12
9.84956e-16
6.99787e-12
-1.28187e-11
3.23225e-11
1.00106e-14
-2.69681e-15
9.78833e-16
-5.63139e-11
8.86274e-11
-1.66996e-10
-5.73701e-13
-2.32146e-15
-2.59374e-14
2.69535e-10
-3.72305e-10
4.40563e-10
6.59607e-13
1.04315e-12
-3.68948e-10
4.42738e-10
5.51182e-10
1.05296e-10
-1.65223e-11
-3.45319e-10
3.67758e-10
-3.20175e-10
4.72987e-9
-1.8085e-9
5.20397e-10
-1.03239e-9
2.23931e-8
-1.00708e-8
1.04805e-9
-1.94906e-9
4.74087e-9
-1.51348e-7
6.80117e-8
-3.33042e-8
-1.11084e-8
2.63351e-8
-4.88249e-7
2.73581e-7
-6.17955e-8
1.66312e-7
-4.31573e-7
2.28657e-6
-1.3888e-6
8.33796e-7
6.87619e-7
-8.75548e-7
1.59674e-6
-8.14339e-6
4.57236e-6
-3.24397e-6
-2.85163e-6
7.25554e-6
-1.41974e-5
2.87088e-5
-4.98131e-5
7.41856e-5
-8.97847e-5
8.80182e-5
-6.72441e-5
4.03042e-5
-2.28568e-5
1.14886e-5
5.31146e-15
5.97082e-14
-5.15635e-14
-6.06195e-14
8.0053e-14
-9.93039e-14
1.06944e-13
-9.83991e-14
7.62854e-14
-5.025e-14
2.48007e-14
-1.04592e-14
-3.50149e-15
4.68876e-15
1.67401e-15
-2.08116e-15
-3.71665e-15
2.35382e-15
-8.66885e-16
6.23342e-16
-3.66533e-16
-1.38531e-15
9.95215e-16
-5.15758e-16
2.85767e-16
-2.73351e-16
2.73325e-16
3.30504e-16
-1.51208e-16
-2.93797e-16
4.1406e-16
9.85439e-17
-1.82773e-16
1.00105e-16
-4.23216e-16
8.3419e-16
-5.20623e-16
-6.16959e-17
2.35471e-17
3.61867e-16
-2.7338e-16
-7.16085e-17
2.51742e-17
-1.00403e-17
2.26882e-16
-7.44018e-17
-2.24632e-17
-2.1514e-17
2.42307e-17
8.58441e-18
1.60895e-18
-1.6412e-17
1.31293e-17
4.49295e-18
-7.36523e-18
-6.13007e-18
5.39716e-17
-1.40452e-17
-2.31949e-17
3.6821e-17
-7.58307e-17
-8.66314e-18
6.86206e-17
3.52691e-18
1.95149e-16
-1.2171e-15
1.77233e-15
-7.83659e-15
6.59117e-15
-4.79609e-15
1.02902e-14
1.58169e-14
-2.54981e-14
-4.27184e-14
4.60567e-14
9.85853e-14
-7.71423e-14
-1.97193e-13
9.39047e-14
3.48798e-13
-8.77207e-14
-5.80451e-13
6.23599e-14
8.40613e-13
-3.11925e-14
-1.97336e-12
1.15562e-14
3.71585e-12
-4.09806e-12
1.19804e-11
-4.61302e-11
2.45605e-15
-4.24141e-16
-9.42615e-16
8.73153e-11
-1.10231e-10
2.3171e-10
3.20317e-13
-6.3985e-14
1.56447e-14
-3.91622e-10
5.56594e-10
-6.57228e-10
5.98001e-12
-1.72299e-12
6.89402e-10
-3.30236e-10
-4.9988e-10
1.61757e-11
-1.67371e-11
4.42104e-10
-2.01959e-10
3.08599e-10
-6.80403e-9
2.31374e-9
-4.02379e-10
6.87874e-10
-3.19407e-8
1.42494e-8
-4.96815e-10
1.1837e-9
-3.34279e-9
1.49522e-7
-6.27353e-8
4.01693e-8
6.46689e-9
-1.61411e-8
6.18074e-7
-3.20199e-7
2.42777e-8
-5.13205e-8
1.15482e-7
-3.79665e-6
1.96708e-6
-1.08373e-6
7.12125e-9
-7.67493e-8
-4.50758e-6
4.72751e-6
9.1847e-6
-1.07877e-5
1.42448e-5
-3.22747e-5
5.90203e-5
-9.75792e-5
0.000125963
-0.000129759
0.000104725
-5.72833e-5
3.26559e-5
-1.30466e-5
7.40009e-6
6.061e-15
-4.53669e-15
-2.05364e-14
2.99553e-14
-9.05022e-15
2.09301e-14
-3.26325e-14
4.26769e-14
-4.95734e-14
4.91613e-14
-4.25458e-14
2.69154e-14
-1.22239e-14
5.50857e-15
-3.08595e-15
-1.70654e-15
1.28672e-15
-1.83969e-15
1.47195e-15
-7.28464e-16
5.67868e-15
-3.15125e-16
3.53725e-16
-3.9454e-16
2.22393e-16
4.34848e-16
-4.19943e-16
2.50288e-16
-1.71821e-16
1.94912e-16
-1.7913e-16
-2.21434e-16
2.27952e-16
1.81064e-16
-2.06923e-16
2.51524e-17
-1.48797e-16
-4.93921e-16
2.07236e-16
-5.32437e-17
8.38396e-17
7.0485e-17
-6.75792e-17
-1.26469e-16
1.19785e-16
4.90649e-17
1.25707e-18
-1.34369e-16
6.89648e-17
-5.17113e-17
5.00391e-17
-1.62814e-17
-2.90591e-17
2.97432e-17
-3.76506e-17
3.2943e-17
6.93153e-18
1.71977e-17
7.49698e-17
-3.85646e-17
2.76372e-17
2.07068e-17
2.46615e-17
-9.36893e-18
-8.96456e-17
7.43352e-16
3.8805e-17
-1.47615e-16
9.52517e-16
-1.61212e-15
-1.37127e-15
1.23194e-15
-1.03082e-16
1.34435e-15
-2.00469e-15
-5.19558e-15
1.10395e-14
2.96328e-15
-1.15923e-14
-1.07065e-14
4.16186e-14
2.82137e-14
-6.83173e-14
-6.86064e-14
1.36147e-13
1.40541e-13
-1.65934e-13
-2.68365e-13
1.66141e-13
3.88981e-13
-1.04147e-13
-8.56361e-13
6.48243e-14
1.31658e-12
-1.88743e-14
-3.12255e-12
6.44668e-12
-4.2863e-12
-2.67732e-11
5.54447e-16
3.8455e-15
1.65559e-14
-1.35766e-15
-1.07275e-14
4.14579e-11
-8.9403e-15
-8.99812e-11
1.83097e-10
-2.0044e-10
9.97533e-14
-1.79399e-14
3.98194e-15
4.40898e-10
-7.13151e-10
9.84493e-10
-1.97283e-12
3.83901e-13
-1.11155e-9
1.0138e-9
-4.63522e-10
-3.28674e-11
1.16107e-11
-6.13029e-10
5.27783e-10
-2.57162e-10
-2.62557e-11
-3.00823e-10
3.03754e-10
-9.76691e-11
-3.41195e-10
1.55843e-9
-2.3799e-9
3.30655e-9
-1.42882e-7
4.94003e-8
-1.28046e-8
4.24049e-9
-5.13829e-9
9.79865e-9
-6.82748e-7
3.35915e-7
-2.03591e-8
6.36352e-8
-1.67557e-7
5.18804e-6
-2.7091e-6
1.04998e-6
8.21323e-7
1.17432e-6
-1.85395e-6
1.77116e-6
-1.84277e-6
-6.63025e-6
5.13388e-6
6.37385e-6
-7.98365e-6
1.41934e-5
-7.07271e-6
1.13236e-5
-1.28192e-5
4.11665e-5
-6.95223e-5
0.000131977
-0.000168065
0.000182239
-0.000125768
8.49751e-5
-3.90576e-5
-5.45527e-15
-1.43722e-14
1.75643e-14
1.772e-14
-1.665e-14
1.98087e-14
-1.97139e-14
1.73142e-14
-9.76186e-15
3.97245e-15
1.12234e-15
-6.26963e-16
-2.9875e-16
-4.96416e-17
-4.6492e-16
4.42605e-16
6.1921e-17
1.68346e-16
-8.84701e-17
-9.28547e-17
-2.57547e-17
1.19432e-16
-1.11967e-16
8.31733e-17
9.48279e-17
-2.74494e-17
-5.83047e-17
-4.77445e-17
4.84751e-17
4.51068e-17
1.03761e-16
-5.64737e-17
-1.62663e-17
1.27175e-16
-3.03072e-17
4.6813e-17
-3.90113e-17
-1.6508e-17
3.2386e-17
4.90873e-17
-1.29773e-17
8.89081e-17
-1.26705e-16
-3.79665e-18
7.8584e-18
1.04408e-17
-1.42404e-17
9.44289e-17
-5.70856e-17
-1.415e-17
-3.56607e-17
6.22385e-18
2.3059e-17
2.10199e-17
-6.04966e-17
-1.5257e-17
1.16253e-16
-1.77918e-16
-1.69439e-18
-4.83e-17
-1.34244e-16
-8.80884e-17
3.37654e-17
-9.52117e-17
3.44731e-15
-1.40989e-15
-3.85704e-16
1.28002e-15
-4.30476e-16
2.10294e-15
-2.59204e-15
2.37558e-14
-1.9098e-14
8.4647e-15
-8.92743e-14
-1.48585e-14
1.04728e-13
3.88532e-14
-2.73621e-13
-7.39538e-14
3.13432e-13
1.39783e-13
-2.74011e-13
-2.6785e-13
2.78894e-13
4.16302e-13
-1.26597e-13
-7.74641e-13
1.3925e-12
-4.76148e-12
2.16501e-11
-5.96013e-14
6.45614e-14
2.61061e-14
-4.81147e-11
5.46224e-11
-1.76265e-10
4.03548e-10
-3.94471e-10
3.97776e-14
1.43413e-14
7.11839e-10
-1.09203e-9
-1.83935e-12
1.11834e-13
1.51562e-9
-1.19437e-9
-1.5458e-11
6.08594e-12
7.37698e-10
-5.29039e-10
-5.04383e-10
1.18699e-10
1.90657e-11
2.64115e-11
3.72881e-10
-2.9531e-10
-2.97821e-9
1.31174e-9
1.66789e-9
-6.07614e-10
4.46278e-10
-5.34493e-10
-7.03407e-10
5.59861e-9
1.52687e-8
-5.86418e-9
3.2592e-10
2.17495e-10
1.26723e-7
-4.39617e-8
1.67895e-9
-3.21908e-7
3.97169e-9
-1.06721e-7
4.01406e-6
-1.10526e-6
7.72209e-7
-1.25363e-6
2.98479e-6
1.43776e-6
2.41162e-5
-4.13367e-5
1.43768e-5
-6.26204e-6
-1.77743e-5
2.1441e-5
-7.53392e-5
8.79026e-5
-0.000214671
0.000247677
-0.000228034
0.000221159
-0.000109109
-4.72465e-5
1.87398e-5
-3.52356e-15
4.69725e-15
-4.08277e-15
-1.28141e-14
9.15829e-15
5.65757e-15
-6.09253e-15
5.83589e-15
-5.76192e-15
3.35698e-15
-1.67728e-16
3.80087e-16
3.59207e-17
3.37599e-17
1.70852e-16
-6.44323e-17
4.52382e-16
-2.71039e-16
4.57333e-17
-1.81152e-15
3.96167e-17
-2.3333e-17
4.02758e-17
3.8753e-17
-3.79786e-17
-8.10343e-17
-5.60558e-18
-5.34159e-18
-2.51958e-17
-2.19577e-17
1.90457e-17
-2.20209e-17
-2.18048e-17
-8.62627e-18
2.80916e-17
5.64339e-17
-8.1206e-18
3.19823e-17
5.06781e-17
3.15967e-18
1.04614e-17
-7.78146e-17
4.2088e-17
-4.47301e-18
-1.73443e-17
-1.29363e-17
-3.24474e-19
8.16598e-18
5.76368e-17
-8.22191e-18
-1.26602e-18
-9.44296e-18
1.17461e-17
2.87187e-18
4.66249e-18
-4.5528e-17
1.38019e-17
-2.3763e-17
-1.94363e-17
6.31352e-17
2.79455e-17
-4.68102e-17
6.42058e-17
-1.70503e-16
2.40438e-16
-1.71851e-16
2.02741e-16
-9.03963e-18
2.02242e-17
3.43334e-17
1.66738e-16
-2.06209e-16
6.04214e-17
-4.20374e-17
2.14397e-17
7.94728e-16
-2.19808e-15
-8.85415e-17
3.9911e-16
-7.78859e-15
7.61025e-15
6.06846e-15
-3.25202e-16
4.82292e-15
-2.73751e-16
3.69116e-15
-6.43238e-15
1.095e-13
-6.39731e-14
6.43509e-15
-2.38189e-13
-1.57203e-14
5.14554e-13
3.3414e-14
-8.16152e-13
-8.39564e-14
7.06704e-13
1.16166e-13
-4.64302e-13
-9.11424e-14
2.58221e-13
-8.75381e-13
9.61651e-13
7.05432e-12
-1.95206e-14
-8.91707e-14
-6.04894e-13
3.08638e-13
2.68229e-13
-1.41444e-11
2.49712e-13
3.06953e-11
-7.4533e-11
4.98506e-11
1.30685e-10
-4.60868e-14
-6.67922e-14
-1.06455e-13
8.20199e-14
2.27564e-13
-3.3236e-10
5.52482e-10
-6.43108e-10
-9.28034e-10
9.46909e-10
9.38738e-13
-1.01464e-13
-2.26443e-12
-1.65579e-13
-1.20958e-9
1.74234e-9
4.03074e-12
-7.2603e-13
-2.01055e-10
9.76152e-10
5.64249e-11
-1.64506e-11
-2.52831e-10
2.67897e-10
-2.04782e-9
9.83087e-11
-1.08608e-10
5.76698e-11
-1.49627e-8
5.46871e-9
4.20809e-11
3.38463e-8
-8.47358e-10
-6.12755e-10
1.44742e-9
2.95381e-9
-5.84997e-9
3.14122e-7
1.48305e-7
-1.44121e-7
1.66123e-8
-9.14055e-8
2.19344e-8
1.94609e-8
-1.88395e-7
1.39606e-7
7.23838e-7
-6.58077e-6
-2.81364e-6
1.39871e-5
-4.56403e-6
-1.86287e-6
-6.90072e-6
6.36232e-6
5.4359e-6
4.40947e-6
-2.81446e-5
0.00014716
-0.000190757
9.27962e-5
-5.15072e-5
8.80441e-5
-0.000170519
0.000359342
-0.000544456
0.000479091
-0.000315658
-0.000273193
0.000160344
-7.76506e-17
2.56413e-15
1.91065e-15
-3.54882e-15
3.46625e-15
-2.5429e-15
-2.04447e-15
2.0287e-15
-9.11291e-16
-1.23444e-15
-2.32664e-17
-6.42784e-17
5.51738e-18
4.4441e-16
-3.77583e-16
-3.07857e-16
2.6957e-17
-1.23832e-18
-2.89568e-18
6.71643e-18
-8.3588e-18
8.06951e-18
-2.47321e-17
4.7711e-18
1.88394e-17
1.35881e-17
-3.74193e-17
2.93498e-17
-2.4396e-17
3.14576e-17
-3.52233e-17
-6.97921e-17
4.61178e-17
-1.55288e-17
-7.05358e-17
8.71425e-17
-4.26869e-17
7.8213e-18
-1.57957e-17
1.17595e-17
-1.2096e-17
3.15922e-17
-5.43701e-17
-7.92026e-17
2.11975e-17
1.10945e-16
-1.36436e-16
3.66027e-17
-1.85992e-17
2.99051e-19
2.31828e-17
2.69468e-17
-1.47408e-17
-6.19787e-17
6.38978e-17
-9.29266e-17
2.24869e-18
1.60995e-17
-3.88698e-17
-2.45391e-17
2.99954e-17
-3.52101e-18
3.21205e-17
1.6505e-17
1.71673e-17
1.26404e-16
5.75232e-18
-7.87051e-18
-1.84602e-17
-2.3776e-15
1.92017e-15
2.53931e-16
1.68826e-16
-1.46514e-14
4.49903e-15
1.76447e-14
-1.4156e-15
5.26545e-16
1.03357e-14
-3.78569e-17
-5.39888e-15
1.02224e-14
-1.56714e-12
1.15317e-12
-9.82204e-15
1.16359e-12
-1.3787e-14
3.11082e-14
3.22515e-17
-1.47557e-13
9.45342e-14
1.59851e-12
-3.05339e-13
-5.4407e-13
-3.21104e-12
2.01052e-12
1.19159e-12
-3.73439e-12
1.6272e-12
7.65154e-12
-1.35695e-11
3.90583e-11
-1.07872e-10
1.7025e-10
-6.4719e-13
-6.65227e-13
-3.98305e-10
9.05729e-10
8.21089e-12
9.57837e-13
-2.22559e-9
1.32763e-9
2.95597e-9
-9.37301e-10
-4.27316e-12
-1.07781e-12
3.41974e-11
7.28495e-12
-4.51368e-9
5.74129e-9
-2.39861e-9
-8.595e-12
-8.9315e-10
1.16772e-9
-3.8455e-10
-2.35985e-11
-9.38354e-10
3.70343e-10
-8.58918e-11
1.97451e-9
-6.15357e-11
1.04826e-10
-1.00383e-10
3.66493e-10
-4.04736e-12
-8.60128e-9
6.90761e-8
-3.31299e-9
1.37178e-8
-1.49751e-9
-8.11888e-10
2.37176e-7
2.04771e-8
7.4305e-8
-3.6796e-5
-1.80883e-5
5.82234e-6
1.64277e-6
-1.95357e-6
-1.19793e-5
3.71524e-6
1.37477e-5
9.28184e-6
-0.000196664
0.0007673
-0.000889693
0.000431626
0.000159098
-6.53072e-5
8.09802e-6
0.000792556
-0.00105024
0.000758526
0.00091842
-0.000854469
0.000666825
1.24565e-15
-2.48231e-16
-9.0436e-16
-8.34992e-16
9.99364e-16
7.21955e-16
-5.74244e-17
1.69121e-16
2.64441e-16
6.59268e-17
-4.48156e-18
4.93432e-17
1.40759e-16
-1.24712e-16
-3.26302e-16
-4.37197e-17
-8.46957e-17
-5.24757e-17
1.70751e-17
1.273e-18
-2.60748e-17
-3.40302e-18
2.29837e-18
-3.28165e-18
-9.77683e-18
-9.83409e-18
-2.68825e-17
-1.29391e-17
9.60077e-18
1.61498e-18
-9.69697e-18
-1.04907e-17
-2.63668e-19
2.66829e-17
-1.71928e-17
-1.2185e-17
5.03501e-17
3.04845e-17
-3.73932e-17
1.17107e-17
-1.8314e-17
-4.73449e-18
4.4738e-17
1.51548e-17
8.54065e-18
7.51129e-18
2.19925e-17
-2.70159e-17
-9.11059e-18
9.55381e-18
-1.0539e-17
-7.72409e-18
1.18038e-17
-9.12244e-18
-8.94405e-17
8.03312e-17
-1.44318e-18
1.29263e-17
3.61491e-17
-2.77025e-17
-6.32397e-17
2.2771e-18
3.41911e-17
-5.24156e-18
3.62421e-18
-1.80195e-17
2.01931e-17
-2.22921e-17
2.97171e-17
-3.56853e-17
-1.85428e-17
-1.14415e-17
-3.95395e-18
3.49183e-18
2.38985e-17
9.74888e-18
7.67202e-19
-4.12185e-16
9.54537e-17
1.83974e-18
-3.18065e-16
-1.2581e-18
2.96838e-17
-1.03395e-16
-1.16156e-15
1.30726e-15
-1.01771e-16
4.54864e-16
-1.79197e-14
6.31235e-15
-4.766e-16
-1.54543e-16
1.62284e-14
5.93345e-14
-1.38732e-13
-1.22509e-13
2.24427e-15
-3.24483e-15
-1.81138e-12
5.99905e-15
7.23376e-15
-2.64118e-15
-5.42355e-14
7.31245e-15
1.56564e-12
1.62212e-12
-1.38718e-12
-2.63976e-12
1.21932e-11
-4.94212e-12
-2.75442e-12
3.61302e-13
-1.01905e-11
-8.30662e-13
6.69593e-12
1.08472e-12
-2.50022e-12
7.73041e-12
-1.9228e-11
-2.01787e-11
5.13849e-11
1.90314e-12
1.48662e-12
-5.62166e-12
-3.85449e-12
-1.21303e-10
2.55928e-10
2.96783e-10
-6.59549e-10
-1.13046e-11
-4.05015e-13
8.55381e-12
1.72328e-12
1.90121e-9
-8.8189e-9
-8.05773e-11
-4.83331e-11
2.75092e-9
-1.77498e-8
8.32924e-11
-3.11645e-11
-1.33944e-10
8.67289e-11
-2.05927e-9
-7.29118e-9
-3.75701e-10
-2.34366e-10
-9.75068e-10
1.62151e-9
2.12581e-9
-1.95249e-10
-1.04688e-8
1.11269e-9
2.70982e-8
6.76933e-9
9.29202e-11
-1.21155e-10
1.42178e-11
1.06685e-8
-3.79368e-8
-6.17846e-8
-8.65294e-11
-2.74833e-8
9.51756e-10
1.13523e-9
-5.62876e-9
-4.1216e-9
-3.9815e-6
1.88544e-5
3.03952e-6
-3.59986e-7
2.38565e-8
7.05672e-8
-3.28093e-7
-3.11831e-7
0.000131901
-0.000384188
-0.000228005
6.56077e-5
1.20734e-6
-1.70797e-6
-1.33307e-5
7.19338e-6
-0.000120286
4.43564e-5
-8.02279e-5
-0.00124792
0.00102013
-0.00249483
0.00427608
-0.0012306
-0.00292405
0.00181264
0.00121984
-0.000620623
0.00147921
-0.00164911
-7.61296e-17
1.6184e-17
-1.89394e-16
-2.86233e-17
-1.25475e-17
7.5017e-18
6.86059e-17
1.16836e-17
4.71301e-17
1.51894e-17
-8.77371e-18
4.59583e-17
-2.57336e-17
5.37271e-17
4.87361e-17
-4.4747e-17
-3.11584e-17
-1.93332e-17
1.73812e-17
-4.04378e-18
-2.09162e-18
8.62335e-19
-9.32965e-18
-1.63724e-17
4.65494e-18
-4.15339e-18
2.45775e-18
7.49356e-18
-1.70371e-17
-8.61285e-18
-2.29365e-17
1.80984e-17
-5.33786e-19
1.98986e-17
8.14993e-18
2.67255e-17
-1.287e-17
-4.42854e-18
-2.03204e-17
-1.27979e-17
1.38722e-17
-1.38149e-17
6.81717e-18
1.13504e-17
-1.23942e-17
1.01889e-17
2.57772e-19
-3.25727e-17
3.31641e-17
6.72178e-17
2.24571e-18
-9.69019e-17
5.87019e-17
6.15908e-18
5.63263e-18
1.8966e-17
-8.08201e-18
-2.68068e-17
2.19258e-17
2.6962e-17
5.48423e-18
-1.06608e-17
-9.95588e-18
-1.62766e-17
2.83315e-17
-1.70834e-17
2.85316e-17
-2.04657e-17
3.24024e-17
6.00855e-18
-2.37359e-17
-5.27597e-17
1.06754e-16
1.08235e-17
2.0639e-17
-1.79414e-16
-6.17225e-16
-4.18027e-17
5.87185e-17
1.47041e-15
3.49143e-17
-1.33915e-17
1.3255e-16
9.84865e-13
-2.27647e-13
-3.27397e-17
2.61532e-16
3.09144e-12
-3.82169e-12
-2.00611e-16
-2.43624e-16
2.29938e-12
-4.05929e-12
7.17948e-12
1.58704e-15
-3.10416e-15
5.17666e-12
-1.35625e-11
-4.15283e-15
2.01255e-11
9.64129e-15
-1.85124e-11
4.30095e-14
-1.14067e-13
-1.68183e-13
1.33544e-12
-3.12018e-12
-5.43009e-12
1.03189e-11
1.12468e-11
6.86716e-12
-2.12332e-11
-1.55549e-11
-5.53235e-11
5.82759e-11
3.70152e-10
-2.71514e-10
-1.25684e-11
-3.74074e-12
9.51418e-13
1.80493e-11
1.53126e-9
-7.44456e-10
-7.53399e-9
6.83082e-10
2.13471e-10
9.79554e-11
-5.891e-10
-1.01486e-10
3.34398e-8
-5.03923e-8
1.45267e-8
2.00048e-10
6.36328e-8
-7.7368e-8
3.16878e-8
-1.00969e-9
-8.30937e-9
7.22989e-9
-1.00834e-9
-6.12927e-9
-9.61037e-10
1.19509e-9
-3.80941e-10
-5.6725e-8
2.27311e-10
-2.49942e-10
-6.86466e-10
2.37418e-9
2.54651e-7
-1.579e-6
-1.05403e-6
2.6906e-7
-4.46596e-10
2.07185e-8
-1.03405e-8
-3.2925e-8
-7.89041e-5
0.000291903
7.77039e-5
-1.68952e-5
1.54817e-7
-7.29899e-7
-6.68472e-8
7.48498e-7
0.00107678
-0.00260148
-0.00198535
0.00070513
-3.39285e-6
-0.000173348
0.000760026
0.00218419
-0.00273568
0.00435848
-0.00258117
-0.00691338
0.00291905
0.00867196
-0.00717011
-0.00722735
0.00576676
-0.00333863
-1.47842e-17
3.78017e-17
7.59958e-18
-3.66757e-18
-8.10605e-18
-1.19329e-17
-1.11781e-17
-1.06463e-17
-6.94835e-19
-1.53241e-17
1.59822e-18
1.57849e-17
7.58443e-18
-5.14164e-18
-1.02755e-17
2.76146e-17
-6.8016e-18
8.4609e-18
-6.91351e-18
1.22404e-17
-3.09903e-17
3.53282e-18
-7.7571e-18
-1.97536e-17
3.10261e-18
5.62181e-18
9.04609e-18
1.18248e-17
-1.22146e-17
-7.71875e-18
4.01794e-18
7.01474e-18
-1.6095e-17
-1.47703e-17
3.1933e-17
2.49344e-19
-1.23162e-17
-3.04539e-18
9.09434e-18
-3.63149e-18
-1.82514e-17
-1.15328e-17
4.22014e-18
2.72564e-17
1.78856e-17
-7.72853e-18
-1.83781e-17
-4.16303e-18
-1.08207e-17
-1.4722e-17
1.95716e-17
-1.48544e-17
1.23692e-17
-6.64331e-18
-5.7381e-18
-3.62766e-18
3.43872e-17
-4.26724e-17
7.73743e-18
-9.70319e-19
-1.29808e-17
3.01848e-17
-7.49305e-19
-1.56219e-18
3.48447e-18
-3.47556e-17
1.33442e-17
-3.38563e-18
-1.54994e-17
-7.30479e-18
-8.91092e-18
2.60458e-17
-1.00762e-16
1.27118e-17
-1.02044e-18
2.64134e-16
2.72287e-16
-9.85349e-18
5.50974e-17
-1.17247e-15
4.04565e-15
4.82209e-18
-2.36025e-17
2.08581e-17
-6.85433e-17
-5.78293e-15
-7.28619e-15
-5.41422e-15
-1.2963e-14
4.07067e-14
-9.83487e-18
-9.5773e-18
1.35102e-13
-1.96517e-17
1.10906e-16
-2.8382e-16
4.47968e-16
2.1862e-15
-2.05697e-13
1.57785e-13
3.94285e-13
-9.06837e-13
-2.57398e-11
-2.70915e-11
2.38705e-11
4.09981e-11
-7.43963e-11
9.5713e-11
4.19726e-11
-1.83316e-13
3.03795e-12
-2.65789e-11
3.79741e-11
1.79026e-10
-2.52089e-10
-4.93296e-11
-3.59909e-11
1.10515e-10
6.16179e-11
1.27332e-9
-2.15302e-9
-4.69127e-9
1.00833e-8
7.18709e-10
1.4695e-10
-1.25535e-9
-2.08725e-12
-3.87638e-8
1.81406e-7
-2.45063e-10
-6.36498e-10
-5.0205e-10
2.92916e-9
-5.76907e-8
2.68253e-7
3.75536e-9
1.86283e-9
-2.99672e-9
-8.58438e-9
5.86242e-8
-3.02854e-8
3.84305e-8
-6.61308e-9
-2.59383e-8
-4.09575e-9
-1.82475e-9
-4.31524e-9
2.96258e-7
-9.4846e-8
-6.48004e-7
1.55159e-7
-3.71344e-11
3.11362e-9
-5.68221e-7
2.84712e-6
-3.45377e-9
1.96271e-8
-1.06336e-8
2.78443e-8
1.00045e-5
-5.12015e-5
-1.32183e-5
3.78213e-6
-9.71443e-8
5.04676e-7
7.82009e-8
-3.52994e-7
-0.00095268
0.00276047
0.00105094
-0.000306315
5.27393e-6
-1.93418e-5
1.39617e-6
-6.10585e-6
2.5512e-5
0.000144229
-0.00535846
0.0182645
-0.0113463
0.0063982
-0.0100008
0.00500096
-0.00106165
0.00364153
-0.00772328
0.0122133
-0.0161099
0.0142357
2.03786e-17
5.33739e-19
5.33827e-18
2.4489e-18
2.06123e-17
-1.97432e-17
7.68908e-18
1.56867e-18
1.25698e-18
-1.73791e-17
-4.87821e-18
-3.03169e-18
-2.55812e-17
-1.42058e-17
9.61581e-18
-1.36736e-17
4.68053e-19
1.31329e-19
-2.2844e-17
2.63074e-17
2.0611e-17
-2.96771e-17
3.94176e-17
-1.47877e-17
-3.47472e-18
1.46235e-17
-3.99351e-18
1.20292e-17
-1.80943e-18
-2.26556e-17
2.07511e-17
-8.51015e-18
4.6278e-18
-5.76497e-20
-4.48597e-18
8.13398e-19
5.19684e-18
5.47086e-18
3.08705e-18
-9.14191e-18
-8.85729e-18
1.551e-17
-4.38249e-18
1.37939e-17
-2.05256e-17
-1.50589e-17
-2.12677e-17
1.20345e-17
-2.66707e-18
-2.73314e-17
-1.79239e-17
1.21303e-17
-3.07051e-17
3.27513e-18
3.98081e-17
-1.29743e-17
1.30179e-17
-1.77829e-18
-1.53788e-18
1.80737e-17
-1.01891e-17
-8.58948e-18
-5.54678e-18
1.37444e-17
5.25276e-18
-3.22314e-17
3.28351e-17
-3.34392e-17
4.10273e-17
-9.84119e-18
1.11859e-17
-5.56785e-17
-5.2214e-16
-2.0967e-17
9.22483e-18
4.00583e-15
-6.485e-16
7.52209e-18
-1.32278e-17
-1.03558e-14
1.15553e-17
-4.67446e-13
-2.91874e-18
1.40922e-18
2.18535e-17
1.70185e-17
-1.19191e-12
2.0953e-12
-3.91036e-12
1.18482e-12
-1.24881e-16
-5.82516e-17
-7.58172e-12
1.32913e-11
4.81566e-12
1.96231e-16
1.16011e-16
2.02284e-11
-3.60914e-11
-1.22788e-11
7.56552e-16
-1.53195e-15
-3.74604e-11
7.15748e-11
2.38205e-11
5.76336e-15
4.05014e-15
4.92096e-11
-1.04243e-10
-3.875e-11
-1.93859e-14
-1.88759e-14
-9.00863e-11
9.33463e-11
1.41474e-13
3.64793e-13
-2.85428e-13
-1.50235e-11
1.49934e-11
6.96318e-11
-1.01413e-10
-1.57199e-10
-9.73627e-11
2.31127e-10
1.93235e-10
3.85514e-10
-8.76563e-10
-8.47321e-10
3.42874e-9
3.28873e-10
1.18222e-10
-2.75356e-10
-3.55585e-10
-1.34472e-8
1.1546e-8
8.49975e-8
3.83427e-9
-1.04268e-8
-3.44346e-9
9.89341e-9
7.8808e-9
-2.48826e-7
7.60386e-7
-2.04395e-7
1.78492e-8
-2.5061e-7
1.12457e-6
-4.22951e-7
2.69796e-8
4.1118e-7
-2.80455e-7
4.56031e-8
1.75527e-8
-1.47221e-8
-9.24662e-9
6.65616e-9
-3.91387e-8
-8.45167e-6
3.59474e-5
-2.19278e-6
-9.46054e-8
-1.02898e-7
1.47684e-7
-1.24459e-8
-3.66414e-7
0.000218699
-0.000798161
-0.000120517
4.04251e-5
-2.45284e-6
1.10834e-5
8.96562e-7
5.90434e-6
-0.00698164
0.0159085
0.00855656
-0.00317222
9.3897e-5
-0.000658094
0.00196828
-0.0047864
0.00226255
0.0124754
-0.00642985
-0.0255261
0.0136358
0.0383528
-0.0201032
-0.0431252
0.0207131
0.0322569
-0.0256705
0.0430516
-0.0367493
0.025507
1.76889e-17
6.67422e-18
1.77908e-18
-7.33513e-19
-2.91943e-18
3.20705e-19
-1.65063e-17
-3.07116e-18
1.00076e-17
1.41555e-17
5.11643e-18
7.41776e-18
-5.9288e-17
7.75273e-19
-1.86391e-17
-6.93707e-18
-2.12842e-18
-1.14384e-17
4.21063e-17
-1.00277e-17
-1.79829e-17
-1.24601e-17
4.26383e-18
7.6799e-18
-1.35058e-18
-1.60829e-18
2.75869e-18
8.93203e-18
-9.99734e-19
-9.0759e-18
1.17271e-17
-6.62258e-18
-1.42431e-17
1.1744e-17
1.95001e-18
-3.0914e-18
-1.60368e-17
-2.06584e-17
8.64661e-18
1.32345e-17
1.33404e-17
1.60563e-17
-1.26738e-17
-1.98926e-17
-6.34601e-18
-2.52826e-18
-3.03889e-18
5.2524e-18
3.08693e-18
-5.53998e-17
3.19198e-18
1.08705e-19
-9.60021e-18
-1.96241e-17
-8.03294e-18
-5.1461e-17
3.91682e-17
1.34447e-17
-2.88263e-17
1.26477e-17
3.42811e-18
3.62869e-17
1.54522e-16
-2.76597e-17
2.97721e-18
6.05931e-17
-1.05271e-16
7.48655e-19
-9.52777e-17
5.21201e-17
3.00331e-16
7.2927e-16
-9.54281e-17
2.47289e-17
5.26594e-17
-1.80172e-17
-2.42805e-15
1.60621e-15
-7.46638e-18
7.99428e-14
-5.18184e-15
6.44809e-17
-1.23526e-17
-4.00608e-14
9.69907e-14
2.5637e-17
-9.3713e-17
-1.4213e-12
-2.1108e-17
7.40055e-16
-3.32085e-15
-5.04243e-15
-1.19387e-14
-3.17939e-13
-1.90215e-12
4.47492e-12
-4.78954e-12
9.82342e-12
3.99711e-10
2.13999e-10
-2.30905e-10
-3.37174e-10
-4.081e-10
-2.17766e-10
-1.99467e-11
-1.37889e-10
-1.66751e-10
1.50128e-9
3.52121e-11
1.19988e-9
4.40077e-10
-1.32485e-9
-5.05646e-10
-4.13967e-9
2.64981e-9
2.50906e-8
3.04441e-9
-3.84911e-8
-3.50026e-9
2.16086e-8
6.6132e-10
-1.04872e-7
3.2739e-7
2.9611e-8
-7.94827e-8
3.57092e-8
-2.70314e-9
-9.15338e-7
2.72606e-6
-7.23025e-7
-3.94708e-7
4.15779e-7
-2.18501e-7
-9.86502e-7
4.26748e-6
-1.76928e-6
-1.18036e-6
1.72695e-6
-1.07351e-6
2.09681e-6
-1.47528e-6
1.48806e-7
3.13999e-8
5.79261e-6
-4.58146e-6
-1.07523e-7
-3.05625e-6
5.16943e-7
-4.00478e-7
-0.000101884
0.000349316
1.50468e-5
-1.61997e-5
-6.32378e-7
-3.60918e-6
5.10015e-6
-3.26104e-5
0.00260043
-0.00888433
-0.000167585
0.000264689
-5.2343e-5
7.5351e-5
5.70021e-5
9.71006e-5
-3.73949e-5
-0.00317974
0.0501912
-0.0702665
-0.0610983
0.0371695
-0.0325901
-0.0195875
0.00727462
-0.0219224
0.0438418
-0.0639512
0.0709306
-0.062813
-4.13697e-18
3.52789e-18
1.51685e-17
-1.37346e-17
-1.45929e-17
1.16265e-17
-2.08179e-17
-9.08591e-18
-4.33953e-18
-1.11571e-17
-1.34974e-17
1.12467e-17
-4.85341e-18
-1.67035e-17
-1.88845e-17
5.21284e-18
6.38819e-18
1.6675e-17
-1.3773e-17
-7.46261e-18
7.07888e-19
4.35422e-18
-3.74165e-18
-4.67704e-18
5.40573e-18
4.39805e-18
1.40265e-18
-3.86744e-20
8.37746e-18
-9.09183e-18
-1.20979e-17
1.28747e-17
-1.20806e-17
-1.2041e-17
6.16311e-19
-2.91988e-17
8.91189e-18
-7.63166e-18
-5.62974e-18
1.83426e-17
4.99066e-17
4.14377e-18
-1.99987e-18
2.10225e-17
-1.91318e-17
-2.33928e-17
3.61672e-17
3.59232e-17
-3.99314e-18
8.16867e-18
-7.32771e-18
-1.27304e-16
1.05154e-16
2.47892e-17
4.30821e-18
-1.32215e-17
2.12586e-17
-1.80595e-16
1.83664e-16
-9.74346e-17
6.75756e-18
-2.91492e-17
-1.01673e-17
1.90243e-16
6.74111e-16
-3.88033e-16
3.67771e-16
-1.86145e-16
2.47833e-17
-8.37907e-17
1.78534e-16
4.33978e-16
2.26722e-15
-1.20157e-15
1.18297e-15
-1.84994e-16
-5.64701e-16
2.23552e-16
-3.11848e-16
1.08734e-14
-4.39155e-16
4.78563e-16
4.33914e-16
-5.81918e-14
9.84553e-14
-2.66066e-16
2.78937e-16
-2.51531e-17
1.7551e-13
1.71427e-12
-6.50228e-16
5.07696e-16
5.08117e-12
-5.51164e-12
-1.56248e-15
-8.9014e-16
2.61596e-11
-2.03971e-11
6.76979e-15
-1.10544e-15
-7.83597e-11
5.75952e-11
-2.1024e-14
2.78331e-14
1.68868e-10
-1.18174e-10
-1.60881e-13
-1.17632e-15
-2.67581e-10
1.81149e-10
1.19833e-13
9.26095e-14
3.68816e-10
-1.77484e-13
-2.93112e-11
2.89011e-11
2.01132e-10
-2.66056e-10
8.65978e-11
-9.92795e-10
-6.77548e-10
5.95434e-10
1.08315e-9
1.07672e-9
6.67142e-10
1.86605e-10
-2.62809e-9
8.71082e-9
-5.79117e-9
2.23112e-9
1.95859e-9
1.37331e-9
-4.41891e-9
4.2107e-9
-3.51861e-8
9.38341e-8
2.95975e-8
-1.23287e-7
1.54683e-7
-1.08392e-7
-3.67664e-7
1.08946e-6
1.43306e-7
-5.18685e-7
1.19178e-6
-7.28417e-7
-3.32468e-6
1.00099e-5
-2.5703e-6
-1.75005e-6
4.69576e-6
-3.3912e-6
-3.7234e-6
1.34372e-5
-7.9997e-6
-4.35886e-6
1.77788e-5
-1.32904e-5
1.51018e-5
-8.93449e-6
-7.29294e-7
1.02313e-6
6.12556e-5
-5.20179e-5
6.10812e-6
1.61764e-5
-6.53345e-5
5.42228e-5
-7.18015e-6
8.48572e-7
-0.000956501
0.000782172
-0.000208323
4.1606e-5
-5.4572e-5
-1.81137e-5
0.00052419
-0.000355209
0.00171847
-0.0326615
0.0620067
0.0148131
-0.0116076
0.0199035
0.00358875
0.0053025
-0.00815709
0.0146914
-0.0104959
-0.0574623
0.0352291
0.0944497
-0.0676581
-0.125811
0.0945279
0.117402
-0.0991753
-0.115861
0.0924073
0.094263
1.40707e-17
2.02478e-17
3.39111e-17
6.95975e-17
4.15989e-17
4.6071e-17
2.87733e-17
7.73461e-18
1.90464e-17
1.23783e-18
-3.13861e-17
-8.99211e-17
9.07278e-18
-1.3183e-16
-1.6648e-16
3.27736e-17
-1.50084e-16
-1.10522e-16
-7.62371e-17
-1.44915e-17
3.85311e-17
-9.40189e-18
-7.92768e-18
1.50482e-17
-1.1783e-17
7.46717e-17
7.72577e-17
2.70075e-17
3.28813e-17
6.5755e-17
-1.65702e-18
-9.21911e-18
1.09873e-17
-5.55889e-18
-3.66568e-18
-1.33774e-16
-1.3352e-16
-1.83147e-16
-2.95211e-16
9.94752e-18
2.00388e-17
-7.77186e-18
-1.6794e-17
6.25752e-16
2.38359e-16
-8.1922e-17
-1.05268e-18
-6.0781e-18
2.6115e-18
1.80324e-16
5.32004e-16
-1.231e-16
9.17516e-18
-3.23467e-17
-1.56749e-17
1.15757e-16
1.06276e-15
-4.9492e-16
3.90187e-17
2.5646e-17
2.66503e-17
7.17364e-16
1.90039e-15
-1.21076e-15
1.15474e-15
-8.53814e-16
-2.10256e-16
-1.08601e-16
-5.90337e-17
1.37796e-16
1.92159e-16
6.76008e-16
6.18575e-15
-4.1789e-15
4.20744e-15
-2.66775e-15
-8.8686e-16
6.74439e-16
2.35221e-15
2.19274e-15
-1.6312e-14
-1.5503e-15
3.30185e-15
-1.49672e-15
3.23735e-16
4.96068e-16
-8.00308e-15
-7.06689e-13
-2.96919e-15
-9.56707e-16
-1.59524e-12
1.85143e-12
9.51139e-15
-1.27853e-11
4.77888e-12
2.66613e-14
-5.67582e-14
3.37954e-14
-1.17993e-15
4.47937e-11
-7.36472e-11
4.0047e-11
-3.09512e-11
-3.96199e-14
-2.03367e-14
-9.01677e-11
1.21094e-10
8.80706e-11
-5.35874e-15
2.6077e-13
1.62786e-10
-2.1497e-10
-2.07483e-10
-1.40434e-12
7.22976e-13
-4.10496e-10
2.68373e-10
3.3859e-10
5.2238e-12
-2.74994e-12
-1.12486e-12
6.9318e-10
-5.36885e-10
-3.48987e-12
9.72558e-12
-9.57894e-10
-3.91361e-12
-1.07762e-10
1.21893e-10
-1.0097e-9
6.87189e-10
1.15597e-9
1.22801e-9
1.51298e-9
-1.89951e-9
-6.3379e-9
-1.60877e-9
-9.70933e-9
3.28676e-8
-2.31401e-8
1.05591e-8
2.09875e-8
-3.46032e-8
-9.33289e-9
2.31941e-8
1.63484e-7
1.16058e-8
-1.37993e-7
2.68633e-7
8.83112e-8
7.57046e-7
2.89333e-7
-2.53309e-7
-1.12743e-6
3.27793e-6
5.42004e-7
2.87146e-6
1.53951e-6
-1.31931e-6
-1.16468e-5
4.01097e-5
-7.49436e-6
1.08355e-5
6.71085e-6
-6.18097e-6
-2.16441e-5
0.00010504
-8.42644e-5
3.3803e-5
2.79277e-5
-2.5247e-5
0.000136768
-8.65681e-6
-0.000163994
-0.000379183
0.000265539
-0.00061241
-0.000554038
0.000423875
-9.23826e-5
0.000141011
-0.000510341
7.51982e-5
0.000195016
0.00246622
-0.00126412
0.000157506
0.00931909
-0.00856056
0.00190254
-0.00262268
-0.00576943
0.00503339
-0.00312706
0.0110668
-0.0417713
0.109497
-0.175336
0.106706
0.178504
-0.131437
-0.192653
0.131641
0.10167
-0.122903
0.0613404
-0.103216
0.118967
0.0803987
-0.110781
-0.0346843
3.92286e-16
-1.43476e-16
8.78822e-16
3.16244e-16
-6.3407e-17
5.04168e-16
4.74534e-16
2.97486e-16
5.35985e-17
3.90402e-17
-1.44342e-17
-5.61123e-16
-5.40159e-16
9.73064e-17
-1.81315e-15
-3.83061e-16
-2.73129e-15
-1.32199e-16
-4.05785e-17
-9.92306e-17
-8.4364e-18
-1.60495e-18
4.1583e-18
6.85207e-16
8.03165e-16
8.43248e-16
4.20385e-16
1.76682e-15
-4.84856e-18
-1.59352e-17
-5.4455e-17
-3.50161e-17
1.47111e-17
-2.47375e-15
-1.79046e-15
-4.4399e-15
-1.13592e-15
2.26618e-17
1.2013e-16
-1.71822e-17
3.066e-17
8.435e-15
3.99511e-15
-2.07038e-15
1.77383e-17
-5.76612e-17
7.19368e-18
4.18736e-15
5.80074e-15
-3.81695e-15
1.57533e-17
-7.08382e-17
-2.92449e-16
8.68836e-15
4.05082e-15
-3.36962e-15
3.94949e-15
-2.44314e-15
7.6473e-16
1.16561e-15
7.67972e-16
-1.25736e-15
-2.27832e-15
1.13196e-14
1.54287e-14
-1.06838e-14
1.13714e-14
-6.7895e-15
3.37303e-15
9.32085e-15
1.95362e-15
-1.75856e-14
1.2513e-14
3.88054e-14
2.70758e-14
-1.26537e-14
9.71381e-15
-1.03959e-16
3.1605e-14
-2.31649e-13
-4.4159e-14
-6.67262e-14
-1.74894e-14
-1.17962e-15
7.71194e-13
1.51102e-12
-3.84821e-12
-3.16789e-13
-2.1646e-13
1.31723e-13
-9.63804e-14
-5.14725e-11
5.4405e-15
2.46055e-13
9.6765e-13
-3.06637e-12
2.37113e-12
-2.63663e-11
1.03431e-11
-2.66633e-11
5.76106e-12
4.47096e-10
3.71052e-10
-7.56796e-10
-8.20655e-10
-3.75676e-10
1.08777e-9
1.42598e-10
1.29431e-9
-5.49241e-10
8.85374e-10
-2.56902e-10
2.38471e-9
-2.34433e-9
6.46706e-9
-5.6004e-10
-3.08255e-9
-1.57676e-8
-2.88626e-10
-1.50811e-9
-2.60274e-8
-1.2987e-7
3.04926e-8
1.95437e-7
-1.20345e-7
1.31186e-8
5.58271e-8
3.22327e-7
-1.30628e-9
-9.22397e-7
2.02447e-6
2.27831e-7
2.02728e-6
-2.20442e-7
1.88647e-8
-7.74863e-6
2.24068e-5
-2.21131e-6
8.5357e-6
-1.25415e-6
-1.47595e-7
-7.96362e-5
0.000226404
-0.000162609
3.39245e-5
-5.04247e-6
-9.08374e-7
0.000116891
-0.000378106
0.000648179
-0.0026416
0.0022723
-0.000480303
-7.36383e-5
6.60085e-5
-2.08984e-6
-2.57146e-5
-0.00251287
0.00201246
-0.00317662
0.0145705
-0.00791248
0.00728537
0.00332319
-0.00227592
0.000373442
-0.000328163
0.0169132
-0.0063425
-0.0140323
0.0225393
-0.0384781
0.129138
-0.11375
-0.00205345
0.0646406
-0.0561043
0.0337899
-0.0546183
-0.0111719
0.0189322
0.145142
-0.176908
0.161682
-0.0988822
-1.43752e-15
-1.4393e-15
-1.25025e-15
-2.46439e-16
3.27182e-15
1.24084e-14
3.66898e-15
2.14515e-15
3.88574e-15
4.3392e-15
2.33122e-15
1.61724e-16
2.04855e-16
5.45051e-16
3.6582e-17
-3.07917e-15
5.54711e-16
-5.2908e-15
-2.13468e-14
-1.64252e-14
-4.35597e-14
-1.55489e-15
1.90301e-16
-1.09137e-15
1.26341e-16
-1.90542e-16
1.54031e-16
1.05943e-14
3.90399e-14
6.16318e-17
2.33422e-14
-3.44801e-14
-9.66843e-16
1.46882e-15
-2.0747e-16
-5.23504e-16
5.71351e-17
-4.29189e-14
-2.20868e-14
-2.54886e-14
-4.42737e-14
3.14742e-14
-3.80778e-16
2.76182e-15
1.62896e-16
3.45745e-17
-2.21661e-14
-3.69471e-14
-4.03627e-17
-1.30701e-16
3.93345e-16
-3.59936e-14
1.61374e-14
-1.13604e-14
-2.13431e-15
-3.06896e-15
-3.43572e-15
-1.60606e-15
1.9013e-14
-8.48371e-14
-1.92248e-14
-1.46182e-14
3.74527e-14
-3.29814e-14
-3.09826e-14
-1.23004e-13
-1.05831e-14
-6.20727e-14
1.75275e-13
-1.38352e-13
1.76424e-13
-7.97913e-14
-3.97295e-15
-3.30362e-14
5.55963e-13
-1.97568e-12
4.19774e-13
-5.18975e-13
-9.42585e-14
1.44288e-13
2.42714e-13
-1.04846e-12
4.47055e-12
9.53647e-13
-9.21495e-13
6.93107e-13
-6.40527e-13
4.45747e-13
8.65497e-11
-1.20288e-10
7.49387e-11
-9.35193e-11
-1.20038e-12
-5.69993e-13
1.30037e-10
-1.34034e-10
4.98902e-12
-1.4599e-12
-1.93103e-10
2.30871e-10
5.73269e-12
2.5481e-10
-4.94854e-12
-7.09946e-11
-3.80365e-12
1.10138e-10
-6.25038e-10
-5.30462e-11
1.17329e-10
1.04984e-10
-3.10487e-10
-2.6272e-10
-2.09184e-10
3.35457e-10
1.40478e-9
2.95868e-10
-5.67772e-9
9.60912e-9
-3.10709e-9
-9.24315e-12
9.47967e-9
3.53121e-10
3.53341e-10
-1.53421e-9
-1.39366e-9
-2.30116e-10
-1.44842e-8
2.71126e-8
4.65356e-8
3.25175e-7
-5.67764e-7
-6.03059e-9
-5.14562e-9
2.62636e-8
5.04338e-9
1.49536e-9
2.05215e-6
-5.60694e-6
2.32177e-7
3.63419e-9
2.11919e-9
1.52219e-5
-2.41539e-5
3.9785e-6
-4.37832e-7
1.31611e-7
-5.82288e-5
-0.000915878
0.00282703
-0.00675214
0.00331106
-0.000158328
2.57805e-5
-7.81753e-6
3.04313e-6
-1.89646e-5
-0.00399785
0.011739
-0.0287537
0.0554403
-0.0328963
0.00247586
0.000145352
-6.3551e-5
-2.03665e-5
0.000283068
0.0465888
-0.0210151
-0.046156
0.0606646
-0.092227
0.17472
-0.13739
0.0387943
0.0243622
-0.0160482
0.00736414
-0.0151128
-0.00142305
0.00236864
0.160611
-0.151714
-0.150104
0.164295
0.119168
-0.158203
-0.0592191
0.0624506
-9.57844e-15
-1.28905e-14
-1.13704e-14
-2.44392e-15
-7.46928e-15
1.24549e-13
2.22462e-14
7.20298e-14
-1.98259e-13
3.41001e-14
3.72517e-14
2.47097e-14
1.56949e-15
5.88636e-16
6.54211e-15
5.37855e-16
-1.3276e-13
5.79456e-14
-1.61658e-13
6.23561e-13
-2.44643e-13
-4.4302e-14
3.06181e-14
8.42098e-15
-8.87246e-15
2.73871e-15
2.21216e-15
1.82211e-13
1.55899e-13
1.83422e-13
2.61809e-13
-5.30469e-13
2.05185e-14
-3.64324e-14
-1.57702e-14
-1.45209e-15
-3.36539e-16
1.31227e-13
1.52273e-13
-9.82057e-13
-8.54607e-13
3.64952e-16
4.69161e-15
2.33832e-15
7.40905e-17
2.20241e-13
1.08051e-13
-7.67325e-13
-1.02589e-12
-7.87514e-17
-1.2465e-14
7.3869e-15
1.67846e-14
-1.11572e-12
-1.00509e-13
-1.82067e-14
-1.14406e-14
-5.5391e-14
4.85167e-13
7.11129e-15
-1.73388e-14
3.77249e-13
-1.39965e-13
4.38154e-13
-7.45445e-13
4.12676e-13
-1.13862e-12
3.37902e-13
-1.13648e-12
1.09815e-13
6.59202e-12
-1.74025e-11
2.68148e-12
-7.00116e-12
2.38459e-12
-5.02225e-13
4.53577e-12
-2.58439e-12
-2.59797e-12
3.09312e-12
-1.35381e-12
5.2475e-12
3.25191e-12
1.75611e-10
-1.67345e-10
1.08953e-10
-1.61508e-10
-2.13747e-11
7.87993e-13
1.71575e-10
-1.33835e-10
3.01798e-11
-2.86386e-11
-1.7189e-10
1.6818e-10
1.38026e-10
1.79953e-10
-4.32382e-10
7.51883e-10
3.41264e-9
-1.10922e-8
1.56082e-9
1.78594e-10
-3.15148e-11
-9.66965e-11
-2.26885e-10
-1.79914e-10
1.68132e-10
1.0734e-8
1.35985e-10
-3.48567e-8
-1.32077e-8
7.87021e-8
5.90904e-8
3.54425e-10
-5.04283e-11
-2.63567e-10
-8.03883e-10
-2.49547e-11
-5.56819e-7
1.37345e-7
3.72846e-6
-1.54695e-6
-2.47359e-9
-1.69165e-10
2.54853e-9
1.35184e-10
-1.90682e-5
9.58754e-6
8.26085e-5
-4.82543e-5
-3.77354e-8
1.38467e-8
-4.87168e-8
-3.0157e-9
-0.000310278
0.000202232
0.00102481
-0.000743055
-3.97697e-7
1.79731e-7
-9.10709e-7
-2.7034e-8
-0.00302143
0.00755167
-4.7071e-7
1.06486e-6
-1.67299e-7
-0.0161844
0.012775
0.0311098
-0.0536901
0.000339393
-4.28553e-5
4.79465e-5
-1.44922e-5
2.9001e-5
0.0764347
-0.0728939
-0.0926859
0.0929015
0.110697
-0.118311
0.0241219
0.000367046
-0.00545613
0.00266517
-0.0019021
-7.25965e-5
-0.000582701
0.145048
-0.170481
-0.133466
0.150082
0.128169
-0.105311
-0.0833218
0.0508817
-1.15963e-13
-8.28691e-14
-1.23532e-13
-2.69246e-14
1.50801e-13
1.15337e-13
8.23391e-13
4.61579e-13
1.69634e-13
3.16753e-13
3.18267e-13
-4.90671e-14
-3.14207e-14
1.43434e-13
2.4186e-14
-1.65656e-12
-4.3852e-13
-2.32155e-12
-1.92736e-12
7.82173e-13
2.86825e-12
-2.33368e-12
-8.14939e-13
-4.19252e-13
-1.28732e-12
-6.51683e-13
4.25408e-13
-3.43063e-13
-2.11098e-13
1.3563e-13
2.92663e-14
4.95174e-14
4.53057e-12
5.22365e-12
6.02304e-12
1.18341e-11
-1.06205e-11
2.21863e-13
-1.13073e-12
-2.22446e-13
-1.53553e-13
-5.93801e-15
4.71069e-12
4.74709e-12
-2.85361e-11
-2.75485e-11
1.92989e-15
3.72824e-13
5.48487e-14
-8.47546e-15
6.41962e-12
4.2806e-12
-2.66661e-11
-2.95315e-11
7.75711e-14
-4.80919e-13
4.09087e-14
1.43125e-13
-2.08495e-12
-1.50532e-12
-3.49129e-11
-5.78315e-12
-2.31801e-13
4.88249e-13
-6.09519e-13
-6.55385e-13
1.49874e-11
5.02101e-12
-7.07613e-13
3.20824e-12
-9.16526e-12
6.25888e-12
-1.73603e-11
-2.03474e-12
2.7422e-12
-2.91485e-13
4.24474e-11
3.37988e-11
9.91541e-12
-1.67751e-11
-9.75752e-12
-9.8766e-11
2.25047e-10
-6.95914e-11
2.0611e-10
5.04062e-11
3.36174e-11
-4.09087e-10
1.87509e-10
-8.75285e-12
-1.96605e-10
-3.67195e-11
6.75447e-10
-3.17634e-10
1.84663e-10
9.27571e-11
4.43601e-10
-2.55579e-10
-7.18939e-10
3.56483e-10
-2.4065e-10
-3.014e-10
3.98058e-11
1.59302e-9
5.98103e-10
-3.13163e-10
2.88267e-10
-4.50038e-9
-3.30974e-9
-3.49391e-10
1.58164e-10
1.75519e-8
-2.0165e-9
7.14124e-10
-4.71432e-10
-5.13332e-8
3.66906e-8
-1.177e-10
2.57029e-10
-8.6574e-8
2.23894e-7
2.24305e-7
-5.55281e-7
-7.20677e-7
-3.17993e-7
-2.94122e-10
-5.21665e-12
8.01554e-11
1.87836e-10
-2.9462e-11
-2.82836e-10
9.42525e-7
4.43463e-6
-4.83103e-6
-1.73271e-5
2.14127e-5
8.20232e-10
-2.07053e-10
7.44555e-10
-2.11482e-11
6.79251e-5
-8.54609e-5
-0.00023693
0.000303014
7.46256e-9
-1.90467e-9
7.77555e-9
-4.22516e-10
0.000737282
-0.000956738
-0.00205455
0.00268831
1.26411e-7
-2.28387e-8
4.28064e-8
-2.08247e-9
0.00502406
-0.00669442
-0.0111307
0.0147301
4.03653e-6
-7.10745e-7
1.08758e-6
7.58958e-8
0.0222598
-0.0279312
-0.0337496
0.045127
0.0458933
-0.0640146
0.000147404
4.69653e-9
-8.50344e-5
1.44842e-6
8.53364e-7
-1.26723e-5
-0.0594645
0.0788244
0.0644945
-0.0845942
-0.0604178
0.0848185
-0.0883326
0.0417532
-0.0597727
0.0856152
-0.0208437
0.035404
-0.0709427
0.0055508
-0.00769442
0.0241528
-0.00275549
0.00421511
-2.68747e-5
-0.000867924
9.33386e-12
-7.55462e-12
6.7425e-12
-1.12238e-13
2.94357e-12
4.17519e-12
6.66911e-13
-1.24729e-12
8.20107e-13
-4.90815e-11
-4.11274e-11
1.55721e-11
-3.01265e-11
-2.07555e-11
1.03393e-10
-9.12555e-12
2.64616e-12
-1.68483e-11
-9.12158e-12
1.65849e-12
2.50331e-12
-5.50056e-12
3.1643e-12
1.39843e-12
1.27138e-10
1.45598e-10
-9.7332e-11
1.51071e-10
-2.44789e-10
1.63189e-12
3.2831e-11
-6.12935e-12
-5.70041e-12
-1.22731e-13
1.53483e-10
1.45813e-10
-7.13389e-10
-7.59412e-10
-5.3121e-13
1.2556e-11
1.66463e-12
-3.7988e-13
1.79042e-10
1.39138e-10
-8.22336e-10
-7.73286e-10
3.54065e-12
-2.22997e-11
-8.58e-13
3.30711e-12
-6.16387e-11
-5.36799e-11
-9.59911e-10
-7.62115e-11
-1.31526e-11
5.15468e-11
1.3361e-11
5.1305e-11
1.51402e-10
-2.75799e-10
5.74874e-11
-1.36972e-10
1.7887e-10
-9.95424e-11
2.31103e-10
-4.47908e-11
3.00451e-11
1.34799e-10
-5.12109e-10
-4.5801e-10
4.31922e-11
-2.09406e-10
-1.3895e-10
8.66361e-10
-1.04249e-9
8.62204e-10
-1.7352e-9
4.55262e-10
8.09738e-10
2.70038e-9
-1.32505e-9
-2.78746e-9
-2.52894e-9
-3.22205e-9
1.53883e-9
1.08249e-8
3.67909e-9
3.24317e-9
-1.42813e-9
-2.56954e-8
7.53302e-9
-1.87341e-9
9.94623e-10
8.98717e-9
-3.99441e-8
1.6175e-9
-1.02487e-9
1.34562e-7
-1.62129e-7
-5.4778e-7
4.78712e-7
1.09651e-6
1.77678e-6
-8.72808e-10
-7.13726e-10
2.79206e-10
-9.97998e-10
-3.09693e-9
5.28089e-10
-4.65053e-6
-2.42479e-6
1.17027e-5
2.82257e-5
-4.77326e-5
2.53654e-9
5.43682e-10
-5.11439e-10
3.16039e-9
-9.22531e-5
0.000163696
0.000259845
-0.000495715
2.73383e-10
2.6142e-9
-7.69353e-10
-9.10808e-9
-0.000706946
0.00136729
0.00167652
-0.00338066
-1.62061e-7
4.15287e-8
-1.0102e-8
-4.14744e-8
-0.00402135
0.00664169
0.00721832
-0.0165496
-2.49485e-6
7.28744e-7
-4.05749e-7
2.25265e-7
-0.0113368
0.0235111
0.0155317
-0.0271631
-0.0195408
0.0390148
1.49242e-5
-5.03308e-5
-2.20774e-5
8.48264e-8
7.82316e-6
7.64588e-6
0.0259732
-0.0438965
-0.0228093
0.0391303
0.0148772
-0.0262192
-0.0070252
0.0126237
0.00253295
-0.00388167
-0.00100107
0.0016265
1.16969e-10
-2.33078e-11
1.67093e-11
6.49779e-11
6.96914e-12
-7.92275e-12
-5.75748e-10
5.8014e-10
1.5235e-10
-1.73632e-10
1.51137e-10
-1.83734e-10
-1.75694e-10
2.5092e-11
-5.92471e-12
-1.10767e-10
6.35791e-11
2.91784e-9
3.0213e-9
-3.34981e-9
4.15089e-10
2.05968e-9
-8.37039e-9
6.61037e-10
-8.21835e-10
1.23474e-9
1.91586e-10
-7.48995e-11
1.96884e-11
3.41359e-10
-1.38983e-10
9.5653e-13
4.42001e-9
3.71823e-9
1.48389e-8
-1.66537e-8
3.01035e-8
3.30606e-10
-2.01044e-9
-3.69617e-11
5.42097e-11
-8.15396e-12
4.18554e-9
3.24097e-9
-2.5003e-8
3.11926e-8
1.60992e-10
-5.01534e-10
-2.24121e-10
-8.7771e-13
-4.00018e-10
-1.89831e-8
1.82787e-8
-3.99689e-9
-1.5779e-10
1.23374e-9
-1.72634e-10
-1.53117e-11
-5.20946e-10
3.34354e-9
-1.1093e-9
-1.32125e-8
2.00379e-9
2.61856e-9
6.09024e-10
-3.45492e-9
1.46118e-8
-1.60685e-9
-6.16273e-9
5.36949e-9
-7.04225e-9
1.40398e-8
3.30413e-9
-1.14782e-9
-4.46832e-9
2.58146e-9
-2.36657e-8
1.14746e-8
-5.52173e-9
7.83877e-9
-9.4575e-10
-1.75631e-8
3.21546e-8
-1.46001e-8
6.78146e-9
-3.71725e-8
2.51943e-8
1.00534e-7
-4.61354e-8
1.72265e-8
-7.48807e-9
1.20073e-7
-1.84754e-7
-3.98898e-7
1.37987e-8
-6.35366e-9
4.54408e-9
1.23977e-6
4.53897e-7
-2.40417e-8
7.2822e-9
-1.89656e-6
-2.85251e-9
-1.59299e-6
-3.70161e-6
9.32911e-6
1.16847e-5
-3.10454e-5
-1.81133e-5
-7.19222e-8
4.69892e-8
-7.7134e-9
8.92879e-8
6.37638e-8
-1.01286e-8
4.95236e-5
8.66876e-5
-0.000109343
-0.000230298
0.000382435
1.60875e-7
-3.92152e-8
-9.99124e-9
-3.37661e-7
0.000492834
-0.000746103
-0.00103433
0.00199262
5.62927e-8
1.34559e-7
-3.91176e-8
-7.77719e-7
0.00168045
-0.00341186
0.0032398
-0.00246543
0.00430583
0.00414777
-0.00838784
-1.4299e-5
1.9231e-6
3.07728e-6
6.31739e-7
-5.34365e-7
-4.8969e-7
-2.02827e-6
-0.00498216
0.00937312
-0.0122107
0.00392813
-0.00702192
0.011706
-0.00243645
0.00436136
-0.00779401
0.00148647
-0.00199816
0.00356283
-0.000405779
0.000560072
-0.00118917
9.17582e-5
-7.22153e-5
0.000333721
-2.30113e-9
-1.3397e-9
3.50871e-9
-6.11114e-9
1.80091e-9
-5.80401e-10
-4.02347e-8
2.95434e-8
2.74662e-9
3.06478e-8
-3.65543e-8
-8.72317e-9
1.82277e-8
-4.15825e-9
1.06752e-8
1.88783e-9
1.15189e-10
-1.00678e-7
-2.43471e-8
-1.24473e-7
1.51695e-7
6.23214e-8
9.86631e-8
-9.79747e-8
1.17113e-7
-3.49508e-8
-2.5579e-8
2.29029e-8
-2.89023e-8
-4.66158e-9
3.17156e-9
1.01665e-10
-4.78576e-8
-1.16275e-7
-9.55798e-8
1.87301e-7
-3.08353e-7
3.31496e-7
-4.19258e-7
6.75003e-8
-1.65639e-7
2.61461e-8
-8.92069e-9
-1.15254e-9
-7.40166e-9
-1.2174e-9
-2.24563e-7
1.28586e-9
5.68036e-8
4.80021e-7
-5.46868e-7
-1.42413e-8
1.04134e-7
3.44494e-8
4.07302e-8
-6.26413e-9
-5.35132e-8
-9.99914e-8
5.57853e-7
-6.29444e-7
-8.14038e-8
-9.82559e-8
1.69953e-7
-5.71209e-8
1.57188e-7
5.79075e-8
-2.36694e-8
4.30543e-7
-3.11681e-8
2.21643e-8
8.50965e-7
-1.25452e-7
-1.07382e-7
4.79526e-8
-1.86889e-8
-1.04817e-6
1.21314e-6
5.41845e-8
2.12695e-7
-3.3751e-7
1.48955e-7
-2.2858e-7
-6.29954e-8
-6.50702e-9
-9.84251e-7
1.41806e-7
2.4303e-7
-1.90861e-7
1.2012e-7
-1.47699e-7
4.04829e-8
2.54913e-9
-3.41745e-8
1.19123e-6
3.85561e-6
-2.19318e-6
-8.17106e-7
-6.96566e-6
8.66318e-6
6.01514e-6
6.41476e-7
3.49687e-8
-4.51725e-7
-5.8236e-7
-4.5508e-7
7.31305e-7
-3.35865e-7
-1.5254e-5
-1.22955e-5
-1.40267e-6
5.82743e-7
1.50277e-5
-2.65017e-5
2.5486e-5
-7.23825e-5
4.50093e-5
-8.03059e-5
-2.40346e-6
-5.84001e-7
3.14549e-6
-3.00914e-6
2.36193e-6
8.81879e-7
9.63937e-5
-9.85974e-5
0.000144522
-0.000416444
0.000156408
-0.000352556
-6.71846e-6
-1.90888e-6
5.66254e-6
-1.71367e-6
7.5887e-6
9.32018e-7
0.000675632
-0.000241489
0.000450269
-0.000542867
0.000281898
-0.000499591
0.00139015
-0.000404946
0.000901622
4.21703e-5
-5.07897e-6
-2.28633e-5
6.38358e-5
-4.19245e-5
2.44233e-5
-3.94278e-6
6.10537e-6
-3.02524e-6
-0.00162335
0.000559405
-0.000803252
0.00141713
-0.000421504
0.000671511
-0.00117923
-1.63029e-7
1.55658e-7
3.86439e-7
-4.01512e-7
5.2754e-7
-5.35376e-7
5.25996e-7
-2.74354e-7
5.13098e-7
-8.14776e-7
1.16617e-6
-1.44017e-6
1.49654e-6
-1.3428e-6
8.60843e-7
-3.83931e-7
8.91592e-7
-1.36498e-6
2.21282e-6
-3.05893e-6
3.51065e-6
-3.34934e-6
2.64342e-6
-1.74915e-6
8.69845e-7
-3.58645e-7
-1.71732e-6
3.4075e-6
-5.4296e-6
7.01293e-6
-7.34865e-6
6.28303e-6
-4.46992e-6
2.64217e-6
-1.33854e-6
5.71517e-7
-1.90082e-6
4.3564e-6
-7.84999e-6
1.18513e-5
-1.41336e-5
1.34071e-5
-1.02381e-5
6.53668e-6
-3.54537e-6
1.79966e-6
-7.11046e-7
5.76416e-7
-7.73433e-6
1.58825e-5
-2.3234e-5
2.54564e-5
-2.19703e-5
1.49215e-5
-8.65599e-6
4.20568e-6
-2.20087e-6
8.65928e-7
1.6326e-5
-3.08789e-5
4.10973e-5
-4.2292e-5
3.39998e-5
-2.04211e-5
1.12521e-5
-4.70706e-6
3.62396e-6
-3.10127e-6
4.41757e-5
-6.88241e-5
6.71435e-5
-5.45948e-5
2.79924e-5
-1.69061e-5
4.87907e-6
-4.52637e-6
0.000101786
-0.000115817
0.00010232
-4.0423e-5
3.45975e-5
-9.3589e-6
-0.000185694
8.78199e-5
