17.7706 5.52411 23.7251 0.0212471
16.5068 5.97825 24.4251 0.0271126
15.4699 6.53126 22.2643 0.014267
20.4266 4.9994 24.701 0.0201923
18.753 5.37687 26.0698 0.0307214
18.5125 5.42743 21.6302 0.00862492
20.5695 5.04299 22.3184 0.00936921
20.0679 5.42537 28.0038 0.0333126
18.4625 5.99756 29.0465 0.0430321
19.4357 5.36041 20.5141 0.00176134
22.499 5.0631 27.7376 0.0219871
21.4594 5.57177 29.7569 0.0316475
22.3244 5.06933 20.485 2.51888e-5
22.6727 4.8145 22.9645 0.00829259
22.6373 4.86534 25.3984 0.0155408
21.3832 5.42552 18.5995 -0.00763855
24.1083 5.23478 28.9729 0.0154228
24.0642 5.82923 16.8577 -0.0108864
24.4128 5.32625 18.5306 -0.00553464
24.4688 4.84834 21.9872 0.00268623
24.9955 4.80282 24.9667 0.00609607
23.9376 5.82973 31.1693 0.0188228
26.2687 5.22022 28.5144 0.00300099
25.2519 5.59742 30.4169 0.0096
26.6183 5.14768 20.2943 -0.00114267
27.0656 4.99987 25.8048 -0.00109911
27.1929 5.66293 29.8648 -0.00343436
27.6098 5.47295 19.3615 -0.000891104
27.7377 5.01858 23.5341 -0.0017691
28.2179 5.40338 28.232 -0.00779349
29.38 5.39585 22.1067 -0.00290819
29.3095 5.43024 26.9854 -0.0110611
29.9212 6.00973 19.3856 0.00188284
30.2468 5.53456 24.9948 -0.0101815
31.2466 5.90517 22.7628 -0.00568613
32.2052 6.5547 27.2662 -0.0243775
14.9797 6.70556 25.0005 0.0319255
16.753 6.14971 27.2029 0.0409294
14.553 7.07654 26.4508 0.0400753
15.6444 6.91135 28.4664 0.048685
16.5979 6.48196 19.5768 -0.00373646
17.1699 6.89053 30.5511 0.0519835
17.9152 6.39176 18.2177 -0.0121926
16.4252 7.14541 17.6069 -0.0169848
20.0215 6.36132 31.3523 0.0422225
19.4932 6.56094 16.4508 -0.0208235
18.0709 7.0836 16.2349 -0.0243816
18.4546 7.39702 32.7264 0.0515459
22.1441 6.50258 15.5363 -0.0198166
22.0401 6.26723 31.9021 0.0319916
21.3493 7.10256 33.4702 0.0377196
23.8651 6.9544 33.5797 0.0198978
24.6165 6.81349 14.7393 -0.0151653
25.3062 6.75889 33.0807 0.00874024
26.3587 5.94093 16.9595 -0.00515598
27.3422 6.57367 32.2127 -0.00687638
26.5795 7.82635 34.7843 -0.00286459
28.7187 7.41499 33.2706 -0.0191789
27.9737 6.59796 16.0649 -0.000988188
28.794 6.21202 17.6112 0.00155736
29.5322 6.77091 31.4319 -0.0224113
29.9548 6.37522 29.952 -0.0218959
31.2588 6.62204 29.3598 -0.0276358
31.7533 6.50556 20.1288 0.00271802
32.5942 6.467 24.7695 -0.0151608
33.1849 6.89974 21.7583 -0.00218804
33.6669 7.02392 23.6414 -0.011276
13.1655 7.79968 22.1923 0.0138801
12.7319 8.05829 24.2927 0.0269158
12.797 8.31562 27.052 0.0419754
14.4752 7.74282 29.1771 0.0524104
14.1816 7.61534 19.652 -0.00325359
14.855 7.9739 17.5039 -0.0180302
15.6427 7.86396 31.1974 0.0572528
17.8254 7.7542 14.9961 -0.0316497
19.7647 7.58118 14.2181 -0.0315963
20.3332 8.02927 34.6459 0.0440945
18.5973 8.60892 34.8015 0.0524938
22.1164 7.69316 13.326 -0.0287564
22.1326 7.91507 34.9546 0.0324686
24.2043 8.39351 35.8012 0.0162421
25.6728 7.79246 13.2499 -0.014488
26.6767 7.18696 14.4023 -0.00797415
29.2739 7.62554 14.6849 0.00511661
30.1329 6.90703 16.8385 0.00689742
31.2683 7.51128 31.5962 -0.0348947
32.2581 7.18027 18.39 0.0100341
30.3412 8.07395 33.4072 -0.032138
32.8585 7.92434 30.7693 -0.0415144
33.8027 7.67538 19.5814 0.00950337
34.7047 7.77396 26.4753 -0.0281434
33.7232 7.62446 28.5913 -0.0361083
34.7764 7.81019 21.9417 -0.00157048
35.7772 8.39425 24.2759 -0.0160815
11.8198 8.88109 21.417 0.00801385
10.7331 9.58992 23.3291 0.01841
11.4658 9.1036 25.5125 0.0320666
12.8202 8.90908 29.3152 0.0508962
12.8539 8.74996 18.8386 -0.00891882
14.183 8.73776 31.3111 0.0581063
15.7865 8.27627 15.7665 -0.0287491
16.4114 8.61007 33.3871 0.0586779
18.2471 8.93731 12.8745 -0.0412393
20.7057 8.84448 12.0055 -0.0385298
20.6554 9.42128 36.6619 0.0398597
23.2586 9.36195 37.0255 0.0223455
23.5689 8.11066 12.6194 -0.0255565
27.3669 8.4723 12.652 -0.00610056
29.4969 8.87244 35.148 -0.0275733
27.7541 8.66411 35.5753 -0.0135881
29.8031 9.63208 12.0482 0.00925435
31.7337 7.82586 16.2305 0.0151042
30.739 8.39203 14.3548 0.0136522
32.3878 8.45725 32.4182 -0.0439136
31.8873 9.50586 34.5511 -0.0450294
32.8929 9.46259 14.3552 0.026869
33.3467 8.48579 16.6375 0.0217669
34.4883 8.85951 30.643 -0.0484121
34.6343 8.65074 18.1845 0.0195923
35.7749 8.7427 20.6646 0.00827755
35.6737 8.80184 27.8931 -0.0388874
35.5368 9.17789 29.4678 -0.0471799
36.5349 9.07305 22.4226 -0.00256252
37.0814 9.4824 25.4244 -0.0244079
9.60318 10.7285 24.8471 0.023438
10.4032 10.2575 26.845 0.0348411
10.7485 10.0258 20.5933 0.00189264
10.732 10.5538 28.9894 0.0431025
13.6601 8.94313 17.0003 -0.0210652
12.1002 9.87906 17.5582 -0.0169643
11.91 10.4753 31.2171 0.0521404
13.072 10.3778 32.78 0.0571974
14.8249 9.43967 33.2929 0.0602633
14.9323 9.49902 14.5342 -0.0355918
12.916 10.57 15.1372 -0.0308485
16.6598 9.03727 13.7625 -0.039424
16.0334 10.1122 35.3289 0.0578707
18.0115 9.68223 35.9217 0.0535183
17.8066 10.8908 37.1515 0.0511123
22.9948 9.56205 10.7155 -0.0330472
25.0051 9.17471 11.2482 -0.0217238
25.2951 9.67405 37.3725 0.0060317
27.5314 9.66244 36.8847 -0.0125536
26.8728 9.85865 10.7942 -0.0109828
27.6766 10.7563 37.9776 -0.0141416
30.4071 10.993 37.1794 -0.0360619
32.008 9.82716 13.1285 0.0238454
34.2081 9.42333 15.8649 0.0296154
33.9087 10.1462 33.655 -0.0548293
36.1944 10.3369 17.1142 0.0328393
36.7142 9.76769 19.7021 0.0177662
37.4677 10.0022 26.6562 -0.0331198
36.2267 10.6986 31.5189 -0.057574
38.0131 10.3119 23.6731 -0.010042
37.1013 10.4401 29.2214 -0.0487628
37.8021 10.2799 22.0065 0.00321745
9.04534 11.4868 22.7247 0.0109208
11.117 11.6916 15.9766 -0.0244474
13.9987 11.0259 34.7444 0.0574831
15.5792 10.8076 12.3141 -0.0456485
16.9876 10.2469 12.0242 -0.0466479
13.7826 11.6989 12.7486 -0.0420052
14.4728 12.2374 36.4442 0.0529743
18.5575 10.767 10.7098 -0.0483096
20.8486 9.80209 10.9336 -0.041869
20.5166 10.7941 38.0496 0.0375978
18.2895 11.8518 38.2296 0.0457481
20.4297 11.2082 9.71057 -0.0461219
23.3257 10.6855 38.3835 0.019852
25.4958 11.0425 38.6534 0.00326962
24.6151 10.4493 9.83579 -0.0261503
28.209 10.5844 10.426 -0.00217313
32.0499 11.0359 11.7133 0.0260757
32.1446 10.7108 35.8739 -0.0484587
32.0525 11.7497 36.9966 -0.0478299
34.0571 11.0178 13.3242 0.0376802
34.0832 11.8467 35.5934 -0.0589794
35.2859 10.5946 15.353 0.0382526
35.6303 11.5531 33.6322 -0.0620997
38.1424 11.2815 19.4098 0.0258103
38.6726 11.0933 25.8332 -0.0265424
39.1028 11.6485 22.2583 0.00491235
8.44612 12.1599 24.3562 0.0161724
8.28198 12.5132 26.0429 0.0214179
8.83839 11.9912 27.1618 0.0280074
10.4259 11.2525 18.1662 -0.0128389
9.51114 11.428 20.4236 -0.000496852
8.89385 12.8932 29.6851 0.031898
10.1425 11.7628 30.3121 0.0418614
10.7264 12.2546 32.2333 0.0448578
12.2883 12.2505 34.3403 0.0511833
15.8007 12.175 37.3203 0.051398
16.3227 12.1657 10.4615 -0.0499208
22.3923 11.6075 8.98156 -0.0390406
20.9338 12.5929 39.6135 0.0305759
23.4928 12.0891 39.5022 0.0166874
24.5733 12.6642 8.09445 -0.028385
26.0439 12.7933 8.0731 -0.0189873
27.3716 11.2969 9.46608 -0.00871455
26.8398 12.3776 39.4996 -0.00729706
30.0574 12.1601 9.60791 0.0117249
29.7587 12.5702 38.8033 -0.0298181
35.9262 12.3752 13.7228 0.0494588
36.7711 12.2234 15.0041 0.0491233
38.6886 12.3579 29.7066 -0.0526504
37.5774 12.2772 31.8457 -0.0612162
37.9849 12.2185 17.0699 0.0426189
39.0217 11.9826 27.7515 -0.0405047
39.4619 12.4075 20.8983 0.0182684
39.3814 11.8786 24.2437 -0.0119498
9.24412 12.754 17.8986 -0.0134033
8.16127 13.5382 19.4346 -0.00653282
7.74008 13.6966 20.6772 -0.00197857
11.0841 13.3121 33.9961 0.0426848
12.5228 12.7782 12.8003 -0.0391582
11.2345 12.9265 14.1766 -0.0315751
12.5949 13.154 35.6129 0.0477343
13.687 13.939 10.7467 -0.0448429
17.8703 13.3573 39.2339 0.0409113
18.5944 12.7549 8.99629 -0.051793
19.7025 13.403 8.17565 -0.0500647
24.5291 13.6849 40.6215 0.00858896
29.2924 13.5487 39.7045 -0.0252072
31.8757 12.9626 9.85345 0.0263833
31.5754 13.9756 39.0281 -0.0404416
34.1357 12.5059 11.7984 0.0419527
33.0928 13.3272 37.6772 -0.0523783
34.6532 13.2775 36.4346 -0.0612591
36.2915 13.2667 34.8008 -0.0654082
37.9205 13.272 15.3933 0.0532517
39.0167 12.4508 19.1038 0.0321828
39.4094 13.6379 17.7233 0.0444198
38.9475 13.7918 31.4672 -0.0604547
40.367 14.083 19.8945 0.0303996
40.4477 13.6187 26.4561 -0.0278811
7.03895 14.4061 22.3932 0.00231795
7.06506 14.3521 25.2835 0.0103685
7.7218 14.0144 28.3143 0.0200754
9.614 13.6849 15.669 -0.022091
8.32369 15.1709 16.2778 -0.0156709
7.83603 14.7849 18.023 -0.0110154
9.51479 13.8943 32.3789 0.0326183
10.3563 14.727 13.4183 -0.0287299
9.62467 15.4945 34.1627 0.023139
11.3478 14.6017 35.5202 0.0355958
12.9222 14.1598 36.7486 0.0419347
14.6961 13.9097 37.9434 0.0441929
16.3306 14.3914 8.76165 -0.0509438
14.6676 14.8578 9.4551 -0.047102
15.9907 14.385 39.0199 0.0406141
17.5956 14.1876 8.36034 -0.0522922
21.6192 13.9707 7.38954 -0.0436549
22.1516 13.8744 40.6482 0.0216152
27.0601 14.0256 40.5606 -0.00819272
28.4135 13.922 7.80971 -0.00179865
33.3402 13.7164 10.2415 0.0381978
35.801 13.9028 12.1069 0.0531323
35.5066 14.8626 36.8904 -0.0616382
37.0778 14.0316 13.4151 0.0573822
38.2813 14.7716 33.7074 -0.0648361
36.9357 14.8792 35.4604 -0.0651451
39.092 14.8075 15.57 0.0572069
39.8888 14.4555 30.3282 -0.0542605
40.4157 13.4849 22.2856 0.00894214
40.915 14.1657 24.3633 -0.00837849
40.0363 13.6023 28.2942 -0.0428979
6.87307 15.8268 19.278 -0.00663772
8.27676 14.2838 30.4191 0.024091
8.10688 15.9775 32.1412 0.0138562
8.89285 16.5945 13.9946 -0.0188952
12.2977 14.4979 11.5095 -0.0391733
10.6335 15.9294 12.1356 -0.0290457
11.6755 15.9628 36.8584 0.0260701
13.7045 15.6809 38.4043 0.0320907
12.8486 16.1442 9.93256 -0.0379976
14.784 16.1301 39.3559 0.0300668
16.7578 15.2993 39.9464 0.0347314
18.8399 15.0963 7.3929 -0.0501708
19.5987 15.1212 40.874 0.0286027
22.4164 15.4566 6.51385 -0.0399812
24.0974 14.5347 6.93846 -0.0316368
22.809 15.953 41.765 0.0156671
26.1554 15.0215 6.82313 -0.0184264
25.4168 15.2309 41.3892 0.00313945
28.8425 15.0615 40.7111 -0.0189753
30.3167 15.0253 7.80896 0.0127312
34.0826 15.5529 38.512 -0.0514424
34.5433 14.9034 10.2981 0.0467083
36.6391 15.694 11.603 0.0576867
36.3405 16.1825 36.9821 -0.0597052
38.4082 15.3849 13.8827 0.061353
39.4838 16.4674 14.6665 0.0621142
39.3394 15.6338 32.8266 -0.0617024
40.3771 15.2425 17.8492 0.0471428
41.2539 15.0504 21.9704 0.0149206
40.8305 15.1077 28.5514 -0.0417698
41.5798 15.8488 26.4349 -0.0228871
6.14708 16.5329 21.4782 -0.00304767
5.91503 16.6137 24.0797 -0.000521886
6.73376 15.6946 27.7968 0.00836609
7.33403 15.7848 30.095 0.0119148
9.82136 17.1638 35.5838 0.0108946
8.72467 17.4359 34.331 0.00513579
14.8306 16.4811 8.46146 -0.0427189
17.2499 16.6142 7.20832 -0.0455702
18.1759 16.3081 40.9727 0.0278061
19.9925 16.0841 6.59716 -0.0465229
19.7881 16.8771 41.6709 0.0233217
27.4353 16.1543 41.5679 -0.00757343
28.0506 16.3251 6.50515 -0.0052984
30.5753 16.2012 40.7069 -0.0271598
32.8953 15.202 8.97886 0.0340871
32.9186 16.1954 39.5828 -0.0423282
34.6806 16.5299 9.4239 0.046392
37.6707 17.4296 11.662 0.0604273
38.1357 17.5442 35.8881 -0.0577425
39.5462 17.3598 33.8862 -0.0583555
40.4797 16.7508 16.3497 0.0562772
41.1971 16.4329 18.6496 0.0432003
41.3996 15.8962 20.3256 0.0301252
40.9695 16.511 30.2167 -0.0483005
41.959 16.3944 22.9898 0.00809959
42.0599 16.6006 24.6578 -0.0060511
5.56848 18.0792 21.9445 -0.00462784
5.42939 18.5104 26.4262 -0.00745242
6.16798 17.5 19.4919 -0.00514142
6.7782 18.0622 16.9289 -0.00684576
7.85275 17.8112 14.8792 -0.0114002
10.6502 17.9476 36.9096 0.00695504
12.5334 17.84 38.5494 0.0133877
13.0754 18.364 8.77672 -0.0300544
16.4496 17.6256 40.8661 0.0216622
21.6113 16.762 6.04638 -0.0413757
21.053 17.8835 42.2558 0.0183847
24.2323 16.6357 5.90665 -0.0297492
21.9525 18.1366 5.55403 -0.0372772
24.7312 16.6527 42.0719 0.00731318
26.9018 18.3584 42.4859 3.43995e-5
28.803 17.1109 41.6526 -0.013275
32.9417 16.9631 8.06387 0.0322037
32.1558 17.5022 40.5573 -0.0321659
35.8754 17.5296 9.89453 0.0523865
35.9976 17.8796 38.1663 -0.0494507
39.5366 18.2628 13.5562 0.0632603
40.5953 17.5011 32.088 -0.0530352
41.5552 16.731 28.5997 -0.0373479
42.5068 17.9086 23.4733 0.00601212
5.36813 19.4977 20.7725 -0.00449899
5.52419 17.7701 24.2766 -0.00414124
6.34304 17.1105 28.6354 0.000770913
5.35101 19.6043 27.5937 -0.0134288
6.56212 17.8957 30.3383 -0.00400396
7.43194 18.2073 32.6148 -0.0045924
9.85736 18.0308 11.8813 -0.0187555
8.15906 19.2679 13.5901 -0.00707617
8.75918 18.7512 35.1161 -0.00572236
11.7228 17.8684 10.0503 -0.0273374
14.2745 18.0302 39.8642 0.0163252
15.1702 18.8261 7.34227 -0.0336237
18.2965 18.6175 41.8483 0.0181002
19.3714 17.5794 6.17835 -0.0426859
20.4876 18.961 5.55493 -0.0370496
24.1117 17.9414 42.541 0.0102075
26.711 18.6728 5.41816 -0.014471
30.1418 17.1791 6.73664 0.0095103
30.758 18.5039 41.55 -0.0189882
31.9041 18.0674 7.14894 0.0223759
35.1818 18.5632 8.88159 0.0455026
33.8071 17.945 39.8116 -0.0388194
39.1853 19.6241 12.4808 0.0612688
39.2928 18.8191 35.0862 -0.0534287
40.6048 18.9479 14.938 0.0601029
41.4617 17.9527 17.6925 0.0490619
42.1759 17.7331 20.8154 0.0275071
42.2953 19.5178 19.047 0.0393247
41.543 17.9086 30.058 -0.0422592
42.479 18.2277 26.4835 -0.016997
42.6329 19.5921 27.8898 -0.0226425
5.29254 18.8869 23.3205 -0.00643079
5.82257 19.5911 18.5857 -0.0025408
6.51296 19.536 31.4521 -0.0158324
6.745 19.7929 15.8356 -0.00195149
7.60862 19.549 33.7481 -0.0149583
9.56231 20.1485 36.5853 -0.0152953
11.2737 19.8775 38.2099 -0.00700598
11.6498 20.6399 9.16795 -0.012146
13.4513 20.0739 39.9655 -0.000196117
13.7914 19.4017 7.96791 -0.0268939
15.5736 19.5771 41.0662 0.00954346
16.6478 20.4938 41.745 0.00736441
16.5538 19.1788 6.61683 -0.0344615
17.7063 20.3855 5.8987 -0.030115
19.5657 19.841 42.4699 0.0145107
22.3371 19.4009 42.7658 0.0143493
23.7861 18.2851 5.38931 -0.0299213
25.1845 20.3036 5.03971 -0.0208787
26.2722 19.8129 42.84 0.00555675
29.1474 20.1952 5.59958 -0.000589906
28.5119 20.054 42.622 -0.00141091
31.483 19.5227 6.52523 0.0162919
33.7243 19.5686 7.6006 0.0323222
32.612 19.291 40.936 -0.0252861
34.7319 20.1605 39.9036 -0.030251
37.413 19.6518 10.4901 0.0552261
38.0565 20.0072 36.9912 -0.0445731
40.4407 19.681 33.7274 -0.0474204
41.4262 19.9977 16.1079 0.0542688
41.5439 19.5989 31.3724 -0.0410617
42.5781 19.1447 21.0631 0.0259081
42.8552 19.6809 23.1795 0.0102721
42.9808 20.5641 25.5988 -0.00568027
4.98401 20.9038 22.8091 -0.00822158
5.06916 20.4844 25.6762 -0.0138632
6.12338 21.3765 16.6082 0.00377723
5.42653 21.4136 29.4266 -0.025697
6.61303 21.1795 32.3684 -0.0283737
8.50025 21.4094 35.7171 -0.0284938
9.29269 20.631 11.571 -0.00374382
7.95077 21.0681 13.2839 0.00232117
10.4233 20.4487 10.3441 -0.00883856
13.0781 21.6401 7.93782 -0.0107934
15.3834 22.225 6.55841 -0.014331
22.1772 19.964 5.14377 -0.0314561
20.2773 21.4474 42.8511 0.0112581
23.4465 20.6841 43.0236 0.0131322
27.4073 20.3556 5.24096 -0.0107219
36.1712 20.8608 8.98732 0.0445374
36.4856 20.1715 38.5134 -0.03795
40.1008 20.8371 13.3767 0.0588919
39.4674 20.9677 35.6277 -0.0419472
42.3497 21.4915 17.9477 0.0423645
42.8911 21.318 20.7114 0.0264853
5.15923 22.1562 19.8144 -6.11477e-5
5.52186 21.7288 18.32 0.00238085
7.04624 21.7674 14.5521 0.00682573
9.21727 22.7834 36.8123 -0.0371379
10.3047 21.7255 37.7494 -0.0256499
11.5732 22.1843 38.9392 -0.0234677
14.2855 21.9929 40.8418 -0.00901489
18.1187 21.8915 42.4358 0.00537007
19.2651 21.7873 5.29048 -0.0258067
21.6734 21.7965 4.99171 -0.0260651
23.8711 22.1855 4.82784 -0.0220185
25.6993 21.3583 43.0584 0.0104757
29.4854 21.5254 5.43637 -0.000772413
29.8954 21.9199 42.5322 0.00127254
31.7848 20.7033 41.6289 -0.0132002
33.7392 21.1034 40.7179 -0.0197094
34.4328 21.5799 7.64155 0.0309793
37.8821 21.8056 10.4069 0.050399
38.5206 22.0338 37.0539 -0.0327193
38.9793 22.2369 11.5603 0.0523905
40.744 21.8378 14.0996 0.054641
41.8622 21.9347 16.3906 0.0483999
41.8009 22.2676 31.7502 -0.0297527
43.1654 22.3757 23.2999 0.0101505
4.90255 23.1294 21.8697 -0.00556972
4.81381 22.9559 25.0397 -0.0179852
4.97885 22.1831 26.8493 -0.022507
6.38963 22.9042 32.3026 -0.0402619
7.74847 22.8062 34.8613 -0.0399611
7.84652 22.8041 13.1037 0.0129142
9.24719 22.9232 11.1833 0.0110423
10.726 23.6989 9.56576 0.0117931
13.2018 23.3204 7.72054 0.000214449
16.2952 22.4367 41.8648 -0.00311299
16.8528 23.6501 5.8384 -0.0105242
19.4866 22.781 5.17426 -0.0216347
22.2562 23.8465 43.1808 0.0124552
23.6323 22.5053 43.1807 0.0138294
26.8013 22.6725 4.94352 -0.0138225
28.1107 22.3147 42.8854 0.00807481
32.4373 21.8174 6.55001 0.0168017
30.5272 23.6636 5.60555 0.000169794
31.9525 22.4893 41.787 -0.0033636
35.3292 22.6188 8.12207 0.0324767
34.4502 23.3303 40.5124 -0.00748244
36.9858 22.6278 38.6 -0.0228795
40.2938 22.0403 34.6521 -0.0359458
41.174 22.7888 33.1857 -0.0302166
42.7582 23.6668 19.057 0.0309592
42.5746 21.6802 29.535 -0.0241346
42.9289 22.3206 27.5637 -0.0132111
5.14041 24.2037 19.6504 0.00502618
5.60778 24.1963 17.4573 0.0125937
6.38777 23.7453 15.5507 0.0155788
5.5961 24.1137 30.5101 -0.0430633
7.72284 23.9753 13.1886 0.0200027
10.3322 23.6725 37.9939 -0.0396984
12.1084 24.0294 39.4984 -0.0329035
14.987 25.0965 6.6889 0.0052808
15.5543 23.8861 41.5942 -0.0129403
17.4219 24.3365 42.377 -0.00504248
18.7399 23.8595 42.7039 0.00197348
20.4243 24.3789 42.99 0.0070341
21.6664 24.2969 4.87177 -0.0182737
26.3242 23.6937 43.1417 0.0158769
28.6249 23.9962 5.16331 -0.00857857
32.78 23.9094 6.56723 0.0113991
37.2356 23.3079 9.61902 0.0403339
38.4441 23.7436 10.7849 0.0435362
39.6116 23.9985 12.1936 0.0446253
39.8459 23.3703 35.4697 -0.0266992
40.9177 24.0819 14.246 0.0441391
41.6503 23.5015 15.6723 0.0447204
42.4508 24.0306 17.6562 0.0355908
42.3514 24.1058 30.6541 -0.0182585
43.0805 25.1606 21.2712 0.0173199
43.1584 24.3343 25.9846 -0.00200735
4.80468 24.9618 22.9708 -0.00964553
4.91322 25.0125 26.5237 -0.0287641
5.2478 24.3939 28.9779 -0.0389232
6.39832 24.4405 32.4334 -0.0496836
7.32747 24.8919 34.1386 -0.0534152
9.27268 24.7504 11.0687 0.0231611
13.6813 24.9414 40.5577 -0.0286065
16.725 25.565 5.95119 0.000719011
18.123 26.0568 5.46138 -0.00241412
19.9197 25.7038 5.10896 -0.00981233
24.487 24.424 43.2019 0.0173988
25.7588 24.4217 4.83727 -0.0163946
31.1479 24.3503 42.1616 0.0103856
33.9341 24.8169 7.22558 0.0139515
35.9407 24.5769 8.56042 0.0264382
36.4775 24.6672 39.0429 -0.00637319
38.7232 24.3531 36.9464 -0.0170937
41.4619 24.3943 32.7268 -0.0204094
43.1662 25.2307 23.4688 0.00852981
42.8593 23.7957 28.3569 -0.0125055
5.43234 26.3644 18.4491 0.0170138
5.07057 25.6783 20.4536 0.0045161
7.76961 25.6833 13.1872 0.0300872
8.882 25.1773 36.3647 -0.0527124
10.1684 25.2564 37.7685 -0.050033
10.7939 25.9367 9.65074 0.0277179
11.2855 25.3395 38.7941 -0.0449559
12.9787 25.4005 7.95497 0.0159106
19.3134 26.2368 42.7461 0.000109177
22.5309 26.0758 4.88072 -0.014824
24.2189 25.9715 4.83911 -0.0163974
28.5195 25.2555 42.823 0.0205236
31.7044 25.5649 6.13505 -0.000538922
32.746 25.7663 41.3852 0.0144542
37.6617 25.4341 10.087 0.0298144
37.7226 25.0302 37.931 -0.0087315
38.7035 25.4825 11.132 0.0333911
40.7433 25.9215 33.9356 -0.0112121
41.5889 25.3362 15.6906 0.0349197
42.5738 26.5897 18.5761 0.0211539
42.8368 25.836 28.222 -0.00620693
4.99081 26.9971 22.2543 -0.0035679
5.56706 26.059 29.9159 -0.0481811
6.64145 26.4586 15.4321 0.029779
6.11146 26.63 31.3715 -0.0556555
7.04337 26.4169 33.4246 -0.0600613
8.801 26.9343 11.9546 0.0383513
14.264 26.9064 7.28237 0.0206703
15.5604 26.1851 41.4479 -0.0217062
13.5625 26.4192 40.3542 -0.035777
16.2182 27.299 6.37062 0.013095
19.2422 27.625 5.387 -0.000127518
21.9977 27.1174 42.9929 0.0128317
24.379 26.3867 43.1152 0.020704
26.3288 26.2032 43.0083 0.0238602
27.9653 26.0829 5.15484 -0.013802
29.6661 26.2908 5.52157 -0.0102176
28.7361 26.2122 42.7096 0.0248002
33.1891 26.3203 6.92629 0.00271611
34.6915 25.8463 40.268 0.00892302
35.8571 25.9628 8.64089 0.0178301
36.0655 26.9601 39.1277 0.0114504
40.1508 25.9084 13.0934 0.0329135
39.2473 26.1345 35.9809 -0.00651349
41.8768 26.6198 31.3929 -0.00778543
42.478 26.2704 29.6813 -0.00763131
5.35631 28.6455 20.5147 0.0115399
4.94672 26.8813 24.733 -0.0196885
5.17488 26.7159 27.677 -0.0380258
5.54805 28.2458 28.5084 -0.0449582
7.80493 27.608 34.3545 -0.0642556
8.70321 27.9987 35.4939 -0.0645189
9.98914 28.0133 10.9515 0.0441568
10.1978 26.9911 37.4945 -0.0571924
11.7431 27.1749 38.931 -0.0499389
13.1722 27.2807 8.07503 0.0284552
17.8887 26.4624 42.3345 -0.00802924
21.694 27.7216 5.09975 -0.00908499
20.6915 28.82 42.613 0.00656808
25.606 27.3216 5.02682 -0.0168001
31.4326 27.4996 6.28752 -0.00931088
30.5499 27.2598 42.0667 0.0279314
34.1519 27.5517 7.70137 0.000209623
36.6508 27.3756 9.54236 0.0120371
38.1413 27.8363 11.0678 0.0143224
39.3557 27.0026 12.2053 0.0240355
40.1042 27.5227 34.4915 -0.000514844
38.4851 27.6498 36.6427 0.00624056
41.3658 26.8895 15.6003 0.0254497
42.6491 28.3955 20.4069 0.0101469
42.9308 27.5154 22.3241 0.00885669
43.016 27.0957 25.1921 0.00298536
5.64475 27.8288 18.6898 0.0209543
5.2688 29.1027 24.0446 -0.0135095
6.68414 28.1992 32.0557 -0.0610919
7.61665 28.4285 14.2261 0.0442054
11.0794 27.878 9.86104 0.0406233
14.1255 28.3754 40.3338 -0.0381818
15.0562 28.8412 7.26408 0.0284506
17.5325 29.4551 6.3439 0.0168423
18.8678 27.8933 42.3865 -0.00426912
16.5143 28.4778 41.4726 -0.0211981
23.5985 29.085 5.2424 -0.0124691
24.087 29.4065 42.6989 0.0252778
25.823 28.036 42.8562 0.0290768
26.5074 28.4182 5.27382 -0.0180485
28.6466 28.1513 5.58006 -0.0172598
32.4214 28.4267 6.93089 -0.010621
34.2288 28.4322 40.069 0.0274661
37.3206 27.5357 37.9088 0.0102153
40.3265 28.53 14.1722 0.0138315
41.2539 28.2028 32.1681 6.29584e-5
42.1774 28.4079 29.4152 -0.000474673
42.7075 29.113 24.6797 0.00330374
42.6321 28.5015 27.2278 0.000968273
5.44444 29.4725 21.3385 0.00766088
5.42336 29.4081 25.9948 -0.0276848
6.51542 28.4451 16.5191 0.0355669
6.16579 29.5298 29.6586 -0.0522501
10.2718 29.6021 36.7243 -0.0638656
10.9882 29.292 37.5566 -0.0605358
12.7662 29.6717 38.9956 -0.0508379
12.9773 29.2461 8.73541 0.0423282
20.9336 29.3553 5.4555 -0.00208493
21.5788 29.4512 42.5758 0.0121248
27.9071 28.963 42.3973 0.036289
29.4575 30.4274 41.5973 0.0432153
29.6308 29.6501 6.20626 -0.0208543
31.4454 28.8254 41.3834 0.0351333
33.184 28.7975 40.5925 0.0321786
34.7828 29.4203 8.63737 -0.00877088
36.7107 29.4587 10.2431 -0.00256988
35.1142 29.4909 39.1439 0.0306795
41.4291 28.5771 16.467 0.0137357
41.4495 30.0882 17.6858 0.00384114
42.5708 29.4891 21.5739 0.00510957
5.53366 30.2402 23.0051 -0.00364496
6.54325 30.4487 18.0249 0.0350989
7.20268 29.691 15.7759 0.0454405
7.76361 30.1863 33.0205 -0.0651824
8.87504 29.5288 12.8404 0.0529552
8.76041 30.4775 34.4411 -0.0667368
10.5856 30.4696 11.3416 0.0571332
12.3307 30.5009 9.75309 0.0526819
14.5264 30.6017 8.19074 0.0418978
16.4833 30.6901 7.2029 0.0294262
18.0948 30.5026 41.4372 -0.0126667
22.5603 30.3411 5.59236 -0.00733184
24.9404 30.6014 5.66548 -0.0160619
27.538 30.3196 5.91442 -0.0219755
26.0469 29.8635 42.4459 0.0347534
28.235 30.1972 41.9775 0.0416353
30.5903 30.5606 6.80744 -0.0234847
32.8407 30.402 7.78113 -0.0197192
37.858 30.3116 11.7633 -0.00521165
39.1046 29.6874 12.8921 0.00295305
40.0122 29.8212 33.5633 0.0111896
38.7326 29.8873 35.4432 0.0172392
41.6566 30.8888 19.361 -0.000616165
41.8326 30.4991 28.5099 0.00427319
41.2259 29.9095 31.0838 0.00622736
42.4759 30.2295 23.7234 0.00239688
42.4317 29.9206 26.0557 0.00255859
5.93396 31.3649 24.9601 -0.0173657
6.54255 31.4551 19.2873 0.0293032
6.25387 31.2178 27.7479 -0.039092
6.85064 30.5801 30.6646 -0.0573053
8.10226 30.5692 14.6623 0.0542519
12.7409 31.4683 38.1639 -0.0527451
13.8302 31.694 9.16476 0.0515258
14.2642 30.4251 39.6907 -0.0421216
16.2902 30.7716 40.6479 -0.0269714
18.6792 31.3253 6.6346 0.0168311
19.5582 31.5208 41.4648 -0.00228543
20.8771 31.8223 41.5744 0.00737964
23.0672 31.1666 42.1072 0.0221573
27.3067 31.3018 6.19257 -0.023581
26.4361 31.4994 41.853 0.0401609
31.2288 31.3874 40.5764 0.0465546
33.8728 31.5123 8.87565 -0.0240727
35.9831 31.3754 10.438 -0.0180938
36.7865 30.1411 37.4807 0.0272668
34.7647 31.1797 38.6714 0.0399997
39.7233 30.4205 14.2847 -0.000775317
40.4663 31.1568 16.243 -0.00437553
40.1433 30.8268 32.6426 0.0137222
42.09 31.3691 23.8927 0.000265156
41.8534 31.4659 26.524 0.00294408
6.46249 32.3279 21.7748 0.0115466
7.00474 32.3134 28.9116 -0.0457148
7.39581 31.5397 16.923 0.0462372
7.82307 32.4643 31.0479 -0.0567288
8.86049 32.7664 32.8573 -0.0624021
9.11736 31.2254 13.5493 0.0602045
10.2628 31.9135 12.5697 0.063508
10.4901 31.9437 35.7141 -0.0633637
12.5057 32.3133 10.5591 0.0606846
15.64 32.4351 8.44221 0.0428812
20.7862 32.198 6.5409 0.0058474
23.2252 32.0155 6.21985 -0.00879451
24.8416 32.7303 6.54418 -0.0166541
24.653 31.7647 41.9072 0.0318619
31.1284 32.5221 7.90264 -0.0314215
33.2078 31.3232 39.6028 0.0443888
37.7064 31.961 12.5821 -0.017291
39.7263 32.2108 15.7575 -0.0127266
38.644 31.8891 34.3463 0.0247135
40.0884 32.5599 31.116 0.0154209
40.6612 32.3766 18.1206 -0.0100644
41.1485 32.1022 28.7436 0.00767083
41.2406 32.43 20.3587 -0.00713222
6.90939 33.307 25.9834 -0.0218428
7.43382 33.1977 18.9458 0.0368506
7.44681 33.6223 28.103 -0.0374866
8.41179 32.3984 15.6709 0.0560713
9.52519 33.0359 33.6333 -0.062665
11.8398 33.3181 11.8722 0.0657194
14.8101 32.0283 39.2783 -0.0397611
14.7697 33.9368 9.87992 0.0538703
16.8812 33.3901 8.36918 0.0367734
16.5358 33.687 39.2707 -0.0270538
17.9682 32.5973 40.4824 -0.0152777
19.3057 33.3204 7.43683 0.0183678
19.8775 33.7082 40.4604 -0.000468376
26.4696 33.4687 7.06215 -0.0246579
28.8953 32.5344 7.1264 -0.0292693
28.0047 31.9183 41.4014 0.0457937
28.7984 33.0547 40.65 0.049136
32.696 33.5868 9.3168 -0.0368926
32.4256 32.7934 39.3018 0.0503501
34.2945 33.4431 10.303 -0.034828
35.7693 33.4591 11.5694 -0.0321527
35.7916 32.0846 37.399 0.03947
37.3753 32.0152 35.8584 0.0317305
38.6197 32.4196 14.1039 -0.0175693
38.7824 33.0627 33.0665 0.0248557
41.0972 33.3397 25.6577 0.000517041
6.89147 33.458 24.0572 -0.00534747
7.37952 34.0672 21.5643 0.0179685
8.68446 34.5015 17.703 0.0488113
8.52827 34.6098 29.7112 -0.0442237
9.52111 33.3266 14.7015 0.062249
11.0794 33.9485 13.2392 0.0664476
11.6186 33.4425 35.8585 -0.057916
13.4216 34.0234 10.9441 0.0618736
14.2306 33.6552 37.9118 -0.0438625
21.1621 34.3863 7.64188 0.00654805
22.6516 33.2275 41.1473 0.0203346
22.8657 33.7756 7.11029 -0.00572492
24.0532 34.4895 40.4628 0.029503
26.1256 33.2474 41.065 0.0405789
28.5835 34.1255 7.91522 -0.0333566
29.7839 35.4191 9.17159 -0.040844
31.6444 34.6293 9.44894 -0.0413661
31.0351 33.7069 39.4388 0.0525856
34.8382 33.2031 37.4807 0.0452196
36.9159 33.996 13.3121 -0.0320479
36.5611 34.1036 35.1736 0.0381198
39.2752 34.3313 17.4361 -0.0240185
38.8212 34.1753 31.6883 0.0226881
40.249 34.0459 19.7015 -0.016628
39.8533 34.0281 29.5146 0.0130162
40.8412 33.8208 22.9 -0.00787888
40.5608 33.886 27.0292 0.0041444
8.39229 35.2607 20.2811 0.0315709
7.95808 35.0969 22.2502 0.014496
9.78334 35.1086 31.6366 -0.0508866
11.0637 35.4827 14.8597 0.0630614
11.4135 34.654 34.5515 -0.0554885
12.8836 35.5498 12.7722 0.0639775
13.8175 35.1135 36.4999 -0.0452207
14.5048 35.5897 11.3936 0.0584656
15.8674 35.6353 10.4779 0.0495715
15.9235 35.8886 37.3372 -0.0310344
18.365 35.2873 9.01228 0.0292567
18.635 34.8201 39.398 -0.0107104
20.6783 35.5488 8.52732 0.0113213
21.9772 34.898 40.121 0.015422
20.566 35.3206 39.5568 0.00456003
23.766 35.001 7.81955 -0.0116352
26.5527 35.1268 8.12025 -0.0279128
26.2808 34.7249 40.1487 0.0414421
28.8185 34.6457 39.6491 0.0502898
32.2076 36.2272 11.0307 -0.0485703
32.4802 34.3455 38.2642 0.0523723
33.5382 35.5076 11.3418 -0.046165
35.2718 35.322 12.676 -0.0427827
38.267 34.1221 15.2858 -0.0278358
37.2484 34.8011 33.5176 0.0334706
39.25 35.1461 18.8385 -0.0252111
39.9962 35.1782 22.6489 -0.0128766
8.2618 35.6685 24.4444 -0.00318885
8.63434 35.7239 27.2966 -0.0253529
8.98532 35.583 19.131 0.0411849
9.95569 35.2993 16.376 0.0572981
17.8301 35.9547 38.2093 -0.0171803
20.5217 36.7792 38.4457 0.00360455
30.2228 35.3469 38.6239 0.0524236
33.8635 35.0601 36.7411 0.0492616
36.6956 36.1423 15.4233 -0.0412366
38.1204 35.8659 17.4856 -0.0335332
37.4976 36.0366 31.3767 0.0253437
39.3106 35.8281 20.961 -0.0213987
38.7684 35.6429 29.2423 0.0137975
39.3524 36.037 24.9531 -0.00614863
39.4014 35.467 27.3426 0.00482032
9.88729 36.7474 19.334 0.0404373
9.55173 37.1362 22.1238 0.0190219
9.0635 36.6017 25.3922 -0.00858637
10.5246 37.0492 29.5966 -0.0342656
11.2452 37.0735 17.0339 0.0534092
11.0463 36.3791 31.8573 -0.045925
12.743 36.9612 14.6069 0.0605611
12.882 36.8482 33.7444 -0.0440912
13.8892 36.5745 35.1284 -0.0419489
14.6077 37.1796 12.9904 0.0567155
15.9049 37.1836 11.9831 0.0500316
17.8487 37.0155 10.7402 0.0355806
20.4398 37.0936 9.84419 0.014002
23.307 37.7426 38.0021 0.0227653
22.705 37.3725 9.67411 -0.00468471
23.5811 36.2889 39.1905 0.0259226
24.7063 36.6843 9.08141 -0.0192541
25.3692 36.6321 38.8378 0.0358334
26.5263 36.8549 9.45233 -0.0310313
27.9516 36.4107 9.39092 -0.0372416
30.1934 37.1515 10.8908 -0.0474191
27.8555 36.8536 38.189 0.0457572
32.0019 36.2297 36.9616 0.0510123
30.0934 37.3521 36.8904 0.0486158
33.4738 36.8802 12.6946 -0.0514788
34.0776 36.1424 35.5373 0.046765
35.1009 36.9934 14.4782 -0.0490163
36.0417 36.0576 33.5692 0.0374138
37.944 37.2936 20.6286 -0.0294495
38.4635 37.1847 22.9991 -0.017751
38.4885 36.9473 26.0345 -0.00249596
10.199 37.9373 24.0832 0.00475563
10.6374 37.9725 27.0259 -0.0162125
11.3344 38.0694 19.1022 0.0415285
12.8892 38.5001 16.9689 0.0500872
12.3299 37.9368 31.2003 -0.0363483
13.8337 37.9462 14.7942 0.0558615
16.0311 37.758 35.4516 -0.0282757
17.9501 38.2541 12.0332 0.0344691
17.9233 37.482 36.7993 -0.0161964
19.7555 38.0962 11.1044 0.0198808
24.1263 37.6931 9.94643 -0.0160346
27.987 37.9546 10.8611 -0.0406309
29.2943 38.516 11.9989 -0.047469
31.7696 38.068 12.8093 -0.0532169
31.4593 38.431 34.8968 0.0438308
33.0532 38.2043 14.035 -0.0544171
34.6906 36.9134 33.9959 0.0414852
33.3208 38.3149 33.5191 0.0394901
35.678 38.0755 17.1268 -0.0468654
35.418 37.7064 31.9608 0.031293
36.8991 37.5868 18.5694 -0.0394697
36.565 37.8059 29.7912 0.0183289
37.6461 37.6191 27.1524 0.00286441
11.4972 38.6546 20.4763 0.0321735
11.1504 38.7025 22.4422 0.01828
12.837 39.1057 29.4787 -0.0248823
13.7782 38.4099 32.3961 -0.0344065
16.0518 38.5237 13.5627 0.0463823
15.7353 38.5564 34.1776 -0.0277851
18.0917 38.7218 35.4452 -0.0143726
20.5813 38.3 36.9078 0.00306203
21.3707 38.7362 11.3482 0.00575615
25.87 38.3836 10.8374 -0.028715
25.5383 38.5072 37.1121 0.0338771
27.504 38.1207 37.0585 0.0424498
34.2955 38.4043 15.6808 -0.0526189
35.1068 39.1062 29.6851 0.0181322
34.2379 38.9631 31.3389 0.0283973
35.3708 39.0651 19.0979 -0.0435978
36.5797 38.4979 20.4916 -0.0350912
36.5132 38.9547 22.7247 -0.0244338
35.991 39.2072 27.0483 0.00112493
37.1891 38.4741 24.9091 -0.0109853
13.5944 39.6904 18.5938 0.0396531
12.2298 39.3451 27.0091 -0.0120101
15.3781 39.4916 15.7153 0.0444316
14.5463 39.8157 17.3937 0.0420228
14.4718 39.4029 31.4527 -0.0272363
16.7644 39.7813 14.9853 0.0378257
18.6797 39.5187 13.2999 0.0266755
20.8047 39.7199 35.1634 0.00325161
23.1336 38.9493 36.6087 0.0195518
23.5176 38.8578 11.2269 -0.0120066
26.9451 39.6163 12.5738 -0.0362185
26.9329 39.1932 36.0127 0.0372001
29.4938 39.4865 13.3988 -0.0488226
29.177 39.2457 35.147 0.0407641
31.0382 39.5134 14.4112 -0.0527691
33.2159 39.3559 16.1301 -0.0532567
32.3223 39.7225 32.1456 0.0319444
34.1612 39.8221 18.6436 -0.0467465
34.8562 39.9141 20.9488 -0.0365532
35.785 39.5969 24.5705 -0.0148571
12.8353 40.0499 24.6069 0.00444226
13.5503 40.2991 21.0516 0.0257454
12.8186 39.9916 22.8425 0.0156878
14.0915 40.6988 26.3579 -0.00468071
14.0263 40.2018 28.5486 -0.0161466
17.2188 40.0338 32.8854 -0.0167944
16.8517 40.618 31.3734 -0.0158837
18.8453 40.448 14.7429 0.0229058
19.0009 40.0682 33.9167 -0.00786567
21.1823 40.3485 13.5583 0.00546474
22.9576 40.2173 13.1297 -0.00867741
22.8602 40.4675 34.4303 0.0139342
24.5167 39.5617 35.8671 0.0257626
24.6626 40.0626 12.8655 -0.0214862
26.16 40.2821 34.6596 0.0293325
28.5501 40.7019 14.8773 -0.0436639
28.478 40.3617 33.8117 0.0333129
30.8626 40.6112 16.3204 -0.0500334
30.6928 39.8622 33.2969 0.0358981
32.2609 40.5428 17.7 -0.0496266
33.4436 39.986 30.15 0.0208577
33.7122 40.4297 28.3772 0.00907218
34.2027 40.5455 22.2811 -0.030142
15.0983 40.8029 19.4007 0.0303972
14.7191 41.1883 23.4991 0.0105816
15.5059 40.5651 29.9405 -0.0173383
16.5125 40.8792 17.5222 0.0312509
15.9134 41.5024 27.241 -0.00597619
18.6029 41.3837 16.7733 0.0199265
19.6325 41.1649 32.2668 -0.00422284
18.0951 41.5555 30.1733 -0.00884125
20.5586 41.5654 16.1571 0.00760494
21.5979 40.9125 33.4882 0.00597836
22.3981 41.1834 14.8518 -0.00506455
24.1833 41.139 14.6291 -0.018328
26.0667 40.7022 14.0361 -0.0309171
23.7646 41.1478 33.3566 0.0153308
31.5864 40.8521 30.3853 0.0209361
29.9358 40.9184 31.7566 0.0266834
30.7132 41.3939 18.2442 -0.0450927
32.5643 41.0341 19.6925 -0.0425697
33.115 41.2331 22.6831 -0.0280012
34.2598 40.5584 25.5487 -0.00965866
15.2384 41.2998 21.7326 0.0187826
15.8316 41.7198 24.833 0.00346864
16.2647 41.5785 20.3261 0.0216856
16.5766 41.3458 29.0014 -0.0108553
17.4574 41.5448 18.3982 0.0229783
16.7663 42.1181 23.2878 0.00872392
18.4153 42.5206 21.2047 0.0101347
17.7284 42.1715 27.1957 -0.00390919
19.8951 41.9051 30.5579 -0.00319677
21.5474 42.4659 18.1511 -0.000794132
22.322 41.9652 31.4608 0.00582608
23.9426 42.0012 16.3496 -0.0160145
24.6131 42.0674 31.3518 0.0124699
26.1837 41.4557 32.4315 0.020852
26.6009 41.6175 15.998 -0.0326176
26.811 42.2186 17.6955 -0.0311994
28.6422 41.6462 17.0948 -0.0408148
28.5106 41.4411 31.5431 0.0226452
29.222 42.1616 19.2758 -0.0372324
30.0849 41.6088 29.7802 0.0155015
31.2147 41.8729 20.863 -0.0357897
31.4051 41.5173 28.4194 0.00814788
32.5565 41.4416 25.8502 -0.00816837
31.4932 42.0218 23.5756 -0.0221983
30.4201 42.4251 24.4386 -0.0165189
17.8058 42.4802 24.5714 0.00340797
20.2567 42.6319 19.4175 0.00510226
20.5763 42.9928 22.4869 0.000916904
19.8746 42.421 28.6702 -0.00261064
19.1429 42.5769 26.9404 -0.00201103
20.088 42.9288 24.8121 -0.000103217
21.82 42.8833 27.6853 -0.000507705
21.8811 42.4256 29.9137 0.0021731
23.7961 42.5537 17.9755 -0.0141574
22.6681 42.9641 20.3473 -0.00666682
23.818 42.678 29.4681 0.00510507
26.0674 42.8037 19.6385 -0.0233546
26.5902 42.5673 29.4452 0.00902578
28.2454 42.6758 20.8312 -0.0287001
28.5656 42.6395 27.4849 0.00110852
29.9189 42.4295 21.935 -0.0286406
28.8121 42.7828 23.6208 -0.0186896
29.4876 42.5725 26.3695 -0.00499101
22.8673 43.1959 22.9268 -0.00561853
23.4992 43.15 26.0164 -0.00285429
25.2979 43.1851 25.0548 -0.00705845
25.6533 43.1086 21.9716 -0.0163342
25.6747 42.9305 27.5141 0.000915516
27.0837 43.0356 23.043 -0.0173346
27.4293 42.9571 25.6784 -0.00715085
