17.7706 5.52411 23.7251 -0.000832243
16.5068 5.97825 24.4251 0.00160941
15.4699 6.53126 22.2643 -0.0100309
20.4266 4.9994 24.701 0.00679366
18.753 5.37687 26.0698 0.0127185
18.5125 5.42743 21.6302 -0.0114678
20.5695 5.04299 22.3184 -0.00647523
20.0679 5.42537 28.0038 0.0248041
18.4625 5.99756 29.0465 0.0276562
19.4357 5.36041 20.5141 -0.0168009
22.499 5.0631 27.7376 0.0260712
21.4594 5.57177 29.7569 0.0356518
22.3244 5.06933 20.485 -0.0158056
22.6727 4.8145 22.9645 -0.00159802
22.6373 4.86534 25.3984 0.0126788
21.3832 5.42552 18.5995 -0.0258643
24.1083 5.23478 28.9729 0.0345673
24.0642 5.82923 16.8577 -0.0343718
24.4128 5.32625 18.5306 -0.0258982
24.4688 4.84834 21.9872 -0.00651956
24.9955 4.80282 24.9667 0.0115373
23.9376 5.82973 31.1693 0.0456986
26.2687 5.22022 28.5144 0.0334256
25.2519 5.59742 30.4169 0.0431806
26.6183 5.14768 20.2943 -0.0158908
27.0656 4.99987 25.8048 0.0175201
27.1929 5.66293 29.8648 0.0412536
27.6098 5.47295 19.3615 -0.0211187
27.7377 5.01858 23.5341 0.00376687
28.2179 5.40338 28.232 0.0323556
29.38 5.39585 22.1067 -0.00468705
29.3095 5.43024 26.9854 0.0249391
29.9212 6.00973 19.3856 -0.0207511
30.2468 5.53456 24.9948 0.0128272
31.2466 5.90517 22.7628 -0.000807351
32.2052 6.5547 27.2662 0.0256866
14.9797 6.70556 25.0005 0.00272916
16.753 6.14971 27.2029 0.0159867
14.553 7.07654 26.4508 0.00901573
15.6444 6.91135 28.4664 0.0201426
16.5979 6.48196 19.5768 -0.0226742
17.1699 6.89053 30.5511 0.0321722
17.9152 6.39176 18.2177 -0.0288935
16.4252 7.14541 17.6069 -0.0317097
20.0215 6.36132 31.3523 0.0409837
19.4932 6.56094 16.4508 -0.0366037
18.0709 7.0836 16.2349 -0.0376654
18.4546 7.39702 32.7264 0.0432376
22.1441 6.50258 15.5363 -0.040285
22.0401 6.26723 31.9021 0.0467828
21.3493 7.10256 33.4702 0.0518175
23.8651 6.9544 33.5797 0.0556128
24.6165 6.81349 14.7393 -0.0438042
25.3062 6.75889 33.0807 0.055191
26.3587 5.94093 16.9595 -0.0339092
27.3422 6.57367 32.2127 0.0525933
26.5795 7.82635 34.7843 0.0614111
28.7187 7.41499 33.2706 0.0569845
27.9737 6.59796 16.0649 -0.0382119
28.794 6.21202 17.6112 -0.0306332
29.5322 6.77091 31.4319 0.0493692
29.9548 6.37522 29.952 0.0419288
31.2588 6.62204 29.3598 0.0380971
31.7533 6.50556 20.1288 -0.0164457
32.5942 6.467 24.7695 0.0108753
33.1849 6.89974 21.7583 -0.00714095
33.6669 7.02392 23.6414 0.00379339
13.1655 7.79968 22.1923 -0.0120161
12.7319 8.05829 24.2927 -0.00327726
12.797 8.31562 27.052 0.00862772
14.4752 7.74282 29.1771 0.0208555
14.1816 7.61534 19.652 -0.0226611
14.855 7.9739 17.5039 -0.0317514
15.6427 7.86396 31.1974 0.0314503
17.8254 7.7542 14.9961 -0.0419546
19.7647 7.58118 14.2181 -0.0448924
20.3332 8.02927 34.6459 0.0535275
18.5973 8.60892 34.8015 0.04985
22.1164 7.69316 13.326 -0.0484151
22.1326 7.91507 34.9546 0.0574956
24.2043 8.39351 35.8012 0.0620244
25.6728 7.79246 13.2499 -0.0493037
26.6767 7.18696 14.4023 -0.0452159
29.2739 7.62554 14.6849 -0.0435359
30.1329 6.90703 16.8385 -0.0342877
31.2683 7.51128 31.5962 0.0492724
32.2581 7.18027 18.39 -0.0259295
30.3412 8.07395 33.4072 0.056866
32.8585 7.92434 30.7693 0.0438343
33.8027 7.67538 19.5814 -0.0195056
34.7047 7.77396 26.4753 0.0194279
33.7232 7.62446 28.5913 0.0318609
34.7764 7.81019 21.9417 -0.00647823
35.7772 8.39425 24.2759 0.00622852
11.8198 8.88109 21.417 -0.0159033
10.7331 9.58992 23.3291 -0.00919854
11.4658 9.1036 25.5125 5.73985e-5
12.8202 8.90908 29.3152 0.0174387
12.8539 8.74996 18.8386 -0.025771
14.183 8.73776 31.3111 0.0280553
15.7865 8.27627 15.7665 -0.0381691
16.4114 8.61007 33.3871 0.0404581
18.2471 8.93731 12.8745 -0.0474326
20.7057 8.84448 12.0055 -0.0508268
20.6554 9.42128 36.6619 0.0571656
23.2586 9.36195 37.0255 0.0625295
23.5689 8.11066 12.6194 -0.0507699
27.3669 8.4723 12.652 -0.0503728
29.4969 8.87244 35.148 0.0620348
27.7541 8.66411 35.5753 0.0637526
29.8031 9.63208 12.0482 -0.0503982
31.7337 7.82586 16.2305 -0.0367096
30.739 8.39203 14.3548 -0.0442709
32.3878 8.45725 32.4182 0.05108
31.8873 9.50586 34.5511 0.0581212
32.8929 9.46259 14.3552 -0.0432772
33.3467 8.48579 16.6375 -0.0344894
34.4883 8.85951 30.643 0.0406559
34.6343 8.65074 18.1845 -0.0265843
35.7749 8.7427 20.6646 -0.0137453
35.6737 8.80184 27.8931 0.02595
35.5368 9.17789 29.4678 0.0337934
36.5349 9.07305 22.4226 -0.00452889
37.0814 9.4824 25.4244 0.0112793
9.60318 10.7285 24.8471 -0.00506316
10.4032 10.2575 26.845 0.00301633
10.7485 10.0258 20.5933 -0.0189705
10.732 10.5538 28.9894 0.0109021
13.6601 8.94313 17.0003 -0.032606
12.1002 9.87906 17.5582 -0.0293869
11.91 10.4753 31.2171 0.0208544
13.072 10.3778 32.78 0.0286205
14.8249 9.43967 33.2929 0.0356826
14.9323 9.49902 14.5342 -0.0403428
12.916 10.57 15.1372 -0.0358772
16.6598 9.03727 13.7625 -0.0442741
16.0334 10.1122 35.3289 0.0431486
18.0115 9.68223 35.9217 0.0501114
17.8066 10.8908 37.1515 0.0498893
22.9948 9.56205 10.7155 -0.0536154
25.0051 9.17471 11.2482 -0.0536036
25.2951 9.67405 37.3725 0.0650541
27.5314 9.66244 36.8847 0.0655708
26.8728 9.85865 10.7942 -0.0538486
27.6766 10.7563 37.9776 0.0655528
30.4071 10.993 37.1794 0.0632916
32.008 9.82716 13.1285 -0.0471283
34.2081 9.42333 15.8649 -0.0373028
33.9087 10.1462 33.655 0.0518465
36.1944 10.3369 17.1142 -0.0307222
36.7142 9.76769 19.7021 -0.0187248
37.4677 10.0022 26.6562 0.0170951
36.2267 10.6986 31.5189 0.0399359
38.0131 10.3119 23.6731 0.00113517
37.1013 10.4401 29.2214 0.0294376
37.8021 10.2799 22.0065 -0.00732574
9.04534 11.4868 22.7247 -0.0124259
11.117 11.6916 15.9766 -0.0312487
13.9987 11.0259 34.7444 0.0352594
15.5792 10.8076 12.3141 -0.0442675
16.9876 10.2469 12.0242 -0.0470429
13.7826 11.6989 12.7486 -0.0399987
14.4728 12.2374 36.4442 0.037611
18.5575 10.767 10.7098 -0.0495555
20.8486 9.80209 10.9336 -0.0522906
20.5166 10.7941 38.0496 0.0567572
18.2895 11.8518 38.2296 0.0502743
20.4297 11.2082 9.71057 -0.0514847
23.3257 10.6855 38.3835 0.0624761
25.4958 11.0425 38.6534 0.0646782
24.6151 10.4493 9.83579 -0.0540816
28.209 10.5844 10.426 -0.0533838
32.0499 11.0359 11.7133 -0.0490781
32.1446 10.7108 35.8739 0.0599374
32.0525 11.7497 36.9966 0.0605159
34.0571 11.0178 13.3242 -0.0448075
34.0832 11.8467 35.5934 0.0548594
35.2859 10.5946 15.353 -0.0382281
35.6303 11.5531 33.6322 0.0473065
38.1424 11.2815 19.4098 -0.0200368
38.6726 11.0933 25.8332 0.0111463
39.1028 11.6485 22.2583 -0.00681466
8.44612 12.1599 24.3562 -0.00814169
8.28198 12.5132 26.0429 -0.00360443
8.83839 11.9912 27.1618 0.000639633
10.4259 11.2525 18.1662 -0.0260096
9.51114 11.428 20.4236 -0.0192659
8.89385 12.8932 29.6851 0.00702323
10.1425 11.7628 30.3121 0.012676
10.7264 12.2546 32.2333 0.0184558
12.2883 12.2505 34.3403 0.0277652
15.8007 12.175 37.3203 0.0424357
16.3227 12.1657 10.4615 -0.0446383
22.3923 11.6075 8.98156 -0.0521651
20.9338 12.5929 39.6135 0.0544927
23.4928 12.0891 39.5022 0.0604569
24.5733 12.6642 8.09445 -0.0512508
26.0439 12.7933 8.0731 -0.0511588
27.3716 11.2969 9.46608 -0.0533509
26.8398 12.3776 39.4996 0.0630503
30.0574 12.1601 9.60791 -0.0510593
29.7587 12.5702 38.8033 0.0623423
35.9262 12.3752 13.7228 -0.0417043
36.7711 12.2234 15.0041 -0.0377474
38.6886 12.3579 29.7066 0.0272091
37.5774 12.2772 31.8457 0.0370658
37.9849 12.2185 17.0699 -0.0296996
39.0217 11.9826 27.7515 0.0189444
39.4619 12.4075 20.8983 -0.0134062
39.3814 11.8786 24.2437 0.00245109
9.24412 12.754 17.8986 -0.024868
8.16127 13.5382 19.4346 -0.0205924
7.74008 13.6966 20.6772 -0.0177281
11.0841 13.3121 33.9961 0.0216857
12.5228 12.7782 12.8003 -0.0366305
11.2345 12.9265 14.1766 -0.0329812
12.5949 13.154 35.6129 0.0292133
13.687 13.939 10.7467 -0.03723
17.8703 13.3573 39.2339 0.0459472
18.5944 12.7549 8.99629 -0.0472742
19.7025 13.403 8.17565 -0.0468965
24.5291 13.6849 40.6215 0.0574904
29.2924 13.5487 39.7045 0.0605498
31.8757 12.9626 9.85345 -0.0492108
31.5754 13.9756 39.0281 0.05752
34.1357 12.5059 11.7984 -0.0465427
33.0928 13.3272 37.6772 0.0567207
34.6532 13.2775 36.4346 0.053003
36.2915 13.2667 34.8008 0.0464627
37.9205 13.272 15.3933 -0.0349317
39.0167 12.4508 19.1038 -0.0212345
39.4094 13.6379 17.7233 -0.0260238
38.9475 13.7918 31.4672 0.0312255
40.367 14.083 19.8945 -0.0175325
40.4477 13.6187 26.4561 0.0102685
7.03895 14.4061 22.3932 -0.0138143
7.06506 14.3521 25.2835 -0.00751558
7.7218 14.0144 28.3143 0.000308632
9.614 13.6849 15.669 -0.0278938
8.32369 15.1709 16.2778 -0.0234763
7.83603 14.7849 18.023 -0.0216944
9.51479 13.8943 32.3789 0.013169
10.3563 14.727 13.4183 -0.0291839
9.62467 15.4945 34.1627 0.0130875
11.3478 14.6017 35.5202 0.0219313
12.9222 14.1598 36.7486 0.0291286
14.6961 13.9097 37.9434 0.0358778
16.3306 14.3914 8.76165 -0.0402658
14.6676 14.8578 9.4551 -0.0365887
15.9907 14.385 39.0199 0.0385206
17.5956 14.1876 8.36034 -0.0426541
21.6192 13.9707 7.38954 -0.0464921
22.1516 13.8744 40.6482 0.0531357
27.0601 14.0256 40.5606 0.0588336
28.4135 13.922 7.80971 -0.0481338
33.3402 13.7164 10.2415 -0.0473416
35.801 13.9028 12.1069 -0.0432037
35.5066 14.8626 36.8904 0.0482102
37.0778 14.0316 13.4151 -0.0397452
38.2813 14.7716 33.7074 0.0368606
36.9357 14.8792 35.4604 0.0430375
39.092 14.8075 15.57 -0.0320862
39.8888 14.4555 30.3282 0.0249129
40.4157 13.4849 22.2856 -0.00770991
40.915 14.1657 24.3633 0.000624802
40.0363 13.6023 28.2942 0.0183456
6.87307 15.8268 19.278 -0.0183313
8.27676 14.2838 30.4191 0.00564304
8.10688 15.9775 32.1412 0.00545966
8.89285 16.5945 13.9946 -0.0229244
12.2977 14.4979 11.5095 -0.0336626
10.6335 15.9294 12.1356 -0.0272756
11.6755 15.9628 36.8584 0.0202632
13.7045 15.6809 38.4043 0.0278097
12.8486 16.1442 9.93256 -0.0297605
14.784 16.1301 39.3559 0.0293716
16.7578 15.2993 39.9464 0.037437
18.8399 15.0963 7.3929 -0.0408111
19.5987 15.1212 40.874 0.0439577
22.4164 15.4566 6.51385 -0.0421267
24.0974 14.5347 6.93846 -0.0460379
22.809 15.953 41.765 0.0462012
26.1554 15.0215 6.82313 -0.0448147
25.4168 15.2309 41.3892 0.0531346
28.8425 15.0615 40.7111 0.0558349
30.3167 15.0253 7.80896 -0.0450818
34.0826 15.5529 38.512 0.0495321
34.5433 14.9034 10.2981 -0.0443704
36.6391 15.694 11.603 -0.0398708
36.3405 16.1825 36.9821 0.0426617
38.4082 15.3849 13.8827 -0.0357135
39.4838 16.4674 14.6665 -0.031786
39.3394 15.6338 32.8266 0.0308169
40.3771 15.2425 17.8492 -0.0243077
41.2539 15.0504 21.9704 -0.00957363
40.8305 15.1077 28.5514 0.0163332
41.5798 15.8488 26.4349 0.00679166
6.14708 16.5329 21.4782 -0.0147038
5.91503 16.6137 24.0797 -0.0111327
6.73376 15.6946 27.7968 -0.00383582
7.33403 15.7848 30.095 0.00109245
9.82136 17.1638 35.5838 0.0106396
8.72467 17.4359 34.331 0.00618765
14.8306 16.4811 8.46146 -0.0308531
17.2499 16.6142 7.20832 -0.0327522
18.1759 16.3081 40.9727 0.0367129
19.9925 16.0841 6.59716 -0.0379381
19.7881 16.8771 41.6709 0.0372345
27.4353 16.1543 41.5679 0.0508039
28.0506 16.3251 6.50515 -0.0402506
30.5753 16.2012 40.7069 0.0508717
32.8953 15.202 8.97886 -0.0446715
32.9186 16.1954 39.5828 0.0492445
34.6806 16.5299 9.4239 -0.0407031
37.6707 17.4296 11.662 -0.0351307
38.1357 17.5442 35.8881 0.0335258
39.5462 17.3598 33.8862 0.0283079
40.4797 16.7508 16.3497 -0.0270115
41.1971 16.4329 18.6496 -0.0207832
41.3996 15.8962 20.3256 -0.0155391
40.9695 16.511 30.2167 0.0191077
41.959 16.3944 22.9898 -0.00638502
42.0599 16.6006 24.6578 -0.000616721
5.56848 18.0792 21.9445 -0.0134251
5.42939 18.5104 26.4262 -0.00923638
6.16798 17.5 19.4919 -0.0158677
6.7782 18.0622 16.9289 -0.0166808
7.85275 17.8112 14.8792 -0.0187359
10.6502 17.9476 36.9096 0.0109509
12.5334 17.84 38.5494 0.0166294
13.0754 18.364 8.77672 -0.0213522
16.4496 17.6256 40.8661 0.0271188
21.6113 16.762 6.04638 -0.0363038
21.053 17.8835 42.2558 0.0345245
24.2323 16.6357 5.90665 -0.0377322
21.9525 18.1366 5.55403 -0.0299085
24.7312 16.6527 42.0719 0.0460236
26.9018 18.3584 42.4859 0.0392638
28.803 17.1109 41.6526 0.0468501
32.9417 16.9631 8.06387 -0.0394837
32.1558 17.5022 40.5573 0.0447798
35.8754 17.5296 9.89453 -0.0371004
35.9976 17.8796 38.1663 0.0378158
39.5366 18.2628 13.5562 -0.0301636
40.5953 17.5011 32.088 0.0224783
41.5552 16.731 28.5997 0.0130158
42.5068 17.9086 23.4733 -0.00547022
5.36813 19.4977 20.7725 -0.0127721
5.52419 17.7701 24.2766 -0.0112503
6.34304 17.1105 28.6354 -0.00444767
5.35101 19.6043 27.5937 -0.00914354
6.56212 17.8957 30.3383 -0.0033015
7.43194 18.2073 32.6148 -6.95387e-6
9.85736 18.0308 11.8813 -0.0199581
8.15906 19.2679 13.5901 -0.0148608
8.75918 18.7512 35.1161 0.00307437
11.7228 17.8684 10.0503 -0.022267
14.2745 18.0302 39.8642 0.0203459
15.1702 18.8261 7.34227 -0.0207379
18.2965 18.6175 41.8483 0.0260246
19.3714 17.5794 6.17835 -0.0304651
20.4876 18.961 5.55493 -0.0243807
24.1117 17.9414 42.541 0.0386743
26.711 18.6728 5.41816 -0.0293386
30.1418 17.1791 6.73664 -0.0378005
30.758 18.5039 41.55 0.0400717
31.9041 18.0674 7.14894 -0.035316
35.1818 18.5632 8.88159 -0.0340139
33.8071 17.945 39.8116 0.0411763
39.1853 19.6241 12.4808 -0.0282715
39.2928 18.8191 35.0862 0.0263723
40.6048 18.9479 14.938 -0.0263348
41.4617 17.9527 17.6925 -0.0219654
42.1759 17.7331 20.8154 -0.0135328
42.2953 19.5178 19.047 -0.0170785
41.543 17.9086 30.058 0.0150412
42.479 18.2277 26.4835 0.00328236
42.6329 19.5921 27.8898 0.0050215
5.29254 18.8869 23.3205 -0.0120558
5.82257 19.5911 18.5857 -0.0130598
6.51296 19.536 31.4521 -0.00525207
6.745 19.7929 15.8356 -0.0129992
7.60862 19.549 33.7481 -0.00212563
9.56231 20.1485 36.5853 0.000652494
11.2737 19.8775 38.2099 0.00547105
11.6498 20.6399 9.16795 -0.0102131
13.4513 20.0739 39.9655 0.00929399
13.7914 19.4017 7.96791 -0.0171151
15.5736 19.5771 41.0662 0.0159945
16.6478 20.4938 41.745 0.0133329
16.5538 19.1788 6.61683 -0.0199089
17.7063 20.3855 5.8987 -0.0142648
19.5657 19.841 42.4699 0.0217847
22.3371 19.4009 42.7658 0.028509
23.7861 18.2851 5.38931 -0.029993
25.1845 20.3036 5.03971 -0.0202684
26.2722 19.8129 42.84 0.0307975
29.1474 20.1952 5.59958 -0.0237905
28.5119 20.054 42.622 0.0308011
31.483 19.5227 6.52523 -0.0287373
33.7243 19.5686 7.6006 -0.0298362
32.612 19.291 40.936 0.0358919
34.7319 20.1605 39.9036 0.0299084
37.413 19.6518 10.4901 -0.0296411
38.0565 20.0072 36.9912 0.0257192
40.4407 19.681 33.7274 0.0197125
41.4262 19.9977 16.1079 -0.0223499
41.5439 19.5989 31.3724 0.0141908
42.5781 19.1447 21.0631 -0.0125238
42.8552 19.6809 23.1795 -0.00719932
42.9808 20.5641 25.5988 -0.00189541
4.98401 20.9038 22.8091 -0.0111823
5.06916 20.4844 25.6762 -0.0107615
6.12338 21.3765 16.6082 -0.00911094
5.42653 21.4136 29.4266 -0.0103066
6.61303 21.1795 32.3684 -0.00823405
8.50025 21.4094 35.7171 -0.00559034
9.29269 20.631 11.571 -0.0101139
7.95077 21.0681 13.2839 -0.00888684
10.4233 20.4487 10.3441 -0.0109198
13.0781 21.6401 7.93782 -0.0053997
15.3834 22.225 6.55841 -0.00282034
22.1772 19.964 5.14377 -0.0200999
20.2773 21.4474 42.8511 0.0138085
23.4465 20.6841 43.0236 0.0226549
27.4073 20.3556 5.24096 -0.0217126
36.1712 20.8608 8.98732 -0.0255467
36.4856 20.1715 38.5134 0.027782
40.1008 20.8371 13.3767 -0.0242763
39.4674 20.9677 35.6277 0.0191362
42.3497 21.4915 17.9477 -0.0170084
42.8911 21.318 20.7114 -0.0123707
5.15923 22.1562 19.8144 -0.00903574
5.52186 21.7288 18.32 -0.00910205
7.04624 21.7674 14.5521 -0.00700189
9.21727 22.7834 36.8123 -0.0093729
10.3047 21.7255 37.7494 -0.00386197
11.5732 22.1843 38.9392 -0.00374763
14.2855 21.9929 40.8418 0.00158395
18.1187 21.8915 42.4358 0.00812757
19.2651 21.7873 5.29048 -0.0073991
21.6734 21.7965 4.99171 -0.00919108
23.8711 22.1855 4.82784 -0.00861256
25.6993 21.3583 43.0584 0.0212242
29.4854 21.5254 5.43637 -0.0172767
29.8954 21.9199 42.5322 0.0208091
31.7848 20.7033 41.6289 0.0284069
33.7392 21.1034 40.7179 0.025864
34.4328 21.5799 7.64155 -0.0217083
37.8821 21.8056 10.4069 -0.0226162
38.5206 22.0338 37.0539 0.0168477
38.9793 22.2369 11.5603 -0.0210661
40.744 21.8378 14.0996 -0.0210865
41.8622 21.9347 16.3906 -0.0185262
41.8009 22.2676 31.7502 0.00736698
43.1654 22.3757 23.2999 -0.00770836
4.90255 23.1294 21.8697 -0.00889759
4.81381 22.9559 25.0397 -0.0109173
4.97885 22.1831 26.8493 -0.011355
6.38963 22.9042 32.3026 -0.0123075
7.74847 22.8062 34.8613 -0.0108556
7.84652 22.8041 13.1037 -0.00236952
9.24719 22.9232 11.1833 -0.000402658
10.726 23.6989 9.56576 0.00419176
13.2018 23.3204 7.72054 0.00333501
16.2952 22.4367 41.8648 0.00245111
16.8528 23.6501 5.8384 0.0047765
19.4866 22.781 5.17426 -0.00175514
22.2562 23.8465 43.1808 0.00215163
23.6323 22.5053 43.1807 0.011994
26.8013 22.6725 4.94352 -0.00839019
28.1107 22.3147 42.8854 0.0173649
32.4373 21.8174 6.55001 -0.0186542
30.5272 23.6636 5.60555 -0.00704937
31.9525 22.4893 41.787 0.0182583
35.3292 22.6188 8.12207 -0.0178652
34.4502 23.3303 40.5124 0.013625
36.9858 22.6278 38.6 0.0158778
40.2938 22.0403 34.6521 0.0133434
41.174 22.7888 33.1857 0.0083345
42.7582 23.6668 19.057 -0.012988
42.5746 21.6802 29.535 0.00461078
42.9289 22.3206 27.5637 -0.000269072
5.14041 24.2037 19.6504 -0.00521016
5.60778 24.1963 17.4573 -0.00271392
6.38777 23.7453 15.5507 -0.0016871
5.5961 24.1137 30.5101 -0.014464
7.72284 23.9753 13.1886 0.00191202
10.3322 23.6725 37.9939 -0.0116779
12.1084 24.0294 39.4984 -0.0112659
14.987 25.0965 6.6889 0.0132904
15.5543 23.8861 41.5942 -0.00627912
17.4219 24.3365 42.377 -0.00651274
18.7399 23.8595 42.7039 -0.00227083
20.4243 24.3789 42.99 -0.0032232
21.6664 24.2969 4.87177 0.00591826
26.3242 23.6937 43.1417 0.00741881
28.6249 23.9962 5.16331 -0.00287947
32.78 23.9094 6.56723 -0.0086669
37.2356 23.3079 9.61902 -0.0165961
38.4441 23.7436 10.7849 -0.0158435
39.6116 23.9985 12.1936 -0.0154454
39.8459 23.3703 35.4697 0.00932498
40.9177 24.0819 14.246 -0.0151738
41.6503 23.5015 15.6723 -0.0160823
42.4508 24.0306 17.6562 -0.0137179
42.3514 24.1058 30.6541 0.000765914
43.0805 25.1606 21.2712 -0.00982687
43.1584 24.3343 25.9846 -0.00512098
4.80468 24.9618 22.9708 -0.0081424
4.91322 25.0125 26.5237 -0.0123142
5.2478 24.3939 28.9779 -0.0140836
6.39832 24.4405 32.4334 -0.0157923
7.32747 24.8919 34.1386 -0.0169551
9.27268 24.7504 11.0687 0.00745212
13.6813 24.9414 40.5577 -0.0137779
16.725 25.565 5.95119 0.0159535
18.123 26.0568 5.46138 0.018369
19.9197 25.7038 5.10896 0.0154715
24.487 24.424 43.2019 0.00105014
25.7588 24.4217 4.83727 0.00290008
31.1479 24.3503 42.1616 0.00707115
33.9341 24.8169 7.22558 -0.00576482
35.9407 24.5769 8.56042 -0.00979897
36.4775 24.6672 39.0429 0.00622734
38.7232 24.3531 36.9464 0.00664397
41.4619 24.3943 32.7268 0.00245073
43.1662 25.2307 23.4688 -0.00815688
42.8593 23.7957 28.3569 -0.00152571
5.43234 26.3644 18.4491 0.00113598
5.07057 25.6783 20.4536 -0.00375036
7.76961 25.6833 13.1872 0.00828866
8.882 25.1773 36.3647 -0.0177855
10.1684 25.2564 37.7685 -0.0178254
10.7939 25.9367 9.65074 0.0148909
11.2855 25.3395 38.7941 -0.0176044
12.9787 25.4005 7.95497 0.0142765
19.3134 26.2368 42.7461 -0.0151631
22.5309 26.0758 4.88072 0.0159714
24.2189 25.9715 4.83911 0.0137998
28.5195 25.2555 42.823 -0.000312746
31.7044 25.5649 6.13505 0.00148007
32.746 25.7663 41.3852 -0.000296451
37.6617 25.4341 10.087 -0.00843017
37.7226 25.0302 37.931 0.0041908
38.7035 25.4825 11.132 -0.00959616
40.7433 25.9215 33.9356 -0.00154059
41.5889 25.3362 15.6906 -0.0119167
42.5738 26.5897 18.5761 -0.00932597
42.8368 25.836 28.222 -0.00522969
4.99081 26.9971 22.2543 -0.00490843
5.56706 26.059 29.9159 -0.0166865
6.64145 26.4586 15.4321 0.00712198
6.11146 26.63 31.3715 -0.019051
7.04337 26.4169 33.4246 -0.020419
8.801 26.9343 11.9546 0.0155375
14.264 26.9064 7.28237 0.0229988
15.5604 26.1851 41.4479 -0.0180889
13.5625 26.4192 40.3542 -0.0206382
16.2182 27.299 6.37062 0.0255112
19.2422 27.625 5.387 0.0267334
21.9977 27.1174 42.9929 -0.0176402
24.379 26.3867 43.1152 -0.0110923
26.3288 26.2032 43.0083 -0.00814842
27.9653 26.0829 5.15484 0.00989993
29.6661 26.2908 5.52157 0.00859781
28.7361 26.2122 42.7096 -0.0058612
33.1891 26.3203 6.92629 0.00289504
34.6915 25.8463 40.268 9.28516e-5
35.8571 25.9628 8.64089 -0.00347679
36.0655 26.9601 39.1277 -0.00515544
40.1508 25.9084 13.0934 -0.00953491
39.2473 26.1345 35.9809 -0.00120822
41.8768 26.6198 31.3929 -0.00499208
42.478 26.2704 29.6813 -0.0051217
5.35631 28.6455 20.5147 0.00129738
4.94672 26.8813 24.733 -0.00948144
5.17488 26.7159 27.677 -0.014377
5.54805 28.2458 28.5084 -0.0165247
7.80493 27.608 34.3545 -0.0238015
8.70321 27.9987 35.4939 -0.0256656
9.98914 28.0133 10.9515 0.0224602
10.1978 26.9911 37.4945 -0.0238269
11.7431 27.1749 38.931 -0.0244733
13.1722 27.2807 8.07503 0.0241143
17.8887 26.4624 42.3345 -0.0177272
21.694 27.7216 5.09975 0.0261953
20.6915 28.82 42.613 -0.0282358
25.606 27.3216 5.02682 0.0202022
31.4326 27.4996 6.28752 0.0120698
30.5499 27.2598 42.0667 -0.0103692
34.1519 27.5517 7.70137 0.00704686
36.6508 27.3756 9.54236 0.00120419
38.1413 27.8363 11.0678 0.000122947
39.3557 27.0026 12.2053 -0.00500196
40.1042 27.5227 34.4915 -0.00677937
38.4851 27.6498 36.6427 -0.00742453
41.3658 26.8895 15.6003 -0.00811752
42.6491 28.3955 20.4069 -0.00752817
42.9308 27.5154 22.3241 -0.00844042
43.016 27.0957 25.1921 -0.00818606
5.64475 27.8288 18.6898 0.0040292
5.2688 29.1027 24.0446 -0.00670982
6.68414 28.1992 32.0557 -0.0221349
7.61665 28.4285 14.2261 0.0165412
11.0794 27.878 9.86104 0.0241289
14.1255 28.3754 40.3338 -0.0287696
15.0562 28.8412 7.26408 0.0332084
17.5325 29.4551 6.3439 0.0367673
18.8678 27.8933 42.3865 -0.0245519
16.5143 28.4778 41.4726 -0.0285396
23.5985 29.085 5.2424 0.0323265
24.087 29.4065 42.6989 -0.0287263
25.823 28.036 42.8562 -0.0195586
26.5074 28.4182 5.27382 0.0252173
28.6466 28.1513 5.58006 0.0204784
32.4214 28.4267 6.93089 0.0147611
34.2288 28.4322 40.069 -0.0137261
37.3206 27.5357 37.9088 -0.00731346
40.3265 28.53 14.1722 -0.00214474
41.2539 28.2028 32.1681 -0.00903242
42.1774 28.4079 29.4152 -0.00932478
42.7075 29.113 24.6797 -0.00922764
42.6321 28.5015 27.2278 -0.00936999
5.44444 29.4725 21.3385 0.000556342
5.42336 29.4081 25.9948 -0.011227
6.51542 28.4451 16.5191 0.0109734
6.16579 29.5298 29.6586 -0.0196066
10.2718 29.6021 36.7243 -0.031247
10.9882 29.292 37.5566 -0.0313167
12.7662 29.6717 38.9956 -0.0335885
12.9773 29.2461 8.73541 0.0332485
20.9336 29.3553 5.4555 0.0354683
21.5788 29.4512 42.5758 -0.030921
27.9071 28.963 42.3973 -0.0228946
29.4575 30.4274 41.5973 -0.0288947
29.6308 29.6501 6.20626 0.0265154
31.4454 28.8254 41.3834 -0.0181781
33.184 28.7975 40.5925 -0.0164101
34.7828 29.4203 8.63737 0.01396
36.7107 29.4587 10.2431 0.00932514
35.1142 29.4909 39.1439 -0.0178629
41.4291 28.5771 16.467 -0.00467548
41.4495 30.0882 17.6858 -0.00262718
42.5708 29.4891 21.5739 -0.00728164
5.53366 30.2402 23.0051 -0.00291313
6.54325 30.4487 18.0249 0.0123255
7.20268 29.691 15.7759 0.0169798
7.76361 30.1863 33.0205 -0.0269065
8.87504 29.5288 12.8404 0.0244079
8.76041 30.4775 34.4411 -0.0299378
10.5856 30.4696 11.3416 0.0327371
12.3307 30.5009 9.75309 0.0373097
14.5264 30.6017 8.19074 0.0411015
16.4833 30.6901 7.2029 0.0425996
18.0948 30.5026 41.4372 -0.0374326
22.5603 30.3411 5.59236 0.0398894
24.9404 30.6014 5.66548 0.0387969
27.538 30.3196 5.91442 0.0338102
26.0469 29.8635 42.4459 -0.0296181
28.235 30.1972 41.9775 -0.0292639
30.5903 30.5606 6.80744 0.0287765
32.8407 30.402 7.78113 0.0228352
37.858 30.3116 11.7633 0.00911151
39.1046 29.6874 12.8921 0.00391072
40.0122 29.8212 33.5633 -0.014293
38.7326 29.8873 35.4432 -0.0156935
41.6566 30.8888 19.361 -0.00324872
41.8326 30.4991 28.5099 -0.0124995
41.2259 29.9095 31.0838 -0.0130577
42.4759 30.2295 23.7234 -0.00875055
42.4317 29.9206 26.0557 -0.0103669
5.93396 31.3649 24.9601 -0.00760783
6.54255 31.4551 19.2873 0.0106641
6.25387 31.2178 27.7479 -0.0156782
6.85064 30.5801 30.6646 -0.0226702
8.10226 30.5692 14.6623 0.0233684
12.7409 31.4683 38.1639 -0.0383034
13.8302 31.694 9.16476 0.0444857
14.2642 30.4251 39.6907 -0.0368411
16.2902 30.7716 40.6479 -0.0384317
18.6792 31.3253 6.6346 0.0457369
19.5582 31.5208 41.4648 -0.0416528
20.8771 31.8223 41.5744 -0.0425616
23.0672 31.1666 42.1072 -0.0384655
27.3067 31.3018 6.19257 0.0388351
26.4361 31.4994 41.853 -0.0375031
31.2288 31.3874 40.5764 -0.0308989
33.8728 31.5123 8.87565 0.0245574
35.9831 31.3754 10.438 0.0179493
36.7865 30.1411 37.4807 -0.0187546
34.7647 31.1797 38.6714 -0.0255296
39.7233 30.4205 14.2847 0.00367237
40.4663 31.1568 16.243 0.00234097
40.1433 30.8268 32.6426 -0.0165695
42.09 31.3691 23.8927 -0.00870794
41.8534 31.4659 26.524 -0.0117781
6.46249 32.3279 21.7748 0.00383759
7.00474 32.3134 28.9116 -0.0193024
7.39581 31.5397 16.923 0.0189891
7.82307 32.4643 31.0479 -0.025428
8.86049 32.7664 32.8573 -0.0306974
9.11736 31.2254 13.5493 0.0293889
10.2628 31.9135 12.5697 0.0353758
10.4901 31.9437 35.7141 -0.0354905
12.5057 32.3133 10.5591 0.0436217
15.64 32.4351 8.44221 0.0492988
20.7862 32.198 6.5409 0.0494607
23.2252 32.0155 6.21985 0.0475904
24.8416 32.7303 6.54418 0.0488889
24.653 31.7647 41.9072 -0.0400497
31.1284 32.5221 7.90264 0.0355657
33.2078 31.3232 39.6028 -0.0282553
37.7064 31.961 12.5821 0.0138521
39.7263 32.2108 15.7575 0.00637956
38.644 31.8891 34.3463 -0.0215822
40.0884 32.5599 31.116 -0.0189506
40.6612 32.3766 18.1206 0.00157447
41.1485 32.1022 28.7436 -0.015097
41.2406 32.43 20.3587 -0.00259555
6.90939 33.307 25.9834 -0.00982972
7.43382 33.1977 18.9458 0.0158029
7.44681 33.6223 28.103 -0.0171009
8.41179 32.3984 15.6709 0.0261035
9.52519 33.0359 33.6333 -0.0330684
11.8398 33.3181 11.8722 0.0437761
14.8101 32.0283 39.2783 -0.041883
14.7697 33.9368 9.87992 0.0524755
16.8812 33.3901 8.36918 0.0532977
16.5358 33.687 39.2707 -0.0473296
17.9682 32.5973 40.4824 -0.0452994
19.3057 33.3204 7.43683 0.0540444
19.8775 33.7082 40.4604 -0.049262
26.4696 33.4687 7.06215 0.049343
28.8953 32.5344 7.1264 0.0410277
28.0047 31.9183 41.4014 -0.0375986
28.7984 33.0547 40.65 -0.0409113
32.696 33.5868 9.3168 0.0350816
32.4256 32.7934 39.3018 -0.0349535
34.2945 33.4431 10.303 0.0294943
35.7693 33.4591 11.5694 0.0241869
35.7916 32.0846 37.399 -0.0272381
37.3753 32.0152 35.8584 -0.0241852
38.6197 32.4196 14.1039 0.0113071
38.7824 33.0627 33.0665 -0.0232497
41.0972 33.3397 25.6577 -0.0114956
6.89147 33.458 24.0572 -0.00280461
7.37952 34.0672 21.5643 0.00747853
8.68446 34.5015 17.703 0.024163
8.52827 34.6098 29.7112 -0.0227763
9.52111 33.3266 14.7015 0.0328166
11.0794 33.9485 13.2392 0.0410225
11.6186 33.4425 35.8585 -0.0392245
13.4216 34.0234 10.9441 0.0498863
14.2306 33.6552 37.9118 -0.0444201
21.1621 34.3863 7.64188 0.0578863
22.6516 33.2275 41.1473 -0.0470737
22.8657 33.7756 7.11029 0.0550785
24.0532 34.4895 40.4628 -0.0503219
26.1256 33.2474 41.065 -0.0446256
28.5835 34.1255 7.91522 0.047465
29.7839 35.4191 9.17159 0.048079
31.6444 34.6293 9.44894 0.0409435
31.0351 33.7069 39.4388 -0.0400759
34.8382 33.2031 37.4807 -0.0320647
36.9159 33.996 13.3121 0.0202959
36.5611 34.1036 35.1736 -0.0301519
39.2752 34.3313 17.4361 0.00798907
38.8212 34.1753 31.6883 -0.0235575
40.249 34.0459 19.7015 0.00138322
39.8533 34.0281 29.5146 -0.0189988
40.8412 33.8208 22.9 -0.00593115
40.5608 33.886 27.0292 -0.0142479
8.39229 35.2607 20.2811 0.015029
7.95808 35.0969 22.2502 0.00623626
9.78334 35.1086 31.6366 -0.02978
11.0637 35.4827 14.8597 0.0394876
11.4135 34.654 34.5515 -0.0382919
12.8836 35.5498 12.7722 0.0487424
13.8175 35.1135 36.4999 -0.0449728
14.5048 35.5897 11.3936 0.0544827
15.8674 35.6353 10.4779 0.0573143
15.9235 35.8886 37.3372 -0.0492824
18.365 35.2873 9.01228 0.0592579
18.635 34.8201 39.398 -0.0515146
20.6783 35.5488 8.52732 0.0609386
21.9772 34.898 40.121 -0.0524731
20.566 35.3206 39.5568 -0.0533708
23.766 35.001 7.81955 0.0580076
26.5527 35.1268 8.12025 0.054657
26.2808 34.7249 40.1487 -0.0489679
28.8185 34.6457 39.6491 -0.0458062
32.2076 36.2272 11.0307 0.0418274
32.4802 34.3455 38.2642 -0.039371
33.5382 35.5076 11.3418 0.0361233
35.2718 35.322 12.676 0.0287295
38.267 34.1221 15.2858 0.0138828
37.2484 34.8011 33.5176 -0.0290879
39.25 35.1461 18.8385 0.00600053
39.9962 35.1782 22.6489 -0.00437768
8.2618 35.6685 24.4444 -0.00242218
8.63434 35.7239 27.2966 -0.0138914
8.98532 35.583 19.131 0.020784
9.95569 35.2993 16.376 0.0321837
17.8301 35.9547 38.2093 -0.0521176
20.5217 36.7792 38.4457 -0.0545948
30.2228 35.3469 38.6239 -0.0453094
33.8635 35.0601 36.7411 -0.0379911
36.6956 36.1423 15.4233 0.0208665
38.1204 35.8659 17.4856 0.0122555
37.4976 36.0366 31.3767 -0.0267233
39.3106 35.8281 20.961 0.00103075
38.7684 35.6429 29.2423 -0.0206682
39.3524 36.037 24.9531 -0.0099121
39.4014 35.467 27.3426 -0.0158801
9.88729 36.7474 19.334 0.0224103
9.55173 37.1362 22.1238 0.00959258
9.0635 36.6017 25.3922 -0.00575855
10.5246 37.0492 29.5966 -0.0236941
11.2452 37.0735 17.0339 0.0341317
11.0463 36.3791 31.8573 -0.0322004
12.743 36.9612 14.6069 0.0455638
12.882 36.8482 33.7444 -0.0398721
13.8892 36.5745 35.1284 -0.0441994
14.6077 37.1796 12.9904 0.0537735
15.9049 37.1836 11.9831 0.0578195
17.8487 37.0155 10.7402 0.0612752
20.4398 37.0936 9.84419 0.0633767
23.307 37.7426 38.0021 -0.0554453
22.705 37.3725 9.67411 0.0635008
23.5811 36.2889 39.1905 -0.0542956
24.7063 36.6843 9.08141 0.0612167
25.3692 36.6321 38.8378 -0.053534
26.5263 36.8549 9.45233 0.0586263
27.9516 36.4107 9.39092 0.0548257
30.1934 37.1515 10.8908 0.0490767
27.8555 36.8536 38.189 -0.0509945
32.0019 36.2297 36.9616 -0.0432401
30.0934 37.3521 36.8904 -0.0475088
33.4738 36.8802 12.6946 0.0368349
34.0776 36.1424 35.5373 -0.0384696
35.1009 36.9934 14.4782 0.0285943
36.0417 36.0576 33.5692 -0.0328233
37.944 37.2936 20.6286 0.00495733
38.4635 37.1847 22.9991 -0.0034004
38.4885 36.9473 26.0345 -0.0129673
10.199 37.9373 24.0832 0.00128084
10.6374 37.9725 27.0259 -0.0127212
11.3344 38.0694 19.1022 0.0263829
12.8892 38.5001 16.9689 0.0382142
12.3299 37.9368 31.2003 -0.0315981
13.8337 37.9462 14.7942 0.047811
16.0311 37.758 35.4516 -0.0480849
17.9501 38.2541 12.0332 0.0606665
17.9233 37.482 36.7993 -0.052064
19.7555 38.0962 11.1044 0.0631824
24.1263 37.6931 9.94643 0.0630264
27.987 37.9546 10.8611 0.05565
29.2943 38.516 11.9989 0.0512993
31.7696 38.068 12.8093 0.0428401
31.4593 38.431 34.8968 -0.0436858
33.0532 38.2043 14.035 0.0367943
34.6906 36.9134 33.9959 -0.0365837
33.3208 38.3149 33.5191 -0.0386002
35.678 38.0755 17.1268 0.0209958
35.418 37.7064 31.9608 -0.0320151
36.8991 37.5868 18.5694 0.0134445
36.565 37.8059 29.7912 -0.0250171
37.6461 37.6191 27.1524 -0.0164672
11.4972 38.6546 20.4763 0.0203314
11.1504 38.7025 22.4422 0.01022
12.837 39.1057 29.4787 -0.0247672
13.7782 38.4099 32.3961 -0.0373982
16.0518 38.5237 13.5627 0.0550991
15.7353 38.5564 34.1776 -0.0448374
18.0917 38.7218 35.4452 -0.0502037
20.5813 38.3 36.9078 -0.0541063
21.3707 38.7362 11.3482 0.0630373
25.87 38.3836 10.8374 0.060029
25.5383 38.5072 37.1121 -0.0542356
27.504 38.1207 37.0585 -0.052114
34.2955 38.4043 15.6808 0.0291987
35.1068 39.1062 29.6851 -0.0263896
34.2379 38.9631 31.3389 -0.0324321
35.3708 39.0651 19.0979 0.0156242
36.5797 38.4979 20.4916 0.00808147
36.5132 38.9547 22.7247 -9.5586e-5
35.991 39.2072 27.0483 -0.0164562
37.1891 38.4741 24.9091 -0.00882011
13.5944 39.6904 18.5938 0.0323681
12.2298 39.3451 27.0091 -0.0127262
15.3781 39.4916 15.7153 0.0472808
14.5463 39.8157 17.3937 0.0392465
14.4718 39.4029 31.4527 -0.0345354
16.7644 39.7813 14.9853 0.0514623
18.6797 39.5187 13.2999 0.0581839
20.8047 39.7199 35.1634 -0.05118
23.1336 38.9493 36.6087 -0.0545229
23.5176 38.8578 11.2269 0.062567
26.9451 39.6163 12.5738 0.0552496
26.9329 39.1932 36.0127 -0.0517404
29.4938 39.4865 13.3988 0.0480915
29.177 39.2457 35.147 -0.0475445
31.0382 39.5134 14.4112 0.0416087
33.2159 39.3559 16.1301 0.0308976
32.3223 39.7225 32.1456 -0.0368571
34.1612 39.8221 18.6436 0.0199723
34.8562 39.9141 20.9488 0.00935072
35.785 39.5969 24.5705 -0.0068147
12.8353 40.0499 24.6069 -5.79096e-5
13.5503 40.2991 21.0516 0.0196994
12.8186 39.9916 22.8425 0.00950644
14.0915 40.6988 26.3579 -0.00954928
14.0263 40.2018 28.5486 -0.0210848
17.2188 40.0338 32.8854 -0.0421877
16.8517 40.618 31.3734 -0.0360583
18.8453 40.448 14.7429 0.0534555
19.0009 40.0682 33.9167 -0.0468744
21.1823 40.3485 13.5583 0.057892
22.9576 40.2173 13.1297 0.058843
22.8602 40.4675 34.4303 -0.0497675
24.5167 39.5617 35.8671 -0.0531208
24.6626 40.0626 12.8655 0.0581598
26.16 40.2821 34.6596 -0.0492367
28.5501 40.7019 14.8773 0.0453529
28.478 40.3617 33.8117 -0.0450927
30.8626 40.6112 16.3204 0.035693
30.6928 39.8622 33.2969 -0.0417443
32.2609 40.5428 17.7 0.0276307
33.4436 39.986 30.15 -0.0294385
33.7122 40.4297 28.3772 -0.022188
34.2027 40.5455 22.2811 0.00453835
15.0983 40.8029 19.4007 0.0297684
14.7191 41.1883 23.4991 0.00667314
15.5059 40.5651 29.9405 -0.0287746
16.5125 40.8792 17.5222 0.0402149
15.9134 41.5024 27.241 -0.0148187
18.6029 41.3837 16.7733 0.044427
19.6325 41.1649 32.2668 -0.0410333
18.0951 41.5555 30.1733 -0.0311063
20.5586 41.5654 16.1571 0.0473975
21.5979 40.9125 33.4882 -0.0464285
22.3981 41.1834 14.8518 0.0529556
24.1833 41.139 14.6291 0.05269
26.0667 40.7022 14.0361 0.052682
23.7646 41.1478 33.3566 -0.0459179
31.5864 40.8521 30.3853 -0.0313618
29.9358 40.9184 31.7566 -0.0374855
30.7132 41.3939 18.2442 0.0280656
32.5643 41.0341 19.6925 0.0185017
33.115 41.2331 22.6831 0.00386392
34.2598 40.5584 25.5487 -0.0101109
15.2384 41.2998 21.7326 0.016984
15.8316 41.7198 24.833 -0.000916418
16.2647 41.5785 20.3261 0.025276
16.5766 41.3458 29.0014 -0.0245902
17.4574 41.5448 18.3982 0.036094
16.7663 42.1181 23.2878 0.00810938
18.4153 42.5206 21.2047 0.0202488
17.7284 42.1715 27.1957 -0.0149548
19.8951 41.9051 30.5579 -0.0335525
21.5474 42.4659 18.1511 0.0369805
22.322 41.9652 31.4608 -0.0380349
23.9426 42.0012 16.3496 0.0450813
24.6131 42.0674 31.3518 -0.0373219
26.1837 41.4557 32.4315 -0.0415481
26.6009 41.6175 15.998 0.044028
26.811 42.2186 17.6955 0.0358137
28.6422 41.6462 17.0948 0.0363686
28.5106 41.4411 31.5431 -0.0371905
29.222 42.1616 19.2758 0.0251778
30.0849 41.6088 29.7802 -0.0292234
31.2147 41.8729 20.863 0.0148323
31.4051 41.5173 28.4194 -0.0228147
32.5565 41.4416 25.8502 -0.0107944
31.4932 42.0218 23.5756 0.000912652
30.4201 42.4251 24.4386 -0.00282597
17.8058 42.4802 24.5714 0.000444797
20.2567 42.6319 19.4175 0.0302543
20.5763 42.9928 22.4869 0.0124414
19.8746 42.421 28.6702 -0.0236856
19.1429 42.5769 26.9404 -0.0137802
20.088 42.9288 24.8121 -0.00131026
21.82 42.8833 27.6853 -0.018434
21.8811 42.4256 29.9137 -0.0306333
23.7961 42.5537 17.9755 0.0369264
22.6681 42.9641 20.3473 0.0243269
23.818 42.678 29.4681 -0.0282242
26.0674 42.8037 19.6385 0.0263316
26.5902 42.5673 29.4452 -0.0277178
28.2454 42.6758 20.8312 0.0181212
28.5656 42.6395 27.4849 -0.0180176
29.9189 42.4295 21.935 0.0107553
28.8121 42.7828 23.6208 0.00249319
29.4876 42.5725 26.3695 -0.0125154
22.8673 43.1959 22.9268 0.00923656
23.4992 43.15 26.0164 -0.00913144
25.2979 43.1851 25.0548 -0.00406129
25.6533 43.1086 21.9716 0.013581
25.6747 42.9305 27.5141 -0.0178563
27.0837 43.0356 23.043 0.00673307
27.4293 42.9571 25.6784 -0.00822517
