0.0212471
0.0271126
0.014267
0.0201923
0.0307214
0.00862492
0.00936921
0.0333126
0.0430321
0.00176134
0.0219871
0.0316475
2.51888e-5
0.00829259
0.0155408
-0.00763855
0.0154228
-0.0108864
-0.00553464
0.00268623
0.00609607
0.0188228
0.00300099
0.0096
-0.00114267
-0.00109911
-0.00343436
-0.000891104
-0.0017691
-0.00779349
-0.00290819
-0.0110611
0.00188284
-0.0101815
-0.00568613
-0.0243775
0.0319255
0.0409294
0.0400753
0.048685
-0.00373646
0.0519835
-0.0121926
-0.0169848
0.0422225
-0.0208235
-0.0243816
0.0515459
-0.0198166
0.0319916
0.0377196
0.0198978
-0.0151653
0.00874024
-0.00515598
-0.00687638
-0.00286459
-0.0191789
-0.000988188
0.00155736
-0.0224113
-0.0218959
-0.0276358
0.00271802
-0.0151608
-0.00218804
-0.011276
0.0138801
0.0269158
0.0419754
0.0524104
-0.00325359
-0.0180302
0.0572528
-0.0316497
-0.0315963
0.0440945
0.0524938
-0.0287564
0.0324686
0.0162421
-0.014488
-0.00797415
0.00511661
0.00689742
-0.0348947
0.0100341
-0.032138
-0.0415144
0.00950337
-0.0281434
-0.0361083
-0.00157048
-0.0160815
0.00801385
0.01841
0.0320666
0.0508962
-0.00891882
0.0581063
-0.0287491
0.0586779
-0.0412393
-0.0385298
0.0398597
0.0223455
-0.0255565
-0.00610056
-0.0275733
-0.0135881
0.00925435
0.0151042
0.0136522
-0.0439136
-0.0450294
0.026869
0.0217669
-0.0484121
0.0195923
0.00827755
-0.0388874
-0.0471799
-0.00256252
-0.0244079
0.023438
0.0348411
0.00189264
0.0431025
-0.0210652
-0.0169643
0.0521404
0.0571974
0.0602633
-0.0355918
-0.0308485
-0.039424
0.0578707
0.0535183
0.0511123
-0.0330472
-0.0217238
0.0060317
-0.0125536
-0.0109828
-0.0141416
-0.0360619
0.0238454
0.0296154
-0.0548293
0.0328393
0.0177662
-0.0331198
-0.057574
-0.010042
-0.0487628
0.00321745
0.0109208
-0.0244474
0.0574831
-0.0456485
-0.0466479
-0.0420052
0.0529743
-0.0483096
-0.041869
0.0375978
0.0457481
-0.0461219
0.019852
0.00326962
-0.0261503
-0.00217313
0.0260757
-0.0484587
-0.0478299
0.0376802
-0.0589794
0.0382526
-0.0620997
0.0258103
-0.0265424
0.00491235
0.0161724
0.0214179
0.0280074
-0.0128389
-0.000496852
0.031898
0.0418614
0.0448578
0.0511833
0.051398
-0.0499208
-0.0390406
0.0305759
0.0166874
-0.028385
-0.0189873
-0.00871455
-0.00729706
0.0117249
-0.0298181
0.0494588
0.0491233
-0.0526504
-0.0612162
0.0426189
-0.0405047
0.0182684
-0.0119498
-0.0134033
-0.00653282
-0.00197857
0.0426848
-0.0391582
-0.0315751
0.0477343
-0.0448429
0.0409113
-0.051793
-0.0500647
0.00858896
-0.0252072
0.0263833
-0.0404416
0.0419527
-0.0523783
-0.0612591
-0.0654082
0.0532517
0.0321828
0.0444198
-0.0604547
0.0303996
-0.0278811
0.00231795
0.0103685
0.0200754
-0.022091
-0.0156709
-0.0110154
0.0326183
-0.0287299
0.023139
0.0355958
0.0419347
0.0441929
-0.0509438
-0.047102
0.0406141
-0.0522922
-0.0436549
0.0216152
-0.00819272
-0.00179865
0.0381978
0.0531323
-0.0616382
0.0573822
-0.0648361
-0.0651451
0.0572069
-0.0542605
0.00894214
-0.00837849
-0.0428979
-0.00663772
0.024091
0.0138562
-0.0188952
-0.0391733
-0.0290457
0.0260701
0.0320907
-0.0379976
0.0300668
0.0347314
-0.0501708
0.0286027
-0.0399812
-0.0316368
0.0156671
-0.0184264
0.00313945
-0.0189753
0.0127312
-0.0514424
0.0467083
0.0576867
-0.0597052
0.061353
0.0621142
-0.0617024
0.0471428
0.0149206
-0.0417698
-0.0228871
-0.00304767
-0.000521886
0.00836609
0.0119148
0.0108946
0.00513579
-0.0427189
-0.0455702
0.0278061
-0.0465229
0.0233217
-0.00757343
-0.0052984
-0.0271598
0.0340871
-0.0423282
0.046392
0.0604273
-0.0577425
-0.0583555
0.0562772
0.0432003
0.0301252
-0.0483005
0.00809959
-0.0060511
-0.00462784
-0.00745242
-0.00514142
-0.00684576
-0.0114002
0.00695504
0.0133877
-0.0300544
0.0216622
-0.0413757
0.0183847
-0.0297492
-0.0372772
0.00731318
3.43995e-5
-0.013275
0.0322037
-0.0321659
0.0523865
-0.0494507
0.0632603
-0.0530352
-0.0373479
0.00601212
-0.00449899
-0.00414124
0.000770913
-0.0134288
-0.00400396
-0.0045924
-0.0187555
-0.00707617
-0.00572236
-0.0273374
0.0163252
-0.0336237
0.0181002
-0.0426859
-0.0370496
0.0102075
-0.014471
0.0095103
-0.0189882
0.0223759
0.0455026
-0.0388194
0.0612688
-0.0534287
0.0601029
0.0490619
0.0275071
0.0393247
-0.0422592
-0.016997
-0.0226425
-0.00643079
-0.0025408
-0.0158324
-0.00195149
-0.0149583
-0.0152953
-0.00700598
-0.012146
-0.000196117
-0.0268939
0.00954346
0.00736441
-0.0344615
-0.030115
0.0145107
0.0143493
-0.0299213
-0.0208787
0.00555675
-0.000589906
-0.00141091
0.0162919
0.0323222
-0.0252861
-0.030251
0.0552261
-0.0445731
-0.0474204
0.0542688
-0.0410617
0.0259081
0.0102721
-0.00568027
-0.00822158
-0.0138632
0.00377723
-0.025697
-0.0283737
-0.0284938
-0.00374382
0.00232117
-0.00883856
-0.0107934
-0.014331
-0.0314561
0.0112581
0.0131322
-0.0107219
0.0445374
-0.03795
0.0588919
-0.0419472
0.0423645
0.0264853
-6.11477e-5
0.00238085
0.00682573
-0.0371379
-0.0256499
-0.0234677
-0.00901489
0.00537007
-0.0258067
-0.0260651
-0.0220185
0.0104757
-0.000772413
0.00127254
-0.0132002
-0.0197094
0.0309793
0.050399
-0.0327193
0.0523905
0.054641
0.0483999
-0.0297527
0.0101505
-0.00556972
-0.0179852
-0.022507
-0.0402619
-0.0399611
0.0129142
0.0110423
0.0117931
0.000214449
-0.00311299
-0.0105242
-0.0216347
0.0124552
0.0138294
-0.0138225
0.00807481
0.0168017
0.000169794
-0.0033636
0.0324767
-0.00748244
-0.0228795
-0.0359458
-0.0302166
0.0309592
-0.0241346
-0.0132111
0.00502618
0.0125937
0.0155788
-0.0430633
0.0200027
-0.0396984
-0.0329035
0.0052808
-0.0129403
-0.00504248
0.00197348
0.0070341
-0.0182737
0.0158769
-0.00857857
0.0113991
0.0403339
0.0435362
0.0446253
-0.0266992
0.0441391
0.0447204
0.0355908
-0.0182585
0.0173199
-0.00200735
-0.00964553
-0.0287641
-0.0389232
-0.0496836
-0.0534152
0.0231611
-0.0286065
0.000719011
-0.00241412
-0.00981233
0.0173988
-0.0163946
0.0103856
0.0139515
0.0264382
-0.00637319
-0.0170937
-0.0204094
0.00852981
-0.0125055
0.0170138
0.0045161
0.0300872
-0.0527124
-0.050033
0.0277179
-0.0449559
0.0159106
0.000109177
-0.014824
-0.0163974
0.0205236
-0.000538922
0.0144542
0.0298144
-0.0087315
0.0333911
-0.0112121
0.0349197
0.0211539
-0.00620693
-0.0035679
-0.0481811
0.029779
-0.0556555
-0.0600613
0.0383513
0.0206703
-0.0217062
-0.035777
0.013095
-0.000127518
0.0128317
0.020704
0.0238602
-0.013802
-0.0102176
0.0248002
0.00271611
0.00892302
0.0178301
0.0114504
0.0329135
-0.00651349
-0.00778543
-0.00763131
0.0115399
-0.0196885
-0.0380258
-0.0449582
-0.0642556
-0.0645189
0.0441568
-0.0571924
-0.0499389
0.0284552
-0.00802924
-0.00908499
0.00656808
-0.0168001
-0.00931088
0.0279314
0.000209623
0.0120371
0.0143224
0.0240355
-0.000514844
0.00624056
0.0254497
0.0101469
0.00885669
0.00298536
0.0209543
-0.0135095
-0.0610919
0.0442054
0.0406233
-0.0381818
0.0284506
0.0168423
-0.00426912
-0.0211981
-0.0124691
0.0252778
0.0290768
-0.0180485
-0.0172598
-0.010621
0.0274661
0.0102153
0.0138315
6.29584e-5
-0.000474673
0.00330374
0.000968273
0.00766088
-0.0276848
0.0355669
-0.0522501
-0.0638656
-0.0605358
-0.0508379
0.0423282
-0.00208493
0.0121248
0.036289
0.0432153
-0.0208543
0.0351333
0.0321786
-0.00877088
-0.00256988
0.0306795
0.0137357
0.00384114
0.00510957
-0.00364496
0.0350989
0.0454405
-0.0651824
0.0529552
-0.0667368
0.0571332
0.0526819
0.0418978
0.0294262
-0.0126667
-0.00733184
-0.0160619
-0.0219755
0.0347534
0.0416353
-0.0234847
-0.0197192
-0.00521165
0.00295305
0.0111896
0.0172392
-0.000616165
0.00427319
0.00622736
0.00239688
0.00255859
-0.0173657
0.0293032
-0.039092
-0.0573053
0.0542519
-0.0527451
0.0515258
-0.0421216
-0.0269714
0.0168311
-0.00228543
0.00737964
0.0221573
-0.023581
0.0401609
0.0465546
-0.0240727
-0.0180938
0.0272668
0.0399997
-0.000775317
-0.00437553
0.0137222
0.000265156
0.00294408
0.0115466
-0.0457148
0.0462372
-0.0567288
-0.0624021
0.0602045
0.063508
-0.0633637
0.0606846
0.0428812
0.0058474
-0.00879451
-0.0166541
0.0318619
-0.0314215
0.0443888
-0.017291
-0.0127266
0.0247135
0.0154209
-0.0100644
0.00767083
-0.00713222
-0.0218428
0.0368506
-0.0374866
0.0560713
-0.062665
0.0657194
-0.0397611
0.0538703
0.0367734
-0.0270538
-0.0152777
0.0183678
-0.000468376
-0.0246579
-0.0292693
0.0457937
0.049136
-0.0368926
0.0503501
-0.034828
-0.0321527
0.03947
0.0317305
-0.0175693
0.0248557
0.000517041
-0.00534747
0.0179685
0.0488113
-0.0442237
0.062249
0.0664476
-0.057916
0.0618736
-0.0438625
0.00654805
0.0203346
-0.00572492
0.029503
0.0405789
-0.0333566
-0.040844
-0.0413661
0.0525856
0.0452196
-0.0320479
0.0381198
-0.0240185
0.0226881
-0.016628
0.0130162
-0.00787888
0.0041444
0.0315709
0.014496
-0.0508866
0.0630614
-0.0554885
0.0639775
-0.0452207
0.0584656
0.0495715
-0.0310344
0.0292567
-0.0107104
0.0113213
0.015422
0.00456003
-0.0116352
-0.0279128
0.0414421
0.0502898
-0.0485703
0.0523723
-0.046165
-0.0427827
-0.0278358
0.0334706
-0.0252111
-0.0128766
-0.00318885
-0.0253529
0.0411849
0.0572981
-0.0171803
0.00360455
0.0524236
0.0492616
-0.0412366
-0.0335332
0.0253437
-0.0213987
0.0137975
-0.00614863
0.00482032
0.0404373
0.0190219
-0.00858637
-0.0342656
0.0534092
-0.045925
0.0605611
-0.0440912
-0.0419489
0.0567155
0.0500316
0.0355806
0.014002
0.0227653
-0.00468471
0.0259226
-0.0192541
0.0358334
-0.0310313
-0.0372416
-0.0474191
0.0457572
0.0510123
0.0486158
-0.0514788
0.046765
-0.0490163
0.0374138
-0.0294495
-0.017751
-0.00249596
0.00475563
-0.0162125
0.0415285
0.0500872
-0.0363483
0.0558615
-0.0282757
0.0344691
-0.0161964
0.0198808
-0.0160346
-0.0406309
-0.047469
-0.0532169
0.0438308
-0.0544171
0.0414852
0.0394901
-0.0468654
0.031293
-0.0394697
0.0183289
0.00286441
0.0321735
0.01828
-0.0248823
-0.0344065
0.0463823
-0.0277851
-0.0143726
0.00306203
0.00575615
-0.028715
0.0338771
0.0424498
-0.0526189
0.0181322
0.0283973
-0.0435978
-0.0350912
-0.0244338
0.00112493
-0.0109853
0.0396531
-0.0120101
0.0444316
0.0420228
-0.0272363
0.0378257
0.0266755
0.00325161
0.0195518
-0.0120066
-0.0362185
0.0372001
-0.0488226
0.0407641
-0.0527691
-0.0532567
0.0319444
-0.0467465
-0.0365532
-0.0148571
0.00444226
0.0257454
0.0156878
-0.00468071
-0.0161466
-0.0167944
-0.0158837
0.0229058
-0.00786567
0.00546474
-0.00867741
0.0139342
0.0257626
-0.0214862
0.0293325
-0.0436639
0.0333129
-0.0500334
0.0358981
-0.0496266
0.0208577
0.00907218
-0.030142
0.0303972
0.0105816
-0.0173383
0.0312509
-0.00597619
0.0199265
-0.00422284
-0.00884125
0.00760494
0.00597836
-0.00506455
-0.018328
-0.0309171
0.0153308
0.0209361
0.0266834
-0.0450927
-0.0425697
-0.0280012
-0.00965866
0.0187826
0.00346864
0.0216856
-0.0108553
0.0229783
0.00872392
0.0101347
-0.00390919
-0.00319677
-0.000794132
0.00582608
-0.0160145
0.0124699
0.020852
-0.0326176
-0.0311994
-0.0408148
0.0226452
-0.0372324
0.0155015
-0.0357897
0.00814788
-0.00816837
-0.0221983
-0.0165189
0.00340797
0.00510226
0.000916904
-0.00261064
-0.00201103
-0.000103217
-0.000507705
0.0021731
-0.0141574
-0.00666682
0.00510507
-0.0233546
0.00902578
-0.0287001
0.00110852
-0.0286406
-0.0186896
-0.00499101
-0.00561853
-0.00285429
-0.00705845
-0.0163342
0.000915516
-0.0173346
-0.00715085
