-0.0003903
-0.000251847
0.00130721
0.000162939
-4.93402e-6
-3.55128e-6
1.09245e-5
-0.00323284
0.000259037
-0.00130102
1.73296e-5
0.00321432
0.000391224
-0.000196414
-0.00392256
-0.000819298
0.00121641
0.000216882
0.000276749
-0.00086161
-0.000138351
-0.000458581
0.000801901
-0.00121117
0.00149385
0.000204927
-0.000100462
-2.84761e-5
0.000496085
0.000159046
-0.000304052
0.00087232
-0.000268645
-0.00150775
-0.000201444
0.000203437
0.000851055
0.000127658
-0.000198126
0.000107743
2.9174e-5
-0.000143365
3.76924e-5
0.000161772
5.56504e-5
-9.35338e-5
4.83484e-5
3.39914e-5
-0.000120312
0.000178284
-9.3999e-5
-0.000163898
-4.32799e-6
0.000110906
0.000200846
-3.90688e-6
-6.76181e-5
0.000580413
-0.000165376
-0.000158939
-0.000533084
0.000276776
-8.65239e-5
-7.68275e-5
-2.05933e-5
5.2073e-5
-2.65991e-5
-3.07521e-5
9.30294e-5
-0.000135243
0.000139946
-7.16644e-5
-0.000120551
0.000114371
0.000109571
0.000138384
-0.000117611
0.00014553
-0.000189643
-7.35446e-5
2.64501e-6
4.8585e-5
-6.02524e-5
3.29915e-5
1.82679e-5
-7.27452e-5
0.000110718
-0.000120436
0.000104852
-7.21145e-5
4.56202e-5
-0.000903828
0.000164184
0.000267223
1.14208e-5
1.58677e-5
0.000826215
-5.57318e-5
9.15786e-5
-0.000109316
9.88982e-5
-5.8749e-5
5.02394e-13
5.8749e-5
-9.88982e-5
0.000109316
-9.15786e-5
4.03652e-5
5.57318e-5
-0.000138871
-1.58677e-5
-0.000435798
-1.14208e-5
3.5133e-5
0.000338641
0.00088394
-0.000187307
0.000181198
-0.00019105
0.000182849
-0.000153386
9.48555e-5
-1.82679e-5
-5.51018e-5
0.00010292
-0.000110997
8.35537e-5
-3.5539e-5
-1.72419e-5
0.000158759
-0.000398198
-0.000270194
-0.000397387
0.000281744
-0.000251963
0.0002154
-0.000135697
3.07521e-5
6.9267e-5
-0.00013223
0.00013261
-8.43654e-5
1.10405e-5
6.16626e-5
-4.26494e-5
0.000460127
0.000589032
-0.000843071
-0.000614854
0.000253181
-0.000247008
0.000292471
-0.000290301
0.000182724
-3.39914e-5
-0.000110761
0.000205551
-0.000184224
9.84089e-5
-1.614e-5
-7.99305e-5
0.000144954
-0.000128675
0.000109291
0.000179302
-0.000339539
0.000429838
-0.000245245
2.84761e-5
0.000186661
-0.00036612
0.000274453
-0.000114477
-4.61856e-5
5.3555e-5
-3.09224e-5
-5.72298e-5
0.000203437
-0.000189216
0.000485568
-0.000783901
0.000305497
-1.73296e-5
-0.000272023
0.000746397
-0.000458266
-0.000322266
0.000204923
-4.92955e-5
0.00026263
0.000306828
0.000333945
-0.0013728
0.00129072
-0.000405979
4.93402e-6
0.000398788
0.000614874
-0.00127332
0.00136209
-0.000297591
0.00132496
0.00237669
-0.00191395
-0.000615798
0.00204609
3.55128e-6
-0.00205228
0.00190871
-0.00617356
-0.00236279
-0.00505436
-1.09245e-5
0.00507288
0.00192591
0.00396307
-0.00864558
-0.00263419
-0.00884552
0.0140628
-0.0175331
0.0108324
0.00687254
-0.0105296
0.00393013
0.0130142
-2.0009e-5
2.38139e-5
-1.96076e-5
-0.00683716
0.010487
-0.012979
0.00882284
-0.0140337
0.0175086
-0.00395617
0.00863368
-0.0108214
-0.00192666
0.00263799
0.00352909
0.0014206
-0.000766773
-0.000108286
-0.000535067
0.000773125
0.000356952
0.00147576
-0.00140995
0.000763196
-0.000793467
-0.00081764
-0.00149416
0.00055506
-0.000784447
0.000799152
0.00011298
-0.000428281
-0.000139213
-4.83145e-5
7.63323e-6
-1.22632e-5
-3.76718e-5
3.28673e-5
-0.000197348
-5.02637e-6
-5.67296e-5
0.000133395
-2.45933e-5
-0.000136932
1.3548e-6
1.87275e-5
4.09076e-6
-0.00052223
0.000353532
7.10327e-5
0.000959236
-0.000999662
1.71332e-6
0.000538241
8.79997e-5
-0.00010359
-0.000193044
-1.74811e-5
0.000175322
-9.21563e-5
9.84135e-5
0.0018047
-0.00101389
0.000304849
-0.000220822
0.00593584
-0.00272363
-0.00131951
-0.00966639
0.00608686
-0.000520286
-0.00270357
-0.000441545
0.000969485
0.000974173
0.00040391
-0.0015613
0.00196692
-0.00122184
0.00726386
-0.00475125
0.00223824
-0.000727537
0.00113454
-0.00143174
-7.6585e-5
6.43485e-5
-3.5133e-5
-6.43485e-5
7.6585e-5
-6.30576e-5
-0.00712694
0.00463747
-0.00217868
0.000841307
-0.00127147
0.00154482
0.00957287
-0.00601393
0.00267924
-0.0010471
0.00165483
-0.00204559
-0.00589758
0.00270145
-0.00181694
0.00105858
-0.000292609
0.000463728
-0.00100774
0.00125719
0.00132193
0.00105884
-0.000645703
0.000133864
-0.000141071
0.000218409
-0.000403259
-0.000993486
0.000531789
0.00055864
-0.000417829
0.000426738
-0.000406746
-9.24573e-5
-2.37023e-5
6.71795e-5
-8.01319e-5
8.06533e-5
-8.61286e-5
-0.000270171
0.000718086
-0.00135837
-0.000646758
0.000174448
-2.50846e-5
-3.63164e-6
1.34518e-5
6.19411e-5
-1.00969e-5
8.56623e-5
-0.00088489
0.00235996
-0.00415009
0.006166
0.00414628
-0.00234156
0.000864896
0.000175687
-7.02151e-5
4.29287e-6
1.77433e-6
-0.000180381
-1.36394e-5
0.0012395
-0.00223876
0.00621607
-0.0138626
0.0107471
2.0009e-5
-0.0107825
0.0138853
-0.00622297
-0.00302702
0.00222811
-0.00122818
1.10326e-5
-0.000218147
-0.00125873
0.00120641
0.00302777
-0.0135618
0.0220453
-0.0164794
-2.38139e-5
0.016522
-0.0220743
0.0135737
-0.00120283
0.00554251
0.00125305
0.0169954
-0.0274986
0.0203891
1.96076e-5
-0.0204243
0.027523
-0.0170064
-0.00560224
-0.0121583
0.0254337
0.0253006
-0.0358092
0.0409888
-0.0342117
-0.0187768
0.0251548
-0.0276524
9.60705e-6
-1.34128e-6
-6.96311e-6
0.0187599
-0.0251532
0.0276661
-0.0252897
0.0358103
-0.0410015
0.0121542
-0.0254375
0.0342223
0.00560455
-0.00915881
-0.00337702
0.00144047
0.000277106
0.0012768
-0.00190724
-0.00352889
0.00337537
-0.00143983
0.00204696
-0.00127825
0.00190848
-0.00204807
-0.000277349
0.000481776
9.70198e-5
-4.54746e-5
-1.20189e-5
0.00013796
-9.68941e-5
4.54466e-5
1.22332e-5
1.34029e-5
-2.99834e-6
-5.17151e-6
-2.49814e-6
-3.81806e-7
3.32348e-6
4.79739e-6
6.15871e-8
1.80464e-6
1.65043e-6
-1.05158e-6
6.61859e-5
-9.36388e-5
8.11523e-6
0.000539713
-3.04092e-6
1.13026e-5
1.62593e-6
-3.21573e-5
-5.24508e-6
0.00130463
-0.000873409
-0.00018938
-0.00230924
0.00241688
-3.10915e-5
-0.000148065
0.000220274
5.55681e-5
-0.000389107
0.000165955
-0.000236231
-0.00743116
0.0006456
-0.0174066
0.00832904
0.00383233
0.0245131
-0.0173349
0.00098498
0.0120355
0.00138573
-0.00292005
-0.00287983
-0.00105468
0.00410405
-0.00471694
0.00393723
-0.0172227
0.0128762
-0.00895493
0.00212264
-0.00287898
0.0031906
4.31352e-6
-3.0896e-5
6.30576e-5
3.0896e-5
-4.31352e-6
-2.23932e-5
0.0172177
-0.0128219
0.00884185
-0.00217693
0.00288403
-0.00314674
-0.0245167
0.0172998
-0.0119569
0.00291495
-0.00410044
0.00467619
0.0174188
-0.00831574
0.00739582
-0.00139903
0.00290782
-0.00390327
-0.00383974
-0.00241753
0.000383802
-0.000638189
0.00104375
0.00231454
-0.000987031
-0.0013086
0.000878056
-0.000557994
0.000143418
-0.0002163
0.000232673
-0.000163904
0.000190162
9.76681e-5
-1.08984e-5
3.13754e-5
-5.47755e-5
-6.65901e-5
3.11816e-5
-8.80454e-6
-2.74733e-6
9.84055e-7
-9.61124e-7
5.15501e-6
-1.39222e-6
1.4525e-6
4.24406e-6
4.51243e-6
0.000219399
1.9173e-5
-4.83757e-6
-1.51562e-7
2.35946e-6
-1.93873e-5
8.36399e-6
-0.000152307
0.00200824
-0.00554271
-0.00200679
-0.00043511
0.000152182
-7.98988e-6
2.10139e-5
0.000435353
7.14111e-5
-0.00299681
0.00530245
-0.0190842
0.0397097
-0.0294591
-9.60705e-6
0.029476
-0.0397206
0.0190883
0.00879638
-0.00530081
0.00299557
-7.13831e-5
0.000756101
0.00321552
-0.00226155
-0.00879869
0.0399362
-0.056223
0.0394919
1.34128e-6
-0.0394935
0.0562219
-0.0399324
0.00226091
-0.0143747
-0.00321441
-0.0537257
0.0643692
-0.0434324
6.96311e-6
0.0434187
-0.0643565
0.0537151
0.00418996
0.00915541
-0.0200529
0.0369922
-0.0313263
0.0228666
-0.0380895
0.0253925
0.0250767
-0.0174437
1.23301e-5
-1.29929e-5
-0.0250998
0.0174674
0.0381087
-0.0254097
-0.0370074
0.0313408
0.0200612
-0.0228764
-0.00419188
0.00536022
0.00236842
-0.00069553
-0.000170323
-0.00048153
0.000939204
-0.00236727
0.000695228
-0.000714169
-0.000939655
0.000714498
0.000170402
-4.97081e-5
-4.9369e-5
-2.77682e-5
-1.29442e-5
-1.33302e-5
4.93399e-5
2.77565e-5
1.29043e-5
1.29569e-5
-2.79382e-6
-5.09171e-6
-2.40673e-6
-5.09825e-7
3.1604e-6
4.85811e-6
1.32349e-7
1.25749e-6
1.4321e-6
-8.73012e-7
-3.37386e-5
9.07589e-6
8.88214e-6
-3.1681e-6
-5.70176e-6
1.51681e-6
1.9654e-5
-3.20067e-6
-0.000642343
0.000329347
0.000116481
0.00161909
-0.00140012
-1.89841e-5
-0.000108372
-5.7437e-6
0.000273136
-8.01985e-5
8.24107e-5
-0.000483355
0.0137159
-0.006263
-0.00286564
-0.0253036
0.0234067
-0.000475463
0.00231186
0.000617995
-0.0042638
0.00361378
-0.00263713
0.0260505
-0.0280439
0.00439582
-0.00293795
-0.0171375
0.018913
-0.00291147
0.00203787
-3.96535e-5
2.23932e-5
3.96535e-5
-4.17849e-5
0.017212
-0.0189569
0.00283699
-0.00196176
-0.0261122
0.0280846
-0.00433413
0.00288255
0.0253524
-0.0234406
0.00421501
-0.00356726
-0.0137428
0.00627393
-0.00228497
0.00260549
0.0028718
0.00140368
-0.000269433
0.000477189
-0.00061062
-0.00162279
0.000476435
0.000643796
-0.000330139
0.000106919
-8.13519e-5
7.92265e-5
-0.000116736
-9.3096e-6
5.60821e-6
-1.93988e-5
5.64907e-6
3.38321e-5
1.90217e-5
-8.7539e-6
-3.65428e-6
1.04658e-6
-1.56034e-6
3.16305e-6
-1.43905e-6
1.2278e-6
3.91933e-6
4.15397e-6
-2.10866e-5
2.0266e-5
-4.52055e-6
1.21786e-7
1.64075e-6
-2.02261e-5
8.13802e-6
7.74993e-5
-0.000756347
0.000267405
-7.74702e-5
-7.90443e-6
2.03261e-5
-0.000267485
4.35893e-5
0.00147508
-0.00371808
0.0143781
-0.00657841
0.00371693
-0.00147463
-4.35776e-5
-7.79948e-5
-0.00112155
0.00109177
0.00658033
-0.0314922
0.058096
-0.0598251
0.0394003
-1.23301e-5
-0.0393772
0.0598059
-0.0580808
0.0314838
-0.00109146
0.00841163
0.00112122
0.0359103
-0.0491988
0.0398881
-0.0274171
1.29929e-5
0.0273934
-0.0398708
0.0491844
-0.0359005
-0.00334651
-0.00721312
0.00479319
0.00808216
-0.00468236
0.00150078
-0.00132043
1.09328e-5
-8.34364e-6
3.13869e-6
-0.00810099
0.0046969
-0.00150642
0.00722194
-0.00480189
0.00132524
0.00334929
0.00929964
0.00238449
-0.00467608
-0.0190051
-0.00322226
-0.00535792
0.0112343
-0.0200873
0.0133921
-0.00970079
0.0189968
-0.0092969
0.0200957
-0.0133974
-0.0112389
0.00970471
0.00322356
-0.00221106
-0.00382666
0.00238992
-0.000515087
-0.000169909
4.96787e-5
0.000333774
0.000514863
0.00221016
-0.000865659
-0.00033391
0.000866009
0.000169998
-8.53162e-5
3.25989e-5
6.98299e-5
-3.22567e-5
-6.92439e-6
-1.29327e-5
3.21822e-5
8.52859e-5
7.08267e-6
2.61733e-5
-2.958e-7
-6.83367e-6
9.85625e-8
-3.56291e-7
7.29397e-8
6.59375e-6
-3.09267e-7
1.91805e-6
1.00846e-6
-1.08046e-6
-2.19687e-5
8.83247e-6
4.63202e-6
-4.35194e-6
-3.79419e-6
3.07618e-6
1.96182e-5
-9.82568e-6
-0.000228285
-3.39652e-5
0.000116195
-0.000352049
0.0004884
-5.83376e-5
-3.84836e-5
9.98268e-5
8.03523e-6
3.77137e-6
-5.9426e-5
-0.000254872
0.000371691
-0.00768272
0.00366432
0.00220353
0.0137377
-0.0156394
-0.00151155
-0.00129589
0.00111915
0.000275444
-0.000440813
0.00231682
-0.00154477
-0.0129924
0.0214253
-0.00219108
0.00107098
-0.0173609
0.000387765
-0.00327076
0.0049267
0.0022879
0.00318735
-0.00550909
0.00635843
0.0119115
0.000841075
-0.000563367
-0.000957243
0.000158985
-0.00053766
0.000268385
0.000560464
-0.00018107
2.6833e-5
-3.51596e-5
4.17849e-5
3.51596e-5
-2.6833e-5
1.0094e-5
-0.0032341
0.00556966
-0.0119876
0.00089667
-0.000513718
0.000162916
0.00329875
-0.00495505
0.0174163
-0.000812727
0.000535376
-0.000143501
-0.00229685
-0.0214718
0.0021644
-0.000378816
0.0130191
-0.00636724
-0.0137648
0.015671
-0.00228974
0.00152796
-0.00106216
0.000536325
-0.000278468
0.00769765
-0.0036717
0.00128096
-0.00110653
-0.00220773
-0.000489459
5.87044e-5
-0.000367495
0.000352771
0.00151441
0.000228722
3.40598e-5
3.80468e-5
-9.87017e-5
0.000252005
-0.000272324
0.000435779
-0.000116482
-8.91022e-6
3.55469e-6
-1.93307e-5
2.22082e-5
5.84351e-5
-5.14104e-6
-2.54195e-6
-4.07445e-7
-4.99436e-7
9.72817e-6
-2.88523e-6
-7.968e-6
-3.72661e-6
6.1815e-7
5.12355e-6
6.04683e-7
-2.03503e-5
1.1057e-5
-3.81823e-7
3.08859e-7
2.50392e-6
-1.12153e-5
1.08768e-5
5.06707e-5
7.80243e-5
0.000266773
-5.05962e-5
-1.06368e-5
4.1058e-5
-0.000266862
0.000133926
0.000524149
0.000808432
-0.00841392
0.00505829
-0.000808208
-0.000524013
-0.000133895
-0.00135934
0.0034706
-0.0050596
0.0176407
-0.0315437
0.0298331
-0.0113359
0.0127134
-1.09328e-5
-0.0126946
0.0113271
0.0052556
-0.0298248
0.0315353
-0.0176361
-0.00346971
0.00135899
5.11187e-5
0.000109599
-0.0152317
0.0210273
-0.0145959
-0.00525838
0.00753728
-0.00737053
8.34364e-6
0.007356
-0.00752857
0.0145932
-0.021022
0.0152278
-0.00600591
0.00375053
-0.00208016
0.00236426
-3.13869e-6
-0.00235861
0.00207535
0.0037475
-0.00733717
-0.00238763
-0.00132258
0.0015027
-0.00468429
0.00479565
3.13869e-6
-8.34364e-6
-0.00150835
0.00469883
0.00132739
-0.00480435
-0.00466881
0.00335151
0.00929309
0.00382509
0.00171006
-0.00466486
-0.00465441
0.00170237
0.00467567
0.0046684
0.00466648
0.00465603
-0.00171071
-0.00170302
0.000355893
-0.00382743
0.00035683
-3.25849e-5
0.000921823
-0.00238895
-0.000355746
-0.000363546
-0.000922196
0.000363692
-0.000105134
-0.000354676
0.000134337
-1.4156e-5
-2.6114e-5
5.39797e-5
-6.9809e-5
0.000105097
-5.93563e-5
-5.39849e-5
5.9367e-5
1.40928e-5
-6.49337e-6
-1.4702e-5
6.53848e-6
-2.46215e-6
-2.18591e-6
-5.43051e-7
2.83248e-6
6.32833e-6
1.75589e-7
-9.52555e-7
5.50101e-8
1.72982e-7
1.54031e-6
-3.69302e-5
1.78292e-5
9.72555e-6
4.77576e-5
-4.21327e-6
-6.20132e-6
6.82698e-6
7.84541e-7
-1.67142e-6
-1.21153e-5
-0.000630389
0.00059203
2.22604e-5
0.00163391
-7.18738e-5
-0.000106331
4.19951e-5
1.54836e-5
-4.08615e-5
4.08611e-5
-0.0011674
0.00663356
-0.0026166
0.00318794
-0.00915786
0.000243614
-0.000198279
-0.000194925
4.12698e-5
-0.000441149
0.000538938
0.000534382
-0.00319783
-0.00053449
0.000898577
0.00089842
0.00163834
-0.00102089
-0.00102075
-0.0031973
0.000159922
-0.000564438
0.00106813
0.000388734
-0.00018191
0.000561304
-1.0094e-5
-1.0094e-5
1.0094e-5
-2.6833e-5
0.00103905
0.00103891
0.000163756
-0.000514558
-0.000914062
-0.000913905
-0.000144438
0.000536447
-0.00162826
0.00319917
0.00319864
-0.00319315
0.00917467
-0.000533731
-0.000529174
0.000533155
-0.00105931
-0.000379784
0.00116948
-0.00664618
0.000196193
0.000192838
0.00262163
-0.00163703
-0.000244089
0.00063159
-0.000593155
0.000105131
-4.15261e-5
-4.03867e-5
-4.07954e-5
0.000436116
-2.23052e-5
-4.78248e-5
7.19914e-5
3.69468e-5
-1.80202e-5
6.18475e-6
-6.79271e-6
1.19977e-5
-1.53181e-5
4.04094e-5
-9.52223e-6
-3.87892e-6
1.0154e-6
-1.74362e-6
9.94919e-7
4.74402e-6
3.63266e-6
-4.11173e-5
2.21379e-5
-4.00299e-6
4.218e-7
-6.97698e-7
1.69501e-6
-2.20747e-5
1.02848e-5
8.47303e-5
-0.000109619
-8.47252e-5
-1.01198e-5
1.76602e-8
2.42106e-7
-9.31772e-5
0.00016501
-5.11327e-5
0.00144745
-0.0037515
-0.00144708
-0.000164973
9.31666e-5
-2.30962e-5
1.02494e-5
-0.00057066
-0.000559121
0.00600748
0.00268192
-0.00732069
0.00733759
0.00731907
-0.00268127
0.000558973
0.000570514
-0.000556634
0.000210805
0.00267702
-0.00731403
0.00733296
-0.00374437
-0.00208153
0.00236549
-3.13869e-6
-0.00235984
0.00207672
-0.00733254
0.00731241
-0.00267637
-0.00600641
0.00055957
0.00753884
-0.00737176
8.34364e-6
0.00735723
-0.00753014
0.00525701
0.014589
-0.00334873
-0.00721425
0.0253959
0.00808393
-0.0174467
1.09328e-5
-1.29929e-5
-0.00810277
0.0174703
0.00722306
-0.0254132
-0.0190028
0.00382587
-0.00969477
0.0133833
-0.0200816
0.0112294
-0.00929035
0.0189945
-0.0133886
0.02009
0.00969869
-0.0112341
0.00238947
0.00322189
-0.00221033
0.000354535
-0.000362972
-0.000356683
-0.0023885
0.000921356
0.000363118
-0.00092173
0.000134277
3.25107e-5
-0.000105066
1.47094e-5
2.74217e-5
-0.000134286
-0.000134226
2.73665e-5
-2.74328e-5
-2.73776e-5
2.78964e-6
-1.47142e-5
2.77367e-6
7.40603e-8
-6.51148e-6
-2.8368e-6
-3.72483e-7
-2.43946e-6
8.81886e-7
4.4356e-6
-1.50385e-7
1.25674e-7
2.49116e-7
-6.44773e-8
-5.44385e-8
-1.87397e-5
4.06029e-5
-1.00818e-5
9.18376e-5
1.99664e-6
-3.16968e-6
-3.14562e-6
2.42152e-7
-1.67674e-6
1.54574e-5
0.000248452
0.000248494
-0.000242508
0.000243683
9.18332e-5
4.17448e-5
-0.000106128
-1.20856e-5
3.73292e-6
0.000275251
0.00663312
-0.00116684
-0.00261666
-0.00915722
0.00318718
0.00163388
0.00111652
-0.00129377
-0.000254554
0.000370961
-0.00154094
0.00231431
0.00635795
-0.0021901
0.00492678
-0.00327094
0.00228807
-0.0173611
-0.00550922
0.0119117
0.00318749
-0.0129923
0.000841564
-0.00293944
-0.000958016
0.00203916
-3.51596e-5
4.17849e-5
2.6833e-5
3.51596e-5
-4.17849e-5
0.00556979
-0.0119878
-0.00323424
0.000897443
-0.00196305
-0.00495513
0.0174165
0.00329893
-0.000813216
0.00288404
-0.00229702
-0.00636676
0.013019
0.00917403
-0.00319238
0.00152412
-0.00228723
0.00216342
-0.00664574
0.00116892
-0.00110391
0.00127884
0.00262169
-0.000244157
-0.001637
-0.000248921
-0.000248963
-4.12758e-5
0.000104928
-0.000272131
0.000251687
-0.000366765
0.00024296
-9.20031e-5
-9.19988e-5
1.87754e-5
-4.06372e-5
3.13402e-6
3.10995e-6
-1.52919e-5
1.1968e-5
-3.68815e-6
1.00582e-5
-4.52244e-6
-1.84499e-6
-2.64702e-7
-4.0077e-7
-3.93806e-7
1.70033e-6
-1.4673e-7
6.68059e-7
-1.02764e-5
-4.2125e-7
-4.38994e-7
5.21289e-7
2.30889e-5
-4.38551e-6
4.30385e-5
-0.000210857
-4.30274e-5
4.43267e-6
-4.0163e-6
1.3615e-6
4.30033e-5
-0.000210819
0.000556774
-0.000570294
-0.000559718
0.000570148
0.000210767
-4.29922e-5
-2.3104e-5
4.42249e-6
0.00144716
-0.00375122
0.00600797
-0.0152279
0.0210217
-0.0145917
-0.0210164
0.015224
0.00375025
-0.00144678
5.10626e-5
-0.00016493
0.0176376
-0.03154
0.0298317
-0.0052598
-0.0113366
0.0398902
0.0127145
-1.09328e-5
-0.0126957
0.0113278
-0.0298234
0.0315316
-0.017633
0.00505723
-0.00346924
-0.027419
1.29929e-5
0.0273953
-0.039873
-0.00322058
-0.00535672
0.000695062
0.0228642
-0.0200528
0.00418983
-0.0313269
0.0369955
-0.0380953
0.0250811
1.23301e-5
-0.0251043
0.0381145
0.0313414
-0.0370106
-0.022874
0.0200612
0.00535901
-0.000695364
-0.000514761
-3.24968e-5
-0.000865377
0.00220943
0.000514537
0.000333718
0.000865726
-0.000333854
6.98251e-5
0.000170005
-8.53039e-5
1.47216e-5
-5.93103e-5
0.000105029
-6.98042e-5
5.3936e-5
5.9321e-5
-5.39412e-5
6.57954e-6
1.39472e-5
-6.7887e-6
2.58463e-6
-2.82082e-6
-6.55254e-6
4.01341e-7
2.63272e-7
-7.01803e-7
7.62052e-7
-1.03844e-6
-5.57894e-7
-2.74005e-7
1.13299e-6
1.404e-6
1.99548e-6
-1.95297e-6
7.26975e-7
8.02447e-7
-5.16073e-7
2.63788e-7
4.05996e-5
-1.87357e-5
-1.00827e-5
-7.18689e-5
4.4386e-6
6.80692e-6
-6.18227e-6
-1.08133e-6
1.47682e-6
8.03315e-6
0.00059201
-0.000630355
2.2254e-5
-0.00151149
4.77573e-5
9.97037e-5
-3.84589e-5
-9.82029e-6
1.96212e-5
-5.92837e-5
0.00366424
-0.00768237
0.00220341
-0.000475451
-0.0156392
0.0137373
-0.000352026
0.00061747
-8.01261e-5
-0.00263608
0.00231183
-0.000483299
0.0214253
0.00361405
-0.00426522
0.00439835
-0.00291342
3.96535e-5
0.00283894
-0.00433666
-0.0214719
-0.00356752
0.00421644
0.0156709
-0.0137644
0.00260444
-0.00228494
-0.00367161
0.00769729
-0.000610095
-0.0022076
0.000476423
7.91541e-5
0.000477134
0.00151436
0.000352747
-0.000593135
0.000631556
-9.85785e-5
3.80221e-5
5.85621e-5
-2.22987e-5
7.19865e-5
-4.78245e-5
-4.06338e-5
1.87714e-5
-6.77265e-6
6.1657e-6
-7.96592e-6
9.72279e-6
-1.93337e-5
1.00591e-5
-1.84382e-6
-4.52544e-6
1.48611e-6
-7.15603e-7
5.5057e-7
-1.68014e-6
-2.5858e-7
-2.23504e-7
-1.20494e-6
-2.29467e-7
-2.77659e-7
1.51299e-7
3.87114e-6
-8.98849e-7
-4.37534e-6
1.0554e-6
3.23758e-7
8.3938e-7
2.30966e-5
-1.03025e-5
-9.31479e-5
0.000164967
9.31372e-5
1.02755e-5
1.50317e-7
-6.31018e-7
8.47025e-5
-0.000109616
-5.10765e-5
-0.00135916
0.00347013
0.00135881
0.000109596
-8.46973e-5
2.20452e-5
-1.03079e-5
0.000524113
0.000808225
-0.00505853
-0.00841315
0.00109166
0.0359088
-0.0491992
0.0491847
-0.035899
0.00841086
-0.000808
-0.000523977
0.000266777
-0.000133887
0.00658025
-0.0314922
0.0580981
-0.0598288
0.0394032
-1.23301e-5
-0.03938
0.0598096
-0.0580829
0.0314838
-0.00109136
0.00915624
-0.00144047
-0.0342166
0.0254388
-0.00560359
0.0409963
-0.0358174
-0.027658
0.0251608
-6.96311e-6
-1.34128e-6
0.0276717
-0.0251593
-0.041009
0.0358185
0.0342272
-0.0254426
-0.00915964
-0.00419175
0.00144111
0.00236877
-0.000169916
4.96672e-5
2.77535e-5
-0.000714023
0.000939246
-0.000170298
-0.00236761
0.000714353
-0.000939698
-4.96966e-5
-2.77652e-5
-3.23668e-5
-1.40104e-5
-2.62085e-5
7.05846e-6
8.52736e-5
3.22923e-5
-7.22687e-6
2.62678e-5
-7.29839e-6
-1.737e-6
-1.34201e-7
6.62366e-6
2.10734e-6
1.72066e-7
-3.77627e-6
-1.10724e-5
-4.35411e-7
4.54994e-7
-1.4947e-7
-4.28335e-6
1.1028e-5
4.73778e-6
1.01636e-7
-9.51033e-7
2.27595e-6
5.4611e-8
4.74678e-6
1.10048e-5
-4.23482e-6
-1.35183e-7
7.39935e-8
4.91766e-7
-1.09058e-5
-4.18524e-6
1.78361e-5
-3.6927e-5
9.71492e-6
-4.38587e-6
-5.83367e-5
-2.13298e-6
3.11738e-6
-1.28309e-6
-3.84219e-6
1.14034e-6
-3.39644e-5
-0.000228281
0.000116195
-1.89839e-5
0.00048839
-2.19767e-5
-5.73868e-6
-3.19938e-6
8.23472e-5
-0.000108391
1.96432e-5
0.000273286
-0.00626306
0.0137159
-0.00286563
0.000985027
0.023407
-0.0253039
0.00161911
-0.00105504
0.000166233
0.00393937
-0.00292226
0.000646189
-0.0280444
0.0260509
-0.00472022
0.00410762
0.0189134
-0.0171378
0.00319304
-0.00288162
2.23932e-5
-3.96535e-5
-2.23932e-5
-4.31352e-6
-0.0189573
0.0172123
-0.00314917
0.00288668
0.0280852
-0.0261126
0.00467947
-0.00410401
-0.023441
0.0253526
-0.00390541
0.00291003
0.00627399
-0.0137428
0.00104411
0.00287179
-0.000987078
-0.000164182
-0.000638779
-0.00162282
-0.000489449
-8.12884e-5
0.000106938
-0.000269582
3.4059e-5
0.000228718
5.64406e-6
-0.000116483
1.90215e-5
3.16175e-6
-1.93881e-5
5.84342e-5
2.22162e-5
-1.80271e-5
3.69436e-5
-2.92643e-6
3.6027e-6
-9.5116e-6
5.15747e-6
5.11482e-7
-6.31321e-7
4.76558e-6
9.41989e-7
-2.79904e-7
6.99222e-7
6.92097e-7
-1.46664e-7
-1.29235e-6
1.80592e-8
-5.70736e-6
-2.2799e-6
-1.02133e-6
4.17982e-6
8.77827e-7
-2.17241e-6
2.47552e-6
5.78304e-6
-2.79388e-7
-2.64119e-7
1.0473e-5
2.41523e-7
5.8271e-6
2.45839e-6
-2.1982e-5
3.17076e-6
-4.11775e-5
1.11728e-5
0.000133918
4.11182e-5
-3.54109e-6
-1.50183e-6
-6.02425e-6
-1.14079e-5
5.07408e-5
-0.000266866
7.80169e-5
4.35874e-5
-0.00112145
0.00112112
-7.79875e-5
-5.06663e-5
-1.09328e-5
-0.000267469
0.00147511
-0.0037183
0.0143786
-0.00226195
-0.0537288
0.0643739
-0.0434359
6.96311e-6
0.0434223
-0.0643613
0.0537182
-0.00657833
-0.0143752
0.00371714
-0.00147465
-4.35757e-5
-0.00879955
0.0399395
-0.0562282
0.0394958
1.34128e-6
-0.0394973
0.0562271
-0.0399357
0.00226132
-0.0121623
0.0108398
0.0253085
-0.0175425
-0.0187826
0.0130207
9.60705e-6
-1.96076e-5
0.0187657
-0.0129855
-0.0252976
0.017518
0.0121582
-0.0108288
0.0056059
-0.00337972
-0.000481669
4.55053e-5
0.00204808
-0.00190937
0.000277119
0.00337807
-0.00204918
0.0019106
0.000481916
0.000170378
-4.55333e-5
-4.93734e-5
-1.29667e-5
5.31043e-6
4.93443e-5
-1.28497e-5
1.29909e-5
7.38515e-6
-5.54402e-6
-7.32706e-7
1.76595e-6
-3.24319e-6
6.31385e-6
5.09845e-7
5.11589e-7
4.61819e-6
-1.17463e-5
2.36517e-5
-5.80784e-6
5.90655e-6
-1.23858e-5
-2.47883e-5
-9.08832e-5
9.99403e-5
-2.50916e-6
-2.49202e-6
1.30351e-5
-2.47815e-5
-4.61357e-5
-4.61668e-5
5.58966e-6
-5.76378e-6
1.3022e-5
2.37338e-5
9.99662e-5
-9.09078e-5
-3.4596e-7
2.54402e-6
5.81522e-6
-1.2542e-5
3.09537e-6
-1.14842e-5
-4.99767e-7
-4.75887e-7
8.83495e-6
4.6541e-6
-3.20112e-6
6.66715e-8
1.53162e-6
-1.07023e-6
-5.70368e-6
1.39091e-6
0.000329357
-0.000642346
0.000116479
-3.10958e-5
-0.0014002
-3.37389e-5
5.5629e-5
-5.27067e-6
-0.000236718
0.0002212
-3.21629e-5
-0.000390286
0.00832933
-0.0174069
0.00383243
-0.0074317
-0.0173355
0.0120362
0.0245137
-0.00230944
0.00138748
-0.00122505
-0.00288327
0.00197104
0.0128766
-0.0089554
-0.0172232
0.00212519
-0.00143457
-3.0896e-5
6.30576e-5
4.31352e-6
3.0896e-5
-6.30576e-5
-0.0128223
0.00884232
0.0172181
-0.00217948
0.00154765
0.0173004
-0.0119576
-0.0245173
0.00291838
-0.0020497
-0.00831603
0.00739635
0.0174192
-0.00140078
0.00126039
-0.00383984
0.00231474
0.00140376
0.00023316
-0.000217226
0.000384982
-0.000330149
0.000643799
-5.48363e-5
-0.000116735
3.11858e-5
5.18061e-6
3.1381e-5
3.38324e-5
-8.9127e-6
-1.45387e-6
5.61013e-6
-5.16312e-6
3.95235e-6
3.19003e-7
-1.51915e-6
6.50041e-7
-4.07602e-6
1.32661e-6
-2.16946e-7
3.92111e-6
1.16553e-5
-5.98633e-6
-2.01735e-7
1.10235e-5
-2.36887e-5
-1.10241e-5
1.24969e-5
-4.71315e-6
2.47762e-5
-4.70414e-6
-1.30168e-5
5.25673e-5
-4.78022e-5
-1.10472e-5
2.47831e-5
1.11901e-5
-1.30299e-5
-2.42342e-5
-2.42934e-5
3.51215e-6
-2.36066e-5
-5.59884e-6
1.19174e-5
4.22384e-6
1.23407e-5
-4.77553e-5
5.2518e-5
8.81237e-7
8.8298e-7
-2.0372e-5
8.42613e-6
1.12496e-5
2.03478e-5
-6.6012e-7
-6.48497e-6
-2.0166e-5
7.75021e-5
-0.000756436
7.14485e-5
0.00321623
-0.00321512
0.00026739
0.00075619
-7.7473e-5
-8.19254e-6
0.000435362
-0.00299816
0.00530418
-0.0190867
0.0170001
0.0397147
-0.0294629
-9.60705e-6
0.0294797
-0.0397256
0.00879725
0.0190909
-0.00530253
0.00299692
-7.14204e-5
-0.0275046
0.0203933
1.96076e-5
-0.0204284
0.027529
-0.0170111
0.00128087
-0.000805782
-0.00353395
0.000771019
-0.00865448
0.00193291
0.0140738
-0.010537
2.38139e-5
0.0104944
-0.0140447
0.00864259
0.00353415
-0.00128232
0.000811466
-0.000774596
-0.000277362
9.70828e-5
-1.34711e-5
5.55139e-6
-9.69571e-5
-1.25402e-5
1.35438e-5
1.28099e-5
-5.9255e-6
-2.07228e-6
-2.12399e-6
4.76442e-6
2.43887e-6
2.06015e-6
3.02519e-6
-7.22293e-7
-8.80554e-6
1.20812e-5
4.77517e-5
-2.32191e-5
7.55032e-5
-6.18065e-5
-6.44072e-6
2.86085e-5
4.41245e-5
0.000117599
-0.000143667
-0.000176979
2.42263e-5
-5.25104e-5
9.29902e-5
-0.000118843
0.000226164
0.000226198
-5.25597e-5
2.42855e-5
-0.000118908
9.30633e-5
-0.000177018
0.000117602
-2.31177e-5
4.77985e-5
-6.18116e-5
7.55165e-5
4.40712e-5
-0.000143673
1.19106e-5
-5.43093e-5
-2.27262e-7
4.27918e-8
4.2791e-6
-6.11616e-6
2.02824e-6
-8.55044e-6
4.46954e-7
-4.74147e-6
9.08617e-6
8.87524e-6
-3.09596e-6
-2.35407e-6
1.68737e-6
-1.38033e-6
1.13301e-5
1.87774e-6
-0.000873706
0.00130478
-0.000189381
0.000540612
0.00241725
-0.000520857
6.61905e-5
-0.00014984
0.000103783
0.000406119
-9.55675e-5
0.000973366
-0.000223873
-0.0015661
0.00113775
7.6585e-5
-0.00127468
0.00165963
-0.00101162
-0.0024179
-0.000405468
0.000878353
0.00053236
-0.000558893
-0.00130876
0.000145192
-8.55013e-5
8.40645e-5
0.00022146
0.000190163
-6.65947e-5
-9.31989e-6
-1.45366e-6
-1.09259e-5
-8.747e-6
4.2991e-6
1.77197e-7
-1.18843e-6
1.17513e-6
-2.67098e-6
8.69996e-7
7.3198e-7
6.34831e-7
8.71704e-6
-4.44569e-6
-2.5729e-6
-1.20235e-5
-4.41136e-5
2.31601e-5
6.22904e-6
9.09115e-5
0.000143695
-0.000117617
-7.55381e-5
-2.85435e-5
-9.99738e-5
0.000177044
4.61747e-5
-0.000226235
-9.30894e-5
6.18265e-5
4.61436e-5
-0.000226201
-9.99479e-5
0.000177005
0.00011888
0.000118944
9.08869e-5
-0.000117614
-4.41669e-5
0.000143688
2.32615e-5
6.18214e-5
-9.30163e-5
5.44245e-5
-1.21941e-5
-3.66792e-6
8.97214e-6
-6.70532e-7
2.76672e-6
6.5536e-6
-7.55249e-5
4.07308e-6
3.69437e-6
-2.11763e-5
8.84427e-6
2.02058e-5
2.11037e-5
-4.06095e-6
-4.93102e-6
-1.97194e-5
-0.000152347
0.00201083
-0.00126658
-0.00554594
0.00554573
-0.000435119
-0.00200938
0.000152222
-8.47015e-6
0.00121139
0.00303223
-0.0135674
0.0220523
-0.0164841
-2.38139e-5
0.0165267
-0.0220813
0.0135793
-0.00120781
0.00126089
0.00396997
-0.00265503
-0.0088561
0.00394239
0.00687938
-0.00323894
-2.0009e-5
1.09245e-5
-0.006844
0.00322042
0.00883342
-0.00393482
-0.00396307
0.00265883
-0.00193366
0.00144539
0.000140539
-1.01685e-5
0.000797138
-0.000117608
-0.00143474
-0.00080846
-0.000141792
1.27545e-5
1.27754e-5
-2.38224e-6
-3.06109e-6
5.01817e-6
2.70738e-6
2.31135e-6
4.3559e-6
-4.33453e-6
-9.11067e-6
2.16792e-5
-1.14861e-5
2.45739e-5
-1.13649e-5
4.36927e-5
2.18353e-5
-5.43714e-5
-4.67587e-5
0.000286266
-0.000150453
5.47975e-5
-0.000562251
0.00145807
-2.87658e-5
-0.000597289
-0.00155248
0.000611826
0.00031392
5.48473e-5
0.000612149
-0.00155275
-2.88604e-5
0.000286262
0.00145823
-0.000562283
-1.14496e-5
2.84904e-5
2.45771e-5
-0.000150445
2.18162e-5
-4.67604e-5
2.17325e-5
-8.31305e-5
-3.23601e-7
2.83435e-6
4.20914e-6
-1.14663e-5
2.91704e-6
-8.68543e-6
3.30217e-7
-5.09537e-6
-9.3827e-5
8.15328e-6
2.08866e-6
-2.45317e-6
-1.86059e-5
6.33283e-6
-0.00011406
2.27922e-5
0.000186131
-0.00272414
0.00593649
-0.00132002
0.00180622
0.00608763
-0.00270446
-0.0096672
0.000961045
-0.000444554
0.000313937
0.000978786
-0.000441143
-0.00475174
0.00223869
0.0072644
-0.000730517
0.000341303
6.43485e-5
-3.5133e-5
-7.6585e-5
-6.43485e-5
3.5133e-5
0.00463797
-0.00217913
-0.00712747
0.000844288
-0.00040086
-0.0060147
0.00268013
0.00957368
-0.00105172
0.000465473
0.00270195
-0.00181847
-0.00589823
0.000466737
-0.000301696
0.00132244
-0.000995296
7.76496e-5
-0.000151881
9.78564e-5
1.45766e-5
-8.84259e-6
-1.04723e-5
2.0508e-6
-7.69632e-6
1.40753e-6
-3.8405e-6
1.24706e-6
7.15425e-7
4.48002e-6
8.95225e-6
-4.47595e-6
-2.74053e-6
-2.1704e-5
-2.18334e-5
1.14669e-5
1.14379e-5
5.43624e-5
4.67687e-5
-2.45854e-5
-4.37087e-5
-0.000286325
0.000150509
-5.48572e-5
2.88703e-5
0.000766766
-0.00029564
0.00059739
-0.00031402
0.000322057
-0.00081653
-5.48075e-5
2.87757e-5
-0.00081603
0.000321441
-0.000286329
-2.18526e-5
4.6767e-5
-2.86617e-5
1.15033e-5
0.000150517
-0.000295579
0.000766463
8.31537e-5
-2.16507e-5
-5.27937e-6
9.37749e-6
-1.7987e-6
3.98455e-6
1.13365e-5
-2.45822e-5
4.51602e-6
4.11999e-6
0.000221043
-1.69148e-5
1.9505e-5
-0.00021979
-4.44513e-6
-5.28499e-6
-0.000186319
0.00125479
-0.00225455
0.00622047
-0.00416336
-0.0138693
0.0107515
2.0009e-5
-0.0107868
0.013892
-0.00303148
-0.00622736
0.0022439
-0.00124347
1.4308e-5
0.00617381
-0.00505825
-1.09245e-5
0.00507677
-0.00618137
0.00415956
-0.000576194
0.000498532
0.00151753
-0.000885819
0.001523
-0.00122354
0.00131111
-0.000394307
-3.55128e-6
-0.00130493
-0.00153689
0.00122878
-0.00153593
0.000919234
0.000596187
-0.00056986
0.000122302
-7.87856e-5
-2.30615e-6
-9.71001e-6
6.33384e-5
6.02683e-5
3.27915e-6
-4.74791e-6
1.55141e-5
2.09362e-5
-1.19469e-5
4.02986e-5
-1.11705e-5
-8.58632e-5
2.26487e-5
-8.3133e-5
-7.66352e-5
0.000286923
0.000295482
4.39771e-5
-0.000632216
0.000455563
-0.000150788
0.000831658
-8.3686e-5
-0.000867038
0.00120303
-0.00372267
0.000815763
-0.000766214
0.00195626
-0.00211484
0.00402419
0.000600385
-0.000321953
-0.000321337
-0.00031591
-0.000314904
0.000599857
0.00402444
-0.000766517
0.000816264
-0.00211531
0.00195704
-0.00372309
-0.000867222
4.39895e-5
0.000295543
0.000455913
-0.000632372
-8.36925e-5
0.00120311
0.000286937
-0.00158235
-1.17957e-5
4.36879e-5
4.02356e-5
-0.000150814
2.25693e-5
-7.66021e-5
2.06422e-5
0.000163316
-2.41342e-7
2.97242e-6
-4.19254e-6
-1.06111e-5
2.19386e-6
1.2614e-5
-3.78793e-5
-7.99396e-5
0.000356534
-0.000523983
7.17131e-5
-0.000207682
-0.00100271
0.000543218
-1.44874e-5
0.000105932
-0.000198664
-0.000211255
0.000168112
-0.00101602
-0.000202349
0.000827119
0.000150927
-0.000140574
4.73672e-5
-1.14208e-5
0.000160462
-0.000843974
0.00106071
0.00015766
-0.000134072
-4.43964e-5
0.00106189
-0.00065068
0.000152075
-6.06499e-5
-0.000420831
0.000437072
0.000560393
-4.16345e-5
-3.07258e-5
-8.68091e-5
6.41652e-5
-2.88779e-6
9.35282e-7
-1.17986e-5
4.86348e-6
-1.44732e-5
6.05176e-6
-3.85899e-5
-2.0795e-5
-2.26211e-5
1.18476e-5
1.0764e-5
8.31512e-5
7.6622e-5
-4.02556e-5
8.58852e-5
-0.000286993
8.37135e-5
-4.40104e-5
0.000150871
0.00056238
-0.00120334
0.000867382
0.000632607
-0.000831934
-0.00145848
0.00372372
0.00155301
-0.00402514
-0.00195768
-0.000456073
-0.000612253
-0.000599962
-0.00061193
-0.00060049
0.000315009
0.00211601
0.00155275
-0.00402489
-0.00145832
0.00372331
0.00211553
0.000316015
0.000562348
0.000867198
8.3707e-5
-0.00120326
-4.39981e-5
-0.000455723
-0.00195689
0.0015827
-0.00028698
-2.27006e-5
7.66551e-5
-4.37134e-5
1.19987e-5
0.000150844
0.00063245
-0.000163441
-2.1089e-5
-3.97309e-6
-1.73733e-5
-2.07947e-6
3.00009e-6
1.13234e-5
-4.03186e-5
0.000108142
0.000105072
-0.000911086
0.000808268
0.00238656
-0.00236816
0.000181625
0.000891093
-8.96244e-5
1.15692e-5
-0.0014018
0.00239525
-0.00192183
-0.00061835
0.00204858
3.55128e-6
-0.00205476
0.00191659
-0.00238135
0.00136839
-0.00073694
-0.000254761
0.000177263
-4.93402e-6
1.73296e-5
0.000261951
-0.000210737
0.00039523
-0.000839536
-0.000226381
0.000460824
-0.000340776
0.000233077
-0.000875284
0.00018725
0.000822139
0.000885993
0.000484892
-0.000269431
0.000322104
-0.000795105
-9.71248e-5
0.00019517
0.000124784
-0.000715089
-0.00010541
0.000709018
-0.000235904
0.000163352
0.00135322
-0.000466922
-0.000426507
0.00181358
-0.00209643
0.000245385
-0.00169087
0.000811422
-0.00158237
0.00398866
-0.00344994
-0.00117108
0.000615423
0.0054267
-0.00285148
-0.00644507
-0.0189212
0.0163363
0.00338765
-0.00644463
-0.0028723
-0.00287664
0.00338682
0.00542765
0.0163397
-0.0189239
-0.00285328
0.000615601
-0.00117118
0.00398846
-0.000426358
0.000831612
-0.00209607
0.00181238
0.000811343
-0.00344931
-0.000466915
0.00321458
0.000122016
-8.57956e-5
-0.000701876
0.000245371
-0.000234449
0.00134627
0.000189912
-0.0013213
-2.38973e-5
2.7573e-5
0.00030891
-3.59963e-5
-9.54069e-5
0.000215676
-0.000715257
0.000324696
-9.17286e-5
-9.87084e-5
0.000120333
9.01327e-6
-0.000126435
0.000164397
-0.000904114
0.000267516
-7.45902e-5
1.58677e-5
-5.57318e-5
1.14208e-5
-0.000534561
4.16359e-5
-7.83599e-5
-1.58677e-5
5.57318e-5
-0.00018752
0.000182244
0.000884226
-1.85126e-5
-2.92937e-5
-0.000270487
0.00059051
-8.58923e-5
7.04867e-5
0.000208642
-0.00042748
0.00013878
-1.82052e-5
4.06348e-5
-0.000283945
0.000766128
9.21666e-5
-0.000359782
9.09565e-5
-0.00019326
0.000235343
-0.00012291
9.87547e-5
-0.000163406
-0.00135032
0.00070593
-0.000691327
0.000467088
-0.000811519
0.000426534
-0.000245544
0.00158267
0.00345009
-0.00398928
-0.00181317
0.00168948
0.00117139
-0.000615816
0.00209689
-0.00542858
0.00285421
0.00644575
-0.00338794
0.00859284
-0.00995109
0.00644618
-0.00338877
-0.00150709
-0.00151534
-0.00542763
0.0011713
0.00285241
-0.00994587
0.00858638
-0.00398948
-0.000811598
0.00345072
-0.00083198
0.000426683
0.00209725
-0.000615638
-0.00321666
0.000467096
0.000236798
-0.00135727
8.59528e-5
-0.000125678
-0.000245558
-0.00181437
0.00134291
-0.000198518
-0.000390373
0.000845976
-7.12852e-5
0.000294651
0.000108757
0.000719143
-0.000587676
0.000379365
0.000287953
-0.00138151
0.00130361
-0.000407835
0.000314621
4.93402e-6
0.000617426
0.000400645
-0.00128621
0.0013708
-0.000343011
0.000443559
-0.000511696
-1.73296e-5
-0.000281147
0.00031107
-0.000221323
-0.000492393
0.000261184
-0.00012672
-2.84761e-5
0.000185304
0.000529897
-0.000324902
-0.000338373
0.000286409
-0.000171812
9.40579e-5
-0.000515745
0.00134913
-0.00127357
-0.000793582
0.000216186
-0.000109765
-9.26827e-5
0.00147021
-0.000370328
0.000957276
-0.00254184
-0.00133484
0.00240813
-0.00129615
0.0011346
-0.00312948
0.00299136
0.000683707
-0.00215607
0.00595027
0.00321577
-0.00568971
0.00242645
-0.00127552
-0.00705885
0.00994256
-0.00474296
0.0202447
-0.0177805
0.00370986
-0.0177556
0.00902528
0.0338351
-0.0385212
-0.022552
0.00150663
-0.00858359
0.0118493
-0.00412021
0.00784708
0.00785298
-0.00859004
0.00151488
-0.00413142
0.0118588
-0.0225569
0.0338383
-0.00474425
0.00994778
-0.0177867
0.0202473
0.00902596
-0.0385226
-0.00705892
0.0337834
0.00371
-0.00127483
0.00242609
-0.00568819
0.00113023
-0.00168859
0.00298846
-0.00312404
0.000675313
-0.00215378
0.00594741
-0.00129174
0.00239415
-0.000471616
0.000683253
-0.00124697
0.00130431
-0.000720426
0.000934082
-0.00251828
0.00143176
0.000139676
-0.000330113
-1.89784e-5
0.000215048
-0.000167881
0.000581412
-0.000156776
4.37487e-5
0.000279244
-8.09338e-5
0.000105291
-8.66289e-5
0.000147084
0.000124314
-0.00014508
4.56164e-6
0.000116301
9.15786e-5
-9.15786e-5
-0.000192967
7.21047e-5
-0.000399855
0.000285851
-3.70223e-6
-5.98363e-5
0.000255686
-0.000253064
-0.000615852
-1.17554e-6
6.22315e-5
0.000107128
-5.47772e-5
-3.15351e-5
0.000356041
-0.00145559
0.000744257
-0.000165604
0.000117534
-0.000948341
0.0025314
0.000485875
-0.00131744
0.00132937
-0.00240174
0.00129429
0.00215481
-0.00594755
-0.00113126
0.00312419
-0.000677864
0.00125457
-0.00321546
0.00568936
-0.00242655
0.00127529
-0.00298964
0.00706029
-0.00902759
0.00474589
-0.00371136
0.0189272
0.0385296
-0.0338443
-0.0202543
0.0177616
-0.0163425
0.0225607
0.0028771
-0.00785413
-0.0118625
0.0177927
0.00287276
-0.00784824
-0.0163391
0.0225557
0.00412136
0.00413257
0.0189245
-0.0338411
-0.00902691
0.0385283
0.0047446
0.0177865
-0.0118531
-0.0337894
0.00706022
-0.00242691
-0.00371123
-0.0202517
0.00569089
0.0021571
-0.00595041
0.00169175
-0.00113563
-0.00299254
0.00127597
0.0012987
-0.00241572
-0.000971535
0.00255496
-0.000717093
0.000530004
0.00128117
-0.000686258
0.00312962
-0.00149404
0.000396255
-0.000184896
-0.000167814
0.000507429
-0.00039239
-0.000805439
0.000767935
-0.000303391
-0.000480127
0.000183521
-0.000242113
0.000817413
-0.00136225
0.000465673
-0.00026197
2.84761e-5
0.000203386
-0.000401954
0.000327303
0.000136796
-0.000209347
0.000197159
-0.000167619
7.91116e-5
3.39914e-5
-0.000151075
0.000252369
-0.000305407
-0.000201621
0.000357946
0.000196098
-0.00032453
0.0013524
-0.00235306
0.000161684
-0.000777186
0.00446261
-0.00255594
-0.00325247
0.00171213
-0.00766255
0.00959737
-0.0182504
0.00943972
0.00810736
-0.030297
0.0327576
-0.00496178
0.0225245
-0.015425
0.0337834
-0.0623251
0.0576409
0.0527775
-0.0277384
0.0168184
-0.0320019
0.0156548
-0.00822536
0.00413278
-0.00786828
-0.00787238
0.00414059
-0.00823239
0.0156585
-0.0320032
0.0168208
-0.0277377
0.0527771
-0.0623232
0.00810648
-0.0177557
0.0327541
-0.0302917
-0.0154246
0.0576381
0.00943895
-0.0428482
-0.00496033
0.00958948
-0.0182462
-0.00324852
0.0145628
0.00170463
-0.0023307
0.00132113
0.00445086
-0.0025395
-0.000341242
0.00146426
2.13183e-5
-0.000128736
-0.000120319
4.53213e-5
0.000193478
-0.000140925
0.000311152
-0.000225599
-1.51856e-5
0.000172248
4.63395e-5
-0.00013385
-0.000109316
0.000109316
0.000185094
-9.75838e-5
-0.00025737
0.000100308
0.0003028
-0.000122523
0.000187158
-0.000357571
-6.75514e-5
0.000166738
-0.000203846
0.000330231
-0.000182468
0.00254941
-0.00445358
0.00233341
-0.00133104
0.000770153
0.00324906
-0.00170516
0.0182384
-0.00958164
0.00764451
-0.0094406
0.015427
-0.0081089
0.00496198
-0.0337894
-0.0576456
0.062334
0.0302993
-0.0225217
-0.0527874
0.0320091
0.027748
-0.0327649
-0.0156604
0.00787267
0.00823434
-0.0168267
0.00786857
-0.0156567
-0.00413308
-0.00414088
0.0320078
-0.0527878
-0.0168243
0.00822732
0.0623359
0.0154275
-0.0576484
0.0177616
-0.00810979
-0.0327685
0.0277487
0.0428538
-0.00944136
0.0182425
0.00496343
0.0303045
-0.0145594
0.00325301
-0.00446533
-0.00171267
-0.00958953
0.00256585
-0.00147961
0.000313519
0.000247855
-0.000404365
8.14805e-5
-0.000183029
-0.000150673
-0.00136231
0.00235578
0.000382608
-0.000337491
0.00020232
-3.39914e-5
-0.000130356
0.000252741
-0.000274361
0.000255767
0.000280993
-0.000442369
0.000731323
0.000242017
-0.000162657
0.000109479
-4.49886e-5
-3.07521e-5
0.000111419
-0.000192649
0.000282009
-0.000439396
-0.000518034
0.000828715
0.00147197
-0.00138202
0.00205669
0.00351509
-0.00784029
0.0124595
0.00349111
-0.00108495
-0.00663048
-0.00668026
0.0149013
0.0145679
-0.0236872
0.0295335
-0.0107686
0.0224081
-0.0317138
-0.015531
0.0204834
-0.0426229
-0.0428511
0.060331
-0.069061
0.0363002
-0.0337321
0.0641784
-0.0427864
0.0224875
0.00564111
-0.00296544
0.00402048
-0.0080812
0.00222904
-0.00211375
0.00563985
0.00222783
-0.00807982
-0.00296305
0.0224839
-0.0427844
0.0641751
-0.0337258
0.0362922
-0.0690568
0.0603264
-0.0107643
0.022519
-0.031705
0.0223996
-0.0155209
0.0204811
-0.0426184
0.0295282
-0.023681
0.00350768
-0.007653
0.0124477
-0.00782894
0.00347796
-0.00667637
0.0148954
-0.00662356
-0.00107166
0.00204971
-0.0013706
0.000244168
-0.000762515
0.000709608
-0.000406089
0.000181654
-0.000498678
0.000809646
-0.000407668
-8.31642e-5
0.000240227
4.78827e-5
-0.000160273
-5.89101e-5
0.000118736
9.88982e-5
-9.88982e-5
-0.000154728
9.49021e-5
0.00021959
-0.000107199
-0.000300671
0.000143608
0.000453112
-0.000227098
0.00051815
-0.000836394
-0.00026364
0.000432836
-0.0014719
0.00138301
-0.00205345
0.00661817
-0.00347256
0.0010754
-0.000722016
0.00667145
-0.0148792
-0.00350276
0.00781276
-0.0145544
0.0236603
-0.0295107
-0.0204782
0.0426106
0.0107614
-0.0223919
0.0155034
-0.012427
0.0428509
-0.0603272
0.0690658
-0.0641888
-0.0363012
0.0317058
0.0427967
-0.0224961
0.0337395
-0.00564184
0.00296504
-0.00401824
0.00211152
0.00117276
-0.00425065
-0.00564309
0.0427986
0.00296742
-0.00425328
0.00117507
-0.064192
0.0690701
0.0337457
-0.0224998
-0.0603318
-0.0204804
0.0426151
-0.0225272
0.0107657
0.0317146
-0.0363093
-0.029516
0.0236665
0.00667535
-0.0148851
0.00765406
-0.00351017
-0.0124388
0.0155136
-0.0224003
0.00662508
-0.00206043
0.00139443
0.000537506
-0.000855463
0.000784824
-0.000300465
-0.000743731
0.00108868
-0.00348572
0.00782412
0.00048484
-0.000342453
0.000251966
-0.000147411
3.07521e-5
8.09806e-5
-0.000168796
0.000223101
-0.000287461
0.000469116
-0.000119706
0.000161175
7.91277e-5
-4.72779e-5
1.57972e-5
1.82679e-5
-5.55509e-5
9.77436e-5
-0.000150979
0.000227202
-0.000306835
0.000662421
-0.00286676
0.00608864
-0.00932655
-0.000349577
0.0011607
-0.0115674
0.00544364
0.0177249
-0.0219128
0.0115262
-0.0166293
0.022278
0.0316282
-0.0423797
0.0465939
-0.0244903
0.0222094
-0.0422584
0.029399
0.00424708
-0.00638841
0.00715936
-0.00414893
-0.0154497
0.0121562
-0.0136257
0.00789675
-0.00253299
-0.00116933
-0.00117164
0.00133117
0.0013291
-0.00253191
0.00789566
-0.0063872
0.00424444
-0.00414687
0.00715745
-0.0154465
0.0121555
-0.0136247
0.0293974
-0.0422559
0.0222046
-0.0244843
0.0465908
-0.0423763
0.0222715
-0.0166231
0.0115192
0.0316249
-0.0219092
0.0177208
-0.00931864
0.0060813
-0.00286021
-0.0115636
0.0054402
0.000660161
-0.0022012
-0.000345278
0.000145806
-9.15312e-5
-0.000298756
0.000212393
4.6119e-5
-0.000133629
-2.75462e-5
8.73723e-5
3.42466e-5
-6.52481e-5
-5.8749e-5
5.8749e-5
9.36004e-5
-6.25989e-5
-0.00013475
7.49241e-5
0.000184954
-9.74433e-5
-0.000254176
0.000133313
0.00032263
-0.00016968
-0.00066082
0.000345937
-0.00542699
0.0115383
-0.00605607
0.002847
-0.0011521
-0.0176904
0.0218841
-0.0316128
0.016611
-0.0114941
0.00928828
0.0423752
-0.0466005
0.0422724
0.024494
-0.0222704
-0.0294143
-0.0121618
0.0136381
0.00639349
-0.00717089
0.0154634
-0.0222211
0.00808603
-0.00790603
-0.00223126
0.00253593
-0.00223248
0.00253702
-0.00133313
0.00415723
0.00808741
-0.00790712
-0.0121625
0.0136391
0.00639469
0.0041593
-0.0013352
-0.0294159
0.0422749
-0.0466037
-0.0222259
0.0154666
-0.00717279
0.0423786
-0.0316161
-0.0222769
0.0245
0.0218878
-0.0176946
0.0115422
0.00929618
-0.0115011
0.0166173
-0.00543043
0.00219899
-0.000663079
0.000330709
0.000350236
0.00285355
-0.00606341
-0.000268984
0.000202303
-0.000145122
8.39031e-5
-1.82679e-5
-4.41494e-5
9.46559e-5
-0.000130452
0.000161488
-0.000185049
-0.000226459
-3.51893e-6
-2.53277e-6
1.23595e-5
-2.03091e-5
2.42426e-5
-2.19324e-5
1.30286e-5
5.8023e-13
-1.30286e-5
2.19324e-5
-2.42426e-5
2.03091e-5
-1.23595e-5
0.000431008
3.51893e-6
-0.0022034
2.53277e-6
-7.79134e-6
7.79134e-6
-1.42704e-5
1.6984e-5
1.42704e-5
-1.6984e-5
1.39841e-5
-1.39841e-5
6.85173e-6
-9.56596e-7
-6.85173e-6
9.56596e-7
4.96607e-6
-4.96607e-6
8.79383e-6
-8.79383e-6
9.26652e-6
-9.26652e-6
7.79724e-6
-5.95067e-6
-7.79724e-6
5.95067e-6
-2.23851e-6
2.23851e-6
2.23851e-6
-2.23851e-6
5.95067e-6
-5.95067e-6
7.79724e-6
-9.26652e-6
-7.79724e-6
9.26652e-6
-8.79383e-6
8.79383e-6
-4.96607e-6
4.96607e-6
9.56596e-7
-9.56596e-7
6.85173e-6
-1.39841e-5
-6.85173e-6
1.39841e-5
-1.6984e-5
1.6984e-5
-1.42704e-5
7.79134e-6
1.42704e-5
-7.79134e-6
2.53277e-6
-0.000223332
0.00115651
-2.53277e-6
-3.51893e-6
1.23595e-5
0.000429365
3.51893e-6
-1.23595e-5
-2.03091e-5
2.03091e-5
2.42426e-5
-2.42426e-5
-2.19324e-5
2.19324e-5
1.30286e-5
-1.30286e-5
3.51074e-13
1.40709e-12
-1.30286e-5
1.30286e-5
2.19324e-5
-2.19324e-5
-2.42426e-5
2.42426e-5
2.03091e-5
-2.03091e-5
-1.23595e-5
1.23595e-5
-0.000434493
3.51893e-6
0.00022846
-3.51893e-6
0.00219679
2.53277e-6
-7.79134e-6
1.42704e-5
-1.42704e-5
7.79134e-6
-2.53277e-6
-1.6984e-5
1.39841e-5
-6.85173e-6
6.85173e-6
-1.39841e-5
1.6984e-5
9.56596e-7
4.96607e-6
-8.79383e-6
-4.96607e-6
-9.56596e-7
9.26652e-6
-7.79724e-6
7.79724e-6
-9.26652e-6
8.79383e-6
5.95067e-6
-2.23851e-6
-2.23851e-6
2.23851e-6
-5.95067e-6
5.95067e-6
-7.79724e-6
-5.95067e-6
2.23851e-6
9.26652e-6
-8.79383e-6
4.96607e-6
8.79383e-6
-9.26652e-6
7.79724e-6
9.56596e-7
-6.85173e-6
-9.56596e-7
-4.96607e-6
1.39841e-5
-1.6984e-5
1.42704e-5
1.6984e-5
-1.39841e-5
6.85173e-6
-7.79134e-6
2.53277e-6
-0.000436136
3.51893e-6
-0.00115629
0.000231587
-2.53277e-6
7.79134e-6
-1.42704e-5
-1.23595e-5
2.03091e-5
-2.42426e-5
2.19324e-5
-1.30286e-5
1.18962e-12
1.30286e-5
-2.19324e-5
2.42426e-5
-2.03091e-5
1.23595e-5
-3.51893e-6
-0.000185049
0.000231587
-0.00115629
0.000161488
-0.000130452
9.46559e-5
-4.41494e-5
-1.82679e-5
8.39031e-5
-0.000145122
0.000202303
-0.000268984
0.000330709
-0.000436136
0.00219899
-0.00543043
0.00285355
-0.00606341
0.00929618
0.0115422
-0.0176946
0.0218878
-0.0115011
0.0166173
-0.0222769
-0.0316161
0.0423786
-0.0466037
0.0245
-0.0222259
0.0422749
-0.0294159
0.0154666
-0.00717279
0.0041593
0.0136391
-0.00790712
0.00253702
-0.0013352
-0.00133313
0.00253593
-0.00790603
0.00415723
-0.00717089
0.0154634
0.0136381
-0.0294143
0.0422724
-0.0222211
0.024494
-0.0466005
0.0423752
-0.0222704
0.016611
-0.0114941
-0.0316128
0.0218841
-0.0176904
0.00928828
-0.00605607
0.002847
0.0115383
-0.00542699
0.00219679
-0.0011521
0.00022846
-0.00016968
-0.000434493
0.00032263
0.000133313
-0.000254176
-9.74433e-5
0.000184954
7.49241e-5
-0.00013475
-6.25989e-5
9.36004e-5
5.8749e-5
-5.8749e-5
-6.52481e-5
3.42466e-5
8.73723e-5
-2.75462e-5
-0.000133629
4.6119e-5
0.000212393
-9.15312e-5
-0.000298756
0.000145806
0.000429365
-0.000223332
-0.0022012
0.0054402
-0.0115636
0.0060813
-0.00286021
0.00115651
0.0177208
-0.0219092
0.0316249
-0.0166231
0.0115192
-0.00931864
-0.0423763
0.0465908
-0.0422559
-0.0244843
0.0222715
0.0293974
-0.0136247
0.00715745
-0.0154465
0.0222046
0.00789566
-0.00253191
-0.00253299
0.0013291
-0.00414687
0.00789675
-0.0136257
-0.00414893
0.00133117
0.029399
-0.0422584
0.0465939
0.0222094
-0.0154497
0.00715936
-0.0423797
0.0316282
0.022278
-0.0244903
-0.0219128
0.0177249
-0.0115674
-0.00932655
0.0115262
-0.0166293
0.00544364
-0.0022034
0.000431008
0.0011607
-0.00286676
0.00608864
-0.000306835
0.000227202
-0.000150979
9.77436e-5
-5.55509e-5
1.82679e-5
1.57972e-5
-4.72779e-5
7.91277e-5
-0.000119706
0.000161175
-0.000226459
0.000350236
-0.000287461
0.000469116
0.000223101
-0.000168796
8.09806e-5
3.07521e-5
-0.000147411
0.000251966
-0.000342453
0.00048484
-0.000855463
-0.000663079
0.00139443
0.00662508
-0.00348572
0.00782412
-0.0124388
-0.0148851
0.0236665
-0.029516
0.0155136
-0.0224003
0.0317146
0.0426151
-0.0603318
0.0690701
-0.0363093
0.0337457
-0.064192
0.0427986
-0.0224998
0.00639469
-0.00425328
-0.0121625
0.00808741
-0.00223248
0.00117507
0.00117276
-0.00223126
0.00808603
-0.00425065
0.00639349
-0.0224961
-0.0121618
0.0427967
-0.0641888
0.0337395
-0.0363012
0.0690658
-0.0603272
0.0317058
-0.0223919
0.0155034
0.0426106
-0.0295107
0.0236603
-0.012427
0.00781276
-0.00347256
-0.0148792
0.00661817
0.000345937
-0.00066082
-0.000722016
0.000432836
-0.000227098
0.000453112
-0.000836394
0.000143608
-0.000300671
-0.000107199
0.00021959
9.49021e-5
-0.000154728
-9.88982e-5
9.88982e-5
0.000118736
-5.89101e-5
-0.000160273
4.78827e-5
0.000240227
-8.31642e-5
-0.000407668
0.000181654
0.000809646
-0.000406089
-0.0013706
0.000660161
-0.00662356
0.0148954
-0.00782894
0.00347796
-0.000345278
-0.023681
0.0295282
-0.0426184
0.0223996
-0.0155209
0.0124477
0.0603264
-0.0690568
0.0641751
0.0362922
-0.031705
-0.0427844
0.0121555
-0.0063872
0.0224839
-0.0337258
-0.00807982
0.00222783
0.00222904
-0.00116933
0.00424444
-0.0080812
0.0121562
0.00424708
-0.00117164
-0.0427864
0.0641784
-0.069061
-0.0337321
0.0224875
-0.00638841
0.060331
-0.0426229
-0.0317138
0.0363002
0.0295335
-0.0236872
0.0149013
0.0124595
-0.015531
0.0224081
-0.00663048
0.000662421
0.00349111
-0.00784029
0.000828715
-0.000439396
0.000282009
-0.000192649
0.000111419
-3.07521e-5
-4.49886e-5
0.000109479
-0.000162657
0.000242017
-0.000442369
0.000731323
-0.000349577
-0.000743731
0.00108868
0.000255767
-0.000300465
0.000784824
-0.000274361
0.000252741
-0.000130356
-3.39914e-5
0.00020232
-0.000337491
0.000382608
-0.000404365
0.000537506
-0.00147961
-0.00206043
0.00256585
0.00235578
-0.00351017
0.00765406
-0.00136231
-0.00446533
0.00667535
-0.0145594
0.0182425
-0.00958953
0.0107657
-0.0225272
-0.0204804
0.0428538
-0.0576484
0.0303045
-0.0327685
0.0623359
-0.0527878
0.00296742
0.0277487
-0.00564309
0.0320078
0.00822732
-0.00413308
0.00211152
-0.00401824
-0.00414088
0.00823434
0.00296504
-0.00564184
-0.0168267
0.027748
0.062334
-0.0527874
-0.0327649
0.0302993
-0.0576456
0.0428509
-0.0225217
0.0107614
-0.00958164
-0.0204782
0.0182384
-0.0145544
0.00764451
-0.00350276
0.00233341
0.00667145
-0.00445358
-0.00133104
0.0010754
-0.00205345
0.00254941
0.00138301
-0.0014719
0.000770153
-0.00026364
0.000166738
0.00051815
-0.000357571
-0.000122523
0.0003028
0.000100308
-0.00025737
-9.75838e-5
0.000185094
0.000109316
-0.000109316
-0.00013385
4.63395e-5
0.000172248
-1.51856e-5
-0.000225599
4.53213e-5
0.000311152
-0.000120319
-0.000498678
0.000244168
0.00146426
-0.0025395
0.00204971
0.00445086
-0.00107166
0.000709608
-0.0023307
0.00132113
-0.000762515
-0.00667637
0.00350768
0.0145628
-0.0182462
0.0204811
-0.0107643
0.00958948
-0.007653
-0.0428482
0.0576381
-0.0623232
-0.0302917
0.022519
0.0527771
-0.0320032
0.00563985
-0.0277377
0.0327541
0.0156585
-0.00787238
0.00402048
-0.00296305
-0.00786828
0.0156548
0.00564111
-0.00211375
0.0527775
-0.0623251
0.0576409
0.0327576
-0.0277384
0.0168184
-0.00296544
-0.0428511
0.0204834
0.0225245
-0.030297
-0.0182504
0.0145679
-0.00668026
-0.00766255
0.00959737
-0.0107686
0.00446261
0.00205669
-0.00255594
0.00147197
-0.00138202
-0.000518034
-0.00108495
-0.000777186
0.0013524
-0.00235306
0.00351509
0.000357946
-0.000305407
0.000252369
-0.000151075
3.39914e-5
7.91116e-5
-0.000167619
0.000197159
-0.000209347
0.000280993
-0.000150673
0.000327303
-0.000183029
-0.000401954
0.000203386
2.84761e-5
-0.00026197
0.000465673
-0.00039239
0.000247855
0.000313519
-0.000184896
-0.00149404
-0.00171267
0.000817413
-0.00136225
0.00255496
0.00325301
-0.00241572
-0.00595041
0.00496343
0.00312962
-0.00944136
0.00569089
0.0154275
-0.00810979
0.0177616
-0.0337894
0.0385283
-0.0168243
-0.0202517
0.0177865
-0.0338411
-0.0156567
0.0225557
-0.0118531
0.00412136
0.00786857
-0.00784824
0.00787267
-0.00785413
0.00413257
-0.0118625
-0.0156604
0.0225607
0.0320091
-0.0338443
0.0177927
-0.0202543
0.0385296
-0.0337894
0.0177616
-0.0081089
0.015427
0.00496198
-0.0094406
-0.00298964
0.00312419
-0.00594755
-0.00170516
0.00324906
0.00125457
-0.00131744
0.000744257
-0.00145559
0.0025314
-0.000182468
0.000330231
0.000117534
-6.75514e-5
6.22315e-5
-0.000253064
0.000187158
-5.98363e-5
0.000285851
7.21047e-5
-0.000192967
-9.15786e-5
9.15786e-5
0.000116301
4.56164e-6
-0.00014508
-8.09338e-5
0.000147084
4.37487e-5
-0.000140925
2.13183e-5
0.000215048
-0.000341242
0.00143176
-0.00251828
0.00130431
-0.000720426
0.000193478
0.00239415
-0.00324852
0.00594741
-0.00568819
0.00943895
-0.00312404
0.00170463
-0.0154246
0.0337834
0.00810648
-0.00496033
-0.0385226
0.0338383
0.0202473
-0.0177557
-0.0225569
0.00785298
-0.00823239
0.0168208
0.0118588
-0.0177867
0.00784708
-0.022552
0.00413278
0.00414059
-0.00412021
-0.00413142
0.0338351
-0.0320019
-0.0385212
-0.00822536
-0.0177805
0.0118493
0.0337834
-0.015425
-0.0177556
0.0202447
0.00943972
0.00810736
0.00595027
-0.00325247
-0.00312948
0.00299136
-0.00496178
-0.00254184
0.00147021
-0.00032453
-0.000793582
0.00134913
-0.00127357
0.00171213
-0.000201621
0.000286409
-0.000324902
0.000185304
-2.84761e-5
-0.00012672
0.000261184
-0.000221323
0.000136796
-9.26827e-5
0.000161684
8.14805e-5
-0.000242113
0.000183521
0.000767935
-0.000480127
-0.000281147
-1.73296e-5
0.000314621
-0.000805439
0.000507429
-0.000167814
0.000287953
0.000396255
-0.000587676
0.00128117
-0.000686258
-0.000511696
0.000530004
-0.000717093
0.000443559
0.000845976
-0.000971535
0.00134291
0.0012987
-0.00135727
-0.00299254
0.00127597
0.000719143
-0.00113563
0.00169175
0.0021571
-0.00321666
-0.00242691
0.00345072
-0.00371123
-0.00181437
0.00706022
-0.00398948
-0.00902691
0.0047446
-0.00994587
0.0189245
-0.0163391
0.00858638
-0.00150709
0.00287276
0.0028771
-0.00151534
0.00859284
-0.0163425
0.0189272
-0.00995109
0.00474589
-0.00902759
-0.00371136
0.00127529
0.00706029
-0.00242655
0.00209689
-0.00181317
0.00568936
-0.00321546
0.00345009
0.00168948
-0.00113126
0.00070593
-0.000677864
0.00215481
0.00129429
-0.00135032
-0.00240174
0.00132937
-0.000691327
0.000485875
-0.000359782
-0.000948341
0.000766128
0.00013878
-0.000165604
0.000356041
-0.00042748
-0.000203846
-3.15351e-5
-5.47772e-5
4.06348e-5
-1.17554e-6
-3.70222e-6
-0.000399855
0.000255686
-2.92937e-5
0.000182244
5.57318e-5
-5.57318e-5
-7.83599e-5
-7.45902e-5
0.000124314
0.000279244
-8.66289e-5
-0.000167881
9.01327e-6
-1.89784e-5
0.000324696
-0.000330113
-0.000715257
0.000139676
-0.000128736
0.00030891
-3.59963e-5
0.000105291
0.000934082
-0.000471616
-0.0013213
0.00134627
-0.00129174
-0.00215378
0.000675313
-0.00124697
0.00113023
-0.000701876
0.000683253
0.00321458
-0.00344931
0.00242609
0.00398846
-0.00705892
-0.00127483
0.00298846
0.00181238
-0.00168859
0.00902596
-0.0189239
-0.00474425
0.00371
0.0163397
-0.00287664
-0.00859004
0.00994778
-0.0028723
0.0163363
0.00150663
0.00151488
-0.0189212
0.00902528
0.00994256
-0.00858359
-0.00705885
-0.00474296
0.00242645
-0.00344994
0.00321577
-0.00568971
-0.00215607
-0.00127552
-0.00169087
0.00181358
-0.00209643
0.00370986
-0.00129615
0.00135322
-0.00133484
0.00240813
0.000957276
0.000683707
0.000709018
-0.000715089
0.0011346
-0.000795105
-0.000370328
0.000484892
0.000196098
9.40579e-5
0.000216186
-0.000340776
0.000460824
-0.000515745
-0.000338373
0.000529897
-0.000210737
1.73296e-5
0.000177263
-0.000492393
0.00031107
0.00018725
-0.000109765
-0.000303391
-0.000343011
-0.00128621
0.0013708
4.93402e-6
0.000400645
-0.000407835
0.00130361
-0.00061835
-0.00138151
0.000379365
-0.0014018
0.000108757
-0.00073694
0.000294651
0.00136839
0.000808268
-0.000390373
-0.000198518
0.000108142
0.000236798
-0.000245558
-0.000125678
0.000467096
-0.000163441
-0.000811598
0.00209725
-0.000615638
0.000426683
-0.00083198
0.0015827
0.0011713
-0.00120326
0.00285241
0.00063245
-0.00542763
0.000867198
-0.00195689
0.00211553
-0.00338877
0.00644618
0.000316015
0.000315009
-0.00338794
0.00644575
0.00211601
-0.00195768
0.00285421
-0.000615816
-0.00542858
0.00117139
-0.000456073
0.000632607
-0.00398928
0.00158267
-0.00120334
-0.000831934
0.000426534
-0.000811519
-0.000245544
0.000467088
8.58852e-5
-0.00012291
0.000235343
9.87547e-5
-0.00019326
-3.85899e-5
9.21666e-5
-3.07258e-5
0.000437072
-0.000283945
-6.06499e-5
-1.82052e-5
0.000208642
-0.00065068
0.000107128
-8.58923e-5
7.04867e-5
-0.000615852
-4.43964e-5
-1.85126e-5
-1.58677e-5
1.58677e-5
-0.00018752
4.16359e-5
0.000164397
4.73672e-5
-0.000126435
0.000120333
0.000168112
-9.87084e-5
-0.000198664
-9.17286e-5
-0.000156776
-0.000207682
0.000543218
0.000581412
0.000215676
-2.38973e-5
-7.99396e-5
0.000189912
-0.000234449
0.000163316
-0.000466915
0.000122016
-9.54069e-5
0.000811343
-0.00158235
-0.000426358
0.000245371
0.00120311
-0.00117118
-0.000867222
0.00542765
0.000615601
-0.00209607
-0.000632372
0.000831612
-0.00372309
0.00402444
-0.00644463
-0.00285328
0.000599857
0.000600385
-0.00644507
0.00338683
0.00402419
-0.00372267
0.0054267
0.00338765
-0.00117108
0.00120303
-0.00158237
0.00398866
0.000811422
0.000615423
0.000831658
-0.000632216
0.000455563
-0.00285148
-0.000466922
-0.000426507
-0.000235904
0.00019517
0.000124784
-8.58632e-5
0.000245385
0.000322104
-0.00056986
-0.000269431
0.000919234
-0.000171812
0.000885993
0.000233077
-0.000885819
0.000498532
-0.000226381
6.02683e-5
-0.00010541
-0.000839536
0.000261951
-4.93402e-6
-0.000254761
-0.000394307
0.000822139
-0.000875284
-0.00238135
0.000617426
0.00191659
3.55128e-6
-0.00205476
0.00204858
-0.00192183
0.00617381
0.00239525
-7.12852e-5
1.15692e-5
-8.96244e-5
-0.00236816
0.000891093
0.00415956
-0.00618137
-0.00416336
0.00238656
-0.000911086
0.000105072
-0.000186319
-1.73733e-5
-3.97309e-6
8.59528e-5
-4.03186e-5
1.13234e-5
3.00009e-6
-2.1089e-5
4.51602e-6
7.66551e-5
-2.27006e-5
0.000150844
1.19987e-5
-0.00028698
8.31537e-5
8.3707e-5
-0.000455723
-4.39981e-5
-0.000295579
0.000562348
0.00372331
-0.00145832
0.000766463
-0.00081603
-0.00402489
0.00155275
-0.00060049
-0.00061193
0.000321441
0.000322057
-0.000599962
-0.000612253
-0.00402514
0.00155301
-0.00081653
0.000766766
0.00372372
-0.00145848
0.000867382
0.00056238
-0.00029564
-4.40104e-5
8.37135e-5
0.000150871
-4.02556e-5
-0.000286993
7.6622e-5
-4.37087e-5
1.18476e-5
-0.000163406
-2.26211e-5
1.0764e-5
6.05176e-6
-2.0795e-5
-1.44732e-5
-2.74053e-6
9.35282e-7
9.09565e-5
-2.88779e-6
-1.17986e-5
6.41652e-5
-7.69632e-6
-4.16345e-5
0.000152075
0.00106189
-0.000420831
-0.000301696
0.00015766
0.00106071
-0.00181847
0.000465473
-0.000134072
0.00059051
-0.000843974
0.00268013
-0.000270487
0.000160462
-1.14208e-5
0.000884226
-0.000140574
-0.000441143
0.000150927
0.000313937
-0.000202349
0.000827119
0.000267516
-0.000534561
-0.00101602
0.00180622
-0.00270446
-0.000904114
-0.000211255
-0.00100271
0.000105932
0.000356534
2.27922e-5
-3.78793e-5
2.19386e-6
1.2614e-5
-5.09537e-6
2.06422e-5
-4.19254e-6
2.7573e-5
-2.41342e-7
-1.44874e-5
2.25693e-5
-7.66021e-5
-8.31305e-5
0.000286937
4.02356e-5
-8.57956e-5
-1.17957e-5
-1.06111e-5
-8.36925e-5
-0.000562283
4.39895e-5
-0.000150814
0.00145823
-0.00155275
0.00195704
0.000455913
-0.000766517
0.000295543
0.000612149
0.000611826
-0.000314904
-0.00211531
-0.000321953
0.000816264
-0.00155248
0.00145807
-0.00211484
-0.00031591
0.000815763
-0.000321337
-0.000562251
-0.000867038
-8.3686e-5
0.00195626
0.000295482
-0.000766214
0.000286923
4.39771e-5
-7.66352e-5
2.26487e-5
0.000163352
2.09362e-5
4.02986e-5
-1.19469e-5
4.36927e-5
-0.000150788
1.55141e-5
3.27915e-6
-9.71248e-5
-7.87856e-5
-9.71001e-6
-2.30615e-6
2.31135e-6
-1.11705e-5
0.000596187
-0.00153593
-0.00153689
0.00265883
-0.00393482
0.00122878
0.00039523
-0.00130493
-0.00122354
0.00394239
-0.00265503
0.001523
0.00151753
-0.000576194
-0.000117608
6.33384e-5
-3.55128e-6
0.00131111
0.00507677
-1.09245e-5
-0.00505825
0.000181625
1.4308e-5
0.0022439
-0.00124347
0.013892
-0.00622736
-0.0107868
2.0009e-5
0.0107515
-0.0138693
0.00622047
-0.00225455
0.00303223
0.00125479
-1.69148e-5
0.000221043
-2.07947e-6
-5.28499e-6
-4.44513e-6
-0.00021979
4.11999e-6
-1.97194e-5
9.37749e-6
-5.27937e-6
-4.37134e-5
-2.45822e-5
1.13365e-5
3.98455e-6
-2.16507e-5
4.07308e-6
4.6767e-5
-2.18526e-5
0.000150517
1.15033e-5
-0.000286329
5.44245e-5
-7.55249e-5
6.18214e-5
2.87757e-5
-5.48075e-5
-9.30163e-5
0.00011888
-0.00031402
0.00059739
0.000118944
-9.30894e-5
2.88703e-5
-5.48572e-5
6.18265e-5
-7.55381e-5
0.000150509
-2.45854e-5
-0.000286325
4.67687e-5
-2.85435e-5
1.14669e-5
8.31512e-5
-2.18334e-5
1.14379e-5
-4.47595e-6
-2.1704e-5
8.95225e-6
-2.5729e-6
1.24706e-6
4.86348e-6
-3.8405e-6
7.15425e-7
2.0508e-6
1.40753e-6
-1.04723e-5
-1.18843e-6
1.45766e-5
-8.68091e-5
9.78564e-5
7.76496e-5
-0.000151881
0.000560393
0.00022146
0.000466737
-0.00105172
-0.0060147
0.00270195
0.000844288
-0.00040086
-0.00217913
0.00463797
-6.43485e-5
3.5133e-5
1.14208e-5
-3.5133e-5
6.43485e-5
-0.000730517
0.000341303
0.00223869
-0.00475174
0.000978786
0.00608763
-0.000444554
-0.00272414
-0.000223873
0.000186131
-0.00011406
-1.86059e-5
6.33283e-6
1.87774e-6
3.30217e-7
2.08866e-6
7.17131e-5
-9.3827e-5
-0.000523983
2.91704e-6
-8.68543e-6
-4.74147e-6
2.17325e-5
4.20914e-6
2.97242e-6
-3.23601e-7
-2.45317e-6
2.18162e-5
-4.67604e-5
-5.43093e-5
0.000286262
2.45771e-5
4.36879e-5
-1.14496e-5
-1.14663e-5
-0.000143673
0.000117602
5.48473e-5
-0.000150445
-0.000177018
0.000226198
-0.000597289
-2.88604e-5
0.000226164
-0.000176979
5.47975e-5
0.00031392
0.000117599
-0.000143667
0.000286266
-2.87658e-5
-4.67587e-5
2.18353e-5
-8.3133e-5
2.16792e-5
2.45739e-5
-1.14861e-5
2.86085e-5
-0.000150453
-9.11067e-6
4.3559e-6
-4.74791e-6
-2.38224e-6
5.01817e-6
-3.06109e-6
2.06015e-6
-1.13649e-5
1.27754e-5
-0.000141792
0.000122302
-0.00080846
-1.01685e-5
0.000140539
-1.25402e-5
2.70738e-6
0.00144539
-0.00396307
0.00883342
0.00322042
-0.006844
-2.0009e-5
1.09245e-5
0.00687938
-0.00323894
-0.0088561
0.00396997
0.00193291
-0.00143474
0.000797138
0.00126089
-0.00303148
-0.00120781
-0.0220813
0.0135793
0.0165267
-2.38139e-5
-0.0164841
0.0220523
-0.0135674
0.00121139
-0.00554594
-0.00126658
1.9505e-5
-8.47015e-6
0.000152222
0.00554573
-0.00200938
0.00201083
-0.000152347
0.000435362
8.84427e-6
-2.11763e-5
-1.7987e-6
-4.93102e-6
-4.06095e-6
2.11037e-5
3.69437e-6
-2.0166e-5
8.97214e-6
-3.66792e-6
-2.86617e-5
6.5536e-6
2.76672e-6
-1.21941e-5
8.81237e-7
0.000143688
-4.41669e-5
2.32615e-5
-4.77553e-5
-0.000117614
9.08869e-5
0.000177005
-9.99479e-5
5.2518e-5
-2.42342e-5
-0.000226201
4.61436e-5
-0.000226235
4.61747e-5
-2.42934e-5
5.25673e-5
0.000177044
-9.99738e-5
-0.000117617
9.09115e-5
-4.78022e-5
2.31601e-5
0.000143695
-4.41136e-5
5.43624e-5
6.22904e-6
-4.44569e-6
-1.20235e-5
8.71704e-6
-2.01735e-7
8.69996e-7
4.48002e-6
-2.67098e-6
7.3198e-7
1.77197e-7
1.17513e-6
4.2991e-6
-1.51915e-6
-1.45366e-6
-8.84259e-6
-9.31989e-6
-1.09259e-5
-8.55013e-5
-6.65947e-5
-0.000558893
3.1381e-5
0.000145192
-0.000405468
8.40645e-5
-0.000995296
0.00053236
-0.0024179
0.000878353
0.00132244
-0.00101162
0.00165963
-0.00589823
-0.00127468
7.6585e-5
0.00113775
-0.0015661
0.000973366
0.000406119
-9.55675e-5
-0.00014984
0.000103783
-0.000520857
-0.00132002
0.000961045
0.000540612
-0.000873706
0.00241725
0.00593649
-3.21629e-5
1.13301e-5
1.68737e-6
-1.38033e-6
1.39091e-6
4.46954e-7
-3.09596e-6
8.15328e-6
9.08617e-6
6.61905e-5
2.02824e-6
-8.55044e-6
-4.75887e-7
1.19106e-5
4.2791e-6
2.83435e-6
-2.27262e-7
-2.35407e-6
4.40712e-5
-9.09078e-5
7.55165e-5
2.84904e-5
-2.31177e-5
-6.11616e-6
9.99662e-5
-4.61668e-5
9.30633e-5
-6.18116e-5
-5.25597e-5
4.77985e-5
-4.61357e-5
9.99403e-5
-0.000118843
-0.000118908
2.42263e-5
2.42855e-5
-9.08832e-5
4.41245e-5
-6.18065e-5
9.29902e-5
4.77517e-5
-5.25104e-5
-5.43714e-5
1.20812e-5
7.55032e-5
-2.32191e-5
-8.80554e-6
3.02519e-6
-4.33453e-6
-2.07228e-6
4.76442e-6
-2.12399e-6
5.11589e-7
-6.44072e-6
-5.9255e-6
1.35438e-5
1.27545e-5
9.70828e-5
5.55139e-6
-1.34711e-5
-1.28497e-5
2.43887e-6
0.000811466
-0.00128232
0.00353415
-0.000774596
-0.00193366
0.00864259
0.000771019
-0.00353395
0.00128087
-0.000805782
0.000277119
-9.69571e-5
-0.0140447
0.0104944
2.38139e-5
-0.010537
0.0140738
-0.00865448
-0.0170111
0.027529
-0.0204284
1.96076e-5
0.0203933
-0.0275046
0.0170001
-0.000435119
-7.14204e-5
-0.00530253
0.00299692
-0.0397256
0.0190909
0.0294797
-9.60705e-6
-0.0294629
0.0397147
-0.0190867
0.00530418
-0.00879955
-0.00299816
7.14485e-5
-0.000756436
2.02058e-5
-8.19254e-6
-7.7473e-5
0.00075619
7.75021e-5
-0.000267469
8.42613e-6
-2.0372e-5
-6.70532e-7
-6.48497e-6
-6.6012e-7
2.03478e-5
8.8298e-7
-1.14079e-5
1.19174e-5
-5.59884e-6
1.23407e-5
4.22384e-6
-2.36066e-5
3.51215e-6
-6.02425e-6
5.8271e-6
-1.30299e-5
2.47831e-5
2.45839e-6
2.47552e-6
-1.30168e-5
2.47762e-5
5.78304e-6
-5.70736e-6
1.24969e-5
-5.98633e-6
-2.36887e-5
1.16553e-5
-2.2799e-6
1.32661e-6
6.34831e-7
-4.07602e-6
-2.16946e-7
3.19003e-7
6.50041e-7
3.95235e-6
-6.31321e-7
-1.45387e-6
-8.747e-6
-8.9127e-6
5.61013e-6
5.18061e-6
3.38324e-5
3.11858e-5
-1.93881e-5
-5.48363e-5
0.000190163
-0.000330149
-0.000217226
0.000384982
-0.00130876
0.00126039
0.00739635
-0.000638779
-0.00140078
0.00291838
-0.0020497
0.00957368
-0.0119576
0.0173004
-0.00831603
-0.00217948
0.00154765
0.00884232
-0.0128223
-0.00712747
3.0896e-5
-6.30576e-5
6.30576e-5
-3.0896e-5
-7.6585e-5
0.00212519
-0.00143457
-0.0089554
0.0128766
0.0072644
-0.00288327
0.00197104
0.0120362
-0.0173355
-0.0096672
0.00138748
-0.00122505
-0.0074317
0.00832933
0.000646189
-0.000390286
0.0002212
5.5629e-5
-5.27067e-6
1.96432e-5
-5.70368e-6
-3.10958e-5
-0.000189381
0.000329357
0.00130478
1.53162e-6
-1.07023e-6
1.14034e-6
-4.99767e-7
-3.20112e-6
8.87524e-6
8.83495e-6
-3.37389e-5
3.09537e-6
-1.14842e-5
-4.18524e-6
2.37338e-5
5.81522e-6
4.27918e-8
-3.4596e-7
6.66715e-8
-1.09058e-5
1.10048e-5
-2.47815e-5
-1.2542e-5
4.74678e-6
4.73778e-6
-2.47883e-5
1.3022e-5
1.1028e-5
-1.10724e-5
2.36517e-5
1.30351e-5
-1.17463e-5
4.61819e-6
-7.22293e-7
-7.32706e-7
6.31385e-6
-3.24319e-6
1.76595e-6
-1.23858e-5
-5.54402e-6
1.29909e-5
1.28099e-5
-4.93734e-5
5.31043e-6
-1.29667e-5
-7.22687e-6
5.09846e-7
-4.55333e-5
0.000481916
-0.000277362
0.0019106
4.55053e-5
-0.000481669
-0.000170298
4.93443e-5
-0.00337972
-0.0108288
0.0121582
-0.0252976
0.017518
0.0187657
-0.0129855
9.60705e-6
-1.96076e-5
-0.0187826
0.0130207
0.0253085
-0.0175425
-0.0121623
0.0108398
-0.00560359
0.00337807
-0.00190937
-0.00321512
0.00879725
0.00226132
0.0562271
-0.0399357
-0.0394973
1.34128e-6
0.0394958
-0.0562282
0.0399395
-0.00226195
0.0143786
0.00321623
0.00026739
-4.35757e-5
0.00371714
-0.00147465
-0.0143752
-0.0037183
0.00658025
0.00147511
4.35874e-5
7.80169e-5
1.12496e-5
-1.09328e-5
-5.06663e-5
-7.79875e-5
5.07408e-5
-0.000266866
1.11728e-5
-4.11775e-5
-1.50183e-6
-3.54109e-6
4.11182e-5
3.17076e-6
-2.1982e-5
1.11901e-5
-1.03079e-5
1.50317e-7
2.41523e-7
-1.10472e-5
-2.64119e-7
-4.70414e-6
-6.31018e-7
3.23758e-7
-2.17241e-6
-4.71315e-6
4.17982e-6
-1.10241e-5
8.3938e-7
-2.77659e-7
1.80592e-8
1.10235e-5
-1.46664e-7
3.92111e-6
1.51299e-7
5.5057e-7
6.99222e-7
5.11482e-7
9.41989e-7
5.15747e-6
-1.68014e-6
-2.92643e-6
-5.16312e-6
-1.80271e-5
3.6027e-6
3.16175e-6
2.22162e-5
1.90215e-5
-1.93337e-5
5.64405e-6
-0.000116735
3.4059e-5
0.000106938
-0.000269582
0.00023316
0.000643799
0.00140376
-0.000164182
0.00231474
-0.000987078
0.000477134
0.00104411
-0.00383984
0.00627399
0.00291003
-0.00410401
0.0174192
0.00288668
-4.31352e-6
-0.00288162
0.00410762
-0.00292226
-0.00105504
0.000166233
-0.000483299
0.000273286
-0.000236718
0.000985027
0.00383243
-0.00230944
-0.0014002
-0.00626306
-0.0174069
-0.000108391
-5.73868e-6
-3.19938e-6
1.96212e-5
-3.84219e-6
-1.89839e-5
0.000116479
-3.39644e-5
-0.000642346
3.11738e-6
-1.28309e-6
1.47682e-6
4.91766e-7
-4.38587e-6
4.6541e-6
1.78361e-5
-2.19767e-5
-1.08133e-6
2.63788e-7
5.4611e-8
5.58966e-6
2.54402e-6
-2.13298e-6
-5.16073e-7
1.404e-6
-4.28335e-6
-2.50916e-6
-5.76378e-6
7.39935e-8
1.13299e-6
-7.01803e-7
1.72066e-7
-5.80784e-6
-2.49202e-6
2.27595e-6
2.63272e-7
-6.7887e-6
-1.737e-6
-3.77627e-6
5.90655e-6
-1.4947e-7
-7.29839e-6
2.62678e-5
7.38515e-6
-3.23668e-5
7.05846e-6
-2.62085e-5
-1.40104e-5
2.10734e-6
-2.77652e-5
-4.96966e-5
0.000170378
-0.000939698
2.77535e-5
4.96672e-5
-0.000169916
3.22923e-5
-0.00204918
0.00236877
0.00144111
-0.00915964
0.0056059
-0.0254426
-0.00144047
0.00915624
0.00418983
-0.00236761
0.00204808
0.000939246
0.0358185
-0.0251593
-1.34128e-6
0.0251608
-0.0358174
0.0254388
0.0537182
-0.0643613
0.0434223
6.96311e-6
-0.0434359
0.0643739
-0.0537288
0.00112112
-0.00657833
-0.00109136
-0.0580829
0.0314838
0.0598096
-0.03938
-1.23301e-5
0.0394032
-0.0598288
0.0580981
-0.0314922
0.00109166
-0.00841315
-0.00112145
0.000266777
-0.000133887
-0.000808
-0.000523977
0.00841086
0.000808225
-0.00505853
0.000524113
0.000133918
2.20452e-5
0.000109596
-8.46973e-5
0.00135881
5.10626e-5
8.47025e-5
-0.000109616
1.0473e-5
9.31372e-5
-2.3104e-5
1.02755e-5
-2.79388e-7
-1.03025e-5
8.77827e-7
4.42249e-6
-4.0163e-6
1.0554e-6
-1.02133e-6
-8.98849e-7
-1.29235e-6
1.3615e-6
-4.38994e-7
-2.29467e-7
6.92097e-7
-2.23504e-7
-2.79904e-7
5.21289e-7
-3.93806e-7
-7.15603e-7
4.76558e-6
-4.52544e-6
-9.5116e-6
1.70033e-6
-6.77265e-6
6.1657e-6
-7.96592e-6
9.72279e-6
3.69436e-5
5.84342e-5
-0.000116483
-3.68815e-6
-9.85785e-5
3.80221e-5
5.85621e-5
-8.12884e-5
0.000228718
-0.000489449
7.91541e-5
-0.00162282
0.000476423
-0.000366765
-0.000610095
0.00287179
-0.00367161
-0.00228494
0.00421644
-0.00390541
-0.0137428
-0.023441
-0.00433666
0.00467947
-0.0245173
0.0280852
0.00283894
-0.00314917
-0.0189573
0.0172181
3.96535e-5
-2.23932e-5
2.23932e-5
4.31352e-6
-0.00291342
0.00319304
0.0189134
-0.0172232
0.00439835
-0.00472022
-0.0280444
0.0245137
-0.00426522
0.00393937
0.023407
0.00231183
0.00061747
-8.01261e-5
0.000370961
-5.92837e-5
8.23472e-5
-0.000475451
-0.00286563
0.00161911
0.00048839
0.00366424
0.0137159
-3.84589e-5
9.97037e-5
3.73292e-6
8.03315e-6
-9.82029e-6
-6.18227e-6
-5.83367e-5
0.000116195
-0.000228281
6.80692e-6
-1.67674e-6
8.02447e-7
-4.23482e-6
9.71492e-6
-3.6927e-5
2.42152e-7
-5.44385e-8
-2.74005e-7
1.01636e-7
-1.35183e-7
4.4386e-6
-6.44773e-8
8.81886e-7
4.01341e-7
-4.35411e-7
-9.51033e-7
7.26975e-7
-2.43946e-6
2.77367e-6
6.57954e-6
-1.34201e-7
4.54994e-7
-5.57894e-7
-1.47142e-5
5.9321e-5
-5.39412e-5
1.39472e-5
6.62366e-6
-6.55254e-6
-8.53039e-5
6.98251e-5
3.25107e-5
0.000865726
-0.000333854
0.000170005
8.52736e-5
-6.98042e-5
5.3936e-5
0.000714353
-0.000514761
-0.000695364
0.00535901
-0.00419175
0.0200612
0.000695062
-0.00535672
-0.00322058
0.000514537
-0.000714023
0.000333718
0.0342272
-0.0370106
0.0381145
-0.041009
-0.0251043
0.0276717
1.23301e-5
-6.96311e-6
0.0250811
-0.027658
-0.0380953
0.0409963
0.0369955
-0.0342166
-0.0200528
-0.035899
0.0491848
-0.039873
0.0273953
1.29929e-5
-0.027419
0.0398902
-0.0491992
0.0359088
0.00505723
-0.00346924
0.0315316
-0.017633
-0.0298234
-0.0126957
0.0113278
-1.09328e-5
0.0127145
-0.0113366
0.0298317
-0.0052598
-0.03154
0.0176376
0.00347013
-0.00135916
-0.00016493
0.00375025
-0.00144678
0.015224
-0.00600641
0.00144716
-0.00375122
-5.10765e-5
0.000164967
-9.31479e-5
0.000210767
-4.29922e-5
0.000570148
-0.000556634
4.30033e-5
-0.000210819
2.30966e-5
-4.37534e-6
-4.30274e-5
-2.30962e-5
4.43267e-6
3.87114e-6
-4.38551e-6
-1.20494e-6
1.02494e-5
1.76602e-8
-4.2125e-7
-2.5858e-7
6.68059e-7
1.48611e-6
2.42106e-7
-6.97698e-7
-4.0077e-7
-1.84382e-6
-1.84499e-6
1.00591e-5
1.69501e-6
3.13402e-6
3.10995e-6
-1.52919e-5
1.1968e-5
-4.06338e-5
1.87714e-5
-4.78245e-5
7.19865e-5
-2.22987e-5
4.04094e-5
-4.12758e-5
0.000104928
-0.000272131
0.000251687
-0.000593135
0.000631556
0.000352747
0.00151436
-0.0022076
0.000436116
-0.00110391
0.00127884
-0.00228723
0.00260444
0.00769729
0.0156709
0.00216342
-0.00356752
0.0253526
-0.0214719
0.00288404
0.0174165
-0.0261126
-0.000379784
-0.000813216
0.000897443
-0.00196305
-0.0119878
0.00556979
-0.00495513
0.0172123
3.51596e-5
-4.17849e-5
4.17849e-5
-3.51596e-5
-3.96535e-5
-0.000958016
0.00203916
0.0119117
-0.00550922
-0.0171378
0.000841564
-0.00293944
-0.0173611
0.00492678
0.0260509
0.000388734
-0.0021901
0.00361405
0.0214253
-0.0253039
0.00231431
-0.00263608
-0.0156392
-0.00129377
0.00111652
-0.000441149
0.000275251
-0.000254554
-0.000106128
-0.00151149
0.00220341
-0.000352026
0.00059201
-0.00768237
4.17448e-5
-4.08615e-5
1.54574e-5
-1.20856e-5
-3.14562e-6
-7.18689e-5
2.2254e-5
4.77573e-5
4.05996e-5
-0.000630355
-3.16968e-6
-1.67142e-6
2.49116e-7
1.99548e-6
-1.00827e-5
-1.87357e-5
7.84541e-7
1.72982e-7
-3.72483e-7
7.62052e-7
-1.95297e-6
1.99664e-6
5.50101e-8
6.53848e-6
2.78964e-6
2.58463e-6
-1.03844e-6
1.25674e-7
-1.4702e-5
-2.74328e-5
-2.73776e-5
1.47216e-5
-2.82082e-6
-2.8368e-6
0.000134277
-0.000105066
-0.000354676
0.000363118
-0.00092173
-3.24968e-5
0.000105029
-0.000134226
2.73665e-5
-5.93103e-5
0.00238947
-0.00221033
-0.00382743
0.00969869
-0.0112341
0.00322189
0.00220943
-0.0023885
0.000921356
-0.000865377
-0.022874
0.02009
-0.0190028
0.0313414
-0.0254132
0.00722306
-0.00810277
0.0174703
1.09328e-5
-1.29929e-5
0.00808393
-0.0174467
-0.00721425
0.0253959
-0.00334873
0.0189945
-0.0313269
-0.0200816
0.0228642
0.0112294
-0.0210164
0.00525701
0.014589
0.00735723
-0.00753014
8.34364e-6
-0.00737176
0.00753884
-0.0145917
0.0210217
-0.0152279
0.00055957
0.00731241
-0.00267637
-0.00733254
0.00207672
0.0037475
-0.00731403
0.00733296
0.00267702
0.00600797
-0.000559718
-0.000570294
0.000210805
0.000558973
0.000570514
-0.00268127
-0.00600591
-0.00057066
-0.000559121
0.000556774
-0.000210857
4.30385e-5
-0.000164973
9.31666e-5
-0.00144708
5.11187e-5
-9.31772e-5
0.00016501
2.30889e-5
-1.02764e-5
-8.47252e-5
2.21379e-5
-1.01198e-5
-1.4673e-7
1.02848e-5
-2.64702e-7
-4.00299e-6
1.0154e-6
4.218e-7
-4.52244e-6
4.74402e-6
1.00582e-5
-1.74362e-6
6.18475e-6
-6.79271e-6
1.19977e-5
-1.53181e-5
1.87754e-5
-4.06372e-5
-9.19988e-5
-9.20031e-5
0.00024296
-3.72661e-6
0.000105131
-4.15261e-5
-4.03867e-5
-4.07954e-5
-0.000248921
-0.000248963
-0.001637
-0.000244157
0.00262169
0.000435779
0.000196193
0.000192838
-0.000529174
0.00152412
-0.00664574
0.00116892
-0.0137644
0.00917403
0.000533155
-0.00105931
-0.00636676
0.013019
-0.00229702
-0.000278468
-0.000144438
0.000536447
-0.000514558
0.00329893
-2.6833e-5
0.000561304
-0.000564438
0.000159922
0.000268385
-0.00053449
0.00106813
0.000534382
-0.00154094
0.00635795
0.00228807
-0.0129923
-0.00915722
-0.00327094
0.0137373
-0.000194925
0.00663312
-0.000198279
-0.000440812
4.08611e-5
4.12698e-5
4.19951e-5
0.000243683
-0.00261666
0.00163388
0.000248452
-0.00116684
-0.000106331
3.77137e-6
-1.21153e-5
1.54836e-5
6.82698e-6
9.18376e-5
-0.000242508
9.18332e-5
-1.87397e-5
0.000248494
-6.20132e-6
1.54031e-6
-9.52555e-7
4.4356e-6
-1.00818e-5
4.06029e-5
1.75589e-7
-2.46215e-6
-6.49337e-6
7.40603e-8
-1.50385e-7
-4.21327e-6
1.40928e-5
-5.39849e-5
5.9367e-5
1.47094e-5
-6.51148e-6
6.32833e-6
-0.000105134
0.000134337
3.25989e-5
-0.000922196
0.000363692
0.000354535
-0.000134286
0.000105097
-5.93563e-5
2.74217e-5
0.000355893
0.00035683
-0.00382666
-0.00171071
-0.00170302
0.00382587
-0.000356683
-0.000355746
-0.000363546
-0.000362972
0.00465603
-0.0133886
-0.00466881
0.00929309
0.00238449
0.00132739
-0.00480435
0.00335151
-0.00929035
0.0046684
-0.00465441
0.0133833
0.00170237
-0.00969477
0.00469883
-8.34364e-6
-0.00468429
0.00479565
-0.00235984
-3.13869e-6
0.00236549
-0.00208153
0.00731907
-0.00733717
-0.00235861
0.00207535
-3.13869e-6
0.00236426
-0.00208016
-0.00374437
0.00733759
-0.00732069
0.00268192
0.00375053
-0.021022
0.0152278
0.0145932
-0.00752857
0.0052556
0.0210273
-0.0145959
-0.0152317
0.00600748
-0.0037515
0.00144745
0.000109599
-0.00346971
0.00135899
-0.0176361
0.00505829
-0.00135934
0.0034706
-5.11327e-5
-0.000109619
8.47303e-5
-0.000133895
4.1058e-5
-1.06368e-5
-0.000524013
0.000266773
-4.11173e-5
0.000133926
-2.20747e-5
3.63266e-6
2.50392e-6
3.08859e-7
9.94919e-7
-3.87892e-6
-9.52223e-6
-2.88523e-6
9.72817e-6
-7.968e-6
3.69468e-5
-1.80202e-5
7.19914e-5
-4.78248e-5
-2.23052e-5
-1.93307e-5
3.80468e-5
-9.87017e-5
0.000252005
-0.000272324
0.00063159
-0.000593155
-0.000244089
-0.00163703
0.00262163
-0.000367495
0.00128096
-0.00110653
0.00152796
-0.000533731
0.00116948
-0.00664618
-0.00319238
-0.00319315
-0.00106216
0.000536325
0.00319917
0.00319864
-0.00162826
-0.000378816
0.000535376
-0.000143501
0.000162916
0.000163756
-0.000914062
-0.000913905
-0.00323424
0.00103905
1.0094e-5
1.0094e-5
-1.0094e-5
2.6833e-5
-0.00018107
-0.00018191
-0.00102089
0.00318749
0.000158985
0.000898577
-0.000563367
0.000387765
0.00107098
-0.00053766
-0.00154477
0.000538938
-0.00319783
0.00163834
-0.0031973
0.00318794
0.00089842
0.00318718
0.00111915
-0.0011674
-0.00129589
0.000371691
-0.000254872
0.000275444
9.98268e-5
0.00163391
-0.0026166
0.000243614
-0.000630389
0.00663356
-3.84836e-5
1.96182e-5
-9.82568e-6
8.03523e-6
3.07618e-6
4.77576e-5
2.22604e-5
-7.18738e-5
-3.69302e-5
0.00059203
-1.08046e-6
1.91805e-6
-2.18591e-6
9.72555e-6
1.78292e-5
-6.83367e-6
2.61733e-5
-1.4156e-5
2.83248e-6
-5.43051e-7
-8.53162e-5
6.98299e-5
0.000169998
-0.00033391
0.000866009
-3.25849e-5
-6.9809e-5
8.52859e-5
-2.6114e-5
5.39797e-5
-0.00221106
0.00238992
0.00322356
-0.0112389
0.00970471
0.00382509
-0.00238895
0.00221016
-0.000865659
0.000921823
-0.0133974
0.00466648
0.00929964
-0.00467608
0.00334929
-0.00480189
0.00132524
-0.00238763
0.00467567
-0.0092969
0.0133921
-0.00466486
-0.00970079
0.00171006
-0.00150642
-0.00150835
3.13869e-6
3.13869e-6
0.00150078
0.0015027
-0.00132043
-0.00132258
0.007356
8.34364e-6
-0.00737053
0.00753728
0.0315353
-0.0298248
-0.0126946
0.0113271
-0.0398708
-1.09328e-5
0.0127134
-0.0113359
-0.00525838
0.0298331
-0.0315437
0.0176407
-0.000808208
-0.0359005
0.00841163
-0.00109146
0.0491844
0.0359103
-0.0491988
-0.00841392
-0.0050596
0.000808432
0.000524149
-5.05962e-5
1.1057e-5
0.00112122
-7.79948e-5
-4.35776e-5
7.80243e-5
-0.00112155
-0.000266862
5.06707e-5
1.08768e-5
-3.81823e-7
-4.07445e-7
2.03261e-5
-7.90443e-6
-1.12153e-5
-2.03503e-5
6.04683e-7
5.12355e-6
-4.99436e-7
3.55469e-6
1.64075e-6
1.21786e-7
6.1815e-7
-2.54195e-6
-5.14104e-6
5.84351e-5
-1.43905e-6
3.16305e-6
2.22082e-5
-8.91022e-6
-0.000116482
5.64907e-6
-8.13519e-5
5.87044e-5
0.000228722
3.40598e-5
0.00151441
0.000352771
7.92265e-5
-0.00220773
-0.00061062
0.00260549
-0.00228974
0.00769765
-0.0036717
0.00917467
-0.0137648
-0.00356726
0.0021644
0.0130191
-0.00636724
0.00288255
-0.00229685
-0.000812727
0.00089667
-0.000513718
0.00329875
-0.00495505
0.00103891
-0.0032341
3.51596e-5
-2.6833e-5
2.6833e-5
-1.0094e-5
-0.000957243
0.000560464
0.00318735
-0.00102075
0.000841075
-0.00327076
-0.00293795
-0.00219108
0.00361378
-0.00263713
0.00231682
-0.0129924
0.0022879
0.00635843
0.0137377
0.0049267
-0.00915786
0.000617995
-0.00768272
-8.01985e-5
-5.9426e-5
8.24107e-5
-5.7437e-6
-0.000352049
0.00220353
-0.00151155
-0.000228285
0.00366432
-3.20067e-6
-3.79419e-6
1.51681e-6
1.00846e-6
-2.19687e-5
0.000116195
-5.83376e-5
-3.39652e-5
-8.73012e-7
-3.09267e-7
1.25749e-6
-2.958e-7
9.85625e-8
4.63202e-6
-4.35194e-6
8.83247e-6
-5.09171e-6
7.08267e-6
1.29569e-5
-3.22567e-5
-6.92439e-6
7.29397e-8
6.59375e-6
-3.56291e-7
-2.77682e-5
-4.97081e-5
-0.000169909
3.21822e-5
-1.29327e-5
0.000714498
-0.000515087
-0.00069553
0.00536022
-0.00322226
0.000514863
-0.000714169
4.96787e-5
0.000333774
-0.0228764
0.0200957
0.0313408
-0.0190051
-0.0254097
0.00722194
-0.00334651
0.0189968
-0.0313263
0.0228666
-0.0200873
-0.00535792
0.0112343
-0.00810099
0.0046969
1.09328e-5
-8.34364e-6
0.00808216
-0.00468236
-0.00721312
0.00479319
0.0273934
1.29929e-5
-0.0274171
0.0398881
0.0314838
-0.00657841
-0.0580808
0.0598059
-0.0393772
-1.23301e-5
0.0394003
-0.0598251
0.058096
-0.0314922
0.00109177
-0.00147463
0.000267405
0.00371693
0.0537151
-0.0143747
0.00226091
-0.0643565
0.0434187
6.96311e-6
-0.0434324
0.0643692
-0.0537257
0.0143781
0.00658033
-0.00371808
0.00147508
4.35893e-5
-7.74702e-5
2.0266e-5
-0.00321441
0.000756101
-7.13831e-5
-0.000756347
0.00321552
-0.000267485
7.74993e-5
8.13802e-6
-4.52055e-6
1.04658e-6
2.10139e-5
-7.98988e-6
-2.02261e-5
-2.10866e-5
4.15397e-6
3.91933e-6
-1.56034e-6
5.60821e-6
2.35946e-6
-1.51562e-7
1.2278e-6
-3.65428e-6
-8.7539e-6
1.90217e-5
-1.93988e-5
0.000106919
-1.39222e-6
5.15501e-6
3.38321e-5
-9.3096e-6
-0.000116736
-0.000489459
-5.47755e-5
0.000232673
-0.000269433
0.000643796
-0.000330139
0.000476435
-0.00162279
0.000477189
-0.00228497
-0.000163904
0.0028718
0.015671
0.00104375
-0.00390327
0.00421501
-0.0137428
0.00627393
-0.0214718
0.0253524
0.00467619
-0.00433413
-0.0261122
0.0174163
-0.00196176
-0.00314674
0.00283699
0.017212
-0.0119876
0.00556966
-4.17849e-5
-2.23932e-5
3.96535e-5
-3.96535e-5
4.17849e-5
-3.51596e-5
0.00203787
0.0031906
-0.00291147
-0.0171375
0.0119115
-0.00550909
-0.00471694
0.00439582
0.0260505
-0.0173609
0.00393723
-0.0042638
-0.0253036
0.0214253
-0.00105468
0.00231186
0.0137159
-0.0156394
-0.000483355
0.000165955
0.000273136
-0.000236231
5.55681e-5
-0.000108372
0.00161909
-0.00286564
-0.000475463
-0.000642343
-0.006263
0.0004884
1.9654e-5
-5.24508e-6
-5.70176e-6
1.62593e-6
1.4321e-6
-3.37386e-5
0.000116481
-1.89841e-5
0.000329347
-1.05158e-6
1.32349e-7
1.80464e-6
-2.79382e-6
-2.40673e-6
8.88214e-6
-3.1681e-6
9.07589e-6
-5.17151e-6
1.29043e-5
1.34029e-5
-4.9369e-5
-1.29442e-5
3.1604e-6
4.85811e-6
-5.09825e-7
-4.54746e-5
0.000170402
0.000481776
-0.000939655
-0.000170323
4.93399e-5
2.77565e-5
-1.33302e-5
-0.00204807
0.00236842
0.00144047
-0.00419188
-0.00915881
0.0200612
0.00418996
-0.00236727
0.000695228
0.00204696
-0.00048153
0.000939204
0.0342223
-0.0370074
-0.0410015
0.0381087
0.0276661
-0.0250998
0.0174674
-6.96311e-6
1.23301e-5
-1.29929e-5
-0.0276524
0.0250767
-0.0174437
0.0409888
-0.0380895
0.0253925
-0.0342117
0.0369922
0.00915541
-0.0200529
-0.0399324
0.00879638
0.0562219
-0.0394935
1.34128e-6
0.0394919
-0.056223
0.0399362
-0.00226155
0.00299557
-0.00043511
-0.00530081
-0.0397206
0.0190883
-0.0170064
0.029476
-9.60705e-6
-0.0294591
0.0397097
-0.0190842
-0.00879869
0.00530245
-0.00299681
7.14111e-5
0.000152182
1.9173e-5
0.00554251
-0.00200679
0.00125305
0.00200824
-0.00554271
0.000435353
-0.000152307
8.36399e-6
-4.83757e-6
9.84055e-7
-0.000218147
1.10326e-5
-1.93873e-5
0.000219399
4.51243e-6
4.24406e-6
-9.61124e-7
-1.08984e-5
1.77433e-6
4.29287e-6
1.4525e-6
-2.74733e-6
-8.80454e-6
3.11816e-5
3.13754e-5
-0.0002163
1.34518e-5
-8.01319e-5
-6.65901e-5
9.76681e-5
0.000190162
0.00140368
0.000143418
-0.000403259
0.000383802
-0.0013086
0.000878056
-0.000987031
0.00231454
-0.000638189
0.00290782
0.00125719
-0.00383974
-0.0234406
-0.00139903
0.00291495
-0.00410044
0.0174188
-0.00831574
0.0280846
-0.0245167
-0.00217693
0.00288403
0.0172177
-0.0189569
3.0896e-5
-4.31352e-6
4.31352e-6
2.23932e-5
0.00212264
-0.00287897
-0.0172227
0.018913
-0.00287983
0.00410405
0.0245131
-0.0280439
0.00138573
-0.00292005
-0.0174066
0.0234067
0.0006456
-0.00122184
-0.000389107
0.00040391
-0.000148065
0.000220274
-0.00230924
0.00383233
0.00098498
0.00130463
0.00832904
-0.00140012
-3.21573e-5
9.84135e-5
1.13026e-5
-1.74811e-5
1.65043e-6
6.61859e-5
-0.00018938
-3.10915e-5
-0.000873409
4.09076e-6
6.15871e-8
1.3548e-6
-2.99834e-6
-2.49814e-6
8.11523e-6
-3.04092e-6
-9.36388e-5
7.63323e-6
1.22332e-5
-0.000139213
9.70198e-5
-1.20189e-5
3.32348e-6
4.79739e-6
-3.81806e-7
0.000799152
-0.000277349
-0.00127825
0.00190848
0.000277106
-9.68941e-5
4.54466e-5
0.00013796
0.00352909
-0.00337702
-0.0108214
0.00560455
0.0121542
-0.0254375
-0.00560224
0.00337537
-0.00143983
-0.00352889
0.0012768
-0.00190724
-0.0252897
0.0358103
0.0187599
-0.0251532
9.60705e-6
-1.34128e-6
-0.0187768
0.0251548
0.0253006
-0.0358092
-0.0121583
0.0254337
0.027523
-0.0204243
1.96076e-5
0.0203891
-0.0274986
0.0169954
0.0135737
-0.00302702
-0.00120283
-0.0220743
0.016522
-2.38139e-5
-0.0164794
0.0220453
-0.0135618
0.00120641
-0.00125873
-0.00122818
0.000175687
0.00222811
0.0138853
-0.00622297
0.00414628
-0.0107825
2.0009e-5
0.0107471
-0.0138626
0.00621607
0.00302777
-0.00223876
0.0012395
-1.36394e-5
-7.02151e-5
-2.50846e-5
-0.00234156
0.000864896
-0.000646758
-0.00088489
0.00235996
-0.000180381
8.56623e-5
-1.00969e-5
-3.63164e-6
6.71795e-5
0.000174448
-9.24573e-5
6.19411e-5
-0.000270171
-8.61286e-5
-0.000557994
8.06533e-5
-2.37023e-5
0.000133864
-0.000141071
0.00055864
-0.000417829
0.000531789
-0.000993486
-0.00241753
0.000218409
-0.00100774
-0.000292609
0.00132193
0.00739582
-0.00204559
0.000463728
-0.0010471
0.00165483
-0.00589758
0.00270145
-0.0119569
0.00957287
0.0172998
0.00154482
0.000841307
-0.00127147
-0.00712694
0.00884185
-0.0128219
-6.30576e-5
-6.43485e-5
7.6585e-5
-7.6585e-5
6.30576e-5
-3.0896e-5
-0.00143174
-0.000727537
0.00113454
0.00726386
-0.00895493
0.0128762
0.00196692
0.000974173
-0.0015613
-0.00966639
0.0120355
-0.0173349
-0.000441545
0.000969485
0.00593584
-0.00743116
-0.000220822
0.00241688
-9.21563e-5
0.000304849
0.000175322
-0.000193044
8.79997e-5
-0.00010359
0.000959236
-0.00131951
-0.000520286
-0.00052223
-0.00272363
0.000539713
1.87275e-5
-0.000136932
-2.45933e-5
0.000133395
-4.83145e-5
-1.22632e-5
7.10327e-5
1.71332e-6
0.000353532
-0.000428281
0.00011298
0.00055506
-0.000784447
-0.000108286
3.28673e-5
-5.02637e-6
-3.76718e-5
-0.00149416
0.0014206
-0.000766773
0.00263799
-0.00192666
-0.00395617
0.00863368
0.00192591
-0.00140995
0.000763196
0.00147576
-0.000535067
0.000773125
-0.000793467
0.00882284
-0.0140337
0.0175086
-0.00683716
0.010487
-0.012979
-2.0009e-5
2.38139e-5
-1.96076e-5
0.00687254
-0.0105296
0.0130142
-0.00884552
0.0140628
-0.0175331
0.00396307
-0.00864558
0.0108324
-0.00617356
0.00507288
-1.09245e-5
-0.00505436
0.006166
-0.00415009
0.00132496
-0.00236279
-0.00205228
0.000614874
0.00190871
3.55128e-6
0.00204609
-0.00191395
0.00237669
-0.00135837
0.000718086
0.00026263
0.00136209
-0.000322266
-0.000297591
-0.00127332
4.93402e-6
0.000398788
-0.000272023
-0.000405979
-0.000615798
0.00129072
-0.0013728
0.000333945
-0.000406746
0.000426738
-3.09224e-5
0.000204923
-4.61856e-5
-4.92955e-5
0.000746397
-0.000458266
0.000274453
0.000485568
-0.000783901
0.000306828
-0.000189216
0.000203437
-0.000645703
0.00105884
5.3555e-5
-7.99305e-5
0.000144954
-0.000114477
9.84089e-5
-5.72298e-5
0.000179302
0.000109291
0.00105858
-0.00181694
0.000460127
-0.000128675
-1.614e-5
1.10405e-5
6.16626e-5
-0.000614854
0.000253181
-0.000843071
0.000589032
0.00267924
-0.00601393
-4.26494e-5
0.000158759
-0.000398198
-3.5539e-5
-0.000270194
-0.00217868
0.00463747
3.5133e-5
-1.72419e-5
-1.58677e-5
-1.14208e-5
0.00088394
-0.000187307
-3.5133e-5
1.14208e-5
6.43485e-5
0.000338641
4.03652e-5
-0.000138871
-0.000903828
0.00223824
-0.00475125
-0.000435798
4.56202e-5
-0.00270357
0.00608686
0.00014553
-7.21145e-5
-0.000117611
-0.000189643
0.000109571
-7.16644e-5
0.000114371
-0.000533084
0.000267223
0.000826215
0.000580413
0.000164184
-0.00101389
0.0018047
0.000138384
-3.90688e-6
0.000538241
-0.000999662
-6.76181e-5
0.000110906
-4.32799e-6
0.000200846
-9.3999e-5
0.000127658
0.000107743
-0.000158939
-8.65239e-5
-5.67296e-5
-0.000165376
-0.000197348
-0.000198126
0.000203437
-0.000201444
0.000851055
-0.000304052
0.00087232
0.000216882
-0.000143365
0.000161772
-0.00081764
2.9174e-5
0.000356952
-0.00150775
0.000496085
-0.000819298
0.00121641
-0.000196414
0.000391224
-0.00392256
0.000259037
-0.00130102
-0.0003903
0.000801901
-0.00121117
0.00393013
-0.000458581
0.000276749
-0.00086161
0.00149385
-0.00263419
0.00321432
-4.93402e-6
-3.55128e-6
1.09245e-5
-0.000251847
0.00130721
-0.00323284
-1.73296e-5
0.000305497
-0.00036612
0.000186661
2.84761e-5
-0.000245245
0.000429838
-0.000339539
-0.000184224
0.000205551
-0.000110761
-3.39914e-5
0.000182724
-0.000290301
0.000292471
-0.000247008
-8.43654e-5
0.00013261
-0.00013223
6.9267e-5
3.07521e-5
-0.000135697
0.0002154
-0.000251963
0.000281744
-0.000397387
8.35537e-5
-0.000110997
0.00010292
-5.51018e-5
-1.82679e-5
9.48555e-5
-0.000153386
0.000182849
-0.00019105
0.000181198
5.57318e-5
-9.15786e-5
0.000109316
-9.88982e-5
5.8749e-5
1.26483e-12
-5.8749e-5
9.88982e-5
-0.000109316
9.15786e-5
-5.57318e-5
1.58677e-5
0.000104852
-0.000120436
0.000110718
-7.27452e-5
1.82679e-5
3.29915e-5
-6.02524e-5
4.8585e-5
2.645e-6
-7.35446e-5
-0.000120551
0.000139946
-0.000135243
9.30294e-5
-3.07521e-5
-2.65991e-5
5.2073e-5
-2.05933e-5
-7.68275e-5
0.000276776
-0.000163898
0.000178284
-0.000120312
3.39914e-5
4.83484e-5
-9.35338e-5
5.56504e-5
3.76924e-5
-0.000268645
0.000159046
-2.84761e-5
-0.000100462
0.000204927
-0.000138351
1.73296e-5
0.000162939
