0.102627
-0.376456
0.382796
0.0472118
0.449907
-0.357876
0.353436
-0.475259
-0.282836
0.310583
-0.161447
-0.221467
-0.138252
0.198513
0.0962086
0.132674
-0.080811
-0.17262
-0.0513384
0.103994
0.0180257
0.124565
-0.0543518
-0.0735505
0.103185
-0.101928
0.0224655
0.0733342
-0.129478
-0.0891812
0.0753214
-0.0819279
0.0689243
0.0445724
0.0247795
-0.0542807
-0.0053362
-0.0132016
0.0019408
-0.206055
0.18196
-0.213972
-0.0132356
0.691245
-0.00121001
0.0326785
-0.00755514
-0.0358073
0.0522506
-0.0488354
0.022396
0.0271292
0.000968537
-0.0139467
0.00136235
-0.000168682
-0.000478647
0.0438936
0.0886602
-0.212943
0.0231432
-0.0723672
0.700366
0.0531166
-0.0396334
0.0360179
-0.0482575
0.0612422
-0.0577991
0.0408431
-0.0213082
0.00387083
0.00717761
-0.000379324
-0.00143758
0.000557456
-0.000314609
0.000210815
-0.000211735
-0.0136973
-0.0455233
0.0873673
-0.119987
0.136669
-0.127995
0.0953532
-0.055325
0.023918
-0.00718264
0.000765398
0.000454768
-0.20642
0.165822
-0.0128002
0.18916
-0.196497
-0.0615706
0.0391444
0.058302
-0.144564
0.207849
-0.228312
0.198548
-0.137164
0.0747395
-0.0317793
0.0106157
0.000330507
-0.0019588
-0.000491854
0.000189584
-0.000287963
0.000368687
9.2507e-7
0.000298678
-0.15745
0.117091
-0.0388563
-0.0788085
0.187162
-0.26511
0.277824
-0.229629
0.151813
-0.0811656
0.0356391
-0.015335
0.00538132
-0.00107523
-0.000315146
-6.36882e-5
0.059163
0.000430927
0.0892709
-0.197943
0.259014
-0.258827
0.203984
-0.131119
0.0709817
-0.0331417
0.0245654
-0.0225298
0.00471296
0.00102445
0.00112742
-0.0369745
0.0357293
0.0169375
0.00792875
-0.0580221
0.135969
-0.197418
0.183486
-0.14332
0.0922216
-0.0568684
0.0254373
-0.02651
0.0191819
-0.00784293
0.00496028
-0.00478978
-0.00320574
0.0281047
-0.0682531
0.102845
-0.0988496
0.0835594
-0.0566548
0.0636921
-0.0345654
0.0405936
-0.0134305
-0.00220724
-0.00413162
-0.00118302
-0.00172222
-0.00302252
0.0351088
-0.0533087
0.0414704
-0.0363822
0.0280123
-0.0665191
0.0504087
-0.00688183
-0.0108707
0.012891
-0.00770696
0.00305223
0.000119808
-0.0155825
0.0260707
-0.019044
0.0308163
-0.0226671
0.00388591
0.0126584
-0.0232393
0.0121286
-0.000155854
0.00390429
-0.000996774
-0.0127335
0.00923487
-0.00898077
0.00889818
-0.0121655
0.000180319
0.0124576
-0.00342983
6.7464e-5
-0.00025953
0.00347996
0.0581086
-0.0274021
-0.07008
-0.118441
0.0567344
0.00894866
-0.00609094
0.365735
-0.137713
-0.00357691
-0.014748
-0.165478
0.0365098
0.10251
0.0687871
0.0604931
-0.182095
0.0350364
-0.143058
0.194534
-0.0705062
0.136073
-0.195746
-0.0688525
0.0398436
0.101528
0.0605091
-0.0408423
-0.00940636
-0.122707
0.0364209
0.248061
0.203371
-0.0337276
0.000198733
-0.00503681
-0.412137
-0.0377232
0.0266723
-0.0344408
0.0344602
0.0102286
-0.01268
-0.00994664
-0.00524484
0.0030466
0.0622858
-0.261019
0.0629367
0.246377
-0.00487286
-0.626322
0.00623544
0.000706631
-0.0027555
-0.00037783
-0.000290637
-2.91915e-5
0.0358844
-0.119375
-0.00957914
-0.0338935
0.196373
-0.00457166
-0.397068
0.00133658
-0.000254281
-0.000721434
0.00012291
0.000340348
2.34595e-5
-3.66491e-5
-0.0737528
0.118347
0.000207671
-0.000149598
0.0120085
-0.0177352
0.0216472
-0.0514406
0.0774695
-0.00175966
-0.00249449
-3.92008e-5
4.67847e-5
4.85716e-5
1.2879e-5
-1.09293e-5
-8.48018e-6
-9.69662e-6
0.121175
-0.232679
0.278357
-0.000139366
4.50838e-5
-1.06314e-6
-0.0978542
0.136024
-0.212076
4.28413e-5
-1.82876e-5
-1.09176e-5
0.0742015
-0.103066
0.139305
-6.93706e-5
6.09632e-5
-1.43404e-6
-0.0497818
0.0589485
-0.0648167
-0.000247502
-1.19002e-5
-1.67963e-5
0.0251481
-0.0267074
0.0157525
-0.0210937
-0.0016467
0.000428931
-0.000142529
7.16164e-5
-0.00634035
-0.00353057
0.00619979
0.00190741
-0.000333626
0.000161264
-7.56542e-5
0.00107832
0.00218978
0.000579567
0.000554734
-0.000471707
0.000885127
0.00257122
-0.00126525
0.0005411
-0.000242936
0.000186304
-0.000707227
-6.66793e-5
-8.84241e-5
-0.000973614
0.00220847
-0.00260518
0.000626286
-0.000159971
-9.1781e-5
0.000497717
-0.000729356
-0.000177662
0.000387297
-0.000563416
-0.00131453
0.00310592
-0.00364635
0.00074459
-0.00071621
-0.00026095
0.000739402
7.17119e-6
-0.000221191
3.9898e-5
-9.22195e-5
-0.000175424
0.000456697
0.000210326
-0.000307771
0.00126187
-0.000177589
6.50989e-5
8.81304e-5
0.00073915
0.000473515
0.000240832
0.000184136
-2.38034e-5
-1.61684e-5
1.23153e-5
-3.18629e-5
-0.000102969
-2.07505e-6
-6.87649e-6
-0.000368908
9.66003e-5
-2.93573e-5
-7.21778e-5
-0.000353163
-0.000370303
0.000193165
8.72733e-5
-6.15983e-6
-4.7512e-6
4.55055e-5
8.76389e-5
-3.52489e-5
2.21216e-5
7.39471e-5
0.000869305
0.0646744
-0.135998
-0.0853609
0.140179
-0.195721
0.261469
0.135414
-0.232815
0.293057
-0.24681
0.372614
-0.446086
0.34225
-0.470738
0.52303
-0.351758
0.452793
-0.446668
0.24221
-0.329935
0.291531
0.161167
-0.13116
-0.114116
0.0559873
-0.000232842
-0.000671075
0.00368608
0.00527563
-0.00196901
0.00605513
-0.00816226
-0.044961
0.065205
-0.0154699
-0.0154249
-0.00833547
0.00366011
0.0108089
0.000790341
-0.00504029
0.00178005
-0.000705342
0.000619167
-0.0075397
-0.00116543
0.00399118
0.00340072
-0.0199838
0.00353325
-0.00053915
0.000709247
-0.00174746
-0.000337273
0.000662311
0.0015776
-0.0050278
0.000802996
-0.00477702
-0.000488142
0.000125495
-0.000218042
-4.05106e-5
6.22065e-5
-0.00174922
0.00242684
0.000206383
0.00309621
-0.00565745
-0.000256007
1.01467e-5
8.16979e-6
-1.53944e-5
-4.231e-6
-1.88008e-6
6.32373e-6
-0.0132037
2.08829e-6
-0.0275867
0.0218714
6.85421e-5
0.0239648
-0.0340016
0.000283514
0.0367986
4.11385e-6
-1.39762e-6
1.10756e-6
-1.75574e-7
-5.41024e-7
3.7206e-7
2.83695e-7
-0.0280682
0.0406034
-0.0638373
8.5401e-7
1.3626e-6
9.59828e-8
0.024428
-0.0369301
0.0604176
5.24577e-6
-1.08612e-5
-3.56758e-6
-0.012952
0.0254488
-0.0467241
-4.1391e-7
2.24222e-5
3.19764e-5
-8.89444e-5
-0.00974462
0.0281668
-5.12425e-6
-2.71347e-5
-0.000107607
0.00802942
-0.00183309
-0.00583347
1.97144e-5
6.69248e-5
0.000170385
-0.00872076
-0.00412531
-0.00012872
-0.000195124
-0.000310874
0.0107837
-0.0107549
-0.00876835
0.00422101
-0.00300056
0.000235772
-0.000667826
0.000763002
0.00120554
0.003713
0.00156261
0.000105797
0.000201791
0.00179754
-0.00204975
0.00167871
0.00082918
0.000271603
7.35248e-5
-8.88103e-5
-0.00145337
0.000695493
-0.000278256
0.000167381
7.88135e-5
4.05046e-5
7.19208e-6
1.38618e-5
-0.000281256
8.98804e-5
-1.75743e-5
-4.61222e-7
-1.34104e-6
-6.42712e-6
2.82637e-5
-7.5418e-5
1.94263e-7
-7.34057e-6
-3.68541e-5
1.19453e-5
-1.36351e-6
-1.12822e-6
5.18485e-6
-9.45339e-6
3.31392e-6
-3.10139e-6
-2.40941e-5
-1.61594e-5
9.29097e-6
-1.05997e-5
-1.76515e-5
-2.39487e-6
-2.71962e-5
3.34921e-5
-2.04247e-6
-1.79263e-6
-2.37288e-6
1.11258e-6
3.84245e-6
-1.78776e-6
3.8933e-6
8.72292e-6
1.78138e-6
-1.61537e-6
5.1301e-6
6.14609e-6
1.00404e-5
-2.59848e-6
-1.46251e-5
9.76393e-7
-2.31369e-7
-2.30489e-6
-2.37673e-6
2.0376e-7
-4.07328e-7
-2.68627e-6
-0.0212233
-0.00559301
0.103891
-0.373601
0.379485
-0.260652
0.164062
-0.203585
-0.325619
0.428814
0.453064
-0.451297
-0.491445
0.357813
0.32758
-0.136514
-0.153511
-0.0209798
0.0196558
0.122983
0.0285885
-0.09527
-0.0483382
0.0835228
0.000939029
0.00194772
-0.00468672
0.00773309
-0.00172883
0.00598006
0.045483
-0.0748874
-0.0287922
0.0405868
0.0145977
-0.0154001
9.81667e-5
-0.000210247
-9.70168e-6
-8.73496e-6
-0.00644102
0.00620085
0.00247277
-0.00225778
0.000203488
-0.000994974
0.000214107
-3.99552e-5
-0.00082804
0.000719776
0.000239834
-0.000199693
9.97127e-5
-0.000288927
8.29935e-5
-3.83312e-5
-5.86373e-5
4.74372e-5
1.12395e-5
-1.05112e-5
0.000319867
-7.70981e-5
-5.16582e-5
-0.00017797
0.000939744
-5.24948e-5
-1.23927e-6
1.99457e-6
-2.32047e-6
5.92403e-7
-4.86387e-7
1.10923e-6
0.0207751
-0.000930115
-0.00398177
-0.0752757
0.0489182
0.00144699
-2.32639e-7
-4.04712e-7
-4.64618e-8
1.03367e-8
1.57106e-7
0.0191375
-0.0264099
-4.46044e-7
1.99315e-7
-0.0371591
0.026389
1.64737e-6
3.87849e-7
0.0354238
-0.0233237
6.23993e-7
-5.52344e-6
-0.0207057
0.0108296
-8.7751e-5
3.7671e-5
0.00777815
0.00168614
0.00050142
-6.49012e-5
0.00565685
-0.0100385
-0.00101574
-0.00130172
-0.00993923
0.0115593
0.00316141
0.00397918
0.00899706
0.00793258
-0.00658668
-0.00322637
-0.0164436
-0.0059843
0.00447659
0.00294677
-0.00386831
-0.0106596
0.0464243
0.0304988
-0.00115165
-0.000607746
-0.00327497
0.00893991
-0.0621534
0.00034832
-0.000157617
-7.06734e-5
-3.04884e-5
-0.000363298
0.00112278
0.0127236
-0.00425387
3.07499e-6
8.12678e-6
4.54501e-6
3.50393e-6
-4.82832e-5
0.000134392
0.0015561
-0.000693607
-1.99615e-6
9.52021e-7
1.7851e-7
1.30261e-6
-7.97286e-6
1.75266e-5
0.000258874
-8.76716e-5
4.31153e-8
-4.72941e-8
-2.0689e-7
1.19701e-6
-1.35032e-6
-3.04629e-6
1.98122e-6
5.11903e-6
2.66232e-5
-1.33779e-5
1.26889e-7
-2.24097e-7
-4.71793e-7
2.09658e-7
-3.87233e-7
4.29268e-7
9.81747e-7
4.62302e-7
-1.24797e-7
6.34502e-7
8.19305e-7
1.46846e-6
6.71732e-7
3.05306e-7
-1.27473e-6
-1.40572e-7
6.59076e-8
3.36941e-8
-2.89791e-7
-3.14344e-7
-5.23053e-8
2.87695e-9
-3.60044e-7
-5.4735e-7
0.0288363
0.398294
-0.363102
-0.58874
0.355076
-0.24847
0.313879
0.440584
-0.293567
0.131762
-0.284359
0.141805
0.023768
0.0895414
0.0483439
-0.0664798
-0.0418609
-0.134764
-0.0857559
0.133177
0.119264
0.00902947
0.0229118
-0.0570809
0.224403
-0.113388
0.0496492
-0.16703
0.0849028
-0.142451
0.146171
0.0957163
-0.0675148
-0.0587845
-0.039928
-0.02182
0.0359854
0.0526817
-0.000185511
-0.00125435
0.00246982
-0.00585833
0.00428089
-0.00214245
-0.02019
0.0130125
0.0034128
0.00725551
0.00482998
-0.0064949
-0.00344783
-1.65238e-5
-1.78334e-5
7.84528e-5
-0.000298815
0.00171751
-0.00301392
-0.000656164
0.0010044
1.03005e-5
-6.22958e-5
2.01041e-5
6.3855e-6
0.000224724
-0.000372109
-6.35525e-5
8.90276e-5
-1.08743e-5
-1.76724e-5
1.55165e-5
2.3444e-5
1.5837e-5
-2.67713e-5
-3.10289e-6
4.88196e-6
-0.000564367
0.000298623
5.14986e-5
0.000522593
-0.000894627
0.000124867
7.05396e-8
1.25348e-6
-8.59886e-7
-1.12247e-6
5.12048e-8
-3.24348e-7
-1.7259e-8
-0.00167146
0.00401979
-0.00429395
0.0523107
-0.0550127
0.00168945
6.10536e-8
2.77102e-9
2.70285e-7
-5.37577e-8
-3.41638e-8
-9.72597e-9
-0.0587431
0.0854311
-8.47357e-8
3.38964e-8
-0.0251816
1.56143e-7
-0.106099
0.148446
-0.0806488
0.163116
-0.179383
0.119291
0.0836621
-6.42498e-7
5.29157e-7
1.64783e-6
-3.15408e-7
-6.93199e-8
8.98416e-8
-3.04663e-6
-5.56047e-7
-0.172888
0.128426
-0.0668065
-4.08288e-7
2.85379e-6
1.21212e-5
0.148435
-0.0973799
0.0363707
-3.86101e-5
0.000125314
-8.89161e-5
-0.204649
0.0873411
-0.0365873
4.00914e-5
-0.000541535
0.000225369
0.043442
0.00286555
0.00198009
0.00110147
-0.00557968
-0.014992
-0.00540982
0.00670854
-0.011528
0.00778885
-0.00495331
0.00282483
0.0011662
0.00853214
-0.00746129
0.0362192
-0.00831706
-0.00392896
-0.0019878
-0.190907
-0.0599959
0.00110664
0.000472809
-0.000154513
0.00067126
0.205162
-0.315262
0.357746
-0.406556
-0.0493991
-3.66842e-6
1.1991e-5
0.0235169
-0.0110869
2.70328e-5
-9.41278e-6
-1.25507e-5
-4.34415e-6
0.00453829
-0.0102355
-0.0832977
0.0711292
0.139262
-0.0495769
3.29943e-6
2.71072e-6
-3.26408e-7
4.06257e-8
0.00057872
-0.00151972
-0.0219193
0.0046619
-1.17418e-7
6.32077e-7
3.81468e-8
-2.8215e-8
4.77249e-5
-0.000191217
-0.0014798
0.000148409
-3.02879e-9
5.54889e-8
-6.20576e-10
-4.34457e-8
1.93437e-7
-1.23448e-6
6.52554e-6
-2.69719e-5
3.29102e-5
4.38976e-9
8.80473e-9
2.47008e-8
-2.1937e-8
5.09633e-8
-3.61285e-8
4.87564e-8
1.12102e-7
8.1636e-8
3.58163e-9
2.05316e-8
-5.92496e-8
2.42372e-7
-6.00519e-8
8.3645e-7
-2.1171e-6
2.49108e-6
1.60272e-5
-3.24353e-5
9.89916e-9
-8.58348e-9
-2.02583e-9
-1.49147e-9
-2.41506e-8
-4.41123e-8
-1.36077e-8
-9.57548e-9
-1.81867e-9
-4.31614e-8
2.82049e-9
-9.65401e-8
-2.83083e-7
3.9367e-7
4.0052e-9
1.23792e-8
4.29741e-9
-3.97766e-9
2.86268e-8
5.26896e-8
1.05298e-8
-0.107099
-0.176397
0.146442
-0.0757087
0.135432
-0.0293115
-0.0557958
-0.0643921
0.141996
0.127867
-0.152954
-0.0266554
-0.0698127
-0.0395378
-0.0163473
-0.00502862
0.0293389
0.0180318
-0.0373546
0.00107432
0.0404383
-0.0852756
-0.0192837
0.0290051
0.0206121
-0.0137415
-0.00811372
0.0085676
0.00123297
-0.00274133
0.00539935
-0.00314325
0.00286544
-0.0101373
0.00159549
0.00392223
0.00294198
-0.00304521
-3.34163e-5
5.54739e-5
6.36206e-5
-0.000299126
0.000131184
5.8957e-5
0.00191959
-0.000982046
-0.00022399
-0.000582382
-0.000423852
0.000512002
0.000191769
1.1609e-5
-1.09193e-5
-7.01825e-6
2.61014e-5
1.03265e-5
-5.67195e-5
2.0282e-5
2.94676e-5
3.77437e-6
0.000383479
-7.32138e-5
-0.000109533
-0.000335602
4.10475e-5
3.01049e-6
3.01436e-6
7.80209e-6
-1.14179e-5
-1.61476e-6
-0.00274829
8.13889e-5
0.00235447
-0.00410538
-0.00142342
-3.76503e-7
1.24555e-6
3.28146e-6
-3.06625e-6
-3.41081e-7
-0.0343542
0.0209536
-0.0228921
0.142155
-0.0856353
0.0267462
-5.21183e-9
4.67318e-8
1.12489e-7
4.98043e-9
7.45547e-9
1.27574e-9
-0.165519
1.484e-8
-0.165324
0.183428
-0.177224
0.356887
-0.237988
0.328595
7.40998e-7
-4.29041e-7
-7.16538e-8
1.44886e-7
-3.64875e-6
5.14904e-7
-0.309134
0.235341
2.36553e-6
4.97346e-6
0.255876
-0.24445
0.000158074
-5.57942e-5
-0.334176
0.281254
-0.000632704
0.000213106
0.0300176
0.0114583
-0.0227447
-0.00680589
0.00985534
-0.0109483
0.00755841
-0.00483323
0.00189296
-0.000305022
0.00431712
-0.0080728
0.0288328
-0.00813836
0.000835417
-0.000387274
9.50929e-5
0.000137082
-0.000312305
0.426995
-0.426443
0.476044
-0.403902
-0.0584014
4.61713e-5
-1.13474e-5
1.88501e-6
5.8151e-6
-1.09945e-6
-0.141188
0.146956
-0.153083
0.174489
-0.0501851
-2.65292e-6
-1.61336e-6
0.000452365
0.0308017
1.87881e-7
8.50373e-7
2.2318e-7
-1.87087e-7
0.000420429
0.00031616
-0.00226597
-0.0159211
0.0381691
-1.84298e-7
-1.04585e-8
9.6376e-8
-3.03207e-8
-0.000175968
0.000208482
-0.00140208
0.00503522
-3.46578e-8
-1.72582e-8
1.23198e-8
-5.34e-9
-7.55781e-9
-3.95728e-6
-5.14787e-6
6.41375e-5
-7.45356e-5
0.000459853
8.12955e-10
2.45843e-9
-1.06599e-9
-1.50529e-9
2.5764e-9
1.5345e-9
1.50066e-8
1.16982e-7
-8.06685e-8
6.14535e-8
4.47043e-6
-1.76198e-5
1.28536e-9
3.30644e-10
-4.14376e-10
-2.35567e-9
1.69518e-9
-1.77852e-9
3.60876e-8
-1.29226e-8
-2.45285e-7
-3.39743e-8
-3.26905e-8
7.83453e-9
-1.39015e-7
1.04481e-7
-8.07492e-9
-1.09802e-8
-1.95745e-8
-1.51384e-7
2.50785e-7
8.66984e-7
2.61872e-7
-0.0233838
-0.0593087
0.00788445
0.0255539
-0.00277422
0.0988388
-0.0607125
-0.237896
0.118875
0.211083
-0.0340289
0.207142
0.00943135
0.134916
-0.114137
0.194911
-0.245262
0.0496083
-0.0994897
0.0781888
-0.201452
-0.0244137
0.0482136
0.00359811
-0.00024948
-0.00044112
0.00192574
-0.022145
0.0199143
-0.072002
0.0252151
-0.00149331
-0.00268681
0.000475453
0.00115758
-0.000492929
-0.000279645
0.00165992
-0.00207918
0.00479967
-0.00200095
0.000717633
0.000228471
-0.00019166
-0.000271723
0.000156716
-5.12351e-5
0.000201277
-0.000356708
-0.000131931
-9.26299e-5
-9.14265e-6
-1.47326e-5
-1.91875e-5
-9.08945e-5
1.34616e-5
1.89611e-5
-6.91495e-5
-0.000186304
0.00013155
-0.000288765
0.00175039
0.00024795
-2.10326e-6
1.41924e-5
2.20356e-6
-2.37012e-5
-4.49739e-6
0.00914687
-0.00551122
0.00325231
-0.0361059
-0.00409184
1.25412e-7
3.86481e-7
9.5049e-6
9.38287e-7
-1.60204e-7
-0.140497
0.0905977
-0.035967
0.332026
-0.240913
0.0554882
-1.51256e-7
4.87715e-7
-1.927e-7
-8.16701e-7
7.48325e-8
-1.2224e-7
-0.331873
-4.33127e-8
-0.24921
0.312611
-0.188283
0.247976
0.42182
-0.192857
-0.373508
0.37051
1.83158e-7
-1.56526e-7
-3.00937e-6
1.25435e-6
-0.3488
0.189953
0.36908
1.80593e-5
-4.74633e-6
0.366349
-0.1716
-0.328676
-4.14596e-5
-3.25466e-6
-0.321407
0.0847832
0.370935
1.06296e-5
0.000226991
0.0379465
0.0190899
-0.0325189
-0.00585272
0.00608663
-0.0112017
0.00366073
-0.000887632
0.00164949
-0.00288809
0.0355606
-0.0159076
-0.000244215
6.64199e-6
4.85435e-5
-7.482e-6
1.88721e-5
0.424963
-0.312772
0.35399
-0.188093
0.0300058
-2.25069e-5
4.89343e-6
1.48663e-6
-1.33925e-6
6.39016e-7
-0.181998
0.145581
-0.151663
0.13747
-0.0123013
-2.27873e-7
-1.62889e-7
-1.06448e-8
-2.0495e-7
3.48875e-6
-0.0159684
0.0314873
3.14607e-8
2.42349e-8
3.31006e-8
-0.000259036
-0.00246014
0.00533239
6.02725e-9
-1.45102e-8
9.2554e-9
4.71977e-10
2.15529e-5
3.19927e-6
-0.000360147
0.000988966
3.8704e-9
-3.71763e-9
8.89252e-10
-1.3999e-9
-3.39158e-10
-1.9189e-6
3.3678e-6
2.86702e-6
-3.14602e-5
0.000110134
2.53079e-9
5.2827e-10
-1.93609e-10
-3.93121e-9
-1.2459e-9
2.26236e-9
-2.42385e-8
7.54851e-8
2.40471e-7
4.12925e-7
8.61869e-7
-1.9907e-6
5.68239e-9
1.55396e-8
-1.30416e-8
7.63313e-9
3.14022e-8
-2.97338e-8
4.88578e-8
1.15187e-7
5.03226e-7
-1.30282e-6
-1.83865e-6
2.65064e-7
-2.98177e-7
3.26517e-7
-1.34773e-6
-1.3672e-7
-1.70817e-7
-6.46097e-7
1.91783e-6
0.166684
0.237079
-0.189273
-0.211705
0.172098
-0.197253
0.109725
-0.0890759
-0.00124592
0.0230654
0.00345733
-0.00853711
-0.0852499
-0.428382
0.434466
0.274751
-0.11802
-0.0285739
-0.000894777
0.00136222
-0.00601271
-0.04269
0.0431309
-0.109319
0.0800727
0.000282687
-0.000404363
-0.000226834
-8.02102e-6
7.00067e-5
0.000369692
0.00426087
-0.00338743
0.0135707
-0.00498534
2.13557e-6
0.000160512
4.28244e-5
-2.95899e-5
-2.2569e-6
7.52329e-5
0.000373343
-0.00123676
-6.87392e-6
-7.90311e-6
-0.000100415
-7.23915e-5
0.000170065
-0.000452426
0.000110849
0.000101071
-0.000354662
-0.000430759
7.9941e-5
-0.000134364
6.05658e-5
1.77538e-5
-0.00014676
-0.00199833
0.00112858
7.57482e-5
0.00531051
0.000196515
-1.00918e-5
4.271e-5
7.42731e-6
-7.21921e-5
-1.91718e-5
0.0215041
-0.0157382
0.00161759
-0.0557353
-0.00348516
4.52556e-7
-2.36919e-6
-1.18751e-6
5.52357e-6
1.9102e-6
-0.157737
0.156206
-0.0568121
0.0690645
0.310621
-0.31634
0.0383233
-5.55972e-7
1.98863e-6
4.95321e-7
-1.30203e-6
2.82823e-6
-0.297155
-1.06778e-7
4.49286e-8
8.51513e-8
-2.95651e-7
4.24764e-7
9.38179e-6
-6.9092e-5
0.0115929
-0.000882617
0.000212051
-0.00207442
0.00318314
0.00299009
-0.000329449
8.32173e-5
-0.000531037
-0.00316538
-0.000100369
8.18757e-5
-0.00655596
0.00125908
5.8762e-6
-9.21904e-6
-4.26071e-6
-9.81961e-6
0.203022
-0.0616643
0.0459623
4.72343e-6
-1.60717e-6
-1.01303e-7
3.98668e-7
-1.42169e-6
-0.139752
0.0702916
-0.0815825
0.0226436
0.012974
5.30705e-7
-1.29997e-7
-1.85927e-8
7.07875e-8
-0.0029227
0.000805135
-0.0222921
-2.20642e-8
-1.45287e-8
-6.95963e-10
-0.000442417
-0.00136109
0.000390983
2.36997e-8
-2.24839e-8
-9.3712e-9
-4.90978e-5
-0.000396836
0.000618993
-1.61307e-8
2.97224e-8
3.9421e-9
-1.8771e-10
7.35629e-6
1.46504e-6
-5.98058e-5
0.000135249
-4.94028e-9
3.23245e-9
-2.86931e-9
-6.88696e-9
1.94095e-9
-7.61521e-7
3.25341e-7
-1.35473e-6
-3.51643e-6
1.24633e-5
6.78412e-9
3.40879e-8
-3.27731e-8
1.30965e-8
6.76163e-8
-6.93512e-8
8.54642e-8
3.79214e-6
-1.89453e-6
3.50647e-6
4.10293e-6
2.58401e-6
3.54456e-7
9.38872e-7
-4.0238e-7
2.41005e-7
-1.28831e-7
-1.21531e-7
2.88384e-7
3.99809e-7
7.58537e-7
7.37177e-7
-1.17243e-5
1.21567e-6
-1.32788e-5
-0.117275
0.144777
0.0547944
-0.0268161
0.0723501
0.0106067
-0.00856617
-0.0373568
0.0246206
0.0340347
-0.0270913
-0.0501253
0.0419803
0.137263
-0.0816397
-0.289848
0.133372
0.0111291
0.0246143
-0.00729853
-0.00752402
-0.0400704
-0.0813756
0.0403252
0.134168
-0.119027
0.0687308
0.170962
-0.00214674
0.00332185
0.000253828
8.29105e-5
-2.91048e-5
0.00208929
0.00103265
-0.000623838
0.000397263
0.012736
-0.00424867
-2.37522e-5
1.02194e-5
2.63173e-6
0.000447384
0.000110057
-0.00071847
-2.09647e-5
5.82974e-6
-1.67099e-7
0.000181614
-1.73046e-5
-0.000145633
8.73183e-5
0.000148029
-0.000299602
2.83706e-6
-6.85123e-7
-7.17721e-5
0.000329229
0.000287696
-0.000907562
-0.00030605
1.80726e-5
-1.63572e-5
0.000215311
0.000138555
-0.000513881
-0.00148506
0.00128221
-0.000161337
0.000419629
0.00400217
8.41083e-5
3.39832e-5
-0.00012538
-2.8875e-5
0.000104531
0.0147504
-0.0156884
0.00428354
-0.00503825
-0.0370882
-0.00256915
-5.14296e-6
2.81159e-5
-4.62222e-6
1.55277e-5
-3.23584e-5
-7.37487e-6
-0.0696122
-0.106608
0.0473292
0.0798361
0.0953927
0.108332
-0.00959851
1.15125e-6
-5.18674e-6
2.27725e-7
-1.36876e-6
1.1296e-6
-0.117556
-0.0658115
-2.26862e-7
1.01774e-7
0.0978818
0.0618285
-1.20023e-7
1.67256e-6
-0.0606329
-0.0511948
-5.32064e-6
3.35212e-6
0.0298147
0.0390921
1.69853e-5
6.88377e-7
-0.0221858
0.00027561
-3.86175e-5
4.81087e-6
0.0181917
-0.0188008
9.34248e-5
-4.35217e-5
0.00110178
0.00204003
-0.000235065
-0.00060436
8.78257e-5
-0.000104547
0.000175818
0.000120576
4.32022e-6
-0.0105468
0.0018106
0.000658395
1.97018e-6
1.45583e-6
0.00885223
7.7901e-7
-6.74784e-6
-0.0033133
-0.0014406
-1.21349e-6
2.50867e-6
5.32459e-8
3.98434e-7
-0.00949946
-0.00427982
-1.8214e-7
-2.98897e-7
0.00421817
0.0014819
-7.3076e-8
2.43249e-7
6.54771e-8
0.00504947
-5.50595e-8
2.595e-8
2.20231e-8
2.49094e-5
0.000518527
-0.00183583
6.15275e-8
-6.95577e-9
-4.39878e-8
-2.48581e-5
-0.000147272
-0.00017007
-5.05488e-8
1.16272e-7
2.91316e-8
-2.15368e-6
-4.00568e-5
3.31307e-5
4.9942e-9
-1.11646e-7
-2.29119e-8
8.80595e-8
1.0046e-8
2.76035e-6
-2.46237e-6
-3.85502e-6
1.08625e-5
2.66162e-8
3.65877e-8
-7.87108e-8
6.65951e-8
2.08792e-7
-1.92857e-7
-7.34465e-6
-1.22235e-5
-6.76794e-6
2.9826e-6
-7.08045e-7
2.35362e-7
4.71965e-7
-3.67777e-7
1.20121e-6
7.55068e-7
-5.52905e-7
-9.91775e-7
-1.43697e-6
-2.34969e-6
8.07421e-6
3.61112e-5
-4.77098e-6
-5.01373e-5
4.4165e-5
4.98901e-5
1.25576e-5
3.0789e-6
-2.12589e-6
4.79077e-7
2.80948e-6
2.99686e-6
5.9004e-6
-1.31498e-6
-9.95655e-5
2.39693e-5
0.0109291
-0.0558239
-0.0174096
0.0739927
0.0203604
-0.0889668
-0.0208056
0.096816
0.00886577
-0.0906038
0.0295089
0.0296137
-0.049068
-0.00345296
-0.00358531
0.00448163
0.0869585
-0.0493988
-0.133267
0.0971958
-0.0508091
-0.102138
0.00868731
-0.0042707
-0.0018867
-0.000497931
0.000606995
-7.18392e-5
-0.0166459
0.00607603
-0.0341757
0.0148239
1.23138e-5
6.12911e-9
4.20576e-5
-1.85057e-5
0.000293771
0.000258847
-0.000111857
0.0012486
-0.000308859
2.01288e-6
1.39448e-5
-4.19998e-5
6.82847e-5
-2.03954e-5
-7.53162e-5
-0.000115512
0.000114274
-0.000127084
3.21942e-5
-1.37398e-5
-3.2828e-6
0.000299396
0.00104052
-0.00130978
-8.128e-6
-4.52809e-6
-4.36302e-6
0.00133066
0.00270472
-0.00285182
-0.000120237
-2.48284e-6
1.84454e-5
1.71081e-6
0.000329169
-0.00075418
-0.000319236
0.000912254
0.00199746
0.00109451
-0.00079706
-0.000376136
-0.000107446
0.000357817
0.000100116
-0.000309599
0.0408143
-0.000385285
0.00183913
-0.0199954
-0.0759382
-0.000867554
1.4589e-5
-6.9037e-5
1.18992e-5
-2.85042e-5
5.65315e-5
3.13503e-6
0.195124
-0.214245
0.15652
-0.226861
-0.265035
0.23283
0.24019
-0.167212
3.80317e-6
-1.0376e-5
-6.00021e-6
-2.32454e-6
0.231155
-0.207074
-0.202496
-5.1398e-6
4.42777e-5
-0.147763
0.129224
0.130089
-8.68182e-6
-2.7881e-5
0.0703098
-0.0520384
-0.0649575
-1.56099e-5
0.000112578
-0.0304176
0.0175255
0.0284414
4.90187e-5
-0.00011346
0.0125737
-0.00315621
-0.0141564
0.000105798
-0.000535853
-0.000910285
0.000545001
-2.20676e-5
-0.000591209
0.000598415
-0.000322441
1.84002e-5
-4.90296e-5
7.65165e-5
2.05204e-5
-9.23259e-5
0.000123087
0.000395934
2.18335e-5
-4.13419e-6
0.00117355
0.000666167
4.41047e-7
-5.97053e-6
-0.000378107
-0.000330665
2.04984e-6
-5.30901e-7
-0.00141753
-0.000621486
6.94919e-8
-8.68203e-7
0.000527759
0.000228519
-2.40582e-7
3.06416e-7
1.45136e-7
0.000359142
-4.19081e-8
-2.22854e-7
-2.10861e-7
9.63661e-5
0.000122349
-0.000168006
-1.15323e-7
1.00455e-6
1.04212e-8
-6.74114e-6
4.88871e-5
-9.00798e-5
3.49453e-7
-2.08354e-7
1.971e-9
-1.32282e-6
2.8448e-6
-3.47278e-6
1.47308e-6
-3.55827e-6
1.5375e-6
-4.6191e-7
-2.66921e-7
5.67253e-7
-8.45867e-6
3.29363e-5
-7.73856e-6
3.11967e-6
6.87991e-7
-1.87026e-7
-1.27989e-7
3.6198e-6
-2.69438e-6
-0.000154003
2.97512e-5
-0.00030128
-0.000115943
2.93133e-5
-8.52327e-6
6.55786e-6
-5.00914e-6
4.27756e-6
-1.23971e-5
-8.84487e-6
-6.06478e-6
-1.47145e-5
-1.26759e-5
7.56827e-5
0.000213779
0.00024893
-0.00068583
0.0010272
0.00019656
-1.47269e-6
5.93429e-5
-3.97758e-5
0.000163292
-0.000235596
-0.00101856
-0.0440863
0.032283
0.0562052
-0.0228769
0.0935541
-0.0453067
-0.137063
0.164327
-0.19347
0.227996
-0.0869564
0.0347738
-0.00668426
0.00065597
0.00522668
0.000328649
0.000347993
-0.00194837
0.0248652
-0.0108362
0.031885
-0.0156834
0.000289813
-9.29607e-5
0.000541672
-0.000221744
-0.00192838
0.000502652
-0.00567757
0.0019337
6.73447e-5
-1.80877e-5
4.64096e-5
-1.56655e-5
1.89456e-5
4.62933e-5
-9.46548e-6
2.23272e-5
8.20556e-5
-7.79883e-5
3.65149e-5
-0.00022165
2.45723e-6
0.000439614
6.29109e-6
-9.85903e-6
-6.17935e-7
-1.18822e-5
-0.000897872
0.00237019
1.30041e-7
3.23296e-6
-3.43616e-6
2.19882e-6
-0.00204827
0.00555911
-1.7892e-6
-1.07154e-6
1.20843e-6
-1.41965e-6
0.00131648
-0.000997109
-0.00230667
0.00514578
0.000292615
0.000108583
-9.26967e-5
-2.37149e-5
-0.00103442
0.00255735
0.000834854
-0.00187642
0.00840158
0.000111911
-0.00282279
0.000123399
0.000201349
-0.000489615
-0.000112573
0.000194331
-0.0857349
0.136476
-0.0559233
0.0696925
0.149435
-0.0665981
0.0306785
-1.24138e-5
8.28477e-5
3.47043e-5
-9.69584e-5
-7.3325e-7
-8.14228e-6
3.30034e-5
-9.70158e-5
-9.52967e-5
0.000203797
-0.000856509
0.0022994
0.000439162
0.000992404
0.000159844
-0.00165515
-0.00145755
-0.000147592
-0.00130326
0.00134887
-0.000895444
-0.00418705
7.9525e-5
0.000561713
-9.21163e-5
0.000151776
-0.000924564
1.92459e-5
-0.000130939
0.000157928
-0.0009037
4.98079e-5
-1.4076e-5
0.000131354
9.01373e-5
3.24951e-6
-1.15463e-5
-3.73366e-6
-0.000109134
2.02672e-6
-1.63538e-7
-0.000169875
-0.000106055
3.83338e-7
4.43721e-6
-3.74026e-6
8.26002e-5
0.000116094
-4.09483e-8
2.31271e-7
6.41236e-7
-5.69531e-7
-4.68552e-5
0.000126045
-2.77673e-6
-2.31093e-6
-1.19749e-6
1.24383e-5
-3.84292e-5
8.76992e-5
-7.36666e-7
1.28948e-5
6.40987e-6
-3.01016e-5
2.2252e-6
-3.21632e-6
1.08314e-5
-3.52078e-6
-2.1186e-6
1.85763e-7
-5.68679e-6
-7.25458e-6
2.86452e-5
-4.83546e-6
-1.20456e-6
1.09076e-5
-4.02185e-6
-1.93941e-6
4.13121e-6
-0.000129887
0.000618291
-0.000117227
2.12051e-5
9.24317e-6
-1.17556e-5
-6.27121e-6
9.26313e-5
3.43837e-5
0.00245983
0.000995665
-0.00281406
-0.00246712
0.000487749
-9.83823e-5
-1.16489e-5
6.5655e-6
4.23019e-5
-0.000131051
-0.000128042
0.000297156
-0.00124576
0.00423782
-0.00342157
0.00308703
-0.0863278
0.0593422
0.154682
-0.153704
-0.230165
0.297856
0.280355
-0.433346
-0.461379
0.556009
0.151854
-0.00646196
-0.0712791
0.0822991
-0.00294328
0.0355465
-0.0155874
0.00790296
-0.0258754
0.00954423
0.0409662
-0.0396582
0.00581361
-0.000903894
0.00508377
-0.00370249
0.0042628
-0.00181767
0.00667033
-0.00212712
0.00107778
-0.000231349
0.000576579
-0.000101422
-9.71228e-5
0.00024
-0.000484563
-0.000568547
2.53415e-5
-1.89582e-5
1.9736e-5
2.98469e-5
9.54321e-5
0.000293034
-0.000362753
0.000341047
-0.000100014
-0.000410495
-0.00192551
0.00300056
4.72643e-5
-0.00207499
-0.00613626
0.00642439
-6.13073e-6
-0.0115746
-0.0126369
0.0162632
2.33312e-5
4.22571e-6
-4.35597e-6
1.59607e-7
-0.00523606
0.00821616
0.00326692
-0.00330109
0.000763546
-0.000112103
-0.000138863
5.47264e-5
0.000938025
-0.00108973
-0.00022356
-0.000318577
-0.0266122
-0.0127366
0.0112607
0.00446947
-5.21346e-6
-9.64548e-5
-0.000149991
0.000120339
0.000256313
-0.15936
0.229273
-0.119218
0.103081
0.176863
-0.0387557
-0.263365
0.109019
-7.06075e-5
-0.000243206
3.44414e-5
0.00111971
-0.116225
0.0141097
0.182249
0.000696322
-0.00292558
0.043391
0.0285394
-0.0957936
-0.000668683
0.00182649
0.032143
-0.0691748
0.0199408
0.000595112
2.62811e-5
-0.0107849
-0.00502085
-0.00321142
0.00220148
-0.0076911
0.0140386
-0.0473656
-0.00551469
-0.00729126
0.0235847
0.00625398
-0.010899
-0.0157444
0.0192566
-0.00214697
0.00478207
0.000278823
-0.00151443
0.00370655
-0.0188414
0.00113731
-0.00032805
0.000232753
-0.000703267
6.80144e-5
-0.000186691
6.23212e-6
-0.00125885
2.31975e-5
-4.24745e-6
-9.89662e-5
0.000107829
6.03325e-8
-3.855e-6
0.000301359
-0.000255754
-2.63167e-6
-0.000351466
7.49853e-6
-0.000107719
-0.000397333
0.000701067
6.29009e-6
8.64417e-6
-0.000346661
0.000380966
-5.08105e-5
1.60714e-6
-4.59469e-5
0.000106446
2.58765e-5
1.92669e-5
3.0911e-6
-3.8472e-6
1.29307e-5
3.8536e-6
-6.5061e-6
2.53042e-5
-0.000148794
-4.72285e-6
2.40177e-6
-6.59289e-5
-0.000108508
0.000530336
-5.84702e-5
8.83648e-6
0.000156008
-3.73431e-5
1.2082e-5
2.03235e-5
-0.0023238
0.0122229
-0.00222742
0.000338456
4.91893e-5
-0.000242658
0.000249982
-0.000116609
-0.000178546
7.0198e-5
0.000896509
-0.000851594
0.000613206
0.00315684
-0.00881668
-0.013605
0.0419062
-0.032001
0.0083025
0.0012936
-0.00364189
0.00199442
0.000622062
-0.0111332
0.0491668
0.0216142
-0.0171371
-0.0326972
0.0250428
-0.0633651
0.0930349
-0.329524
0.132081
0.384125
-0.410991
-0.120497
0.0881022
-0.224353
0.4553
0.135328
-0.27265
0.00925128
-0.0675586
-0.00355203
0.00419231
-0.00556864
-0.00445256
0.0217073
-0.0038296
0.00536391
-0.000896971
0.00204036
-0.00525605
-0.00139554
0.00681435
0.000291614
-7.5592e-5
0.000383471
-0.000187059
0.000133625
-0.00135779
0.00486761
-0.00204166
0.00290696
-0.00895321
0.00020649
0.000986385
-0.000958578
-0.00121642
-0.000260951
0.000663905
-0.00102412
0.000783486
0.00107099
-0.00489585
1.79097e-5
-6.23701e-5
-0.000114645
-1.73951e-5
0.00184349
0.00165956
8.40863e-7
1.03019e-5
-4.61621e-5
8.90862e-6
0.010855
-0.00237357
4.40936e-7
-4.03349e-8
-1.00937e-5
2.5202e-6
-0.00638027
-0.0123314
-0.0033106
0.0272073
2.67395e-6
-1.84086e-5
9.69428e-6
4.00343e-6
-0.000951299
0.0098795
0.0031059
-0.0119793
-0.00361613
-0.00142853
0.0012636
0.000379036
0.000662179
-0.0028805
-0.000443658
0.00232386
0.0477773
-0.0646941
0.0212933
-0.0243533
-0.0728281
0.0190304
-0.0113755
0.000161044
0.000482422
-0.00121894
0.000731179
-0.0245066
0.00591567
0.0121845
-0.00286578
0.00755885
-0.00843825
-0.00448744
0.00191958
-0.0646601
0.0890666
-0.070295
0.0677715
0.0282487
0.0832892
-0.165263
-0.0609127
0.118108
-0.049815
0.0989545
0.0142483
0.0757914
-0.101774
-0.00296368
0.0236718
-0.00765583
0.00458687
-0.0185078
0.00134641
-0.00186835
0.00376004
-0.0231302
0.000209337
-6.27574e-5
0.00016966
0.000730674
2.40598e-5
-8.40673e-5
0.0005042
-0.00424998
-2.33215e-5
2.65157e-5
-0.000611698
0.00031902
-1.33058e-5
-0.000210965
0.000101935
0.00112411
-0.000521103
-7.04966e-6
-1.77989e-5
-8.17027e-6
5.33397e-5
0.000428768
-0.00111021
7.53198e-6
1.89401e-5
-2.93577e-5
-2.67401e-5
0.000319342
-0.00124495
7.78672e-5
0.000504403
0.000148471
-0.00122078
1.80221e-5
-0.000529009
-6.05134e-5
-0.000437768
-0.00031429
0.00205535
-1.6134e-5
3.99135e-5
-0.000170953
-0.00376073
0.000932526
0.000446588
-0.00181029
-4.21736e-5
0.000167106
-9.97788e-6
0.000152813
0.00273004
-0.000785403
-0.000120975
0.00104036
-0.00210619
0.0111205
-0.000742544
0.000133406
-0.00205587
8.333e-5
0.000797287
-0.0015051
-0.00170665
-0.142879
-0.0508652
0.174582
-0.0267298
0.00527812
0.00135023
0.00676115
-0.00327665
-0.0109808
0.00949076
-0.00493778
0.00154207
0.12801
-0.13745
0.266327
-0.233427
0.237295
-0.0657867
-0.397527
0.0508631
0.352972
0.0213081
-0.108114
0.0578274
0.0158456
-0.022378
0.00917202
-0.0086979
0.0526463
-0.0157971
-0.0952302
-0.119543
0.692229
-0.760992
0.286111
-0.27165
-0.0689699
0.0104372
-0.00882975
0.0289147
0.00982984
-0.037071
0.00539351
-0.00176334
0.00551349
-0.000183715
0.014109
-0.0350278
0.021945
-0.0165213
0.0492283
-0.000268441
0.000667179
-0.000918226
0.00100513
0.000326322
-0.013246
-0.00129838
0.00846401
0.00345057
0.00841093
-0.0101312
-0.00185929
0.00794055
0.00543566
0.0014464
0.000304942
-0.0392596
-0.0464501
0.102817
4.00497e-5
5.09502e-6
0.0602321
-0.079967
-4.41655e-6
-9.2837e-8
-6.95158e-6
5.80336e-6
-0.0350465
0.0918283
0.0297845
-0.0908119
-0.000372208
-7.84642e-5
0.000103058
8.89702e-6
0.00879943
-0.0259843
-0.00520943
0.0156305
0.0113444
0.00210892
-0.00442352
0.00381903
-0.000757873
-0.00171308
0.0038318
0.00065856
-0.00471664
-0.00167611
-0.0132261
0.0107955
0.00852086
-0.0691129
0.0410113
-0.00946287
0.0522173
0.119565
-0.0536871
-0.0609574
0.00707811
-0.0124174
0.0395047
0.0385052
-0.0370197
-0.105344
0.0368267
0.076281
-0.046412
0.0246087
0.0369517
0.0370955
0.0366513
-0.133806
0.301473
-0.255139
0.246712
-0.350196
0.252284
-0.103652
0.0991523
0.101985
-0.103458
0.0256649
-0.00519044
-0.00150673
0.000492831
-0.00980487
0.000530222
-0.00230482
0.0310149
-0.0282212
0.000230118
-0.000201244
-0.000936532
0.0043207
0.000237484
0.00139858
-0.000604039
-0.00659484
0.0235163
0.000131931
-0.00246464
0.00289124
-7.12647e-5
0.00243958
-0.000179887
0.000656328
0.00315521
-0.00453224
-0.000781933
0.000481758
0.00181555
-0.00220921
0.00498894
-0.00776769
-0.000196549
0.00214381
-0.00209209
0.0115033
0.00592918
-0.0173681
-0.000223278
0.000230744
0.000581744
-0.000224818
0.0239139
-0.00716274
-0.00329355
0.0126646
-0.000722756
0.00203747
-0.000352563
-0.00175795
-0.016547
0.00420224
0.00318716
-0.00788612
-0.0579676
0.207534
0.0127276
0.00357672
0.00383143
-0.00263132
0.0129306
-0.0154487
0.0110495
-0.0162315
0.0534839
0.0472187
0.0318309
-0.0524046
-0.228616
0.0541239
-0.713707
0.524854
-0.185546
-0.0510664
0.021625
0.0163734
-0.142042
-0.000352549
0.218706
-0.211235
0.189944
-0.184663
-0.216779
0.231226
0.0945715
-0.0603573
0.187616
0.232628
0.0354622
-0.0518706
0.0640285
0.0169225
-0.00602944
0.00274987
-0.0119401
0.444082
-0.777445
0.133862
-0.221619
-0.0396674
0.0347937
0.00125274
-0.0323681
0.0683709
-0.0716498
-0.0316094
-0.00130966
-0.00152569
-0.000297012
0.00226122
-0.00119479
0.0560935
0.00249658
-0.0199643
0.0280171
-0.0484796
0.0297191
-0.0408237
0.0677841
-0.00326243
-0.0262831
0.0302589
0.0166856
-0.00323953
0.010044
-0.00901388
0.00333698
0.0019393
-0.0139649
-0.000461165
0.00116549
-0.00109549
0.000611353
0.0837513
-0.169233
-5.98511e-5
6.89057e-5
-1.59446e-5
0.000208073
-0.137355
0.228391
0.158448
-0.254597
2.07173e-5
-3.42478e-6
-0.158403
0.140919
-2.493e-5
-5.80303e-7
4.22094e-6
6.04478e-7
-1.38545e-5
0.0456159
-0.083418
0.0249196
-0.0301205
0.00142699
0.000106625
-0.000226604
-0.000529325
0.000717905
-0.0076069
0.0154849
-0.0130839
-0.000679408
0.00266946
-0.00528076
-0.0137488
0.0126586
0.00122399
-0.00383757
-0.0127105
-0.026241
0.0221628
0.00263546
0.0248079
-0.0797268
-0.0496717
0.111748
-0.0331437
-0.0773317
0.0382153
0.0484208
-0.0350136
0.0204184
-0.133008
0.0838042
0.302464
-0.168101
0.112378
-0.0231627
-0.0148432
-0.401509
0.285928
-0.108925
-0.0916576
0.150769
0.27632
-0.161279
0.105786
-0.3043
0.137306
-0.0463437
0.077037
0.0711326
-0.0471835
0.014456
-0.0164648
-6.897e-5
0.00158803
-0.0052348
-0.0385163
0.0307678
-0.0392182
0.034606
-0.00155215
0.00318627
-0.000856851
0.00694595
-0.0179233
0.000100727
0.000173514
0.00393263
-0.00408521
-7.8157e-5
-0.00168995
0.000247297
-0.00457216
0.00398503
0.000324326
0.000445911
0.000410433
-0.00241132
-0.0041499
0.00525488
-0.00017949
0.00115219
0.00310663
-0.0048301
-0.00311266
0.00281627
-0.0179744
0.0305265
0.0205233
-0.040833
-0.000989495
-0.00891373
0.00473178
0.0499308
-0.0254858
0.0316961
0.00100281
0.0115839
-0.0383514
-0.0154841
0.0359948
0.00226997
-0.00215074
-0.00496046
0.000839846
-0.0148407
0.0309073
0.0150943
-0.025555
-0.0260593
0.0848129
0.0251271
0.00175457
0.00684231
0.0103878
-0.00435737
-0.00113502
-0.00774239
0.0273054
-0.0875279
-0.0623281
0.584032
0.53725
-0.778525
0.21673
-0.606483
0.303554
-0.144111
0.14454
-0.113249
0.0740497
0.0465032
-0.320217
0.484456
0.07381
-0.174053
0.333776
-0.476097
0.457378
-0.38378
0.281254
-0.185716
0.0559725
-0.174227
-0.00618155
0.223166
0.244453
-0.0202028
0.0780985
0.00826574
-0.0211124
0.0956374
-0.16351
-0.0117799
-0.0734415
0.15769
-0.133589
-0.00929824
0.00013254
-0.0827754
0.131319
-0.105629
0.0855374
-0.143964
0.00100873
-0.0108856
0.0367341
-0.0227102
-0.0434703
0.0773898
-0.054218
0.0137549
-0.0215887
0.00646417
-0.00193053
-0.0138204
0.047853
0.00107626
-0.00111714
-0.0836979
0.214238
-0.000409291
-0.000415018
-0.282588
0.333117
-3.07049e-5
-2.38603e-5
0.000227825
0.000114212
0.236701
-0.331976
-0.174412
0.274623
1.43006e-5
-8.17445e-6
0.139198
0.0435824
-0.0958873
5.36309e-5
9.95763e-5
7.80985e-5
-0.0348972
0.0461447
0.0247872
-0.0765479
0.00451495
-0.00225322
-0.00430981
0.00916812
0.00129865
0.0518579
-0.132063
0.186163
-0.0140427
-0.220874
0.00933109
0.160406
-0.000712401
-0.0880463
-0.0067848
0.0114029
-0.000113372
0.0620502
-0.0171418
-0.111317
0.0919753
0.018305
-0.389177
0.262008
-0.0954724
-0.0562178
0.180412
0.00927953
-0.0148031
0.00179546
-0.0230775
0.00533104
0.0126122
0.00214157
-0.0139668
-0.00161063
-0.00429408
6.0612e-5
0.0011634
-0.00496637
0.00858337
8.34816e-5
0.00794523
-0.00475936
0.00203229
-0.00105001
0.00503765
0.00235368
0.00423299
-0.00263246
-0.00139655
0.00377625
0.00372266
-0.00620212
0.011737
-0.0162516
0.000877372
-0.00565105
-0.0538474
0.086749
0.00728737
-0.00470756
-0.0952958
-0.0542275
0.099645
-0.00460428
-0.00218427
0.0242271
-0.0203563
-0.0977964
0.0517765
-0.0789321
0.00118317
-0.0243313
0.0936737
-0.0400579
0.0453977
-0.0214483
0.0200223
-0.0165799
-0.00739549
0.00195397
0.0405349
-0.109151
0.320768
-0.597384
0.152461
-0.120972
0.0646327
0.214008
-0.291049
0.245038
-0.157209
0.0336974
0.100515
-0.161006
0.254765
0.0781111
-0.105044
0.0209309
0.253725
-0.477988
0.603738
-0.608257
0.491623
-0.322247
0.159626
-0.0261251
-0.0664576
-0.1206
0.116254
-0.0411594
-0.014697
0.114521
-0.122773
0.157576
-0.204195
-0.0653248
0.020535
0.00754126
-0.0439314
0.0764949
0.0215611
-0.0439278
0.0206932
0.117804
-0.182782
0.187816
0.169414
0.00176991
-0.00484589
0.0087372
-0.0114403
0.0221164
-0.171738
0.144834
-0.0276936
0.0709794
-0.128785
0.00463617
0.0847518
0.0322898
0.143702
-0.0941267
-0.00992592
-0.144306
-0.0394731
0.159381
0.00489249
0.0024565
0.280012
-0.345412
-0.00178815
0.00066789
0.362742
-0.314508
4.47138e-5
-8.11849e-5
-0.000219726
5.13162e-5
-1.67856e-5
-0.166292
0.225225
-0.130916
0.121627
-3.16068e-5
-3.14417e-6
8.71562e-6
1.58532e-5
-2.56028e-5
0.0557569
-0.0873613
0.0747058
0.000142838
-0.060028
0.111882
0.00111058
-0.000727608
0.000215088
-0.00174141
0.00304033
0.0958355
-0.161287
0.218059
-0.00265173
-0.313062
-0.00635349
0.316786
0.0273936
-0.248417
-0.0546208
0.143216
0.0760738
-0.048758
-0.0852056
-0.0149771
0.100805
0.051634
-0.14567
-0.10789
-0.0744715
0.150272
-0.267663
0.171649
0.054961
-0.0152022
0.0150189
0.00764183
-0.00619087
0.0310614
-0.0406284
-0.0349207
0.101606
-0.000690555
0.00139126
0.0190716
-0.063523
0.0405068
0.015404
-0.0333445
-0.00285069
0.00156353
-0.000395387
0.000905458
-0.0108217
0.0224021
-0.0190132
0.0143453
-0.000273039
-0.000321139
-0.0327518
-0.00315233
0.000774045
-0.00272133
0.00543026
-0.0221271
0.00692527
0.0172798
-0.0174555
0.102551
-0.200724
-0.0013796
0.0268308
-0.0242876
0.157394
-0.146345
-0.0140601
0.0151179
0.137734
0.0743546
-0.122223
0.0237254
-0.0286607
-0.0338534
0.0257369
0.107439
-0.128125
-0.0743708
0.103171
-0.0202147
0.0317547
0.0800255
-0.0595578
0.0546629
-0.0518852
0.020297
0.00707922
0.0453088
-0.0758025
0.0248493
-0.192375
-0.0750198
0.0632878
0.000503723
-0.116863
0.198076
-0.35528
0.425618
-0.396176
0.280521
-0.135576
0.00976192
0.0697576
-0.157825
0.199651
-0.239654
0.0861485
0.42521
-0.565649
0.576003
-0.454619
0.263197
-0.0849807
-0.0314495
0.0769153
-0.0935743
-0.0934925
0.105927
-0.154085
0.178459
0.0132043
-0.0670466
-0.253334
0.333153
0.112674
-0.0380608
-0.177383
0.188126
-0.191867
-0.00288838
0.0341457
-0.060785
0.18385
-0.168606
0.0962853
-0.176358
-0.220113
0.133995
-0.138395
0.132555
0.12175
-0.177303
0.285007
-0.19691
0.128489
-0.127961
0.206078
-0.137389
0.0812597
-0.0201147
-0.0927036
-0.0337874
0.0785415
-0.0535044
0.0253618
0.00937067
-0.17122
0.171333
-0.215705
0.322277
-0.00202604
0.000273084
-0.320791
0.272329
5.94214e-5
-6.32124e-5
-3.33145e-6
-0.199098
0.131101
-0.108004
-9.41494e-6
1.1155e-5
-2.81093e-5
0.101314
-0.122868
-0.0934959
0.174962
-0.000162416
0.000655254
0.000782742
0.219813
-0.281286
-0.00745698
0.354273
0.028148
-0.365879
-0.0673902
0.291618
0.116726
-0.174005
-0.156308
0.0677816
0.171307
-0.00367311
-0.165177
-0.0225711
0.144939
0.0323526
-0.130759
-0.0190241
-0.0652308
-0.0121596
0.427351
-0.33279
0.000558292
0.00026557
0.000115228
0.159106
-0.0784329
0.057096
-0.000216261
0.000146902
-0.000233474
-0.0606708
0.0763484
-0.0962907
-0.000590654
0.000329927
0.130655
0.0576547
-0.148455
0.0107157
-0.00941478
-0.00260494
0.00140185
-0.0186049
0.0577236
0.00402347
0.045188
0.113582
-0.271126
-0.0269504
0.0176713
-0.435627
0.547167
0.29978
-0.342485
-0.030192
-0.0449545
0.037132
0.18926
-0.193586
0.169044
0.0333149
-0.0358629
0.0543844
-0.150189
0.133824
0.0596293
-0.0438481
-0.121567
0.123513
-0.11366
-0.198955
0.115181
-0.0821265
0.0895476
-0.0581611
0.0157828
0.0885697
0.0409325
-0.442304
0.367182
-0.243425
0.400082
-0.501577
0.488804
-0.37415
0.216187
-0.0818732
0.00419624
0.0241506
0.0416651
0.00506744
-0.0346774
0.0854857
-0.0555726
0.175888
-0.296767
0.390526
-0.392583
0.279949
-0.101766
-0.0593812
0.153758
-0.197302
0.20364
0.329625
-0.410199
-0.290345
0.284673
-0.262668
-0.135204
0.133317
-0.143668
0.137936
-0.0730663
0.0154103
0.142483
-0.147954
0.15118
0.0318258
-0.0734914
0.111233
-0.145856
0.130759
-0.146988
0.19732
-0.11999
0.131344
-0.106612
-0.283366
0.275877
-0.192459
0.0790231
-0.0550453
0.0851426
0.019594
0.0335469
-0.0169562
-0.0090794
-0.100208
0.139339
-0.17961
0.00364024
-0.00125768
0.194799
-0.171006
0.000327789
-5.04252e-5
2.73941e-5
0.129173
-0.0947041
0.0877824
-6.54105e-6
-5.79514e-7
-1.6924e-5
-0.0987169
0.158043
-0.183531
-0.00020673
9.85919e-5
3.67804e-6
0.000181694
0.000125566
-0.199254
0.31376
-0.213702
-0.00275635
0.31454
0.0130634
-0.351107
-0.0409272
0.336276
0.0931575
-0.26003
-0.16205
0.147488
0.223059
-0.0482107
-0.25167
-0.0064528
0.248544
0.0208426
-0.244623
-0.0171403
0.236733
0.00719085
0.379772
-0.476093
0.0181834
-0.0109063
-0.361234
0.34416
-0.328492
0.17875
-6.00824e-5
-0.000194379
0.00140559
-0.111382
0.0702075
-0.0730813
-8.29463e-6
-4.35889e-5
3.65248e-5
0.111366
-0.167834
0.213156
0.00053667
-0.000137263
-0.241612
0.249818
0.0111306
0.00494768
-0.00171733
-0.151575
-0.00216515
0.182083
0.0493144
-0.0269288
-0.380248
0.396296
0.0929254
-0.0711298
-0.253402
0.184369
-0.148969
-0.0541001
0.0440183
-0.0722252
0.125801
-0.111302
-0.0835276
0.0678045
0.10555
-0.111449
0.111115
0.187255
-0.135298
0.104132
-0.121758
0.0723893
-0.0076213
0.00952721
0.340049
-0.30012
-0.327607
0.354496
-0.238372
-0.0994558
0.264644
-0.389516
0.471508
-0.469072
0.371753
-0.227365
0.104888
-0.0476162
0.0646353
-0.136495
0.374317
0.0143939
0.0500327
-0.0950166
-0.0601798
0.137058
-0.186419
0.169173
-0.0678666
-0.0819063
0.208348
-0.254879
0.240834
-0.25914
0.270983
-0.267537
0.186415
0.161051
-0.156338
0.10982
-0.096756
0.0371688
0.0105745
-0.0919767
0.0938626
-0.0925414
-0.0616971
0.107882
-0.148386
0.0865497
-0.0813349
0.185693
-0.188153
0.102401
-0.148189
0.0801609
0.300423
-0.340085
0.243202
-0.0444554
0.0421389
-0.124073
0.0277976
-0.0250108
0.0255083
0.00316962
0.0465348
-0.0646544
0.072376
-0.00222124
0.00101898
-0.0806175
0.0770443
-0.000368227
9.88102e-5
-7.45858e-6
-0.06372
0.0551548
-0.0748272
5.32945e-6
-3.85617e-6
1.60531e-5
0.140894
-0.189208
0.185537
-6.28443e-5
-0.000148182
-0.000542901
-0.249536
0.184493
0.00350463
-0.306099
-0.0135903
0.297403
0.0409652
-0.240193
-0.0940532
0.15804
0.169648
-0.0630412
-0.244344
-0.0119177
0.287
0.0436334
-0.279176
-0.0376242
0.248667
0.0188653
-0.271987
-0.00669268
0.305733
0.00211689
-0.307998
0.218321
-0.11068
-3.16381e-5
0.000317698
-0.0008892
0.0551268
-0.0411158
0.0714979
4.88435e-5
-5.32592e-6
2.20896e-5
-0.143377
0.242068
-0.331576
3.80653e-5
-6.91646e-5
0.316774
-0.384598
-0.0160906
-0.00300452
0.00041482
0.239155
-0.0619297
-0.0585137
-0.0924336
0.0441218
0.260945
-0.457344
-0.209951
0.133685
0.265749
-0.137618
0.0932155
0.0708103
-0.0374865
0.130148
-0.0778149
0.0728598
0.0960791
-0.0817532
-0.0739032
0.0966685
-0.146308
-0.1787
0.138839
-0.114055
0.150462
-0.0788208
0.000432892
0.293869
-0.255934
0.212731
0.115735
-0.266248
0.324363
-0.355086
0.340319
-0.261709
0.149363
-0.0601467
0.0318787
-0.0628613
0.161872
-0.23855
-0.0186301
-0.0402002
0.0937986
-0.0219918
0.0395086
-0.0115935
-0.0730198
0.189524
-0.280576
0.303481
-0.229762
0.212595
0.142011
-0.170184
-0.103727
-0.012037
0.0555742
-0.0426896
0.0390884
-0.00145653
-0.0255691
0.0435919
-0.0544035
0.0461175
0.075884
-0.117289
0.149846
-0.0441242
0.0304563
-0.181693
0.252429
-0.0409848
0.105502
-0.0614503
-0.234294
0.420677
-0.243597
0.0352179
-0.0187274
0.109056
-0.0386846
0.0161164
-0.0253688
-0.000335864
-0.010324
0.0136797
-0.013679
0.000671965
-0.000454636
0.0224602
-0.0248667
0.000227677
-0.00012835
8.15672e-6
0.025781
-0.0207826
0.0246284
-1.67563e-5
-1.69216e-5
2.59255e-5
-0.0392627
-0.00452312
0.000324582
0.0493022
-0.000389787
0.00202129
-0.00370391
0.511851
-0.644541
0.0105748
-0.249981
-0.0320813
0.105316
0.0743922
-0.0235166
-0.139322
-0.0444971
0.210974
0.0865611
-0.258015
-0.0897529
0.26235
0.0643445
-0.201907
-0.0301508
0.194407
0.0104313
-0.157029
0.147533
-0.103815
0.0190125
-8.05384e-5
-1.79688e-6
0.00100697
0.0139711
-0.00335295
-0.0427646
-1.17563e-5
4.25689e-6
1.17523e-5
0.121892
-0.228497
0.314588
-0.000265178
7.06739e-5
-0.345396
0.236693
0.0134085
-0.0019383
0.000881918
-0.207039
0.0215598
0.0514156
0.148298
-0.0575568
-0.205855
0.333167
0.391314
-0.250363
-0.112814
0.036739
-0.0322308
-0.100312
0.197353
-0.373777
0.0327624
-0.0403267
-0.0917354
0.0863521
0.0359218
-0.0392918
0.0506329
0.163326
-0.116671
0.0999564
-0.00608822
0.00614335
0.142613
-0.158625
-0.504945
0.423544
-0.258895
0.201492
-0.165052
0.0988243
-0.0213726
-0.0277795
0.0213564
0.0239117
-0.0958401
0.124475
-0.135226
-0.0422287
0.0534797
0.0565138
-0.0878651
0.0252904
-0.0230207
0.0338941
-0.0532195
0.111047
-0.183774
0.249227
-0.215689
0.17473
-0.140104
0.119204
0.0948249
-0.0663135
0.0366952
-0.0264303
0.0148544
-0.0692775
0.00389956
0.000317355
-0.0157223
0.0428709
-0.0160308
0.0289664
-0.0310355
-0.0591855
0.0950126
-0.115922
0.0406174
-0.0469226
0.129204
-0.139604
-0.0195773
0.0410499
-0.283524
0.142557
0.0118482
-0.0108709
-0.0115646
-0.0128674
0.0128358
-0.00984648
0.0118125
0.00305463
-0.00277157
0.00106345
0.0076675
-0.00601298
-0.000537754
0.000281396
-0.0095506
0.00955454
-0.0001535
0.000163999
-4.80874e-6
-0.0101425
0.00738841
-0.0112785
8.0914e-5
2.38526e-5
-2.19982e-5
0.025394
-0.0650804
0.000115517
-0.000141777
-0.127847
0.156645
0.169377
-0.175188
0.000363497
-0.0021865
0.00467346
0.442069
-0.130344
-0.00676749
0.0466737
0.0219776
0.0906679
-0.0476443
-0.105893
0.0916109
0.133111
-0.140571
-0.137303
0.183299
0.119461
-0.161714
-0.0660538
0.135643
0.0248906
-0.117059
-0.00560938
0.101025
-0.0515609
0.0875379
-0.0276051
-0.000421469
-0.00100153
5.44092e-5
-0.000390721
0.0021143
0.0326023
3.98023e-6
-0.0496527
0.040129
0.00932827
-1.84583e-5
1.44986e-6
-2.25501e-6
-0.0642478
0.168001
-0.286051
-9.24001e-5
4.87781e-5
0.349265
-0.334688
0.180998
0.000342715
-5.95849e-5
0.218826
-0.179709
0.0785617
0.00538197
0.0602842
-0.0282291
-0.0462934
0.00129881
0.00444191
-0.0106749
0.01469
0.0614065
-0.0574982
-0.00753712
0.0277072
-0.0166199
0.0192773
0.0672072
-0.0637249
-0.0108419
0.006351
-0.00577072
-0.110373
0.0757325
-0.0577028
-0.0744291
-0.105105
0.154836
-0.104815
0.132539
0.364462
-0.0948891
-0.0777916
0.0689105
-0.0626245
0.095017
-0.156673
0.0911601
-0.0309962
0.00959891
0.0451577
-0.0887304
0.108011
-0.0626878
0.00440631
0.0446052
0.058963
0.0702017
-0.133406
-0.0890848
0.060574
-0.088203
0.11586
-0.140451
0.121934
-0.0837913
-0.040419
0.0271927
0.0155565
-0.00145237
0.0948349
-0.0510386
0.00921652
0.0120463
-0.0144219
-0.0283544
-0.00118561
-0.00208716
-0.0537153
0.0430481
0.069366
0.00171543
0.00986076
-0.073293
0.0664805
-0.00971429
-0.0225358
0.0135006
-0.0424727
0.0527854
-0.0138976
-0.00811275
0.00796458
-0.0116675
0.00905433
0.00950927
-0.00177991
-0.00787145
0.0082746
-0.00377056
0.00179589
0.00146708
-0.000575574
-0.00167827
0.000703409
0.00157238
-0.000384847
-0.000119456
2.88368e-5
-0.000952557
-0.000125915
-1.45742e-5
0.000301598
-0.000470078
0.00153414
-7.95543e-5
0.00447348
-0.000368445
0.000351718
-0.000456011
-0.0105989
0.0168325
-0.000195467
-0.123009
0.000885374
-0.00515704
0.00652582
0.0279237
0.0612221
-0.0188543
-0.331957
0.0252272
0.178395
-0.0500913
-0.180692
0.0711975
0.152889
-0.0897011
-0.106596
0.0794791
0.0604017
-0.0582264
-0.0206369
0.0181296
-0.0307246
0.00457731
0.0434548
0.000355051
-0.000443936
-0.00305504
-0.0660298
0.047347
-0.0676826
0.0723913
-0.0136543
1.2768e-5
-1.6632e-5
-0.0692782
0.184507
1.58331e-5
-9.86861e-6
-0.293743
0.252363
-0.000203011
3.3598e-6
-0.20474
0.132375
-0.00228701
0.000159996
0.000233885
0.00020908
-0.0604363
0.0304736
-0.00188955
0.00152186
0.000333543
-0.000435298
-0.0135326
0.0333851
0.00137905
-0.00216118
-0.00148141
0.00164677
0.000154344
0.00218059
-0.0336652
0.0228362
-0.00139961
0.037679
-0.00314548
0.0153922
-0.03239
0.0298049
-0.0387871
0.100779
-0.191998
-0.178585
-0.024917
0.0303815
-0.034295
0.0457098
0.219252
-0.0579608
-0.106376
0.0762816
-0.141301
0.151088
-0.127579
0.0930858
-0.0307749
-0.0136141
0.0262029
0.0828469
-0.178258
0.0599575
0.110229
-0.0969349
-0.0375495
0.0441808
-0.0548284
0.082097
-0.0628308
0.00278055
-0.00374964
-0.00513291
-0.00028546
0.00571794
0.000963945
-0.0499397
0.029287
-0.00845225
0.131338
0.00339625
-0.00864651
0.00918709
0.01112
-0.0107761
0.00346331
-0.000124575
0.000990432
-0.000243696
-0.000678441
0.0154071
-0.0280531
-0.0427082
0.0243794
-0.0022598
0.000252529
0.03825
-0.0185465
-0.029783
0.00210616
-0.00260381
0.0191004
-0.000751626
0.00204954
-0.00241679
-0.000448568
-0.000357548
0.00281888
-0.00403543
-1.62139e-5
-8.35537e-5
0.00202044
-0.000677981
-9.97182e-5
0.000296228
-0.000169163
0.000113706
0.000330948
-0.000358507
0.000216265
-0.00136412
0.000439003
-0.000349195
-0.000413891
0.000611245
-0.000461403
0.00055667
-0.000365293
-0.00346309
0.000735698
0.00599174
0.00167873
0.000282898
-0.000541143
0.00060025
-0.00873618
0.00313659
-0.000949874
0.000612917
0.0760495
-0.0116399
-0.013068
0.000497178
-0.020538
0.000444171
-0.0102149
0.0161898
0.463571
-0.320347
-0.0112362
-0.135055
0.0203707
0.169882
-0.0284173
-0.169441
0.0456313
0.104171
-0.0360793
-0.0557404
-0.00304326
0.00277735
-0.00275429
-0.00179149
0.0197694
0.000842651
0.00264559
0.0024376
-0.00291896
0.00383706
-0.0357909
-0.000699035
0.046302
-0.0510746
0.0413342
0.0539999
-3.83899e-5
5.30218e-5
-1.43154e-5
4.90035e-5
9.97907e-5
-0.0887647
0.0583992
-0.0154451
-0.0148607
-0.0620639
1.53734e-6
4.60559e-6
4.39448e-7
-1.25833e-5
0.125028
-0.08815
3.22958e-5
-7.18001e-6
0.073572
-0.0422197
4.60483e-5
-9.10042e-5
0.0098397
-0.00672609
0.000205406
-5.09773e-5
-0.00137676
0.000579248
0.00419522
-0.00140238
-0.000323691
-0.012465
-0.000474651
0.000892502
-0.00117102
0.00281004
0.000932077
-0.023334
-0.0194907
0.0135372
-0.00867837
0.0181265
-0.00314432
-0.00162657
0.0173686
-0.0121115
-0.0600096
0.0141458
0.018487
-0.0125025
0.0137487
0.116583
0.387568
-0.305953
-0.129589
-0.137938
0.0077598
-0.00483057
0.0142471
-0.018772
-0.0929667
0.168616
-0.102387
0.184912
-0.221278
0.163722
-0.101339
-0.032406
0.0219524
0.0551907
-0.147178
-0.0185117
0.021822
-0.0409457
0.0317767
0.0256751
-0.0414404
0.0198162
0.0258707
-0.000368351
0.0013113
0.000925722
-0.0474956
0.0520097
0.0623643
0.000938642
-0.00177365
-0.00252588
0.00141185
0.00358454
9.44045e-5
0.0014185
0.00926025
-0.0040987
-0.00931753
0.00025234
0.000269646
-1.7385e-5
-6.30791e-5
0.00695646
0.0134562
-0.00460162
-0.000240635
-4.74302e-5
-0.0104042
0.00292071
8.05259e-5
-0.000320158
-0.000660973
3.88341e-5
0.000793699
-0.00103305
-0.000242959
6.45619e-5
0.000753848
-0.000759542
-0.000848661
0.000655799
4.28607e-5
-3.19311e-5
0.000589354
-0.000551841
9.55497e-5
-3.65777e-5
3.17415e-5
0.000272931
-8.53767e-5
6.14429e-5
-3.6831e-5
-0.000137167
4.09397e-5
2.08479e-5
-0.000794652
9.07351e-5
0.00211928
0.000127837
-0.00062946
0.000483934
0.00335065
-0.00275578
-0.00135299
0.000780854
-0.0358302
0.000628397
0.0984272
0.00455444
-0.00221045
0.133072
-4.60208e-6
0.00927096
-0.0147821
-0.321508
0.268045
0.0105163
0.194927
0.0105314
-0.0221878
0.0142706
7.22669e-5
0.000181665
0.00578087
0.00267346
-0.00944838
0.0157307
-0.00863765
0.0405136
-0.0112359
-0.00662247
0.0111746
-0.0179281
0.0239808
-0.0330043
0.0490975
-0.000129404
3.73014e-5
-0.0494704
0.0355254
1.35752e-5
4.88563e-5
-0.0240438
-0.0150239
0.00824604
0.00988091
-6.06317e-6
-3.53498e-7
2.04543e-6
3.82361e-6
0.0146931
-0.0152886
0.0128346
1.69629e-5
0.0126292
-0.00981331
0.010587
1.05205e-6
0.000702325
-0.000248642
0.00128026
0.000164799
-0.000197293
0.000157523
2.60386e-5
-0.000235095
-9.41982e-5
0.00530669
0.00314567
-0.00131081
-0.000612154
-0.000930935
0.000122666
-0.00501141
-0.0027499
-0.00313987
0.00343672
-0.00215154
0.00600939
-0.121198
0.117287
0.32711
-0.191332
-0.0476481
0.0759163
-0.00268631
0.00931011
0.0157231
-0.0126427
0.000543167
-0.00398501
-0.0377432
0.329808
-0.410117
0.264319
0.13708
-0.148037
0.0986188
-0.0275293
-0.0101754
0.0257844
0.0118115
-0.0108554
-0.0131878
0.00127831
-0.00455698
-0.00619369
-0.0127839
0.00101515
-0.013005
-0.0241129
0.0182525
0.0103064
-0.00247291
0.00199465
0.00120253
-0.00109226
-0.000234495
0.000185265
-0.0013657
0.000373421
-0.000422135
4.40808e-5
-0.00021889
0.00409177
0.00137458
-0.000369344
0.00324758
-0.000950157
6.75324e-6
8.52406e-5
-0.00209186
0.000469484
0.00112055
-3.19581e-6
2.35804e-5
-2.01175e-5
-0.000251845
0.00127999
-0.000621522
-6.33556e-7
-1.86146e-5
-0.000341773
0.000224157
0.000117898
1.73809e-8
-0.000167416
0.000361735
-4.56225e-5
6.28235e-7
-1.49124e-7
1.32017e-5
-0.000271315
0.000310993
-5.16885e-6
-2.58349e-6
-1.61265e-5
4.41964e-6
-0.000296981
0.000228543
-3.25903e-6
-0.000153059
5.896e-5
-6.47978e-7
4.70537e-6
7.80254e-5
-4.80535e-5
7.77037e-5
-3.50122e-5
-1.05816e-5
-2.7664e-5
0.000138653
-0.000168847
1.80385e-5
-4.73842e-5
-8.55821e-5
-0.000165594
0.000194181
0.00117786
-6.15805e-5
-0.000250413
0.000418534
-0.0117922
0.00605857
0.000307949
-0.00153098
-0.131194
0.055357
0.000825012
0.0010465
-0.127987
0.112845
0.00667135
-0.0624732
-0.00411671
0.00453021
-0.215564
-0.00585823
-0.00215556
0.000514998
0.000743857
-0.0032221
0.026294
0.069687
-0.0709899
-0.00467128
-0.0788458
-0.0122839
-0.164153
0.00238449
0.053805
-0.0036797
-0.0336131
0.00142106
-0.00266622
0.00465909
-0.0119871
-0.00703201
0.0164851
0.000133297
-0.000557163
0.000333577
0.00571461
-0.0170678
0.0321031
0.0148166
-0.0272468
-8.00213e-5
-0.000159567
0.000312405
0.000441815
0.0208279
-0.00501808
-2.96063e-6
-1.96812e-5
-0.00626545
0.00211483
-6.40935e-6
-1.95669e-6
-1.11453e-6
1.31819e-6
-0.00320269
0.00127608
-2.06077e-5
7.9156e-6
4.27121e-6
-8.81133e-7
0.00140418
-0.000133006
-8.36216e-5
-2.72877e-6
-2.00483e-5
5.8859e-6
0.000151256
-0.000199208
-7.38656e-5
0.000421124
0.000378792
-0.000144289
3.86676e-5
0.000125464
-0.000118274
-0.000141515
0.000707783
0.000462615
0.00165005
-0.000476696
0.000226594
-0.000928438
-0.00217111
-0.00905298
0.0281151
0.0290786
-0.00218087
0.00350782
0.00150501
0.000193601
-0.0535158
0.0886312
-0.00561623
-0.00826453
0.000511091
0.0289764
-0.0585981
-0.324212
0.0894811
-0.10868
-0.00880091
-0.0570166
0.0287669
-0.0257633
-0.0140181
0.00845155
0.310699
-0.280703
0.000149349
0.000105432
0.00483925
0.00419435
0.000320073
0.00491318
-0.00798667
0.00023078
-0.00213976
0.000175273
0.00018511
-0.00176883
0.000446628
-0.0003211
-0.000860286
0.000219406
0.000327317
-0.000113403
-1.58988e-5
-0.000695135
0.000102641
-0.000596419
0.00120883
8.53464e-5
-1.01188e-5
0.000199513
-2.22663e-5
-1.99318e-5
-2.53664e-6
-2.24595e-5
0.000181952
-5.61806e-5
-8.64935e-6
-0.000141368
-9.6748e-6
1.46326e-6
7.04244e-6
-4.28155e-5
1.78198e-5
5.81957e-7
-2.90961e-6
5.3875e-5
5.19973e-5
-4.31603e-5
5.52579e-5
1.38237e-6
2.80751e-6
-2.59254e-5
-2.5886e-5
3.83384e-5
-3.19163e-6
2.94008e-5
-8.28502e-5
0.000288587
-6.47369e-5
-1.14754e-6
3.22814e-7
-0.0005925
-0.000115172
4.70565e-6
-1.74379e-6
-1.49389e-5
5.42292e-5
6.17791e-6
-1.4952e-5
-0.000106913
-0.000104771
1.92452e-5
-7.20226e-6
-1.82536e-8
2.85451e-6
2.40785e-5
0.000149055
-1.77272e-5
-3.11851e-5
-0.00241687
0.000691928
0.000135206
-0.000138479
-0.000910013
-4.68544e-5
1.84689e-5
-0.000236057
0.046653
-0.0295832
-3.3967e-5
-6.1354e-5
0.224612
-0.149687
6.98692e-5
0.000187131
0.195436
-0.152905
0.0256901
-0.000748428
0.00207238
0.0763162
0.0577391
0.000230631
-0.134134
-0.000148688
0.132218
0.000523424
-0.00134316
0.000571658
0.0005553
-0.00188232
-0.000942758
0.00273418
-0.00377306
-0.0124235
0.0133885
0.0444708
-0.00280354
0.00745175
0.00249291
-0.00662523
-0.000978696
-0.000942952
0.00251877
0.00136154
0.00447389
-0.00968467
-0.00202324
0.000350252
1.98611e-5
0.000109501
-0.000112623
-0.000459641
0.00492494
-0.00511052
0.00439522
1.3206e-6
0.000907093
-0.000868632
0.000628824
2.4856e-6
-0.000236219
0.000287428
-0.000717712
-1.98925e-6
0.000139615
-4.54584e-5
1.55732e-6
2.24208e-5
-3.1621e-6
-1.1488e-5
3.26462e-5
4.43084e-5
5.72847e-5
-0.000102616
-1.40448e-5
-5.60336e-5
-0.000234726
-0.000437444
0.00152782
0.00158573
0.000322138
-0.00118197
3.88365e-5
-8.33521e-5
-0.00207045
-0.00216495
-0.00552495
0.0165517
-0.00975642
0.0213907
0.0132001
-0.00485367
-0.0197369
-0.0380471
0.106553
0.399299
-0.326448
0.188668
-0.310761
-0.129512
0.212528
0.045782
0.00781886
0.0378381
-0.0509882
0.0356783
0.00264185
-0.00119441
-0.00275917
0.00025193
0.000546556
-0.000103044
-0.000134601
0.000516313
1.31887e-5
-1.38448e-5
6.32686e-5
-5.82598e-5
-4.92397e-5
-1.5115e-5
5.75334e-5
-0.000553699
0.00110737
-0.00103902
2.10598e-5
1.14812e-5
1.71361e-6
-5.06161e-6
2.04865e-6
-3.71207e-5
7.81616e-6
-3.20814e-5
5.09115e-5
6.63978e-6
-1.31587e-6
1.14304e-5
-2.41803e-6
-8.14291e-7
-3.46804e-6
9.99221e-6
-1.32534e-6
-1.58211e-6
7.86534e-5
-1.70447e-5
2.59273e-6
-1.56703e-7
-3.01066e-5
7.47167e-6
-1.66559e-5
7.27283e-6
5.26618e-5
-3.05999e-5
3.3786e-6
-1.1306e-6
-1.89737e-6
-5.72743e-7
0.000199313
0.000168614
1.50271e-6
1.62453e-7
4.29754e-7
-6.20948e-7
-0.000224275
0.000603822
-5.21644e-8
6.62639e-8
5.18066e-7
0.0016177
0.000394918
1.87118e-7
-7.90372e-7
-0.0043594
-0.000822491
2.23871e-6
-1.49763e-7
0.000511264
0.000172808
-1.48064e-6
1.90821e-5
-0.00148591
-0.00014687
-0.000148388
2.0178e-5
7.18939e-5
-4.64807e-5
-8.35539e-6
-0.000781828
4.64289e-5
-7.93441e-5
-1.47957e-5
9.16225e-5
-0.00620112
0.00296181
-0.00281273
0.00092083
-0.00149462
2.24828e-6
3.46231e-5
0.0130137
4.30813e-5
-4.83761e-5
0.000208726
8.31952e-6
-0.000120657
-0.00016885
8.86796e-5
0.000194607
-0.000381466
0.053152
0.100752
-0.0816025
-0.0472894
0.0677699
-0.142109
-0.210694
-9.11842e-5
0.000345825
-0.000261036
0.000911288
0.000222198
-0.000800504
-0.00527391
0.000288218
0.00822152
-0.00896742
0.000612317
-0.00177514
-0.000648329
0.00134781
0.000498412
0.00155766
-0.00180593
-0.00439703
-0.00251336
0.00178711
-4.01664e-7
-1.97727e-5
3.202e-5
9.54899e-5
2.12695e-5
0.000442248
1.63915e-7
-1.2289e-5
-3.64434e-6
2.0327e-5
0.000207846
1.08604e-5
-1.70772e-6
7.86982e-7
1.35415e-6
3.99783e-6
-0.000101799
1.80771e-5
-1.10679e-6
-6.57897e-6
-2.86536e-6
7.8648e-6
9.13632e-6
1.19449e-6
1.34323e-5
1.16108e-5
-1.7099e-5
-2.68407e-5
9.07421e-5
9.30418e-5
0.000183023
-0.000364789
-0.000238662
7.82929e-5
-0.000251693
2.74204e-5
0.000258259
0.0010042
0.0041864
-0.0122124
-0.00226132
0.00038973
-0.0019211
-0.00060426
-0.00427009
0.000219787
0.0117723
0.0265067
0.0400514
-0.0910409
0.0651739
-0.0488206
0.0542821
-0.030654
-0.0824855
0.18083
-0.138376
0.0789159
-0.00809209
-0.0358999
-0.000257539
-1.75655e-5
7.1537e-5
-0.000122518
-6.57409e-5
9.78837e-6
1.51811e-5
-1.77143e-5
9.41871e-5
2.27666e-6
0.000392994
1.46636e-5
6.261e-5
-2.09059e-5
1.92108e-5
3.41649e-5
4.72359e-6
-7.07457e-6
1.76181e-5
-6.78978e-6
-1.106e-5
-2.61694e-6
1.42025e-7
-7.44871e-6
4.81373e-6
-1.91581e-5
-4.7148e-5
2.63644e-7
4.20917e-7
-3.50099e-7
3.02594e-7
-3.73192e-6
6.03123e-6
-2.72376e-6
2.2824e-6
8.94982e-7
-1.83634e-7
3.60724e-6
-6.80938e-7
-1.89106e-5
3.81679e-6
-4.05095e-7
-1.29692e-7
5.47005e-5
-1.75767e-5
-0.000170077
-1.65875e-6
0.000500618
-0.000140424
-0.000481454
8.69806e-8
0.00182785
-2.73855e-5
0.00118111
-0.0040864
2.24886e-7
-1.34195e-7
0.000838458
0.0119636
1.6475e-7
7.52096e-8
0.0128662
0.000331655
-2.85492e-7
1.35199e-6
-0.029599
0.00391084
-6.17787e-6
-5.03738e-8
0.00320954
-0.000360154
5.52816e-7
1.05317e-5
0.000141214
-0.000564553
1.15737e-5
-7.04324e-5
0.000263702
7.17138e-5
-0.000494293
-1.36358e-5
-0.000278613
5.69089e-5
-8.97622e-6
8.65445e-6
-1.90555e-5
-0.0171669
-0.00931633
0.0331169
-0.0116306
-1.17601e-6
1.32487e-5
0.0420466
-0.0957027
0.0313357
6.9467e-6
-4.51129e-5
-0.14053
0.223443
0.0611836
1.38515e-5
-3.05224e-5
0.23675
-0.356352
-0.158373
1.26463e-6
2.72071e-5
-0.258447
0.401989
0.242406
-2.15656e-5
5.85803e-5
0.259835
-0.291058
-2.46232e-5
5.75461e-5
-5.05322e-5
-9.57996e-7
5.11656e-5
1.05349e-5
-5.12548e-5
-0.00662133
0.0304925
-0.0109096
-0.112114
5.86663e-5
-0.000193476
-0.000100034
0.000280707
0.00549111
0.0104141
-0.0141839
-0.0202895
-0.000477885
0.00106966
0.000353384
-0.000307631
-0.000127563
-0.000384786
0.000367007
0.00140711
-0.00075816
0.00103575
-0.000817849
-5.17651e-5
-0.000135513
0.000431263
-0.000319132
-8.89216e-6
7.9635e-5
1.53721e-5
1.55527e-5
-9.1905e-6
-6.42778e-6
4.67648e-6
6.08836e-6
1.03051e-5
-5.84207e-5
0.000246224
1.63939e-6
-1.72337e-5
-2.24659e-5
-6.68968e-6
6.00639e-5
-0.000190714
0.000552946
-0.000246013
-0.00131199
0.000597242
-0.000895256
0.00366734
-0.000984131
0.00468608
0.0292133
-0.0604566
-0.0212519
0.00788448
0.00533598
-0.0472593
0.124981
-0.146294
0.0936179
0.127686
-0.125519
-0.0864002
0.100943
0.0175483
-0.0457606
0.0549416
-0.0129768
-0.0762393
0.0816893
-0.126537
0.146904
-0.123513
-0.000171418
1.71399e-5
4.69624e-5
-1.27984e-5
-2.15465e-5
5.07926e-6
-5.52715e-7
-1.16105e-5
-5.85452e-6
3.16033e-6
-1.69916e-6
2.1484e-6
2.93736e-6
-1.3392e-5
5.51275e-6
3.86465e-5
1.07823e-5
-5.09796e-6
-9.5476e-7
1.93521e-7
-2.8172e-7
-1.66644e-7
-3.22629e-8
-9.93198e-7
1.86945e-6
-6.56603e-7
1.47601e-6
3.4144e-9
3.54155e-8
-2.94897e-8
4.74556e-8
-8.74305e-6
-1.11515e-5
4.43819e-7
1.91226e-7
-5.69471e-8
-7.10714e-7
2.15208e-5
5.25787e-6
-0.000223412
6.08974e-7
-7.89404e-8
3.39747e-7
0.000411344
-0.000236317
-0.00116103
-8.86272e-8
-1.99155e-8
-2.75983e-9
0.00288226
-0.00141798
-0.00330993
-3.39282e-8
7.9667e-9
-4.00879e-8
0.0131112
-0.00780677
0.00355147
-0.0565094
1.05382e-8
-1.12111e-8
0.0725384
0.182801
3.41862e-8
1.30149e-7
0.0673063
-0.0300058
-5.82358e-7
2.81039e-6
0.0442817
0.0350916
-2.15563e-5
5.1569e-6
0.00196879
0.00325957
-0.000484596
0.000124027
0.000508717
-0.000412402
0.000371385
-0.000341137
0.000923259
0.000114561
0.000976186
-0.00109232
-2.17657e-5
8.29445e-6
0.0160179
-7.4508e-6
2.03127e-6
-4.77263e-6
-3.12843e-6
1.02272e-5
6.82104e-6
-3.01679e-6
9.55428e-7
-4.52941e-6
1.28131e-5
-0.147535
-0.241776
0.185231
0.0684243
0.26088
0.419026
-3.17765e-6
7.72667e-6
-2.1282e-5
-5.77805e-6
3.1354e-5
0.0312838
0.0308453
-0.054795
-0.0306169
-5.46913e-5
0.000141545
4.50316e-5
-1.57242e-6
-0.000958957
-0.00443686
0.00179308
0.0123938
-0.000180365
0.000281658
-4.88728e-5
-1.49304e-5
0.000253821
-0.00069489
-0.000539391
0.000801767
-0.000486693
-1.89804e-5
8.03213e-5
-0.000160854
-0.000176736
0.000544911
-0.00030849
-2.15837e-5
7.89437e-5
-0.000113805
0.000136671
-2.08394e-5
-1.8102e-5
-2.83018e-6
0.000110671
-0.00013904
-2.01769e-5
-0.000134938
3.87692e-6
0.000143638
-0.000591724
0.00137022
0.000293278
-0.000241401
4.14836e-5
-0.00284724
0.00195732
-0.00977567
-0.0018979
0.0101928
-0.00378098
0.00244038
-0.0136333
0.0146617
0.00882187
-0.013037
0.00426148
-0.223342
-0.132896
0.132261
0.0842331
-0.0721977
0.110305
0.0445975
0.164167
-0.135811
0.0850854
-0.00523357
-0.0790734
0.12414
9.73237e-6
4.02944e-7
-1.26125e-6
2.81331e-6
3.22983e-6
3.91449e-7
-1.53992e-6
-1.05731e-5
-1.84807e-5
5.64054e-7
-2.8973e-6
6.7724e-6
-2.12569e-6
6.53104e-7
-3.51352e-7
-1.26769e-6
-6.49108e-7
5.28414e-7
-1.37368e-7
2.20704e-7
-9.31825e-8
4.28087e-8
-1.50445e-6
1.56247e-7
2.38087e-6
-2.38693e-7
1.5767e-6
-5.0215e-8
-1.34472e-9
7.06741e-10
-1.69216e-8
-1.38275e-6
1.42744e-6
-2.62834e-6
-4.05568e-7
8.19552e-8
-1.1143e-9
6.5087e-9
1.28521e-8
-3.02133e-6
1.98143e-5
-0.000130284
7.12956e-8
-3.12771e-8
-1.28446e-7
9.79752e-5
-1.93994e-5
-0.00106834
1.87916e-8
3.01194e-8
1.77641e-8
0.00148213
-0.00112724
-0.00595935
-4.7057e-9
1.52797e-9
3.92635e-9
0.0125292
-0.00138336
-0.0359882
1.86603e-8
-1.38602e-8
-5.01806e-8
0.087609
0.383822
-0.347554
0.33197
-0.229705
6.82741e-8
-2.04904e-7
5.68977e-7
0.0703686
0.114208
-0.095995
0.0758441
-0.0204597
-6.23954e-6
-5.77015e-5
-0.0107485
-0.000350434
-2.49712e-5
0.0208977
0.00555256
0.000894897
-0.000606656
-0.00100712
0.000323234
-5.5748e-5
-0.00277894
-0.0206515
-0.000154609
3.32362e-5
-0.0426346
0.0425211
2.71365e-5
-9.42347e-6
-0.133757
0.129633
-7.78537e-7
2.14746e-6
0.310582
-0.289257
-8.82382e-7
1.47375e-6
-0.49068
0.452822
-2.01926e-7
-7.84757e-7
0.523485
-0.506744
1.61215e-6
-4.53818e-6
-0.430485
-5.63296e-7
-8.02291e-7
1.77648e-6
-1.74288e-7
6.76999e-7
-2.65031e-6
-0.0616038
0.0723166
-0.000868668
0.0705219
0.0218145
-0.196997
-4.13765e-7
1.05317e-6
4.09321e-6
-8.66843e-6
1.3488e-5
5.96698e-6
-0.000935351
-0.0359589
0.0675632
-3.27627e-5
5.25574e-5
1.47735e-5
0.000121137
0.00218477
-0.00529985
-0.000165684
0.000284517
-2.32175e-5
-1.73719e-5
0.000497822
-0.0013637
-0.000574188
0.00118427
-0.00048512
-1.34473e-5
0.000294043
-0.000573473
-0.000332355
0.00102305
-0.000572969
-1.63104e-6
0.000330084
-0.000428651
0.000546327
0.000206668
-0.000300558
0.000116404
0.000578295
-0.000675043
-0.000256961
0.000838046
-0.00118269
-0.0030382
0.00493609
-0.000400367
-0.00261131
0.00277697
-0.00157944
0.0137809
-0.0138846
-0.00527946
0.0460558
-0.0386541
0.190353
0.0247116
-0.0169625
0.00753086
-0.00170303
-0.0199013
0.00492457
0.429784
-0.630956
0.15882
-0.225529
-0.124079
0.142138
0.104282
-0.0925659
-0.0542812
0.0171969
-0.0153201
0.0670956
0.0616815
-0.120535
-0.0806414
-1.79282e-6
1.79594e-6
-1.4148e-7
-1.10833e-7
3.52595e-7
4.16957e-7
-8.37272e-9
-1.21305e-7
8.45668e-8
-8.87973e-7
-8.46042e-8
2.85979e-7
-8.3811e-8
-3.24953e-7
5.76802e-8
-9.54041e-9
-5.85999e-8
-1.41314e-7
-1.05059e-7
3.71992e-8
1.11594e-8
-1.25749e-8
-3.35139e-10
1.16798e-8
-5.43304e-9
-2.91386e-6
-1.30449e-8
7.88799e-7
-3.62288e-9
2.97508e-8
-1.49506e-10
-3.28849e-9
-5.46905e-10
-2.23976e-9
1.77353e-8
1.63075e-5
-1.35856e-5
-5.61828e-7
-2.18414e-6
-3.96908e-9
1.6688e-9
1.1491e-8
-2.13837e-8
-5.15445e-5
0.000149395
-0.000385429
-4.80012e-9
6.46656e-9
-1.12339e-8
-0.000231295
0.000201117
-0.00317907
6.21054e-9
6.12238e-9
-1.33805e-8
0.000774259
-0.00683533
-0.0357293
4.09836e-8
3.78186e-8
-8.40841e-9
0.0713601
0.383805
-0.451531
0.418175
-0.440815
-2.41784e-9
-5.18854e-8
-7.82153e-8
-2.90856e-7
9.49072e-7
0.0696448
0.149955
-0.172445
0.152188
-0.131906
5.52376e-7
-2.21922e-6
2.53352e-5
-2.14794e-6
-1.07194e-6
0.0159413
0.00246435
-0.0121149
0.00375874
-0.00131203
0.000540984
0.0057851
-0.000597469
0.000409723
0.0196799
-0.0139683
1.33369e-5
0.0247749
-0.0274831
-0.000318659
-2.793e-6
8.52206e-6
-9.7947e-6
-0.103374
0.0934669
-0.0270525
0.115364
1.79374e-7
1.59158e-6
0.211411
-0.174657
-0.27249
-4.81333e-7
6.39912e-8
-0.304607
0.256961
0.460431
2.16247e-7
-3.19505e-7
0.315144
-0.217487
-0.444718
-7.80472e-8
2.26559e-7
-3.54894e-7
-0.215982
0.350149
-1.34299e-7
4.64031e-7
0.0852935
1.30531e-7
2.91869e-8
-6.52759e-8
1.5233e-8
-3.03432e-7
-3.16575e-7
0.0425028
0.0886527
-0.0782286
-0.0411217
-0.0994793
-3.06115e-6
7.52466e-6
-1.06861e-5
1.06169e-5
7.56771e-6
-0.00367512
-0.00707936
0.0142864
0.00468208
0.0259874
-4.14461e-5
6.16319e-5
1.20876e-5
0.000411559
0.000484188
-0.00241424
-0.000190934
0.000403714
-1.5587e-5
0.000220807
0.000180817
-0.000489939
-0.00102222
0.0028395
-0.000802097
0.000183609
0.000231715
-0.000364575
-0.00121401
0.0052307
-0.00412541
0.000153598
0.000579638
-0.000566524
0.00472531
-0.00169397
-0.000958752
-0.0182742
0.01097
-0.000780975
-0.00461232
0.00364025
-0.0013497
0.00204088
-0.00984365
0.0124202
-0.0326006
0.157728
-0.134294
0.0225229
0.0242541
-0.0268272
0.00998855
-0.0122793
-0.48871
0.466382
-0.331691
0.653627
-0.100474
0.129265
-0.193537
0.138295
0.166702
-0.132718
-0.167438
0.0937505
0.0860154
-0.0534868
0.0460705
-0.0981188
0.028256
0.0766772
-0.0104251
-0.043477
-1.12599e-8
1.38379e-7
2.18305e-8
-3.09476e-9
-4.4274e-8
1.33528e-9
4.33683e-8
5.07353e-8
-8.41476e-9
4.32296e-9
-6.57866e-10
8.06147e-8
-1.17756e-8
-7.30423e-8
9.11667e-9
1.34977e-8
1.81967e-9
-8.19796e-10
4.49857e-9
-1.42505e-9
1.41627e-9
4.98899e-10
8.52343e-11
-6.11803e-6
5.3339e-7
3.54663e-6
1.9275e-7
-5.42194e-7
-2.20278e-10
-2.62495e-10
-9.50833e-10
1.90735e-10
-3.7738e-9
2.23669e-5
4.80162e-5
-6.26699e-6
1.08301e-5
1.01169e-9
1.06679e-9
-1.64697e-9
4.18529e-9
-8.70112e-5
0.000467175
0.000883947
-1.4062e-8
-1.68766e-8
-1.45386e-8
-0.00349628
0.0111876
0.00296677
-9.59538e-9
5.20349e-8
-2.2827e-7
-0.0551265
0.182114
-0.346023
0.330642
-0.439838
6.32103e-7
5.28208e-7
2.61644e-7
-1.00384e-6
3.19453e-7
0.0429333
0.113597
-0.171521
0.151201
-0.171491
-1.66226e-6
2.98251e-6
8.7389e-6
4.11563e-6
-4.93876e-5
0.0203559
0.00241324
-0.00892433
0.00334405
-0.00238641
-0.000398291
0.000423023
-0.00209118
0.00110082
-0.000814552
0.00146218
-0.00410217
0.000308669
0.0106581
-0.000333558
-5.45365e-5
0.000143528
-3.42103e-5
-0.0608344
-1.79156e-7
7.02652e-7
-1.31804e-7
8.47412e-8
-2.69106e-8
3.12565e-8
-3.82797e-8
1.27849e-9
-1.25409e-9
-0.0140325
-0.133801
0.107868
-0.0430769
0.226504
0.00415328
1.56319e-8
0.083119
-4.42685e-8
-2.41688e-8
-2.25915e-7
8.51353e-7
-2.89232e-7
0.0176135
0.0289431
-0.0614249
-0.0235637
-0.0646728
-1.0129e-6
-2.19815e-6
-2.23723e-5
1.25077e-5
2.44247e-5
-0.0022002
0.000598717
0.00584304
0.00196097
0.0067451
-0.000105201
0.000187382
-6.5682e-6
0.000316378
-0.000294348
-6.3543e-5
-0.00060908
0.00154175
-0.000332883
0.000266305
-7.39679e-5
5.66499e-6
-0.00449302
0.010819
-0.00920727
0.00043359
-5.65393e-6
-6.85055e-5
0.00687146
-0.0136944
0.0183355
-0.0673731
0.0604111
-0.00214814
-0.00183266
0.00135778
-0.000200913
0.000322873
-0.0519057
0.0670447
-0.0999669
0.28343
-0.199429
0.0136736
0.025369
-0.0196364
0.00480065
-0.00841412
0.292836
-0.290613
-0.103533
0.124246
-0.0865397
0.104274
-0.131462
0.0517313
0.152409
-0.183525
0.143702
-0.158808
-0.0583008
0.0743641
0.108773
-0.12552
0.129937
-0.115492
-3.35269e-9
-1.20515e-8
-2.25274e-8
-9.61307e-9
-1.3727e-8
-4.49438e-8
3.56624e-9
-7.96742e-9
1.47917e-8
1.01605e-8
8.4618e-9
-3.82771e-10
-6.86932e-10
1.90613e-9
-2.42741e-10
1.90815e-6
-1.05949e-8
-3.02073e-7
5.72523e-9
4.26804e-8
2.12265e-7
-3.74477e-9
1.83409e-9
-2.39035e-9
1.08523e-9
-1.82064e-10
1.96413e-9
-6.42161e-5
-4.93981e-6
1.37177e-5
-7.3998e-8
-3.15766e-7
-6.15439e-9
5.06899e-9
-5.12636e-9
-2.61155e-9
-1.09651e-9
0.00019265
-0.00049
0.0015443
9.50922e-6
-4.05092e-5
8.12738e-8
-5.53888e-8
-1.36233e-10
1.01913e-7
-0.00443939
0.0132347
-4.11109e-7
-9.90036e-8
2.20122e-7
-0.0304189
0.0679488
-0.228552
-6.41279e-7
-3.19369e-6
-2.15902e-6
-5.09897e-8
1.03254e-5
-0.0296904
0.0346711
-0.0945464
0.0746411
-0.130577
-1.05946e-5
-6.73815e-5
2.05582e-6
-3.79241e-5
3.89214e-5
-0.0105672
0.00537133
-0.0119009
0.00365836
-0.00231348
-0.00041352
-0.000203603
-0.00124637
0.000969792
-0.000569437
0.00142265
-0.00226504
0.00321062
-0.00295656
7.50939e-5
-5.61778e-5
0.000170808
-4.26453e-5
2.28741e-5
0.210197
-0.36054
-0.00222472
-0.104241
-4.16525e-7
-3.191e-6
-0.00646323
0.0982211
9.27488e-7
1.66961e-7
0.0924604
-0.188136
-1.91063e-7
-0.11995
1.02825e-7
-3.69599e-8
2.86285e-8
1.03447e-8
-1.18152e-7
-2.70782e-8
0.00892021
-0.0039243
0.0291178
-0.0418156
0.0424967
0.0467608
2.98104e-7
0.0396613
-1.01531e-6
1.75842e-6
3.56152e-7
3.6417e-7
-7.5613e-7
0.00487132
0.00198273
-0.0173211
-0.00456657
-0.017588
4.56931e-6
-1.10647e-5
3.36976e-6
4.51644e-5
-8.16293e-5
-0.000420663
0.000962212
0.000631481
0.000138885
-8.40758e-5
0.000306274
-0.000820729
2.22939e-5
-5.536e-5
7.06192e-5
0.00196731
-0.0034818
0.00012048
-3.34019e-6
-6.85317e-6
0.0014231
-0.0311666
0.0807542
-0.166038
0.0947879
-0.00175831
0.000183442
-9.37954e-5
6.24349e-5
-0.000323959
-0.105668
0.213253
-0.40417
0.653477
-0.431591
0.0146956
0.00581583
-0.00201741
0.000153255
0.000941571
0.441528
-0.286209
-0.257293
0.191056
-0.153494
0.0363755
-0.0368691
0.0893897
0.128916
-0.128636
0.112678
-0.130716
-0.0297366
0.0417352
-0.012537
-0.0490711
-0.00453452
0.0610272
0.0416665
-0.0905339
-0.0871777
0.0482427
-4.87517e-8
-1.55767e-8
-1.2246e-8
-2.54253e-9
3.33148e-7
-4.03281e-7
1.3979e-7
-2.86446e-7
3.76704e-7
5.34188e-8
2.9918e-8
1.85658e-8
-7.96969e-10
-1.41607e-10
1.36648e-8
-1.42937e-9
2.46153e-6
-1.00818e-6
1.5921e-6
-2.8353e-6
5.8795e-7
-8.05927e-8
5.93325e-8
1.81161e-8
-1.07359e-8
-2.50541e-9
2.77364e-8
6.90045e-5
-0.000251891
-5.58737e-6
6.98262e-6
-7.20723e-6
3.9456e-8
-4.17998e-8
-4.39512e-8
1.33157e-7
-9.78561e-8
0.000597893
-0.00114029
2.23959e-5
-7.20889e-6
-3.69729e-7
2.94156e-8
9.29201e-7
1.3594e-6
0.000757153
0.00346837
-9.16187e-5
0.00051714
-1.5504e-6
-2.71598e-6
5.33783e-7
7.01142e-6
-0.00155067
0.00338643
6.26589e-6
-1.97779e-5
-3.3273e-5
-1.94141e-5
0.002
-0.0202458
0.000206079
0.000100108
0.000204258
-0.000365969
0.00323371
-0.000383568
0.000908881
-0.00094952
-0.00121467
0.000784161
-0.00796188
0.000554351
0.00224585
0.000278346
0.000290843
-0.013588
-0.00216634
-7.29766e-5
0.043148
4.94616e-6
8.4511e-6
1.50979e-5
0.545369
-0.506435
0.183964
-0.289683
-4.57025e-6
-1.41898e-6
0.105322
-0.0636302
8.15863e-7
-1.16697e-7
-0.0209724
-0.017724
-3.23031e-8
-0.0107765
-3.04967e-8
6.62465e-8
3.69807e-7
-1.08829e-6
2.41141e-7
0.00771575
0.00322075
-0.00541395
-0.0197307
-0.00627313
0.0225787
1.24442e-6
0.00906295
-4.51837e-6
-4.10468e-6
1.04909e-5
1.19909e-5
0.00105491
-0.00169763
-0.00149014
-0.000198926
-0.00208046
-6.97529e-5
6.37292e-5
0.000298461
-0.000253314
6.49353e-7
2.84904e-5
-8.19469e-5
0.000187308
-0.00112632
0.00087611
0.00380552
-0.00293388
1.60969e-5
-4.23611e-6
3.79699e-6
-2.03512e-5
-0.0115153
0.00904423
0.0312022
-0.0259756
4.46076e-6
2.20386e-5
-3.49923e-5
-6.33289e-5
-0.076083
0.157081
-5.23084e-5
1.44416e-5
-3.2045e-5
-0.269875
0.240345
0.407879
-0.55945
0.00392169
0.00015151
-8.87459e-5
-0.000185633
0.000365862
0.565695
-0.594034
-0.390421
0.424525
0.139876
-0.0165797
0.0438324
0.149388
-0.279337
0.175431
-0.138767
-0.0163556
0.0228725
-0.03647
0.0414551
0.0123184
-0.0200552
0.0556948
-0.0309394
-0.0729833
0.0595946
-2.3096e-7
-7.38883e-8
-8.11275e-8
-1.27462e-8
1.22651e-6
-3.12234e-6
-2.12514e-6
4.2201e-7
2.58288e-7
1.82607e-7
1.84443e-7
-1.01076e-7
-6.25415e-8
2.23785e-7
2.21593e-8
5.89873e-6
8.45349e-7
1.36219e-5
6.12069e-6
-1.03755e-5
1.65645e-6
4.40969e-7
-9.57092e-7
-3.90539e-7
-5.86827e-7
-3.13773e-7
4.81471e-7
-3.32296e-7
-3.3039e-7
3.00535e-7
-1.67459e-8
3.33736e-9
-6.89673e-6
-2.2917e-5
-3.31566e-5
-3.06892e-5
1.79024e-5
2.203e-7
-1.77828e-6
-1.9054e-7
5.45625e-8
4.1409e-7
3.81296e-5
-0.00012053
5.42234e-5
3.11556e-5
-9.09511e-7
9.36833e-7
2.79933e-6
9.34351e-6
0.000189404
-0.000190321
5.02361e-5
3.1798e-5
-2.91901e-6
-1.01326e-5
-1.78624e-5
6.22262e-6
-0.000344756
-0.000539749
3.3047e-5
8.72847e-5
0.0001327
-0.000245335
-0.000534628
-0.000773093
4.38916e-6
0.000196549
-0.00043497
0.00170044
-0.00199853
0.00313277
-0.00463529
-0.000435478
0.000119446
5.87813e-5
0.0108141
0.0202239
6.57158e-5
-2.33807e-5
-6.93899e-5
-0.0235325
0.0170712
-0.0628644
0.0483241
1.49633e-5
2.1589e-5
-0.0842564
0.243973
2.17562e-6
-6.37695e-6
-2.78232e-6
0.0250531
-0.0115574
0.163188
1.02993e-6
1.21175e-6
7.55252e-8
-0.0122768
0.0183227
-0.0678277
-3.64786e-7
-3.46465e-7
2.48652e-7
0.00399822
-0.0105443
0.0258359
-3.75723e-7
-2.07215e-7
-0.000684908
0.00204493
9.29717e-7
-3.05036e-7
0.00757318
-0.0115433
-3.11366e-6
3.03405e-6
-0.004336
0.0138684
-6.75511e-6
1.34722e-5
1.84525e-5
-3.1992e-5
-4.34786e-5
-3.70443e-5
-0.00112705
0.00103666
0.000688638
0.000718313
0.00113589
-0.00108306
8.41057e-5
0.00022388
-0.000298671
-0.000731415
0.00104978
9.82246e-5
-8.11319e-5
-2.67289e-5
-0.000289446
0.00228833
-0.00337924
-0.00648845
0.0097831
0.000212766
8.79104e-5
-3.87872e-5
-0.000282777
0.0166034
-0.0254157
-0.0382605
0.0589209
8.99589e-5
0.000200328
-3.66988e-5
-0.000989777
0.0776015
-0.120812
-0.141746
0.216797
-6.41982e-5
7.80614e-5
3.70012e-5
-0.000298507
0.228978
-0.329849
-0.275402
0.417297
0.269581
-0.421147
0.014738
-0.00326672
-0.00177308
0.00297995
-0.000668462
0.00113281
-0.213438
0.305904
0.124519
-0.134497
-0.0732798
0.0487782
-0.00537531
0.064178
-0.0332986
0.00611245
-0.0738506
0.0466764
-0.0334184
0.104582
-0.067468
0.0205814
-0.189182
0.276095
0.00353275
-0.0724038
-1.28861e-5
4.18793e-5
2.8141e-6
1.35604e-6
1.18158e-6
1.74483e-6
1.4132e-7
-1.14837e-6
9.1857e-7
0.000173603
0.00011187
-0.000119801
1.79748e-6
2.58457e-5
-0.000113017
-7.8383e-6
-1.21963e-6
-5.15859e-6
-3.8617e-6
1.91198e-6
1.77436e-6
-2.82375e-6
3.43662e-6
8.43878e-7
-0.000228417
-0.000204942
0.000338657
-0.000411673
0.000427368
-2.3081e-6
1.69624e-5
-3.95184e-6
-3.93782e-6
-4.25285e-7
-0.000201413
-0.000193626
0.00101538
0.000957149
-3.4145e-6
1.36078e-5
2.48059e-5
6.28769e-5
-0.000220853
-0.000226731
0.00098128
0.00094427
-9.57886e-5
8.86349e-5
0.000280307
0.000752651
9.29435e-5
5.11928e-5
0.001145
0.000307977
-0.000725643
0.000294997
0.00141577
0.00493174
-0.000272624
0.000253194
-5.77349e-5
-0.00384609
0.00124233
-0.00949212
0.00626019
-1.13167e-5
-1.55847e-5
-0.000116607
-0.00825284
-0.0289913
4.79826e-5
4.00095e-7
1.13035e-7
0.0134224
-0.0029335
0.0357816
-0.0129192
-2.48022e-6
1.93484e-6
0.00207798
-0.0138399
-1.89884e-6
-3.3063e-8
0.00403706
0.00434569
-1.24846e-6
8.13293e-7
-0.00604021
0.000790394
-2.59575e-6
6.26956e-7
0.00397584
-0.00102869
-4.03856e-7
-1.54427e-6
-0.00153033
-0.00240648
5.39109e-6
-2.00913e-6
-2.46866e-5
6.17112e-6
4.05315e-5
9.0885e-5
0.0011081
-0.000646101
-0.000507767
-0.0015854
0.0041317
0.00162376
-0.000201756
-8.72279e-5
0.000423276
0.000567055
-0.00128999
0.00157382
0.00033883
-0.000250686
0.00221634
-0.00160275
0.00361921
0.00386486
-0.00913527
0.00348987
0.000808062
-0.000520206
-0.00487105
-0.00902651
0.0211235
0.0184106
-0.0439988
0.000777425
0.00338221
-0.00048076
-0.0197999
-0.0376141
0.0733804
0.061945
-0.148624
0.000341712
0.00160057
-0.000190993
-0.00488923
-0.0830798
0.172972
0.0952096
-0.151227
-0.0676542
0.134284
-0.000981321
-0.0051877
-0.00256054
0.00228576
0.00190122
-0.000764353
0.0991772
-0.109168
-0.108673
0.0917527
0.11007
-0.0893224
-0.103253
0.089673
0.0905494
-0.0854865
-0.06623
0.102517
7.51575e-6
2.4134e-5
-5.15239e-6
2.46916e-5
8.18888e-7
-6.22005e-6
0.000416747
-0.0011648
-0.000315207
-0.000251023
7.19758e-5
-4.70318e-5
-5.9745e-5
1.50031e-5
3.30819e-6
-4.53156e-5
3.68609e-5
-0.00364355
-0.003959
0.00467666
0.000556092
-0.00115391
0.00417745
0.00035407
-0.000328648
0.00035153
5.17945e-5
-4.42645e-5
-7.06305e-6
0.000113038
-9.05107e-5
-3.32984e-5
-0.00477412
-0.00425418
-0.0139823
0.0174745
-0.0246802
0.000186684
-0.000586421
4.16397e-5
-5.21827e-5
-0.000160045
-0.00459984
-0.00366771
0.0241631
-0.0248765
-9.31658e-5
0.000368902
0.000242951
-0.00012067
-0.000233794
0.018175
-0.0145169
0.00467245
-0.00161094
0.00205769
-0.000356515
0.00323809
-0.000785834
-0.00114886
0.000452666
0.00470816
-0.0046298
-0.00302711
-1.69179e-5
-0.00124022
0.000364363
-0.000172032
0.0128183
-0.0127774
0.0123227
-0.0211922
-0.000990802
2.1586e-5
0.000187928
4.02769e-5
0.0263119
-0.0180119
0.00846989
-5.53716e-6
-0.000170789
-1.96506e-5
-0.030821
0.0206868
-0.0122005
1.10795e-5
0.000169688
-2.96841e-5
0.035083
-0.0197359
0.0122879
4.12773e-6
3.61294e-5
-4.80785e-6
-0.0152499
0.0110788
-0.00898616
1.35371e-5
8.25405e-6
-0.000306101
-0.00241616
-3.03249e-5
-0.00315766
-2.6044e-5
-0.000134896
0.000188469
-3.90221e-5
-0.00046164
-0.000286194
-0.0338927
0.017031
-0.00102937
0.0360505
0.00372596
-0.00515725
0.000675285
0.0014087
-0.00134274
-0.00331328
0.00455783
0.0625196
-0.00971371
-0.0048117
-0.119869
0.0073002
-0.00824383
-0.0128468
0.021355
-0.00921886
0.0615325
-0.00456374
-0.258395
0.0243445
-0.0364821
0.0253476
-0.0523738
0.0476901
0.0804113
-0.102016
0.0063567
-0.0328794
0.000173668
0.196843
-0.119358
0.0353591
-0.00538133
-0.136559
0.144989
-0.107759
0.183062
-0.159661
0.129117
-0.205023
0.170718
-0.133394
0.308413
-0.177834
0.118791
-0.101867
0.0742139
-0.0704824
0.0474309
-0.0279051
0.0316211
-0.00242582
-0.000346659
0.00111602
-0.00155584
0.000481149
-8.24657e-5
0.02709
-0.012591
0.0011128
0.0128491
0.0103716
-0.00255234
0.00393883
-0.00121423
0.00249126
0.000419669
-0.000215662
0.0586564
0.00615011
0.0479381
-0.0748892
-0.0251035
0.0203556
-0.0240055
0.0132054
-0.00609632
-0.00418288
0.00405199
-0.00545539
-0.000877997
0.000972222
-0.00111561
0.0276844
0.031021
0.0306366
-0.0767937
0.0490656
-0.0701033
0.0510033
0.00878302
-0.0205261
0.0043706
-0.0023352
-0.000882337
0.00183342
-0.0036955
0.0515389
0.00624934
-0.0140019
-0.0770014
0.0532679
-0.000989963
0.0127011
0.00121064
-0.00345196
0.00766667
-0.00162772
0.0124962
-0.0761273
0.0548943
-0.0249429
-0.00214588
0.0121042
0.00613956
-0.000664538
-0.0162494
0.0216082
0.00715451
0.000562298
-0.00010861
0.00764348
0.0102178
0.0357109
-0.0317826
0.000542891
-0.013142
0.0112616
-0.00129505
-0.0342303
0.0176278
-0.0549253
0.0437915
0.0389531
-0.000776517
-0.00358936
0.00207517
-0.0494089
0.0725328
-0.0632804
0.000175115
-0.00223309
-0.0012277
0.0213555
-0.000448762
0.0116482
0.00176884
0.00122476
-0.0142616
0.00841495
-0.00291847
0.00883026
0.0174301
-0.0685536
0.0538712
0.0251986
0.118636
-0.0745341
-8.49803e-5
0.00167667
-0.398554
0.198074
-4.38557e-5
-0.0272971
0.00120375
-0.00195636
0.0256921
-0.0151609
-0.207659
-0.20357
0.694025
-0.619477
0.0625086
0.244494
0.00619442
-0.0612718
0.0267974
-0.0206935
0.0680914
-0.0790371
-0.177763
-0.208794
0.682663
-0.401408
0.181437
0.244723
0.0621525
-0.111534
0.118871
-0.085062
0.152584
-0.117309
0.122039
-0.200245
0.241718
0.0707054
-0.0401658
-0.0647216
0.00436034
0.0865606
-0.0252348
0.0928573
0.0983534
-0.0673255
-0.212716
0.309992
-0.264899
0.291432
-0.255655
0.272896
-0.361904
-0.0193232
0.0185134
-0.0216332
-0.0106073
0.0325286
-0.0389404
0.0461071
-0.0273279
-0.0164084
-0.00457315
0.031577
-0.0593297
0.0792718
-0.0886583
0.062426
-0.0310606
-0.0265231
-0.00121012
0.0277935
-0.0616729
0.0974366
-0.12241
0.122472
-0.0961435
0.0495463
-0.0158773
-0.00390922
0.0223761
-0.0532274
0.092752
-0.129186
0.146289
-0.134442
0.0961838
-0.0496029
0.00807449
-0.0114777
0.0199806
-0.0409631
0.0753436
-0.112623
0.137379
-0.137909
0.114225
-0.0772531
0.0393785
-0.00380754
-0.0318213
-0.0251877
0.0542056
-0.0887852
0.114025
-0.118542
0.100581
-0.0719263
0.0446137
-0.0210534
5.66604e-5
0.0330421
-0.065097
0.0919627
-0.101996
0.0863621
-0.0529858
0.025051
-0.0170816
0.0189624
-0.034656
0.057098
-0.0904502
0.088867
-0.0633699
0.0134096
0.0188641
-0.00209525
-0.00706762
0.0808666
-0.0931205
0.0738878
0.0062977
-0.0701377
0.010761
-0.118249
0.0344995
